1592
12
800
322
72
196
456
27
83
261
47
150
218
119
224
698
305
169
703
435
101
274
87
135
92
343
380
12
262
30
278
113
5
1312
156
171
515
133
256
277
102
387
129
533
276
713
1320
444
50
327
67
474
170
89
157
650
57
319
429
185
537
70
118
225
1224
104
215
0
95
76
582
212
201
100
249
34
64
989
254
684
547
62
49
452
138
38
8
705
177
16
146
65
402
231
241
1
541
791
9
403
672
121
202
356
287
501
136
128
798
819
405
273
390
203
404
638
592
74
73
660
71
518
337
340
33
21
335
187
93
60
26
48
913
195
897
386
182
167
219
505
357
281
44
538
385
11
24
227
7
107
397
66
333
142
449
754
634
299
497
925
332
35
140
271
55
600
108
953
79
751
725
618
36
510
247
744
378
577
6
973
164
68
144
374
293
85
192
664
303
149
616
159
115
525
173
870
461
147
90
570
80
205
393
289
110
455
88
763
105
181
655
158
132
42
52
408
175
680
111
106
640
486
653
148
373
410
709
434
997
1078
22
145
364
234
602
665
606
825
253
1044
103
1215
239
495
906
1020
409
920
282
344
272
342
459
513
371
860
527
325
530
130
1112
605
1140
552
835
396
535
206
1337
524
810
683
886
313
574
629
681
508
580
389
270
696
338
323
383
236
976
151
631
661
360
1049
485
339
938
2
624
359
186
770
450
1065
59
607
69
566
1486
18
394
1031
857
493
489
54
523
823
887
37
178
882
40
834
471
426
306
562
97
849
242
1103
127
295
641
1406
632
134
644
355
285
123
528
756
208
1246
480
900
659
1076
576
304
587
567
176
777
473
425
391
420
948
692
82
23
771
604
494
609
372
448
230
1141
500
399
685
788
31
1256
822
184
667
614
29
499
345
711
1093
520
112
1388
880
1009
56
346
243
194
300
392
697
122
1351
488
370
160
952
220
13
1165
879
891
469
936
828
296
1077
379
174
223
328
99
586
1245
191
1094
990
1314
216
908
623
710
779
972
1321
445
457
1115
719
682
889
347
481
1052
572
859
575
596
78
39
291
263
418
126
454
238
630
131
45
367
693
193
654
411
590
553
1380
384
75
686
255
314
28
804
1317
197
210
288
617
1155
496
837
63
316
540
563
267
283
862
246
143
1259
58
546
498
381
183
251
478
294
382
783
1110
421
1480
152
125
124
400
43
915
1041
1152
188
221
747
1308
264
179
730
1196
503
237
428
894
1176
460
841
375
416
1262
235
479
645
940
257
266
735
1192
286
162
847
960
543
312
1074
1540
1124
259
1132
213
824
1043
155
161
1485
526
809
812
109
565
1082
10
116
687
851
482
550
228
244
204
165
1010
803
1139
472
198
832
430
439
424
368
838
331
292
957
555
309
1437
1175
642
466
260
626
628
899
153
1304
1195
258
970
137
781
1451
1525
365
438
689
861
350
678
475
1002
695
816
189
302
4
1101
1012
1149
813
91
1219
1135
564
511
548
51
961
729
1120
963
284
775
1281
413
556
815
214
1193
1254
172
334
417
265
398
290
1242
981
1197
675
1418
951
1119
32
594
560
217
476
669
362
268
911
308
352
939
326
996
1180
1114
708
168
229
1005
1035
1204
1057
1154
1390
986
772
330
84
944
269
166
759
96
61
245
120
1018
622
1449
1220
477
621
1345
778
863
534
226
679
15
19
1189
733
1107
1113
869
969
728
643
613
1070
1272
1322
842
852
1022
864
1241
1117
748
561
888
714
433
830
752
817
491
1384
321
975
1042
843
718
1356
280
463
734
1001
608
571
1073
1264
1185
209
1479
919
467
854
1299
795
1335
1419
431
545
611
636
512
1004
1420
1015
462
875
1184
578
663
531
395
468
668
845
826
363
1432
549
1127
591
844
1521
699
649
867
207
750
514
1358
1025
366
222
412
406
865
423
907
516
1309
1257
297
317
792
77
369
785
760
1457
492
802
558
1248
1188
796
581
1338
704
1355
1379
377
1424
232
701
1460
1523
1130
743
671
419
635
3
965
738
1183
878
651
700
539
1329
1198
1258
732
1163
507
559
904
773
1067
946
1410
762
966
603
1297
532
652
1504
1330
757
551
248
1027
275
1148
1332
1453
749
896
677
985
1325
1422
876
1019
717
361
1391
856
673
1104
776
25
1199
94
348
1100
250
354
731
872
846
633
688
1170
1108
720
881
1143
1090
916
820
702
1572
199
1244
988
163
1118
1086
1590
233
1179
544
780
542
805
1136
978
1003
922
979
808
1459
707
1237
898
1099
1305
1098
1360
1585
86
1239
801
599
464
998
971
1594
774
994
1045
1400
569
1016
674
739
648
789
1318
676
836
1268
307
921
1134
1033
1534
1581
1171
529
14
114
1007
1111
1382
1491
910
1402
1577
1063
341
1106
1064
1365
933
1233
840
1203
1333
1263
1225
1597
200
557
487
1463
1286
716
758
982
432
619
765
504
536
853
1373
1293
401
932
1500
20
1456
490
1378
358
522
745
376
657
1006
992
484
1474
1137
987
1079
589
1227
746
1279
909
1051
1228
848
821
1501
46
315
442
1454
336
1381
827
1411
1524
53
901
190
1393
995
794
1307
1483
1519
1518
782
1438
1032
1235
318
427
1291
1339
407
724
1290
1121
1024
1131
1181
1030
139
877
1353
440
1444
1302
415
736
1217
884
453
883
727
1478
858
1208
949
1270
786
81
1222
1050
1564
912
885
955
1344
694
483
1231
1442
753
446
1153
1205
1151
942
1546
388
627
436
1266
1084
1569
1301
1075
1200
1446
1494
1316
1008
1517
931
1346
1210
893
831
1092
1473
637
1157
1186
1477
1284
1392
1232
1503
943
329
1147
1294
1547
1357
903
458
1252
1048
1269
1303
349
1334
1421
1216
1567
1506
871
950
868
806
1490
917
974
1105
993
892
1319
1047
98
465
579
1095
866
1122
1401
1298
1404
839
1046
769
573
1372
1538
1146
1439
1255
977
797
1011
422
1405
1561
1036
1511
1531
298
1194
593
1172
1177
1173
662
141
715
1212
1166
1370
1566
451
1565
502
923
1037
1487
1386
1413
1425
1579
554
1059
945
991
1116
742
929
927
818
595
1326
706
1088
519
1429
761
1435
1174
252
1080
584
1498
1549
764
890
956
1261
1276
1427
1313
874
1354
1445
1397
902
1071
1162
1347
833
1190
1598
1448
829
959
1058
1271
568
601
1426
1223
324
1513
1574
1097
1430
1516
962
1164
517
1580
598
1323
1062
1396
1530
240
610
1021
767
1341
1054
1352
506
967
1466
947
1280
1359
1452
1467
1340
1578
1508
1288
741
1133
1369
937
855
1394
1283
1055
1142
1544
1202
1443
470
926
1462
784
964
1522
1085
1484
740
1495
1550
1482
670
1247
612
984
1529
1249
980
1455
1374
1539
1026
1366
1221
924
1583
1563
1349
1398
1129
1492
1295
690
1562
1507
1289
1461
1450
1497
1362
799
588
1532
1434
1226
1367
1250
721
1213
1159
1331
154
1464
1029
1306
1573
351
1526
1109
1251
1465
787
1273
117
1541
1576
1441
722
211
723
1596
1182
1409
1168
1515
1158
1469
691
1277
1376
1407
1191
1552
1471
656
1556
1399
625
1234
1038
1559
441
1060
1327
17
1509
1275
1267
1599
766
1371
620
597
811
1336
301
1389
1496
1013
1238
1368
983
1403
1592
1476
1586
1377
1571
737
1584
509
968
1440
1145
1229
1207
1570
1415
1575
807
1527
1138
1160
1034
1428
1230
1296
1292
437
583
1588
1348
1040
1408
615
1560
1436
1593
1417
1240
793
1528
954
310
1537
918
1493
1557
1000
1328
1553
1568
1087
1416
1542
1510
666
521
1072
1472
1023
1282
1555
1209
1595
712
1028
1315
1274
585
1554
1150
1499
999
1187
1069
1551
1514
1260
1488
1364
941
1423
1300
1383
873
647
1096
1489
1169
1350
1278
755
1387
934
1363
1053
1061
914
1548
1091
1475
1361
1089
1481
1310
768
1589
1324
1128
1265
1536
658
1412
1211
1545
1206
1458
1582
1447
279
1433
1161
1431
1414
1014
1123
1102
1167
1201
1470
1125
1543
895
1512
1214
1081
1126
790
311
930
814
1017
1502
1311
850
928
1342
1156
1558
1520
1253
1068
1178
1218
1285
1385
1144
1587
1535
1243
1343
1056
447
1591
443
1083
726
905
935
1505
639
1039
1066
1395
1375
1468
646
1236
15 19 [0]
11 24 [0]
8 38 [0]
21 33 [0]
26 48 [0]
38 42 [5]
26 60 [0]
42 52 [0]
0 95 [0]
34 64 [0]
23 82 [0]
27 83 [0]
49 62 [0]
7 107 [0]
39 78 [0]
5 113 [0]
10 116 [0]
14 114 [0]
73 74 [0]
60 93 [0]
61 96 [0]
16 146 [0]
60 99 [4]
22 145 [0]
76 95 [0]
42 132 [0]
35 140 [0]
38 138 [0]
45 131 [0]
70 118 [0]
16 177 [0]
7 183 [3]
47 150 [0]
65 146 [0]
68 144 [0]
0 215 [0]
37 178 [0]
106 111 [0]
38 175 [5]
87 135 [0]
92 135 [0]
16 208 [4]
68 164 [0]
13 220 [0]
7 227 [0]
96 135 [4]
90 147 [0]
1 241 [0]
89 157 [0]
4 241 [3]
124 125 [0]
24 227 [0]
89 170 [0]
128 136 [0]
72 196 [0]
12 262 [0]
115 159 [0]
26 246 [4]
85 192 [0]
125 152 [0]
93 187 [0]
34 249 [0]
80 205 [0]
137 147 [3]
132 158 [0]
30 262 [0]
12 279 [2]
100 201 [0]
4 302 [0]
61 245 [0]
30 278 [0]
47 261 [0]
27 273 [8]
38 268 [3]
155 161 [0]
104 215 [0]
24 291 [4]
132 184 [3]
121 202 [0]
44 281 [0]
79 241 [5]
55 271 [0]
113 211 [2]
156 171 [0]
39 291 [0]
119 218 [0]
15 321 [1]
47 286 [5]
28 314 [0]
118 225 [0]
119 224 [0]
83 261 [0]
100 249 [0]
167 182 [0]
21 335 [0]
46 315 [0]
87 274 [0]
111 248 [2]
120 245 [0]
35 332 [0]
150 218 [0]
165 204 [0]
33 340 [0]
95 273 [6]
101 274 [0]
57 319 [0]
50 327 [0]
85 293 [0]
63 316 [0]
102 277 [0]
62 318 [3]
167 219 [0]
133 256 [0]
143 246 [0]
100 286 [4]
113 278 [0]
12 380 [0]
89 301 [2]
67 327 [0]
72 322 [0]
11 385 [0]
168 229 [0]
174 223 [0]
66 333 [0]
110 289 [0]
156 239 [6]
56 346 [0]
93 308 [3]
183 220 [2]
197 210 [0]
123 285 [0]
188 221 [0]
140 271 [0]
9 403 [0]
18 394 [0]
45 367 [0]
201 212 [0]
84 330 [0]
87 325 [6]
131 285 [3]
133 282 [6]
127 295 [0]
60 357 [6]
72 348 [5]
101 321 [4]
99 328 [0]
72 350 [6]
11 417 [3]
183 251 [0]
92 343 [0]
166 269 [0]
194 243 [0]
94 348 [0]
43 400 [0]
179 264 [0]
80 359 [4]
77 369 [0]
162 286 [0]
204 244 [0]
187 259 [3]
149 303 [0]
136 315 [2]
186 262 [5]
159 292 [3]
223 227 [4]
158 296 [3]
75 384 [0]
184 271 [4]
52 408 [0]
216 241 [4]
66 397 [0]
113 351 [2]
70 392 [4]
134 327 [5]
65 402 [0]
46 422 [1]
228 244 [0]
231 241 [0]
57 412 [3]
169 305 [0]
142 333 [0]
27 456 [0]
52 431 [2]
85 396 [4]
9 476 [3]
102 387 [0]
189 302 [0]
197 293 [3]
50 444 [0]
194 300 [0]
30 461 [6]
210 288 [0]
57 439 [4]
49 452 [0]
107 397 [0]
172 334 [0]
145 364 [0]
33 476 [3]
164 345 [4]
11 497 [5]
56 458 [1]
136 375 [4]
129 387 [0]
144 374 [0]
87 426 [5]
0 516 [3]
148 373 [0]
187 335 [0]
257 266 [0]
124 400 [0]
18 507 [2]
29 499 [0]
160 370 [0]
256 277 [0]
30 502 [3]
101 435 [0]
164 369 [3]
151 380 [5]
182 357 [0]
83 449 [7]
67 474 [0]
138 399 [4]
1 541 [0]
14 529 [0]
54 489 [0]
88 455 [0]
126 418 [0]
186 359 [0]
36 510 [0]
156 386 [6]
18 528 [3]
267 283 [0]
223 328 [0]
174 379 [0]
27 518 [8]
263 291 [0]
202 356 [0]
170 384 [4]
152 406 [2]
269 289 [3]
98 465 [0]
201 357 [5]
183 381 [0]
110 455 [0]
62 500 [4]
182 386 [0]
255 314 [0]
93 475 [3]
54 523 [0]
126 454 [0]
44 538 [0]
6 577 [0]
175 408 [0]
241 341 [3]
21 561 [3]
136 444 [6]
222 366 [0]
71 518 [0]
243 346 [0]
138 452 [0]
142 449 [0]
211 379 [1]
203 390 [0]
49 543 [4]
49 541 [6]
268 328 [1]
205 393 [0]
234 364 [0]
51 548 [0]
167 430 [3]
35 565 [3]
71 528 [4]
58 546 [0]
250 354 [0]
70 537 [0]
203 404 [0]
16 587 [4]
147 461 [0]
62 547 [0]
9 598 [2]
211 400 [1]
215 393 [5]
185 429 [0]
272 342 [0]
297 317 [0]
272 344 [0]
232 380 [4]
277 335 [6]
236 383 [0]
104 514 [3]
292 331 [0]
11 609 [4]
10 613 [2]
2 624 [0]
32 594 [0]
282 344 [0]
15 612 [1]
268 362 [0]
245 384 [2]
112 520 [0]
231 402 [0]
18 613 [2]
222 412 [0]
27 600 [7]
69 566 [0]
52 580 [4]
136 501 [0]
308 328 [1]
177 455 [5]
3 635 [0]
281 357 [0]
83 547 [8]
115 525 [0]
285 355 [0]
85 553 [3]
29 614 [0]
287 356 [0]
250 390 [3]
68 572 [3]
218 422 [3]
170 474 [0]
69 573 [2]
83 559 [4]
133 515 [0]
80 570 [0]
289 356 [5]
123 528 [0]
22 626 [3]
196 456 [0]
202 444 [6]
36 618 [0]
55 600 [0]
295 356 [4]
217 435 [4]
76 582 [0]
97 562 [0]
270 389 [0]
66 590 [3]
90 570 [0]
130 530 [0]
308 352 [0]
323 338 [0]
104 552 [5]
129 533 [0]
273 390 [0]
78 584 [1]
255 407 [1]
237 428 [0]
59 607 [0]
74 592 [0]
261 399 [6]
293 374 [0]
227 438 [3]
198 472 [0]
78 596 [0]
109 565 [0]
202 470 [2]
119 547 [8]
22 651 [2]
69 607 [0]
294 382 [0]
337 340 [0]
230 448 [0]
273 405 [0]
305 370 [5]
263 418 [0]
223 455 [3]
265 417 [0]
289 393 [0]
24 653 [5]
99 586 [0]
171 515 [0]
325 357 [4]
290 398 [0]
164 525 [0]
238 454 [0]
300 392 [0]
217 476 [0]
15 679 [0]
87 602 [6]
129 563 [4]
173 525 [0]
63 637 [1]
21 678 [3]
305 390 [7]
82 621 [2]
323 383 [0]
285 419 [2]
71 631 [4]
59 644 [3]
57 650 [0]
272 433 [2]
108 600 [0]
8 705 [0]
235 479 [0]
168 545 [2]
112 600 [4]
164 551 [2]
337 377 [3]
185 537 [0]
343 380 [0]
219 505 [0]
260 466 [0]
15 712 [1]
105 618 [5]
251 478 [0]
274 456 [0]
220 509 [1]
185 542 [3]
71 660 [0]
7 722 [2]
126 603 [2]
306 426 [0]
121 606 [5]
73 660 [0]
239 495 [0]
141 592 [2]
212 521 [2]
30 701 [4]
182 553 [4]
237 503 [0]
237 502 [1]
337 399 [4]
322 412 [6]
206 535 [0]
176 567 [0]
280 463 [0]
57 682 [4]
318 427 [0]
106 640 [0]
80 663 [3]
319 429 [0]
285 460 [3]
334 417 [0]
362 388 [1]
170 577 [6]
126 626 [2]
247 510 [0]
315 442 [0]
217 539 [1]
273 483 [2]
362 393 [3]
65 689 [4]
203 554 [2]
338 418 [3]
119 636 [4]
226 534 [0]
123 635 [2]
75 686 [0]
131 630 [0]
368 390 [3]
278 483 [3]
87 674 [3]
149 616 [0]
134 632 [0]
323 443 [1]
142 622 [3]
183 585 [1]
110 658 [1]
94 674 [1]
47 720 [4]
294 478 [0]
289 481 [3]
82 692 [0]
52 720 [2]
159 616 [0]
7 768 [1]
217 560 [0]
171 603 [3]
335 435 [7]
314 456 [7]
134 644 [0]
228 550 [0]
203 574 [4]
151 631 [0]
37 743 [2]
232 547 [3]
373 410 [0]
196 585 [2]
307 474 [3]
264 520 [3]
287 501 [0]
11 775 [3]
111 680 [0]
375 416 [0]
0 790 [1]
135 652 [4]
368 424 [0]
138 651 [3]
121 672 [0]
92 696 [5]
23 771 [0]
212 582 [0]
340 450 [4]
299 497 [0]
280 514 [2]
278 517 [2]
85 712 [1]
148 648 [2]
248 551 [0]
69 728 [2]
171 623 [5]
9 791 [0]
373 424 [3]
25 776 [0]
148 653 [0]
342 459 [0]
287 510 [5]
116 687 [0]
141 662 [0]
365 438 [0]
151 651 [2]
146 654 [4]
157 650 [0]
237 567 [3]
276 533 [0]
196 610 [3]
391 420 [0]
281 529 [2]
158 655 [0]
74 735 [4]
398 417 [0]
391 425 [0]
69 745 [2]
66 747 [3]
332 481 [4]
406 412 [0]
182 633 [3]
268 548 [2]
31 788 [0]
122 697 [0]
66 750 [3]
372 448 [0]
131 687 [2]
354 466 [1]
164 658 [1]
172 649 [2]
123 697 [3]
157 661 [5]
339 485 [0]
249 570 [5]
197 626 [2]
135 684 [8]
347 481 [0]
0 824 [4]
323 503 [3]
79 751 [0]
267 563 [0]
107 721 [2]
56 772 [2]
28 804 [0]
338 492 [2]
72 758 [5]
181 655 [0]
234 602 [0]
140 692 [4]
332 506 [2]
183 655 [3]
123 718 [2]
345 499 [0]
205 637 [2]
193 654 [0]
63 784 [1]
240 610 [0]
344 504 [2]
90 758 [2]
327 521 [2]
335 510 [5]
88 763 [0]
184 667 [0]
325 527 [0]
408 442 [2]
190 660 [2]
314 535 [3]
393 457 [3]
187 666 [1]
9 842 [3]
96 759 [0]
175 680 [0]
312 543 [0]
325 530 [0]
337 518 [0]
141 715 [0]
192 664 [0]
316 540 [0]
136 717 [3]
177 677 [3]
370 488 [0]
277 576 [5]
59 799 [1]
159 697 [3]
201 658 [1]
147 709 [5]
357 505 [0]
333 526 [3]
395 468 [0]
424 439 [0]
75 787 [1]
309 555 [0]
99 764 [1]
233 630 [2]
66 797 [2]
263 600 [3]
1 860 [5]
81 786 [0]
311 555 [1]
105 763 [0]
238 630 [0]
77 792 [0]
430 439 [0]
124 743 [2]
73 794 [2]
102 766 [2]
169 703 [0]
359 512 [2]
135 734 [4]
40 834 [0]
135 736 [3]
11 861 [3]
168 708 [0]
134 742 [1]
80 795 [3]
381 498 [0]
304 576 [0]
358 522 [0]
177 705 [0]
365 516 [2]
371 513 [0]
192 691 [1]
10 874 [1]
187 695 [3]
221 660 [4]
193 693 [0]
260 626 [0]
313 574 [0]
293 593 [2]
29 858 [2]
232 655 [2]
47 839 [3]
115 773 [2]
304 587 [0]
234 653 [4]
193 701 [2]
26 867 [3]
56 837 [3]
185 705 [6]
426 471 [0]
425 473 [0]
399 500 [0]
27 868 [4]
63 837 [0]
263 635 [2]
445 457 [0]
91 813 [0]
36 866 [2]
226 679 [0]
288 617 [0]
433 471 [1]
271 633 [2]
102 798 [6]
249 658 [1]
179 730 [0]
361 548 [1]
272 636 [2]
149 765 [2]
259 655 [3]
137 781 [0]
386 528 [4]
109 812 [0]
303 614 [4]
38 879 [4]
40 882 [0]
224 698 [0]
52 868 [2]
148 771 [3]
385 538 [0]
147 774 [2]
37 887 [0]
79 842 [3]
166 759 [0]
128 798 [0]
395 531 [0]
212 712 [2]
241 681 [5]
119 807 [2]
222 705 [3]
396 535 [0]
124 805 [2]
113 815 [4]
211 722 [0]
232 701 [0]
299 634 [0]
167 764 [2]
347 582 [4]
196 734 [5]
295 641 [0]
46 890 [1]
254 684 [0]
131 804 [3]
238 699 [2]
140 796 [3]
293 643 [3]
2 938 [0]
255 686 [0]
33 907 [3]
411 530 [3]
194 749 [2]
323 618 [4]
181 763 [1]
97 849 [0]
347 598 [1]
397 546 [3]
45 901 [1]
249 695 [4]
422 525 [2]
83 863 [5]
455 494 [3]
176 777 [0]
53 901 [0]
461 489 [4]
378 577 [0]
186 770 [0]
207 750 [0]
43 915 [0]
10 946 [2]
48 913 [0]
428 530 [3]
452 507 [3]
397 562 [4]
208 756 [0]
270 696 [0]
303 664 [0]
294 671 [2]
454 511 [2]
3 965 [0]
221 747 [0]
334 633 [1]
389 580 [0]
413 556 [0]
24 943 [2]
356 609 [4]
310 660 [1]
87 879 [5]
459 513 [0]
333 639 [1]
10 961 [2]
186 787 [1]
151 821 [2]
176 796 [2]
362 612 [1]
128 844 [3]
431 545 [0]
386 586 [4]
342 631 [4]
43 934 [1]
6 973 [0]
372 609 [0]
131 848 [2]
333 644 [4]
72 904 [5]
489 493 [0]
459 518 [5]
359 624 [0]
48 935 [1]
134 850 [1]
238 746 [2]
273 712 [1]
357 627 [2]
118 865 [3]
94 892 [1]
375 609 [3]
426 562 [0]
276 713 [0]
445 542 [2]
43 944 [2]
274 709 [6]
67 919 [4]
247 744 [0]
100 888 [3]
59 931 [2]
174 816 [2]
68 923 [2]
489 504 [2]
148 845 [2]
85 907 [3]
393 601 [2]
468 527 [2]
433 562 [2]
355 644 [0]
149 847 [3]
193 804 [2]
266 735 [0]
411 590 [0]
62 937 [2]
49 948 [4]
337 661 [4]
305 698 [0]
277 726 [1]
189 816 [0]
255 747 [3]
184 822 [0]
188 818 [1]
138 867 [3]
162 847 [0]
179 829 [1]
385 621 [3]
405 600 [5]
51 961 [0]
411 599 [2]
79 931 [2]
44 968 [1]
505 506 [2]
139 877 [0]
75 938 [3]
23 992 [2]
437 580 [1]
241 775 [3]
237 782 [1]
142 875 [3]
360 661 [0]
435 584 [3]
12 1008 [3]
93 929 [2]
387 632 [5]
432 592 [2]
186 837 [3]
342 680 [4]
101 922 [4]
84 944 [0]
350 678 [0]
164 861 [3]
214 815 [0]
198 832 [0]
362 669 [0]
79 953 [0]
376 657 [0]
227 803 [3]
338 696 [0]
387 646 [1]
179 854 [2]
63 971 [2]
169 862 [5]
213 824 [0]
517 518 [2]
485 551 [2]
335 700 [3]
175 860 [4]
471 568 [1]
168 871 [1]
359 679 [2]
92 944 [4]
80 959 [2]
151 888 [2]
404 638 [0]
173 870 [0]
149 891 [3]
465 579 [0]
487 557 [0]
498 546 [0]
68 974 [2]
257 787 [1]
499 543 [3]
133 906 [6]
196 844 [5]
201 843 [3]
439 610 [1]
92 955 [3]
432 619 [0]
153 899 [0]
64 989 [0]
196 853 [4]
419 635 [0]
219 833 [2]
447 607 [1]
345 711 [0]
87 965 [4]
478 579 [1]
284 775 [0]
511 548 [0]
474 583 [2]
178 882 [0]
367 693 [0]
108 953 [0]
346 715 [1]
505 553 [4]
436 627 [0]
464 599 [0]
359 702 [2]
121 938 [5]
256 804 [4]
56 1009 [0]
411 654 [0]
137 927 [1]
45 1018 [2]
60 1002 [3]
507 559 [0]
370 693 [3]
379 688 [2]
8 1062 [2]
207 867 [0]
234 837 [3]
403 672 [0]
511 564 [0]
18 1056 [1]
418 658 [1]
253 825 [0]
361 717 [0]
44 1032 [2]
123 952 [3]
23 1055 [1]
389 688 [2]
34 1041 [4]
135 940 [4]
80 1000 [1]
267 812 [2]
134 947 [1]
356 724 [2]
231 848 [3]
192 888 [3]
399 685 [0]
32 1051 [1]
280 802 [2]
354 731 [0]
325 759 [3]
6 1081 [1]
7 1079 [2]
474 612 [2]
356 729 [3]
297 792 [0]
392 697 [0]
419 671 [0]
455 631 [4]
190 901 [0]
242 849 [0]
162 928 [1]
121 968 [2]
10 1082 [0]
195 897 [0]
510 581 [3]
477 621 [0]
494 604 [0]
118 978 [3]
22 1078 [0]
287 811 [2]
330 772 [0]
39 1062 [1]
494 609 [0]
540 563 [0]
542 560 [1]
4 1101 [0]
350 755 [1]
215 886 [5]
501 600 [5]
137 970 [0]
195 913 [0]
246 862 [0]
466 642 [0]
164 943 [2]
342 763 [4]
316 791 [4]
160 952 [0]
314 799 [1]
101 1011 [3]
198 917 [1]
68 1046 [2]
45 1070 [2]
295 821 [2]
367 749 [2]
410 709 [0]
92 1026 [2]
410 705 [5]
114 1007 [0]
376 745 [0]
164 953 [4]
322 800 [0]
378 744 [0]
59 1065 [0]
216 908 [0]
296 828 [0]
479 645 [0]
399 724 [2]
132 990 [3]
486 640 [0]
151 976 [0]
438 689 [0]
109 1017 [1]
80 1047 [2]
473 656 [1]
128 997 [5]
407 724 [0]
10 1119 [2]
188 940 [3]
518 611 [3]
333 800 [0]
430 701 [2]
129 1001 [4]
380 750 [4]
450 680 [4]
107 1025 [3]
468 668 [0]
251 884 [1]
515 617 [4]
164 973 [0]
164 971 [2]
501 633 [3]
120 1018 [0]
435 703 [0]
106 1030 [2]
398 739 [1]
76 1061 [1]
486 653 [0]
6 1133 [2]
160 979 [2]
322 812 [7]
157 982 [3]
452 686 [4]
434 709 [0]
553 590 [0]
177 964 [2]
99 1041 [3]
98 1047 [0]
239 906 [0]
283 862 [0]
476 669 [0]
385 758 [2]
114 1030 [1]
42 1101 [3]
103 1044 [0]
433 714 [0]
512 636 [0]
81 1065 [2]
393 753 [2]
205 940 [3]
185 960 [4]
32 1119 [0]
163 988 [0]
415 736 [0]
412 738 [1]
6 1141 [4]
475 678 [0]
454 696 [3]
369 785 [0]
560 594 [0]
567 587 [0]
430 724 [1]
323 830 [2]
499 653 [3]
545 611 [0]
318 837 [1]
27 1124 [6]
203 954 [1]
507 650 [3]
124 1036 [1]
303 857 [4]
382 783 [0]
381 784 [1]
239 926 [1]
247 917 [2]
328 837 [1]
126 1040 [1]
546 620 [1]
261 900 [6]
500 667 [1]
139 1030 [0]
331 838 [0]
568 601 [0]
273 895 [1]
575 596 [0]
220 952 [0]
226 945 [1]
527 643 [2]
455 714 [3]
459 710 [3]
356 812 [4]
79 1092 [2]
425 747 [1]
165 1010 [0]
49 1125 [1]
370 803 [2]
483 694 [0]
33 1142 [2]
249 926 [2]
13 1165 [0]
395 782 [1]
268 911 [0]
571 608 [0]
382 795 [2]
433 744 [3]
402 775 [3]
390 788 [4]
444 734 [4]
532 652 [0]
16 1165 [4]
521 666 [0]
172 1014 [1]
363 826 [0]
508 681 [0]
359 829 [1]
66 1121 [2]
38 1150 [1]
3 1186 [1]
378 809 [3]
364 823 [3]
327 859 [4]
384 807 [1]
431 761 [1]
192 1000 [1]
531 663 [0]
485 703 [6]
390 803 [3]
257 940 [0]
463 734 [0]
155 1043 [0]
504 692 [2]
378 818 [2]
390 805 [3]
313 886 [0]
446 753 [0]
234 963 [3]
92 1103 [5]
530 670 [1]
104 1095 [2]
282 920 [0]
493 707 [2]
355 845 [2]
343 856 [3]
449 754 [0]
574 629 [0]
106 1094 [3]
293 906 [4]
71 1131 [2]
337 865 [3]
368 838 [0]
385 820 [2]
19 1189 [0]
430 776 [2]
183 1026 [1]
178 1030 [2]
479 729 [2]
350 861 [0]
430 780 [1]
236 976 [0]
45 1166 [1]
148 1062 [2]
179 1032 [1]
269 944 [0]
146 1064 [3]
179 1034 [1]
551 661 [2]
45 1169 [1]
313 899 [3]
169 1041 [5]
578 636 [1]
375 841 [0]
128 1087 [1]
597 620 [0]
469 744 [4]
308 911 [0]
547 669 [3]
121 1094 [4]
450 770 [0]
151 1068 [1]
171 1046 [3]
140 1076 [4]
196 1021 [3]
562 655 [4]
468 753 [1]
25 1199 [0]
405 819 [0]
283 938 [3]
0 1222 [3]
246 978 [2]
598 627 [1]
201 1022 [3]
187 1039 [1]
258 970 [0]
307 921 [0]
383 843 [2]
126 1102 [1]
431 797 [1]
127 1103 [0]
592 638 [0]
568 661 [1]
113 1113 [4]
371 860 [0]
396 835 [0]
547 684 [0]
198 1032 [1]
347 884 [1]
36 1193 [3]
228 1002 [2]
254 977 [2]
498 733 [2]
229 1005 [0]
378 855 [2]
402 831 [2]
347 889 [0]
425 811 [1]
370 866 [1]
219 1017 [1]
537 696 [5]
539 700 [0]
38 1201 [1]
578 663 [0]
130 1112 [0]
254 989 [0]
162 1078 [3]
65 1177 [2]
389 854 [2]
158 1086 [2]
277 966 [3]
284 963 [0]
611 636 [0]
61 1184 [2]
501 745 [2]
292 957 [0]
473 777 [0]
48 1199 [3]
15 1235 [1]
158 1092 [2]
47 1202 [3]
302 950 [1]
626 628 [0]
121 1130 [3]
537 715 [2]
308 944 [2]
36 1217 [2]
171 1083 [1]
241 1010 [4]
567 685 [3]
613 643 [0]
238 1017 [1]
332 925 [0]
304 951 [2]
599 657 [1]
46 1212 [1]
137 1122 [1]
293 965 [2]
580 681 [0]
365 895 [1]
590 669 [2]
181 1077 [3]
430 832 [0]
197 1063 [2]
433 830 [0]
310 954 [0]
514 750 [0]
326 939 [0]
340 922 [3]
599 666 [1]
522 745 [0]
602 665 [0]
356 909 [2]
474 788 [5]
101 1164 [3]
504 765 [0]
18 1251 [1]
406 865 [0]
606 665 [0]
329 943 [0]
580 689 [3]
446 825 [2]
591 680 [2]
472 801 [1]
562 710 [3]
339 938 [0]
300 975 [2]
607 667 [3]
547 728 [3]
314 964 [1]
389 890 [1]
163 1118 [0]
614 667 [0]
203 1074 [4]
390 886 [5]
386 897 [0]
289 992 [2]
113 1168 [2]
444 834 [5]
528 756 [0]
479 803 [2]
191 1094 [0]
499 783 [3]
359 926 [1]
31 1256 [0]
472 814 [1]
99 1187 [1]
423 865 [0]
144 1143 [1]
150 1134 [4]
633 654 [2]
29 1258 [2]
92 1194 [3]
15 1274 [1]
533 756 [1]
352 939 [0]
344 945 [2]
512 777 [2]
631 661 [0]
94 1199 [0]
555 737 [1]
124 1168 [1]
492 802 [0]
201 1090 [3]
593 698 [3]
223 1070 [2]
57 1235 [3]
256 1036 [3]
321 975 [0]
253 1044 [0]
227 1067 [3]
630 665 [3]
24 1274 [1]
366 932 [1]
460 841 [0]
275 1027 [0]
338 961 [3]
536 765 [1]
81 1222 [0]
498 803 [2]
42 1259 [3]
471 834 [0]
95 1209 [2]
149 1154 [3]
537 767 [2]
515 790 [1]
491 817 [0]
551 757 [0]
254 1051 [3]
380 926 [2]
141 1166 [1]
561 748 [0]
576 731 [2]
72 1236 [1]
91 1219 [0]
629 681 [0]
568 741 [1]
87 1224 [0]
62 1245 [4]
148 1162 [2]
59 1252 [2]
503 808 [2]
295 1018 [2]
551 763 [2]
5 1312 [0]
58 1259 [0]
103 1215 [0]
577 739 [2]
655 659 [4]
511 807 [1]
467 854 [0]
428 894 [0]
542 780 [0]
431 889 [2]
627 694 [1]
346 975 [2]
544 780 [0]
632 691 [1]
400 922 [2]
186 1135 [3]
86 1239 [0]
229 1095 [1]
479 844 [2]
287 1036 [2]
471 854 [1]
498 826 [2]
73 1253 [1]
104 1224 [0]
500 826 [2]
71 1254 [3]
224 1102 [2]
409 920 [0]
507 819 [3]
231 1094 [4]
423 907 [0]
461 870 [0]
228 1102 [1]
5 1322 [4]
623 703 [5]
252 1080 [0]
541 791 [0]
464 867 [1]
401 932 [0]
482 851 [0]
496 837 [0]
60 1271 [2]
524 810 [0]
369 964 [1]
228 1104 [2]
337 995 [2]
526 809 [0]
42 1291 [2]
629 704 [2]
60 1272 [3]
453 883 [0]
106 1229 [1]
542 791 [3]
453 884 [0]
462 875 [0]
281 1055 [2]
33 1303 [2]
543 791 [4]
132 1205 [2]
188 1152 [0]
287 1049 [4]
632 703 [5]
247 1092 [2]
40 1299 [2]
573 769 [0]
403 937 [2]
488 852 [2]
618 725 [0]
175 1165 [3]
218 1121 [4]
17 1327 [0]
1 1341 [2]
634 703 [7]
213 1132 [0]
242 1103 [0]
535 810 [0]
390 954 [1]
177 1167 [1]
500 843 [2]
34 1310 [1]
343 1000 [2]
523 823 [0]
671 674 [1]
542 805 [0]
93 1252 [2]
649 699 [0]
473 874 [1]
86 1261 [1]
2 1344 [2]
182 1164 [2]
66 1282 [1]
250 1100 [0]
493 857 [0]
382 967 [1]
6 1343 [1]
451 897 [2]
391 957 [2]
14 1336 [1]
600 748 [3]
100 1250 [2]
129 1221 [2]
464 887 [2]
503 847 [3]
334 1019 [1]
667 688 [2]
137 1219 [2]
469 891 [0]
558 802 [0]
600 758 [2]
458 903 [0]
430 930 [1]
410 948 [3]
132 1229 [1]
5 1354 [3]
375 986 [2]
550 813 [2]
666 699 [1]
420 948 [0]
333 1034 [1]
313 1052 [3]
418 950 [1]
619 750 [1]
335 1033 [2]
230 1141 [0]
556 815 [0]
643 728 [0]
390 978 [3]
321 1050 [1]
296 1077 [0]
596 776 [2]
147 1225 [2]
604 771 [0]
484 889 [2]
187 1187 [1]
152 1223 [1]
467 907 [2]
581 796 [0]
608 768 [1]
117 1259 [1]
476 901 [1]
125 1253 [1]
39 1338 [2]
671 705 [3]
480 900 [0]
643 736 [1]
439 938 [3]
273 1103 [4]
140 1239 [2]
327 1051 [3]
259 1124 [0]
90 1292 [1]
376 1006 [1]
619 765 [0]
391 993 [1]
640 743 [2]
312 1074 [0]
467 919 [0]
593 792 [1]
527 860 [0]
552 835 [0]
588 799 [0]
648 739 [0]
63 1323 [1]
590 795 [2]
49 1336 [2]
634 754 [0]
54 1332 [2]
166 1220 [2]
536 853 [0]
486 900 [3]
34 1351 [4]
117 1273 [0]
259 1132 [0]
366 1025 [0]
506 884 [1]
519 870 [2]
561 828 [2]
288 1101 [2]
212 1175 [4]
114 1277 [1]
383 1007 [2]
1 1389 [2]
209 1185 [0]
543 850 [1]
609 784 [1]
215 1177 [2]
392 1001 [2]
576 817 [2]
465 929 [1]
470 926 [0]
130 1265 [1]
378 1017 [1]
534 863 [0]
9 1387 [1]
561 834 [2]
418 980 [1]
195 1202 [2]
599 801 [0]
550 851 [0]
682 719 [0]
162 1238 [1]
238 1162 [1]
332 1065 [4]
143 1259 [0]
647 754 [1]
341 1063 [0]
469 936 [0]
130 1275 [1]
214 1193 [0]
260 1146 [1]
360 1049 [0]
400 1008 [1]
558 849 [2]
179 1230 [1]
78 1330 [2]
34 1375 [1]
650 757 [3]
192 1217 [2]
166 1244 [1]
233 1179 [0]
193 1218 [1]
387 1020 [5]
595 818 [0]
489 923 [1]
420 989 [4]
432 982 [0]
671 743 [0]
284 1129 [1]
216 1197 [2]
626 790 [1]
376 1040 [1]
97 1317 [3]
159 1256 [3]
224 1189 [5]
671 748 [1]
374 1043 [3]
518 901 [2]
497 925 [0]
275 1148 [0]
516 907 [0]
205 1215 [4]
394 1031 [0]
502 923 [0]
517 907 [1]
35 1389 [1]
172 1254 [0]
252 1174 [0]
31 1393 [2]
11 1413 [2]
129 1295 [2]
663 764 [1]
698 727 [3]
409 1020 [0]
524 905 [1]
618 809 [3]
572 859 [0]
606 825 [0]
314 1116 [1]
511 919 [2]
422 1011 [0]
618 814 [1]
575 859 [0]
591 844 [0]
345 1089 [1]
191 1245 [0]
648 789 [0]
280 1157 [1]
391 1044 [3]
292 1146 [1]
647 792 [1]
546 893 [1]
630 808 [2]
681 757 [2]
360 1080 [1]
152 1289 [1]
323 1117 [2]
199 1244 [0]
619 822 [2]
226 1217 [1]
538 905 [1]
425 1018 [1]
127 1314 [3]
323 1119 [3]
150 1291 [4]
93 1352 [2]
0 1444 [3]
348 1100 [0]
241 1204 [3]
594 852 [2]
225 1224 [0]
561 888 [0]
575 872 [2]
537 908 [4]
293 1156 [1]
547 901 [3]
230 1221 [1]
258 1195 [0]
158 1293 [2]
208 1246 [0]
239 1215 [0]
59 1394 [1]
66 1387 [1]
461 991 [2]
42 1410 [2]
379 1077 [0]
97 1357 [2]
467 988 [1]
567 886 [3]
153 1304 [0]
245 1211 [1]
360 1096 [1]
165 1292 [1]
115 1341 [2]
408 1048 [2]
478 980 [1]
78 1379 [2]
266 1192 [1]
699 761 [1]
220 1239 [2]
65 1395 [1]
160 1299 [2]
464 998 [0]
33 1427 [2]
559 904 [0]
608 855 [1]
530 934 [1]
54 1411 [2]
538 928 [1]
113 1352 [2]
156 1312 [0]
104 1363 [1]
381 1087 [1]
653 813 [3]
214 1254 [1]
28 1441 [1]
476 993 [1]
337 1130 [3]
385 1082 [3]
15 1455 [1]
28 1442 [1]
195 1275 [1]
101 1368 [2]
122 1351 [0]
506 967 [0]
685 788 [0]
389 1083 [1]
385 1087 [1]
716 758 [0]
12 1459 [3]
134 1340 [1]
452 1021 [2]
20 1456 [0]
329 1147 [0]
484 992 [0]
725 751 [0]
430 1045 [1]
732 743 [1]
462 1015 [0]
475 1002 [0]
101 1373 [3]
286 1192 [0]
633 846 [0]
119 1356 [4]
307 1171 [1]
413 1067 [2]
499 981 [2]
274 1204 [4]
500 981 [2]
154 1331 [0]
399 1084 [2]
238 1245 [2]
523 964 [1]
288 1198 [2]
452 1033 [3]
710 779 [0]
325 1162 [2]
74 1413 [2]
72 1413 [4]
243 1247 [1]
473 1016 [2]
478 1013 [1]
447 1044 [1]
44 1446 [2]
357 1132 [3]
683 810 [0]
7 1484 [2]
66 1425 [2]
185 1306 [2]
602 890 [2]
392 1100 [2]
480 1014 [1]
403 1091 [1]
568 926 [1]
548 946 [2]
616 878 [2]
42 1451 [3]
235 1262 [0]
58 1438 [1]
70 1425 [2]
129 1366 [2]
327 1165 [5]
259 1238 [1]
387 1108 [3]
346 1151 [2]
503 995 [1]
520 976 [3]
112 1388 [0]
239 1260 [1]
403 1095 [2]
36 1463 [2]
402 1097 [2]
102 1397 [2]
118 1380 [4]
543 960 [0]
486 1015 [2]
18 1486 [0]
541 962 [2]
379 1126 [1]
157 1346 [3]
160 1346 [1]
217 1290 [1]
24 1482 [2]
567 938 [3]
428 1080 [1]
642 866 [1]
739 769 [1]
123 1384 [2]
424 1085 [1]
695 816 [0]
127 1383 [1]
555 957 [0]
676 836 [0]
141 1370 [1]
668 845 [0]
57 1453 [3]
197 1317 [0]
250 1262 [2]
450 1065 [0]
497 1016 [2]
512 1004 [0]
649 867 [0]
715 801 [1]
111 1405 [2]
357 1160 [1]
685 833 [1]
340 1177 [2]
20 1500 [0]
578 941 [1]
426 1092 [2]
503 1015 [2]
92 1425 [3]
267 1253 [1]
173 1346 [2]
128 1390 [3]
702 820 [0]
59 1462 [1]
274 1244 [4]
673 849 [2]
606 913 [5]
37 1487 [1]
274 1249 [2]
3 1522 [1]
433 1092 [1]
356 1168 [2]
628 899 [0]
672 852 [3]
667 857 [3]
410 1116 [2]
74 1452 [2]
50 1476 [2]
651 878 [0]
673 856 [0]
589 938 [2]
327 1199 [3]
216 1314 [0]
48 1479 [3]
421 1110 [0]
623 908 [0]
412 1118 [1]
290 1242 [0]
84 1447 [1]
344 1186 [2]
481 1052 [0]
444 1086 [3]
485 1049 [0]
686 846 [2]
50 1482 [2]
281 1253 [1]
10 1523 [2]
688 846 [1]
220 1315 [1]
367 1168 [1]
726 810 [1]
614 920 [3]
687 851 [0]
591 947 [1]
744 792 [3]
57 1479 [3]
429 1109 [2]
502 1037 [1]
572 968 [1]
241 1297 [3]
19 1522 [1]
721 820 [1]
524 1017 [1]
370 1170 [2]
206 1337 [0]
665 876 [2]
759 784 [1]
463 1080 [1]
576 966 [2]
203 1338 [3]
760 785 [0]
46 1501 [0]
324 1223 [0]
323 1223 [1]
567 979 [2]
725 821 [2]
133 1414 [1]
67 1478 [3]
49 1498 [2]
689 861 [0]
233 1316 [1]
649 899 [2]
273 1276 [2]
37 1514 [1]
118 1433 [1]
95 1454 [3]
318 1235 [0]
461 1090 [2]
297 1257 [0]
550 1003 [1]
343 1208 [3]
693 859 [3]
205 1350 [1]
143 1413 [1]
55 1500 [2]
215 1341 [2]
659 900 [0]
598 960 [1]
29 1529 [1]
754 802 [3]
205 1351 [3]
305 1253 [1]
244 1314 [2]
718 843 [0]
534 1025 [2]
167 1393 [2]
113 1446 [3]
304 1257 [2]
231 1331 [2]
582 979 [3]
266 1297 [2]
178 1387 [1]
176 1389 [1]
694 871 [1]
647 919 [1]
155 1411 [1]
541 1024 [2]
4 1563 [1]
575 989 [4]
744 819 [5]
603 966 [0]
683 886 [0]
752 817 [0]
535 1034 [1]
392 1178 [1]
290 1280 [1]
134 1436 [1]
371 1197 [3]
179 1390 [2]
208 1362 [1]
370 1200 [1]
439 1130 [2]
52 1517 [2]
264 1308 [0]
457 1115 [0]
596 973 [3]
599 971 [2]
677 896 [0]
80 1491 [2]
65 1506 [2]
758 815 [1]
66 1506 [2]
692 879 [3]
717 856 [1]
307 1268 [0]
785 789 [1]
93 1479 [3]
475 1100 [1]
548 1027 [1]
474 1099 [3]
53 1524 [0]
347 1229 [1]
356 1219 [3]
766 812 [1]
89 1488 [2]
700 878 [1]
551 1027 [1]
11 1567 [2]
600 978 [2]
698 878 [4]
752 830 [0]
190 1393 [0]
165 1417 [1]
91 1491 [1]
344 1237 [2]
569 1016 [0]
645 940 [0]
518 1066 [1]
34 1550 [2]
698 882 [6]
253 1332 [2]
547 1039 [1]
631 953 [4]
145 1443 [1]
729 857 [3]
95 1492 [2]
247 1342 [1]
113 1476 [2]
20 1571 [1]
250 1341 [1]
291 1299 [2]
521 1072 [0]
178 1416 [1]
484 1110 [1]
227 1368 [1]
653 943 [2]
446 1153 [0]
331 1267 [1]
348 1250 [1]
257 1342 [1]
721 878 [1]
477 1122 [1]
359 1239 [2]
720 881 [0]
751 848 [2]
714 888 [0]
120 1481 [1]
731 872 [0]
411 1191 [1]
274 1327 [2]
480 1123 [1]
770 833 [1]
257 1347 [1]
524 1079 [2]
679 926 [1]
519 1088 [0]
168 1438 [1]
417 1188 [2]
537 1065 [5]
360 1247 [1]
637 970 [1]
608 1001 [0]
223 1385 [1]
640 967 [2]
225 1381 [3]
719 889 [1]
727 883 [0]
348 1261 [1]
472 1139 [0]
166 1444 [1]
346 1264 [2]
113 1497 [2]
520 1093 [0]
554 1059 [0]
263 1349 [1]
562 1049 [3]
407 1207 [1]
202 1412 [1]
254 1358 [3]
72 1541 [3]
798 819 [0]
780 835 [2]
154 1464 [0]
545 1072 [1]
228 1389 [1]
258 1358 [2]
695 923 [1]
710 908 [1]
591 1028 [1]
222 1397 [1]
809 812 [0]
562 1058 [1]
488 1133 [1]
642 980 [1]
125 1497 [1]
562 1060 [1]
611 1011 [1]
80 1540 [3]
297 1325 [1]
568 1054 [1]
572 1052 [0]
575 1048 [1]
158 1465 [1]
216 1408 [1]
472 1153 [1]
264 1362 [1]
120 1506 [1]
68 1558 [1]
241 1385 [1]
559 1067 [1]
600 1026 [2]
61 1568 [1]
550 1079 [1]
145 1483 [2]
610 1021 [0]
54 1576 [1]
167 1462 [2]
152 1480 [0]
563 1068 [1]
55 1576 [1]
645 985 [2]
698 931 [3]
543 1089 [1]
264 1368 [1]
548 1084 [1]
239 1392 [2]
403 1224 [6]
415 1217 [1]
216 1417 [1]
512 1122 [1]
459 1174 [2]
223 1410 [2]
173 1460 [2]
280 1356 [0]
460 1176 [0]
392 1243 [1]
220 1415 [1]
121 1513 [2]
301 1336 [0]
622 1018 [0]
692 948 [0]
602 1036 [2]
259 1379 [2]
182 1456 [2]
500 1141 [0]
424 1216 [1]
267 1373 [2]
282 1358 [2]
365 1277 [1]
571 1073 [0]
551 1092 [1]
749 896 [0]
230 1414 [1]
665 978 [2]
161 1485 [0]
661 984 [1]
565 1082 [0]
500 1146 [1]
499 1147 [1]
304 1343 [1]
186 1461 [1]
592 1056 [1]
410 1237 [2]
223 1424 [2]
766 883 [1]
164 1484 [2]
290 1358 [2]
496 1155 [0]
349 1303 [0]
576 1076 [0]
687 963 [2]
446 1205 [1]
192 1461 [1]
746 907 [1]
146 1506 [2]
366 1288 [1]
173 1479 [3]
232 1424 [0]
699 956 [1]
239 1416 [1]
591 1064 [1]
402 1253 [1]
94 1562 [1]
763 891 [3]
117 1541 [0]
496 1161 [1]
669 988 [1]
104 1552 [2]
785 873 [1]
455 1202 [2]
189 1470 [1]
479 1179 [2]
631 1029 [1]
183 1477 [1]
386 1272 [3]
540 1119 [2]
171 1487 [3]
677 985 [0]
118 1540 [4]
370 1291 [2]
413 1248 [2]
450 1213 [1]
153 1512 [1]
339 1325 [2]
719 947 [1]
640 1026 [1]
287 1378 [2]
589 1079 [0]
496 1170 [2]
821 848 [0]
199 1469 [1]
253 1415 [1]
684 982 [3]
507 1163 [0]
86 1585 [0]
826 845 [0]
653 1017 [1]
331 1338 [2]
189 1482 [1]
260 1410 [2]
505 1166 [2]
579 1095 [0]
806 868 [0]
149 1523 [2]
496 1178 [1]
132 1542 [1]
549 1127 [0]
91 1584 [1]
773 904 [0]
291 1385 [1]
531 1145 [1]
771 904 [2]
305 1369 [3]
416 1262 [0]
468 1209 [1]
460 1217 [1]
142 1535 [1]
223 1453 [2]
817 859 [2]
204 1474 [1]
541 1135 [3]
192 1485 [3]
444 1233 [3]
786 893 [1]
708 970 [2]
517 1164 [0]
467 1213 [1]
215 1464 [2]
438 1241 [2]
312 1369 [1]
480 1200 [2]
222 1459 [1]
349 1334 [0]
613 1070 [0]
525 1155 [3]
583 1100 [1]
415 1268 [1]
418 1266 [1]
515 1169 [2]
209 1479 [0]
385 1301 [2]
466 1222 [1]
674 1016 [0]
729 961 [0]
561 1128 [1]
463 1226 [1]
228 1460 [2]
655 1031 [4]
450 1239 [2]
402 1286 [3]
534 1155 [2]
157 1532 [2]
101 1588 [2]
552 1140 [0]
673 1018 [1]
493 1197 [2]
203 1486 [4]
232 1460 [1]
401 1293 [0]
413 1281 [0]
842 852 [0]
537 1154 [4]
197 1498 [1]
478 1215 [3]
477 1220 [0]
695 1002 [0]
728 969 [0]
409 1286 [2]
503 1196 [0]
564 1135 [0]
362 1336 [1]
210 1488 [1]
529 1171 [0]
403 1295 [2]
780 919 [1]
494 1204 [2]
478 1220 [2]
494 1206 [1]
436 1266 [0]
510 1191 [1]
738 965 [0]
710 993 [1]
125 1577 [2]
321 1384 [0]
153 1551 [1]
198 1506 [1]
136 1568 [1]
561 1143 [1]
709 997 [0]
776 929 [1]
371 1335 [2]
817 889 [2]
343 1363 [2]
458 1252 [0]
823 887 [0]
848 861 [1]
379 1329 [2]
523 1185 [2]
343 1367 [2]
793 919 [1]
290 1422 [1]
483 1231 [0]
454 1260 [1]
365 1349 [1]
401 1313 [1]
337 1376 [2]
548 1167 [1]
203 1511 [2]
650 1063 [3]
336 1381 [0]
415 1302 [0]
605 1112 [0]
367 1349 [1]
851 864 [2]
515 1199 [3]
591 1127 [0]
846 872 [0]
174 1543 [1]
613 1104 [1]
462 1254 [2]
800 919 [0]
403 1315 [1]
287 1430 [2]
191 1528 [1]
766 953 [1]
184 1534 [2]
264 1456 [1]
768 953 [1]
299 1420 [3]
544 1179 [0]
359 1363 [1]
230 1492 [1]
528 1192 [3]
831 893 [0]
175 1548 [1]
128 1595 [1]
291 1433 [1]
132 1592 [1]
627 1097 [1]
406 1317 [2]
422 1302 [1]
279 1447 [0]
480 1246 [0]
503 1222 [1]
762 966 [0]
672 1054 [2]
437 1292 [0]
399 1329 [2]
336 1393 [1]
258 1472 [1]
801 929 [1]
448 1283 [1]
723 1009 [1]
384 1349 [1]
659 1076 [0]
734 1001 [0]
757 976 [2]
276 1456 [3]
358 1378 [0]
717 1019 [0]
820 916 [0]
177 1558 [1]
493 1241 [2]
207 1529 [1]
645 1090 [2]
684 1050 [3]
668 1069 [1]
281 1455 [2]
629 1109 [1]
758 982 [0]
571 1169 [1]
220 1520 [1]
618 1121 [2]
514 1224 [3]
395 1346 [1]
411 1329 [2]
647 1096 [0]
734 1008 [1]
525 1218 [1]
605 1140 [0]
818 927 [0]
431 1313 [1]
347 1397 [1]
236 1508 [1]
428 1316 [1]
309 1437 [0]
407 1339 [0]
195 1549 [2]
862 884 [1]
274 1471 [2]
643 1103 [2]
578 1170 [1]
287 1461 [2]
170 1578 [2]
396 1351 [3]
779 972 [0]
175 1575 [1]
600 1150 [1]
361 1391 [0]
293 1457 [3]
405 1347 [2]
628 1126 [1]
615 1139 [1]
377 1379 [0]
285 1470 [1]
372 1382 [2]
232 1523 [1]
739 1016 [1]
594 1162 [1]
772 986 [0]
181 1576 [1]
505 1251 [2]
463 1295 [1]
584 1174 [1]
423 1336 [1]
826 934 [1]
368 1392 [1]
402 1356 [3]
407 1353 [1]
578 1184 [0]
579 1182 [1]
219 1542 [1]
667 1095 [1]
384 1380 [0]
444 1320 [0]
828 936 [0]
753 1009 [2]
405 1356 [3]
593 1172 [0]
476 1288 [1]
606 1157 [2]
872 891 [2]
322 1440 [3]
445 1321 [0]
564 1201 [1]
338 1428 [1]
193 1572 [2]
689 1077 [2]
868 900 [1]
312 1456 [1]
340 1428 [1]
240 1530 [0]
593 1177 [0]
879 891 [0]
489 1280 [1]
199 1572 [0]
617 1155 [0]
883 887 [2]
173 1599 [1]
555 1215 [3]
797 977 [0]
201 1571 [2]
751 1022 [3]
673 1104 [0]
761 1015 [1]
574 1202 [1]
288 1490 [1]
834 943 [2]
839 938 [2]
535 1242 [3]
649 1131 [1]
197 1584 [1]
523 1260 [1]
285 1498 [1]
410 1372 [2]
677 1106 [1]
453 1331 [1]
593 1194 [0]
808 979 [0]
767 1021 [0]
233 1554 [1]
794 995 [0]
874 913 [2]
336 1454 [0]
471 1318 [1]
703 1082 [5]
192 1597 [2]
855 937 [0]
440 1353 [0]
391 1401 [1]
637 1157 [0]
363 1432 [0]
564 1230 [1]
391 1403 [1]
474 1317 [4]
200 1597 [0]
885 912 [0]
556 1240 [1]
234 1564 [2]
683 1114 [3]
577 1220 [3]
777 1020 [3]
377 1424 [0]
605 1194 [2]
750 1049 [2]
379 1423 [1]
512 1290 [1]
711 1093 [0]
389 1414 [1]
558 1248 [0]
409 1396 [1]
847 960 [0]
772 1034 [1]
797 1011 [0]
527 1280 [1]
473 1333 [2]
744 1062 [2]
429 1377 [2]
673 1135 [1]
343 1464 [2]
510 1298 [2]
283 1527 [1]
282 1528 [1]
403 1407 [2]
791 1018 [3]
803 1010 [0]
398 1414 [1]
236 1576 [1]
636 1177 [1]
769 1046 [0]
589 1227 [0]
642 1175 [0]
433 1383 [1]
558 1258 [1]
868 950 [0]
536 1281 [1]
523 1293 [2]
649 1169 [1]
687 1131 [1]
473 1344 [2]
676 1141 [2]
621 1196 [2]
531 1288 [1]
418 1400 [2]
692 1128 [1]
708 1114 [0]
233 1590 [0]
264 1558 [1]
407 1415 [1]
319 1501 [3]
689 1132 [2]
703 1115 [5]
229 1594 [1]
833 989 [2]
516 1309 [0]
671 1152 [2]
224 1597 [4]
456 1365 [4]
413 1412 [1]
848 976 [2]
709 1114 [3]
474 1350 [2]
476 1350 [1]
569 1257 [1]
720 1108 [0]
460 1367 [1]
298 1531 [0]
532 1297 [0]
400 1428 [1]
534 1294 [1]
714 1114 [2]
536 1293 [1]
586 1245 [0]
273 1556 [2]
233 1598 [1]
426 1405 [1]
505 1327 [1]
493 1338 [2]
719 1115 [0]
507 1326 [1]
632 1200 [2]
400 1432 [2]
869 963 [2]
662 1173 [0]
610 1224 [2]
324 1513 [0]
300 1536 [1]
545 1291 [1]
464 1372 [1]
417 1418 [2]
869 969 [0]
488 1351 [0]
568 1271 [0]
268 1570 [1]
285 1553 [1]
629 1209 [1]
604 1233 [2]
733 1107 [0]
885 955 [0]
905 935 [0]
821 1018 [1]
564 1276 [1]
253 1588 [1]
453 1389 [1]
455 1387 [1]
868 974 [1]
477 1366 [1]
269 1574 [1]
677 1166 [1]
333 1510 [1]
698 1140 [6]
461 1383 [1]
890 956 [0]
846 999 [1]
308 1538 [1]
821 1025 [1]
861 985 [1]
903 943 [1]
729 1120 [0]
379 1469 [1]
470 1378 [1]
763 1084 [2]
431 1419 [0]
462 1387 [1]
535 1313 [2]
632 1218 [1]
813 1037 [1]
420 1431 [1]
308 1544 [1]
708 1145 [1]
867 987 [1]
927 929 [0]
541 1313 [2]
634 1219 [3]
540 1316 [1]
366 1490 [1]
506 1352 [0]
688 1170 [0]
742 1116 [0]
303 1554 [1]
732 1124 [2]
585 1274 [0]
612 1247 [0]
625 1234 [0]
558 1300 [1]
672 1184 [3]
524 1337 [0]
670 1192 [1]
486 1377 [1]
748 1117 [0]
924 940 [1]
474 1389 [2]
882 983 [1]
383 1482 [1]
824 1043 [0]
550 1316 [1]
490 1378 [0]
539 1329 [0]
602 1264 [2]
872 995 [1]
731 1137 [1]
543 1327 [1]
692 1178 [1]
822 1048 [1]
514 1358 [0]
675 1197 [0]
743 1130 [0]
741 1133 [0]
852 1022 [0]
491 1384 [0]
624 1250 [1]
576 1297 [2]
815 1060 [1]
525 1350 [1]
583 1292 [1]
351 1526 [0]
626 1250 [1]
667 1208 [2]
673 1203 [1]
613 1265 [1]
420 1458 [1]
776 1104 [0]
788 1090 [2]
332 1546 [2]
294 1588 [1]
448 1434 [1]
501 1379 [3]
818 1065 [1]
839 1046 [0]
843 1042 [0]
892 993 [0]
841 1042 [2]
864 1022 [0]
396 1489 [1]
398 1487 [1]
659 1225 [2]
913 971 [2]
428 1457 [2]
703 1182 [2]
857 1031 [0]
705 1180 [3]
880 1009 [0]
346 1542 [1]
774 1114 [1]
365 1525 [0]
835 1055 [1]
581 1308 [2]
754 1135 [3]
783 1110 [0]
382 1510 [1]
425 1467 [1]
345 1546 [2]
943 950 [1]
732 1163 [0]
876 1019 [0]
420 1473 [2]
442 1454 [0]
497 1399 [1]
828 1067 [2]
586 1308 [3]
430 1467 [1]
428 1470 [1]
299 1598 [2]
603 1297 [0]
421 1480 [0]
922 979 [0]
394 1507 [1]
510 1390 [3]
696 1207 [1]
717 1187 [1]
754 1150 [1]
586 1319 [1]
725 1179 [2]
412 1494 [1]
449 1456 [2]
333 1574 [2]
435 1472 [2]
607 1302 [2]
369 1542 [1]
415 1496 [1]
708 1203 [1]
470 1443 [0]
556 1355 [2]
543 1370 [1]
409 1505 [1]
860 1054 [1]
912 1002 [1]
522 1392 [1]
630 1285 [1]
670 1247 [0]
805 1110 [2]
530 1387 [1]
581 1338 [0]
325 1593 [1]
719 1199 [2]
598 1323 [0]
738 1183 [0]
689 1231 [1]
606 1313 [2]
733 1189 [0]
831 1092 [0]
830 1092 [1]
431 1491 [1]
698 1222 [3]
351 1573 [0]
368 1555 [1]
922 1003 [0]
730 1196 [0]
906 1020 [0]
477 1448 [1]
692 1232 [2]
679 1245 [2]
657 1268 [1]
715 1212 [0]
943 984 [1]
606 1324 [1]
399 1531 [1]
574 1355 [2]
960 969 [2]
507 1424 [1]
553 1380 [0]
503 1429 [1]
660 1271 [2]
388 1546 [0]
721 1213 [0]
527 1405 [2]
408 1524 [2]
939 996 [0]
842 1092 [1]
653 1282 [1]
674 1262 [1]
479 1458 [1]
596 1341 [1]
955 982 [1]
382 1557 [1]
805 1136 [0]
478 1462 [1]
848 1092 [1]
803 1139 [0]
472 1469 [1]
607 1333 [2]
580 1362 [1]
496 1446 [1]
352 1590 [1]
707 1237 [0]
966 976 [2]
490 1456 [0]
763 1181 [2]
466 1479 [2]
686 1259 [2]
828 1118 [2]
492 1457 [0]
487 1463 [0]
672 1276 [2]
869 1078 [3]
684 1263 [3]
380 1567 [3]
466 1484 [1]
372 1578 [1]
453 1497 [1]
734 1216 [1]
822 1127 [2]
610 1340 [1]
862 1089 [1]
754 1195 [3]
526 1426 [1]
605 1345 [3]
417 1536 [1]
870 1082 [3]
915 1041 [0]
383 1573 [1]
709 1247 [1]
707 1250 [1]
911 1044 [3]
606 1352 [1]
882 1075 [2]
922 1036 [1]
976 981 [3]
971 988 [1]
866 1095 [0]
813 1149 [0]
741 1220 [1]
865 1099 [1]
621 1345 [0]
817 1148 [1]
457 1509 [1]
648 1318 [1]
569 1400 [0]
971 998 [0]
469 1499 [1]
700 1268 [1]
801 1168 [1]
721 1250 [0]
416 1554 [1]
746 1227 [0]
902 1071 [0]
754 1215 [4]
506 1466 [1]
464 1510 [1]
832 1141 [2]
745 1230 [1]
900 1075 [2]
944 1032 [1]
698 1276 [3]
551 1426 [1]
765 1212 [1]
650 1325 [3]
786 1192 [1]
659 1318 [2]
669 1308 [2]
626 1353 [1]
601 1378 [1]
685 1293 [2]
549 1432 [0]
978 1003 [0]
779 1201 [1]
624 1355 [2]
988 992 [1]
869 1113 [0]
785 1195 [2]
561 1421 [1]
953 1029 [1]
796 1188 [0]
690 1295 [0]
913 1071 [2]
752 1234 [1]
937 1049 [1]
621 1367 [1]
738 1250 [1]
732 1258 [0]
606 1382 [2]
732 1257 [1]
620 1371 [0]
850 1140 [1]
953 1036 [2]
672 1312 [7]
560 1431 [1]
413 1578 [1]
613 1378 [1]
531 1461 [1]
393 1599 [1]
846 1146 [1]
582 1406 [5]
994 998 [1]
676 1318 [0]
423 1571 [1]
480 1514 [1]
608 1386 [1]
469 1524 [2]
455 1538 [2]
609 1384 [2]
522 1473 [1]
898 1099 [0]
460 1536 [1]
992 1006 [0]
441 1559 [0]
649 1350 [1]
519 1480 [1]
823 1175 [3]
716 1286 [0]
945 1059 [0]
733 1270 [1]
613 1391 [1]
717 1291 [1]
485 1523 [2]
579 1430 [1]
526 1485 [0]
717 1293 [1]
907 1103 [2]
569 1442 [1]
740 1271 [1]
946 1067 [0]
961 1049 [3]
724 1290 [0]
574 1438 [2]
791 1220 [3]
605 1406 [3]
977 1036 [1]
633 1380 [2]
451 1565 [0]
451 1566 [0]
959 1058 [0]
975 1042 [0]
795 1220 [2]
700 1318 [1]
545 1475 [1]
470 1550 [1]
550 1471 [1]
477 1545 [1]
625 1399 [0]
881 1143 [0]
679 1344 [1]
616 1407 [1]
825 1196 [3]
746 1279 [0]
681 1343 [1]
497 1527 [1]
1003 1020 [2]
916 1108 [1]
458 1567 [1]
601 1426 [0]
663 1363 [1]
653 1372 [2]
497 1529 [2]
573 1454 [1]
526 1502 [1]
671 1357 [1]
957 1072 [1]
448 1581 [2]
706 1326 [0]
489 1542 [1]
713 1320 [0]
793 1240 [0]
879 1153 [1]
987 1044 [2]
822 1211 [1]
654 1378 [2]
728 1306 [1]
648 1386 [1]
627 1409 [1]
786 1250 [1]
532 1504 [1]
632 1406 [0]
694 1344 [0]
650 1384 [4]
928 1110 [1]
861 1177 [1]
801 1239 [0]
1005 1035 [0]
704 1338 [0]
552 1489 [1]
927 1114 [1]
936 1103 [3]
840 1203 [0]
879 1165 [0]
582 1459 [3]
998 1045 [1]
551 1493 [1]
624 1418 [3]
772 1273 [1]
893 1152 [1]
929 1116 [1]
641 1406 [0]
487 1560 [1]
738 1308 [2]
757 1292 [1]
618 1430 [2]
454 1596 [1]
638 1410 [3]
913 1135 [3]
991 1059 [1]
566 1486 [0]
851 1200 [1]
680 1370 [2]
463 1589 [1]
841 1211 [1]
939 1114 [1]
747 1308 [0]
921 1134 [0]
780 1274 [1]
758 1296 [1]
775 1281 [0]
786 1270 [0]
696 1358 [2]
950 1105 [1]
545 1511 [1]
861 1195 [2]
704 1355 [0]
875 1184 [0]
489 1570 [1]
977 1082 [1]
878 1183 [0]
542 1519 [1]
729 1333 [1]
808 1254 [1]
857 1204 [2]
961 1102 [1]
973 1091 [1]
858 1208 [0]
987 1079 [0]
502 1565 [0]
569 1497 [1]
862 1203 [2]
669 1399 [1]
594 1474 [1]
658 1412 [0]
894 1176 [0]
951 1119 [0]
622 1449 [0]
496 1574 [1]
510 1560 [1]
599 1472 [1]
498 1573 [1]
523 1547 [2]
892 1179 [1]
840 1233 [0]
798 1272 [3]
718 1356 [0]
949 1124 [1]
705 1367 [2]
763 1308 [3]
997 1078 [0]
885 1189 [1]
848 1228 [0]
679 1396 [1]
634 1441 [1]
485 1591 [1]
882 1194 [1]
832 1244 [1]
882 1193 [2]
822 1256 [0]
972 1103 [3]
957 1119 [2]
528 1551 [1]
579 1500 [1]
547 1531 [2]
622 1458 [1]
592 1487 [2]
964 1117 [1]
963 1120 [0]
986 1096 [1]
898 1184 [1]
990 1094 [0]
886 1195 [3]
704 1379 [1]
710 1373 [2]
523 1562 [1]
919 1166 [1]
757 1330 [0]
529 1557 [1]
907 1179 [1]
754 1332 [2]
749 1338 [1]
699 1392 [1]
509 1584 [0]
675 1418 [0]
516 1576 [1]
522 1570 [1]
978 1114 [1]
795 1299 [0]
660 1433 [1]
798 1294 [2]
803 1291 [1]
642 1451 [2]
517 1580 [0]
566 1530 [1]
993 1105 [0]
908 1188 [2]
914 1184 [1]
572 1526 [1]
569 1529 [1]
664 1432 [3]
841 1257 [2]
884 1217 [0]
524 1576 [1]
611 1490 [1]
893 1210 [0]
836 1268 [0]
781 1321 [2]
864 1241 [0]
941 1163 [1]
671 1434 [1]
991 1116 [0]
722 1384 [1]
697 1409 [1]
960 1146 [1]
878 1228 [1]
767 1341 [0]
678 1429 [1]
560 1547 [1]
624 1484 [1]
744 1364 [1]
645 1463 [1]
637 1473 [0]
700 1409 [1]
998 1111 [1]
1043 1065 [3]
569 1542 [1]
1012 1101 [0]
970 1142 [1]
978 1136 [0]
899 1214 [1]
618 1494 [2]
867 1247 [1]
615 1500 [1]
952 1164 [1]
1007 1111 [0]
608 1510 [1]
607 1512 [1]
906 1213 [1]
804 1317 [0]
805 1315 [1]
903 1217 [1]
778 1345 [0]
986 1135 [2]
987 1137 [0]
551 1572 [1]
625 1500 [1]
882 1242 [2]
544 1581 [1]
656 1471 [0]
835 1291 [2]
1031 1097 [1]
1044 1082 [3]
795 1335 [0]
876 1255 [1]
554 1579 [0]
1020 1111 [2]
1052 1078 [3]
990 1141 [3]
898 1237 [0]
624 1510 [1]
806 1330 [1]
951 1187 [1]
988 1150 [1]
731 1406 [2]
747 1390 [2]
1032 1108 [1]
755 1387 [0]
567 1575 [1]
561 1581 [1]
924 1221 [0]
1024 1121 [0]
856 1288 [1]
654 1490 [1]
785 1360 [1]
811 1336 [0]
609 1537 [1]
829 1318 [1]
574 1572 [2]
925 1222 [2]
951 1197 [1]
561 1588 [1]
614 1535 [1]
906 1243 [1]
1036 1112 [2]
969 1181 [1]
670 1482 [0]
759 1392 [1]
890 1261 [1]
854 1299 [0]
710 1442 [1]
557 1597 [0]
1024 1131 [0]
949 1208 [0]
684 1471 [2]
887 1269 [2]
940 1215 [3]
568 1590 [1]
975 1183 [1]
691 1469 [0]
799 1362 [0]
1012 1149 [0]
722 1441 [0]
692 1470 [1]
842 1322 [0]
699 1465 [1]
819 1344 [2]
723 1441 [1]
707 1459 [0]
933 1233 [0]
751 1414 [1]
1033 1134 [0]
619 1547 [1]
719 1448 [1]
640 1528 [1]
1019 1149 [1]
1064 1106 [0]
719 1450 [1]
607 1562 [1]
1063 1106 [1]
642 1528 [1]
710 1459 [2]
762 1410 [0]
712 1459 [1]
716 1455 [1]
643 1529 [1]
759 1413 [1]
956 1215 [2]
704 1469 [1]
644 1529 [1]
840 1333 [1]
996 1180 [0]
668 1507 [1]
1009 1166 [1]
598 1580 [0]
981 1197 [0]
700 1477 [1]
592 1584 [2]
833 1347 [0]
603 1576 [1]
723 1456 [1]
786 1394 [1]
697 1483 [2]
1064 1117 [1]
713 1468 [1]
811 1371 [1]
673 1511 [1]
802 1383 [1]
835 1350 [1]
874 1313 [0]
886 1300 [1]
909 1279 [0]
610 1578 [1]
761 1429 [0]
684 1504 [3]
1041 1152 [0]
984 1208 [1]
751 1441 [1]
713 1477 [3]
658 1536 [0]
1034 1160 [0]
753 1442 [0]
635 1559 [1]
765 1430 [1]
810 1384 [2]
1055 1142 [0]
870 1327 [1]
831 1366 [1]
1025 1173 [1]
614 1586 [1]
942 1258 [1]
749 1453 [0]
739 1462 [1]
809 1391 [2]
797 1405 [1]
1086 1118 [0]
695 1508 [1]
970 1233 [1]
917 1286 [1]
727 1478 [0]
1067 1138 [1]
688 1518 [1]
827 1381 [0]
863 1345 [0]
1020 1186 [2]
709 1499 [1]
709 1498 [2]
998 1210 [1]
1030 1181 [0]
1057 1154 [0]
983 1227 [1]
839 1372 [1]
1075 1137 [1]
804 1406 [3]
795 1419 [1]
1007 1208 [1]
760 1457 [0]
1049 1166 [2]
772 1444 [1]
1034 1183 [1]
693 1523 [2]
1095 1122 [1]
949 1270 [0]
699 1521 [0]
782 1438 [0]
1107 1113 [0]
1054 1165 [1]
861 1358 [2]
939 1282 [1]
981 1242 [0]
740 1484 [0]
638 1584 [2]
853 1373 [0]
907 1317 [2]
947 1280 [0]
950 1276 [1]
1082 1145 [1]
970 1256 [2]
980 1249 [0]
877 1353 [0]
831 1399 [1]
699 1531 [1]
805 1425 [1]
725 1504 [2]
781 1451 [0]
977 1255 [0]
988 1244 [0]
717 1514 [1]
984 1247 [1]
1071 1162 [0]
1090 1143 [0]
891 1341 [1]
876 1356 [1]
1020 1213 [1]
725 1507 [2]
740 1495 [0]
878 1356 [1]
692 1540 [3]
1012 1223 [1]
927 1308 [1]
827 1411 [0]
880 1356 [2]
1035 1204 [0]
938 1299 [2]
1024 1215 [2]
643 1598 [1]
839 1404 [0]
1076 1168 [1]
784 1462 [0]
795 1452 [1]
1111 1136 [1]
689 1559 [1]
1038 1210 [1]
788 1459 [2]
959 1289 [1]
683 1565 [2]
818 1432 [1]
993 1257 [1]
832 1419 [2]
894 1359 [1]
927 1326 [1]
883 1371 [1]
1069 1187 [0]
1123 1132 [1]
936 1319 [1]
707 1550 [1]
710 1547 [1]
788 1470 [1]
1042 1215 [2]
1057 1204 [0]
1030 1233 [1]
1042 1220 [2]
728 1536 [1]
843 1420 [2]
729 1536 [1]
1120 1145 [1]
1108 1157 [1]
1032 1235 [0]
765 1501 [1]
880 1388 [0]
747 1520 [1]
1103 1164 [1]
673 1594 [1]
772 1496 [1]
975 1293 [1]
919 1350 [1]
676 1593 [1]
846 1424 [1]
1050 1222 [0]
734 1537 [1]
938 1332 [2]
719 1553 [1]
759 1513 [1]
702 1572 [0]
1075 1200 [0]
1114 1161 [1]
829 1448 [0]
931 1346 [0]
755 1521 [1]
744 1531 [2]
1108 1170 [0]
1051 1228 [0]
1107 1173 [1]
1051 1230 [1]
944 1339 [1]
802 1480 [2]
1040 1244 [1]
983 1302 [1]
837 1450 [1]
763 1523 [2]
834 1455 [1]
1093 1195 [2]
897 1392 [2]
972 1321 [0]
1081 1214 [0]
806 1490 [0]
707 1588 [1]
724 1571 [1]
1025 1270 [1]
796 1500 [1]
876 1422 [0]
933 1365 [0]
710 1587 [1]
823 1473 [2]
902 1397 [0]
730 1568 [1]
782 1518 [0]
1048 1252 [0]
1137 1162 [1]
791 1508 [2]
1007 1294 [1]
1117 1184 [1]
707 1595 [1]
770 1532 [1]
1136 1166 [1]
841 1460 [2]
995 1307 [1]
990 1314 [0]
891 1411 [2]
937 1369 [0]
834 1471 [1]
1110 1195 [2]
781 1525 [1]
737 1571 [0]
929 1379 [1]
985 1325 [0]
717 1592 [1]
713 1595 [2]
990 1317 [3]
910 1402 [0]
1131 1181 [0]
764 1549 [0]
857 1454 [2]
936 1377 [1]
953 1358 [3]
870 1444 [2]
1048 1269 [0]
1107 1211 [1]
737 1584 [0]
819 1500 [2]
821 1501 [0]
959 1362 [1]
944 1378 [1]
1136 1186 [1]
950 1372 [1]
1008 1316 [0]
1032 1291 [1]
1052 1273 [1]
985 1340 [1]
851 1475 [1]
959 1367 [1]
1000 1328 [0]
1058 1271 [0]
845 1484 [1]
901 1428 [1]
991 1337 [2]
966 1364 [1]
1051 1279 [1]
878 1453 [1]
937 1394 [1]
887 1444 [2]
807 1527 [0]
948 1384 [2]
1029 1306 [0]
845 1489 [1]
860 1473 [2]
858 1478 [0]
1073 1264 [0]
1055 1283 [0]
1070 1272 [0]
1157 1186 [0]
951 1391 [1]
1035 1308 [2]
1106 1240 [1]
780 1566 [1]
1084 1266 [0]
1173 1177 [0]
861 1488 [1]
786 1563 [1]
1115 1233 [2]
989 1358 [3]
1135 1219 [0]
787 1566 [1]
780 1574 [1]
946 1410 [0]
1151 1205 [0]
999 1356 [1]
915 1440 [1]
1049 1306 [1]
1099 1256 [2]
1117 1241 [0]
867 1494 [1]
1006 1356 [1]
844 1521 [0]
1002 1362 [1]
1042 1321 [2]
1047 1319 [0]
1168 1197 [1]
940 1424 [2]
1042 1324 [1]
908 1458 [1]
774 1594 [0]
828 1541 [1]
1159 1213 [0]
1155 1217 [1]
1010 1363 [1]
1021 1352 [1]
986 1390 [0]
1075 1301 [0]
871 1506 [0]
1123 1254 [1]
924 1453 [1]
870 1509 [1]
1058 1320 [2]
807 1575 [0]
1019 1362 [1]
1025 1358 [0]
1035 1348 [1]
872 1511 [1]
1062 1323 [0]
969 1415 [1]
942 1442 [1]
963 1423 [1]
926 1462 [0]
995 1393 [0]
822 1565 [1]
1127 1261 [1]
981 1409 [1]
1026 1366 [0]
1150 1242 [1]
1095 1298 [1]
1054 1341 [0]
963 1431 [1]
1141 1253 [1]
1139 1256 [2]
919 1479 [0]
1119 1278 [1]
1017 1380 [1]
910 1491 [0]
1181 1219 [1]
844 1557 [1]
889 1512 [1]
1098 1305 [0]
1099 1305 [0]
836 1568 [1]
882 1522 [1]
960 1444 [1]
943 1461 [1]
1087 1318 [1]
1024 1381 [1]
917 1490 [0]
1112 1293 [2]
968 1440 [0]
1058 1349 [1]
959 1448 [1]
903 1506 [1]
1121 1290 [0]
947 1466 [0]
1088 1326 [0]
969 1445 [1]
1112 1301 [2]
1053 1363 [0]
1175 1240 [1]
1080 1337 [2]
1188 1231 [1]
967 1453 [1]
1004 1420 [0]
1061 1363 [0]
1077 1347 [1]
1105 1319 [1]
1206 1220 [1]
1018 1408 [1]
964 1462 [1]
1103 1320 [5]
1064 1365 [0]
929 1501 [1]
1070 1360 [1]
932 1500 [0]
907 1524 [1]
1016 1416 [1]
879 1553 [1]
1015 1420 [0]
1188 1248 [0]
1124 1311 [1]
979 1459 [1]
920 1518 [2]
890 1549 [1]
1147 1294 [0]
899 1544 [1]
1045 1400 [0]
943 1503 [0]
1013 1432 [1]
954 1491 [1]
1209 1237 [1]
1173 1273 [1]
931 1517 [0]
1185 1264 [0]
1089 1361 [0]
1187 1262 [1]
1222 1228 [1]
1073 1379 [2]
1151 1302 [1]
918 1537 [0]
1012 1442 [1]
1198 1258 [0]
949 1506 [1]
921 1534 [1]
1098 1360 [0]
858 1599 [1]
961 1498 [1]
1100 1359 [1]
908 1552 [1]
896 1564 [1]
914 1548 [0]
869 1594 [1]
898 1566 [1]
1213 1251 [1]
1144 1321 [1]
951 1516 [1]
976 1491 [2]
925 1545 [1]
1136 1334 [1]
1070 1403 [1]
1232 1242 [1]
1030 1444 [1]
912 1564 [0]
962 1516 [0]
916 1562 [1]
995 1483 [1]
1148 1332 [0]
966 1514 [1]
1006 1474 [1]
1064 1417 [1]
1191 1290 [1]
1223 1259 [1]
1208 1275 [1]
1076 1408 [1]
1137 1348 [1]
902 1583 [1]
1202 1283 [1]
1242 1244 [1]
1225 1263 [0]
1028 1459 [1]
946 1541 [1]
1173 1314 [1]
931 1556 [1]
975 1513 [1]
1118 1370 [1]
977 1511 [1]
1159 1331 [0]
931 1559 [1]
1029 1464 [0]
1111 1382 [0]
1063 1430 [1]
1247 1249 [1]
1156 1342 [0]
948 1549 [1]
980 1517 [1]
913 1583 [2]
1195 1304 [0]
1045 1453 [1]
1095 1404 [1]
1007 1493 [1]
1133 1369 [0]
952 1549 [1]
912 1590 [1]
921 1581 [1]
1200 1304 [1]
939 1566 [1]
1041 1465 [1]
1013 1496 [0]
1162 1347 [0]
1119 1388 [2]
965 1544 [1]
997 1511 [2]
1127 1382 [1]
984 1529 [0]
1136 1377 [1]
1152 1360 [2]
1116 1397 [1]
995 1519 [1]
1112 1403 [1]
1197 1318 [1]
1108 1408 [1]
1036 1480 [1]
1088 1429 [1]
1088 1432 [1]
937 1583 [1]
952 1569 [1]
1064 1457 [1]
1075 1446 [1]
1122 1401 [0]
1037 1487 [0]
1088 1435 [1]
1008 1517 [0]
1230 1296 [0]
1097 1430 [0]
1129 1398 [0]
1198 1329 [0]
1205 1321 [1]
1110 1419 [2]
1202 1329 [1]
1248 1286 [1]
1237 1299 [1]
1190 1347 [1]
968 1571 [1]
1239 1301 [1]
1267 1275 [0]
1154 1390 [0]
963 1581 [1]
1124 1422 [2]
972 1576 [1]
1191 1358 [1]
982 1567 [1]
1032 1518 [1]
1082 1469 [1]
1000 1553 [0]
982 1570 [1]
1215 1338 [2]
1263 1291 [1]
1210 1346 [0]
1192 1363 [1]
1000 1557 [0]
1164 1396 [1]
1255 1306 [1]
1005 1557 [1]
1225 1337 [2]
971 1594 [0]
1026 1539 [0]
1092 1473 [0]
1257 1309 [0]
1058 1507 [1]
1263 1303 [1]
1222 1344 [1]
972 1595 [1]
1160 1410 [1]
1269 1303 [0]
1235 1338 [1]
1264 1310 [1]
1103 1471 [1]
1105 1469 [1]
1168 1409 [0]
1245 1331 [1]
1105 1471 [1]
1176 1400 [1]
1163 1419 [1]
1261 1322 [1]
1145 1440 [0]
1146 1439 [0]
1234 1351 [1]
1221 1366 [0]
1117 1469 [1]
1215 1371 [1]
1292 1296 [0]
1154 1433 [1]
1282 1305 [1]
1270 1319 [1]
1117 1474 [1]
1045 1547 [1]
1272 1322 [0]
1125 1470 [0]
1263 1333 [0]
1191 1407 [0]
1073 1524 [1]
1001 1598 [1]
1055 1544 [1]
1051 1550 [1]
1223 1379 [1]
1276 1326 [1]
1238 1368 [0]
1078 1527 [1]
1085 1522 [0]
1261 1345 [1]
1032 1575 [1]
1174 1435 [0]
1023 1585 [1]
1099 1509 [1]
1137 1474 [0]
1175 1437 [0]
1077 1535 [1]
1063 1549 [1]
1050 1564 [0]
1074 1540 [0]
1024 1592 [1]
1060 1559 [0]
1179 1439 [1]
1069 1551 [0]
1247 1374 [1]
1027 1595 [1]
1257 1365 [1]
1163 1459 [1]
1232 1392 [0]
1280 1345 [1]
1278 1350 [0]
1297 1330 [1]
1291 1339 [0]
1185 1446 [1]
1296 1337 [1]
1106 1528 [1]
1194 1441 [1]
1216 1421 [0]
1070 1567 [1]
1091 1548 [0]
1280 1359 [0]
1063 1577 [0]
1313 1326 [1]
1175 1465 [1]
1223 1426 [0]
1111 1537 [1]
1092 1556 [1]
1124 1523 [2]
1130 1523 [0]
1277 1376 [0]
1173 1479 [1]
1136 1516 [1]
1140 1511 [2]
1196 1459 [2]
1181 1476 [1]
1163 1494 [1]
1291 1367 [1]
1197 1460 [2]
1226 1434 [0]
1299 1361 [1]
1229 1432 [1]
1186 1477 [0]
1076 1585 [2]
1312 1349 [2]
1124 1540 [0]
1280 1384 [1]
1183 1482 [1]
1185 1481 [1]
1079 1588 [1]
1220 1449 [0]
1140 1529 [1]
1071 1598 [1]
1229 1440 [1]
1097 1574 [0]
1327 1344 [1]
1158 1515 [0]
1231 1442 [0]
1174 1498 [1]
1237 1436 [1]
1111 1563 [1]
1086 1590 [0]
1284 1392 [0]
1204 1471 [1]
1283 1394 [0]
1188 1488 [1]
1258 1421 [1]
1199 1480 [2]
1326 1354 [1]
1164 1516 [1]
1168 1515 [0]
1109 1573 [1]
1146 1538 [0]
1098 1585 [1]
1277 1407 [1]
1197 1490 [1]
1322 1369 [1]
1147 1547 [1]
1276 1420 [1]
1199 1498 [1]
1250 1448 [1]
1276 1427 [0]
1249 1455 [1]
1302 1403 [1]
1139 1566 [1]
1249 1456 [1]
1131 1580 [1]
1297 1415 [1]
1138 1575 [1]
1293 1424 [1]
1356 1366 [1]
1165 1558 [1]
1174 1549 [1]
1194 1531 [0]
1283 1443 [1]
1262 1466 [1]
1319 1409 [1]
1204 1524 [1]
1280 1452 [1]
1238 1496 [1]
1270 1465 [1]
1257 1478 [1]
1160 1575 [1]
1252 1486 [2]
1148 1592 [1]
1227 1515 [1]
1334 1410 [1]
1302 1444 [0]
1305 1440 [1]
1325 1422 [0]
1349 1398 [0]
1257 1489 [1]
1277 1469 [1]
1280 1467 [1]
1286 1463 [0]
1351 1397 [1]
1263 1485 [1]
1289 1461 [0]
1247 1503 [1]
1263 1486 [2]
1257 1494 [1]
1364 1388 [1]
1334 1421 [0]
1276 1479 [1]
1183 1574 [1]
1284 1473 [1]
1185 1574 [1]
1258 1503 [1]
1283 1482 [1]
1181 1586 [1]
1260 1514 [0]
1207 1570 [0]
1270 1509 [1]
1242 1539 [1]
1314 1467 [1]
1256 1527 [1]
1332 1453 [0]
1295 1492 [0]
1284 1503 [1]
1227 1563 [1]
1255 1538 [1]
1337 1458 [1]
1301 1494 [1]
1354 1445 [0]
1239 1560 [1]
1204 1596 [1]
1365 1436 [1]
1379 1423 [1]
1290 1513 [1]
1316 1494 [0]
1279 1532 [1]
1239 1575 [1]
1298 1518 [1]
1242 1578 [1]
1225 1597 [0]
1277 1552 [1]
1266 1569 [1]
1282 1555 [0]
1268 1593 [1]
1397 1465 [1]
1288 1574 [1]
1284 1579 [1]
1397 1466 [1]
1408 1456 [1]
1301 1569 [0]
1382 1491 [0]
1386 1487 [0]
1370 1503 [1]
1281 1594 [1]
1306 1573 [0]
1391 1486 [2]
1352 1530 [1]
1322 1561 [1]
1299 1586 [1]
1398 1492 [1]
1362 1532 [1]
1345 1553 [1]
1439 1459 [1]
1329 1570 [1]
1377 1525 [1]
1357 1547 [0]
1330 1578 [1]
1372 1538 [0]
1450 1461 [0]
1396 1530 [0]
1459 1466 [1]
1356 1576 [1]
1394 1539 [1]
1411 1524 [0]
1380 1554 [1]
1448 1486 [1]
1370 1566 [0]
1453 1488 [1]
1411 1531 [1]
1430 1516 [0]
1380 1571 [1]
1436 1521 [1]
1365 1593 [1]
1461 1497 [1]
1398 1562 [1]
1377 1586 [0]
1390 1573 [1]
1405 1561 [0]
1434 1532 [0]
1402 1577 [0]
1413 1565 [1]
1454 1529 [1]
1462 1522 [1]
1442 1546 [1]
1473 1517 [1]
1425 1565 [1]
1485 1508 [1]
1403 1592 [0]
1459 1540 [1]
1484 1522 [1]
1449 1564 [1]
1470 1543 [1]
1508 1516 [1]
1454 1576 [1]
1518 1519 [0]
1478 1559 [1]
1441 1596 [1]
1458 1582 [0]
1511 1531 [0]
1448 1598 [0]
1499 1572 [1]
1513 1574 [0]
1540 1551 [1]
1541 1576 [0]
1565 1579 [1]
1563 1583 [0]
1572 1593 [1]
