800
10
400
7
2
0
1
3
5
10
4
8
19
11
13
16
23
17
6
18
12
15
31
20
43
55
54
90
46
22
35
62
44
32
28
39
67
34
9
25
21
60
14
41
27
52
36
30
38
26
47
58
86
61
50
64
66
37
57
72
42
114
59
143
139
48
127
92
24
40
56
65
82
186
111
33
53
68
74
115
69
76
75
73
77
104
87
29
147
45
133
63
49
84
89
132
118
91
97
71
107
108
70
128
172
106
94
117
85
51
81
95
98
123
152
203
80
150
141
140
100
224
153
268
121
110
151
102
99
120
162
166
159
169
165
79
103
137
96
175
116
122
78
93
136
88
113
221
83
164
124
149
215
177
160
125
189
226
157
182
158
129
176
154
109
184
119
236
174
181
148
134
130
146
126
163
170
217
200
199
195
198
131
155
187
112
144
214
245
193
259
197
101
206
168
191
210
173
179
287
216
223
208
167
202
294
247
204
248
227
233
196
178
138
142
230
276
242
161
321
332
185
270
241
275
251
135
183
319
258
220
313
234
228
201
246
326
192
292
222
190
282
207
156
254
205
290
250
229
289
145
213
105
218
237
212
261
257
304
280
256
211
238
225
209
243
180
239
310
284
295
286
271
344
232
235
330
302
315
249
171
283
342
309
348
293
279
291
300
388
231
350
303
386
341
351
381
362
406
252
298
307
269
343
219
311
305
569
439
458
363
414
244
274
356
372
379
328
337
389
194
354
316
322
323
334
462
376
297
357
390
366
561
378
296
365
398
331
369
349
499
262
285
336
320
367
188
263
265
299
267
281
434
346
468
399
318
353
438
387
314
317
340
396
301
407
324
493
472
264
368
404
255
430
278
260
325
530
338
277
426
253
360
500
445
329
377
453
266
385
403
537
542
417
397
413
370
482
442
571
374
373
410
423
359
395
391
435
424
273
371
312
335
509
333
456
358
375
411
418
533
425
515
501
436
678
416
401
308
380
345
528
427
408
529
448
535
429
492
383
547
288
393
510
522
420
676
364
447
511
446
466
443
392
384
516
412
496
519
552
667
738
494
444
612
524
405
441
498
488
580
484
306
382
476
614
361
440
487
598
347
454
538
652
461
394
504
460
240
327
449
451
584
545
422
556
481
437
352
355
613
477
523
467
536
517
555
486
452
798
432
655
503
640
563
455
339
421
490
469
433
415
478
471
593
626
570
495
459
497
475
507
543
592
562
521
565
576
585
474
409
465
457
272
428
768
796
739
564
550
450
526
532
601
559
558
594
609
663
479
637
470
525
688
505
534
483
708
502
683
551
644
784
649
520
681
603
600
623
582
751
639
544
635
756
518
595
587
646
662
531
419
583
463
480
622
625
666
630
621
597
615
590
473
568
632
765
685
618
599
506
553
648
402
714
620
692
513
539
608
647
740
602
658
674
715
631
566
548
578
718
624
741
567
560
721
629
779
698
588
690
634
737
699
673
549
727
682
464
541
722
546
489
606
769
753
657
514
653
586
773
703
591
775
706
628
617
508
679
627
689
485
687
755
709
650
680
589
573
581
684
691
607
527
730
776
664
574
577
726
610
540
557
746
643
491
660
604
762
697
788
572
554
596
790
700
733
717
702
735
713
716
732
636
747
743
710
579
724
777
772
665
752
761
763
766
736
799
744
760
694
670
782
771
785
728
767
701
734
654
711
720
791
786
754
781
668
794
642
780
707
575
672
758
719
795
797
764
677
778
671
651
745
793
731
787
774
748
749
656
742
723
616
783
638
792
789
705
757
431
659
675
645
729
759
661
712
605
696
725
619
693
704
669
641
686
633
770
695
512
611
750
0 1 [0]
0 2 [0]
0 3 [0]
1 3 [0]
2 3 [0]
2 4 [0]
3 5 [0]
0 6 [2]
2 7 [0]
1 6 [2]
0 4 [5]
2 6 [2]
0 5 [5]
4 8 [0]
4 10 [0]
1 11 [2]
5 10 [0]
0 13 [2]
0 10 [5]
3 10 [2]
1 9 [6]
2 12 [2]
3 6 [8]
0 15 [2]
2 19 [0]
1 12 [8]
3 16 [2]
0 19 [2]
6 17 [0]
6 18 [0]
11 13 [0]
7 19 [0]
3 15 [8]
5 19 [2]
8 19 [0]
12 15 [0]
0 21 [6]
7 14 [6]
0 20 [8]
10 16 [2]
13 16 [0]
4 17 [8]
11 19 [0]
12 18 [0]
4 18 [8]
7 21 [2]
1 24 [6]
1 25 [6]
7 23 [2]
5 20 [8]
9 25 [0]
3 25 [6]
4 22 [8]
7 25 [2]
5 24 [6]
4 26 [6]
0 28 [8]
11 17 [8]
4 27 [6]
1 28 [8]
2 30 [6]
12 20 [6]
16 23 [0]
6 27 [6]
8 25 [6]
2 35 [2]
7 26 [6]
17 23 [0]
1 31 [8]
0 32 [8]
12 22 [6]
10 23 [8]
0 36 [6]
0 34 [8]
9 34 [0]
3 32 [8]
13 22 [8]
17 18 [8]
12 26 [6]
8 30 [6]
1 37 [6]
6 32 [6]
0 38 [6]
2 36 [6]
9 29 [7]
11 28 [6]
17 22 [6]
21 25 [0]
15 31 [0]
3 37 [6]
12 28 [6]
3 35 [8]
7 33 [6]
11 29 [7]
4 37 [6]
1 40 [6]
16 26 [6]
17 25 [6]
7 39 [2]
10 33 [6]
5 38 [6]
4 40 [6]
5 39 [6]
3 39 [8]
19 23 [8]
2 46 [2]
20 31 [0]
4 41 [6]
22 23 [6]
20 23 [8]
1 43 [8]
7 44 [2]
8 40 [6]
18 30 [6]
10 38 [6]
16 32 [6]
14 41 [0]
23 26 [6]
10 39 [6]
3 44 [8]
22 35 [0]
19 32 [6]
23 28 [6]
25 26 [7]
2 54 [2]
6 47 [6]
5 48 [6]
1 51 [7]
17 36 [6]
28 32 [0]
3 52 [6]
16 39 [6]
6 50 [6]
15 41 [6]
20 43 [0]
23 33 [7]
24 40 [0]
26 38 [0]
12 46 [6]
13 45 [7]
0 59 [6]
7 51 [7]
30 36 [0]
28 39 [0]
29 38 [0]
11 49 [7]
22 46 [0]
27 41 [0]
30 38 [0]
15 47 [6]
6 56 [7]
16 47 [6]
25 37 [7]
6 58 [6]
4 60 [6]
7 57 [6]
8 57 [6]
1 62 [8]
20 45 [7]
30 42 [0]
2 64 [6]
32 39 [1]
26 47 [0]
9 57 [7]
1 66 [6]
23 44 [6]
7 60 [6]
14 60 [0]
14 53 [7]
10 58 [6]
32 44 [0]
15 55 [6]
3 68 [6]
5 66 [6]
7 63 [7]
7 64 [6]
6 66 [6]
3 69 [7]
27 52 [0]
9 70 [0]
0 73 [6]
7 66 [6]
18 55 [6]
2 70 [7]
22 50 [7]
14 58 [7]
10 64 [6]
21 60 [0]
36 45 [0]
6 68 [7]
16 59 [6]
5 69 [7]
4 78 [0]
6 69 [7]
4 72 [6]
6 70 [7]
6 78 [0]
9 68 [7]
18 59 [7]
6 79 [0]
5 73 [7]
17 62 [6]
39 44 [2]
33 53 [0]
22 57 [7]
10 69 [7]
13 67 [6]
38 41 [7]
36 51 [0]
32 48 [7]
4 76 [7]
3 77 [7]
0 80 [7]
36 52 [0]
11 70 [7]
40 41 [7]
1 80 [7]
9 72 [7]
26 63 [0]
17 66 [6]
2 80 [7]
12 78 [0]
6 77 [7]
15 68 [7]
2 82 [6]
8 76 [7]
19 66 [6]
41 44 [6]
10 75 [7]
6 80 [7]
23 63 [7]
13 73 [7]
11 75 [7]
36 50 [7]
37 57 [0]
11 83 [0]
0 87 [7]
4 84 [7]
17 72 [6]
22 66 [7]
7 82 [6]
40 56 [0]
29 60 [7]
2 87 [7]
35 62 [0]
27 70 [0]
6 84 [7]
24 73 [0]
43 55 [0]
14 77 [7]
10 81 [7]
16 83 [0]
36 63 [0]
44 48 [7]
40 52 [7]
1 92 [6]
21 79 [0]
8 85 [7]
26 74 [0]
2 92 [6]
41 52 [7]
34 67 [0]
18 76 [7]
41 53 [7]
10 84 [7]
23 72 [6]
2 93 [7]
33 69 [0]
7 88 [7]
37 66 [0]
11 85 [7]
24 80 [0]
33 71 [0]
47 58 [0]
14 83 [8]
25 80 [0]
13 85 [7]
39 67 [0]
44 62 [0]
15 84 [7]
23 76 [7]
17 82 [7]
2 97 [7]
47 52 [7]
27 80 [0]
16 84 [7]
38 69 [0]
40 60 [7]
2 105 [0]
6 95 [7]
28 73 [7]
12 90 [6]
54 55 [0]
31 71 [7]
3 99 [7]
44 58 [7]
41 61 [7]
4 99 [7]
50 61 [0]
12 99 [0]
51 60 [0]
20 84 [7]
46 58 [7]
49 63 [0]
21 83 [8]
38 74 [0]
2 104 [6]
27 78 [8]
34 79 [0]
14 99 [0]
36 77 [0]
50 64 [0]
42 72 [0]
44 63 [7]
10 97 [7]
24 92 [0]
29 87 [0]
10 99 [7]
5 104 [7]
21 96 [0]
11 99 [7]
6 104 [7]
4 106 [7]
0 110 [7]
6 112 [0]
22 89 [7]
55 56 [7]
1 111 [6]
6 113 [0]
2 109 [8]
19 94 [7]
52 61 [7]
27 86 [7]
53 68 [0]
56 65 [0]
23 91 [7]
24 97 [0]
22 92 [7]
55 60 [6]
23 99 [0]
20 102 [0]
13 109 [0]
11 104 [7]
18 97 [7]
2 114 [6]
5 110 [7]
28 95 [0]
60 63 [0]
0 116 [7]
12 112 [0]
15 109 [0]
56 61 [7]
5 113 [7]
56 62 [7]
0 118 [7]
58 60 [7]
9 118 [0]
4 116 [7]
46 74 [7]
28 92 [7]
27 93 [8]
15 113 [0]
6 115 [7]
55 66 [7]
24 104 [0]
57 72 [0]
9 112 [8]
31 98 [0]
31 91 [7]
4 118 [7]
56 73 [0]
30 100 [0]
64 66 [0]
41 82 [7]
2 121 [7]
6 124 [0]
0 123 [7]
24 105 [1]
15 108 [7]
32 99 [0]
20 104 [7]
16 108 [7]
28 103 [0]
4 120 [7]
1 123 [7]
21 105 [5]
14 109 [8]
24 107 [0]
46 85 [0]
35 89 [7]
7 117 [7]
51 81 [0]
19 113 [0]
4 121 [7]
49 84 [0]
2 124 [7]
47 79 [8]
14 120 [0]
35 99 [0]
27 107 [0]
41 86 [7]
40 95 [0]
46 90 [0]
51 85 [0]
47 89 [0]
43 86 [7]
27 110 [0]
37 100 [0]
52 85 [0]
20 111 [7]
3 128 [7]
51 83 [5]
35 97 [7]
11 121 [7]
28 104 [7]
44 96 [0]
7 127 [6]
68 74 [0]
46 96 [0]
21 121 [0]
43 99 [0]
3 131 [8]
22 121 [0]
71 72 [0]
25 111 [7]
10 127 [6]
58 86 [0]
33 111 [0]
54 90 [0]
56 80 [8]
40 104 [0]
69 76 [0]
60 85 [0]
38 107 [0]
3 142 [0]
72 73 [0]
52 86 [7]
20 126 [0]
60 78 [8]
0 138 [8]
7 131 [8]
52 94 [0]
9 129 [8]
7 132 [7]
15 131 [0]
61 86 [0]
65 82 [0]
14 125 [8]
50 90 [7]
0 140 [7]
2 145 [0]
21 119 [8]
17 131 [0]
52 88 [8]
73 75 [0]
55 86 [7]
8 133 [7]
19 129 [0]
13 128 [7]
32 109 [8]
51 93 [5]
41 108 [0]
58 91 [0]
1 141 [7]
4 139 [6]
50 92 [7]
73 77 [0]
20 130 [0]
47 96 [8]
75 76 [0]
34 117 [0]
4 140 [7]
12 132 [7]
16 128 [7]
3 141 [7]
54 98 [0]
10 142 [0]
4 148 [0]
31 114 [7]
19 127 [6]
54 99 [0]
6 140 [7]
8 139 [6]
14 135 [5]
37 109 [8]
21 125 [8]
67 88 [0]
53 94 [8]
49 98 [8]
19 136 [0]
9 139 [7]
32 123 [0]
1 147 [7]
21 126 [8]
42 114 [0]
31 118 [7]
34 115 [7]
2 147 [7]
35 115 [7]
71 86 [0]
42 115 [0]
23 134 [0]
11 146 [0]
8 143 [6]
1 156 [0]
7 142 [8]
53 96 [8]
0 150 [7]
47 103 [8]
16 142 [0]
37 121 [0]
4 154 [0]
19 132 [7]
1 150 [7]
15 144 [0]
26 125 [8]
17 142 [0]
22 137 [0]
18 141 [0]
51 103 [5]
1 151 [7]
51 100 [8]
60 100 [0]
20 133 [7]
6 147 [7]
11 143 [6]
34 119 [8]
1 153 [7]
2 152 [7]
20 142 [0]
61 93 [8]
58 96 [8]
18 144 [0]
52 110 [0]
16 146 [0]
60 103 [0]
53 102 [8]
5 151 [7]
66 90 [7]
44 112 [8]
18 146 [0]
63 93 [8]
54 110 [0]
64 93 [8]
55 110 [0]
75 83 [8]
32 127 [7]
5 161 [0]
42 116 [8]
17 149 [0]
9 149 [8]
0 159 [7]
7 152 [7]
3 155 [8]
33 133 [0]
66 93 [8]
0 160 [7]
2 157 [8]
71 97 [0]
24 136 [8]
17 151 [0]
18 143 [7]
62 107 [0]
76 85 [8]
40 122 [8]
62 108 [0]
1 162 [7]
75 87 [8]
23 148 [0]
62 101 [8]
78 93 [0]
34 137 [0]
0 164 [7]
39 124 [8]
4 167 [0]
68 96 [8]
65 99 [8]
35 137 [0]
62 110 [0]
5 167 [0]
9 155 [8]
65 107 [0]
18 154 [0]
59 114 [0]
84 89 [0]
36 129 [8]
6 167 [0]
4 162 [7]
1 165 [7]
36 130 [8]
15 159 [0]
67 107 [0]
48 127 [0]
86 89 [0]
29 147 [0]
81 95 [0]
36 140 [0]
66 103 [8]
18 159 [0]
4 173 [0]
4 166 [7]
5 165 [7]
70 108 [0]
38 135 [5]
17 161 [0]
26 152 [0]
28 150 [0]
4 174 [0]
71 107 [0]
62 116 [0]
45 133 [0]
18 160 [0]
57 114 [7]
2 169 [7]
42 129 [8]
6 173 [0]
14 165 [0]
63 108 [8]
7 165 [7]
14 158 [8]
14 166 [0]
6 174 [0]
78 97 [5]
28 152 [0]
0 180 [0]
2 170 [8]
77 104 [0]
15 166 [0]
17 164 [0]
6 175 [0]
79 103 [0]
43 131 [8]
6 176 [0]
33 141 [8]
0 174 [8]
41 134 [8]
49 129 [5]
29 149 [5]
87 88 [8]
69 115 [0]
17 167 [0]
5 172 [7]
0 177 [7]
35 145 [5]
53 124 [8]
31 147 [7]
38 147 [0]
3 174 [8]
49 128 [8]
74 111 [0]
46 135 [5]
14 172 [0]
89 90 [7]
48 139 [0]
44 138 [5]
18 169 [0]
19 168 [0]
8 172 [7]
91 97 [0]
64 116 [8]
84 96 [8]
10 178 [0]
74 115 [0]
68 113 [8]
4 185 [0]
10 179 [0]
81 103 [5]
57 132 [0]
36 146 [8]
17 173 [0]
23 167 [0]
58 132 [0]
75 115 [0]
87 104 [0]
2 181 [8]
52 131 [8]
22 169 [0]
12 179 [0]
33 150 [8]
50 141 [0]
19 165 [7]
38 146 [8]
45 147 [0]
0 192 [0]
2 190 [0]
46 138 [8]
8 184 [0]
95 98 [0]
53 135 [5]
21 171 [1]
9 176 [8]
65 120 [8]
77 108 [8]
26 160 [8]
4 190 [0]
84 102 [8]
0 194 [0]
65 122 [8]
10 177 [8]
16 172 [7]
84 111 [0]
3 186 [6]
63 133 [0]
44 144 [8]
30 166 [0]
55 141 [0]
92 104 [0]
6 191 [0]
22 175 [0]
0 189 [8]
2 187 [8]
70 128 [0]
64 126 [8]
27 163 [8]
74 119 [5]
4 194 [0]
33 161 [5]
30 169 [0]
6 193 [0]
34 165 [0]
84 107 [8]
76 115 [8]
78 122 [0]
94 106 [0]
19 181 [0]
12 183 [5]
72 128 [0]
69 123 [8]
51 144 [5]
76 116 [8]
1 191 [8]
99 102 [0]
67 126 [8]
7 194 [0]
88 113 [0]
17 184 [0]
36 165 [0]
19 182 [0]
59 143 [0]
85 117 [0]
52 145 [5]
65 129 [8]
36 166 [0]
63 139 [0]
91 111 [0]
30 168 [5]
25 170 [8]
7 189 [7]
9 194 [1]
57 142 [5]
28 168 [8]
20 184 [0]
3 193 [8]
91 109 [5]
49 156 [1]
76 122 [8]
31 175 [0]
13 193 [0]
2 196 [8]
7 191 [8]
41 161 [5]
31 171 [5]
12 195 [0]
66 141 [0]
57 143 [7]
77 126 [5]
66 134 [8]
12 196 [0]
64 136 [8]
6 202 [0]
46 162 [0]
91 118 [0]
48 153 [8]
11 198 [0]
57 152 [0]
38 171 [1]
45 160 [5]
0 203 [7]
15 195 [0]
28 174 [8]
15 194 [1]
83 122 [5]
44 161 [5]
65 137 [8]
66 136 [8]
40 162 [8]
94 117 [0]
75 131 [5]
12 199 [0]
61 150 [0]
1 202 [8]
1 203 [7]
17 194 [1]
60 144 [8]
17 195 [0]
0 204 [8]
7 205 [0]
98 114 [0]
2 203 [7]
97 115 [0]
51 157 [5]
16 197 [0]
1 212 [0]
26 183 [5]
40 166 [8]
71 142 [1]
12 202 [0]
55 159 [0]
21 186 [7]
36 170 [8]
1 213 [0]
4 210 [0]
107 108 [0]
25 185 [5]
59 148 [8]
26 181 [8]
39 168 [8]
84 126 [5]
9 199 [8]
8 208 [0]
3 213 [0]
0 208 [8]
7 201 [8]
97 118 [1]
67 145 [5]
81 131 [5]
35 174 [8]
13 204 [0]
11 206 [0]
10 207 [0]
84 133 [0]
28 185 [5]
33 177 [8]
18 200 [0]
92 127 [0]
99 120 [0]
44 175 [0]
53 161 [5]
10 209 [0]
7 212 [0]
1 210 [8]
7 204 [8]
39 173 [8]
13 207 [0]
58 162 [0]
50 162 [8]
84 128 [8]
75 137 [8]
4 216 [0]
53 159 [8]
89 132 [0]
98 123 [0]
50 163 [8]
85 131 [5]
11 203 [7]
7 206 [8]
46 171 [5]
50 164 [8]
60 162 [0]
99 115 [8]
51 166 [5]
28 190 [5]
6 212 [5]
11 212 [0]
4 219 [0]
1 222 [0]
35 188 [1]
88 136 [0]
86 130 [8]
61 155 [8]
85 138 [1]
10 206 [8]
2 215 [7]
20 196 [8]
78 146 [0]
63 161 [1]
62 155 [8]
71 149 [5]
66 151 [8]
8 217 [0]
94 123 [8]
51 171 [4]
60 161 [5]
91 130 [5]
34 184 [8]
6 220 [0]
60 166 [0]
1 225 [0]
21 201 [5]
15 207 [5]
97 125 [5]
4 223 [0]
22 201 [5]
50 173 [5]
11 217 [0]
10 218 [0]
18 210 [0]
24 199 [5]
97 126 [5]
62 161 [5]
93 136 [0]
41 183 [5]
26 195 [8]
22 199 [8]
60 169 [0]
59 162 [8]
10 219 [0]
47 178 [5]
80 150 [0]
55 175 [0]
57 165 [8]
94 131 [5]
16 209 [5]
19 211 [0]
27 203 [0]
50 180 [1]
110 121 [0]
55 168 [8]
32 191 [8]
47 179 [5]
87 136 [8]
61 162 [8]
59 172 [0]
15 208 [8]
27 197 [8]
9 218 [5]
70 161 [1]
7 217 [8]
87 137 [8]
11 221 [0]
89 138 [5]
49 178 [5]
17 215 [0]
74 154 [5]
94 138 [1]
102 126 [5]
96 137 [0]
63 162 [8]
5 221 [7]
16 217 [0]
66 159 [8]
6 222 [5]
15 213 [5]
61 172 [0]
18 211 [5]
29 200 [5]
95 138 [1]
28 198 [8]
91 142 [1]
0 226 [8]
50 176 [8]
92 138 [5]
17 213 [5]
79 155 [1]
81 149 [5]
80 147 [8]
68 160 [8]
22 209 [5]
20 211 [5]
58 173 [5]
41 194 [1]
97 139 [0]
43 186 [7]
78 157 [1]
9 222 [5]
89 147 [0]
36 193 [8]
47 185 [5]
63 166 [8]
21 208 [8]
66 163 [8]
89 140 [8]
10 227 [0]
44 186 [7]
116 122 [0]
45 192 [1]
62 171 [5]
66 167 [5]
53 177 [8]
15 223 [0]
0 230 [8]
115 119 [5]
115 116 [8]
93 146 [0]
91 140 [8]
0 239 [0]
2 237 [0]
100 140 [0]
103 137 [0]
19 221 [0]
27 209 [5]
46 187 [8]
8 233 [0]
78 163 [0]
2 239 [0]
25 212 [5]
40 197 [5]
28 206 [8]
67 175 [0]
4 238 [0]
7 227 [8]
26 212 [5]
21 214 [8]
13 225 [5]
102 136 [5]
79 165 [0]
14 225 [5]
34 205 [5]
54 185 [5]
17 227 [0]
3 241 [0]
27 213 [5]
39 198 [8]
8 237 [0]
39 201 [5]
44 193 [8]
30 210 [5]
97 140 [8]
61 176 [8]
55 185 [5]
59 186 [0]
89 156 [1]
72 166 [8]
56 182 [8]
14 231 [1]
88 158 [0]
2 236 [8]
83 164 [0]
37 205 [5]
84 158 [5]
70 173 [5]
12 231 [5]
117 126 [5]
43 197 [8]
87 153 [8]
17 224 [7]
27 216 [5]
10 238 [0]
2 246 [0]
24 220 [5]
63 181 [5]
47 197 [5]
61 183 [5]
27 214 [8]
118 123 [8]
87 157 [5]
115 129 [5]
27 218 [5]
118 132 [0]
7 243 [0]
48 197 [5]
28 214 [8]
6 239 [5]
71 178 [1]
29 216 [5]
45 200 [5]
17 233 [0]
94 156 [1]
50 196 [5]
8 243 [0]
122 124 [5]
21 223 [8]
8 244 [0]
10 242 [0]
102 151 [0]
26 222 [5]
43 202 [8]
68 177 [8]
84 164 [5]
10 236 [8]
91 158 [5]
8 246 [0]
44 205 [5]
42 207 [5]
66 183 [5]
77 169 [8]
0 254 [0]
49 200 [5]
29 225 [1]
28 222 [5]
2 253 [0]
60 190 [5]
127 128 [0]
58 192 [5]
27 223 [5]
53 197 [5]
94 153 [8]
112 144 [0]
61 187 [8]
102 149 [5]
20 236 [0]
70 181 [5]
16 235 [5]
72 179 [5]
117 134 [5]
66 185 [5]
15 237 [5]
60 189 [8]
12 245 [0]
30 222 [5]
45 211 [1]
98 154 [5]
70 182 [5]
88 168 [1]
2 247 [8]
83 171 [4]
56 197 [5]
8 250 [0]
122 135 [1]
84 166 [8]
16 237 [5]
71 182 [5]
94 159 [5]
76 178 [5]
9 249 [1]
87 164 [8]
10 249 [0]
39 219 [1]
25 226 [8]
97 157 [5]
1 258 [0]
95 159 [5]
21 234 [5]
115 137 [8]
110 151 [0]
64 192 [5]
112 145 [4]
20 233 [8]
107 149 [5]
2 251 [8]
0 262 [0]
70 188 [4]
36 225 [1]
39 215 [8]
2 260 [0]
61 196 [5]
40 217 [5]
88 174 [0]
7 255 [0]
11 251 [0]
109 154 [0]
106 156 [1]
84 174 [5]
59 199 [5]
27 235 [1]
23 235 [5]
130 134 [0]
102 161 [1]
57 202 [5]
8 255 [1]
3 260 [1]
108 156 [1]
21 236 [8]
109 151 [5]
64 197 [5]
56 209 [1]
33 228 [5]
23 238 [5]
1 264 [1]
88 177 [1]
119 139 [8]
47 219 [1]
13 249 [5]
16 251 [0]
10 257 [0]
82 186 [0]
9 254 [5]
1 266 [1]
44 224 [0]
84 183 [1]
15 252 [1]
68 195 [5]
122 146 [0]
6 262 [1]
55 206 [8]
2 266 [1]
2 259 [8]
126 139 [5]
95 170 [5]
21 240 [9]
40 229 [1]
25 244 [1]
54 211 [5]
3 267 [0]
44 226 [0]
8 262 [1]
96 175 [0]
6 264 [1]
17 253 [1]
4 266 [1]
55 211 [5]
10 260 [1]
126 146 [0]
94 173 [5]
103 168 [1]
53 214 [5]
69 198 [5]
34 233 [5]
78 190 [4]
111 153 [8]
124 149 [0]
29 243 [1]
19 249 [5]
66 202 [5]
6 266 [1]
52 216 [5]
19 254 [0]
7 266 [0]
44 225 [5]
114 155 [5]
11 262 [1]
4 270 [0]
3 271 [0]
30 244 [1]
68 202 [5]
123 152 [0]
4 271 [0]
107 163 [5]
50 220 [5]
54 221 [0]
93 182 [0]
130 146 [0]
78 194 [4]
63 212 [1]
38 233 [5]
108 163 [5]
107 164 [5]
17 259 [0]
65 211 [1]
71 205 [1]
76 196 [5]
106 172 [0]
42 235 [1]
87 190 [1]
36 237 [5]
98 179 [1]
80 197 [1]
53 225 [1]
95 183 [1]
26 248 [5]
106 168 [5]
44 230 [5]
127 152 [0]
2 277 [0]
138 142 [0]
43 232 [5]
90 185 [5]
140 141 [0]
73 207 [1]
132 141 [8]
76 205 [1]
74 207 [1]
120 162 [0]
8 269 [5]
6 271 [5]
98 183 [1]
23 259 [0]
134 148 [0]
130 147 [5]
0 282 [0]
139 143 [0]
80 203 [0]
70 212 [1]
75 207 [1]
17 266 [1]
84 195 [5]
7 277 [0]
43 233 [8]
122 157 [5]
88 192 [4]
83 200 [1]
60 216 [8]
50 230 [5]
125 160 [0]
63 217 [5]
1 284 [0]
87 193 [5]
23 257 [5]
0 285 [0]
104 176 [5]
45 239 [1]
53 227 [5]
131 155 [0]
95 190 [1]
16 270 [0]
139 147 [0]
6 272 [9]
106 180 [1]
129 158 [0]
13 273 [1]
39 243 [5]
4 283 [0]
93 190 [4]
126 160 [1]
124 164 [0]
65 215 [8]
8 280 [0]
4 284 [0]
126 163 [0]
97 188 [4]
49 239 [1]
21 264 [4]
93 192 [4]
103 185 [1]
62 222 [5]
50 239 [1]
138 151 [1]
104 181 [5]
67 215 [8]
116 175 [0]
141 150 [0]
93 194 [4]
35 255 [1]
84 202 [5]
131 156 [4]
88 202 [1]
30 257 [5]
58 229 [5]
36 251 [5]
124 167 [1]
51 236 [5]
2 290 [0]
109 184 [0]
6 282 [5]
10 283 [0]
106 182 [5]
2 291 [0]
61 231 [1]
7 286 [0]
47 241 [5]
32 257 [5]
60 226 [8]
3 291 [0]
38 253 [4]
62 228 [5]
54 233 [8]
5 290 [0]
3 292 [0]
47 240 [9]
94 201 [1]
112 180 [4]
68 223 [5]
1 295 [0]
1 287 [8]
33 259 [5]
140 156 [1]
111 186 [0]
48 240 [9]
64 232 [1]
46 246 [5]
0 297 [0]
64 228 [5]
86 206 [5]
74 222 [1]
90 199 [8]
6 286 [5]
101 197 [0]
66 231 [1]
95 202 [1]
23 274 [1]
64 226 [8]
5 293 [0]
2 296 [0]
87 211 [1]
112 187 [0]
44 247 [8]
27 271 [1]
139 155 [5]
17 281 [1]
95 199 [5]
37 261 [1]
18 272 [9]
110 184 [5]
128 172 [0]
34 265 [1]
77 222 [1]
121 178 [1]
90 202 [8]
102 197 [1]
130 165 [5]
26 272 [3]
39 257 [5]
98 202 [1]
111 185 [5]
124 172 [5]
93 203 [5]
133 163 [5]
93 205 [4]
32 269 [1]
39 258 [5]
134 167 [1]
119 184 [0]
56 242 [5]
71 227 [5]
94 208 [1]
143 155 [5]
12 286 [5]
1 294 [8]
24 275 [5]
47 256 [1]
43 260 [1]
99 204 [1]
75 221 [8]
83 221 [0]
9 287 [8]
116 187 [1]
16 283 [5]
129 176 [0]
33 271 [1]
25 275 [5]
96 208 [1]
78 226 [1]
18 283 [5]
90 208 [8]
147 151 [8]
101 206 [0]
30 273 [4]
107 195 [5]
43 264 [1]
59 240 [9]
9 294 [5]
129 178 [1]
54 249 [5]
3 305 [0]
1 307 [0]
147 153 [8]
37 271 [1]
22 282 [5]
0 309 [0]
134 171 [4]
14 290 [5]
12 296 [1]
111 193 [5]
9 295 [5]
64 241 [5]
72 233 [5]
79 230 [1]
141 168 [1]
58 252 [1]
73 233 [5]
70 241 [1]
150 161 [1]
114 193 [5]
99 212 [1]
66 241 [5]
147 160 [5]
37 272 [3]
118 189 [5]
52 256 [5]
151 161 [1]
123 190 [1]
125 189 [0]
68 241 [5]
46 267 [1]
3 311 [0]
24 289 [1]
109 204 [1]
120 193 [1]
44 266 [4]
82 224 [8]
38 273 [4]
77 237 [1]
31 279 [5]
115 195 [5]
130 184 [1]
46 266 [4]
138 178 [0]
124 191 [1]
8 303 [5]
6 306 [4]
131 184 [1]
18 297 [1]
3 312 [1]
130 183 [4]
49 264 [4]
104 212 [1]
65 247 [5]
0 317 [0]
19 293 [5]
31 285 [1]
85 224 [8]
105 213 [0]
135 183 [0]
51 263 [4]
145 172 [1]
54 263 [1]
6 311 [1]
110 203 [5]
127 188 [4]
17 301 [1]
108 206 [5]
125 186 [8]
86 228 [5]
29 289 [1]
4 315 [0]
96 219 [4]
132 182 [5]
97 219 [4]
40 279 [1]
136 183 [1]
56 259 [5]
155 164 [1]
2 318 [0]
21 299 [1]
78 239 [4]
146 171 [4]
55 265 [1]
63 257 [1]
46 270 [5]
6 314 [1]
71 245 [5]
72 245 [5]
17 300 [5]
4 317 [1]
52 269 [1]
120 201 [1]
56 262 [4]
7 315 [0]
105 218 [0]
80 240 [3]
76 242 [5]
13 305 [5]
92 224 [8]
58 261 [5]
100 224 [0]
12 308 [4]
66 257 [1]
3 321 [0]
37 286 [1]
17 302 [5]
79 245 [1]
159 166 [0]
41 283 [1]
102 219 [4]
69 251 [5]
154 170 [1]
125 199 [1]
59 262 [4]
2 323 [0]
18 303 [5]
128 193 [5]
121 200 [5]
90 231 [5]
123 198 [5]
45 277 [4]
78 247 [1]
37 285 [4]
59 264 [4]
6 321 [0]
162 166 [0]
159 169 [0]
58 266 [4]
30 297 [1]
127 196 [5]
13 314 [1]
148 179 [1]
97 231 [1]
148 181 [0]
7 322 [0]
108 220 [1]
138 187 [4]
14 314 [1]
77 247 [5]
37 287 [5]
121 203 [5]
131 198 [0]
143 186 [0]
72 253 [4]
32 296 [1]
154 176 [0]
31 298 [1]
123 203 [4]
20 306 [4]
92 237 [1]
147 178 [5]
77 248 [5]
107 222 [1]
23 302 [5]
25 305 [1]
92 238 [1]
54 273 [4]
139 188 [4]
27 303 [1]
13 317 [1]
10 320 [1]
47 283 [1]
34 296 [1]
136 192 [4]
70 253 [9]
124 203 [5]
118 213 [1]
1 331 [0]
97 234 [1]
60 271 [1]
23 304 [5]
163 170 [0]
69 260 [4]
53 279 [1]
120 209 [4]
31 294 [8]
122 210 [1]
24 309 [1]
165 169 [0]
113 221 [0]
9 324 [1]
121 209 [4]
20 309 [5]
103 230 [1]
163 166 [5]
82 252 [1]
84 250 [1]
11 323 [1]
7 328 [0]
98 237 [1]
21 306 [9]
72 259 [5]
10 326 [0]
53 282 [1]
4 332 [0]
56 276 [5]
73 260 [4]
3 334 [0]
14 322 [1]
160 177 [0]
22 310 [5]
106 230 [1]
137 199 [1]
28 306 [4]
128 209 [1]
9 325 [4]
20 317 [1]
136 201 [1]
159 178 [1]
4 334 [0]
19 315 [5]
157 182 [0]
116 222 [1]
106 232 [1]
0 338 [1]
35 303 [1]
127 211 [1]
13 326 [0]
64 270 [5]
58 276 [5]
44 290 [5]
158 182 [0]
73 263 [4]
43 292 [5]
0 340 [0]
165 166 [9]
40 297 [4]
133 207 [1]
30 310 [1]
83 254 [4]
107 233 [1]
155 187 [0]
21 320 [1]
49 292 [1]
1 340 [1]
74 265 [4]
92 250 [1]
25 313 [5]
19 323 [1]
7 336 [0]
114 229 [1]
32 311 [1]
44 295 [5]
167 172 [5]
23 321 [0]
129 214 [1]
7 337 [0]
27 314 [4]
64 277 [4]
13 331 [1]
53 287 [5]
2 339 [4]
33 311 [1]
137 207 [1]
63 273 [9]
4 340 [1]
133 211 [1]
9 333 [4]
20 325 [1]
89 253 [4]
76 269 [1]
95 250 [1]
15 326 [5]
98 247 [1]
46 299 [1]
70 275 [1]
2 344 [0]
41 305 [1]
105 240 [2]
57 289 [1]
4 343 [0]
83 255 [9]
123 223 [1]
72 270 [5]
8 338 [1]
150 194 [4]
66 278 [4]
42 305 [1]
37 310 [1]
16 332 [0]
162 181 [5]
0 348 [0]
141 207 [1]
67 281 [1]
123 225 [1]
23 325 [1]
71 274 [4]
52 292 [5]
68 276 [5]
91 255 [4]
21 328 [1]
59 290 [1]
121 228 [1]
1 349 [0]
118 224 [8]
7 339 [4]
54 296 [1]
157 190 [4]
16 330 [5]
75 268 [8]
173 179 [0]
81 270 [1]
9 342 [1]
133 218 [1]
17 330 [5]
58 289 [5]
30 318 [4]
137 211 [4]
77 270 [5]
34 317 [1]
34 313 [5]
87 262 [4]
81 271 [1]
6 346 [1]
166 182 [5]
57 288 [9]
25 328 [1]
54 299 [1]
97 256 [1]
69 284 [1]
49 304 [1]
72 278 [4]
106 247 [1]
15 335 [4]
147 202 [5]
26 328 [1]
119 236 [0]
152 203 [0]
174 181 [0]
75 275 [5]
80 271 [4]
6 344 [5]
109 242 [4]
126 225 [4]
4 347 [4]
60 287 [8]
41 314 [1]
50 305 [1]
79 276 [1]
127 221 [8]
82 272 [3]
29 324 [4]
26 330 [1]
151 205 [1]
152 204 [1]
62 290 [5]
144 214 [0]
40 314 [4]
34 319 [5]
145 213 [0]
89 265 [4]
164 193 [1]
7 347 [4]
102 252 [4]
165 192 [1]
168 191 [0]
33 322 [4]
100 258 [1]
152 206 [1]
22 332 [5]
10 345 [4]
177 182 [0]
89 267 [4]
94 262 [4]
44 312 [4]
12 339 [9]
11 345 [4]
138 221 [1]
125 232 [4]
33 324 [4]
106 254 [1]
174 183 [4]
11 349 [1]
97 260 [4]
22 335 [4]
15 341 [5]
172 184 [5]
1 359 [1]
4 357 [0]
2 358 [1]
22 338 [1]
35 325 [1]
8 348 [5]
67 287 [8]
14 339 [9]
85 276 [1]
157 204 [1]
66 295 [1]
57 304 [1]
143 214 [5]
5 357 [0]
9 353 [1]
156 207 [0]
135 228 [0]
150 212 [1]
63 296 [4]
125 234 [4]
7 352 [4]
7 356 [0]
149 215 [0]
172 188 [4]
32 331 [1]
168 192 [4]
78 278 [9]
48 308 [9]
122 242 [1]
119 242 [4]
154 210 [1]
86 275 [5]
58 307 [1]
70 295 [1]
130 232 [4]
4 362 [0]
7 355 [4]
10 352 [4]
102 255 [9]
95 270 [1]
75 291 [1]
41 321 [5]
2 361 [4]
2 365 [0]
74 293 [1]
157 210 [1]
0 364 [4]
95 268 [5]
167 202 [0]
34 334 [1]
1 364 [4]
3 366 [0]
88 273 [9]
83 283 [4]
21 348 [1]
20 349 [1]
6 363 [1]
105 261 [4]
34 336 [1]
177 190 [4]
16 354 [1]
39 331 [1]
10 360 [1]
168 194 [9]
35 327 [9]
5 366 [0]
142 230 [0]
124 244 [4]
149 219 [4]
133 238 [1]
14 357 [1]
154 217 [1]
51 318 [4]
53 316 [4]
42 330 [1]
131 238 [4]
11 358 [4]
178 196 [0]
30 340 [4]
122 251 [1]
176 197 [1]
57 316 [1]
111 258 [5]
168 206 [0]
112 253 [9]
123 250 [1]
39 334 [1]
90 280 [5]
6 368 [1]
3 372 [0]
144 227 [4]
1 373 [1]
129 245 [1]
17 357 [1]
166 208 [1]
0 374 [1]
167 208 [0]
27 339 [9]
50 321 [5]
75 300 [1]
93 279 [4]
16 359 [1]
32 343 [1]
2 373 [1]
7 369 [0]
20 351 [5]
66 309 [1]
5 370 [1]
153 224 [0]
44 329 [4]
60 316 [1]
24 349 [4]
1 375 [1]
73 303 [1]
12 361 [4]
17 360 [1]
121 256 [1]
45 332 [1]
107 267 [4]
12 365 [1]
61 316 [1]
79 295 [4]
88 281 [9]
173 201 [4]
152 221 [5]
165 209 [4]
136 241 [1]
100 274 [4]
31 342 [5]
111 264 [4]
75 303 [1]
47 331 [1]
23 352 [4]
6 372 [1]
23 351 [5]
25 354 [1]
94 277 [9]
40 336 [4]
36 343 [1]
74 305 [1]
177 202 [1]
1 379 [0]
163 217 [0]
141 238 [1]
127 248 [5]
102 274 [4]
125 252 [4]
69 311 [1]
111 266 [4]
59 318 [4]
23 357 [1]
6 374 [1]
6 371 [4]
7 374 [0]
49 332 [1]
23 355 [4]
174 203 [5]
3 379 [0]
173 210 [0]
6 373 [4]
11 372 [0]
140 240 [3]
59 319 [5]
16 362 [5]
168 210 [5]
157 226 [0]
89 293 [1]
68 306 [9]
23 359 [1]
183 196 [4]
36 346 [1]
128 254 [1]
187 188 [9]
90 289 [5]
107 274 [4]
98 283 [4]
74 310 [1]
17 364 [4]
6 375 [4]
181 201 [4]
142 235 [9]
135 251 [0]
0 382 [4]
0 386 [0]
55 326 [5]
2 383 [1]
170 217 [0]
84 299 [4]
87 296 [4]
37 346 [4]
110 276 [1]
0 387 [0]
113 271 [4]
79 306 [3]
117 267 [4]
10 377 [1]
79 305 [4]
39 345 [4]
35 348 [5]
135 244 [9]
121 268 [0]
74 306 [9]
125 255 [9]
41 339 [9]
136 249 [4]
3 385 [1]
191 198 [0]
70 316 [4]
144 242 [4]
12 377 [1]
159 226 [5]
128 253 [9]
130 259 [1]
100 286 [4]
67 322 [1]
148 240 [3]
63 324 [4]
73 314 [4]
111 275 [5]
16 371 [4]
190 197 [4]
176 214 [1]
167 224 [1]
107 281 [4]
177 215 [0]
7 385 [0]
95 288 [9]
117 272 [3]
56 327 [9]
0 391 [1]
190 198 [4]
123 260 [9]
28 360 [4]
63 327 [3]
195 198 [0]
104 285 [4]
43 349 [1]
31 358 [4]
98 294 [1]
79 310 [4]
41 351 [1]
195 199 [0]
73 317 [4]
37 353 [4]
90 303 [1]
6 387 [1]
16 377 [1]
2 391 [1]
18 373 [4]
124 270 [1]
75 317 [4]
51 344 [1]
9 386 [1]
175 220 [1]
16 379 [1]
2 393 [1]
7 389 [0]
87 309 [1]
124 264 [9]
22 371 [4]
95 298 [4]
30 366 [1]
9 387 [1]
46 350 [1]
90 302 [5]
1 395 [1]
34 355 [9]
21 373 [4]
92 305 [1]
60 337 [1]
115 282 [1]
130 260 [9]
62 333 [4]
57 341 [1]
171 224 [4]
199 200 [0]
3 395 [1]
143 251 [5]
163 232 [4]
36 355 [9]
115 281 [4]
2 397 [1]
191 210 [0]
45 347 [9]
8 388 [5]
195 202 [4]
2 399 [0]
159 240 [3]
126 267 [9]
34 364 [4]
106 295 [1]
4 394 [4]
154 247 [1]
40 359 [4]
161 242 [0]
1 401 [1]
102 297 [4]
63 336 [4]
96 303 [4]
182 221 [0]
65 334 [4]
3 399 [1]
11 391 [1]
147 253 [4]
9 391 [4]
175 225 [4]
130 270 [4]
2 401 [1]
90 309 [5]
77 326 [1]
0 403 [1]
128 276 [1]
51 345 [9]
54 347 [4]
35 369 [1]
19 382 [4]
15 389 [1]
12 388 [5]
7 398 [0]
66 335 [4]
49 353 [4]
68 334 [4]
32 370 [4]
20 382 [4]
6 399 [1]
112 290 [4]
179 226 [1]
7 400 [0]
80 323 [4]
107 296 [4]
30 373 [4]
58 348 [1]
136 270 [1]
11 395 [1]
58 346 [4]
123 284 [1]
112 292 [4]
19 389 [0]
10 398 [0]
90 317 [1]
65 342 [1]
114 293 [1]
82 321 [5]
32 373 [4]
122 278 [9]
181 219 [9]
1 407 [1]
199 210 [0]
116 292 [1]
150 258 [1]
0 408 [1]
174 236 [0]
156 254 [0]
1 408 [1]
111 294 [5]
176 233 [1]
84 322 [4]
37 372 [1]
116 290 [4]
47 360 [4]
107 300 [4]
158 249 [4]
12 398 [1]
2 408 [1]
190 222 [0]
56 356 [1]
34 378 [1]
194 213 [6]
8 401 [4]
141 264 [9]
58 347 [9]
59 354 [1]
69 344 [1]
112 293 [9]
27 386 [1]
187 226 [1]
109 297 [9]
159 252 [4]
189 226 [0]
52 362 [1]
15 400 [0]
6 405 [4]
52 359 [4]
116 295 [4]
25 389 [1]
74 339 [3]
110 302 [4]
11 401 [4]
2 413 [1]
75 339 [3]
200 217 [0]
111 305 [1]
59 357 [1]
13 403 [1]
197 216 [4]
108 305 [4]
43 370 [4]
196 221 [1]
101 313 [4]
75 343 [1]
19 400 [0]
173 239 [7]
22 393 [4]
10 405 [4]
57 358 [4]
2 416 [1]
180 239 [0]
137 273 [9]
171 249 [0]
47 364 [9]
112 299 [9]
41 375 [4]
100 319 [1]
56 360 [4]
23 393 [4]
172 244 [4]
160 259 [1]
53 358 [9]
16 403 [1]
90 329 [1]
1 415 [4]
187 229 [4]
153 268 [0]
112 306 [3]
16 401 [4]
184 233 [4]
175 245 [1]
148 272 [2]
147 272 [3]
103 315 [4]
6 412 [4]
3 415 [4]
180 243 [0]
86 333 [4]
63 356 [4]
36 386 [1]
34 388 [1]
10 409 [4]
196 220 [7]
83 339 [2]
84 336 [4]
98 322 [4]
25 395 [4]
48 373 [4]
75 346 [4]
26 395 [4]
145 277 [3]
20 404 [1]
62 362 [1]
191 230 [4]
73 349 [4]
21 401 [4]
48 374 [4]
81 344 [1]
120 302 [4]
184 238 [4]
156 261 [9]
8 417 [1]
93 325 [9]
47 379 [1]
46 377 [4]
203 223 [1]
23 403 [1]
2 421 [4]
46 381 [1]
44 380 [4]
84 340 [4]
154 265 [9]
25 394 [9]
90 337 [1]
14 410 [4]
144 280 [4]
107 318 [4]
196 233 [0]
52 373 [4]
54 371 [4]
201 228 [0]
4 421 [4]
146 274 [9]
108 312 [9]
144 277 [9]
86 340 [4]
87 342 [1]
104 321 [5]
134 292 [4]
2 427 [1]
208 223 [0]
74 353 [4]
50 377 [4]
5 422 [4]
122 301 [9]
108 320 [4]
79 349 [4]
87 344 [1]
52 379 [1]
25 406 [1]
117 315 [1]
18 411 [4]
138 286 [9]
195 234 [4]
19 414 [0]
209 225 [0]
145 289 [0]
44 389 [1]
176 254 [4]
48 386 [1]
111 320 [4]
86 348 [1]
27 404 [4]
159 275 [1]
28 403 [4]
17 409 [9]
3 428 [4]
104 328 [4]
102 330 [4]
11 421 [4]
0 432 [4]
48 385 [4]
22 411 [4]
129 304 [4]
17 416 [4]
55 381 [1]
5 428 [4]
7 430 [0]
66 368 [4]
193 245 [0]
9 425 [4]
112 317 [9]
23 411 [4]
13 424 [1]
142 289 [7]
71 358 [9]
10 419 [9]
197 232 [9]
216 223 [0]
111 324 [4]
177 258 [4]
109 326 [4]
12 426 [1]
69 361 [9]
71 359 [9]
152 278 [9]
108 330 [1]
131 299 [9]
164 267 [9]
43 393 [4]
12 424 [4]
188 249 [3]
4 435 [1]
168 264 [9]
80 357 [4]
96 341 [4]
12 425 [4]
23 417 [1]
187 250 [4]
173 261 [7]
101 339 [2]
73 365 [4]
49 389 [4]
21 417 [4]
60 381 [1]
43 398 [1]
120 314 [9]
69 370 [4]
66 373 [4]
82 352 [9]
156 281 [6]
48 391 [4]
75 359 [9]
71 368 [4]
40 402 [2]
94 346 [4]
89 351 [4]
169 271 [4]
44 399 [1]
11 429 [4]
4 436 [4]
180 262 [3]
112 324 [9]
126 315 [4]
63 373 [9]
7 438 [0]
186 255 [4]
123 321 [1]
18 423 [4]
88 354 [4]
18 419 [9]
153 292 [1]
6 439 [1]
215 230 [1]
158 287 [1]
2 440 [4]
201 246 [0]
100 338 [9]
56 387 [4]
65 381 [1]
12 434 [1]
11 432 [4]
98 347 [3]
106 333 [9]
15 431 [2]
9 438 [1]
11 428 [9]
8 436 [4]
7 437 [4]
211 238 [0]
212 237 [0]
186 258 [5]
38 407 [4]
0 448 [1]
37 409 [3]
86 359 [4]
218 222 [9]
21 424 [4]
62 383 [4]
175 272 [2]
83 362 [4]
89 357 [4]
132 314 [4]
43 406 [1]
4 445 [1]
150 296 [4]
56 390 [4]
48 398 [4]
13 428 [9]
100 346 [4]
32 409 [9]
157 285 [9]
204 247 [0]
90 360 [1]
169 273 [9]
144 298 [9]
188 263 [0]
143 307 [1]
193 259 [0]
98 345 [9]
22 421 [9]
97 352 [3]
169 279 [4]
108 335 [9]
204 248 [0]
180 268 [4]
34 409 [9]
11 437 [4]
209 243 [0]
6 445 [1]
74 374 [4]
114 335 [4]
22 422 [9]
158 294 [1]
115 334 [4]
7 446 [0]
66 386 [1]
191 258 [4]
48 402 [3]
130 319 [4]
109 341 [4]
171 283 [0]
100 350 [4]
84 361 [9]
39 414 [1]
37 413 [4]
120 325 [9]
208 239 [7]
99 346 [9]
26 420 [9]
218 237 [0]
49 397 [9]
126 320 [9]
4 447 [4]
25 421 [9]
1 453 [1]
155 291 [9]
66 388 [1]
148 303 [4]
67 387 [1]
16 438 [1]
5 446 [4]
19 432 [4]
185 270 [0]
92 362 [1]
197 259 [0]
139 308 [9]
1 451 [4]
33 421 [3]
87 366 [4]
126 322 [9]
196 254 [7]
58 400 [0]
65 384 [9]
103 351 [4]
46 408 [4]
6 448 [4]
18 439 [1]
214 245 [0]
115 343 [1]
0 455 [4]
11 444 [4]
83 367 [9]
8 447 [4]
162 288 [9]
49 406 [4]
38 417 [4]
12 443 [4]
164 291 [4]
205 254 [0]
227 233 [0]
134 317 [9]
102 354 [4]
71 388 [1]
130 326 [4]
7 453 [0]
85 372 [4]
8 449 [4]
3 458 [0]
2 455 [4]
120 337 [4]
30 427 [4]
15 442 [4]
228 234 [0]
114 339 [9]
51 407 [4]
68 390 [4]
226 232 [4]
225 238 [0]
81 378 [4]
88 366 [9]
46 413 [4]
198 261 [4]
0 459 [4]
79 382 [3]
59 402 [3]
72 383 [9]
31 431 [2]
61 399 [4]
109 351 [4]
173 284 [7]
58 403 [4]
45 411 [9]
84 377 [4]
63 398 [4]
6 458 [1]
0 461 [4]
155 301 [9]
179 287 [0]
95 367 [4]
3 459 [4]
70 394 [3]
211 256 [0]
232 235 [0]
59 404 [4]
60 403 [4]
63 402 [2]
121 342 [4]
129 329 [9]
14 444 [9]
166 297 [4]
19 444 [4]
176 288 [3]
39 424 [4]
97 366 [4]
150 314 [4]
10 458 [0]
223 241 [4]
228 231 [9]
217 247 [4]
76 383 [9]
22 437 [9]
210 249 [9]
157 308 [3]
36 431 [2]
82 386 [1]
97 368 [4]
1 468 [0]
11 454 [4]
118 350 [1]
0 465 [4]
32 428 [9]
6 462 [1]
13 452 [4]
137 324 [9]
33 431 [6]
7 459 [4]
21 440 [9]
78 388 [4]
56 405 [9]
178 283 [9]
2 468 [0]
15 451 [4]
91 370 [9]
52 409 [9]
230 236 [4]
53 415 [3]
88 374 [9]
21 441 [9]
138 326 [7]
190 282 [0]
134 335 [3]
79 389 [4]
64 404 [4]
9 462 [1]
134 329 [9]
80 388 [4]
210 258 [4]
149 314 [9]
102 366 [4]
92 379 [1]
8 460 [4]
185 281 [6]
209 260 [3]
212 261 [0]
182 288 [3]
133 336 [4]
92 377 [4]
148 321 [4]
44 425 [4]
2 467 [4]
106 363 [4]
162 307 [4]
82 383 [9]
72 393 [9]
233 234 [7]
133 337 [4]
152 321 [1]
85 380 [9]
225 243 [6]
4 466 [4]
11 458 [5]
207 264 [3]
175 295 [4]
227 248 [0]
81 385 [9]
74 397 [4]
101 365 [9]
224 250 [1]
200 271 [4]
17 454 [4]
61 411 [4]
12 455 [9]
227 245 [4]
37 435 [4]
54 418 [4]
218 255 [3]
165 307 [4]
12 460 [4]
182 290 [4]
65 409 [3]
73 402 [2]
37 439 [1]
164 309 [4]
228 245 [4]
180 291 [6]
169 304 [4]
185 283 [9]
53 416 [9]
90 384 [4]
220 258 [0]
204 270 [4]
5 472 [1]
149 320 [9]
185 284 [9]
126 348 [4]
96 378 [4]
38 436 [4]
75 395 [9]
229 250 [0]
37 438 [4]
21 449 [9]
113 362 [4]
16 458 [5]
65 410 [4]
12 464 [3]
45 430 [4]
7 463 [9]
105 371 [3]
80 400 [0]
165 311 [4]
185 286 [9]
11 468 [1]
10 466 [4]
7 469 [4]
45 427 [9]
95 377 [9]
56 416 [9]
140 337 [4]
209 268 [4]
23 454 [4]
161 321 [0]
206 273 [3]
83 390 [9]
40 438 [4]
51 428 [3]
204 269 [9]
140 333 [9]
156 320 [6]
14 459 [9]
41 432 [9]
22 451 [9]
112 362 [9]
61 418 [4]
105 375 [3]
189 290 [4]
22 452 [9]
197 282 [4]
193 286 [4]
45 434 [4]
0 479 [4]
192 292 [0]
197 278 [9]
177 303 [4]
203 280 [1]
31 449 [4]
4 476 [4]
130 346 [9]
164 312 [9]
21 455 [9]
31 453 [1]
7 474 [4]
10 471 [4]
34 447 [4]
2 479 [4]
206 271 [9]
104 373 [9]
6 476 [4]
231 249 [6]
7 475 [4]
34 448 [4]
3 482 [1]
90 392 [4]
97 388 [1]
237 242 [7]
96 386 [4]
130 355 [2]
69 415 [3]
166 312 [9]
73 405 [9]
118 360 [9]
76 407 [4]
207 274 [6]
63 422 [3]
113 366 [9]
217 262 [9]
204 278 [6]
15 472 [1]
21 464 [3]
76 409 [3]
139 348 [1]
207 282 [0]
85 395 [9]
19 466 [4]
193 292 [4]
161 325 [3]
197 283 [9]
222 264 [3]
39 447 [4]
84 397 [9]
141 340 [9]
2 484 [4]
56 430 [4]
11 470 [9]
89 392 [9]
78 403 [9]
118 369 [4]
108 374 [9]
111 376 [4]
155 333 [3]
124 363 [4]
81 406 [4]
62 425 [4]
17 465 [9]
123 365 [4]
40 443 [9]
171 318 [3]
32 451 [9]
19 464 [9]
130 359 [3]
102 386 [4]
172 317 [4]
120 369 [4]
199 285 [9]
189 300 [4]
0 492 [1]
5 480 [9]
6 479 [9]
73 419 [2]
207 281 [6]
100 385 [9]
180 312 [2]
2 488 [4]
6 485 [3]
0 490 [4]
130 361 [3]
145 347 [2]
11 474 [9]
208 280 [7]
205 290 [0]
74 412 [9]
66 420 [9]
115 376 [4]
54 432 [9]
234 252 [9]
1 493 [1]
40 452 [3]
235 251 [9]
141 345 [9]
242 246 [7]
60 434 [1]
202 294 [0]
63 424 [9]
26 461 [9]
167 320 [9]
44 448 [4]
20 467 [9]
39 453 [4]
57 436 [4]
45 449 [3]
12 481 [4]
199 294 [4]
150 338 [9]
175 321 [1]
149 344 [4]
180 311 [6]
23 465 [9]
94 402 [2]
218 272 [8]
39 450 [9]
218 277 [3]
127 367 [4]
135 357 [6]
170 320 [9]
132 363 [4]
57 438 [4]
35 455 [9]
109 386 [4]
5 491 [3]
210 282 [7]
170 327 [3]
147 349 [4]
15 481 [4]
17 482 [1]
144 355 [2]
223 269 [9]
232 266 [3]
154 343 [4]
155 342 [4]
9 489 [3]
7 485 [9]
224 276 [1]
27 465 [9]
126 366 [9]
29 469 [3]
243 252 [6]
195 297 [9]
183 319 [0]
154 344 [4]
1 497 [4]
29 470 [3]
123 370 [9]
36 463 [3]
172 327 [3]
62 439 [1]
157 341 [4]
23 470 [9]
216 287 [0]
63 437 [3]
68 432 [3]
125 375 [3]
221 273 [9]
149 350 [4]
21 480 [3]
204 291 [9]
185 310 [9]
9 486 [9]
232 268 [4]
12 483 [9]
126 375 [3]
4 499 [1]
115 388 [1]
244 254 [6]
164 339 [2]
108 394 [3]
36 460 [9]
55 446 [4]
4 497 [4]
4 500 [1]
230 276 [0]
200 297 [9]
243 254 [9]
20 482 [4]
28 469 [9]
64 438 [4]
76 426 [4]
12 493 [1]
36 461 [9]
180 324 [3]
112 392 [3]
88 410 [9]
174 324 [9]
104 399 [4]
145 356 [6]
14 491 [2]
20 478 [9]
5 498 [4]
212 286 [9]
147 356 [4]
11 492 [4]
177 327 [3]
167 331 [9]
28 470 [9]
91 408 [9]
150 355 [3]
181 318 [9]
94 405 [9]
228 277 [3]
53 452 [3]
205 297 [6]
17 487 [4]
38 461 [9]
101 398 [9]
203 304 [1]
49 457 [3]
165 335 [9]
92 413 [4]
57 443 [9]
162 338 [9]
8 500 [1]
180 327 [2]
98 403 [9]
64 437 [9]
22 485 [3]
74 427 [9]
242 262 [6]
8 498 [4]
201 300 [9]
45 463 [2]
50 456 [4]
138 367 [6]
241 270 [0]
191 311 [9]
0 507 [4]
75 433 [3]
148 354 [9]
14 493 [4]
193 309 [9]
10 500 [1]
33 475 [3]
125 377 [9]
88 421 [3]
105 405 [2]
189 319 [4]
11 500 [1]
201 302 [9]
83 428 [2]
187 317 [9]
103 406 [4]
58 446 [9]
156 351 [6]
30 474 [9]
73 437 [3]
166 343 [4]
129 381 [4]
21 491 [2]
131 380 [3]
245 268 [1]
251 260 [3]
12 498 [4]
184 326 [4]
222 292 [0]
198 307 [9]
110 396 [9]
53 459 [3]
1 510 [4]
129 377 [9]
107 404 [4]
210 296 [9]
188 325 [2]
83 429 [3]
23 483 [9]
23 489 [3]
17 494 [4]
221 290 [4]
69 442 [4]
67 440 [9]
241 275 [0]
184 323 [9]
59 453 [4]
221 291 [4]
212 295 [9]
40 473 [3]
131 382 [3]
51 456 [9]
122 390 [4]
185 332 [0]
79 431 [7]
101 413 [3]
213 301 [3]
183 328 [6]
23 490 [4]
19 494 [4]
257 261 [0]
192 326 [0]
139 375 [4]
90 419 [9]
57 452 [9]
244 274 [0]
212 300 [6]
87 428 [3]
165 349 [4]
229 289 [0]
14 495 [9]
221 293 [4]
242 276 [0]
228 288 [3]
106 404 [9]
144 366 [9]
43 467 [9]
5 505 [9]
34 476 [9]
222 290 [7]
33 483 [3]
56 454 [9]
114 402 [3]
233 281 [6]
64 447 [9]
34 477 [9]
162 355 [3]
126 385 [9]
151 360 [9]
6 505 [9]
13 503 [4]
74 442 [4]
59 452 [9]
135 383 [3]
51 467 [3]
151 366 [4]
166 346 [9]
247 272 [2]
96 422 [3]
101 418 [3]
56 463 [3]
70 449 [3]
34 485 [3]
241 278 [3]
50 468 [4]
214 304 [4]
214 299 [9]
7 515 [0]
243 277 [3]
99 421 [3]
27 492 [4]
147 372 [4]
173 341 [9]
63 457 [3]
145 372 [6]
70 445 [9]
198 317 [9]
249 273 [2]
141 379 [4]
13 502 [9]
209 315 [0]
65 457 [3]
129 387 [9]
221 300 [4]
208 310 [7]
77 445 [4]
153 364 [9]
172 350 [4]
251 275 [0]
115 407 [4]
177 340 [9]
221 296 [9]
22 495 [9]
34 483 [9]
3 514 [9]
189 328 [9]
160 362 [4]
248 269 [9]
218 304 [4]
127 400 [0]
198 320 [9]
140 384 [3]
216 302 [9]
187 331 [9]
12 506 [9]
91 433 [3]
89 429 [9]
146 372 [9]
10 512 [5]
70 454 [3]
181 342 [4]
263 265 [0]
34 493 [1]
1 523 [4]
0 524 [4]
248 276 [4]
199 327 [3]
136 389 [4]
56 470 [3]
6 519 [4]
242 280 [7]
76 450 [3]
66 462 [1]
232 291 [6]
104 422 [3]
7 518 [4]
108 412 [9]
219 311 [0]
222 306 [2]
94 427 [9]
62 459 [9]
54 467 [9]
71 457 [3]
232 296 [3]
247 278 [6]
34 488 [9]
144 384 [3]
171 357 [3]
20 508 [3]
168 354 [9]
120 403 [9]
254 272 [6]
165 363 [4]
178 352 [2]
105 424 [3]
59 470 [3]
18 510 [4]
244 282 [6]
4 524 [4]
3 528 [1]
2 529 [1]
10 513 [9]
2 526 [4]
220 313 [0]
65 465 [3]
150 374 [9]
26 498 [9]
161 366 [6]
4 520 [9]
34 496 [4]
221 309 [4]
11 514 [9]
6 524 [4]
3 530 [1]
58 474 [3]
88 444 [3]
29 503 [3]
187 345 [3]
114 417 [4]
157 369 [9]
151 375 [9]
86 440 [9]
76 457 [3]
256 280 [0]
129 398 [9]
169 364 [3]
133 394 [9]
221 311 [4]
160 367 [9]
50 477 [9]
252 275 [9]
30 498 [9]
14 520 [3]
75 459 [3]
7 526 [4]
133 395 [9]
178 353 [6]
10 523 [4]
88 446 [3]
3 533 [1]
117 412 [9]
260 278 [0]
88 447 [3]
178 351 [9]
118 411 [9]
203 331 [4]
33 502 [3]
25 504 [9]
263 270 [6]
189 347 [3]
76 454 [9]
123 407 [9]
126 404 [9]
184 351 [4]
172 358 [9]
237 299 [3]
216 319 [4]
126 411 [3]
42 495 [3]
172 359 [9]
225 315 [0]
70 467 [3]
124 407 [9]
134 397 [9]
243 291 [6]
250 290 [0]
213 324 [3]
8 528 [4]
78 460 [3]
247 294 [0]
104 431 [6]
38 494 [9]
129 403 [9]
1 531 [9]
230 308 [3]
265 270 [6]
171 367 [3]
48 484 [9]
36 496 [9]
108 430 [4]
80 458 [4]
54 479 [9]
31 502 [9]
3 535 [4]
57 477 [9]
9 531 [3]
188 353 [2]
254 282 [7]
215 320 [9]
139 402 [3]
162 373 [9]
222 316 [6]
217 318 [9]
195 340 [9]
4 536 [4]
79 456 [9]
192 346 [6]
59 476 [9]
228 307 [9]
123 419 [2]
152 383 [9]
78 465 [2]
63 480 [2]
34 508 [3]
28 514 [3]
32 509 [4]
185 351 [9]
81 463 [2]
26 511 [9]
46 496 [4]
234 303 [9]
8 537 [1]
234 313 [0]
262 285 [0]
198 340 [9]
162 381 [4]
35 503 [9]
248 292 [7]
194 354 [0]
267 281 [0]
34 512 [2]
82 462 [4]
188 352 [8]
54 491 [3]
32 507 [9]
85 460 [3]
43 501 [4]
118 426 [4]
253 292 [3]
221 323 [4]
239 310 [0]
79 464 [6]
88 459 [2]
79 467 [3]
163 383 [3]
206 334 [9]
252 298 [0]
94 447 [9]
255 292 [3]
95 452 [3]
146 401 [3]
41 506 [3]
2 547 [1]
165 382 [3]
132 414 [4]
188 360 [2]
70 477 [3]
209 338 [3]
1 540 [9]
1 545 [4]
125 417 [9]
168 380 [3]
108 439 [4]
243 306 [2]
268 282 [1]
107 435 [9]
52 490 [9]
115 431 [6]
84 465 [3]
2 541 [9]
157 392 [3]
180 369 [3]
51 492 [9]
70 480 [2]
109 434 [9]
87 464 [2]
39 512 [2]
24 527 [2]
111 438 [4]
12 532 [9]
213 334 [6]
241 303 [9]
242 304 [7]
26 519 [9]
128 417 [9]
139 411 [4]
35 515 [4]
62 489 [3]
28 522 [4]
179 366 [9]
4 541 [9]
261 284 [9]
194 357 [3]
68 485 [2]
188 367 [0]
21 531 [3]
39 507 [9]
12 540 [3]
40 513 [2]
175 371 [9]
207 345 [3]
140 412 [3]
127 424 [4]
195 358 [3]
140 407 [9]
7 540 [9]
123 424 [9]
174 373 [9]
114 438 [4]
26 521 [9]
90 457 [9]
216 339 [2]
271 286 [0]
95 458 [4]
87 467 [3]
29 525 [3]
6 547 [4]
136 419 [2]
134 414 [9]
95 453 [9]
78 477 [3]
88 464 [6]
189 360 [9]
6 543 [9]
15 540 [3]
25 529 [4]
18 536 [4]
268 286 [4]
24 531 [3]
147 407 [4]
50 505 [3]
21 534 [3]
196 361 [2]
49 501 [9]
43 507 [9]
154 396 [9]
212 345 [2]
146 404 [9]
144 406 [9]
208 342 [9]
6 544 [9]
193 364 [3]
93 465 [2]
83 475 [2]
194 364 [2]
133 418 [9]
134 417 [9]
25 526 [9]
202 349 [9]
10 541 [9]
257 304 [0]
56 502 [3]
268 292 [1]
117 441 [3]
106 446 [9]
146 412 [3]
3 549 [9]
71 487 [3]
229 329 [3]
33 525 [3]
163 395 [3]
219 343 [0]
59 499 [4]
274 282 [6]
275 281 [6]
1 561 [0]
65 488 [9]
177 376 [9]
35 518 [9]
187 373 [3]
206 348 [9]
249 315 [0]
265 299 [0]
164 391 [9]
35 520 [9]
206 349 [9]
2 558 [4]
235 330 [0]
268 288 [9]
157 399 [9]
222 340 [3]
5 551 [9]
10 546 [9]
20 536 [9]
171 388 [6]
84 478 [3]
89 472 [4]
50 507 [9]
116 447 [3]
40 517 [9]
267 299 [0]
48 512 [6]
22 541 [3]
156 407 [3]
127 435 [4]
168 395 [3]
49 512 [6]
240 327 [0]
21 542 [4]
180 381 [6]
72 486 [9]
39 524 [4]
52 511 [4]
33 531 [3]
183 382 [2]
72 487 [9]
174 385 [9]
36 523 [9]
94 471 [3]
63 502 [3]
225 337 [6]
7 561 [0]
64 500 [4]
53 513 [2]
163 396 [9]
145 421 [2]
2 557 [9]
71 488 [9]
99 467 [3]
192 374 [3]
36 529 [4]
179 381 [9]
279 291 [0]
146 422 [2]
95 466 [9]
136 425 [9]
69 492 [9]
194 374 [2]
7 559 [4]
37 530 [4]
36 532 [3]
115 447 [9]
4 563 [4]
228 337 [6]
10 561 [0]
66 497 [9]
279 293 [0]
122 447 [3]
177 392 [3]
29 541 [2]
261 302 [9]
137 426 [9]
246 326 [0]
23 546 [3]
237 326 [9]
237 333 [3]
259 310 [4]
7 562 [4]
61 503 [9]
280 284 [9]
162 409 [2]
46 518 [9]
54 515 [4]
223 341 [9]
21 543 [9]
214 350 [9]
7 557 [9]
70 502 [2]
220 352 [2]
27 544 [3]
176 389 [9]
202 363 [9]
54 516 [4]
212 359 [3]
261 307 [6]
117 454 [3]
33 537 [4]
131 434 [9]
5 560 [9]
93 480 [2]
179 394 [2]
75 497 [3]
47 519 [9]
113 458 [4]
243 329 [3]
269 307 [0]
163 404 [9]
99 468 [9]
146 428 [2]
87 486 [3]
151 422 [3]
35 532 [9]
17 555 [4]
16 556 [4]
44 523 [9]
232 344 [0]
201 369 [6]
148 425 [3]
73 499 [4]
19 548 [9]
258 319 [0]
125 450 [2]
236 339 [2]
99 475 [3]
161 413 [3]
217 351 [9]
205 366 [6]
242 333 [3]
67 502 [9]
262 314 [2]
284 295 [0]
29 548 [2]
34 536 [9]
220 353 [6]
3 567 [9]
242 328 [9]
257 313 [9]
182 394 [3]
214 356 [9]
19 551 [9]
76 494 [9]
5 570 [4]
148 423 [9]
206 371 [3]
175 396 [9]
193 378 [9]
192 385 [3]
126 451 [3]
286 295 [0]
73 505 [3]
236 336 [9]
50 522 [9]
35 542 [4]
19 553 [9]
231 350 [0]
5 567 [9]
55 517 [9]
232 346 [3]
26 553 [3]
50 523 [9]
205 374 [3]
90 488 [4]
286 287 [9]
2 576 [4]
102 478 [3]
60 520 [3]
247 332 [4]
194 389 [0]
206 368 [9]
41 540 [2]
220 361 [2]
12 562 [9]
7 567 [9]
234 347 [2]
85 495 [3]
249 331 [3]
93 487 [3]
16 558 [9]
227 355 [2]
87 491 [6]
118 464 [2]
211 370 [3]
280 304 [0]
25 557 [2]
237 341 [6]
80 502 [2]
149 426 [9]
48 528 [9]
260 325 [0]
106 476 [3]
287 294 [4]
63 520 [2]
15 569 [1]
147 429 [9]
110 473 [2]
204 372 [9]
95 487 [3]
135 447 [3]
127 455 [3]
3 579 [3]
133 450 [3]
254 329 [3]
284 302 [0]
3 574 [9]
239 344 [3]
124 453 [9]
264 319 [3]
152 425 [9]
267 317 [2]
30 553 [3]
157 428 [2]
59 525 [3]
33 545 [9]
92 486 [9]
10 568 [9]
3 580 [4]
112 474 [2]
124 461 [3]
165 420 [3]
98 487 [3]
41 538 [9]
90 494 [4]
12 573 [3]
213 369 [6]
256 329 [3]
13 572 [3]
85 502 [2]
193 394 [2]
99 487 [3]
139 441 [9]
114 466 [9]
0 585 [4]
55 526 [9]
108 480 [2]
126 461 [3]
205 383 [2]
151 430 [9]
49 539 [2]
2 579 [9]
286 298 [6]
16 569 [5]
58 529 [4]
118 470 [3]
291 300 [0]
2 585 [4]
235 350 [6]
290 294 [7]
229 356 [6]
216 366 [9]
287 295 [9]
245 338 [9]
158 432 [2]
4 584 [4]
0 583 [9]
148 441 [3]
293 296 [3]
290 293 [9]
89 494 [9]
113 477 [3]
59 531 [3]
279 312 [2]
67 522 [4]
227 357 [9]
7 582 [4]
155 431 [8]
148 443 [3]
38 553 [3]
234 351 [9]
284 310 [0]
257 331 [6]
140 445 [9]
38 554 [2]
15 570 [9]
235 354 [6]
119 474 [2]
151 435 [9]
233 359 [3]
286 303 [6]
170 419 [6]
256 330 [9]
23 571 [1]
81 508 [6]
3 583 [9]
72 520 [3]
43 543 [9]
210 383 [3]
62 531 [3]
12 581 [3]
222 371 [3]
233 360 [3]
276 313 [7]
260 329 [7]
235 359 [2]
206 381 [9]
103 490 [3]
20 568 [9]
36 552 [9]
111 477 [9]
2 586 [9]
181 407 [9]
56 539 [2]
256 338 [3]
74 520 [3]
275 316 [6]
243 348 [6]
251 340 [6]
171 425 [2]
142 454 [2]
97 492 [9]
227 362 [9]
92 503 [3]
192 403 [3]
107 489 [2]
151 444 [3]
219 377 [2]
285 310 [3]
37 558 [3]
22 575 [2]
252 339 [8]
148 448 [3]
246 344 [9]
15 581 [3]
152 444 [3]
282 314 [3]
110 486 [3]
20 570 [9]
32 558 [9]
248 343 [9]
94 503 [3]
154 443 [3]
189 409 [2]
4 592 [4]
21 577 [2]
195 396 [9]
16 581 [3]
118 479 [3]
181 410 [9]
247 352 [2]
26 573 [2]
3 589 [9]
105 494 [2]
9 589 [3]
66 532 [3]
263 332 [6]
131 464 [6]
235 364 [2]
108 484 [9]
39 561 [1]
50 549 [3]
131 469 [2]
127 466 [9]
179 420 [3]
262 338 [2]
148 452 [2]
26 574 [2]
103 497 [2]
82 517 [3]
41 558 [3]
280 316 [6]
149 445 [9]
198 396 [9]
35 559 [9]
39 555 [9]
226 368 [9]
155 439 [9]
58 536 [9]
102 493 [9]
140 461 [3]
72 523 [9]
28 573 [3]
25 570 [9]
124 477 [3]
32 563 [9]
7 588 [9]
40 555 [9]
59 536 [9]
78 523 [3]
298 307 [0]
98 505 [2]
36 566 [3]
28 574 [3]
59 542 [4]
213 386 [6]
40 563 [3]
258 345 [3]
12 585 [9]
241 356 [9]
4 598 [4]
199 402 [6]
171 428 [8]
201 403 [3]
88 517 [3]
105 495 [8]
123 483 [2]
124 481 [3]
71 528 [9]
62 542 [4]
66 540 [2]
0 599 [9]
106 494 [9]
192 415 [2]
42 564 [3]
17 589 [3]
3 597 [9]
210 390 [9]
56 550 [3]
89 511 [9]
164 443 [3]
237 370 [3]
251 350 [9]
68 540 [2]
67 534 [9]
69 539 [2]
25 576 [9]
167 441 [2]
248 361 [2]
65 543 [3]
3 599 [9]
138 471 [2]
63 545 [3]
195 413 [3]
238 371 [2]
9 593 [9]
110 492 [9]
125 480 [6]
198 404 [9]
102 501 [9]
269 343 [0]
65 538 [9]
65 544 [3]
44 559 [9]
7 601 [4]
258 352 [2]
42 569 [1]
18 591 [3]
14 595 [3]
261 342 [9]
53 557 [2]
177 433 [2]
68 535 [9]
284 322 [6]
0 603 [9]
57 554 [2]
135 476 [2]
198 412 [3]
28 576 [9]
127 482 [4]
231 380 [2]
198 406 [9]
106 504 [3]
11 598 [4]
253 360 [0]
134 476 [3]
41 563 [9]
117 491 [6]
257 355 [2]
4 601 [9]
51 557 [6]
138 474 [2]
217 394 [3]
96 509 [9]
43 562 [9]
286 325 [3]
271 344 [0]
115 497 [3]
134 472 [9]
88 524 [3]
44 568 [3]
19 587 [9]
268 338 [9]
277 338 [0]
276 330 [9]
213 399 [3]
296 313 [6]
12 594 [9]
15 592 [9]
52 555 [9]
305 311 [0]
4 603 [9]
32 580 [4]
6 601 [9]
212 398 [6]
3 610 [3]
145 463 [8]
178 435 [3]
302 315 [0]
227 381 [9]
299 315 [3]
61 547 [9]
237 377 [3]
155 460 [2]
153 461 [3]
76 539 [2]
230 384 [3]
168 446 [3]
244 371 [2]
126 490 [2]
224 390 [4]
168 447 [3]
15 594 [9]
2 612 [4]
233 376 [9]
22 587 [9]
2 607 [9]
299 312 [7]
111 506 [2]
195 422 [2]
231 388 [0]
111 505 [3]
57 559 [3]
99 518 [2]
25 591 [3]
6 611 [2]
133 483 [3]
2 616 [1]
166 445 [9]
213 405 [2]
127 484 [9]
286 331 [3]
92 519 [9]
292 322 [6]
3 608 [9]
46 565 [9]
29 590 [2]
285 336 [0]
12 606 [3]
83 535 [3]
8 610 [3]
191 427 [3]
197 422 [2]
35 583 [3]
206 412 [3]
202 416 [3]
19 598 [4]
130 482 [9]
75 542 [4]
125 495 [2]
37 582 [3]
52 569 [1]
251 362 [9]
194 426 [2]
4 614 [4]
239 382 [2]
45 572 [6]
229 392 [2]
209 412 [2]
34 580 [9]
280 337 [6]
13 607 [3]
5 614 [4]
179 442 [3]
111 504 [9]
211 411 [2]
17 605 [2]
54 567 [3]
292 329 [3]
61 560 [3]
57 564 [3]
269 347 [8]
32 584 [9]
247 369 [9]
283 342 [0]
45 571 [9]
84 539 [2]
16 600 [9]
79 544 [2]
86 535 [4]
143 480 [3]
179 438 [9]
47 570 [9]
242 378 [6]
133 484 [9]
16 607 [3]
215 409 [2]
232 392 [2]
101 520 [6]
108 510 [9]
6 619 [2]
127 497 [3]
21 603 [3]
210 415 [2]
18 606 [3]
5 619 [3]
137 488 [3]
59 566 [3]
78 547 [3]
265 355 [8]
229 396 [3]
300 319 [9]
160 463 [6]
191 435 [3]
139 481 [9]
44 576 [9]
176 451 [3]
246 382 [2]
274 356 [0]
0 621 [9]
97 524 [9]
12 609 [9]
150 477 [3]
23 605 [2]
179 448 [3]
314 317 [0]
26 602 [3]
21 607 [3]
85 537 [9]
246 379 [6]
292 330 [9]
1 621 [9]
302 330 [0]
153 476 [3]
264 368 [0]
193 430 [9]
61 562 [9]
13 616 [3]
238 388 [6]
1 622 [9]
81 542 [9]
211 420 [2]
27 603 [3]
113 517 [3]
220 410 [3]
29 602 [2]
94 530 [9]
292 338 [3]
78 549 [6]
3 626 [4]
32 593 [9]
135 491 [8]
145 487 [2]
7 623 [4]
13 619 [2]
4 626 [4]
267 359 [8]
4 627 [3]
186 440 [9]
30 602 [3]
200 433 [2]
42 591 [2]
269 364 [2]
190 442 [3]
2 624 [9]
22 611 [2]
154 472 [9]
225 407 [3]
245 381 [9]
26 606 [3]
24 609 [3]
113 521 [2]
54 579 [3]
6 627 [3]
45 589 [2]
19 608 [9]
224 403 [9]
197 430 [9]
185 448 [3]
214 420 [3]
30 598 [9]
16 619 [2]
0 628 [9]
215 421 [2]
190 446 [2]
8 626 [4]
83 552 [3]
96 533 [9]
68 569 [1]
99 536 [3]
235 401 [2]
316 322 [0]
40 595 [3]
178 459 [2]
108 522 [9]
229 408 [2]
223 413 [3]
283 353 [3]
243 390 [6]
299 338 [2]
93 541 [6]
107 531 [2]
36 601 [3]
12 620 [9]
108 527 [6]
293 348 [0]
7 625 [9]
256 379 [6]
313 325 [3]
11 621 [9]
29 609 [3]
235 403 [3]
193 439 [9]
3 629 [9]
11 626 [4]
65 574 [2]
48 591 [2]
66 574 [2]
191 448 [3]
36 604 [2]
286 350 [6]
114 526 [3]
63 578 [2]
66 575 [2]
188 448 [7]
247 394 [2]
88 549 [6]
186 453 [4]
205 435 [3]
128 513 [2]
212 429 [2]
187 453 [3]
9 631 [3]
5 633 [5]
247 393 [3]
273 371 [0]
145 491 [8]
156 480 [8]
75 567 [2]
141 499 [4]
35 600 [9]
12 623 [9]
234 408 [3]
322 323 [0]
111 530 [4]
15 621 [9]
1 641 [3]
6 630 [9]
252 390 [3]
46 597 [3]
21 622 [3]
114 523 [9]
284 356 [6]
179 458 [9]
85 552 [9]
252 392 [2]
28 609 [9]
6 638 [2]
312 335 [0]
102 543 [2]
284 361 [2]
41 604 [2]
259 379 [9]
18 627 [3]
153 489 [6]
203 436 [9]
16 623 [9]
93 549 [6]
2 645 [1]
222 423 [3]
14 633 [2]
133 514 [2]
83 564 [2]
22 624 [3]
88 559 [2]
37 610 [2]
52 596 [2]
289 358 [3]
199 448 [3]
27 614 [9]
222 425 [3]
6 635 [9]
223 424 [3]
45 603 [2]
109 538 [3]
41 601 [9]
309 342 [0]
85 564 [2]
303 348 [0]
49 596 [6]
266 385 [0]
5 641 [5]
153 495 [3]
279 370 [2]
183 467 [2]
105 545 [2]
246 403 [3]
0 643 [9]
303 350 [0]
42 605 [6]
135 516 [2]
149 502 [2]
85 566 [2]
271 380 [2]
107 537 [9]
7 645 [1]
197 453 [3]
321 332 [0]
35 609 [9]
35 615 [3]
283 367 [3]
293 358 [2]
209 443 [2]
105 541 [8]
297 357 [0]
66 585 [3]
248 403 [3]
270 382 [2]
65 580 [9]
157 495 [2]
90 555 [9]
114 537 [4]
100 552 [3]
196 457 [2]
65 588 [2]
235 418 [2]
242 407 [6]
215 437 [3]
235 414 [6]
11 640 [4]
320 336 [0]
221 432 [3]
127 527 [2]
21 633 [2]
233 414 [9]
323 334 [0]
317 340 [0]
204 451 [2]
48 607 [2]
19 633 [5]
24 631 [2]
285 370 [2]
171 484 [2]
19 629 [9]
322 333 [2]
242 406 [9]
309 348 [0]
106 549 [2]
194 455 [8]
297 358 [2]
53 602 [2]
17 638 [2]
287 362 [9]
244 414 [0]
252 406 [0]
138 512 [8]
10 645 [3]
101 555 [2]
224 425 [9]
88 561 [9]
155 501 [3]
96 557 [6]
9 647 [3]
299 352 [8]
275 378 [6]
183 470 [6]
2 648 [9]
246 410 [3]
185 468 [6]
255 404 [0]
46 610 [3]
249 408 [2]
148 506 [6]
153 504 [3]
141 510 [9]
73 584 [3]
36 621 [3]
229 429 [2]
35 622 [3]
189 470 [2]
296 365 [0]
68 591 [2]
210 449 [2]
17 640 [4]
100 559 [2]
293 365 [3]
105 548 [8]
28 630 [3]
307 347 [8]
110 550 [2]
44 615 [3]
283 379 [0]
27 626 [9]
0 659 [3]
3 656 [3]
39 620 [3]
4 649 [9]
94 567 [2]
202 459 [2]
233 427 [3]
117 537 [9]
35 625 [3]
318 342 [3]
84 578 [2]
143 518 [3]
42 613 [9]
237 424 [3]
161 500 [3]
31 631 [3]
328 337 [0]
212 451 [2]
77 586 [2]
159 503 [3]
55 601 [9]
101 557 [7]
245 417 [3]
144 519 [3]
266 400 [0]
98 565 [3]
304 356 [6]
69 594 [3]
135 528 [3]
79 581 [6]
6 657 [3]
190 470 [6]
68 596 [2]
83 578 [6]
83 582 [2]
97 568 [2]
209 450 [8]
231 431 [5]
87 578 [2]
8 655 [4]
280 381 [6]
1 657 [9]
240 422 [5]
143 521 [3]
3 661 [3]
173 492 [3]
51 615 [2]
191 468 [9]
130 535 [3]
10 649 [9]
127 539 [2]
299 361 [8]
141 525 [2]
248 417 [3]
89 573 [6]
109 558 [2]
40 626 [3]
198 469 [2]
258 408 [3]
196 471 [2]
234 433 [2]
70 597 [2]
332 335 [3]
144 520 [6]
316 354 [0]
190 478 [2]
178 485 [7]
42 625 [3]
226 435 [9]
280 387 [3]
227 438 [6]
164 504 [3]
33 636 [2]
116 552 [3]
262 402 [7]
23 639 [9]
318 353 [0]
186 476 [9]
99 567 [6]
10 653 [9]
1 668 [3]
8 659 [5]
281 388 [3]
2 669 [1]
91 575 [6]
68 602 [2]
41 628 [3]
150 520 [2]
113 556 [3]
48 621 [3]
311 359 [2]
99 570 [3]
141 522 [9]
4 665 [3]
16 654 [3]
297 376 [0]
327 344 [2]
17 653 [3]
6 664 [3]
2 662 [9]
202 464 [7]
53 618 [2]
78 589 [6]
69 602 [2]
113 554 [6]
228 439 [6]
141 531 [2]
296 378 [0]
86 585 [3]
257 409 [8]
127 538 [9]
178 489 [7]
7 663 [4]
230 438 [6]
10 661 [3]
49 624 [2]
82 591 [2]
64 605 [6]
162 510 [3]
254 418 [3]
43 623 [9]
200 474 [2]
112 562 [2]
196 478 [2]
64 610 [2]
227 446 [3]
111 556 [9]
9 665 [2]
198 476 [3]
43 631 [3]
324 350 [3]
295 380 [2]
98 576 [3]
22 646 [9]
4 670 [3]
7 669 [1]
133 535 [9]
44 630 [3]
123 553 [2]
130 545 [3]
6 663 [9]
198 478 [2]
180 490 [8]
155 521 [2]
59 617 [2]
276 396 [6]
17 659 [2]
10 665 [3]
222 453 [3]
119 553 [6]
190 483 [6]
71 606 [2]
253 426 [0]
12 664 [3]
206 471 [2]
198 479 [2]
284 393 [2]
154 522 [3]
84 589 [6]
234 443 [2]
203 474 [3]
213 459 [8]
63 611 [6]
13 658 [9]
104 574 [2]
263 414 [3]
93 584 [3]
334 343 [3]
52 625 [3]
60 617 [3]
139 537 [4]
288 393 [0]
36 643 [2]
260 415 [6]
239 440 [2]
2 678 [1]
42 633 [6]
69 609 [3]
45 635 [2]
47 632 [3]
88 588 [6]
173 507 [2]
139 541 [2]
64 615 [3]
162 517 [3]
313 363 [6]
312 371 [0]
232 449 [2]
76 598 [9]
10 670 [3]
110 569 [4]
3 676 [4]
218 457 [8]
141 533 [9]
166 509 [9]
223 459 [2]
261 415 [8]
87 595 [2]
26 656 [2]
24 654 [6]
239 443 [2]
63 612 [9]
13 662 [9]
133 542 [9]
255 430 [0]
152 527 [6]
135 544 [6]
97 586 [2]
45 637 [3]
18 664 [3]
78 602 [6]
103 577 [6]
70 610 [6]
120 564 [2]
36 647 [3]
30 653 [3]
201 482 [3]
187 496 [3]
180 504 [2]
34 649 [3]
83 597 [6]
269 409 [8]
23 660 [3]
279 404 [3]
91 593 [3]
320 367 [0]
174 510 [3]
34 650 [3]
296 384 [7]
76 605 [6]
26 652 [9]
233 452 [2]
141 537 [9]
300 388 [0]
306 382 [0]
150 529 [9]
108 578 [2]
58 628 [2]
227 459 [2]
152 534 [2]
245 434 [9]
308 380 [0]
304 378 [6]
236 450 [2]
136 550 [2]
269 418 [2]
303 386 [0]
156 530 [3]
0 686 [3]
127 560 [2]
245 441 [3]
143 543 [3]
182 504 [3]
170 516 [3]
282 405 [2]
1 679 [9]
232 450 [8]
106 582 [2]
295 393 [2]
44 637 [9]
261 426 [3]
266 417 [7]
12 677 [2]
341 351 [0]
111 575 [6]
73 617 [2]
52 637 [3]
153 530 [9]
310 380 [2]
51 636 [6]
168 522 [3]
2 682 [9]
121 566 [6]
236 455 [2]
161 529 [3]
10 674 [9]
307 384 [2]
18 666 [9]
141 551 [2]
98 594 [2]
246 446 [2]
21 671 [2]
44 647 [3]
12 679 [3]
94 599 [2]
116 573 [6]
85 604 [6]
18 675 [2]
215 478 [2]
307 388 [0]
332 357 [6]
33 660 [2]
29 661 [6]
247 446 [3]
2 685 [9]
237 456 [3]
0 693 [3]
124 570 [2]
57 633 [6]
172 521 [3]
53 640 [3]
301 396 [0]
273 424 [0]
302 393 [2]
53 638 [6]
108 580 [9]
174 521 [2]
20 674 [3]
70 625 [2]
178 516 [3]
255 436 [7]
247 448 [3]
270 425 [3]
4 691 [3]
0 695 [3]
275 414 [9]
75 621 [2]
28 668 [2]
101 591 [7]
243 454 [2]
265 427 [7]
6 690 [3]
323 374 [2]
272 428 [0]
240 460 [0]
331 369 [0]
6 685 [9]
271 421 [8]
18 678 [4]
155 543 [2]
181 517 [2]
162 529 [9]
56 638 [6]
274 424 [2]
2 695 [3]
21 677 [2]
42 657 [2]
34 665 [2]
230 462 [9]
314 387 [0]
154 540 [7]
193 502 [6]
139 559 [3]
96 599 [6]
291 407 [3]
197 503 [2]
231 463 [8]
124 576 [2]
46 652 [4]
71 629 [2]
171 523 [8]
113 587 [2]
149 551 [2]
114 586 [2]
270 429 [3]
277 426 [0]
70 627 [6]
220 481 [2]
84 617 [2]
123 571 [9]
74 626 [3]
282 418 [3]
264 433 [6]
13 687 [3]
130 568 [6]
131 567 [6]
79 623 [2]
78 620 [6]
63 639 [2]
156 540 [8]
27 675 [2]
96 602 [6]
57 641 [6]
253 443 [8]
170 532 [2]
195 500 [9]
109 593 [2]
44 657 [3]
269 431 [5]
146 553 [6]
298 404 [3]
254 449 [2]
159 544 [2]
31 672 [2]
108 595 [2]
53 649 [3]
329 377 [0]
56 648 [2]
352 355 [0]
328 377 [2]
316 388 [3]
203 502 [2]
139 566 [2]
328 379 [0]
48 657 [2]
313 391 [3]
209 490 [8]
114 591 [2]
341 364 [2]
194 506 [7]
8 690 [9]
278 430 [0]
301 407 [0]
98 604 [6]
106 600 [2]
163 543 [2]
141 565 [3]
308 401 [0]
84 619 [6]
101 602 [6]
348 359 [2]
97 609 [3]
21 685 [3]
97 605 [7]
27 678 [4]
4 702 [3]
313 393 [3]
306 402 [1]
233 475 [2]
198 506 [6]
263 445 [2]
25 682 [3]
20 687 [3]
265 437 [8]
3 704 [3]
2 699 [9]
7 694 [9]
12 696 [2]
28 678 [4]
93 614 [3]
36 672 [2]
51 653 [6]
53 651 [6]
133 572 [6]
106 603 [2]
254 455 [2]
25 683 [3]
119 587 [6]
143 566 [3]
142 561 [9]
13 690 [9]
4 699 [9]
317 387 [8]
126 584 [3]
105 600 [8]
259 452 [2]
47 664 [2]
27 684 [2]
10 700 [3]
21 689 [3]
176 531 [6]
333 378 [2]
101 605 [8]
119 593 [2]
57 651 [6]
143 568 [3]
26 685 [3]
0 711 [3]
2 711 [1]
281 434 [0]
105 605 [5]
155 558 [2]
36 677 [2]
3 703 [9]
43 670 [2]
161 552 [2]
2 712 [1]
112 597 [6]
193 519 [3]
97 617 [2]
217 497 [2]
96 618 [2]
147 567 [2]
317 397 [2]
89 625 [2]
290 423 [3]
217 496 [3]
3 710 [3]
40 670 [6]
4 710 [3]
215 493 [9]
318 399 [0]
2 706 [9]
137 571 [9]
280 434 [3]
58 657 [2]
36 679 [2]
349 369 [0]
115 600 [3]
86 629 [3]
95 621 [2]
250 466 [2]
165 551 [2]
4 711 [3]
76 636 [6]
144 568 [6]
270 445 [3]
214 501 [3]
331 385 [2]
266 453 [0]
166 551 [2]
11 705 [3]
320 397 [2]
215 502 [2]
153 563 [3]
58 658 [3]
175 543 [2]
73 641 [6]
75 643 [2]
14 703 [3]
147 569 [4]
131 583 [6]
79 639 [2]
142 569 [9]
114 604 [2]
207 507 [6]
21 697 [2]
275 444 [2]
321 400 [0]
54 665 [2]
196 522 [3]
267 447 [7]
104 611 [6]
39 679 [3]
97 622 [2]
284 434 [3]
238 475 [8]
1 717 [3]
294 424 [3]
141 574 [6]
250 464 [8]
74 642 [6]
191 525 [6]
35 684 [3]
217 503 [2]
267 448 [7]
180 534 [8]
223 496 [3]
56 661 [6]
83 634 [6]
170 551 [2]
100 617 [6]
14 706 [3]
83 633 [7]
59 655 [9]
112 604 [7]
186 534 [3]
31 683 [9]
140 582 [2]
79 638 [7]
226 491 [7]
96 626 [2]
220 501 [3]
163 554 [7]
2 713 [9]
243 473 [8]
212 510 [2]
345 380 [0]
184 538 [3]
280 443 [2]
213 510 [2]
315 407 [3]
273 444 [8]
337 389 [0]
45 675 [6]
42 681 [3]
6 717 [3]
10 713 [3]
2 715 [9]
277 441 [8]
2 723 [1]
94 630 [2]
55 669 [2]
9 714 [3]
270 453 [3]
20 703 [3]
49 671 [6]
206 512 [8]
3 720 [3]
341 386 [0]
176 542 [9]
264 456 [7]
254 471 [2]
5 719 [3]
174 551 [2]
0 724 [3]
100 625 [2]
356 372 [0]
105 615 [8]
52 667 [9]
26 700 [2]
253 469 [6]
66 660 [2]
55 671 [2]
291 435 [2]
272 457 [0]
101 622 [6]
180 547 [2]
106 616 [7]
329 392 [8]
81 642 [6]
360 367 [2]
331 398 [0]
34 692 [3]
273 450 [6]
193 533 [3]
315 412 [2]
70 657 [2]
6 720 [3]
213 512 [5]
183 545 [2]
281 441 [8]
213 515 [2]
128 600 [2]
96 632 [2]
67 661 [2]
55 666 [9]
29 695 [6]
104 624 [2]
74 651 [6]
80 649 [2]
324 407 [0]
259 470 [2]
151 574 [6]
15 713 [3]
221 501 [9]
246 482 [3]
69 656 [6]
255 470 [6]
0 728 [3]
312 411 [8]
168 557 [7]
351 381 [0]
179 546 [7]
24 706 [2]
2 721 [9]
50 678 [4]
48 681 [3]
40 686 [6]
2 729 [1]
49 681 [2]
83 643 [6]
246 480 [6]
281 444 [8]
358 375 [0]
167 560 [6]
297 429 [7]
128 603 [2]
248 482 [3]
6 725 [2]
199 527 [7]
220 511 [2]
3 721 [9]
130 596 [7]
170 557 [7]
293 433 [8]
249 477 [8]
289 443 [2]
9 722 [3]
216 513 [6]
134 595 [6]
227 502 [6]
127 606 [2]
318 414 [3]
264 472 [0]
300 428 [8]
331 403 [2]
69 661 [6]
15 719 [2]
308 420 [8]
318 410 [8]
238 490 [8]
340 396 [0]
132 601 [3]
1 732 [3]
329 402 [5]
281 448 [7]
59 671 [6]
298 436 [2]
199 531 [6]
183 546 [7]
120 615 [2]
48 687 [2]
215 519 [3]
223 511 [3]
36 698 [3]
2 734 [1]
338 400 [0]
45 691 [2]
70 666 [2]
171 559 [8]
63 673 [2]
144 592 [2]
138 598 [2]
200 535 [3]
263 467 [8]
281 449 [8]
238 498 [2]
207 529 [2]
183 550 [6]
147 590 [2]
250 487 [2]
22 708 [9]
101 632 [6]
15 721 [3]
314 418 [7]
155 577 [7]
115 622 [2]
337 394 [8]
106 628 [6]
89 649 [2]
64 673 [3]
41 697 [2]
17 720 [3]
317 416 [7]
266 466 [8]
175 560 [6]
182 553 [6]
355 378 [8]
12 726 [3]
74 661 [6]
167 571 [3]
20 718 [3]
44 695 [2]
125 613 [3]
158 580 [3]
59 680 [2]
284 456 [2]
261 473 [8]
130 606 [6]
11 722 [9]
18 721 [3]
44 696 [2]
244 490 [8]
64 677 [2]
362 381 [0]
6 734 [3]
351 389 [3]
180 555 [8]
294 446 [3]
59 681 [3]
218 523 [2]
12 728 [3]
151 590 [2]
55 686 [2]
19 715 [9]
191 546 [7]
255 483 [6]
92 649 [3]
58 683 [3]
22 720 [2]
255 481 [8]
44 698 [3]
100 638 [7]
12 731 [2]
2 739 [4]
188 551 [6]
45 694 [6]
28 708 [9]
307 436 [2]
262 476 [7]
212 527 [7]
219 520 [7]
131 612 [3]
21 723 [2]
60 683 [3]
10 733 [3]
302 437 [8]
263 482 [2]
373 374 [0]
110 631 [6]
36 709 [2]
223 518 [6]
303 442 [2]
1 737 [9]
357 390 [0]
341 406 [0]
26 718 [3]
112 630 [6]
31 714 [3]
357 388 [3]
299 441 [8]
2 737 [9]
55 690 [3]
208 534 [6]
283 462 [3]
160 583 [6]
250 491 [8]
153 594 [2]
163 579 [7]
201 540 [8]
25 721 [3]
33 710 [6]
46 701 [2]
11 735 [3]
48 699 [2]
19 725 [5]
14 733 [2]
0 740 [9]
166 582 [2]
210 534 [6]
5 742 [3]
12 735 [3]
178 570 [2]
224 523 [3]
183 565 [2]
107 640 [3]
158 587 [6]
372 379 [0]
246 503 [2]
336 408 [7]
242 507 [2]
341 407 [3]
134 610 [7]
47 702 [2]
170 575 [7]
49 697 [6]
128 622 [2]
220 529 [3]
172 571 [9]
228 518 [6]
231 519 [2]
284 466 [2]
4 739 [9]
112 634 [6]
364 380 [8]
63 687 [2]
27 723 [2]
250 497 [6]
133 618 [2]
136 614 [3]
351 394 [8]
18 732 [3]
119 629 [6]
282 464 [8]
359 395 [0]
223 525 [6]
89 659 [6]
21 731 [2]
147 598 [9]
15 736 [3]
217 536 [2]
111 638 [6]
315 432 [8]
30 723 [2]
70 676 [9]
163 586 [6]
188 560 [7]
294 459 [2]
197 556 [2]
251 501 [3]
263 484 [8]
201 552 [2]
213 534 [8]
70 683 [2]
332 420 [3]
366 390 [0]
121 629 [6]
11 742 [3]
25 729 [2]
4 749 [3]
235 519 [2]
39 708 [9]
154 596 [7]
97 654 [6]
279 470 [8]
98 653 [6]
265 484 [8]
281 470 [6]
262 488 [7]
258 497 [2]
278 474 [6]
313 443 [2]
310 446 [2]
21 735 [2]
22 734 [2]
12 743 [3]
114 638 [6]
10 745 [3]
238 513 [8]
130 623 [6]
225 527 [7]
221 535 [3]
21 736 [2]
52 705 [2]
187 570 [2]
198 554 [7]
95 663 [2]
339 421 [0]
38 720 [2]
321 431 [8]
68 686 [6]
125 629 [6]
262 490 [8]
81 673 [6]
131 623 [6]
34 724 [2]
51 703 [6]
376 381 [3]
187 568 [6]
262 499 [0]
15 743 [3]
202 553 [6]
314 445 [2]
312 441 [8]
77 682 [2]
119 640 [2]
255 498 [8]
174 584 [3]
272 489 [0]
173 581 [7]
59 696 [6]
250 510 [2]
33 727 [2]
30 730 [2]
13 746 [3]
80 675 [7]
348 412 [2]
4 755 [3]
36 724 [2]
257 499 [6]
63 693 [6]
365 398 [0]
199 557 [7]
242 514 [7]
53 704 [6]
30 731 [2]
208 552 [3]
153 604 [6]
282 473 [8]
108 650 [6]
152 606 [6]
269 487 [8]
88 669 [7]
52 710 [2]
235 521 [8]
1 760 [3]
229 527 [8]
293 463 [8]
56 706 [2]
48 714 [3]
28 735 [2]
35 727 [3]
4 758 [3]
328 434 [3]
127 633 [6]
201 559 [6]
263 496 [7]
177 583 [6]
354 410 [2]
47 717 [2]
338 426 [2]
328 436 [2]
251 508 [8]
164 596 [7]
227 537 [3]
54 710 [3]
269 496 [2]
7 759 [1]
175 590 [2]
222 542 [3]
76 688 [3]
284 481 [2]
88 676 [3]
130 632 [6]
150 611 [7]
362 406 [0]
244 522 [2]
192 568 [8]
204 558 [6]
204 562 [2]
280 486 [2]
4 761 [3]
35 732 [2]
191 576 [2]
183 584 [2]
172 591 [6]
5 761 [3]
182 584 [3]
279 488 [2]
6 760 [3]
176 592 [2]
290 478 [2]
310 452 [8]
154 613 [3]
289 473 [8]
100 667 [3]
80 688 [2]
36 732 [2]
218 544 [8]
38 730 [2]
116 652 [3]
158 607 [6]
144 621 [6]
380 383 [8]
365 404 [2]
24 738 [9]
20 749 [2]
111 654 [6]
191 573 [7]
131 633 [8]
124 641 [7]
241 525 [6]
11 758 [3]
65 701 [6]
368 404 [0]
105 660 [7]
208 558 [6]
384 386 [2]
68 703 [2]
261 509 [3]
88 679 [6]
179 592 [2]
265 501 [7]
295 476 [2]
3 767 [3]
187 579 [7]
133 637 [3]
150 621 [2]
329 445 [0]
81 687 [6]
42 730 [2]
326 446 [2]
4 767 [3]
242 529 [3]
323 444 [7]
257 512 [5]
374 400 [0]
45 727 [2]
172 600 [2]
381 391 [2]
201 566 [8]
136 637 [2]
32 740 [3]
8 764 [3]
366 406 [3]
384 392 [0]
327 449 [0]
270 504 [2]
189 581 [6]
338 432 [6]
74 696 [6]
30 744 [2]
142 627 [7]
18 755 [3]
243 525 [8]
218 550 [8]
65 709 [2]
128 646 [2]
261 507 [8]
363 414 [0]
162 612 [3]
376 399 [2]
172 603 [2]
32 743 [2]
9 765 [3]
5 768 [4]
84 692 [2]
77 695 [6]
185 587 [6]
189 583 [6]
65 707 [6]
352 421 [5]
233 542 [3]
274 496 [8]
116 656 [7]
245 527 [7]
71 706 [2]
40 737 [2]
46 730 [3]
106 668 [6]
346 434 [0]
230 547 [3]
167 605 [8]
163 610 [7]
22 755 [3]
62 716 [2]
31 746 [3]
288 486 [6]
297 475 [8]
97 677 [6]
104 667 [9]
120 654 [7]
12 766 [3]
133 642 [6]
308 467 [6]
292 483 [6]
256 523 [2]
81 698 [2]
152 626 [3]
354 425 [2]
82 697 [2]
6 772 [3]
359 423 [0]
119 657 [6]
102 674 [6]
38 742 [2]
307 472 [3]
356 424 [2]
164 611 [7]
162 618 [2]
6 774 [2]
245 531 [6]
254 520 [8]
223 553 [6]
256 524 [2]
370 413 [0]
82 695 [6]
380 401 [2]
203 574 [6]
264 514 [5]
75 702 [6]
165 611 [7]
75 706 [2]
373 410 [0]
48 733 [2]
120 656 [7]
281 494 [8]
126 650 [7]
63 718 [2]
126 651 [7]
94 684 [6]
118 663 [3]
169 612 [3]
301 478 [6]
385 400 [0]
117 666 [2]
171 607 [7]
134 649 [2]
6 776 [3]
198 585 [2]
155 624 [6]
1 775 [9]
375 411 [0]
229 549 [8]
140 644 [2]
127 657 [2]
28 755 [3]
84 696 [6]
75 709 [2]
146 634 [6]
278 501 [7]
42 741 [3]
315 464 [7]
8 769 [9]
391 395 [0]
152 628 [6]
70 715 [2]
126 654 [7]
128 657 [2]
153 628 [6]
87 698 [2]
84 697 [6]
265 515 [7]
255 524 [8]
229 556 [2]
338 441 [8]
335 445 [7]
31 754 [2]
231 549 [7]
175 606 [6]
113 668 [7]
323 457 [8]
25 761 [2]
385 403 [0]
101 680 [7]
360 426 [2]
236 550 [2]
328 452 [8]
277 506 [5]
2 785 [1]
342 444 [2]
288 495 [5]
147 639 [2]
125 656 [7]
204 577 [7]
352 437 [0]
333 456 [0]
320 461 [8]
124 663 [2]
260 523 [6]
213 570 [6]
125 662 [2]
5 781 [3]
207 580 [2]
6 780 [3]
368 415 [6]
306 484 [0]
95 689 [6]
71 713 [6]
344 444 [2]
25 763 [2]
301 481 [8]
306 479 [5]
138 645 [8]
353 438 [0]
106 683 [2]
265 519 [7]
43 739 [9]
205 578 [8]
103 682 [6]
66 724 [2]
36 750 [6]
365 420 [7]
296 491 [5]
8 781 [3]
205 579 [8]
226 560 [6]
61 725 [6]
247 539 [6]
76 710 [6]
12 778 [2]
82 708 [3]
280 505 [8]
53 734 [6]
127 663 [3]
0 784 [9]
3 787 [3]
255 532 [6]
28 762 [3]
37 750 [6]
25 765 [3]
128 663 [2]
91 697 [6]
339 455 [0]
77 711 [6]
373 415 [6]
58 734 [2]
274 513 [7]
298 488 [8]
246 540 [8]
302 485 [7]
87 706 [2]
35 751 [9]
212 575 [8]
244 543 [8]
371 424 [0]
387 401 [7]
18 768 [9]
180 613 [2]
363 430 [2]
17 775 [3]
394 395 [6]
24 769 [2]
82 707 [6]
1 791 [3]
359 429 [8]
334 462 [0]
323 466 [7]
219 572 [5]
19 774 [3]
4 789 [3]
124 665 [7]
235 553 [8]
17 776 [3]
199 591 [6]
102 692 [2]
1 792 [3]
62 732 [2]
38 757 [2]
129 662 [6]
11 783 [3]
78 712 [7]
280 515 [2]
278 514 [5]
130 660 [7]
292 499 [6]
266 525 [6]
155 636 [7]
215 577 [6]
75 717 [6]
315 475 [8]
22 773 [3]
354 442 [2]
288 504 [6]
399 400 [0]
203 593 [3]
363 428 [8]
21 775 [3]
43 753 [3]
151 643 [6]
152 642 [6]
107 687 [6]
160 634 [6]
321 473 [6]
304 489 [7]
4 793 [3]
278 515 [7]
20 777 [3]
17 780 [3]
283 512 [5]
229 565 [6]
23 774 [3]
216 577 [7]
361 440 [0]
347 454 [0]
276 523 [2]
29 766 [6]
183 610 [8]
122 672 [7]
229 570 [2]
95 700 [6]
53 742 [6]
63 732 [6]
281 513 [7]
184 610 [7]
330 468 [3]
153 641 [7]
289 507 [6]
88 707 [7]
138 658 [6]
63 733 [6]
234 560 [8]
25 768 [9]
152 648 [2]
297 497 [8]
390 405 [7]
395 402 [5]
269 525 [8]
112 684 [7]
241 554 [8]
156 639 [8]
12 789 [2]
253 542 [8]
124 673 [6]
77 720 [6]
354 441 [8]
309 486 [8]
18 782 [3]
288 514 [1]
129 668 [7]
40 758 [6]
278 520 [6]
146 651 [7]
125 672 [7]
372 430 [2]
26 776 [2]
27 768 [9]
218 579 [7]
247 555 [2]
190 612 [2]
118 680 [6]
253 546 [5]
181 616 [7]
255 544 [6]
14 789 [2]
45 754 [6]
345 453 [7]
37 765 [3]
348 449 [8]
12 784 [9]
234 565 [6]
112 687 [7]
51 748 [7]
161 639 [6]
368 432 [6]
231 568 [7]
266 533 [7]
134 666 [6]
156 644 [6]
287 517 [2]
9 795 [2]
164 640 [2]
62 741 [3]
275 528 [3]
173 627 [7]
251 548 [8]
181 620 [6]
240 566 [1]
302 504 [2]
261 540 [7]
252 549 [7]
131 670 [7]
399 402 [7]
36 769 [3]
329 472 [7]
261 545 [2]
70 732 [6]
312 488 [8]
294 511 [3]
174 628 [6]
186 616 [6]
62 744 [2]
195 607 [7]
223 584 [2]
92 715 [2]
222 579 [8]
66 740 [3]
260 543 [6]
239 562 [8]
26 781 [2]
372 434 [3]
27 779 [3]
32 768 [9]
313 493 [3]
65 743 [2]
68 736 [6]
397 413 [0]
111 693 [6]
9 799 [2]
213 589 [8]
70 734 [6]
56 748 [6]
64 744 [2]
96 709 [6]
364 447 [0]
26 783 [2]
223 582 [6]
229 574 [8]
144 660 [7]
206 599 [6]
43 766 [2]
386 423 [2]
229 580 [2]
387 417 [7]
148 658 [6]
70 736 [6]
73 733 [6]
301 505 [6]
372 432 [8]
258 552 [2]
226 581 [6]
42 768 [3]
21 790 [2]
260 545 [8]
41 769 [3]
404 406 [3]
210 601 [2]
66 738 [9]
132 675 [6]
8 796 [9]
358 456 [0]
229 577 [8]
162 645 [7]
121 687 [6]
387 420 [7]
346 468 [0]
133 675 [6]
257 549 [8]
397 417 [0]
144 664 [7]
92 721 [2]
314 499 [2]
211 597 [8]
42 772 [2]
340 470 [6]
359 451 [6]
96 714 [6]
67 746 [3]
216 594 [6]
20 794 [2]
324 493 [0]
401 416 [0]
169 646 [2]
28 787 [2]
300 515 [2]
117 698 [2]
187 624 [6]
126 685 [6]
208 603 [6]
217 595 [6]
240 577 [1]
76 740 [2]
389 421 [8]
272 546 [0]
43 772 [3]
16 798 [4]
170 642 [7]
185 627 [7]
209 602 [8]
84 729 [6]
338 475 [6]
72 738 [9]
386 430 [3]
301 514 [5]
64 750 [6]
165 652 [3]
203 614 [3]
139 680 [2]
363 458 [0]
48 771 [2]
376 437 [8]
304 515 [2]
225 589 [7]
49 766 [6]
330 483 [8]
331 483 [7]
375 440 [6]
364 451 [6]
358 457 [6]
113 702 [7]
241 573 [8]
267 548 [7]
100 716 [6]
190 624 [8]
199 617 [6]
188 629 [5]
314 502 [6]
201 615 [6]
97 720 [6]
70 747 [6]
298 518 [7]
22 799 [2]
328 493 [2]
123 694 [6]
245 576 [2]
378 437 [8]
120 696 [7]
59 762 [2]
326 495 [2]
24 796 [3]
26 795 [2]
60 761 [2]
245 572 [7]
269 548 [7]
75 743 [6]
56 766 [2]
30 792 [2]
382 434 [8]
322 500 [2]
314 505 [6]
41 782 [2]
174 649 [2]
158 660 [7]
326 497 [2]
46 777 [2]
161 658 [6]
66 756 [3]
387 438 [0]
274 543 [8]
122 697 [6]
37 783 [6]
391 435 [0]
410 414 [2]
230 590 [6]
150 674 [2]
191 628 [7]
120 700 [6]
315 509 [2]
389 434 [3]
159 666 [2]
162 663 [2]
36 789 [2]
148 676 [3]
179 641 [8]
105 715 [8]
149 673 [6]
21 798 [9]
397 424 [7]
170 653 [6]
290 531 [8]
411 418 [0]
159 667 [3]
176 647 [6]
117 706 [6]
56 767 [6]
76 747 [6]
401 422 [6]
278 544 [7]
377 453 [0]
204 620 [6]
172 655 [3]
234 590 [6]
209 616 [5]
236 588 [6]
372 456 [2]
102 722 [6]
161 667 [2]
182 641 [7]
49 779 [2]
312 510 [8]
163 662 [6]
284 545 [2]
267 556 [8]
397 426 [8]
72 758 [2]
169 656 [7]
192 632 [8]
56 770 [6]
120 705 [7]
40 790 [2]
85 738 [9]
293 531 [8]
252 575 [5]
38 792 [2]
284 541 [7]
201 625 [6]
307 518 [7]
276 550 [6]
249 579 [5]
286 540 [7]
400 433 [0]
95 732 [6]
81 746 [6]
90 740 [3]
118 709 [6]
410 423 [0]
251 575 [8]
98 729 [7]
46 786 [2]
220 606 [8]
208 620 [6]
97 731 [6]
218 608 [8]
145 681 [8]
41 791 [2]
261 565 [8]
62 770 [2]
194 636 [5]
408 427 [0]
59 770 [6]
221 608 [6]
407 426 [2]
42 787 [6]
159 669 [7]
288 547 [0]
169 659 [7]
392 443 [0]
43 790 [3]
282 546 [8]
356 473 [7]
342 486 [8]
301 528 [7]
45 785 [6]
187 641 [8]
260 575 [1]
183 652 [2]
77 754 [6]
176 654 [7]
368 464 [5]
236 595 [6]
406 429 [2]
167 667 [3]
397 438 [2]
280 555 [2]
90 745 [2]
171 660 [7]
407 431 [0]
376 462 [0]
186 650 [2]
115 717 [6]
119 712 [7]
33 799 [6]
361 470 [7]
120 711 [7]
352 485 [1]
144 687 [7]
162 670 [7]
292 539 [8]
201 632 [6]
401 432 [6]
88 745 [7]
85 748 [7]
106 728 [6]
73 761 [6]
139 695 [6]
394 438 [8]
49 786 [6]
254 579 [8]
159 675 [7]
88 751 [2]
66 773 [2]
180 656 [5]
137 698 [6]
336 497 [8]
333 509 [0]
173 663 [6]
109 726 [7]
136 700 [6]
139 701 [2]
307 533 [2]
123 713 [6]
277 560 [5]
110 726 [6]
378 462 [2]
150 686 [7]
140 696 [7]
118 719 [6]
91 746 [6]
114 723 [6]
335 509 [0]
206 632 [6]
91 751 [2]
175 664 [6]
132 707 [6]
293 544 [8]
261 576 [8]
143 700 [2]
269 572 [5]
243 596 [7]
405 441 [0]
231 608 [7]
55 788 [3]
147 693 [6]
268 576 [2]
343 495 [8]
335 512 [0]
145 694 [8]
416 431 [0]
107 734 [6]
240 600 [7]
97 745 [6]
349 499 [0]
415 433 [0]
205 637 [6]
186 660 [2]
184 658 [6]
353 487 [8]
54 792 [2]
198 644 [6]
58 788 [2]
123 719 [6]
363 477 [8]
203 644 [2]
316 526 [7]
409 434 [6]
195 649 [6]
194 651 [5]
239 604 [7]
246 596 [8]
211 631 [8]
57 787 [6]
196 648 [6]
414 428 [8]
254 589 [8]
139 710 [2]
298 545 [8]
64 784 [3]
386 462 [3]
249 595 [8]
370 482 [0]
350 499 [3]
367 479 [6]
279 571 [2]
74 776 [2]
171 674 [7]
334 511 [7]
358 488 [6]
392 454 [6]
310 534 [8]
146 700 [7]
200 645 [8]
157 690 [6]
75 776 [2]
121 726 [6]
294 553 [6]
52 799 [2]
211 634 [8]
134 713 [7]
59 789 [6]
351 495 [8]
406 440 [8]
377 471 [6]
316 537 [2]
325 530 [0]
311 536 [8]
394 461 [0]
213 640 [2]
289 558 [8]
371 478 [6]
296 554 [5]
272 582 [1]
322 526 [7]
215 634 [6]
72 781 [2]
178 669 [8]
129 721 [6]
210 638 [8]
338 513 [5]
61 793 [2]
304 544 [8]
198 651 [7]
272 583 [1]
389 459 [8]
344 505 [8]
426 431 [0]
93 757 [7]
284 565 [8]
322 533 [2]
318 537 [2]
244 606 [7]
382 476 [0]
194 659 [5]
187 664 [7]
178 673 [7]
170 682 [6]
89 763 [6]
82 771 [6]
424 435 [0]
230 623 [6]
202 650 [7]
164 689 [6]
54 796 [9]
216 636 [7]
244 608 [7]
105 749 [5]
360 500 [0]
243 610 [7]
213 639 [8]
296 556 [8]
397 457 [6]
329 527 [5]
167 688 [6]
192 663 [6]
247 612 [2]
395 460 [6]
145 712 [5]
289 565 [8]
258 596 [8]
350 510 [2]
423 433 [6]
103 753 [6]
78 777 [7]
344 516 [2]
78 778 [7]
154 702 [7]
184 673 [6]
258 599 [6]
232 623 [8]
281 576 [6]
243 616 [5]
187 669 [8]
112 745 [7]
99 758 [7]
334 528 [2]
339 520 [5]
350 508 [7]
291 567 [7]
367 490 [8]
301 556 [8]
412 445 [8]
223 636 [7]
307 554 [5]
288 577 [1]
96 768 [2]
111 753 [2]
127 737 [2]
399 468 [0]
145 714 [8]
162 699 [6]
81 784 [2]
362 497 [8]
274 585 [8]
336 523 [8]
189 672 [7]
338 530 [0]
174 686 [8]
115 747 [6]
198 667 [3]
131 729 [8]
179 683 [6]
167 693 [8]
107 755 [6]
181 682 [6]
242 619 [8]
103 759 [7]
82 784 [3]
104 759 [6]
390 471 [8]
160 702 [7]
405 459 [5]
217 645 [8]
83 780 [7]
263 600 [7]
127 741 [2]
240 623 [7]
160 704 [7]
170 693 [8]
354 515 [2]
87 778 [6]
89 776 [6]
392 474 [5]
83 781 [7]
405 458 [8]
105 758 [8]
353 511 [7]
164 701 [7]
79 786 [7]
167 699 [6]
304 560 [8]
71 795 [6]
273 593 [6]
411 455 [6]
345 528 [0]
203 664 [6]
73 794 [6]
300 566 [7]
342 529 [2]
163 708 [2]
121 746 [6]
381 484 [8]
256 609 [8]
409 465 [0]
305 569 [0]
250 619 [5]
112 756 [6]
250 616 [8]
82 790 [2]
328 538 [8]
372 494 [8]
336 532 [7]
82 787 [6]
383 492 [0]
321 552 [2]
169 700 [6]
91 778 [6]
189 680 [6]
205 662 [8]
207 661 [8]
295 574 [7]
122 747 [7]
399 469 [8]
269 600 [8]
114 761 [2]
370 502 [5]
335 536 [6]
434 436 [7]
117 755 [6]
93 779 [6]
166 706 [6]
79 792 [7]
424 446 [8]
344 526 [8]
174 697 [7]
73 799 [6]
138 733 [8]
82 791 [6]
227 645 [8]
137 736 [7]
80 793 [7]
194 679 [7]
419 456 [5]
133 738 [9]
356 516 [8]
168 705 [8]
201 672 [8]
203 671 [7]
307 567 [7]
167 708 [6]
387 486 [8]
298 577 [7]
191 684 [7]
269 606 [7]
132 744 [6]
92 788 [2]
390 484 [8]
278 605 [0]
409 474 [0]
148 728 [7]
140 737 [6]
108 773 [2]
289 586 [8]
117 760 [6]
318 560 [5]
200 675 [8]
105 772 [7]
226 651 [7]
103 774 [7]
98 780 [6]
276 602 [6]
270 608 [6]
299 578 [7]
218 660 [7]
133 746 [6]
396 481 [8]
143 741 [2]
292 586 [8]
173 705 [8]
150 729 [7]
120 760 [6]
205 673 [8]
220 658 [8]
390 488 [8]
237 642 [8]
188 694 [5]
369 511 [7]
165 716 [6]
419 461 [7]
145 735 [7]
171 708 [8]
237 645 [5]
255 633 [0]
129 752 [7]
172 710 [6]
370 513 [5]
214 668 [7]
198 684 [7]
147 739 [3]
438 443 [8]
164 719 [7]
229 653 [8]
131 753 [6]
249 634 [7]
203 685 [2]
431 460 [0]
296 588 [7]
188 698 [5]
268 621 [2]
243 640 [8]
121 764 [7]
237 647 [8]
345 546 [1]
363 521 [8]
352 539 [1]
99 788 [6]
415 478 [0]
309 577 [7]
228 657 [8]
157 729 [7]
361 525 [7]
170 716 [7]
233 653 [7]
319 568 [6]
314 575 [5]
268 619 [7]
239 647 [8]
153 739 [2]
215 676 [3]
116 771 [7]
428 458 [8]
156 731 [8]
167 720 [8]
336 554 [5]
257 630 [8]
295 592 [8]
285 603 [7]
313 580 [2]
184 705 [7]
96 793 [7]
318 571 [7]
439 458 [0]
119 771 [7]
157 733 [7]
169 722 [6]
332 563 [2]
114 781 [2]
434 455 [8]
394 504 [0]
162 730 [6]
423 469 [6]
266 627 [5]
404 489 [5]
387 505 [6]
308 585 [5]
130 761 [7]
320 573 [5]
230 661 [8]
304 587 [8]
272 627 [0]
449 451 [0]
384 516 [0]
152 742 [7]
253 643 [5]
313 582 [6]
259 640 [2]
266 630 [5]
285 609 [7]
433 469 [0]
208 686 [8]
322 575 [5]
393 510 [0]
183 712 [8]
202 693 [8]
179 717 [7]
251 646 [6]
335 562 [6]
224 672 [7]
222 673 [8]
260 642 [1]
125 771 [7]
209 687 [7]
138 758 [8]
149 748 [7]
348 549 [7]
163 734 [7]
269 628 [7]
288 616 [0]
377 521 [6]
172 726 [6]
391 507 [6]
126 771 [7]
218 680 [7]
191 708 [6]
197 701 [7]
155 743 [7]
104 795 [6]
430 469 [6]
203 695 [7]
301 597 [7]
172 728 [6]
442 462 [2]
237 662 [8]
257 645 [5]
103 797 [7]
336 564 [7]
135 764 [8]
387 513 [7]
411 490 [6]
204 695 [8]
400 508 [0]
412 496 [0]
141 761 [6]
438 463 [7]
355 547 [6]
443 466 [0]
245 657 [7]
313 588 [8]
134 769 [6]
108 795 [6]
150 753 [6]
149 755 [6]
365 540 [5]
224 680 [6]
212 693 [5]
173 730 [7]
241 661 [8]
339 564 [7]
374 528 [8]
297 606 [7]
334 572 [5]
168 737 [6]
253 653 [5]
330 574 [7]
312 593 [6]
421 490 [0]
175 729 [7]
278 628 [5]
446 466 [0]
182 723 [7]
284 620 [8]
357 548 [7]
386 518 [8]
363 547 [2]
249 659 [5]
200 705 [8]
188 720 [5]
142 765 [6]
117 790 [6]
132 779 [2]
265 640 [8]
290 616 [8]
238 671 [5]
337 572 [5]
221 687 [6]
226 682 [6]
238 672 [5]
333 581 [1]
171 737 [7]
433 475 [7]
430 479 [6]
202 705 [8]
302 606 [7]
134 774 [7]
319 588 [8]
252 659 [5]
300 611 [5]
416 492 [8]
454 456 [6]
258 650 [8]
453 456 [7]
323 586 [7]
440 468 [8]
192 716 [8]
140 770 [7]
252 658 [7]
427 489 [1]
267 644 [6]
451 458 [8]
437 481 [0]
218 695 [5]
175 736 [7]
353 559 [6]
126 785 [7]
232 679 [7]
187 724 [7]
137 775 [6]
346 567 [5]
140 772 [6]
282 628 [8]
167 744 [8]
177 735 [7]
151 762 [6]
286 625 [8]
345 573 [1]
265 647 [7]
319 594 [6]
243 670 [7]
151 763 [6]
277 637 [6]
348 564 [8]
193 720 [7]
314 600 [6]
429 492 [0]
278 642 [1]
140 774 [7]
232 682 [7]
260 655 [6]
367 547 [7]
141 774 [7]
457 465 [0]
390 525 [7]
246 668 [8]
390 527 [5]
137 779 [6]
337 578 [7]
392 525 [5]
153 763 [6]
447 468 [7]
361 556 [5]
324 592 [6]
262 652 [8]
134 782 [7]
164 752 [7]
194 722 [7]
249 666 [8]
165 756 [2]
442 482 [0]
130 787 [7]
289 627 [8]
262 657 [5]
268 650 [6]
126 796 [2]
309 611 [5]
192 725 [8]
227 691 [7]
120 799 [6]
149 770 [7]
413 508 [5]
298 621 [7]
308 612 [6]
440 487 [0]
366 561 [0]
257 662 [8]
128 796 [3]
412 516 [0]
240 687 [1]
450 472 [6]
421 506 [1]
231 690 [7]
163 758 [7]
312 616 [0]
176 745 [7]
369 554 [5]
438 485 [5]
384 538 [6]
405 524 [0]
238 686 [5]
286 638 [5]
145 777 [7]
301 621 [7]
356 565 [8]
383 547 [0]
239 686 [5]
147 777 [6]
146 778 [7]
161 762 [8]
331 592 [8]
398 526 [7]
311 612 [8]
165 759 [7]
289 640 [2]
373 553 [5]
367 556 [8]
160 764 [7]
192 732 [8]
290 634 [8]
232 692 [8]
372 552 [8]
298 627 [7]
282 644 [6]
189 736 [7]
332 594 [6]
154 771 [7]
376 549 [7]
319 606 [8]
292 633 [8]
443 489 [1]
405 523 [5]
222 703 [8]
166 761 [6]
310 615 [8]
364 564 [5]
159 767 [7]
380 548 [5]
359 574 [1]
186 742 [6]
423 506 [5]
384 549 [1]
334 592 [8]
342 584 [8]
356 574 [5]
132 797 [6]
312 618 [5]
269 661 [5]
219 708 [8]
205 722 [8]
393 541 [1]
329 600 [7]
130 799 [7]
267 664 [5]
314 617 [5]
243 685 [8]
396 534 [6]
387 542 [7]
327 608 [1]
436 501 [0]
408 529 [0]
283 647 [7]
151 784 [2]
184 746 [7]
164 766 [7]
393 538 [6]
263 670 [5]
444 494 [0]
317 613 [8]
452 486 [0]
195 737 [6]
291 639 [8]
372 558 [8]
430 502 [6]
378 561 [0]
441 498 [0]
141 796 [2]
275 656 [8]
156 775 [8]
311 621 [7]
264 667 [8]
181 750 [8]
369 562 [8]
425 515 [0]
403 537 [0]
190 742 [8]
330 605 [5]
171 764 [5]
184 749 [7]
319 615 [6]
145 788 [7]
429 512 [0]
192 741 [8]
240 701 [0]
366 568 [7]
394 546 [1]
439 499 [3]
420 522 [0]
148 787 [7]
232 703 [7]
163 772 [7]
144 796 [2]
191 744 [7]
462 473 [7]
265 672 [5]
415 527 [0]
279 655 [8]
463 480 [0]
294 641 [8]
244 694 [5]
275 661 [8]
458 478 [8]
325 613 [6]
149 788 [7]
255 684 [5]
173 765 [6]
144 798 [2]
150 788 [6]
310 626 [8]
347 598 [0]
374 571 [0]
445 500 [0]
220 717 [8]
401 538 [6]
153 786 [7]
141 799 [6]
152 788 [6]
143 797 [6]
180 760 [7]
256 684 [7]
215 726 [6]
176 765 [6]
312 630 [5]
233 707 [8]
207 733 [8]
253 694 [1]
283 658 [7]
293 648 [7]
471 478 [0]
250 691 [8]
173 769 [7]
179 768 [2]
204 739 [6]
321 626 [2]
419 531 [0]
163 780 [7]
341 601 [8]
385 559 [6]
395 547 [8]
305 641 [5]
200 744 [7]
418 533 [0]
466 480 [5]
163 781 [7]
158 786 [7]
216 728 [7]
464 482 [5]
439 512 [0]
156 787 [8]
333 619 [0]
159 786 [7]
352 599 [1]
379 571 [2]
334 619 [0]
326 619 [8]
164 782 [7]
168 779 [6]
395 557 [1]
426 519 [8]
459 495 [0]
434 513 [7]
364 589 [1]
410 538 [6]
285 665 [5]
197 750 [8]
427 528 [0]
416 534 [5]
236 712 [7]
186 763 [6]
275 673 [7]
382 572 [1]
459 497 [0]
263 693 [0]
446 511 [0]
156 793 [8]
301 656 [0]
219 733 [5]
232 718 [7]
456 495 [6]
315 636 [7]
171 782 [5]
425 533 [0]
227 723 [8]
215 737 [6]
311 642 [5]
225 726 [7]
447 511 [0]
417 542 [0]
469 490 [0]
250 704 [5]
229 725 [5]
205 746 [8]
471 482 [6]
274 686 [0]
306 654 [0]
416 538 [6]
205 748 [8]
161 792 [8]
268 686 [7]
182 772 [7]
398 561 [2]
167 787 [8]
271 683 [8]
354 601 [7]
430 526 [6]
455 506 [1]
425 530 [7]
198 757 [8]
293 665 [5]
327 636 [0]
460 504 [0]
429 535 [0]
208 748 [8]
204 752 [8]
230 726 [8]
240 724 [0]
472 493 [0]
354 611 [0]
235 725 [5]
287 671 [8]
405 560 [1]
312 649 [5]
478 482 [6]
422 545 [0]
468 492 [7]
423 538 [6]
445 515 [7]
355 613 [0]
164 797 [7]
318 644 [6]
439 521 [8]
250 711 [8]
391 577 [1]
309 652 [8]
210 753 [7]
329 641 [0]
295 670 [5]
319 643 [8]
276 688 [6]
329 636 [5]
366 597 [7]
282 680 [8]
328 635 [7]
464 501 [5]
248 716 [7]
201 762 [8]
260 706 [5]
375 591 [5]
302 667 [2]
475 497 [0]
206 758 [8]
259 706 [7]
180 784 [8]
329 637 [6]
451 516 [5]
249 717 [7]
224 742 [7]
342 624 [7]
437 530 [6]
243 724 [7]
301 668 [5]
167 799 [8]
201 765 [8]
320 647 [7]
204 763 [8]
361 614 [0]
221 747 [7]
342 625 [8]
220 747 [8]
294 678 [3]
208 759 [8]
204 765 [6]
304 664 [7]
373 597 [5]
259 709 [7]
325 644 [6]
450 526 [0]
253 718 [5]
342 626 [8]
243 728 [5]
385 586 [5]
365 611 [0]
273 698 [5]
371 605 [0]
397 574 [5]
243 726 [7]
371 600 [5]
281 696 [0]
448 529 [0]
322 650 [5]
343 627 [7]
190 779 [8]
439 531 [7]
368 604 [5]
438 537 [2]
422 556 [0]
238 733 [7]
335 642 [1]
297 674 [7]
255 723 [1]
282 689 [8]
440 533 [6]
218 757 [5]
256 719 [5]
274 701 [5]
182 791 [7]
344 629 [7]
342 631 [7]
343 633 [5]
404 572 [5]
399 577 [5]
326 647 [8]
326 649 [6]
338 637 [6]
441 539 [1]
475 507 [0]
198 777 [7]
221 754 [7]
376 599 [7]
448 535 [0]
265 713 [5]
327 656 [0]
286 690 [7]
375 607 [1]
391 587 [5]
373 611 [0]
311 668 [5]
263 716 [5]
204 773 [7]
369 608 [7]
396 580 [8]
326 651 [8]
290 687 [8]
376 602 [7]
194 784 [7]
272 713 [0]
488 498 [0]
229 749 [8]
205 773 [8]
408 577 [1]
456 525 [5]
423 561 [2]
372 610 [5]
389 591 [7]
349 631 [7]
464 522 [1]
192 788 [8]
404 579 [5]
231 752 [5]
415 573 [0]
308 679 [1]
474 514 [0]
263 718 [7]
368 612 [8]
289 692 [8]
392 596 [1]
467 523 [0]
219 766 [5]
208 775 [7]
292 690 [8]
190 798 [2]
463 522 [5]
316 667 [7]
219 767 [5]
284 700 [7]
253 733 [5]
241 743 [8]
454 538 [0]
358 629 [5]
210 775 [7]
448 539 [5]
283 704 [5]
285 702 [5]
364 623 [5]
229 759 [5]
239 749 [5]
297 691 [5]
385 603 [5]
347 639 [7]
478 509 [6]
490 498 [5]
270 716 [8]
246 740 [8]
240 754 [0]
262 727 [5]
390 597 [7]
460 528 [6]
470 525 [0]
276 711 [8]
296 692 [7]
219 768 [8]
295 696 [5]
263 728 [5]
387 604 [5]
243 749 [5]
196 793 [8]
355 642 [0]
197 798 [2]
362 629 [7]
308 685 [5]
411 582 [5]
269 725 [5]
193 799 [7]
391 603 [5]
429 565 [5]
461 530 [8]
450 550 [0]
477 523 [0]
302 693 [5]
209 786 [5]
312 683 [5]
452 542 [6]
220 773 [8]
362 632 [7]
419 583 [0]
397 605 [0]
230 764 [8]
396 599 [7]
472 522 [8]
467 536 [0]
246 749 [8]
289 706 [8]
298 698 [7]
218 778 [8]
308 696 [0]
310 687 [7]
247 751 [6]
356 640 [8]
471 528 [5]
464 541 [0]
222 775 [8]
434 565 [6]
418 582 [5]
249 752 [5]
345 661 [0]
224 776 [6]
439 560 [7]
466 539 [1]
216 783 [8]
462 540 [5]
338 663 [6]
439 569 [0]
239 762 [7]
430 573 [5]
290 711 [8]
303 699 [7]
301 703 [5]
372 630 [7]
320 683 [6]
422 586 [1]
481 521 [7]
398 607 [5]
265 738 [7]
492 511 [7]
433 570 [7]
499 512 [0]
214 789 [8]
244 762 [5]
315 689 [7]
378 628 [5]
418 588 [5]
316 688 [7]
302 705 [5]
255 752 [5]
239 765 [8]
439 566 [7]
412 595 [5]
497 509 [6]
442 571 [0]
238 770 [5]
473 535 [5]
235 774 [5]
223 783 [8]
427 586 [1]
496 519 [0]
348 660 [7]
228 779 [8]
268 741 [6]
485 529 [1]
325 685 [5]
501 515 [0]
245 764 [7]
264 747 [5]
481 529 [6]
483 534 [0]
343 669 [5]
249 763 [5]
384 633 [0]
477 539 [1]
455 563 [0]
219 794 [5]
469 548 [1]
273 745 [1]
278 736 [5]
289 722 [8]
501 513 [5]
465 554 [0]
501 510 [8]
361 659 [0]
321 691 [8]
319 693 [8]
383 636 [1]
363 650 [7]
434 581 [5]
352 668 [0]
336 679 [5]
287 725 [8]
315 698 [7]
254 759 [8]
378 638 [5]
294 719 [8]
222 791 [8]
284 730 [7]
368 648 [5]
319 695 [8]
417 605 [0]
300 715 [7]
367 648 [7]
440 581 [1]
282 738 [2]
404 619 [0]
423 595 [5]
481 541 [1]
296 723 [5]
291 728 [5]
309 710 [5]
493 525 [6]
424 595 [5]
433 591 [0]
274 746 [5]
261 756 [8]
447 577 [1]
484 540 [1]
417 604 [5]
422 604 [0]
277 750 [0]
293 727 [7]
389 631 [7]
500 521 [6]
450 571 [6]
441 586 [1]
276 745 [8]
237 784 [8]
386 635 [8]
440 582 [7]
260 770 [0]
301 724 [5]
278 747 [5]
389 634 [7]
257 765 [8]
267 756 [7]
421 608 [1]
256 770 [5]
372 654 [5]
472 554 [5]
510 522 [0]
299 728 [5]
247 777 [8]
351 674 [7]
475 557 [0]
413 613 [6]
280 748 [5]
329 699 [5]
365 669 [0]
423 611 [0]
377 656 [1]
273 760 [1]
287 741 [6]
356 676 [2]
451 584 [0]
489 546 [0]
238 790 [7]
317 713 [5]
251 776 [8]
467 567 [1]
350 679 [7]
494 541 [1]
423 608 [5]
455 581 [0]
257 772 [7]
448 583 [5]
418 617 [1]
361 674 [1]
417 619 [0]
468 562 [6]
481 556 [0]
284 748 [5]
333 704 [0]
365 666 [7]
399 632 [7]
502 530 [6]
449 588 [1]
461 569 [8]
505 534 [0]
317 717 [5]
463 572 [4]
504 529 [6]
364 676 [0]
243 790 [7]
473 568 [0]
486 555 [0]
462 575 [5]
288 754 [0]
337 698 [7]
387 648 [7]
339 703 [0]
438 605 [0]
271 767 [5]
396 642 [5]
384 659 [0]
472 566 [5]
503 535 [5]
373 666 [5]
393 646 [5]
455 588 [1]
246 791 [8]
312 732 [1]
264 776 [5]
427 617 [1]
515 525 [5]
482 561 [2]
469 577 [0]
423 618 [5]
463 583 [0]
350 688 [8]
327 719 [0]
418 623 [5]
302 737 [7]
385 655 [6]
298 741 [7]
341 701 [5]
335 712 [0]
288 759 [0]
470 571 [6]
379 669 [0]
259 782 [7]
370 677 [1]
295 746 [7]
337 707 [5]
245 797 [7]
277 771 [1]
398 644 [7]
465 583 [1]
402 648 [0]
501 544 [5]
507 543 [0]
255 790 [5]
413 636 [1]
514 535 [1]
467 576 [7]
355 688 [7]
375 667 [8]
319 724 [8]
313 730 [8]
323 721 [7]
513 539 [0]
468 579 [5]
352 700 [0]
425 622 [5]
408 639 [5]
523 524 [5]
517 536 [0]
376 672 [5]
256 790 [7]
368 680 [5]
430 618 [5]
411 637 [5]
481 565 [7]
396 659 [0]
275 773 [7]
444 612 [0]
270 779 [7]
508 547 [1]
499 550 [7]
496 555 [5]
259 796 [2]
526 532 [0]
319 731 [8]
482 575 [1]
339 719 [0]
506 553 [0]
474 585 [0]
267 792 [0]
454 605 [0]
379 673 [7]
461 593 [5]
374 686 [0]
390 665 [5]
437 619 [4]
376 679 [5]
361 698 [1]
346 710 [5]
377 679 [5]
314 748 [0]
291 766 [5]
366 691 [5]
411 650 [1]
509 548 [5]
473 590 [0]
412 651 [0]
471 593 [0]
484 580 [0]
260 798 [6]
281 778 [5]
335 728 [1]
439 618 [7]
477 586 [1]
347 717 [0]
305 754 [5]
382 676 [6]
495 570 [0]
326 731 [8]
283 775 [7]
394 671 [0]
472 588 [5]
449 609 [7]
296 770 [0]
461 605 [0]
276 784 [6]
473 589 [4]
448 612 [6]
368 694 [5]
346 716 [5]
488 580 [0]
386 677 [5]
413 654 [1]
317 746 [5]
287 775 [7]
419 650 [0]
308 761 [1]
421 645 [4]
374 691 [5]
324 741 [5]
471 594 [5]
519 552 [0]
343 723 [5]
269 797 [5]
302 762 [7]
517 555 [0]
368 704 [0]
330 735 [7]
453 613 [6]
409 662 [1]
458 608 [7]
422 644 [7]
399 670 [5]
288 786 [0]
489 585 [0]
523 544 [7]
370 705 [0]
350 718 [7]
456 613 [6]
282 785 [8]
405 670 [0]
332 735 [8]
529 546 [1]
422 653 [1]
408 663 [5]
456 614 [6]
523 554 [0]
524 547 [6]
374 704 [0]
358 715 [5]
537 542 [0]
354 725 [0]
329 750 [0]
307 767 [5]
363 712 [5]
352 727 [1]
441 632 [7]
341 735 [5]
460 620 [1]
308 774 [0]
392 689 [1]
509 568 [5]
424 652 [6]
521 562 [0]
284 794 [5]
358 725 [0]
528 554 [1]
418 664 [1]
326 751 [6]
532 550 [1]
326 750 [8]
377 702 [5]
533 545 [6]
487 598 [0]
410 675 [0]
481 604 [0]
347 737 [1]
521 565 [0]
386 695 [5]
493 587 [6]
432 655 [0]
337 745 [5]
401 681 [5]
289 791 [8]
353 730 [5]
377 706 [5]
374 709 [5]
483 598 [7]
291 793 [5]
297 787 [5]
482 601 [6]
523 559 [7]
421 663 [5]
431 659 [0]
476 614 [0]
477 613 [0]
484 599 [7]
323 763 [5]
397 689 [5]
495 596 [0]
325 762 [5]
524 563 [5]
319 768 [6]
460 632 [1]
419 674 [0]
416 678 [0]
292 796 [6]
443 650 [1]
371 718 [5]
492 597 [5]
489 606 [0]
462 633 [0]
299 791 [5]
324 766 [5]
420 676 [0]
416 679 [1]
474 621 [1]
510 580 [6]
363 729 [5]
305 787 [5]
401 696 [0]
441 656 [0]
531 566 [0]
473 624 [0]
369 724 [5]
371 726 [1]
519 578 [1]
387 707 [5]
430 668 [1]
385 709 [5]
323 768 [8]
499 592 [8]
430 665 [5]
455 641 [4]
397 702 [1]
309 787 [5]
473 619 [9]
506 591 [4]
443 652 [6]
480 622 [0]
348 749 [5]
430 671 [1]
530 567 [5]
459 643 [0]
451 644 [7]
457 644 [1]
412 690 [1]
434 665 [5]
367 732 [5]
461 643 [0]
506 599 [0]
353 747 [5]
474 630 [1]
374 731 [1]
411 694 [1]
455 651 [0]
491 614 [1]
475 630 [1]
503 598 [5]
470 637 [0]
357 745 [5]
508 598 [1]
431 675 [1]
310 793 [5]
471 633 [4]
304 796 [8]
385 718 [5]
392 715 [1]
546 562 [0]
313 789 [8]
350 753 [7]
418 691 [1]
423 682 [5]
460 651 [0]
413 697 [1]
365 742 [5]
376 731 [5]
406 701 [5]
345 766 [1]
521 590 [1]
450 659 [4]
518 595 [0]
307 798 [8]
461 652 [0]
412 700 [1]
481 631 [1]
514 598 [1]
444 662 [7]
548 566 [0]
550 564 [0]
364 750 [0]
461 646 [7]
436 678 [0]
370 743 [1]
366 741 [7]
471 643 [0]
414 696 [5]
493 615 [7]
415 699 [1]
402 714 [0]
479 637 [0]
319 789 [8]
405 711 [0]
382 734 [0]
445 666 [5]
558 559 [0]
410 707 [1]
554 564 [0]
372 742 [5]
453 665 [1]
414 698 [7]
372 740 [7]
356 756 [7]
323 792 [5]
534 586 [0]
384 736 [1]
436 684 [1]
505 615 [1]
435 682 [5]
454 663 [7]
508 617 [0]
340 780 [5]
349 771 [5]
537 583 [5]
412 708 [5]
511 609 [5]
548 578 [0]
554 572 [0]
461 664 [1]
560 567 [0]
330 792 [5]
326 793 [8]
351 768 [8]
378 750 [0]
363 760 [5]
545 584 [0]
425 699 [5]
325 798 [6]
338 792 [0]
371 759 [0]
422 704 [4]
326 797 [8]
498 633 [0]
333 797 [1]
495 635 [1]
516 616 [0]
532 601 [0]
384 749 [0]
504 622 [7]
491 643 [0]
527 607 [0]
351 778 [5]
364 765 [5]
543 592 [0]
524 612 [0]
369 762 [5]
391 744 [1]
391 740 [5]
564 572 [0]
380 757 [0]
519 617 [1]
436 701 [1]
369 770 [0]
453 686 [0]
380 759 [0]
479 656 [4]
511 623 [5]
507 631 [1]
549 590 [0]
372 763 [5]
532 608 [0]
521 614 [5]
506 634 [0]
456 676 [8]
565 576 [0]
436 705 [0]
556 580 [5]
479 663 [0]
400 742 [0]
362 773 [7]
338 798 [6]
503 640 [0]
367 771 [5]
495 647 [1]
442 701 [1]
395 750 [0]
472 668 [5]
517 627 [1]
464 682 [0]
411 734 [1]
449 697 [0]
533 608 [5]
427 714 [5]
539 608 [0]
424 723 [0]
559 587 [1]
426 717 [5]
441 707 [0]
494 654 [0]
556 585 [7]
464 680 [4]
444 705 [0]
415 734 [0]
495 654 [0]
476 666 [7]
570 578 [1]
540 610 [0]
446 704 [0]
388 755 [7]
380 769 [1]
489 657 [4]
574 577 [0]
491 660 [0]
401 750 [0]
370 780 [1]
430 716 [5]
500 646 [5]
531 620 [0]
558 594 [0]
510 642 [0]
536 616 [0]
504 647 [1]
562 592 [0]
406 743 [5]
534 620 [0]
436 719 [0]
561 587 [7]
496 658 [1]
383 772 [1]
399 751 [6]
363 789 [5]
385 771 [1]
476 680 [1]
515 637 [5]
503 655 [0]
429 729 [0]
500 653 [5]
569 582 [7]
369 785 [5]
424 734 [1]
456 702 [1]
413 741 [5]
436 718 [5]
578 580 [1]
559 601 [0]
533 622 [5]
576 585 [0]
453 707 [1]
375 785 [1]
409 748 [4]
570 591 [0]
573 589 [0]
362 795 [5]
533 624 [5]
465 697 [0]
479 678 [5]
563 592 [7]
436 722 [5]
383 781 [0]
485 678 [1]
517 646 [1]
561 597 [7]
535 629 [1]
446 714 [5]
535 625 [5]
517 645 [4]
514 653 [0]
468 692 [7]
516 646 [5]
551 612 [5]
520 649 [0]
373 795 [1]
377 791 [1]
542 622 [5]
501 663 [5]
425 739 [5]
388 777 [5]
393 776 [1]
514 657 [0]
393 777 [1]
557 610 [4]
572 596 [3]
485 687 [0]
493 674 [5]
557 614 [1]
556 609 [7]
423 750 [0]
424 749 [0]
457 712 [4]
485 689 [0]
410 763 [1]
429 744 [1]
474 696 [4]
581 589 [4]
458 712 [5]
499 671 [5]
405 770 [0]
427 749 [0]
571 604 [1]
405 771 [0]
583 592 [1]
516 655 [5]
429 748 [0]
379 794 [5]
500 677 [1]
518 660 [0]
490 683 [5]
557 617 [4]
544 635 [0]
379 795 [5]
421 758 [0]
497 682 [0]
535 645 [0]
434 741 [5]
401 780 [0]
542 634 [5]
419 758 [4]
587 595 [0]
530 651 [1]
421 757 [4]
404 773 [5]
451 730 [1]
544 639 [0]
564 618 [1]
390 789 [5]
456 729 [0]
392 793 [0]
469 716 [0]
411 768 [6]
404 781 [1]
484 702 [0]
475 711 [0]
544 638 [4]
570 615 [1]
562 623 [1]
508 679 [0]
584 598 [5]
431 757 [0]
408 780 [0]
444 744 [0]
410 773 [5]
419 769 [0]
390 794 [5]
498 690 [1]
528 655 [6]
538 652 [0]
569 613 [8]
550 639 [1]
483 708 [0]
443 748 [0]
446 745 [0]
572 610 [9]
499 693 [0]
416 775 [1]
475 717 [0]
503 689 [0]
505 688 [0]
531 662 [0]
500 693 [0]
420 772 [1]
509 679 [5]
576 617 [0]
486 704 [4]
506 684 [4]
551 644 [0]
442 752 [1]
469 726 [0]
513 682 [0]
428 768 [0]
570 626 [0]
545 650 [1]
536 655 [5]
566 631 [0]
522 675 [0]
511 681 [5]
550 646 [1]
490 704 [4]
436 761 [1]
442 751 [5]
562 635 [1]
493 701 [5]
596 599 [4]
526 673 [0]
431 759 [9]
568 632 [0]
417 782 [1]
547 648 [5]
551 649 [0]
553 648 [0]
520 681 [0]
439 755 [7]
401 799 [1]
454 747 [0]
516 684 [1]
482 715 [5]
600 603 [0]
563 640 [0]
594 609 [0]
438 760 [5]
456 747 [1]
513 692 [0]
582 623 [0]
590 615 [0]
548 653 [4]
490 716 [0]
563 643 [0]
445 756 [5]
532 674 [0]
512 695 [0]
511 696 [0]
409 794 [4]
471 736 [0]
425 783 [0]
543 665 [0]
435 774 [0]
561 643 [5]
555 654 [0]
524 684 [1]
455 753 [1]
502 708 [0]
445 764 [1]
466 739 [5]
510 700 [1]
519 685 [7]
597 615 [0]
417 794 [1]
469 743 [0]
557 655 [0]
573 639 [0]
525 688 [0]
427 785 [1]
479 731 [4]
525 689 [0]
571 643 [1]
435 775 [5]
604 607 [4]
466 750 [0]
478 737 [1]
548 664 [4]
599 618 [0]
499 713 [5]
597 621 [0]
552 667 [0]
593 626 [0]
504 716 [0]
501 714 [5]
506 714 [0]
549 673 [0]
487 735 [0]
600 623 [0]
550 669 [4]
544 679 [0]
426 797 [1]
463 757 [4]
478 739 [7]
595 622 [7]
428 796 [0]
610 614 [1]
533 693 [0]
427 799 [1]
465 759 [4]
489 735 [4]
450 779 [0]
593 635 [1]
432 798 [0]
536 694 [0]
594 636 [0]
594 637 [0]
494 738 [0]
500 731 [1]
538 694 [0]
613 618 [1]
587 646 [0]
466 766 [1]
563 670 [0]
505 724 [4]
584 648 [1]
599 634 [0]
551 683 [0]
509 725 [0]
509 724 [1]
507 723 [4]
515 714 [5]
553 677 [4]
463 767 [4]
468 763 [5]
522 713 [1]
498 737 [1]
505 728 [4]
448 784 [5]
590 643 [4]
574 664 [0]
568 661 [9]
586 653 [0]
469 769 [1]
473 762 [4]
518 721 [0]
551 689 [0]
590 650 [0]
593 646 [1]
578 662 [0]
485 755 [0]
580 661 [0]
483 754 [4]
470 767 [4]
454 788 [0]
469 773 [0]
566 672 [4]
445 797 [1]
454 789 [0]
482 756 [5]
545 695 [4]
467 777 [0]
516 727 [1]
520 720 [4]
473 767 [4]
442 796 [6]
617 628 [0]
552 693 [0]
517 727 [1]
489 752 [4]
614 625 [7]
575 672 [0]
622 625 [0]
453 794 [1]
452 798 [0]
550 696 [4]
621 630 [0]
576 671 [4]
538 713 [0]
570 681 [1]
472 780 [1]
490 759 [4]
567 677 [9]
608 647 [0]
498 757 [0]
475 781 [0]
604 643 [9]
527 730 [0]
504 754 [0]
581 676 [1]
559 696 [4]
533 721 [5]
626 632 [1]
620 639 [0]
602 658 [0]
545 714 [1]
597 660 [4]
597 661 [4]
508 745 [9]
541 722 [0]
599 660 [4]
586 673 [4]
581 684 [0]
585 677 [4]
505 757 [4]
482 779 [5]
542 725 [0]
611 652 [4]
550 717 [0]
473 790 [4]
600 666 [1]
546 722 [0]
493 774 [1]
479 785 [4]
495 773 [0]
630 637 [1]
589 680 [0]
536 729 [4]
590 675 [4]
585 684 [0]
487 783 [0]
480 786 [4]
488 783 [0]
552 718 [1]
609 663 [0]
619 649 [4]
503 769 [1]
564 709 [0]
518 756 [0]
496 778 [0]
583 691 [0]
549 727 [0]
516 760 [0]
480 792 [4]
532 744 [0]
609 666 [1]
588 690 [0]
492 785 [1]
584 688 [7]
601 675 [4]
524 755 [1]
612 663 [5]
560 721 [0]
524 757 [0]
604 676 [1]
567 710 [4]
572 700 [9]
575 707 [0]
524 759 [0]
603 681 [0]
584 699 [1]
530 754 [1]
595 686 [4]
588 698 [0]
563 722 [1]
593 692 [1]
550 737 [0]
518 769 [0]
579 710 [0]
498 791 [0]
526 763 [0]
508 772 [9]
539 747 [4]
625 666 [0]
495 797 [0]
590 693 [9]
587 701 [4]
532 757 [4]
509 779 [5]
630 659 [4]
591 703 [0]
635 652 [7]
578 718 [0]
630 666 [0]
540 756 [0]
608 684 [4]
536 761 [0]
607 691 [0]
526 770 [4]
599 697 [4]
538 764 [0]
594 704 [4]
556 739 [7]
557 746 [0]
564 739 [0]
577 726 [0]
579 724 [0]
618 685 [0]
651 652 [0]
584 720 [0]
599 696 [9]
601 703 [0]
551 753 [0]
520 781 [4]
627 679 [0]
625 676 [5]
514 783 [9]
622 684 [0]
566 739 [1]
553 753 [0]
567 741 [0]
646 662 [0]
641 669 [0]
530 776 [5]
620 692 [0]
573 739 [0]
578 730 [4]
574 731 [9]
537 777 [1]
627 689 [0]
558 754 [4]
605 712 [0]
635 681 [1]
598 720 [0]
600 718 [0]
645 675 [0]
633 683 [4]
517 796 [7]
532 785 [4]
631 690 [0]
651 671 [0]
533 788 [1]
549 764 [9]
634 690 [0]
550 770 [4]
655 670 [0]
536 784 [7]
615 704 [9]
555 770 [4]
538 791 [0]
639 686 [4]
650 680 [0]
617 709 [4]
543 788 [0]
658 674 [0]
613 719 [0]
582 751 [0]
614 719 [0]
572 752 [9]
620 714 [0]
628 706 [0]
626 704 [4]
642 688 [4]
627 703 [4]
662 669 [4]
595 736 [4]
579 752 [4]
610 726 [0]
545 791 [0]
597 736 [4]
622 712 [4]
601 737 [0]
616 723 [0]
547 792 [0]
620 712 [9]
602 740 [0]
624 718 [0]
665 676 [1]
555 787 [0]
622 716 [4]
613 731 [0]
562 782 [0]
664 671 [9]
569 771 [5]
541 795 [9]
631 715 [0]
565 782 [0]
563 785 [0]
558 790 [0]
643 697 [9]
629 721 [0]
549 792 [9]
579 763 [8]
564 783 [4]
576 768 [7]
618 725 [9]
625 727 [0]
667 678 [8]
616 738 [0]
630 720 [4]
594 757 [4]
603 748 [4]
590 762 [4]
613 744 [0]
586 773 [0]
650 709 [0]
637 719 [4]
639 717 [4]
672 685 [4]
670 694 [0]
588 772 [4]
624 741 [0]
654 711 [0]
673 692 [0]
591 775 [0]
604 762 [0]
636 732 [0]
590 774 [4]
587 778 [4]
574 787 [9]
681 688 [1]
634 737 [0]
580 784 [7]
575 795 [1]
673 699 [0]
648 715 [9]
607 762 [4]
645 729 [0]
623 751 [0]
606 769 [0]
684 691 [0]
581 786 [9]
593 785 [0]
655 722 [1]
658 716 [4]
628 742 [9]
610 760 [9]
618 758 [4]
637 738 [5]
591 781 [9]
671 707 [3]
624 754 [4]
626 756 [1]
655 725 [4]
620 760 [4]
661 715 [9]
610 766 [9]
596 790 [0]
647 740 [0]
648 735 [4]
691 692 [4]
680 703 [4]
654 734 [0]
600 788 [0]
643 746 [0]
674 715 [0]
639 751 [0]
635 756 [0]
609 778 [4]
683 708 [0]
658 730 [4]
690 699 [3]
607 777 [9]
647 745 [4]
632 765 [0]
646 747 [4]
653 740 [4]
656 742 [0]
635 761 [4]
688 714 [0]
656 749 [0]
667 738 [0]
689 707 [9]
682 720 [4]
623 780 [4]
681 726 [0]
629 779 [0]
682 727 [0]
657 753 [0]
618 789 [4]
632 779 [0]
699 705 [9]
673 740 [0]
681 733 [0]
705 708 [4]
630 783 [4]
702 717 [0]
638 783 [0]
678 743 [1]
635 783 [4]
625 793 [4]
624 789 [9]
674 744 [4]
698 721 [4]
702 718 [4]
684 732 [9]
632 790 [4]
644 784 [0]
713 716 [0]
672 758 [0]
711 720 [0]
677 751 [4]
700 733 [0]
635 795 [4]
642 794 [0]
665 772 [0]
655 782 [0]
664 776 [0]
677 764 [0]
702 738 [1]
709 723 [9]
685 757 [4]
711 726 [9]
664 774 [9]
713 735 [0]
716 732 [0]
678 770 [0]
668 781 [0]
685 765 [0]
717 733 [0]
688 759 [4]
670 782 [0]
691 752 [9]
721 727 [4]
710 743 [0]
694 760 [0]
677 778 [0]
707 745 [3]
668 794 [0]
705 757 [0]
709 755 [0]
712 751 [4]
701 767 [0]
682 782 [4]
694 767 [9]
681 786 [4]
722 747 [4]
731 740 [4]
674 797 [4]
711 755 [9]
703 773 [0]
707 760 [9]
719 758 [0]
733 735 [9]
722 752 [4]
710 760 [9]
706 775 [0]
719 753 [9]
732 747 [3]
694 780 [9]
697 788 [0]
691 787 [9]
707 778 [3]
743 747 [0]
692 795 [4]
740 751 [0]
727 761 [4]
689 795 [9]
715 776 [4]
748 749 [0]
729 765 [4]
699 798 [1]
710 780 [9]
724 777 [0]
736 766 [0]
742 753 [9]
734 767 [3]
730 776 [0]
727 775 [4]
738 769 [1]
706 794 [9]
709 793 [9]
728 785 [0]
752 761 [0]
716 793 [9]
744 766 [9]
738 782 [0]
748 774 [0]
753 769 [0]
740 780 [4]
756 767 [4]
763 766 [0]
736 799 [0]
739 796 [0]
733 794 [9]
754 786 [0]
743 793 [9]
772 777 [0]
755 787 [9]
771 782 [0]
751 799 [4]
771 785 [0]
764 797 [0]
764 798 [0]
773 790 [4]
767 791 [9]
781 786 [3]
786 791 [0]
789 792 [0]
783 798 [0]
795 797 [0]
