800
10
400
7
2
0
1
3
5
10
4
8
19
11
13
16
23
17
6
18
12
15
31
20
43
55
54
90
46
22
35
62
44
32
28
39
67
34
9
25
21
60
14
41
27
52
36
30
38
26
47
58
86
61
50
64
66
37
57
72
42
114
59
143
139
48
127
92
24
40
56
65
82
186
111
33
53
68
74
115
69
76
75
73
77
104
87
29
147
45
133
63
49
84
89
132
118
91
97
71
107
108
70
128
172
106
94
117
85
51
81
95
98
123
152
203
80
150
141
140
100
224
153
268
121
110
151
102
99
120
162
166
159
169
165
79
103
137
96
175
116
122
78
93
136
88
113
221
83
164
124
149
215
177
160
125
189
226
157
182
158
129
176
154
109
184
119
236
174
181
148
134
130
146
126
163
170
217
200
199
195
198
131
155
187
112
144
214
245
193
259
197
101
206
168
191
210
173
179
287
216
223
208
167
202
294
247
204
248
227
233
196
178
138
142
230
276
242
161
321
332
185
270
241
275
251
135
183
319
258
220
313
234
228
201
246
326
192
292
222
190
282
207
156
254
205
290
250
229
289
145
213
105
218
237
212
261
257
304
280
256
211
238
225
209
243
180
239
310
284
295
286
271
344
232
235
330
302
315
249
171
283
342
309
348
293
279
291
300
388
231
350
303
386
341
351
381
362
406
252
298
307
269
343
219
311
305
569
439
458
363
414
244
274
356
372
379
328
337
389
194
354
316
322
323
334
462
376
297
357
390
366
561
378
296
365
398
331
369
349
499
262
285
336
320
367
188
263
265
299
267
281
434
346
468
399
318
353
438
387
314
317
340
396
301
407
324
493
472
264
368
404
255
430
278
260
325
530
338
277
426
253
360
500
445
329
377
453
266
385
403
537
542
417
397
413
370
482
442
571
374
373
410
423
359
395
391
435
424
273
371
312
335
509
333
456
358
375
411
418
533
425
515
501
436
678
416
401
308
380
345
528
427
408
529
448
535
429
492
383
547
288
393
510
522
420
676
364
447
511
446
466
443
392
384
516
412
496
519
552
667
738
494
444
612
524
405
441
498
488
580
484
306
382
476
614
361
440
487
598
347
454
538
652
461
394
504
460
240
327
449
451
584
545
422
556
481
437
352
355
613
477
523
467
536
517
555
486
452
798
432
655
503
640
563
455
339
421
490
469
433
415
478
471
593
626
570
495
459
497
475
507
543
592
562
521
565
576
585
474
409
465
457
272
428
768
796
739
564
550
450
526
532
601
559
558
594
609
663
479
637
470
525
688
505
534
483
708
502
683
551
644
784
649
520
681
603
600
623
582
751
639
544
635
756
518
595
587
646
662
531
419
583
463
480
622
625
666
630
621
597
615
590
473
568
632
765
685
618
599
506
553
648
402
714
620
692
513
539
608
647
740
602
658
674
715
631
566
548
578
718
624
741
567
560
721
629
779
698
588
690
634
737
699
673
549
727
682
464
541
722
546
489
606
769
753
657
514
653
586
773
703
591
775
706
628
617
508
679
627
689
485
687
755
709
650
680
589
573
581
684
691
607
527
730
776
664
574
577
726
610
540
557
746
643
491
660
604
762
697
788
572
554
596
790
700
733
717
702
735
713
716
732
636
747
743
710
579
724
777
772
665
752
761
763
766
736
799
744
760
694
670
782
771
785
728
767
701
734
654
711
720
791
786
754
781
668
794
642
780
707
575
672
758
719
795
797
764
677
778
671
651
745
793
731
787
774
748
749
656
742
723
616
783
638
792
789
705
757
431
659
675
645
729
759
661
712
605
696
725
619
693
704
669
641
686
633
770
695
512
611
750
0 1 [0]
0 2 [0]
1 3 [0]
2 3 [0]
0 3 [8]
2 4 [0]
0 4 [0]
1 6 [6]
3 5 [0]
2 7 [0]
3 6 [6]
1 11 [6]
4 8 [0]
0 5 [7]
0 6 [6]
4 10 [0]
2 6 [6]
1 9 [6]
5 10 [0]
3 10 [6]
0 10 [0]
1 12 [6]
0 13 [6]
2 12 [6]
0 21 [6]
4 17 [0]
7 14 [0]
0 19 [2]
0 15 [6]
0 20 [6]
6 17 [0]
11 13 [0]
6 18 [0]
3 15 [6]
1 24 [4]
3 16 [6]
1 25 [0]
4 22 [4]
10 16 [8]
2 19 [0]
8 19 [0]
12 15 [0]
7 21 [6]
11 17 [0]
4 18 [0]
5 24 [0]
13 16 [0]
11 19 [0]
12 18 [0]
5 19 [6]
5 20 [0]
2 30 [6]
12 20 [4]
7 23 [0]
3 25 [0]
7 19 [6]
7 26 [6]
10 23 [0]
0 34 [6]
4 26 [4]
9 25 [0]
0 28 [6]
3 32 [4]
13 22 [4]
17 18 [4]
1 28 [6]
4 27 [4]
8 25 [4]
6 27 [4]
6 32 [4]
9 29 [1]
1 31 [6]
0 32 [6]
12 22 [4]
7 25 [6]
17 22 [0]
16 23 [0]
3 37 [4]
12 28 [4]
3 35 [6]
0 36 [4]
17 23 [0]
1 40 [4]
4 37 [4]
8 30 [4]
2 36 [4]
1 37 [4]
12 26 [4]
0 38 [4]
9 34 [0]
2 35 [6]
11 28 [4]
11 29 [3]
4 40 [4]
5 39 [0]
7 33 [4]
4 41 [4]
21 25 [0]
16 26 [4]
15 31 [0]
17 25 [4]
3 44 [0]
10 33 [4]
20 23 [0]
5 38 [4]
16 32 [4]
18 30 [4]
3 39 [0]
19 23 [6]
10 39 [4]
23 26 [4]
22 23 [4]
1 43 [6]
7 44 [6]
19 32 [4]
23 28 [4]
20 31 [0]
8 40 [4]
7 39 [6]
10 38 [4]
5 48 [4]
17 36 [4]
25 26 [3]
2 46 [6]
14 41 [0]
16 39 [0]
1 51 [3]
6 50 [3]
6 47 [4]
22 35 [0]
2 54 [0]
0 59 [4]
23 33 [3]
3 52 [4]
28 32 [0]
15 41 [4]
7 51 [3]
13 45 [3]
12 46 [4]
20 43 [0]
11 49 [3]
4 60 [4]
26 38 [0]
24 40 [0]
25 37 [2]
8 57 [4]
20 45 [4]
6 56 [3]
30 36 [0]
1 66 [6]
7 60 [2]
14 53 [1]
9 57 [2]
28 39 [0]
16 47 [4]
10 58 [4]
27 41 [0]
30 38 [0]
7 57 [4]
6 58 [4]
22 46 [0]
29 38 [1]
1 62 [6]
7 63 [4]
15 47 [4]
2 64 [4]
3 68 [3]
5 66 [4]
7 64 [0]
15 55 [6]
23 44 [4]
30 42 [3]
26 47 [0]
32 39 [2]
14 60 [0]
14 58 [2]
16 59 [4]
22 50 [3]
2 70 [3]
6 70 [3]
32 44 [0]
3 69 [4]
6 66 [4]
18 59 [3]
0 73 [4]
7 66 [4]
6 68 [3]
18 55 [4]
5 69 [4]
10 64 [4]
9 68 [1]
6 69 [3]
22 57 [3]
38 41 [3]
27 52 [0]
32 48 [2]
9 70 [1]
4 72 [4]
21 60 [0]
4 78 [3]
5 73 [3]
40 41 [1]
0 80 [3]
4 76 [3]
17 62 [4]
10 69 [4]
6 78 [1]
13 67 [4]
1 80 [3]
11 70 [3]
9 72 [3]
36 45 [1]
3 77 [4]
2 80 [3]
6 80 [3]
36 50 [3]
33 53 [0]
6 79 [1]
39 44 [3]
6 77 [3]
15 68 [3]
36 51 [1]
8 76 [3]
17 66 [4]
41 44 [3]
36 52 [0]
2 82 [4]
7 82 [0]
17 72 [4]
23 63 [3]
11 75 [3]
19 66 [4]
10 75 [4]
13 73 [3]
29 60 [1]
26 63 [1]
14 77 [3]
4 84 [3]
22 66 [3]
0 87 [4]
12 78 [1]
6 84 [3]
2 87 [4]
40 52 [3]
41 52 [6]
37 57 [0]
10 81 [3]
23 72 [4]
11 83 [1]
44 48 [3]
41 53 [1]
40 56 [0]
8 85 [3]
27 70 [5]
10 84 [3]
18 76 [3]
35 62 [0]
1 92 [4]
2 92 [4]
43 55 [0]
2 93 [3]
7 88 [3]
11 85 [3]
16 84 [3]
21 79 [5]
26 74 [1]
40 60 [0]
24 73 [5]
36 63 [1]
16 83 [1]
28 73 [3]
34 67 [0]
13 85 [3]
47 52 [2]
41 61 [2]
31 71 [3]
44 58 [3]
2 97 [3]
15 84 [3]
23 76 [3]
17 82 [3]
14 83 [5]
4 99 [4]
37 66 [0]
20 84 [3]
21 83 [1]
24 80 [5]
46 58 [3]
6 95 [3]
3 99 [3]
47 58 [0]
2 104 [4]
25 80 [1]
12 90 [4]
39 67 [0]
44 62 [0]
27 80 [5]
38 69 [1]
44 63 [3]
33 69 [5]
2 105 [1]
5 104 [3]
54 55 [0]
33 71 [5]
0 110 [3]
11 99 [3]
10 97 [3]
27 78 [5]
55 56 [3]
50 61 [0]
38 74 [3]
49 63 [0]
51 60 [1]
12 99 [1]
10 99 [3]
36 77 [1]
52 61 [2]
4 106 [3]
6 104 [3]
23 91 [3]
22 89 [3]
2 109 [3]
50 64 [0]
42 72 [0]
34 79 [1]
27 86 [2]
0 116 [3]
2 114 [6]
24 92 [0]
1 111 [4]
19 94 [3]
29 87 [0]
56 61 [1]
22 92 [3]
5 113 [3]
6 112 [1]
58 60 [3]
5 110 [3]
11 104 [3]
14 99 [1]
18 97 [3]
55 60 [3]
4 116 [4]
28 92 [3]
46 74 [1]
6 113 [1]
55 66 [3]
56 65 [0]
53 68 [0]
0 118 [3]
56 62 [3]
23 99 [3]
21 96 [5]
9 112 [5]
14 109 [5]
15 108 [1]
28 95 [0]
60 63 [0]
13 109 [1]
20 102 [1]
16 108 [3]
41 82 [3]
6 115 [3]
4 121 [3]
4 118 [3]
27 93 [5]
12 112 [1]
31 91 [3]
2 121 [3]
24 97 [5]
0 123 [3]
9 118 [3]
41 86 [2]
4 120 [3]
7 117 [3]
35 89 [3]
20 104 [3]
1 123 [3]
24 105 [0]
15 109 [1]
15 113 [1]
57 72 [0]
24 104 [1]
2 124 [3]
64 66 [0]
3 128 [3]
24 107 [5]
47 79 [5]
6 124 [1]
51 81 [0]
31 98 [3]
19 113 [3]
43 86 [3]
11 121 [3]
28 103 [1]
46 85 [3]
32 99 [1]
21 105 [7]
49 84 [0]
28 104 [1]
51 83 [4]
20 111 [3]
56 73 [1]
35 99 [1]
3 131 [1]
27 107 [1]
35 97 [3]
30 100 [1]
46 90 [0]
47 89 [1]
51 85 [0]
10 127 [4]
25 111 [3]
7 131 [4]
9 129 [5]
7 127 [4]
52 85 [1]
7 132 [3]
14 125 [5]
52 86 [2]
14 120 [1]
0 138 [1]
21 119 [5]
44 96 [5]
50 90 [3]
40 95 [5]
55 86 [2]
56 80 [5]
43 99 [1]
50 92 [1]
37 100 [5]
68 74 [0]
27 110 [5]
22 121 [3]
0 140 [3]
60 78 [5]
46 96 [1]
21 121 [1]
3 141 [3]
40 104 [1]
33 111 [0]
51 93 [7]
54 90 [0]
8 133 [3]
13 128 [3]
58 86 [0]
52 88 [5]
69 76 [0]
1 141 [3]
37 109 [5]
3 142 [1]
6 140 [3]
15 131 [5]
20 126 [1]
38 107 [1]
60 85 [1]
32 109 [1]
61 86 [0]
49 98 [7]
4 140 [3]
65 82 [0]
4 139 [4]
16 128 [3]
52 94 [1]
12 132 [3]
19 129 [1]
73 75 [0]
2 145 [1]
47 96 [5]
72 73 [1]
31 114 [3]
71 72 [5]
9 139 [1]
14 135 [7]
17 131 [1]
41 108 [3]
47 103 [1]
7 142 [1]
58 91 [1]
35 115 [1]
73 77 [0]
19 127 [4]
53 96 [0]
8 139 [4]
75 76 [0]
21 125 [5]
20 130 [1]
4 148 [1]
10 142 [1]
34 117 [1]
21 126 [5]
1 147 [4]
53 94 [5]
31 118 [3]
34 115 [3]
54 98 [1]
0 150 [3]
2 147 [4]
51 103 [4]
1 150 [3]
54 99 [1]
19 132 [3]
19 136 [1]
53 102 [1]
8 143 [4]
1 151 [3]
5 151 [1]
42 114 [0]
26 125 [5]
6 147 [3]
32 123 [1]
20 133 [3]
67 88 [1]
1 153 [3]
2 152 [3]
71 86 [1]
16 142 [1]
51 100 [7]
3 155 [1]
23 134 [1]
1 156 [1]
11 143 [4]
11 146 [1]
34 119 [5]
61 93 [5]
15 144 [1]
66 90 [3]
32 127 [3]
4 154 [1]
58 96 [5]
24 136 [1]
60 100 [5]
22 137 [1]
42 115 [3]
17 142 [1]
44 112 [1]
16 146 [1]
75 87 [5]
7 152 [3]
18 141 [3]
64 93 [5]
2 157 [3]
0 159 [3]
20 142 [1]
60 103 [1]
62 101 [0]
18 144 [1]
0 160 [3]
63 93 [7]
37 121 [5]
9 149 [5]
9 155 [5]
18 146 [1]
42 116 [5]
18 143 [3]
39 124 [1]
66 93 [5]
36 129 [5]
0 164 [0]
75 83 [7]
54 110 [1]
68 96 [1]
1 165 [3]
36 130 [1]
76 85 [5]
55 110 [1]
1 162 [3]
17 149 [1]
52 110 [5]
40 122 [5]
5 161 [1]
71 97 [0]
62 107 [5]
66 103 [5]
17 151 [3]
4 162 [3]
65 99 [5]
4 166 [3]
4 167 [5]
62 108 [1]
33 133 [5]
23 148 [1]
78 93 [0]
57 114 [1]
7 165 [3]
62 110 [1]
34 137 [1]
63 108 [1]
6 167 [1]
84 89 [0]
5 167 [1]
35 137 [1]
5 165 [3]
18 154 [1]
59 114 [0]
2 169 [3]
15 159 [1]
2 170 [3]
43 131 [1]
67 107 [1]
48 127 [0]
29 147 [0]
81 95 [0]
86 89 [1]
4 173 [4]
0 174 [3]
65 107 [5]
14 158 [5]
18 159 [1]
26 152 [5]
3 174 [1]
71 107 [0]
49 128 [1]
45 133 [0]
70 108 [0]
49 129 [1]
42 129 [5]
17 161 [1]
28 150 [1]
33 141 [5]
62 116 [1]
4 174 [1]
14 166 [1]
0 180 [1]
35 145 [7]
84 96 [7]
5 172 [3]
6 173 [1]
41 134 [5]
38 135 [7]
0 177 [3]
28 152 [1]
15 166 [1]
36 140 [5]
46 135 [7]
6 174 [1]
31 147 [3]
77 104 [0]
44 138 [5]
79 103 [0]
6 175 [1]
68 113 [1]
89 90 [3]
78 97 [7]
17 164 [1]
87 88 [7]
18 160 [1]
8 172 [3]
6 176 [1]
81 103 [7]
69 115 [0]
53 124 [7]
14 165 [5]
9 176 [1]
74 111 [5]
77 108 [5]
17 167 [1]
64 116 [5]
29 149 [7]
14 172 [0]
84 102 [1]
2 181 [3]
18 169 [5]
19 168 [1]
36 146 [5]
48 139 [0]
19 165 [3]
38 147 [3]
52 131 [5]
10 177 [3]
91 97 [0]
33 150 [5]
2 187 [0]
4 185 [1]
10 179 [1]
46 138 [1]
38 146 [5]
74 115 [0]
10 178 [1]
58 132 [1]
65 120 [5]
22 169 [5]
76 115 [6]
16 172 [3]
23 167 [1]
26 160 [5]
17 173 [1]
87 104 [0]
76 116 [1]
0 189 [3]
12 179 [1]
45 147 [0]
65 122 [5]
84 107 [1]
2 190 [1]
74 119 [0]
67 126 [0]
95 98 [0]
3 186 [4]
1 191 [1]
8 184 [1]
0 192 [1]
44 144 [1]
57 132 [5]
12 183 [1]
27 163 [5]
0 194 [1]
53 135 [7]
4 190 [1]
7 189 [3]
28 168 [5]
63 133 [0]
92 104 [1]
75 115 [1]
50 141 [5]
64 126 [7]
69 123 [5]
3 193 [1]
55 141 [1]
4 194 [7]
30 168 [0]
70 128 [0]
22 175 [1]
6 191 [1]
21 171 [7]
2 196 [1]
51 144 [4]
19 181 [1]
66 134 [7]
94 106 [0]
64 136 [5]
6 193 [1]
84 111 [5]
34 165 [1]
25 170 [5]
78 122 [0]
33 161 [7]
19 182 [1]
7 194 [1]
57 143 [1]
88 113 [0]
99 102 [0]
30 166 [5]
65 129 [7]
7 191 [4]
28 174 [1]
36 166 [1]
59 143 [0]
85 117 [0]
17 184 [1]
63 139 [5]
91 111 [5]
66 136 [5]
65 137 [5]
0 204 [1]
20 184 [1]
30 169 [5]
52 145 [7]
1 202 [1]
44 161 [7]
83 122 [1]
72 128 [5]
76 122 [7]
40 166 [7]
57 142 [7]
36 170 [1]
48 153 [5]
0 203 [3]
36 165 [5]
59 148 [5]
1 203 [3]
13 193 [1]
91 109 [7]
31 175 [1]
40 162 [5]
6 202 [1]
12 196 [1]
46 162 [1]
2 203 [3]
12 195 [1]
39 168 [1]
21 186 [3]
15 194 [7]
35 174 [1]
38 171 [7]
60 144 [5]
91 118 [0]
31 171 [7]
41 161 [7]
7 201 [1]
0 208 [1]
25 185 [7]
9 194 [7]
77 126 [7]
11 198 [1]
7 204 [4]
17 194 [1]
61 150 [1]
94 117 [0]
15 195 [1]
67 145 [7]
84 128 [1]
26 181 [5]
97 115 [5]
1 210 [1]
12 199 [1]
66 141 [5]
50 162 [5]
45 160 [7]
81 131 [4]
71 142 [4]
16 197 [1]
7 205 [1]
9 199 [5]
17 195 [1]
75 137 [7]
53 159 [1]
75 131 [7]
4 210 [1]
12 202 [7]
53 161 [7]
57 152 [5]
49 156 [9]
1 212 [1]
107 108 [0]
55 159 [1]
99 115 [5]
1 213 [1]
51 157 [7]
85 131 [4]
3 213 [1]
97 118 [6]
20 196 [0]
26 183 [7]
33 177 [7]
98 114 [5]
62 155 [0]
7 206 [4]
84 126 [7]
94 123 [5]
8 208 [1]
11 203 [3]
84 133 [0]
10 206 [1]
39 173 [1]
6 212 [1]
18 200 [3]
28 190 [5]
11 206 [1]
13 204 [1]
10 207 [1]
28 185 [7]
10 209 [0]
92 127 [0]
99 120 [0]
50 164 [5]
13 207 [1]
71 149 [7]
7 212 [1]
50 163 [7]
2 215 [3]
26 195 [5]
22 199 [5]
86 130 [5]
98 123 [0]
91 130 [7]
4 216 [1]
89 132 [0]
57 165 [5]
97 125 [7]
66 151 [5]
1 222 [1]
11 212 [1]
15 207 [1]
34 184 [5]
15 208 [5]
22 201 [4]
61 162 [7]
61 155 [7]
55 168 [1]
32 191 [1]
88 136 [0]
44 175 [1]
46 171 [7]
4 219 [7]
51 166 [7]
8 217 [1]
87 137 [1]
58 162 [5]
47 179 [7]
59 162 [5]
50 176 [5]
63 162 [7]
16 209 [1]
89 138 [4]
1 225 [1]
85 138 [4]
6 220 [1]
60 162 [1]
62 161 [7]
60 161 [7]
78 146 [4]
74 154 [1]
4 223 [1]
7 217 [4]
63 161 [4]
10 218 [1]
18 211 [1]
36 193 [7]
94 131 [4]
6 222 [1]
11 217 [1]
43 186 [3]
0 226 [3]
21 201 [7]
5 221 [3]
93 136 [0]
18 210 [1]
55 175 [5]
17 213 [1]
63 166 [7]
87 136 [7]
35 188 [7]
89 140 [1]
66 159 [5]
97 126 [7]
24 199 [7]
10 219 [1]
50 173 [7]
80 150 [0]
0 230 [1]
58 173 [0]
27 197 [5]
60 166 [5]
28 198 [5]
49 178 [4]
110 121 [0]
41 183 [7]
51 171 [9]
19 211 [1]
91 140 [1]
102 126 [4]
115 116 [7]
47 178 [7]
80 147 [1]
46 187 [1]
17 215 [1]
11 221 [1]
44 186 [3]
62 171 [0]
95 138 [0]
96 137 [0]
7 227 [0]
115 119 [0]
60 169 [5]
9 218 [7]
21 208 [5]
16 217 [1]
41 194 [5]
27 203 [5]
15 213 [7]
68 160 [7]
70 161 [4]
28 206 [1]
94 138 [4]
59 172 [5]
66 163 [7]
29 200 [7]
97 140 [1]
39 198 [5]
44 193 [5]
53 177 [7]
91 142 [4]
92 138 [7]
45 192 [9]
50 180 [7]
81 149 [7]
56 182 [7]
116 122 [0]
22 209 [7]
20 211 [7]
10 227 [1]
79 155 [4]
9 222 [7]
61 172 [5]
2 237 [1]
34 205 [0]
93 146 [0]
13 225 [1]
15 223 [1]
78 157 [4]
47 185 [7]
21 214 [5]
27 213 [7]
39 201 [7]
100 140 [0]
55 185 [1]
0 239 [1]
54 185 [1]
66 167 [7]
103 137 [0]
8 233 [1]
43 197 [1]
19 221 [1]
2 239 [7]
2 236 [3]
87 153 [1]
17 224 [1]
89 147 [5]
118 123 [5]
97 139 [5]
37 205 [7]
61 176 [5]
12 231 [7]
72 166 [5]
67 175 [1]
28 214 [1]
27 209 [7]
4 238 [1]
79 165 [0]
3 241 [1]
17 227 [4]
21 223 [5]
24 220 [7]
115 129 [1]
25 212 [7]
87 157 [0]
40 197 [7]
43 202 [5]
68 177 [7]
8 237 [1]
29 216 [7]
26 212 [7]
59 186 [1]
102 136 [7]
78 163 [4]
77 169 [3]
122 124 [4]
27 214 [7]
6 239 [1]
14 225 [7]
30 210 [7]
10 236 [1]
83 164 [0]
70 173 [4]
10 238 [1]
26 222 [7]
42 207 [7]
2 247 [3]
84 158 [7]
60 189 [5]
71 178 [4]
2 246 [1]
7 243 [1]
28 222 [7]
88 158 [4]
27 216 [7]
118 132 [0]
117 126 [4]
47 197 [7]
25 226 [5]
61 183 [7]
63 181 [7]
17 233 [1]
72 179 [4]
102 149 [7]
117 134 [0]
115 137 [5]
45 200 [7]
27 218 [7]
48 197 [7]
16 235 [1]
14 231 [7]
8 243 [1]
2 251 [1]
20 233 [5]
94 159 [7]
102 151 [0]
10 242 [1]
50 196 [7]
95 159 [0]
0 254 [1]
8 246 [4]
76 178 [7]
89 156 [9]
16 237 [1]
94 153 [7]
83 171 [2]
21 234 [7]
127 128 [1]
84 164 [7]
39 215 [1]
61 187 [7]
112 144 [0]
45 211 [9]
64 192 [7]
2 253 [1]
66 183 [7]
49 200 [7]
91 158 [7]
44 205 [7]
27 223 [7]
40 217 [5]
60 190 [7]
12 245 [1]
53 197 [7]
84 166 [7]
61 196 [4]
58 192 [7]
23 235 [1]
70 188 [2]
87 164 [7]
70 181 [7]
66 185 [7]
1 258 [4]
10 249 [1]
30 222 [7]
70 182 [7]
8 244 [7]
94 156 [9]
112 145 [2]
15 237 [7]
98 154 [7]
8 250 [1]
109 151 [4]
71 182 [7]
56 197 [7]
97 157 [7]
110 151 [0]
20 236 [1]
23 238 [7]
55 206 [1]
7 255 [1]
13 249 [1]
27 235 [7]
21 236 [5]
107 149 [7]
3 260 [7]
2 260 [1]
68 195 [0]
29 225 [9]
102 161 [9]
109 154 [0]
11 251 [1]
130 134 [0]
39 219 [7]
126 139 [7]
88 177 [4]
88 168 [9]
2 259 [4]
95 170 [9]
84 174 [7]
59 199 [7]
9 249 [7]
119 139 [7]
55 211 [1]
88 174 [4]
122 135 [9]
57 202 [7]
84 183 [7]
10 257 [1]
16 251 [1]
69 198 [7]
78 190 [9]
2 266 [1]
8 255 [7]
52 216 [7]
82 186 [0]
36 225 [7]
64 197 [7]
33 228 [7]
25 244 [7]
44 225 [7]
0 262 [7]
111 153 [5]
19 249 [1]
44 224 [1]
9 254 [7]
17 253 [5]
6 264 [5]
21 240 [9]
8 262 [7]
10 260 [5]
68 202 [7]
107 164 [7]
106 156 [9]
96 175 [0]
94 173 [4]
78 194 [2]
54 211 [7]
126 146 [0]
34 233 [5]
1 266 [5]
1 264 [7]
122 146 [4]
36 237 [0]
124 149 [0]
132 141 [5]
47 219 [7]
108 156 [9]
44 230 [1]
19 254 [1]
15 252 [7]
53 214 [7]
56 209 [9]
7 266 [1]
3 271 [1]
4 271 [0]
123 152 [0]
4 266 [5]
44 226 [1]
4 270 [1]
66 202 [7]
103 168 [4]
6 262 [7]
43 233 [1]
40 229 [7]
60 216 [5]
114 155 [7]
130 146 [0]
54 221 [1]
90 185 [1]
42 235 [9]
6 271 [1]
8 269 [0]
6 266 [5]
50 220 [7]
107 163 [7]
3 267 [7]
87 190 [9]
17 259 [1]
130 147 [0]
106 172 [0]
38 233 [7]
108 163 [7]
106 168 [4]
2 277 [1]
84 195 [7]
122 157 [4]
76 196 [7]
87 193 [4]
63 217 [7]
73 207 [7]
88 192 [9]
138 142 [0]
11 262 [7]
74 207 [7]
23 257 [1]
26 248 [7]
140 141 [0]
80 197 [4]
29 243 [9]
98 179 [4]
134 148 [0]
0 282 [1]
39 243 [7]
75 207 [7]
139 143 [0]
95 183 [0]
43 232 [7]
120 162 [0]
83 200 [4]
30 244 [7]
23 259 [1]
80 203 [0]
67 215 [1]
65 211 [7]
7 277 [1]
45 239 [0]
93 182 [4]
63 212 [9]
127 152 [5]
0 285 [7]
1 284 [1]
21 264 [5]
98 183 [9]
97 188 [9]
71 205 [9]
125 160 [0]
84 202 [4]
13 273 [5]
131 155 [0]
139 147 [1]
58 229 [0]
36 251 [0]
65 215 [7]
51 236 [4]
6 272 [9]
104 176 [7]
129 158 [0]
93 194 [2]
53 225 [9]
126 160 [4]
16 270 [1]
53 227 [7]
50 230 [7]
47 241 [0]
124 164 [0]
54 233 [1]
4 283 [1]
76 205 [7]
17 266 [5]
32 257 [7]
126 163 [0]
4 284 [1]
6 282 [1]
8 280 [1]
1 287 [1]
62 228 [1]
88 202 [9]
48 240 [2]
68 223 [0]
116 175 [0]
60 226 [5]
62 222 [7]
141 150 [0]
70 212 [9]
2 290 [1]
61 231 [7]
104 181 [7]
93 190 [9]
109 184 [0]
6 286 [1]
90 202 [1]
138 151 [9]
7 286 [1]
10 283 [1]
95 199 [4]
95 190 [9]
2 291 [1]
30 257 [7]
90 199 [5]
93 192 [9]
112 180 [2]
5 290 [1]
3 292 [1]
64 226 [5]
3 291 [1]
35 255 [5]
131 156 [8]
106 182 [7]
106 180 [9]
1 295 [7]
93 203 [7]
74 222 [7]
47 240 [9]
103 185 [9]
50 239 [7]
1 294 [1]
111 185 [4]
44 247 [1]
39 258 [7]
95 202 [0]
46 246 [7]
9 287 [5]
111 186 [0]
49 239 [9]
12 286 [9]
37 261 [7]
17 281 [5]
101 197 [0]
27 271 [7]
0 297 [1]
110 184 [4]
77 222 [7]
16 283 [7]
86 206 [7]
24 275 [7]
130 165 [4]
147 151 [1]
94 201 [9]
18 272 [9]
90 208 [1]
33 259 [7]
2 296 [1]
5 293 [1]
64 228 [7]
112 187 [0]
98 202 [4]
128 172 [0]
147 153 [1]
124 167 [9]
38 253 [9]
32 269 [7]
59 240 [2]
139 155 [7]
71 227 [4]
121 178 [9]
9 294 [5]
119 184 [0]
43 260 [0]
124 172 [7]
102 197 [4]
133 163 [7]
39 257 [7]
75 221 [7]
64 232 [7]
66 231 [7]
83 221 [0]
23 274 [7]
34 265 [5]
111 193 [7]
140 156 [9]
143 155 [7]
129 176 [0]
56 242 [7]
73 233 [7]
94 208 [4]
87 211 [9]
66 241 [7]
99 204 [9]
116 187 [4]
101 206 [0]
25 275 [7]
129 178 [9]
134 171 [2]
93 205 [9]
26 272 [9]
18 283 [7]
78 226 [4]
22 282 [7]
107 195 [4]
3 305 [1]
134 167 [8]
1 307 [1]
31 279 [7]
0 309 [1]
54 249 [7]
47 256 [7]
38 273 [9]
70 241 [4]
9 295 [7]
82 224 [5]
14 290 [7]
37 272 [2]
46 266 [5]
72 233 [7]
8 303 [1]
43 264 [5]
30 273 [9]
64 241 [7]
96 208 [9]
49 264 [8]
110 203 [7]
33 271 [9]
19 293 [1]
141 168 [4]
130 183 [0]
114 193 [7]
6 306 [2]
125 189 [0]
147 160 [7]
132 182 [0]
118 189 [7]
3 311 [1]
56 259 [4]
18 297 [7]
124 191 [9]
150 161 [9]
37 271 [7]
12 296 [7]
44 266 [5]
52 256 [7]
130 184 [7]
51 263 [2]
31 285 [0]
71 245 [4]
104 212 [9]
68 241 [7]
138 178 [0]
151 161 [9]
85 224 [7]
96 219 [2]
54 263 [7]
120 193 [4]
78 239 [9]
115 195 [7]
145 172 [9]
76 242 [7]
135 183 [0]
29 289 [9]
79 230 [9]
125 186 [7]
105 213 [0]
108 206 [4]
17 302 [7]
58 252 [7]
65 247 [7]
146 171 [2]
46 267 [7]
2 318 [1]
80 240 [2]
99 212 [9]
24 289 [7]
4 315 [1]
3 312 [5]
120 201 [0]
4 317 [7]
86 228 [7]
46 270 [7]
90 231 [7]
128 193 [4]
123 198 [7]
7 315 [1]
92 224 [5]
123 190 [9]
109 204 [9]
59 264 [5]
105 218 [0]
127 196 [7]
102 219 [2]
17 301 [5]
77 237 [9]
72 245 [7]
3 321 [1]
41 283 [0]
100 224 [0]
131 184 [9]
69 251 [7]
45 277 [2]
17 300 [7]
0 317 [7]
6 311 [7]
127 188 [9]
12 308 [5]
31 294 [1]
21 299 [5]
121 203 [7]
13 305 [7]
77 248 [7]
70 253 [2]
121 200 [4]
97 219 [9]
159 166 [0]
125 199 [9]
20 306 [2]
58 261 [7]
2 323 [1]
23 302 [1]
124 203 [7]
30 297 [9]
55 265 [7]
6 314 [7]
123 203 [1]
56 262 [9]
148 179 [0]
18 303 [7]
52 269 [7]
23 304 [1]
159 169 [0]
136 183 [9]
162 166 [0]
40 279 [9]
79 245 [4]
155 164 [9]
6 321 [1]
69 260 [9]
107 222 [9]
163 166 [4]
120 209 [9]
63 257 [9]
131 198 [0]
148 181 [0]
121 209 [0]
10 320 [7]
13 317 [1]
7 322 [1]
59 262 [9]
37 286 [7]
66 257 [7]
154 176 [0]
97 234 [4]
118 213 [9]
37 287 [7]
37 285 [9]
77 247 [7]
56 276 [4]
147 178 [7]
108 220 [4]
54 273 [5]
143 186 [3]
9 324 [0]
1 331 [7]
58 266 [9]
163 170 [0]
138 187 [8]
14 314 [5]
154 170 [9]
13 314 [7]
113 221 [0]
9 325 [9]
78 247 [9]
58 276 [5]
72 253 [9]
165 169 [0]
84 250 [4]
7 328 [1]
19 315 [1]
32 296 [7]
10 326 [0]
63 273 [2]
73 263 [9]
21 306 [9]
43 292 [1]
122 210 [9]
20 309 [7]
92 237 [7]
31 298 [7]
139 188 [9]
20 317 [5]
160 177 [0]
97 231 [9]
136 192 [9]
128 209 [9]
34 296 [7]
165 166 [4]
27 303 [7]
4 332 [1]
92 238 [7]
47 283 [7]
25 305 [7]
106 232 [9]
4 334 [1]
116 222 [0]
127 211 [0]
3 334 [1]
60 271 [7]
72 259 [7]
44 295 [7]
157 182 [0]
167 172 [7]
22 310 [7]
13 326 [1]
30 310 [7]
53 287 [0]
83 255 [2]
158 182 [0]
106 230 [4]
137 199 [4]
2 339 [2]
64 277 [9]
53 279 [9]
11 323 [7]
44 290 [7]
64 270 [7]
92 250 [7]
9 333 [9]
19 323 [7]
53 282 [7]
72 270 [7]
103 230 [9]
118 224 [1]
155 187 [0]
24 309 [9]
73 260 [9]
75 268 [1]
114 229 [0]
0 338 [7]
14 322 [7]
82 252 [9]
28 306 [9]
107 233 [4]
33 311 [9]
137 207 [0]
7 336 [1]
23 321 [5]
133 207 [4]
98 237 [9]
89 253 [2]
71 274 [9]
20 325 [5]
76 269 [9]
49 292 [4]
35 303 [7]
7 337 [1]
25 313 [7]
123 223 [4]
15 326 [7]
136 201 [9]
83 254 [9]
21 320 [5]
40 297 [9]
150 194 [2]
159 178 [9]
162 181 [4]
4 343 [1]
17 330 [7]
2 344 [1]
0 340 [7]
37 310 [9]
16 330 [1]
23 325 [1]
30 318 [9]
67 281 [5]
141 207 [0]
91 255 [2]
74 265 [9]
1 340 [7]
7 339 [2]
0 348 [1]
21 328 [7]
59 290 [7]
127 221 [1]
121 228 [9]
16 332 [1]
70 275 [4]
98 247 [4]
1 349 [7]
6 344 [1]
75 275 [4]
27 314 [5]
46 299 [5]
32 311 [7]
4 340 [7]
68 276 [7]
13 331 [7]
52 292 [7]
77 270 [4]
8 338 [5]
6 346 [5]
173 179 [0]
166 182 [4]
129 214 [9]
60 287 [7]
25 328 [7]
105 240 [8]
109 242 [8]
66 278 [9]
69 284 [9]
41 305 [7]
126 225 [2]
133 211 [9]
57 289 [7]
102 252 [2]
7 347 [0]
57 288 [9]
58 289 [7]
34 313 [7]
95 250 [9]
10 345 [5]
33 322 [0]
174 181 [0]
29 324 [9]
41 314 [9]
119 236 [0]
15 335 [5]
81 270 [9]
152 203 [0]
42 305 [9]
157 190 [9]
44 312 [5]
147 202 [7]
4 347 [5]
34 317 [5]
48 308 [9]
78 278 [2]
33 324 [0]
22 335 [5]
137 211 [9]
102 255 [2]
106 247 [4]
54 296 [7]
97 256 [0]
123 225 [9]
8 348 [1]
174 183 [0]
145 213 [0]
87 262 [9]
9 342 [7]
144 214 [0]
94 262 [2]
97 260 [2]
125 234 [9]
138 221 [9]
177 182 [4]
22 332 [1]
168 191 [0]
125 232 [2]
62 290 [7]
72 278 [9]
67 287 [1]
12 339 [9]
1 359 [5]
80 271 [9]
133 218 [9]
152 204 [4]
22 338 [7]
34 319 [7]
35 325 [5]
54 299 [7]
168 192 [8]
66 295 [0]
86 275 [7]
81 271 [9]
26 328 [9]
7 352 [5]
11 345 [5]
172 188 [2]
9 353 [5]
14 339 [9]
152 206 [4]
49 304 [9]
82 272 [8]
7 355 [0]
10 352 [9]
168 194 [8]
15 341 [7]
156 207 [0]
26 330 [7]
172 184 [7]
89 265 [9]
40 314 [9]
50 305 [9]
7 356 [1]
35 327 [2]
149 215 [0]
79 276 [9]
135 228 [1]
143 214 [7]
130 232 [2]
89 267 [9]
58 307 [7]
95 270 [0]
85 276 [4]
2 358 [5]
151 205 [9]
83 283 [9]
105 261 [0]
88 273 [2]
165 192 [9]
164 193 [9]
157 210 [0]
177 190 [8]
100 258 [9]
11 349 [7]
4 362 [1]
57 304 [7]
2 365 [1]
2 361 [5]
63 296 [9]
4 357 [7]
6 363 [7]
3 366 [7]
157 204 [9]
0 364 [5]
106 254 [9]
131 238 [0]
119 242 [8]
20 349 [7]
5 357 [7]
88 281 [5]
167 202 [0]
41 321 [7]
90 280 [0]
16 354 [1]
32 331 [7]
149 219 [2]
1 364 [5]
112 253 [5]
95 268 [7]
124 244 [2]
94 277 [9]
133 238 [9]
144 227 [8]
51 318 [2]
150 212 [9]
142 230 [0]
31 342 [1]
44 329 [5]
57 316 [9]
122 251 [0]
122 242 [9]
154 210 [9]
6 368 [5]
0 374 [5]
173 201 [0]
11 358 [5]
93 279 [2]
23 351 [0]
70 295 [9]
168 206 [0]
107 267 [9]
178 196 [0]
187 188 [2]
167 208 [0]
2 373 [5]
16 359 [5]
10 360 [5]
32 343 [7]
12 361 [2]
34 334 [7]
75 291 [9]
27 339 [9]
127 248 [4]
21 348 [7]
40 336 [9]
60 316 [7]
74 293 [9]
3 372 [1]
111 258 [7]
68 306 [2]
100 274 [2]
17 360 [5]
45 332 [4]
153 224 [0]
23 352 [2]
39 331 [7]
7 369 [1]
34 336 [5]
53 316 [9]
6 372 [7]
47 331 [5]
166 208 [9]
50 321 [7]
59 319 [7]
102 274 [2]
14 357 [7]
5 366 [7]
20 351 [7]
36 343 [7]
90 289 [7]
125 252 [2]
135 244 [0]
141 238 [0]
1 373 [5]
183 196 [0]
42 330 [7]
30 340 [9]
23 355 [2]
1 379 [1]
152 221 [7]
41 339 [9]
154 217 [9]
39 334 [7]
168 210 [7]
5 370 [5]
55 326 [1]
1 375 [5]
17 357 [7]
98 283 [9]
163 217 [2]
174 203 [4]
107 274 [9]
23 359 [5]
74 306 [2]
66 309 [7]
123 250 [9]
6 371 [5]
181 201 [8]
24 349 [9]
176 197 [9]
35 348 [7]
11 372 [7]
37 346 [9]
56 327 [2]
87 296 [9]
142 235 [2]
79 295 [9]
3 379 [1]
129 245 [9]
157 226 [0]
173 210 [0]
165 209 [9]
128 253 [2]
39 345 [9]
74 310 [7]
75 300 [9]
111 264 [9]
12 365 [7]
6 373 [5]
16 362 [7]
79 306 [0]
73 303 [9]
49 332 [4]
125 255 [5]
123 260 [2]
95 288 [2]
6 374 [5]
111 266 [9]
70 316 [9]
111 275 [7]
61 316 [9]
144 242 [2]
6 375 [5]
17 364 [5]
117 267 [2]
25 354 [7]
79 305 [2]
121 256 [9]
136 241 [9]
59 318 [9]
135 251 [0]
7 374 [1]
63 324 [9]
10 377 [7]
0 382 [5]
23 357 [7]
75 303 [9]
170 217 [0]
0 386 [1]
28 360 [5]
107 281 [0]
148 240 [0]
190 198 [8]
177 202 [9]
74 305 [9]
140 240 [8]
34 355 [9]
69 311 [9]
31 358 [5]
67 322 [7]
79 310 [0]
159 226 [4]
121 268 [0]
104 285 [2]
63 327 [2]
73 317 [9]
110 276 [9]
124 264 [2]
2 383 [5]
0 391 [7]
18 373 [7]
36 355 [9]
89 293 [9]
128 254 [9]
36 346 [9]
177 215 [0]
98 294 [9]
16 371 [5]
84 299 [9]
16 377 [0]
7 385 [1]
90 303 [0]
113 271 [9]
195 198 [0]
95 298 [9]
3 385 [5]
143 251 [7]
21 373 [9]
124 270 [9]
195 199 [0]
45 347 [2]
12 377 [5]
136 249 [9]
0 387 [7]
100 286 [9]
16 379 [7]
51 344 [9]
171 224 [9]
22 371 [9]
167 224 [4]
190 197 [8]
130 260 [5]
73 314 [9]
9 387 [5]
30 366 [9]
60 337 [9]
115 282 [7]
8 388 [1]
7 389 [1]
191 198 [9]
117 272 [8]
163 232 [2]
34 364 [9]
2 391 [5]
51 345 [2]
126 267 [2]
130 259 [9]
40 359 [0]
63 336 [2]
90 302 [7]
41 351 [7]
65 334 [0]
176 214 [9]
43 349 [7]
37 353 [9]
199 200 [0]
9 391 [9]
122 278 [2]
2 393 [5]
147 253 [2]
6 387 [7]
4 394 [2]
62 333 [5]
2 399 [1]
191 210 [0]
75 317 [9]
1 395 [5]
96 303 [2]
102 297 [2]
1 401 [1]
11 391 [7]
181 219 [2]
9 386 [7]
68 334 [0]
66 335 [2]
2 401 [5]
77 326 [0]
46 350 [7]
3 395 [5]
54 347 [2]
80 323 [2]
19 382 [2]
82 321 [4]
161 242 [0]
182 221 [4]
175 220 [9]
2 397 [5]
20 382 [2]
115 281 [9]
6 399 [5]
7 398 [1]
58 347 [9]
141 264 [2]
87 309 [9]
195 202 [9]
84 322 [2]
109 297 [2]
116 290 [9]
90 309 [7]
92 305 [9]
12 388 [7]
32 370 [5]
65 342 [0]
112 293 [2]
7 400 [0]
158 249 [2]
194 213 [5]
57 341 [9]
159 240 [8]
1 407 [5]
116 292 [9]
128 276 [4]
130 270 [8]
0 403 [5]
199 210 [9]
154 247 [9]
175 225 [9]
3 399 [7]
2 408 [0]
12 398 [7]
106 295 [9]
174 236 [0]
32 373 [5]
112 290 [2]
156 254 [0]
112 299 [5]
6 405 [2]
15 389 [7]
35 369 [7]
11 395 [5]
49 353 [9]
111 294 [7]
190 222 [0]
30 373 [9]
107 296 [9]
137 273 [2]
110 302 [9]
90 317 [5]
112 292 [8]
159 252 [2]
27 386 [0]
74 339 [2]
58 346 [9]
53 358 [2]
187 226 [9]
58 348 [7]
0 408 [5]
75 339 [8]
101 313 [8]
1 408 [5]
173 239 [2]
8 401 [5]
179 226 [9]
10 405 [5]
15 400 [0]
189 226 [0]
10 398 [7]
136 270 [9]
19 389 [7]
13 403 [5]
1 415 [2]
23 393 [5]
41 375 [9]
47 360 [9]
59 357 [9]
123 284 [9]
187 229 [0]
114 293 [9]
196 220 [0]
107 300 [9]
156 261 [2]
200 217 [0]
22 393 [2]
11 401 [5]
150 258 [9]
3 415 [2]
43 370 [5]
37 372 [9]
176 233 [9]
154 265 [5]
10 409 [2]
63 356 [2]
86 333 [2]
100 319 [9]
180 239 [0]
34 378 [7]
146 274 [2]
98 322 [9]
93 325 [2]
116 295 [9]
171 249 [0]
47 364 [9]
175 245 [4]
52 359 [9]
6 412 [5]
2 413 [5]
56 356 [9]
153 268 [0]
191 230 [8]
25 389 [7]
52 362 [7]
197 216 [8]
34 388 [5]
21 401 [2]
69 344 [9]
36 386 [7]
48 374 [9]
108 312 [2]
108 305 [9]
184 238 [2]
59 354 [9]
16 401 [5]
122 301 [5]
180 243 [0]
2 416 [5]
90 329 [5]
14 410 [9]
112 306 [6]
57 358 [9]
84 340 [2]
138 286 [2]
144 280 [0]
16 403 [5]
107 318 [9]
8 417 [5]
111 305 [9]
81 344 [9]
19 400 [6]
172 244 [9]
184 233 [9]
2 421 [2]
56 360 [9]
17 409 [9]
47 379 [7]
203 223 [4]
144 277 [5]
148 272 [6]
44 380 [5]
196 221 [9]
46 381 [7]
90 337 [7]
75 343 [9]
4 421 [2]
103 315 [9]
147 272 [8]
79 349 [2]
108 320 [8]
46 377 [5]
25 394 [9]
160 259 [9]
145 277 [6]
201 228 [0]
196 233 [0]
20 404 [5]
5 422 [2]
87 342 [9]
112 317 [5]
84 336 [9]
25 395 [9]
197 232 [5]
71 359 [0]
152 278 [9]
75 346 [9]
54 371 [5]
83 339 [8]
48 373 [9]
26 395 [9]
73 349 [9]
3 428 [2]
62 362 [7]
52 379 [0]
111 320 [9]
208 223 [0]
23 403 [5]
71 358 [2]
120 302 [9]
142 289 [0]
0 432 [2]
11 421 [2]
69 361 [2]
104 321 [7]
44 389 [7]
164 267 [2]
145 289 [0]
9 425 [9]
23 411 [5]
2 427 [5]
52 373 [9]
18 411 [5]
48 386 [9]
66 368 [9]
159 275 [8]
86 348 [7]
173 261 [2]
209 225 [0]
109 326 [8]
111 324 [9]
134 292 [0]
131 299 [5]
5 428 [2]
86 340 [9]
50 377 [9]
12 424 [5]
28 403 [5]
74 353 [9]
120 314 [2]
27 404 [5]
82 352 [2]
75 359 [2]
7 430 [5]
18 419 [9]
156 281 [6]
168 264 [5]
195 234 [8]
193 245 [0]
12 426 [7]
22 411 [5]
73 365 [2]
25 406 [7]
10 419 [9]
17 416 [5]
176 254 [8]
43 393 [2]
100 338 [2]
63 373 [2]
66 373 [9]
187 250 [2]
216 223 [0]
71 368 [9]
96 341 [2]
80 357 [2]
89 351 [9]
94 346 [9]
87 344 [9]
19 414 [7]
112 324 [5]
126 315 [0]
106 333 [2]
69 370 [2]
104 328 [9]
11 428 [2]
117 315 [9]
102 330 [9]
129 304 [8]
48 385 [9]
144 298 [0]
13 424 [5]
188 249 [8]
218 222 [2]
12 425 [5]
11 432 [2]
34 409 [9]
55 381 [7]
21 417 [5]
7 437 [2]
8 436 [5]
177 258 [9]
4 435 [5]
123 321 [9]
157 285 [2]
88 354 [2]
21 424 [5]
4 436 [5]
23 417 [5]
215 230 [8]
158 287 [0]
84 361 [2]
108 335 [2]
98 345 [2]
11 429 [5]
98 347 [8]
26 420 [9]
37 409 [9]
101 339 [6]
48 398 [9]
22 422 [2]
7 438 [1]
18 423 [5]
89 357 [9]
132 314 [9]
56 390 [9]
175 272 [8]
9 438 [5]
49 389 [9]
2 440 [5]
208 239 [2]
169 273 [5]
62 383 [9]
99 346 [2]
120 325 [2]
83 362 [2]
108 330 [9]
201 246 [0]
74 374 [9]
11 437 [9]
126 322 [0]
169 279 [9]
126 320 [5]
43 398 [7]
180 268 [9]
155 291 [2]
44 399 [5]
100 346 [2]
150 296 [2]
48 391 [9]
60 381 [7]
49 397 [2]
180 262 [6]
211 238 [0]
43 406 [7]
212 237 [0]
97 352 [8]
115 334 [9]
169 271 [9]
191 258 [8]
143 307 [9]
109 341 [2]
186 255 [9]
13 428 [2]
40 402 [8]
32 409 [9]
5 446 [5]
188 263 [0]
204 247 [0]
186 258 [7]
65 384 [2]
37 413 [9]
1 451 [2]
56 387 [9]
15 431 [6]
204 248 [0]
6 439 [7]
193 259 [0]
83 367 [2]
22 421 [9]
209 243 [0]
196 254 [2]
39 414 [5]
7 446 [5]
87 366 [0]
19 432 [2]
134 317 [5]
148 303 [2]
0 448 [5]
12 434 [7]
103 351 [0]
38 407 [9]
153 292 [9]
33 421 [2]
86 359 [9]
4 445 [5]
171 283 [0]
0 455 [5]
38 417 [9]
218 237 [0]
164 291 [5]
90 360 [5]
25 421 [9]
114 339 [2]
185 270 [0]
65 381 [9]
45 411 [2]
102 354 [9]
155 301 [5]
88 366 [2]
197 259 [0]
6 445 [5]
46 408 [5]
139 308 [9]
4 447 [5]
85 372 [9]
130 319 [8]
11 444 [5]
12 443 [5]
51 407 [9]
226 232 [2]
162 288 [8]
48 402 [8]
114 335 [9]
205 254 [0]
22 437 [2]
46 413 [9]
8 449 [2]
67 387 [5]
71 388 [9]
76 383 [9]
1 453 [5]
198 261 [2]
173 284 [2]
2 455 [2]
214 245 [0]
120 337 [2]
100 350 [9]
6 448 [5]
7 453 [7]
32 428 [9]
227 233 [0]
8 447 [5]
21 440 [9]
228 231 [5]
158 294 [9]
16 438 [7]
210 249 [2]
66 388 [7]
81 378 [2]
0 459 [2]
84 377 [0]
79 382 [8]
66 386 [9]
228 234 [0]
31 431 [0]
58 400 [4]
15 442 [5]
178 283 [2]
109 351 [2]
3 458 [1]
59 404 [9]
225 238 [0]
91 370 [2]
39 424 [9]
134 329 [5]
92 362 [9]
149 314 [2]
129 329 [2]
137 324 [2]
176 288 [0]
72 383 [9]
3 459 [2]
130 326 [8]
18 439 [7]
95 367 [2]
49 406 [9]
0 465 [2]
63 402 [6]
97 368 [2]
157 308 [8]
166 297 [2]
179 287 [0]
15 451 [2]
7 459 [5]
30 427 [9]
150 314 [2]
101 365 [2]
138 326 [2]
0 461 [5]
115 343 [9]
12 455 [2]
211 256 [0]
232 235 [0]
13 452 [2]
88 374 [2]
14 444 [9]
11 454 [2]
68 390 [9]
85 380 [2]
82 383 [2]
225 243 [2]
10 458 [1]
53 415 [8]
60 403 [9]
79 389 [0]
33 431 [4]
118 350 [9]
78 388 [2]
81 385 [2]
19 444 [5]
82 386 [9]
102 366 [0]
185 284 [2]
1 468 [1]
59 402 [8]
92 377 [9]
162 307 [2]
209 260 [0]
233 234 [2]
106 363 [2]
61 399 [9]
148 321 [8]
56 405 [2]
21 449 [2]
52 409 [9]
75 395 [2]
133 337 [9]
8 460 [2]
63 398 [9]
185 283 [2]
58 403 [9]
17 454 [9]
149 320 [2]
53 416 [2]
6 458 [7]
2 467 [2]
185 281 [5]
21 441 [9]
190 282 [0]
12 460 [2]
97 366 [9]
56 416 [9]
223 241 [0]
95 377 [2]
70 394 [2]
227 245 [9]
121 342 [9]
217 247 [9]
169 304 [9]
41 432 [2]
228 245 [8]
74 397 [9]
83 390 [0]
140 333 [0]
185 286 [2]
152 321 [9]
218 255 [6]
212 261 [0]
164 309 [9]
36 431 [6]
200 271 [2]
90 384 [9]
65 409 [8]
37 435 [9]
165 307 [2]
96 378 [2]
72 393 [9]
230 236 [9]
204 270 [0]
45 427 [2]
44 425 [5]
6 462 [7]
37 438 [9]
73 402 [8]
113 362 [2]
4 466 [5]
227 248 [0]
22 451 [2]
126 348 [2]
12 464 [8]
11 458 [7]
112 362 [2]
22 452 [2]
165 311 [9]
210 258 [8]
23 454 [2]
45 430 [2]
54 418 [5]
2 468 [7]
80 388 [9]
134 335 [8]
64 404 [9]
207 264 [6]
118 360 [2]
220 258 [0]
182 288 [8]
7 469 [2]
133 336 [9]
164 312 [2]
9 462 [7]
204 269 [2]
197 282 [8]
0 479 [2]
11 468 [7]
206 271 [2]
140 337 [2]
104 373 [2]
237 242 [8]
51 428 [8]
7 463 [2]
113 366 [2]
175 295 [9]
217 262 [5]
193 286 [2]
229 250 [0]
180 291 [5]
85 395 [2]
4 476 [5]
31 449 [2]
177 303 [2]
73 405 [2]
182 290 [8]
197 278 [5]
92 379 [9]
166 312 [2]
231 249 [5]
7 474 [5]
2 479 [9]
16 458 [7]
10 466 [5]
10 471 [9]
156 320 [5]
130 346 [5]
89 392 [0]
61 411 [9]
90 392 [9]
108 374 [8]
161 321 [0]
197 283 [2]
105 371 [6]
14 459 [9]
40 443 [2]
76 407 [9]
224 250 [9]
80 400 [3]
141 340 [2]
78 403 [2]
84 397 [2]
38 436 [9]
34 447 [2]
7 475 [2]
199 285 [2]
192 292 [0]
96 386 [2]
6 476 [2]
5 472 [7]
65 410 [9]
76 409 [8]
6 479 [9]
130 355 [8]
21 464 [8]
21 455 [9]
63 422 [2]
37 439 [9]
105 375 [6]
207 274 [5]
39 447 [9]
209 268 [9]
234 252 [0]
235 251 [5]
74 412 [2]
111 376 [9]
20 467 [9]
62 425 [5]
189 290 [8]
100 385 [2]
204 278 [5]
193 292 [8]
40 438 [9]
11 474 [2]
150 338 [0]
206 273 [8]
155 333 [8]
61 418 [9]
141 345 [2]
54 432 [2]
45 434 [9]
172 317 [9]
207 282 [0]
63 424 [2]
124 363 [2]
31 453 [5]
208 280 [2]
2 488 [5]
35 455 [9]
123 365 [2]
218 272 [0]
242 246 [2]
19 466 [5]
11 470 [9]
3 482 [5]
180 311 [5]
115 376 [9]
120 369 [2]
130 361 [6]
222 264 [5]
17 465 [9]
189 300 [2]
34 448 [9]
2 484 [5]
180 312 [8]
32 451 [9]
161 325 [6]
167 320 [5]
223 269 [5]
15 472 [5]
203 280 [9]
69 415 [8]
19 464 [9]
23 470 [9]
123 370 [2]
149 344 [2]
207 281 [5]
1 493 [7]
195 297 [2]
97 388 [9]
40 452 [2]
60 434 [9]
126 366 [2]
130 359 [5]
5 480 [9]
44 448 [9]
210 282 [2]
205 290 [0]
9 486 [0]
12 483 [9]
57 438 [5]
171 318 [6]
170 320 [5]
0 490 [5]
56 430 [9]
12 481 [2]
185 310 [1]
66 420 [9]
204 291 [2]
175 321 [9]
36 460 [9]
118 369 [9]
139 348 [9]
26 461 [9]
45 449 [2]
81 406 [9]
202 294 [0]
0 492 [5]
135 357 [5]
102 386 [9]
109 386 [2]
39 453 [5]
23 465 [9]
1 497 [2]
212 286 [2]
29 469 [0]
88 410 [2]
244 254 [5]
39 450 [9]
15 481 [2]
200 297 [2]
172 327 [8]
17 482 [5]
181 318 [2]
155 342 [2]
6 485 [8]
243 254 [2]
101 398 [5]
154 343 [2]
63 437 [2]
57 443 [9]
157 341 [2]
154 344 [2]
243 252 [5]
20 478 [9]
145 347 [8]
224 276 [9]
73 419 [8]
149 350 [2]
27 465 [9]
91 408 [2]
21 480 [8]
7 485 [9]
218 277 [6]
94 405 [2]
199 294 [8]
94 402 [6]
64 438 [9]
20 482 [2]
183 319 [0]
57 436 [9]
162 338 [2]
221 273 [8]
165 335 [2]
68 432 [2]
193 309 [0]
55 446 [2]
104 399 [0]
64 437 [2]
170 327 [6]
127 367 [9]
115 388 [9]
147 356 [9]
164 339 [8]
98 403 [2]
201 302 [5]
167 331 [5]
174 324 [5]
216 287 [0]
74 427 [2]
112 392 [6]
4 500 [5]
17 487 [5]
177 327 [6]
132 363 [9]
148 354 [2]
108 394 [2]
5 491 [8]
242 262 [5]
232 266 [6]
191 311 [2]
150 355 [0]
14 491 [8]
198 307 [2]
144 355 [6]
228 277 [6]
147 349 [9]
4 497 [2]
230 276 [0]
36 461 [9]
145 356 [5]
9 489 [8]
201 300 [5]
28 469 [9]
184 323 [0]
53 452 [2]
29 470 [8]
22 485 [8]
125 377 [5]
36 463 [8]
92 413 [9]
180 327 [0]
205 297 [5]
28 470 [9]
203 304 [9]
75 433 [8]
189 319 [9]
38 461 [9]
125 375 [8]
110 396 [2]
62 439 [7]
11 492 [5]
5 498 [5]
14 495 [9]
126 375 [8]
212 295 [2]
88 421 [6]
90 419 [2]
232 268 [9]
187 317 [5]
51 456 [2]
180 324 [6]
5 505 [2]
138 367 [5]
43 467 [9]
4 499 [7]
12 493 [5]
73 437 [2]
64 447 [9]
166 343 [2]
151 360 [2]
183 328 [5]
103 406 [2]
76 426 [9]
129 377 [5]
221 290 [0]
210 296 [5]
241 270 [0]
34 477 [9]
59 452 [2]
57 452 [2]
8 498 [5]
56 454 [2]
21 491 [6]
129 381 [2]
156 351 [5]
0 507 [5]
12 498 [2]
106 404 [2]
166 346 [2]
14 493 [5]
19 494 [5]
107 404 [2]
69 442 [2]
17 494 [5]
58 446 [9]
79 431 [3]
40 473 [8]
8 500 [5]
30 474 [9]
213 301 [6]
101 413 [5]
173 341 [5]
221 293 [2]
221 291 [2]
222 290 [2]
222 292 [0]
59 453 [2]
122 390 [2]
233 281 [5]
49 457 [8]
198 317 [0]
13 502 [2]
10 500 [5]
50 456 [9]
23 483 [9]
23 490 [2]
144 366 [5]
33 483 [8]
165 349 [2]
45 463 [8]
74 442 [9]
33 475 [8]
1 510 [5]
129 387 [2]
67 440 [9]
126 385 [5]
11 500 [5]
241 275 [0]
70 445 [2]
3 514 [9]
212 300 [5]
188 325 [8]
251 260 [6]
185 332 [0]
131 380 [6]
83 428 [6]
245 268 [4]
96 422 [8]
89 429 [0]
244 274 [0]
198 320 [0]
192 326 [0]
184 326 [8]
135 383 [6]
105 405 [8]
257 261 [0]
242 276 [0]
214 304 [0]
13 503 [2]
229 289 [0]
214 299 [5]
34 476 [9]
34 485 [8]
221 296 [2]
131 382 [6]
177 340 [2]
189 328 [2]
70 449 [2]
151 366 [2]
147 372 [0]
241 278 [6]
247 272 [6]
141 379 [2]
63 457 [2]
146 372 [2]
53 459 [8]
6 505 [9]
83 429 [8]
208 310 [2]
216 302 [2]
94 427 [2]
27 492 [9]
23 489 [9]
10 512 [7]
7 515 [1]
145 372 [5]
248 269 [2]
228 288 [6]
108 412 [2]
120 403 [2]
54 467 [2]
221 300 [2]
87 428 [8]
139 375 [9]
187 331 [5]
242 280 [2]
70 454 [0]
4 520 [9]
160 362 [2]
150 374 [2]
77 445 [2]
218 304 [4]
91 433 [0]
114 402 [8]
136 389 [2]
162 355 [8]
153 364 [8]
181 342 [2]
101 418 [6]
254 272 [0]
104 422 [2]
56 470 [8]
243 277 [6]
86 440 [9]
51 467 [8]
244 282 [5]
22 495 [9]
251 275 [0]
34 483 [9]
1 523 [2]
56 463 [8]
34 493 [9]
50 468 [9]
168 354 [5]
133 394 [8]
161 366 [5]
12 506 [9]
252 275 [5]
6 519 [5]
2 526 [9]
71 457 [0]
151 375 [2]
4 524 [9]
232 291 [5]
99 421 [8]
222 306 [6]
157 369 [2]
20 508 [8]
263 265 [0]
117 412 [2]
118 411 [2]
160 367 [2]
209 315 [5]
0 524 [5]
129 398 [2]
219 311 [0]
65 465 [8]
62 459 [9]
247 278 [5]
165 363 [2]
65 457 [8]
249 273 [8]
221 309 [9]
133 395 [2]
134 397 [5]
2 529 [5]
115 407 [9]
178 351 [2]
34 488 [9]
127 400 [4]
124 407 [2]
172 359 [2]
172 350 [9]
48 484 [2]
172 358 [2]
140 384 [2]
10 513 [9]
38 494 [9]
34 496 [9]
76 454 [2]
6 524 [2]
88 444 [8]
199 327 [6]
123 407 [2]
18 510 [5]
3 530 [5]
54 479 [0]
26 498 [9]
248 276 [8]
220 313 [0]
203 331 [9]
57 477 [2]
88 446 [8]
221 311 [2]
232 296 [6]
11 514 [9]
144 384 [6]
171 357 [6]
76 450 [8]
7 518 [2]
79 456 [2]
33 502 [8]
59 476 [2]
228 307 [0]
126 404 [5]
10 523 [2]
105 424 [6]
215 320 [2]
162 373 [0]
195 340 [8]
178 353 [5]
178 352 [6]
3 528 [5]
50 477 [2]
256 280 [0]
126 411 [8]
70 467 [8]
234 303 [2]
184 351 [2]
30 498 [9]
66 462 [9]
129 403 [5]
59 470 [8]
230 308 [8]
78 460 [5]
254 282 [2]
80 458 [9]
108 430 [2]
25 504 [9]
260 278 [0]
263 270 [5]
222 316 [5]
7 526 [5]
32 507 [2]
104 431 [4]
243 291 [5]
250 290 [0]
114 417 [9]
29 503 [8]
265 270 [5]
187 345 [8]
217 318 [2]
32 509 [5]
139 402 [8]
185 351 [5]
94 447 [8]
3 533 [5]
169 364 [8]
8 528 [5]
58 474 [9]
247 294 [0]
1 531 [9]
36 496 [9]
76 457 [8]
237 299 [6]
107 435 [2]
46 496 [9]
52 490 [9]
188 353 [0]
125 417 [2]
248 292 [2]
31 502 [9]
4 536 [2]
75 459 [8]
63 480 [8]
51 492 [2]
198 340 [5]
213 324 [6]
79 464 [0]
3 535 [5]
188 352 [3]
14 520 [9]
109 434 [2]
192 346 [6]
162 381 [2]
88 447 [8]
152 383 [8]
12 532 [9]
221 323 [2]
241 303 [5]
216 319 [8]
171 367 [6]
189 347 [8]
128 417 [2]
225 315 [5]
54 491 [8]
206 334 [5]
118 426 [2]
42 495 [9]
26 511 [9]
115 431 [4]
132 414 [9]
35 503 [9]
7 540 [9]
26 521 [2]
255 292 [6]
95 452 [0]
234 313 [0]
262 285 [0]
194 354 [0]
267 281 [0]
1 545 [5]
242 304 [2]
1 540 [8]
157 392 [8]
239 310 [0]
140 407 [2]
123 424 [2]
243 306 [8]
43 501 [5]
9 531 [9]
252 298 [0]
28 522 [9]
6 544 [2]
134 414 [2]
28 514 [8]
179 366 [5]
268 282 [9]
34 508 [8]
35 515 [5]
95 453 [2]
70 480 [8]
154 396 [2]
123 419 [8]
8 537 [5]
144 406 [0]
146 404 [5]
81 463 [8]
194 357 [6]
24 527 [0]
253 292 [6]
39 512 [0]
261 284 [2]
175 371 [5]
87 464 [6]
134 417 [5]
78 465 [8]
213 334 [5]
34 512 [6]
208 342 [2]
49 501 [2]
174 373 [5]
2 541 [9]
6 547 [7]
209 338 [6]
95 458 [9]
85 460 [8]
177 376 [2]
82 462 [9]
133 418 [2]
29 525 [8]
25 529 [2]
2 547 [5]
168 380 [6]
106 446 [2]
87 467 [2]
189 360 [5]
206 348 [0]
268 286 [9]
163 383 [8]
4 541 [9]
79 467 [8]
26 519 [9]
206 349 [5]
21 534 [8]
146 401 [8]
70 477 [8]
24 531 [8]
39 507 [9]
88 459 [8]
165 382 [8]
41 506 [8]
65 488 [2]
78 477 [8]
180 369 [6]
188 367 [0]
20 536 [5]
108 439 [9]
157 399 [2]
275 281 [5]
90 457 [9]
202 349 [5]
18 536 [2]
188 360 [8]
147 407 [9]
40 517 [0]
193 364 [5]
271 286 [0]
84 465 [8]
164 391 [2]
6 543 [2]
33 525 [2]
207 345 [6]
194 364 [8]
83 475 [8]
88 464 [6]
268 288 [2]
117 441 [2]
229 329 [6]
111 438 [9]
36 523 [9]
195 358 [8]
174 385 [5]
139 411 [9]
43 507 [9]
68 485 [6]
62 489 [8]
140 412 [2]
25 526 [9]
187 373 [5]
127 424 [9]
71 487 [2]
10 541 [9]
72 486 [2]
12 540 [8]
95 466 [2]
89 472 [2]
114 438 [9]
3 549 [9]
274 282 [5]
21 531 [8]
216 339 [6]
40 513 [8]
72 487 [2]
257 304 [0]
136 419 [6]
136 425 [8]
71 488 [2]
1 561 [1]
179 381 [2]
219 343 [0]
35 518 [9]
225 337 [8]
2 558 [2]
22 541 [7]
52 511 [9]
66 497 [9]
69 492 [2]
15 540 [8]
137 426 [2]
50 505 [8]
168 395 [6]
196 361 [6]
163 395 [8]
46 518 [0]
21 543 [9]
7 557 [9]
48 512 [4]
35 520 [9]
171 388 [5]
265 299 [0]
146 412 [8]
163 396 [5]
61 503 [2]
280 284 [5]
249 315 [0]
115 447 [2]
36 529 [5]
5 551 [9]
131 434 [0]
21 542 [5]
10 546 [9]
49 512 [4]
237 326 [2]
212 345 [8]
202 363 [5]
228 337 [5]
235 330 [0]
99 467 [8]
7 559 [2]
180 381 [5]
56 502 [8]
50 507 [9]
214 350 [2]
47 519 [9]
93 465 [8]
145 421 [3]
267 299 [0]
37 530 [9]
44 523 [9]
2 557 [9]
222 340 [5]
59 499 [9]
240 327 [0]
176 389 [2]
36 532 [9]
146 422 [6]
261 302 [5]
268 292 [9]
67 502 [2]
23 546 [9]
54 515 [5]
99 468 [2]
7 561 [1]
4 563 [2]
156 407 [6]
214 356 [2]
237 333 [0]
257 313 [2]
54 516 [9]
217 351 [2]
84 478 [8]
242 328 [5]
279 291 [0]
183 382 [6]
193 378 [5]
27 544 [8]
127 435 [9]
117 454 [8]
7 562 [2]
259 310 [2]
148 423 [5]
162 409 [8]
205 366 [5]
116 447 [8]
19 553 [9]
17 555 [2]
16 556 [2]
279 293 [0]
192 374 [6]
33 531 [8]
39 524 [9]
243 329 [6]
76 494 [2]
246 326 [0]
163 404 [5]
10 561 [1]
179 394 [6]
148 425 [8]
261 307 [5]
223 341 [5]
113 458 [2]
64 500 [9]
286 287 [0]
63 502 [8]
94 471 [8]
175 396 [2]
16 558 [7]
7 567 [9]
5 560 [9]
99 475 [8]
146 428 [6]
53 513 [8]
55 517 [9]
236 336 [2]
125 450 [6]
236 339 [6]
201 369 [5]
48 528 [9]
204 372 [2]
262 314 [0]
194 374 [8]
35 532 [9]
29 541 [6]
269 307 [0]
19 548 [9]
232 344 [0]
29 548 [8]
212 359 [6]
177 392 [8]
149 426 [2]
122 447 [8]
192 385 [6]
206 371 [6]
258 319 [0]
5 570 [2]
147 429 [2]
90 488 [9]
220 353 [5]
220 352 [6]
93 480 [6]
26 553 [0]
247 332 [5]
33 537 [9]
34 536 [9]
206 368 [5]
3 567 [9]
152 425 [2]
284 295 [0]
19 551 [9]
114 466 [2]
60 520 [9]
161 413 [6]
33 545 [2]
139 441 [2]
75 497 [8]
70 502 [8]
2 576 [2]
92 486 [2]
231 350 [0]
234 347 [6]
2 579 [0]
41 540 [8]
151 422 [8]
286 295 [0]
151 430 [2]
87 486 [2]
242 333 [6]
73 499 [9]
5 567 [9]
50 522 [9]
220 361 [6]
80 502 [8]
95 487 [2]
213 369 [5]
35 542 [5]
50 523 [2]
124 453 [2]
127 455 [2]
227 355 [6]
30 553 [8]
287 294 [2]
63 520 [8]
12 562 [9]
133 450 [8]
126 451 [6]
245 338 [5]
239 344 [1]
194 389 [0]
287 295 [2]
90 494 [2]
267 317 [8]
182 394 [8]
237 341 [5]
286 298 [6]
280 304 [0]
232 346 [6]
87 491 [6]
234 351 [5]
0 585 [2]
235 350 [0]
89 494 [2]
3 574 [9]
165 420 [8]
124 461 [8]
205 374 [6]
229 356 [5]
260 325 [0]
290 294 [2]
3 583 [9]
99 487 [8]
112 474 [6]
249 331 [6]
151 435 [0]
284 302 [5]
73 505 [8]
126 461 [6]
216 366 [5]
10 568 [9]
211 370 [6]
140 445 [2]
102 478 [8]
41 538 [9]
85 495 [8]
135 447 [6]
108 480 [8]
118 464 [6]
290 293 [5]
3 580 [5]
205 383 [6]
93 487 [8]
276 313 [2]
206 381 [2]
155 431 [4]
2 585 [2]
81 508 [8]
97 492 [2]
264 319 [6]
170 419 [6]
254 329 [6]
110 473 [6]
227 357 [5]
20 570 [9]
260 329 [8]
106 476 [8]
111 477 [2]
25 557 [8]
3 579 [8]
55 526 [9]
291 300 [0]
227 362 [2]
148 443 [6]
15 569 [7]
243 348 [5]
248 343 [5]
256 329 [6]
7 582 [2]
251 340 [5]
256 330 [5]
157 428 [6]
38 554 [0]
246 344 [2]
59 525 [8]
0 583 [9]
16 569 [7]
62 531 [9]
103 490 [6]
15 570 [9]
127 466 [2]
210 383 [0]
257 331 [6]
12 573 [8]
4 584 [2]
13 572 [8]
181 407 [5]
222 371 [6]
193 394 [6]
98 487 [8]
155 439 [2]
252 339 [3]
235 359 [8]
74 520 [8]
284 310 [0]
286 303 [5]
226 368 [2]
72 523 [0]
32 563 [9]
7 588 [9]
263 332 [5]
85 502 [8]
235 354 [6]
285 310 [6]
192 403 [6]
43 543 [9]
151 444 [8]
293 296 [6]
92 503 [2]
280 316 [0]
275 316 [5]
181 410 [5]
195 396 [5]
118 470 [8]
149 445 [2]
49 539 [8]
282 314 [8]
219 377 [6]
58 529 [9]
22 575 [8]
40 555 [2]
16 581 [8]
102 493 [2]
148 441 [8]
118 479 [8]
59 536 [2]
37 558 [2]
36 552 [9]
154 443 [8]
2 586 [9]
20 568 [9]
113 477 [8]
131 464 [3]
59 531 [8]
4 592 [2]
67 522 [9]
158 432 [8]
233 359 [6]
247 352 [6]
235 364 [0]
198 396 [5]
82 517 [0]
32 558 [9]
279 312 [8]
119 474 [6]
38 553 [8]
23 571 [5]
233 360 [5]
108 484 [8]
3 597 [9]
26 574 [8]
256 338 [6]
3 589 [9]
210 390 [5]
72 520 [8]
140 461 [8]
28 573 [8]
67 534 [9]
71 528 [2]
199 402 [3]
12 581 [8]
89 511 [2]
4 598 [5]
28 574 [8]
198 404 [2]
171 428 [3]
142 454 [6]
106 494 [2]
107 489 [6]
241 356 [5]
35 559 [9]
59 542 [2]
65 538 [9]
105 495 [3]
58 536 [9]
102 501 [2]
39 555 [9]
56 539 [8]
198 406 [2]
41 563 [2]
62 542 [5]
15 581 [8]
189 409 [6]
152 444 [2]
213 386 [5]
171 425 [8]
148 448 [8]
110 492 [2]
25 570 [9]
110 486 [8]
298 307 [0]
124 481 [8]
68 535 [2]
40 563 [2]
179 420 [6]
94 503 [8]
66 540 [6]
284 322 [6]
42 564 [2]
131 469 [6]
56 550 [8]
251 350 [5]
21 577 [8]
123 483 [8]
148 452 [6]
12 585 [9]
9 589 [8]
66 532 [2]
15 592 [9]
50 549 [8]
96 509 [2]
52 555 [2]
164 443 [8]
39 561 [7]
105 494 [8]
26 573 [8]
262 338 [8]
268 338 [2]
276 330 [2]
0 599 [9]
69 539 [8]
117 491 [6]
41 558 [9]
167 441 [6]
261 342 [5]
145 463 [3]
103 497 [8]
11 598 [2]
18 591 [9]
78 523 [8]
258 345 [6]
238 371 [0]
65 544 [2]
124 477 [8]
227 381 [2]
36 566 [8]
134 476 [8]
106 504 [2]
198 412 [6]
63 545 [2]
201 403 [6]
7 601 [2]
25 576 [9]
286 325 [0]
3 599 [9]
134 472 [5]
98 505 [8]
125 480 [6]
9 593 [9]
217 394 [8]
299 312 [8]
0 603 [2]
213 399 [6]
269 343 [0]
44 559 [9]
253 360 [0]
88 517 [8]
28 576 [9]
237 370 [6]
195 413 [5]
127 484 [2]
166 445 [2]
230 384 [6]
153 461 [8]
17 589 [8]
51 557 [6]
296 313 [5]
32 580 [9]
4 601 [2]
43 562 [9]
233 376 [5]
68 540 [6]
237 377 [0]
271 344 [0]
111 504 [2]
248 361 [6]
192 415 [8]
19 587 [9]
212 398 [6]
12 594 [9]
155 460 [6]
138 471 [6]
277 338 [0]
138 474 [6]
45 571 [2]
25 591 [8]
224 390 [2]
65 543 [8]
305 311 [0]
4 603 [9]
53 557 [6]
133 483 [2]
269 347 [8]
6 601 [9]
45 572 [4]
6 611 [2]
195 422 [6]
130 482 [5]
57 554 [6]
61 547 [9]
14 595 [8]
19 598 [2]
135 476 [6]
99 518 [6]
302 315 [0]
179 438 [5]
8 610 [8]
22 587 [9]
258 352 [8]
2 607 [9]
251 362 [5]
15 594 [9]
57 559 [8]
127 482 [9]
177 433 [8]
35 583 [2]
37 582 [8]
231 388 [0]
133 484 [2]
231 380 [8]
178 435 [6]
75 542 [2]
292 322 [5]
2 612 [5]
125 495 [6]
46 565 [9]
257 355 [3]
3 608 [9]
139 481 [2]
115 497 [8]
92 519 [2]
299 315 [6]
42 569 [9]
88 524 [8]
168 446 [6]
108 510 [2]
86 535 [2]
54 567 [9]
247 369 [5]
285 336 [0]
44 568 [9]
168 447 [6]
101 520 [6]
1 621 [9]
17 605 [0]
126 490 [6]
280 337 [5]
3 610 [9]
1 622 [9]
81 542 [2]
16 607 [9]
76 539 [8]
61 562 [2]
97 524 [2]
57 564 [2]
286 331 [6]
265 355 [3]
244 371 [8]
160 463 [6]
34 580 [9]
4 614 [5]
202 416 [6]
5 619 [8]
215 409 [8]
5 614 [5]
111 505 [8]
85 537 [2]
292 330 [2]
191 427 [6]
206 412 [6]
242 378 [5]
32 584 [9]
59 566 [0]
229 396 [5]
197 422 [6]
111 506 [8]
300 319 [2]
283 342 [0]
16 600 [9]
186 440 [9]
245 381 [5]
2 624 [0]
94 530 [2]
2 616 [8]
213 405 [8]
47 570 [9]
127 497 [2]
83 535 [8]
12 606 [8]
19 608 [0]
176 451 [8]
29 590 [8]
179 442 [6]
292 329 [6]
21 607 [8]
13 607 [8]
211 411 [8]
194 426 [8]
246 382 [8]
154 472 [2]
193 430 [5]
52 569 [7]
61 560 [8]
13 616 [8]
239 382 [8]
224 403 [2]
44 576 [9]
135 491 [3]
229 392 [6]
79 544 [6]
209 412 [8]
0 621 [9]
7 623 [2]
274 356 [0]
108 522 [9]
12 609 [9]
113 517 [8]
220 410 [6]
292 338 [6]
246 379 [5]
238 388 [5]
211 420 [8]
4 627 [9]
143 480 [8]
6 619 [6]
210 415 [6]
3 626 [2]
84 539 [8]
314 317 [0]
96 533 [2]
26 606 [6]
13 619 [6]
11 621 [2]
232 392 [8]
12 620 [9]
4 626 [2]
197 430 [5]
264 368 [0]
302 330 [0]
145 487 [8]
18 606 [9]
190 442 [6]
191 435 [6]
78 549 [6]
200 433 [6]
22 611 [6]
6 627 [8]
21 603 [9]
243 390 [6]
179 448 [6]
137 488 [8]
214 420 [6]
78 547 [8]
193 439 [2]
267 359 [8]
23 605 [6]
32 593 [9]
99 536 [8]
35 600 [9]
150 477 [8]
108 527 [6]
235 401 [3]
15 621 [9]
145 491 [4]
26 602 [8]
286 350 [5]
0 628 [9]
36 601 [9]
153 476 [8]
30 598 [9]
85 552 [2]
5 633 [8]
259 379 [5]
316 322 [0]
225 407 [6]
65 574 [6]
186 453 [9]
203 436 [0]
179 458 [2]
29 602 [8]
27 603 [8]
185 448 [6]
114 523 [2]
205 435 [6]
36 604 [6]
93 541 [6]
66 574 [8]
30 602 [8]
187 453 [5]
45 589 [6]
247 393 [8]
256 379 [5]
111 530 [9]
63 578 [8]
27 614 [9]
269 364 [8]
16 619 [6]
54 579 [8]
223 413 [6]
3 629 [9]
7 625 [2]
42 591 [8]
247 394 [6]
24 609 [8]
293 348 [0]
299 338 [8]
75 567 [6]
114 526 [8]
141 499 [2]
190 446 [6]
283 353 [6]
153 489 [0]
234 408 [6]
113 521 [8]
252 390 [6]
83 552 [8]
46 597 [9]
156 480 [6]
88 549 [6]
8 626 [2]
178 459 [6]
229 408 [6]
40 595 [8]
188 448 [3]
313 325 [6]
215 421 [8]
235 403 [6]
273 371 [0]
12 623 [9]
41 604 [8]
65 580 [2]
90 555 [0]
222 423 [0]
284 361 [8]
284 356 [6]
322 323 [0]
6 630 [9]
191 448 [6]
11 626 [2]
29 609 [8]
68 569 [9]
107 537 [2]
107 531 [8]
28 609 [9]
42 605 [6]
2 645 [5]
66 575 [6]
312 335 [0]
48 591 [8]
128 513 [6]
45 603 [0]
153 495 [8]
16 623 [9]
93 549 [6]
9 631 [8]
235 414 [6]
105 541 [3]
279 370 [8]
1 641 [7]
212 429 [8]
138 512 [4]
105 545 [8]
2 648 [9]
197 453 [5]
283 367 [6]
6 635 [9]
6 638 [6]
271 380 [6]
21 622 [8]
114 537 [9]
224 425 [2]
293 358 [8]
88 561 [2]
49 596 [6]
309 342 [0]
248 403 [5]
41 601 [9]
303 348 [6]
266 385 [0]
287 362 [2]
7 645 [9]
194 455 [3]
209 443 [0]
233 414 [5]
270 382 [6]
0 643 [9]
252 392 [8]
321 332 [0]
96 557 [6]
37 610 [8]
133 514 [6]
11 640 [2]
275 378 [5]
223 424 [6]
235 418 [8]
289 358 [6]
88 559 [6]
35 609 [9]
303 350 [0]
83 564 [6]
102 543 [8]
141 510 [2]
242 406 [5]
18 627 [8]
14 633 [6]
222 425 [6]
5 641 [8]
21 633 [0]
299 352 [3]
297 357 [0]
52 596 [8]
242 407 [5]
22 624 [8]
106 549 [6]
204 451 [8]
109 538 [8]
246 403 [6]
199 448 [8]
155 501 [8]
246 410 [6]
105 548 [3]
117 537 [2]
183 470 [3]
320 336 [0]
36 621 [8]
307 347 [3]
317 340 [0]
73 584 [2]
135 516 [6]
19 629 [9]
85 564 [8]
249 408 [0]
149 502 [6]
309 348 [0]
323 334 [0]
85 566 [6]
1 657 [0]
101 557 [3]
252 406 [0]
183 467 [8]
19 633 [6]
244 414 [0]
157 495 [6]
185 468 [6]
44 615 [9]
35 615 [9]
196 457 [6]
17 640 [2]
255 404 [0]
299 361 [4]
35 625 [9]
148 506 [6]
110 550 [8]
100 552 [8]
215 437 [8]
127 527 [6]
66 585 [2]
17 638 [6]
221 432 [8]
296 365 [0]
65 588 [8]
226 435 [5]
237 424 [6]
48 607 [6]
84 578 [6]
209 450 [3]
31 631 [8]
159 503 [8]
4 649 [9]
10 645 [7]
101 555 [6]
283 379 [0]
27 626 [9]
322 333 [8]
69 594 [8]
171 484 [8]
190 470 [3]
285 370 [8]
24 631 [8]
53 602 [8]
297 358 [8]
231 431 [1]
2 662 [2]
3 661 [9]
186 476 [2]
144 520 [6]
191 468 [5]
293 365 [6]
229 429 [6]
42 613 [9]
46 610 [8]
9 647 [8]
304 356 [5]
173 492 [6]
141 522 [2]
153 504 [8]
55 601 [9]
68 591 [6]
328 337 [0]
210 449 [6]
189 470 [6]
8 655 [2]
127 539 [8]
43 623 [9]
280 381 [5]
258 408 [0]
266 400 [1]
318 342 [6]
91 575 [3]
99 567 [6]
143 521 [2]
35 622 [9]
233 427 [6]
257 409 [8]
178 485 [3]
79 581 [6]
228 439 [5]
42 625 [0]
8 659 [7]
3 656 [8]
94 567 [6]
78 589 [6]
109 558 [6]
280 387 [6]
39 620 [8]
0 659 [8]
83 578 [6]
100 559 [8]
202 459 [6]
245 417 [5]
28 630 [9]
127 538 [2]
161 500 [6]
262 402 [4]
10 649 [9]
89 573 [6]
33 636 [0]
1 668 [8]
6 663 [9]
77 586 [6]
111 556 [2]
202 464 [3]
135 528 [6]
143 518 [8]
144 519 [6]
240 422 [7]
7 663 [2]
6 664 [9]
316 354 [0]
178 489 [3]
227 438 [5]
113 554 [3]
68 596 [6]
17 653 [8]
311 359 [8]
133 535 [2]
318 353 [0]
212 451 [8]
2 669 [6]
6 657 [9]
23 639 [9]
98 565 [8]
83 582 [6]
248 417 [6]
213 459 [8]
254 418 [6]
51 615 [6]
10 653 [9]
196 471 [6]
97 568 [8]
87 578 [8]
198 469 [6]
332 335 [6]
230 438 [5]
130 535 [8]
297 376 [0]
180 490 [3]
43 631 [9]
4 670 [8]
296 378 [0]
324 350 [6]
200 474 [6]
98 576 [6]
141 525 [8]
70 597 [8]
64 605 [6]
40 626 [8]
166 509 [2]
218 457 [3]
281 388 [6]
234 433 [6]
12 664 [8]
7 669 [8]
313 363 [2]
59 617 [8]
88 588 [6]
198 478 [6]
190 483 [3]
190 478 [3]
76 598 [2]
141 533 [2]
164 504 [8]
116 552 [8]
263 414 [0]
48 621 [8]
41 628 [8]
113 556 [8]
99 570 [8]
22 646 [9]
63 612 [2]
4 665 [8]
133 542 [2]
276 396 [5]
141 531 [6]
24 654 [4]
10 661 [7]
119 553 [6]
16 654 [8]
104 574 [6]
141 537 [2]
150 520 [8]
63 611 [4]
68 602 [8]
36 643 [8]
3 676 [5]
53 618 [8]
253 426 [0]
49 624 [6]
64 615 [0]
227 446 [6]
42 633 [4]
69 602 [8]
84 589 [6]
150 529 [2]
327 344 [3]
261 415 [3]
162 517 [8]
13 658 [9]
1 679 [0]
10 670 [7]
45 635 [8]
86 585 [9]
78 602 [3]
9 665 [6]
83 597 [6]
82 591 [6]
162 510 [8]
196 478 [6]
139 541 [8]
112 562 [6]
198 476 [6]
71 606 [4]
232 449 [0]
222 453 [6]
130 545 [6]
288 393 [0]
269 409 [3]
110 569 [2]
260 415 [4]
45 637 [8]
87 595 [6]
17 659 [6]
64 610 [8]
155 521 [6]
223 459 [1]
135 544 [3]
123 553 [6]
23 660 [8]
312 371 [0]
296 384 [3]
234 443 [6]
334 343 [6]
198 479 [6]
44 630 [9]
187 496 [6]
279 404 [6]
201 482 [6]
295 380 [8]
10 665 [8]
206 471 [6]
18 666 [9]
10 674 [9]
13 662 [9]
245 434 [5]
154 522 [8]
174 510 [8]
266 417 [3]
52 625 [8]
255 430 [0]
232 450 [3]
93 584 [8]
203 474 [8]
76 605 [4]
153 530 [2]
60 617 [8]
284 393 [8]
2 678 [5]
152 527 [6]
139 537 [9]
156 530 [0]
0 686 [7]
58 628 [0]
69 609 [8]
143 543 [2]
103 577 [6]
173 507 [6]
70 610 [6]
239 440 [8]
51 636 [6]
320 367 [0]
282 405 [8]
26 652 [9]
304 378 [5]
47 632 [8]
108 580 [8]
295 393 [0]
300 388 [0]
308 380 [0]
306 382 [0]
26 656 [6]
303 386 [0]
97 586 [6]
57 633 [4]
73 617 [6]
161 529 [6]
168 522 [8]
239 443 [8]
18 664 [8]
44 637 [9]
36 647 [8]
44 647 [8]
236 455 [6]
30 653 [8]
233 452 [6]
246 446 [6]
21 671 [0]
245 441 [6]
108 578 [6]
120 564 [8]
230 462 [5]
265 427 [6]
227 459 [6]
111 575 [6]
180 504 [8]
236 450 [6]
34 650 [8]
91 593 [8]
136 550 [6]
34 649 [9]
341 351 [0]
247 446 [8]
33 660 [0]
94 599 [8]
162 529 [2]
172 521 [8]
237 456 [6]
121 566 [6]
261 426 [6]
2 682 [9]
152 534 [8]
182 504 [8]
56 638 [6]
332 357 [5]
170 516 [8]
29 661 [4]
255 436 [3]
275 414 [5]
247 448 [8]
302 393 [8]
101 591 [3]
116 573 [6]
85 604 [6]
271 421 [3]
53 638 [6]
4 691 [8]
96 599 [6]
269 418 [8]
12 677 [8]
127 560 [8]
193 502 [0]
53 640 [2]
106 582 [8]
123 571 [2]
2 685 [9]
307 388 [1]
2 695 [8]
70 627 [6]
301 396 [0]
231 463 [3]
171 523 [3]
273 424 [0]
52 637 [9]
130 568 [6]
21 677 [6]
310 380 [8]
78 620 [0]
96 602 [6]
131 567 [0]
34 665 [8]
12 679 [8]
18 675 [6]
307 384 [8]
253 443 [3]
178 516 [6]
13 687 [7]
46 652 [2]
98 594 [8]
141 551 [8]
240 460 [0]
331 369 [0]
154 540 [6]
264 433 [3]
195 500 [5]
113 587 [8]
272 428 [0]
6 685 [9]
114 586 [8]
124 576 [8]
194 506 [4]
282 418 [6]
156 540 [4]
18 678 [5]
314 387 [0]
2 699 [9]
270 425 [6]
70 625 [8]
269 431 [1]
0 693 [8]
174 521 [6]
215 478 [8]
109 593 [6]
124 570 [8]
7 694 [7]
28 668 [6]
57 641 [4]
209 490 [3]
265 437 [3]
4 699 [9]
13 690 [9]
31 672 [6]
108 595 [6]
142 561 [0]
159 544 [6]
254 449 [8]
0 695 [7]
277 426 [0]
20 674 [9]
56 648 [8]
155 543 [6]
181 517 [6]
75 621 [8]
291 407 [6]
6 690 [9]
105 600 [3]
146 553 [6]
133 572 [0]
270 429 [6]
323 374 [8]
243 454 [8]
106 600 [8]
21 685 [8]
28 678 [9]
274 424 [8]
329 377 [0]
97 605 [4]
71 629 [6]
101 602 [3]
119 587 [6]
197 503 [6]
139 559 [8]
141 565 [8]
149 551 [6]
163 543 [8]
84 619 [4]
3 704 [8]
328 379 [0]
8 690 [9]
352 355 [0]
317 387 [3]
27 678 [2]
42 657 [8]
84 617 [6]
298 404 [6]
170 532 [6]
25 683 [9]
98 604 [6]
79 623 [6]
301 407 [0]
278 430 [0]
74 626 [8]
254 455 [3]
27 675 [0]
220 481 [6]
306 402 [1]
308 401 [0]
44 657 [8]
313 391 [6]
126 584 [6]
137 571 [2]
10 700 [8]
215 493 [2]
101 605 [4]
316 388 [6]
53 649 [8]
51 653 [6]
198 506 [6]
53 651 [6]
63 639 [8]
0 711 [7]
27 684 [8]
142 569 [2]
143 568 [2]
259 452 [6]
76 636 [6]
313 393 [6]
139 566 [8]
2 711 [8]
43 670 [0]
341 364 [8]
155 558 [8]
161 552 [0]
217 496 [8]
176 531 [6]
48 657 [8]
328 377 [8]
203 502 [8]
290 423 [6]
114 591 [8]
180 534 [3]
217 497 [6]
36 672 [6]
73 641 [4]
4 702 [8]
97 617 [8]
280 434 [6]
97 609 [8]
57 651 [6]
233 475 [6]
12 696 [6]
105 605 [4]
214 501 [6]
2 713 [9]
3 703 [9]
25 682 [8]
104 611 [4]
112 597 [6]
348 359 [8]
93 614 [8]
20 687 [8]
281 434 [0]
58 658 [8]
11 705 [8]
74 642 [6]
263 445 [8]
95 621 [8]
40 670 [6]
59 655 [2]
112 604 [3]
147 569 [9]
153 563 [8]
238 475 [3]
100 617 [6]
2 715 [9]
226 491 [3]
207 507 [3]
56 661 [4]
250 464 [3]
166 551 [8]
318 399 [0]
2 706 [9]
106 603 [8]
267 447 [3]
47 664 [6]
143 566 [8]
349 369 [0]
277 441 [0]
39 679 [8]
267 448 [3]
119 593 [6]
176 542 [2]
196 522 [6]
206 512 [0]
193 519 [6]
21 689 [8]
144 568 [6]
36 677 [6]
97 622 [6]
52 667 [9]
266 453 [0]
333 378 [8]
243 473 [3]
83 633 [3]
26 685 [8]
217 503 [6]
186 534 [8]
264 456 [0]
131 583 [6]
163 554 [3]
273 444 [3]
147 567 [8]
79 638 [3]
96 618 [6]
270 445 [6]
141 574 [6]
3 710 [8]
212 510 [8]
106 616 [0]
191 525 [6]
4 710 [8]
165 551 [6]
2 712 [8]
89 625 [8]
317 397 [8]
281 441 [3]
315 407 [6]
3 720 [9]
215 502 [6]
58 657 [8]
270 453 [6]
83 634 [6]
31 683 [9]
4 711 [8]
280 443 [8]
86 629 [8]
273 450 [7]
115 600 [8]
36 679 [8]
105 615 [3]
81 642 [3]
3 721 [2]
5 719 [8]
284 434 [6]
331 385 [8]
312 411 [4]
49 671 [4]
79 639 [6]
114 604 [6]
294 424 [6]
250 466 [6]
45 675 [4]
329 392 [3]
75 643 [6]
151 574 [3]
174 551 [6]
2 723 [9]
223 496 [6]
54 665 [0]
100 625 [8]
275 444 [6]
345 380 [0]
320 397 [8]
14 703 [8]
321 400 [4]
168 557 [3]
179 546 [3]
199 527 [3]
249 477 [3]
337 389 [0]
21 697 [8]
83 643 [3]
291 435 [8]
175 543 [8]
213 512 [1]
1 717 [8]
167 560 [3]
70 657 [0]
35 684 [8]
220 501 [6]
315 412 [8]
341 386 [0]
360 367 [1]
170 551 [6]
238 490 [3]
184 538 [8]
356 372 [0]
14 706 [8]
281 444 [3]
308 420 [3]
300 428 [3]
29 695 [4]
272 457 [0]
48 681 [8]
331 398 [0]
80 649 [3]
216 513 [3]
101 622 [6]
130 596 [3]
246 480 [3]
293 433 [3]
253 469 [4]
69 656 [6]
248 482 [5]
22 708 [9]
49 681 [8]
40 686 [4]
55 669 [6]
55 666 [9]
96 626 [8]
59 671 [0]
170 557 [3]
221 501 [8]
140 582 [8]
9 722 [8]
74 651 [6]
9 714 [8]
213 510 [8]
6 717 [8]
128 603 [8]
20 703 [8]
220 511 [8]
42 681 [8]
324 407 [0]
10 713 [8]
55 671 [6]
266 466 [3]
2 721 [9]
314 418 [0]
281 448 [3]
183 546 [3]
351 381 [0]
26 700 [6]
227 502 [3]
94 630 [8]
66 660 [6]
255 470 [7]
193 533 [6]
0 724 [8]
281 449 [3]
1 732 [8]
263 467 [3]
171 559 [3]
254 471 [8]
358 375 [0]
34 692 [8]
15 719 [8]
183 545 [6]
337 394 [3]
106 628 [6]
96 632 [6]
246 482 [6]
69 661 [4]
297 429 [8]
244 490 [3]
67 661 [6]
213 515 [6]
6 720 [8]
259 470 [6]
175 560 [0]
200 535 [6]
180 547 [8]
155 577 [3]
329 402 [4]
134 595 [6]
45 691 [6]
0 728 [8]
70 666 [6]
317 416 [3]
199 531 [6]
318 410 [8]
101 632 [3]
183 550 [3]
130 606 [6]
104 624 [8]
238 498 [0]
355 378 [3]
24 706 [8]
128 600 [8]
340 396 [0]
15 713 [8]
264 472 [0]
250 487 [8]
17 720 [8]
64 673 [8]
147 590 [0]
191 546 [3]
50 678 [9]
6 725 [6]
261 473 [3]
89 649 [0]
1 737 [9]
180 555 [3]
12 726 [0]
20 718 [9]
125 613 [8]
262 476 [4]
318 414 [6]
255 481 [3]
188 551 [4]
44 695 [6]
338 400 [1]
74 661 [4]
212 527 [0]
302 437 [3]
2 729 [8]
223 511 [6]
299 441 [3]
289 443 [8]
218 523 [8]
182 553 [6]
58 683 [8]
120 615 [6]
127 606 [8]
100 638 [3]
201 540 [4]
132 601 [8]
11 722 [9]
207 529 [6]
163 579 [3]
215 519 [8]
144 592 [6]
138 598 [6]
298 436 [8]
331 403 [8]
219 520 [3]
36 698 [8]
63 673 [6]
160 583 [0]
60 683 [9]
131 612 [0]
48 687 [8]
362 381 [0]
19 715 [9]
134 610 [0]
210 534 [3]
167 571 [6]
223 518 [6]
2 734 [8]
55 690 [8]
36 709 [0]
115 622 [8]
45 694 [6]
147 598 [2]
351 394 [0]
250 491 [4]
59 680 [8]
172 571 [2]
15 721 [9]
263 482 [8]
357 388 [6]
28 708 [9]
255 483 [4]
303 442 [8]
12 728 [8]
49 697 [6]
44 696 [6]
112 634 [6]
228 518 [3]
351 389 [6]
282 464 [0]
294 446 [6]
41 697 [8]
2 739 [5]
158 580 [8]
373 374 [0]
5 742 [9]
39 708 [2]
357 390 [0]
315 432 [3]
250 497 [3]
64 677 [6]
110 631 [6]
151 590 [6]
55 686 [6]
22 720 [6]
341 407 [6]
119 629 [3]
18 721 [9]
166 582 [6]
170 575 [3]
208 534 [6]
178 570 [6]
341 406 [1]
6 734 [8]
59 681 [8]
2 737 [9]
112 630 [6]
364 380 [4]
70 676 [2]
284 456 [8]
47 702 [0]
163 586 [3]
92 649 [8]
220 529 [6]
12 731 [8]
33 710 [6]
242 507 [6]
0 740 [9]
246 503 [6]
279 470 [3]
283 462 [0]
63 687 [6]
284 466 [8]
27 723 [0]
44 698 [8]
263 484 [3]
154 596 [3]
21 723 [6]
213 534 [3]
262 488 [3]
19 725 [6]
307 436 [8]
372 379 [0]
10 733 [8]
183 565 [3]
281 470 [7]
158 587 [6]
4 739 [9]
114 638 [0]
188 560 [4]
265 484 [3]
26 718 [8]
278 474 [4]
336 408 [8]
321 431 [4]
89 659 [4]
312 441 [3]
30 723 [6]
11 742 [9]
294 459 [6]
46 701 [6]
111 638 [6]
14 733 [8]
223 525 [6]
81 673 [0]
51 703 [0]
25 721 [8]
31 714 [9]
11 735 [8]
359 395 [0]
238 513 [3]
48 699 [8]
262 490 [3]
153 594 [8]
80 675 [3]
224 523 [8]
107 640 [8]
198 554 [3]
12 735 [8]
97 654 [6]
221 535 [6]
242 514 [3]
269 487 [3]
366 390 [0]
199 557 [3]
121 629 [6]
225 527 [4]
255 498 [3]
53 704 [4]
173 581 [3]
98 653 [6]
282 473 [3]
251 501 [6]
95 663 [8]
21 731 [6]
136 614 [8]
18 732 [8]
231 519 [8]
128 622 [8]
202 553 [3]
332 420 [6]
68 686 [4]
4 755 [9]
119 640 [0]
293 463 [3]
251 508 [3]
217 536 [6]
130 623 [6]
197 556 [6]
263 496 [8]
376 381 [5]
235 521 [3]
133 618 [8]
15 736 [8]
59 696 [4]
177 583 [6]
30 730 [0]
33 727 [8]
131 623 [6]
25 729 [6]
4 749 [8]
36 724 [6]
88 669 [3]
127 633 [6]
192 568 [3]
229 527 [4]
339 421 [0]
63 693 [4]
125 629 [6]
201 552 [6]
1 760 [8]
272 489 [1]
257 499 [6]
262 499 [0]
187 568 [6]
70 683 [8]
289 473 [3]
4 758 [9]
235 519 [8]
22 734 [8]
52 710 [8]
328 434 [0]
204 558 [6]
21 735 [0]
313 443 [6]
218 544 [3]
172 591 [8]
52 705 [6]
12 743 [8]
10 745 [8]
164 596 [3]
258 497 [0]
365 398 [0]
153 604 [6]
21 736 [6]
187 570 [6]
201 559 [3]
174 584 [8]
54 710 [0]
310 446 [8]
47 717 [6]
88 676 [8]
24 738 [2]
150 611 [3]
38 720 [6]
108 650 [6]
328 436 [8]
152 606 [6]
144 621 [0]
310 452 [3]
338 426 [8]
158 607 [3]
77 682 [6]
284 481 [0]
7 759 [8]
204 562 [6]
250 510 [6]
187 579 [0]
34 724 [8]
15 743 [8]
208 552 [6]
100 667 [2]
13 746 [8]
88 679 [6]
191 576 [6]
201 566 [3]
191 573 [3]
314 445 [8]
30 731 [6]
130 632 [6]
116 652 [2]
290 478 [3]
362 406 [0]
131 633 [4]
124 641 [3]
348 412 [8]
142 627 [4]
257 512 [1]
241 525 [3]
105 660 [4]
323 444 [3]
3 767 [8]
74 696 [6]
56 706 [8]
35 727 [8]
133 637 [8]
48 714 [8]
227 537 [6]
222 542 [6]
261 507 [3]
68 703 [6]
295 476 [0]
218 550 [3]
175 590 [6]
28 735 [8]
243 525 [3]
111 654 [6]
32 740 [8]
65 701 [6]
380 383 [4]
245 527 [3]
65 707 [6]
189 583 [6]
77 695 [0]
76 688 [8]
116 656 [6]
167 605 [0]
368 404 [0]
208 558 [6]
365 404 [0]
354 410 [8]
269 496 [8]
5 768 [2]
4 761 [8]
338 432 [3]
163 610 [3]
154 613 [8]
274 496 [0]
104 667 [2]
183 584 [6]
189 581 [3]
162 612 [8]
182 584 [8]
81 687 [6]
6 760 [8]
329 445 [0]
280 486 [3]
5 761 [8]
288 486 [4]
176 592 [6]
36 732 [6]
265 501 [3]
244 522 [8]
308 467 [7]
185 587 [3]
233 542 [6]
32 743 [0]
20 749 [6]
279 488 [0]
172 603 [6]
292 483 [0]
297 475 [3]
35 732 [8]
327 449 [0]
46 730 [8]
38 730 [8]
102 674 [6]
119 657 [3]
384 392 [0]
261 509 [6]
80 688 [8]
165 611 [0]
75 702 [6]
254 520 [3]
11 758 [8]
40 737 [8]
363 414 [0]
179 592 [6]
150 621 [6]
352 421 [4]
242 529 [6]
120 654 [3]
126 651 [3]
171 607 [0]
6 772 [8]
229 549 [3]
42 730 [8]
264 514 [0]
366 406 [6]
164 611 [3]
281 494 [3]
106 668 [4]
326 446 [6]
97 677 [4]
381 391 [6]
45 727 [6]
384 386 [8]
126 650 [3]
223 553 [3]
81 698 [6]
354 425 [8]
374 400 [5]
136 637 [6]
4 767 [8]
120 656 [3]
126 654 [0]
38 742 [6]
8 764 [8]
270 504 [6]
172 600 [8]
30 744 [6]
162 618 [6]
328 452 [3]
335 445 [3]
346 434 [0]
65 709 [6]
75 706 [6]
63 718 [8]
113 668 [3]
18 755 [8]
125 656 [0]
82 695 [4]
133 642 [6]
153 628 [6]
376 399 [0]
128 646 [8]
301 481 [3]
245 531 [6]
359 423 [0]
255 524 [3]
155 624 [3]
9 765 [8]
338 441 [3]
301 478 [3]
42 741 [8]
138 645 [4]
28 755 [0]
370 413 [0]
315 464 [4]
323 457 [3]
278 501 [3]
230 547 [6]
380 401 [2]
203 574 [6]
117 666 [0]
373 410 [0]
134 649 [3]
288 495 [4]
71 706 [6]
198 585 [8]
204 577 [3]
320 461 [3]
231 549 [4]
127 657 [8]
205 579 [4]
94 684 [6]
84 692 [8]
101 680 [3]
62 716 [8]
84 696 [4]
1 775 [9]
70 715 [6]
31 754 [8]
82 697 [6]
31 746 [8]
22 755 [8]
365 420 [3]
307 472 [0]
35 751 [9]
375 411 [0]
260 523 [3]
12 766 [8]
246 540 [4]
205 578 [3]
368 415 [4]
18 768 [9]
152 628 [6]
25 761 [6]
213 570 [3]
146 634 [6]
385 400 [1]
391 395 [0]
76 710 [2]
8 769 [9]
0 784 [2]
152 626 [8]
84 697 [6]
296 491 [7]
277 506 [4]
256 523 [3]
274 513 [0]
48 733 [6]
265 519 [3]
124 663 [6]
6 774 [6]
175 606 [6]
256 524 [8]
91 697 [4]
265 515 [0]
373 415 [7]
280 505 [3]
385 403 [0]
36 750 [6]
356 424 [8]
387 401 [0]
306 479 [4]
82 707 [6]
169 612 [8]
352 437 [0]
333 456 [0]
247 539 [3]
118 663 [8]
95 689 [6]
360 426 [0]
75 709 [6]
28 762 [0]
71 713 [6]
199 591 [3]
306 484 [0]
244 543 [3]
82 708 [8]
6 776 [8]
235 553 [3]
128 663 [0]
87 698 [6]
353 438 [0]
103 682 [6]
37 750 [4]
212 575 [4]
266 525 [4]
128 657 [6]
292 499 [5]
302 485 [4]
359 429 [3]
43 739 [9]
288 504 [0]
226 560 [6]
61 725 [6]
140 644 [8]
236 550 [6]
229 556 [8]
315 475 [3]
25 768 [9]
19 774 [8]
78 712 [3]
24 769 [8]
130 660 [3]
53 734 [6]
304 489 [3]
125 662 [6]
122 672 [0]
107 687 [8]
321 473 [3]
147 639 [8]
155 636 [3]
255 532 [4]
5 781 [8]
77 711 [6]
297 497 [3]
342 444 [8]
363 428 [3]
298 488 [3]
339 455 [0]
25 763 [6]
6 780 [8]
207 580 [8]
22 773 [8]
27 768 [9]
124 665 [3]
215 577 [3]
280 515 [8]
29 766 [6]
63 732 [6]
219 572 [4]
390 405 [3]
2 785 [8]
371 424 [4]
63 733 [4]
112 684 [3]
138 658 [3]
12 778 [8]
394 395 [4]
66 724 [6]
183 610 [3]
203 593 [0]
278 515 [3]
283 512 [1]
334 462 [0]
344 444 [8]
216 577 [3]
17 780 [8]
4 793 [0]
20 777 [8]
129 662 [6]
184 610 [3]
106 683 [8]
229 565 [3]
234 560 [3]
152 642 [3]
125 672 [3]
323 466 [8]
181 616 [3]
395 402 [0]
8 781 [8]
269 525 [3]
146 651 [0]
153 641 [3]
40 758 [6]
58 734 [6]
253 542 [8]
354 441 [3]
3 787 [8]
88 707 [3]
118 680 [6]
25 765 [8]
241 554 [3]
75 717 [6]
309 486 [3]
281 513 [4]
156 639 [3]
127 663 [8]
253 546 [7]
112 687 [3]
53 742 [6]
289 507 [3]
278 514 [7]
363 430 [6]
255 544 [4]
87 706 [6]
348 449 [3]
156 644 [3]
62 732 [6]
129 668 [3]
124 673 [6]
17 775 [9]
160 634 [6]
161 639 [3]
4 789 [8]
173 627 [0]
151 643 [6]
1 791 [8]
17 776 [8]
12 789 [6]
181 620 [6]
222 579 [1]
345 453 [3]
11 783 [8]
239 562 [3]
38 757 [6]
95 700 [6]
218 579 [4]
261 540 [4]
1 792 [8]
361 440 [0]
180 613 [0]
347 454 [0]
229 570 [3]
26 776 [8]
174 628 [3]
234 565 [3]
102 692 [0]
251 548 [3]
190 612 [6]
266 533 [3]
195 607 [3]
51 748 [3]
231 568 [3]
368 432 [3]
62 741 [9]
229 574 [4]
77 720 [6]
275 528 [8]
45 754 [6]
288 514 [1]
144 660 [3]
8 796 [2]
66 738 [9]
68 736 [6]
23 774 [8]
131 670 [3]
111 693 [4]
43 753 [8]
21 775 [8]
330 468 [6]
354 442 [8]
312 488 [4]
387 417 [8]
294 511 [8]
36 769 [0]
399 402 [4]
276 523 [6]
252 549 [4]
278 520 [4]
12 784 [9]
313 493 [6]
257 549 [4]
372 434 [6]
134 666 [6]
302 504 [3]
186 616 [4]
152 648 [6]
213 589 [4]
399 400 [1]
261 545 [3]
92 715 [0]
240 566 [1]
223 584 [0]
372 432 [3]
260 545 [3]
9 799 [6]
64 744 [6]
65 743 [6]
247 555 [6]
18 782 [8]
206 599 [3]
70 734 [6]
70 732 [6]
372 430 [6]
229 580 [8]
386 423 [8]
14 789 [6]
32 768 [9]
329 472 [8]
258 552 [6]
397 413 [0]
162 645 [3]
37 765 [8]
72 738 [9]
387 420 [3]
229 577 [4]
260 543 [4]
96 714 [6]
287 517 [6]
226 581 [3]
9 795 [6]
56 748 [6]
359 451 [4]
21 790 [0]
187 624 [3]
96 709 [6]
211 597 [3]
364 447 [0]
223 582 [6]
144 664 [3]
132 675 [4]
73 733 [6]
62 744 [0]
164 640 [8]
70 736 [6]
148 658 [6]
133 675 [4]
42 768 [2]
389 421 [3]
67 746 [8]
84 729 [3]
376 437 [3]
301 505 [7]
26 781 [6]
64 750 [4]
190 624 [3]
66 740 [8]
27 779 [8]
225 589 [4]
397 417 [0]
346 468 [0]
209 602 [3]
358 456 [0]
121 687 [6]
314 499 [1]
49 766 [4]
43 772 [7]
113 702 [3]
170 642 [3]
117 698 [6]
26 783 [6]
378 437 [3]
185 627 [3]
364 451 [4]
301 514 [4]
314 502 [4]
298 518 [3]
16 798 [2]
330 483 [3]
404 406 [6]
216 594 [6]
210 601 [6]
188 629 [0]
70 747 [6]
340 470 [4]
241 573 [3]
208 603 [6]
324 493 [0]
401 416 [0]
123 694 [6]
43 766 [8]
126 685 [6]
245 572 [3]
269 548 [4]
41 769 [8]
217 595 [6]
240 577 [1]
331 483 [4]
314 505 [4]
21 798 [9]
48 771 [6]
201 615 [3]
304 515 [6]
120 696 [3]
267 548 [4]
199 617 [3]
382 434 [3]
105 715 [3]
42 772 [6]
338 475 [4]
274 543 [3]
20 794 [8]
363 458 [0]
97 720 [4]
28 787 [6]
92 721 [8]
169 646 [6]
158 660 [3]
322 500 [0]
56 766 [6]
358 457 [7]
312 510 [3]
191 628 [3]
386 430 [6]
161 658 [3]
375 440 [7]
100 716 [6]
122 697 [3]
41 782 [0]
267 556 [3]
230 590 [3]
56 767 [0]
76 747 [6]
117 706 [8]
397 426 [3]
389 434 [0]
272 546 [5]
326 497 [8]
300 515 [8]
176 647 [0]
120 700 [3]
290 531 [3]
150 674 [6]
75 743 [6]
179 641 [4]
204 620 [3]
397 424 [3]
76 740 [8]
387 438 [0]
159 666 [6]
162 663 [8]
139 680 [6]
165 652 [8]
85 738 [2]
203 614 [8]
284 541 [4]
218 608 [3]
391 435 [0]
170 653 [3]
37 783 [6]
182 641 [3]
278 544 [4]
172 655 [8]
81 746 [6]
245 576 [6]
98 729 [4]
26 795 [6]
252 575 [7]
59 762 [6]
60 761 [6]
328 493 [6]
234 590 [3]
293 531 [3]
192 632 [3]
208 620 [3]
97 731 [4]
120 705 [3]
30 792 [6]
342 486 [8]
307 518 [3]
24 796 [8]
149 673 [6]
169 656 [3]
201 625 [3]
209 616 [4]
22 799 [8]
284 545 [3]
411 418 [0]
301 528 [3]
220 606 [3]
326 495 [3]
145 681 [3]
261 565 [3]
174 649 [6]
38 792 [6]
377 453 [0]
401 422 [7]
56 770 [4]
102 722 [6]
251 575 [4]
286 540 [4]
66 756 [8]
236 588 [6]
171 660 [4]
144 687 [6]
159 669 [3]
46 777 [8]
163 662 [6]
282 546 [3]
36 789 [6]
292 539 [0]
169 659 [3]
361 470 [7]
148 676 [8]
394 438 [3]
249 579 [4]
315 509 [8]
410 414 [8]
41 791 [6]
276 550 [6]
356 473 [0]
187 641 [4]
401 432 [3]
176 654 [3]
118 709 [6]
201 632 [4]
254 579 [3]
410 423 [0]
95 732 [6]
59 770 [4]
139 695 [4]
159 667 [8]
161 667 [6]
120 711 [3]
119 712 [3]
288 547 [0]
90 745 [0]
400 433 [2]
408 427 [0]
42 787 [6]
221 608 [6]
392 443 [0]
162 670 [3]
123 713 [0]
140 696 [3]
173 663 [3]
49 779 [8]
85 748 [3]
40 790 [6]
336 497 [3]
72 758 [6]
372 456 [8]
45 785 [6]
260 575 [1]
88 745 [3]
114 723 [0]
261 576 [3]
293 544 [3]
194 636 [7]
236 595 [6]
77 754 [6]
159 675 [3]
46 786 [6]
206 632 [6]
376 462 [0]
352 485 [1]
33 799 [6]
115 717 [6]
109 726 [3]
106 728 [6]
243 596 [7]
66 773 [6]
145 694 [4]
150 686 [3]
368 464 [7]
136 700 [3]
175 664 [6]
407 431 [1]
90 740 [9]
62 770 [0]
147 693 [4]
139 701 [6]
180 656 [4]
307 533 [8]
167 667 [6]
378 462 [0]
73 761 [6]
343 495 [3]
118 719 [6]
269 572 [4]
43 790 [8]
277 560 [7]
407 426 [8]
49 786 [6]
183 652 [6]
137 698 [6]
333 509 [0]
110 726 [6]
186 650 [6]
406 429 [8]
239 604 [4]
353 487 [3]
298 545 [4]
397 438 [8]
280 555 [8]
231 608 [4]
363 477 [3]
91 746 [6]
132 707 [6]
57 787 [0]
196 648 [0]
268 576 [8]
310 534 [3]
335 509 [0]
240 600 [0]
211 631 [3]
200 645 [3]
211 634 [4]
205 637 [3]
123 719 [3]
316 526 [3]
107 734 [6]
88 751 [6]
414 428 [3]
367 479 [4]
146 700 [3]
97 745 [4]
194 651 [1]
392 454 [4]
246 596 [4]
405 441 [0]
409 434 [4]
416 431 [5]
249 595 [3]
289 558 [3]
294 553 [0]
254 589 [4]
184 658 [6]
59 789 [6]
198 644 [6]
334 511 [3]
386 462 [6]
349 499 [0]
415 433 [0]
351 495 [3]
139 710 [8]
284 565 [3]
350 499 [6]
171 674 [4]
143 700 [6]
406 440 [3]
371 478 [4]
335 512 [5]
54 796 [9]
244 606 [0]
279 571 [8]
195 649 [6]
91 751 [8]
134 713 [3]
311 536 [3]
55 788 [8]
52 799 [8]
178 669 [4]
338 513 [4]
322 526 [3]
304 544 [3]
389 459 [3]
344 505 [3]
58 788 [6]
54 792 [6]
170 682 [0]
213 639 [3]
186 660 [6]
198 651 [3]
210 638 [4]
370 482 [0]
316 537 [0]
358 488 [0]
230 623 [6]
157 690 [6]
243 610 [3]
93 757 [3]
121 726 [6]
258 596 [0]
272 582 [1]
194 659 [1]
187 664 [3]
178 673 [3]
395 460 [0]
232 623 [3]
203 644 [8]
296 556 [3]
216 636 [3]
202 650 [3]
322 533 [8]
377 471 [4]
325 530 [0]
215 634 [6]
394 461 [0]
154 702 [3]
329 527 [0]
129 721 [6]
74 776 [6]
244 608 [4]
272 583 [1]
64 784 [8]
367 490 [3]
281 576 [0]
145 712 [4]
99 758 [3]
296 554 [7]
412 445 [3]
75 776 [6]
289 565 [3]
291 567 [4]
192 663 [3]
382 476 [0]
78 777 [3]
105 749 [4]
426 431 [1]
89 763 [6]
72 781 [6]
145 714 [4]
336 523 [3]
82 771 [6]
78 778 [3]
274 585 [3]
164 689 [6]
424 435 [0]
350 510 [0]
167 693 [1]
131 729 [4]
174 686 [3]
61 793 [6]
258 599 [3]
112 745 [3]
301 556 [3]
360 500 [0]
187 669 [4]
397 457 [7]
167 688 [6]
213 640 [3]
350 508 [4]
103 759 [3]
103 753 [6]
362 497 [3]
334 528 [0]
223 636 [3]
405 458 [3]
104 759 [4]
105 758 [4]
184 673 [6]
181 682 [6]
339 520 [0]
318 537 [8]
243 616 [4]
423 433 [7]
83 781 [3]
96 768 [8]
390 471 [3]
127 737 [8]
189 672 [3]
160 702 [3]
87 778 [4]
217 645 [3]
198 667 [0]
242 619 [4]
256 609 [3]
247 612 [6]
307 554 [4]
288 577 [1]
71 795 [6]
83 780 [3]
170 693 [3]
392 474 [4]
160 704 [3]
73 794 [6]
353 511 [3]
399 468 [0]
240 623 [0]
162 699 [6]
304 560 [3]
79 786 [3]
107 755 [6]
164 701 [3]
399 469 [7]
115 747 [6]
338 530 [0]
344 516 [8]
179 683 [6]
82 787 [6]
122 747 [3]
169 700 [3]
189 680 [3]
328 538 [3]
372 494 [3]
167 699 [3]
295 574 [4]
424 446 [4]
434 436 [0]
205 662 [3]
263 600 [7]
250 616 [4]
300 566 [4]
138 733 [4]
133 738 [2]
89 776 [6]
336 532 [3]
405 459 [7]
73 799 [6]
93 779 [6]
227 645 [4]
207 661 [4]
269 600 [3]
356 516 [6]
370 502 [4]
111 753 [8]
121 746 [6]
250 619 [4]
91 778 [4]
81 784 [8]
203 664 [6]
345 528 [0]
381 484 [0]
411 455 [7]
344 526 [3]
273 593 [7]
409 465 [0]
305 569 [0]
79 792 [3]
174 697 [3]
82 784 [8]
112 756 [6]
114 761 [6]
191 684 [3]
383 492 [0]
132 744 [6]
137 736 [3]
80 793 [3]
127 741 [8]
387 486 [3]
105 772 [3]
117 760 [3]
140 737 [6]
390 484 [3]
194 679 [4]
201 672 [4]
163 708 [6]
226 651 [3]
203 671 [3]
354 515 [8]
168 705 [4]
292 586 [3]
117 755 [6]
218 660 [4]
166 706 [6]
82 790 [6]
276 602 [3]
318 560 [4]
307 567 [4]
200 675 [3]
335 536 [7]
133 746 [0]
321 552 [6]
289 586 [3]
298 577 [4]
419 456 [4]
342 529 [8]
148 728 [3]
269 606 [4]
82 791 [6]
120 760 [3]
103 774 [3]
396 481 [3]
299 578 [4]
98 780 [3]
390 488 [3]
220 658 [3]
270 608 [3]
167 708 [6]
205 673 [3]
173 705 [4]
171 708 [3]
150 729 [3]
164 719 [3]
249 634 [0]
409 474 [0]
237 642 [4]
369 511 [3]
296 588 [4]
143 741 [8]
129 752 [3]
419 461 [1]
438 443 [3]
165 716 [3]
278 605 [1]
145 735 [4]
229 653 [3]
198 684 [3]
214 668 [3]
157 729 [3]
237 645 [4]
233 653 [3]
92 788 [6]
243 640 [3]
363 521 [3]
131 753 [3]
268 619 [0]
370 513 [4]
108 773 [6]
237 647 [3]
255 633 [1]
228 657 [3]
121 764 [3]
172 710 [6]
96 793 [3]
184 705 [0]
239 647 [3]
170 716 [3]
188 694 [7]
428 458 [3]
188 698 [4]
309 577 [4]
119 771 [3]
314 575 [1]
319 568 [3]
295 592 [3]
361 525 [4]
257 630 [3]
116 771 [3]
169 722 [6]
336 554 [1]
156 731 [4]
162 730 [6]
285 603 [4]
352 539 [1]
345 546 [1]
434 455 [3]
308 585 [4]
313 580 [6]
157 733 [3]
415 478 [0]
99 788 [6]
208 686 [4]
285 609 [3]
167 720 [3]
147 739 [8]
203 685 [6]
130 761 [3]
304 587 [3]
202 693 [1]
268 621 [6]
230 661 [4]
125 771 [3]
138 758 [3]
179 717 [4]
431 460 [5]
126 771 [3]
322 575 [7]
149 748 [3]
439 458 [0]
251 646 [3]
320 573 [7]
318 571 [8]
152 742 [3]
348 549 [4]
394 504 [0]
313 582 [3]
197 701 [3]
203 695 [3]
222 673 [3]
377 521 [4]
204 695 [4]
259 640 [6]
272 627 [5]
423 469 [7]
387 505 [0]
183 712 [4]
224 672 [3]
215 676 [8]
153 739 [8]
384 516 [0]
103 797 [3]
336 564 [3]
209 687 [4]
387 513 [0]
266 627 [7]
163 734 [3]
449 451 [0]
266 630 [4]
404 489 [7]
411 490 [7]
438 463 [4]
332 563 [6]
155 743 [3]
114 781 [6]
269 628 [4]
374 528 [3]
430 469 [0]
260 642 [7]
218 680 [4]
301 597 [4]
433 469 [0]
237 662 [3]
108 795 [4]
297 606 [4]
393 510 [0]
104 795 [6]
253 643 [7]
135 764 [4]
313 588 [3]
149 755 [3]
284 620 [3]
330 574 [4]
172 728 [0]
335 562 [7]
172 726 [6]
265 640 [3]
391 507 [7]
200 705 [4]
191 708 [6]
212 693 [1]
312 593 [7]
245 657 [3]
357 548 [4]
253 653 [7]
290 616 [1]
334 572 [4]
241 661 [4]
134 769 [3]
173 730 [3]
257 645 [4]
142 765 [3]
319 588 [3]
175 729 [3]
386 518 [3]
339 564 [0]
168 737 [3]
171 737 [3]
412 496 [0]
182 723 [3]
258 650 [3]
440 468 [3]
141 761 [6]
443 466 [0]
188 720 [7]
337 572 [7]
150 753 [6]
288 616 [5]
355 547 [7]
249 659 [1]
140 770 [0]
224 680 [6]
300 611 [1]
421 490 [0]
202 705 [4]
134 774 [3]
175 736 [3]
187 724 [3]
232 679 [0]
252 659 [1]
416 492 [3]
267 644 [4]
433 475 [4]
140 772 [6]
442 462 [8]
302 606 [4]
451 458 [3]
177 735 [3]
453 456 [3]
365 540 [4]
192 716 [4]
446 466 [0]
218 695 [1]
319 594 [0]
323 586 [4]
278 628 [7]
282 628 [3]
238 671 [4]
117 790 [6]
232 682 [4]
140 774 [3]
252 658 [4]
226 682 [6]
277 637 [7]
126 785 [3]
333 581 [1]
238 672 [4]
286 625 [3]
167 744 [3]
367 547 [0]
221 687 [6]
141 774 [0]
249 666 [4]
260 655 [3]
348 564 [3]
194 722 [0]
153 763 [3]
265 647 [4]
134 782 [3]
430 479 [4]
324 592 [0]
193 720 [3]
151 763 [3]
192 725 [1]
262 652 [3]
346 567 [4]
427 489 [1]
400 508 [9]
243 670 [4]
454 456 [0]
268 650 [6]
437 481 [0]
447 468 [3]
137 775 [6]
246 668 [4]
390 525 [3]
363 547 [8]
262 657 [4]
298 621 [0]
151 762 [6]
132 779 [6]
164 752 [3]
345 573 [1]
337 578 [4]
353 559 [4]
278 642 [1]
309 611 [1]
289 627 [4]
130 787 [3]
163 758 [4]
413 508 [7]
429 492 [0]
392 525 [4]
308 612 [7]
227 691 [3]
361 556 [4]
390 527 [4]
314 600 [4]
145 777 [4]
301 621 [7]
384 538 [4]
137 779 [6]
450 472 [7]
120 799 [3]
257 662 [3]
457 465 [0]
149 770 [3]
161 762 [3]
311 612 [0]
438 485 [7]
232 692 [7]
128 796 [0]
176 745 [3]
146 778 [3]
442 482 [0]
356 565 [3]
147 777 [6]
398 526 [3]
238 686 [4]
286 638 [4]
222 703 [4]
189 736 [3]
239 686 [7]
292 633 [4]
231 690 [4]
332 594 [3]
342 584 [3]
367 556 [3]
331 592 [3]
166 761 [3]
366 561 [0]
440 487 [0]
165 756 [6]
165 759 [3]
290 634 [3]
160 764 [3]
192 732 [4]
405 523 [7]
412 516 [0]
310 615 [3]
421 506 [1]
319 606 [3]
126 796 [6]
154 771 [3]
240 687 [1]
312 616 [1]
130 799 [3]
334 592 [3]
132 797 [4]
405 524 [0]
423 506 [7]
298 627 [4]
159 767 [3]
282 644 [3]
376 549 [4]
396 534 [4]
383 547 [0]
219 708 [3]
369 554 [7]
205 722 [3]
283 647 [0]
373 553 [4]
264 667 [3]
267 664 [4]
243 685 [3]
269 661 [1]
364 564 [4]
372 552 [3]
380 548 [7]
186 742 [0]
184 746 [3]
184 749 [0]
263 670 [7]
372 558 [3]
329 600 [4]
317 613 [3]
164 766 [3]
291 639 [3]
384 549 [1]
443 489 [1]
156 775 [3]
319 615 [3]
393 541 [1]
359 574 [1]
369 562 [3]
356 574 [4]
312 618 [4]
181 750 [3]
232 703 [0]
151 784 [8]
275 656 [4]
148 787 [3]
171 764 [4]
195 737 [3]
192 741 [3]
275 661 [4]
458 478 [3]
311 621 [4]
190 742 [4]
327 608 [1]
330 605 [1]
289 640 [3]
279 655 [3]
145 788 [4]
408 529 [0]
436 501 [0]
387 542 [8]
244 694 [1]
173 765 [3]
325 613 [4]
366 568 [4]
393 538 [7]
439 499 [6]
444 494 [0]
265 672 [7]
163 772 [3]
191 744 [3]
452 486 [0]
314 617 [7]
441 498 [0]
378 561 [0]
430 502 [4]
310 626 [3]
294 641 [4]
462 473 [4]
425 515 [0]
144 796 [6]
149 788 [3]
403 537 [0]
256 684 [4]
394 546 [1]
215 726 [5]
250 691 [0]
220 717 [4]
341 601 [3]
415 527 [5]
420 522 [0]
153 786 [3]
429 512 [1]
141 799 [0]
463 480 [0]
200 744 [4]
385 559 [7]
180 760 [4]
207 733 [4]
150 788 [6]
233 707 [4]
326 619 [4]
374 571 [0]
445 500 [0]
173 769 [3]
283 658 [4]
293 648 [4]
141 796 [8]
347 598 [0]
395 547 [3]
143 797 [6]
255 684 [7]
152 788 [6]
401 538 [7]
163 780 [3]
240 701 [5]
312 630 [4]
176 765 [6]
321 626 [6]
253 694 [1]
216 728 [3]
158 786 [3]
163 781 [3]
305 641 [1]
156 787 [4]
236 712 [4]
410 538 [0]
159 786 [3]
144 798 [6]
426 519 [3]
186 763 [6]
204 739 [6]
471 478 [0]
227 723 [3]
232 718 [4]
416 534 [7]
168 779 [3]
466 480 [4]
419 531 [0]
275 673 [3]
352 599 [0]
197 750 [4]
434 513 [4]
456 495 [7]
418 533 [0]
333 619 [5]
164 782 [6]
439 512 [1]
311 642 [7]
334 619 [1]
156 793 [4]
464 482 [7]
395 557 [1]
179 768 [6]
364 589 [1]
459 495 [0]
354 601 [3]
425 530 [3]
427 528 [0]
225 726 [4]
205 746 [4]
382 572 [1]
315 636 [4]
459 497 [0]
219 733 [4]
446 511 [0]
182 772 [3]
205 748 [4]
271 683 [3]
171 782 [4]
263 693 [1]
268 686 [3]
285 665 [7]
161 792 [4]
215 737 [6]
287 671 [4]
447 511 [0]
167 787 [4]
229 725 [4]
379 571 [8]
250 704 [4]
301 656 [1]
425 533 [0]
417 542 [0]
469 490 [0]
230 726 [3]
204 752 [3]
445 515 [9]
208 748 [4]
471 482 [7]
250 711 [0]
309 652 [3]
455 506 [1]
235 725 [1]
416 538 [7]
274 686 [1]
198 757 [3]
293 665 [4]
328 635 [4]
430 526 [7]
468 492 [3]
439 521 [3]
180 784 [8]
460 504 [0]
429 535 [0]
164 797 [3]
319 643 [3]
295 670 [4]
423 538 [3]
354 611 [1]
405 560 [1]
472 493 [0]
306 654 [5]
249 717 [1]
375 591 [1]
210 753 [3]
282 680 [3]
318 644 [4]
342 625 [3]
204 763 [0]
422 545 [0]
243 724 [7]
320 647 [4]
478 482 [7]
437 530 [4]
366 597 [4]
398 561 [8]
201 762 [4]
276 688 [3]
451 516 [7]
248 716 [3]
206 758 [3]
355 613 [0]
391 577 [7]
208 759 [4]
312 649 [7]
259 706 [3]
327 636 [5]
342 624 [3]
240 724 [5]
204 765 [3]
167 799 [3]
201 765 [3]
325 644 [4]
224 742 [3]
343 627 [4]
373 597 [0]
301 668 [1]
282 689 [3]
253 718 [7]
259 709 [3]
385 586 [7]
220 747 [4]
329 641 [1]
342 626 [3]
221 747 [3]
322 650 [4]
475 497 [0]
304 664 [4]
190 779 [3]
329 636 [7]
464 501 [7]
243 726 [4]
326 647 [3]
342 631 [4]
329 637 [7]
260 706 [7]
297 674 [4]
439 531 [4]
361 614 [0]
326 649 [6]
371 600 [4]
238 733 [4]
243 728 [4]
376 599 [4]
404 572 [1]
182 791 [3]
450 526 [0]
343 633 [1]
371 605 [5]
335 642 [1]
365 611 [1]
448 529 [0]
302 667 [8]
344 629 [4]
273 698 [7]
255 723 [1]
281 696 [1]
198 777 [3]
294 678 [6]
397 574 [7]
221 754 [3]
422 556 [0]
396 580 [3]
368 604 [7]
256 719 [4]
218 757 [4]
368 612 [4]
441 539 [7]
204 773 [3]
440 533 [7]
286 690 [4]
289 692 [3]
456 525 [7]
369 608 [4]
205 773 [3]
194 784 [4]
326 651 [4]
290 687 [4]
475 507 [0]
274 701 [7]
376 602 [4]
338 637 [4]
391 587 [4]
229 749 [4]
399 577 [7]
448 535 [0]
327 656 [5]
375 607 [1]
438 537 [8]
373 611 [1]
349 631 [4]
389 591 [4]
192 788 [4]
219 766 [4]
408 577 [7]
463 522 [1]
292 690 [3]
263 718 [4]
265 713 [7]
219 767 [7]
208 775 [3]
311 668 [7]
270 716 [4]
263 716 [7]
347 639 [7]
488 498 [0]
372 610 [4]
316 667 [3]
285 702 [7]
364 623 [4]
390 597 [4]
448 539 [7]
231 752 [4]
464 522 [1]
239 749 [4]
190 798 [8]
241 743 [4]
284 700 [4]
490 498 [7]
308 679 [1]
297 691 [7]
210 775 [3]
385 603 [0]
392 596 [5]
283 704 [1]
196 793 [4]
246 740 [3]
467 523 [0]
219 768 [3]
272 713 [5]
404 579 [7]
461 530 [0]
276 711 [4]
193 799 [3]
454 538 [0]
423 561 [8]
295 696 [1]
296 692 [4]
229 759 [4]
308 685 [7]
415 573 [5]
253 733 [7]
474 514 [5]
262 727 [4]
269 725 [7]
240 754 [5]
362 632 [4]
429 565 [0]
472 522 [3]
478 509 [7]
358 629 [7]
302 693 [7]
209 786 [0]
362 629 [4]
460 528 [7]
470 525 [0]
356 640 [8]
243 749 [4]
220 773 [3]
222 775 [3]
355 642 [1]
411 582 [4]
247 751 [6]
230 764 [4]
263 728 [7]
387 604 [7]
216 783 [4]
434 565 [0]
246 749 [4]
289 706 [4]
396 599 [4]
224 776 [6]
418 582 [0]
450 550 [0]
298 698 [4]
477 523 [0]
218 778 [4]
290 711 [0]
310 687 [4]
391 603 [7]
197 798 [6]
452 542 [0]
372 630 [4]
419 583 [0]
312 683 [7]
214 789 [4]
265 738 [3]
320 683 [4]
430 573 [0]
467 536 [0]
439 560 [4]
397 605 [1]
315 689 [0]
398 607 [4]
464 541 [0]
249 752 [4]
239 762 [4]
244 762 [7]
378 628 [0]
418 588 [7]
462 540 [4]
303 699 [4]
481 521 [4]
471 528 [7]
239 765 [3]
433 570 [4]
492 511 [7]
316 688 [3]
439 569 [0]
473 535 [4]
238 770 [4]
348 660 [0]
302 705 [1]
422 586 [1]
345 661 [5]
338 663 [4]
268 741 [0]
439 566 [4]
466 539 [7]
308 696 [5]
325 685 [7]
481 529 [7]
228 779 [3]
223 783 [4]
289 722 [3]
499 512 [1]
301 703 [7]
412 595 [7]
343 669 [1]
245 764 [3]
294 719 [3]
222 791 [4]
219 794 [4]
497 509 [7]
254 759 [4]
235 774 [4]
442 571 [0]
319 695 [0]
284 730 [4]
485 529 [7]
501 513 [7]
427 586 [1]
255 752 [7]
336 679 [4]
367 648 [4]
434 581 [7]
496 519 [0]
321 691 [3]
501 510 [4]
368 648 [0]
501 515 [0]
319 693 [4]
287 725 [4]
249 763 [4]
378 638 [7]
477 539 [1]
315 698 [4]
483 534 [0]
363 650 [4]
455 563 [0]
469 548 [1]
264 747 [7]
291 728 [4]
309 710 [4]
273 745 [1]
300 715 [4]
352 668 [5]
361 659 [5]
261 756 [3]
383 636 [1]
296 723 [7]
237 784 [3]
276 745 [4]
417 604 [1]
440 581 [1]
450 571 [7]
278 736 [7]
257 765 [3]
417 605 [1]
423 595 [4]
384 633 [5]
267 756 [4]
389 634 [4]
404 619 [1]
481 541 [1]
424 595 [4]
484 540 [5]
247 777 [3]
447 577 [1]
389 631 [4]
386 635 [3]
465 554 [5]
274 746 [4]
293 727 [4]
278 747 [7]
301 724 [1]
433 591 [1]
493 525 [4]
413 613 [4]
440 582 [4]
251 776 [4]
277 750 [7]
441 586 [0]
256 770 [1]
329 699 [4]
500 521 [7]
282 738 [6]
257 772 [4]
350 679 [4]
421 608 [1]
351 674 [4]
317 713 [7]
423 608 [7]
422 604 [5]
287 741 [3]
260 770 [1]
284 748 [4]
356 676 [3]
475 557 [5]
502 530 [7]
238 790 [4]
280 748 [4]
510 522 [0]
468 562 [3]
461 569 [3]
472 554 [7]
372 654 [7]
317 717 [7]
273 760 [1]
299 728 [7]
377 656 [1]
451 584 [0]
463 572 [5]
489 546 [0]
337 698 [0]
467 567 [1]
399 632 [4]
365 666 [4]
365 669 [1]
448 583 [4]
494 541 [1]
418 617 [1]
361 674 [1]
246 791 [4]
333 704 [5]
462 575 [7]
481 556 [0]
417 619 [1]
243 790 [4]
271 767 [4]
350 688 [3]
396 642 [7]
503 535 [4]
449 588 [1]
302 737 [3]
393 646 [7]
387 648 [4]
505 534 [0]
423 611 [1]
364 676 [0]
504 529 [7]
295 746 [4]
473 568 [0]
486 555 [0]
455 581 [5]
288 754 [5]
375 667 [3]
472 566 [4]
298 741 [4]
355 688 [4]
467 576 [4]
339 703 [1]
385 655 [4]
373 666 [4]
323 721 [4]
438 605 [1]
259 782 [3]
455 588 [1]
255 790 [1]
423 618 [4]
245 797 [3]
418 623 [4]
337 707 [1]
427 617 [1]
312 732 [1]
341 701 [4]
463 583 [0]
398 644 [4]
313 730 [3]
523 524 [7]
288 759 [1]
515 525 [4]
319 724 [4]
264 776 [7]
275 773 [4]
277 771 [7]
470 571 [4]
368 680 [1]
384 659 [5]
411 637 [7]
335 712 [1]
430 618 [4]
413 636 [1]
514 535 [1]
501 544 [4]
465 583 [1]
376 672 [7]
379 669 [1]
319 731 [4]
507 543 [0]
402 648 [0]
256 790 [4]
481 565 [4]
496 555 [7]
408 639 [4]
425 622 [4]
469 577 [5]
327 719 [5]
513 539 [0]
482 561 [8]
270 779 [3]
499 550 [3]
517 536 [0]
370 677 [1]
468 579 [7]
259 796 [6]
508 547 [1]
379 673 [4]
444 612 [0]
352 700 [5]
339 719 [2]
449 609 [7]
526 532 [0]
461 593 [4]
482 575 [1]
267 792 [0]
361 698 [1]
454 605 [5]
506 553 [0]
474 585 [0]
376 679 [4]
281 778 [7]
326 731 [4]
437 619 [5]
374 686 [1]
366 691 [4]
260 798 [3]
291 766 [4]
439 618 [4]
287 775 [3]
346 716 [7]
411 650 [1]
396 659 [7]
283 775 [4]
390 665 [7]
412 651 [5]
346 710 [7]
377 679 [7]
314 748 [1]
473 590 [0]
276 784 [3]
471 593 [0]
302 762 [0]
317 746 [7]
472 588 [4]
477 586 [1]
484 580 [0]
335 728 [1]
509 548 [7]
386 677 [1]
324 741 [4]
330 735 [0]
374 691 [7]
495 570 [0]
382 676 [7]
269 797 [7]
422 644 [4]
453 613 [0]
305 754 [7]
413 654 [1]
296 770 [1]
473 589 [5]
343 723 [1]
448 612 [7]
488 580 [0]
421 645 [5]
308 761 [1]
471 594 [4]
347 717 [5]
368 694 [7]
458 608 [4]
332 735 [3]
394 671 [5]
409 662 [1]
523 544 [1]
282 785 [4]
519 552 [0]
461 605 [5]
368 704 [1]
517 555 [0]
350 718 [4]
419 650 [5]
370 705 [1]
405 670 [1]
422 653 [4]
288 786 [1]
341 735 [4]
529 546 [1]
456 613 [7]
363 712 [1]
399 670 [7]
326 751 [3]
509 568 [7]
523 554 [5]
441 632 [1]
456 614 [7]
533 545 [7]
408 663 [7]
307 767 [4]
524 547 [7]
354 725 [1]
537 542 [0]
489 585 [5]
374 704 [1]
326 750 [4]
358 715 [7]
329 750 [1]
352 727 [1]
386 695 [7]
392 689 [1]
460 620 [1]
401 681 [4]
528 554 [1]
532 550 [4]
284 794 [4]
377 706 [1]
353 730 [1]
484 599 [1]
418 664 [1]
337 745 [1]
521 562 [0]
424 652 [0]
493 587 [4]
289 791 [4]
481 604 [5]
487 598 [0]
291 793 [1]
483 598 [4]
347 737 [1]
297 787 [7]
323 763 [7]
377 702 [7]
410 675 [1]
521 565 [0]
523 559 [4]
524 563 [0]
432 655 [0]
308 774 [1]
292 796 [3]
358 725 [1]
421 663 [4]
431 659 [0]
476 614 [0]
477 613 [0]
510 580 [7]
482 601 [7]
374 709 [7]
319 768 [3]
323 768 [4]
299 791 [1]
305 787 [4]
460 632 [0]
419 674 [7]
443 650 [1]
492 597 [4]
397 689 [7]
363 729 [1]
416 678 [0]
499 592 [3]
325 762 [7]
474 621 [1]
489 606 [0]
387 707 [1]
455 641 [2]
495 596 [5]
416 679 [1]
462 633 [1]
371 718 [7]
420 676 [0]
371 726 [1]
441 656 [5]
309 787 [1]
530 567 [4]
324 766 [7]
519 578 [1]
348 749 [1]
367 732 [7]
430 668 [1]
451 644 [4]
304 796 [0]
369 724 [7]
473 619 [9]
385 709 [7]
459 643 [1]
412 690 [1]
480 622 [0]
430 665 [7]
401 696 [5]
443 652 [4]
430 671 [1]
506 591 [5]
473 624 [5]
385 718 [7]
357 745 [1]
474 630 [1]
531 566 [5]
374 731 [1]
457 644 [1]
461 643 [1]
506 599 [0]
431 675 [8]
397 702 [7]
475 630 [1]
471 633 [2]
313 789 [4]
491 614 [1]
434 665 [7]
411 694 [1]
406 701 [4]
376 731 [7]
365 742 [1]
310 793 [4]
470 637 [0]
353 747 [7]
350 753 [4]
508 598 [1]
461 646 [1]
319 789 [4]
493 615 [4]
546 562 [1]
503 598 [7]
307 798 [3]
392 715 [1]
413 697 [7]
414 696 [1]
418 691 [1]
444 662 [0]
345 766 [1]
450 659 [2]
455 651 [5]
366 741 [4]
372 740 [4]
414 698 [4]
481 631 [1]
521 590 [1]
423 682 [7]
370 743 [1]
518 595 [0]
412 700 [1]
514 598 [1]
461 652 [0]
372 742 [4]
471 643 [5]
550 564 [0]
436 678 [0]
548 566 [0]
323 792 [7]
445 666 [4]
356 756 [4]
415 699 [1]
382 734 [2]
402 714 [0]
479 637 [0]
460 651 [5]
435 682 [7]
558 559 [0]
554 564 [0]
410 707 [1]
364 750 [5]
349 771 [1]
436 684 [1]
405 711 [5]
505 615 [7]
384 736 [1]
454 663 [4]
340 780 [1]
330 792 [4]
351 768 [3]
326 793 [4]
425 699 [7]
537 583 [4]
412 708 [4]
508 617 [0]
453 665 [7]
534 586 [5]
422 704 [2]
504 622 [0]
461 664 [1]
325 798 [0]
554 572 [0]
548 578 [0]
560 567 [0]
326 797 [4]
511 609 [7]
351 778 [4]
364 765 [0]
545 584 [0]
378 750 [1]
333 797 [1]
363 760 [7]
391 740 [7]
338 792 [1]
495 635 [1]
371 759 [1]
532 601 [0]
491 643 [0]
511 623 [7]
527 607 [0]
372 763 [1]
543 592 [0]
456 676 [3]
338 798 [3]
519 617 [1]
391 744 [1]
524 612 [0]
498 633 [5]
380 757 [5]
479 656 [2]
516 616 [5]
507 631 [1]
369 762 [7]
384 749 [5]
436 701 [1]
453 686 [1]
549 590 [5]
362 773 [4]
506 634 [0]
532 608 [1]
369 770 [1]
427 714 [4]
533 608 [7]
565 576 [0]
472 668 [7]
564 572 [5]
400 742 [9]
521 614 [7]
479 663 [0]
442 701 [7]
503 640 [0]
556 580 [7]
495 647 [1]
464 680 [2]
380 759 [5]
395 750 [1]
367 771 [7]
517 627 [1]
556 585 [4]
436 705 [1]
464 682 [0]
476 666 [0]
430 716 [7]
559 587 [1]
411 734 [1]
388 755 [4]
539 608 [0]
494 654 [5]
570 578 [1]
489 657 [2]
424 723 [1]
380 769 [1]
415 734 [5]
540 610 [0]
426 717 [7]
500 646 [4]
491 660 [0]
574 577 [0]
495 654 [5]
449 697 [1]
536 616 [2]
558 594 [0]
504 647 [1]
561 587 [4]
363 789 [1]
441 707 [5]
406 743 [4]
510 642 [1]
534 620 [7]
369 785 [1]
496 658 [1]
569 582 [3]
562 592 [0]
444 705 [5]
399 751 [4]
563 592 [4]
446 704 [5]
385 771 [1]
383 772 [1]
436 719 [1]
401 750 [5]
533 624 [7]
476 680 [1]
370 780 [7]
429 729 [5]
503 655 [0]
531 620 [7]
409 748 [2]
456 702 [1]
578 580 [1]
533 622 [4]
424 734 [1]
515 637 [7]
436 722 [1]
535 625 [7]
559 601 [0]
500 653 [7]
576 585 [0]
413 741 [7]
375 785 [1]
453 707 [1]
436 718 [7]
465 697 [7]
516 646 [4]
517 645 [5]
573 589 [0]
570 591 [5]
561 597 [4]
485 678 [0]
501 663 [4]
425 739 [4]
542 622 [7]
446 714 [7]
362 795 [7]
479 678 [4]
468 692 [4]
535 629 [1]
517 646 [1]
514 653 [0]
551 612 [4]
557 610 [9]
383 781 [1]
388 777 [4]
377 791 [1]
520 649 [0]
373 795 [1]
556 609 [4]
474 696 [2]
393 776 [1]
572 596 [9]
557 614 [5]
516 655 [4]
457 712 [2]
393 777 [1]
514 657 [0]
499 671 [1]
458 712 [1]
493 674 [4]
485 687 [0]
581 589 [2]
379 794 [1]
410 763 [1]
423 750 [0]
485 689 [0]
424 749 [1]
429 744 [1]
405 770 [0]
583 592 [1]
379 795 [7]
405 771 [5]
427 749 [5]
542 634 [0]
557 617 [2]
404 773 [0]
500 677 [1]
490 683 [4]
544 635 [0]
429 748 [1]
434 741 [4]
419 758 [2]
390 789 [1]
421 757 [5]
497 682 [1]
530 651 [1]
421 758 [5]
544 638 [2]
584 598 [4]
401 780 [1]
587 595 [0]
451 730 [1]
571 604 [7]
410 773 [7]
528 655 [0]
544 639 [0]
564 618 [1]
518 660 [5]
535 645 [5]
569 613 [3]
475 711 [5]
484 702 [5]
570 615 [1]
562 623 [1]
456 729 [1]
411 768 [7]
404 781 [7]
508 679 [0]
408 780 [0]
509 679 [7]
431 757 [0]
550 639 [1]
498 690 [1]
431 759 [8]
486 704 [5]
538 652 [0]
469 716 [5]
392 793 [5]
536 655 [4]
390 794 [7]
483 708 [0]
572 610 [9]
499 693 [7]
416 775 [1]
505 688 [0]
576 617 [5]
420 772 [1]
531 662 [0]
444 744 [5]
419 769 [5]
503 689 [1]
500 693 [1]
596 599 [2]
513 682 [5]
442 752 [1]
506 684 [5]
551 644 [0]
428 768 [0]
570 626 [0]
446 745 [5]
490 704 [2]
443 748 [5]
511 681 [4]
545 650 [1]
436 761 [7]
522 675 [0]
562 635 [1]
566 631 [0]
475 717 [5]
550 646 [1]
442 751 [4]
439 755 [4]
547 648 [7]
516 684 [7]
551 649 [0]
568 632 [0]
417 782 [1]
469 726 [5]
520 681 [0]
548 653 [2]
553 648 [0]
401 799 [1]
482 715 [7]
493 701 [7]
600 603 [0]
594 609 [0]
563 640 [0]
456 747 [1]
526 673 [5]
582 623 [0]
445 756 [4]
513 692 [0]
438 760 [7]
590 615 [0]
563 643 [5]
454 747 [5]
512 695 [0]
532 674 [7]
425 783 [1]
455 753 [1]
524 684 [7]
561 643 [4]
519 685 [1]
409 794 [5]
435 774 [1]
555 654 [1]
466 739 [4]
502 708 [0]
445 764 [1]
604 607 [7]
510 700 [1]
490 716 [5]
573 639 [5]
479 731 [2]
417 794 [1]
511 696 [5]
471 736 [5]
597 615 [0]
525 688 [0]
427 785 [1]
543 665 [5]
548 664 [2]
501 714 [7]
571 643 [1]
478 737 [1]
478 739 [7]
595 622 [7]
435 775 [7]
469 743 [5]
599 618 [0]
557 655 [5]
597 621 [0]
593 626 [0]
499 713 [7]
525 689 [5]
552 667 [0]
504 716 [1]
506 714 [5]
550 669 [2]
466 750 [5]
549 673 [0]
463 757 [2]
544 679 [5]
600 623 [0]
426 797 [1]
428 796 [1]
610 614 [1]
489 735 [2]
465 759 [2]
427 799 [1]
487 735 [5]
450 779 [7]
568 661 [0]
593 635 [1]
432 798 [0]
536 694 [0]
594 637 [1]
613 618 [1]
533 693 [5]
538 694 [1]
448 784 [4]
494 738 [0]
553 677 [2]
584 648 [1]
500 731 [1]
507 723 [5]
463 767 [2]
509 724 [5]
587 646 [0]
590 643 [5]
466 766 [1]
515 714 [4]
509 725 [1]
551 683 [0]
505 724 [5]
473 762 [5]
498 737 [0]
505 728 [2]
594 636 [5]
522 713 [1]
470 767 [2]
483 754 [2]
469 769 [0]
574 664 [0]
599 634 [5]
468 763 [7]
563 670 [5]
518 721 [5]
614 625 [1]
586 653 [0]
551 689 [5]
578 662 [7]
590 650 [5]
593 646 [1]
566 672 [2]
485 755 [5]
445 797 [7]
473 767 [2]
482 756 [4]
520 720 [2]
489 752 [2]
469 773 [1]
454 788 [1]
467 777 [5]
567 677 [2]
516 727 [1]
552 693 [0]
442 796 [7]
517 727 [1]
617 628 [0]
545 695 [5]
580 661 [5]
575 672 [0]
622 625 [0]
604 643 [1]
550 696 [2]
454 789 [5]
453 794 [1]
576 671 [5]
452 798 [0]
538 713 [1]
570 681 [1]
621 630 [0]
490 759 [2]
472 780 [7]
498 757 [2]
608 647 [0]
581 676 [1]
527 730 [0]
559 696 [2]
504 754 [1]
597 661 [2]
626 632 [1]
545 714 [1]
599 660 [2]
602 658 [0]
475 781 [5]
533 721 [7]
508 745 [9]
597 660 [5]
473 790 [2]
541 722 [0]
479 785 [2]
586 673 [5]
505 757 [2]
581 684 [0]
620 639 [7]
542 725 [1]
590 675 [2]
585 677 [5]
619 649 [2]
482 779 [7]
611 652 [5]
630 637 [0]
546 722 [0]
480 786 [2]
585 684 [5]
589 680 [0]
495 773 [5]
536 729 [5]
488 783 [5]
552 718 [1]
503 769 [1]
609 663 [0]
550 717 [5]
564 709 [5]
600 666 [7]
496 778 [5]
480 792 [2]
493 774 [1]
518 756 [0]
612 663 [0]
487 783 [5]
549 727 [0]
584 688 [4]
609 666 [1]
567 710 [2]
572 700 [9]
588 690 [0]
492 785 [1]
601 675 [2]
524 755 [1]
583 691 [5]
524 757 [5]
532 744 [5]
516 760 [1]
560 721 [0]
604 676 [1]
508 772 [2]
575 707 [0]
524 759 [0]
595 686 [2]
584 699 [1]
603 681 [0]
593 692 [1]
530 754 [1]
590 693 [2]
563 722 [1]
588 698 [0]
550 737 [0]
509 779 [7]
587 701 [5]
539 747 [2]
532 757 [2]
579 710 [0]
635 652 [0]
630 659 [2]
625 666 [0]
495 797 [0]
518 769 [5]
526 763 [5]
591 703 [0]
498 791 [5]
526 770 [0]
540 756 [5]
578 718 [0]
599 697 [2]
630 666 [0]
608 684 [0]
607 691 [0]
556 739 [4]
594 704 [2]
520 781 [2]
625 676 [0]
538 764 [1]
536 761 [5]
557 746 [0]
579 724 [0]
618 685 [0]
651 652 [5]
577 726 [0]
564 739 [0]
551 753 [5]
584 720 [5]
599 696 [2]
574 731 [9]
530 776 [7]
514 783 [9]
627 679 [0]
566 739 [1]
646 662 [0]
567 741 [0]
601 703 [5]
641 669 [0]
578 730 [2]
622 684 [5]
620 692 [0]
517 796 [0]
553 753 [5]
558 754 [2]
537 777 [1]
633 683 [0]
627 689 [0]
635 681 [0]
605 712 [0]
573 739 [5]
600 718 [7]
615 704 [2]
550 770 [2]
645 675 [0]
631 690 [5]
651 671 [0]
532 785 [5]
533 788 [1]
549 764 [9]
598 720 [5]
634 690 [0]
536 784 [1]
639 686 [2]
555 770 [2]
617 709 [2]
650 680 [0]
655 670 [5]
620 712 [0]
626 704 [2]
658 674 [0]
642 688 [2]
582 751 [0]
662 669 [2]
595 736 [2]
572 752 [9]
620 714 [0]
628 706 [0]
538 791 [5]
664 671 [0]
627 703 [5]
597 736 [2]
610 726 [0]
622 712 [2]
543 788 [5]
613 719 [5]
614 719 [5]
616 723 [0]
643 697 [9]
622 716 [2]
579 752 [9]
549 792 [9]
545 791 [5]
579 763 [0]
624 718 [0]
602 740 [0]
665 676 [1]
618 725 [9]
601 737 [5]
613 731 [0]
547 792 [5]
541 795 [9]
631 715 [0]
569 771 [4]
555 787 [5]
576 768 [0]
564 783 [2]
562 782 [5]
630 720 [2]
629 721 [0]
603 748 [2]
667 678 [0]
565 782 [5]
558 790 [5]
563 785 [5]
594 757 [2]
613 744 [5]
590 762 [2]
637 719 [2]
586 773 [0]
616 738 [5]
672 685 [2]
625 727 [7]
650 709 [0]
639 717 [5]
588 772 [2]
670 694 [0]
654 711 [0]
624 741 [0]
591 775 [0]
590 774 [2]
604 762 [0]
587 778 [2]
580 784 [4]
636 732 [0]
575 795 [1]
648 715 [5]
574 787 [9]
681 688 [1]
673 692 [5]
634 737 [0]
607 762 [2]
673 699 [0]
645 729 [0]
606 769 [0]
637 738 [4]
623 751 [5]
684 691 [0]
610 766 [0]
618 758 [9]
661 715 [9]
581 786 [9]
658 716 [2]
593 785 [5]
655 722 [1]
610 760 [9]
628 742 [9]
624 754 [2]
591 781 [9]
626 756 [7]
655 725 [5]
620 760 [2]
648 735 [2]
607 777 [1]
596 790 [0]
671 707 [0]
647 740 [0]
654 734 [0]
658 730 [2]
680 703 [2]
691 692 [5]
643 746 [0]
674 715 [0]
609 778 [2]
639 751 [0]
690 699 [7]
683 708 [5]
635 756 [0]
647 745 [2]
646 747 [2]
600 788 [5]
635 761 [2]
632 765 [0]
656 742 [0]
653 740 [5]
688 714 [1]
682 720 [2]
667 738 [0]
656 749 [0]
623 780 [2]
689 707 [9]
629 779 [0]
682 727 [0]
618 789 [2]
657 753 [0]
632 779 [5]
681 726 [5]
624 789 [2]
673 740 [0]
699 705 [9]
630 783 [2]
705 708 [2]
635 783 [5]
684 732 [2]
702 717 [0]
681 733 [5]
625 793 [2]
674 744 [2]
638 783 [0]
698 721 [2]
702 718 [2]
678 743 [1]
632 790 [2]
677 751 [2]
644 784 [0]
713 716 [0]
635 795 [9]
672 758 [0]
711 720 [0]
700 733 [0]
642 794 [0]
655 782 [0]
665 772 [0]
664 776 [0]
702 738 [5]
677 764 [0]
709 723 [9]
691 752 [9]
711 726 [9]
664 774 [9]
713 735 [0]
716 732 [0]
668 781 [0]
688 759 [2]
685 765 [0]
717 733 [0]
721 727 [2]
685 757 [2]
707 745 [9]
670 782 [0]
710 743 [0]
678 770 [5]
694 760 [0]
677 778 [0]
694 767 [0]
705 757 [0]
668 794 [0]
712 751 [2]
709 755 [0]
682 782 [2]
681 786 [2]
707 760 [9]
701 767 [0]
722 747 [9]
733 735 [9]
731 740 [2]
674 797 [2]
694 780 [9]
711 755 [9]
703 773 [0]
722 752 [2]
719 758 [0]
732 747 [9]
710 760 [9]
706 775 [0]
719 753 [9]
689 795 [9]
707 778 [0]
697 788 [0]
691 787 [9]
692 795 [2]
710 780 [9]
743 747 [0]
727 761 [2]
740 751 [7]
715 776 [2]
729 765 [2]
748 749 [0]
699 798 [1]
724 777 [0]
736 766 [0]
734 767 [9]
742 753 [9]
727 775 [2]
730 776 [0]
738 769 [1]
716 793 [0]
706 794 [9]
709 793 [9]
728 785 [0]
752 761 [0]
744 766 [7]
740 780 [2]
753 769 [0]
748 774 [0]
756 767 [5]
738 782 [5]
763 766 [0]
739 796 [0]
736 799 [0]
733 794 [9]
754 786 [0]
743 793 [9]
772 777 [0]
755 787 [9]
751 799 [2]
771 782 [0]
771 785 [0]
767 791 [2]
764 797 [0]
773 790 [2]
764 798 [5]
781 786 [3]
786 791 [0]
783 798 [5]
789 792 [0]
795 797 [0]
