32
3
10
4
21
3
2
28
7
19
14
8
5
0
13
11
6
16
15
1
25
29
31
20
18
27
12
9
23
30
24
17
22
26
0 5 [0]
2 10 [0]
5 8 [0]
1 15 [0]
6 11 [0]
5 13 [0]
8 11 [1]
8 12 [0]
9 12 [0]
8 14 [0]
6 16 [0]
11 13 [0]
9 14 [1]
5 17 [2]
4 21 [0]
1 25 [0]
10 17 [0]
11 15 [2]
11 16 [1]
8 20 [0]
4 24 [1]
1 29 [0]
2 28 [0]
15 16 [0]
10 21 [0]
14 16 [1]
9 23 [0]
14 19 [0]
10 24 [0]
13 21 [0]
4 30 [1]
6 27 [2]
7 28 [0]
6 29 [0]
8 27 [0]
12 24 [0]
16 19 [1]
18 20 [0]
11 27 [0]
12 27 [0]
17 24 [0]
13 26 [2]
20 23 [1]
18 27 [0]
19 28 [0]
16 30 [1]
21 25 [2]
21 30 [0]
19 31 [1]
20 31 [0]
23 28 [1]
20 30 [2]
23 30 [0]
25 29 [0]
22 31 [2]
23 31 [1]
25 31 [1]
27 31 [0]
