1600
12
41
180
320
353
414
958
1287
1533
800
322
72
196
456
27
83
261
47
150
218
119
224
698
305
169
703
435
101
274
87
135
92
343
380
12
262
30
278
113
5
1312
156
171
515
133
256
277
102
387
129
533
276
713
1320
444
50
327
67
474
170
89
157
650
57
319
429
185
537
70
118
225
1224
104
215
0
95
76
582
212
201
100
249
34
64
989
254
684
547
62
49
452
138
38
8
705
177
16
146
65
402
231
241
1
541
791
9
403
672
121
202
356
287
501
136
128
798
819
405
273
390
203
404
638
592
74
73
660
71
518
337
340
33
21
335
187
93
60
26
48
913
195
897
386
182
167
219
505
357
281
44
538
385
11
24
227
7
107
397
66
333
142
449
754
634
299
497
925
332
35
140
271
55
600
108
953
79
751
725
618
36
510
247
744
378
577
6
973
164
68
144
374
293
85
192
664
303
149
616
159
115
525
173
870
461
147
90
570
80
205
393
289
110
455
88
763
105
181
655
158
132
42
52
408
175
680
111
106
640
486
653
148
373
410
709
434
997
1078
22
145
364
234
602
665
606
825
253
1044
103
1215
239
495
906
1020
409
920
282
344
272
342
459
513
371
860
527
325
530
130
1112
605
1140
552
835
396
535
206
1337
524
810
683
886
313
574
629
681
508
580
389
270
696
338
323
383
236
976
151
631
661
360
1049
485
339
938
2
624
359
186
770
450
1065
59
607
69
566
1486
18
394
1031
857
493
489
54
523
823
887
37
178
882
40
834
471
426
306
562
97
849
242
1103
127
295
641
1406
632
134
644
355
285
123
528
756
208
1246
480
900
659
1076
576
304
587
567
176
777
473
425
391
420
948
692
82
23
771
604
494
609
372
448
230
1141
500
399
685
788
31
1256
822
184
667
614
29
499
345
711
1093
520
112
1388
880
1009
56
346
243
194
300
392
697
122
1351
488
370
160
952
220
13
1165
879
891
469
936
828
296
1077
379
174
223
328
99
586
1245
191
1094
990
1314
216
908
623
710
779
972
1321
445
457
1115
719
682
889
347
481
1052
572
859
575
596
78
39
291
263
418
126
454
238
630
131
45
367
693
193
654
411
590
553
1380
384
75
686
255
314
28
804
1317
197
210
288
617
1155
496
837
63
316
540
563
267
283
862
246
143
1259
58
546
498
381
183
251
478
294
382
783
1110
421
1480
152
125
124
400
43
915
1041
1152
188
221
747
1308
264
179
730
1196
503
237
428
894
1176
460
841
375
416
1262
235
479
645
940
257
266
735
1192
286
162
847
960
543
312
1074
1540
1124
259
1132
213
824
1043
155
161
1485
526
809
812
109
565
1082
10
116
687
851
482
550
228
244
204
165
1010
803
1139
472
198
832
430
439
424
368
838
331
292
957
555
309
1437
1175
642
466
260
626
628
899
153
1304
1195
258
970
137
781
1451
1525
365
438
689
861
350
678
475
1002
695
816
189
302
4
1101
1012
1149
813
91
1219
1135
564
511
548
51
961
729
1120
963
284
775
1281
413
556
815
214
1193
1254
172
334
417
265
398
290
1242
981
1197
675
1418
951
1119
32
594
560
217
476
669
362
268
911
308
352
939
326
996
1180
1114
708
168
229
1005
1035
1204
1057
1154
1390
986
772
330
84
944
269
166
759
96
61
245
120
1018
622
1449
1220
477
621
1345
778
863
534
226
679
15
19
1189
733
1107
1113
869
969
728
643
613
1070
1272
1322
842
852
1022
864
1241
1117
748
561
888
714
433
830
752
817
491
1384
321
975
1042
843
718
1356
280
463
734
1001
608
571
1073
1264
1185
209
1479
919
467
854
1299
795
1335
1419
431
545
611
636
512
1004
1420
1015
462
875
1184
578
663
531
395
468
668
845
826
363
1432
549
1127
591
844
1521
699
649
867
207
750
514
1358
1025
366
222
412
406
865
423
907
516
1309
1257
297
317
792
77
369
785
760
1457
492
802
558
1248
1188
796
581
1338
704
1355
1379
377
1424
232
701
1460
1523
1130
743
671
419
635
3
965
738
1183
878
651
700
539
1329
1198
1258
732
1163
507
559
904
773
1067
946
1410
762
966
603
1297
532
652
1504
1330
757
551
248
1027
275
1148
1332
1453
749
896
677
985
1325
1422
876
1019
717
361
1391
856
673
1104
776
25
1199
94
348
1100
250
354
731
872
846
633
688
1170
1108
720
881
1143
1090
916
820
702
1572
199
1244
988
163
1118
1086
1590
233
1179
544
780
542
805
1136
978
1003
922
979
808
1459
707
1237
898
1099
1305
1098
1360
1585
86
1239
801
599
464
998
971
1594
774
994
1045
1400
569
1016
674
739
648
789
1318
676
836
1268
307
921
1134
1033
1534
1581
1171
529
14
114
1007
1111
1382
1491
910
1402
1577
1063
341
1106
1064
1365
933
1233
840
1203
1333
1263
1225
1597
200
557
487
1463
1286
716
758
982
432
619
765
504
536
853
1373
1293
401
932
1500
20
1456
490
1378
358
522
745
376
657
1006
992
484
1474
1137
987
1079
589
1227
746
1279
909
1051
1228
848
821
1501
46
315
442
1454
336
1381
827
1411
1524
53
901
190
1393
995
794
1307
1483
1519
1518
782
1438
1032
1235
318
427
1291
1339
407
724
1290
1121
1024
1131
1181
1030
139
877
1353
440
1444
1302
415
736
1217
884
453
883
727
1478
858
1208
949
1270
786
81
1222
1050
1564
912
885
955
1344
694
483
1231
1442
753
446
1153
1205
1151
942
1546
388
627
436
1266
1084
1569
1301
1075
1200
1446
1494
1316
1008
1517
931
1346
1210
893
831
1092
1473
637
1157
1186
1477
1284
1392
1232
1503
943
329
1147
1294
1547
1357
903
458
1252
1048
1269
1303
349
1334
1421
1216
1567
1506
871
950
868
806
1490
917
974
1105
993
892
1319
1047
98
465
579
1095
866
1122
1401
1298
1404
839
1046
769
573
1372
1538
1146
1439
1255
977
797
1011
422
1405
1561
1036
1511
1531
298
1194
593
1172
1177
1173
662
141
715
1212
1166
1370
1566
451
1565
502
923
1037
1487
1386
1413
1425
1579
554
1059
945
991
1116
742
929
927
818
595
1326
706
1088
519
1429
761
1435
1174
252
1080
584
1498
1549
764
890
956
1261
1276
1427
1313
874
1354
1445
1397
902
1071
1162
1347
833
1190
1598
1448
829
959
1058
1271
568
601
1426
1223
324
1513
1574
1097
1430
1516
962
1164
517
1580
598
1323
1062
1396
1530
240
610
1021
767
1341
1054
1352
506
967
1466
947
1280
1359
1452
1467
1340
1578
1508
1288
741
1133
1369
937
855
1394
1283
1055
1142
1544
1202
1443
470
926
1462
784
964
1522
1085
1484
740
1495
1550
1482
670
1247
612
984
1529
1249
980
1455
1374
1539
1026
1366
1221
924
1583
1563
1349
1398
1129
1492
1295
690
1562
1507
1289
1461
1450
1497
1362
799
588
1532
1434
1226
1367
1250
721
1213
1159
1331
154
1464
1029
1306
1573
351
1526
1109
1251
1465
787
1273
117
1541
1576
1441
722
211
723
1596
1182
1409
1168
1515
1158
1469
691
1277
1376
1407
1191
1552
1471
656
1556
1399
625
1234
1038
1559
441
1060
1327
17
1509
1275
1267
1599
766
1371
620
597
811
1336
301
1389
1496
1013
1238
1368
983
1403
1592
1476
1586
1377
1571
737
1584
509
968
1440
1145
1229
1207
1570
1415
1575
807
1527
1138
1160
1034
1428
1230
1296
1292
437
583
1588
1348
1040
1408
615
1560
1436
1593
1417
1240
793
1528
954
310
1537
918
1493
1557
1000
1328
1553
1568
1087
1416
1542
1510
666
521
1072
1472
1023
1282
1555
1209
1595
712
1028
1315
1274
585
1554
1150
1499
999
1187
1069
1551
1514
1260
1488
1364
941
1423
1300
1383
873
647
1096
1489
1169
1350
1278
755
1387
934
1363
1053
1061
914
1548
1091
1475
1361
1089
1481
1310
768
1589
1324
1128
1265
1536
658
1412
1211
1545
1206
1458
1582
1447
279
1433
1161
1431
1414
1014
1123
1102
1167
1201
1470
1125
1543
895
1512
1214
1081
1126
790
311
930
814
1017
1502
1311
850
928
1342
1156
1558
1520
1253
1068
1178
1218
1285
1385
1144
1587
1535
1243
1343
1056
447
1591
443
1083
726
905
935
1505
639
1039
1066
1395
1375
1468
646
1236
15 19 [0]
11 24 [0]
8 38 [0]
21 33 [0]
26 48 [0]
26 60 [0]
38 42 [10]
42 52 [0]
0 95 [0]
34 64 [0]
23 82 [0]
27 83 [0]
49 62 [0]
7 107 [0]
39 78 [0]
5 113 [0]
10 116 [0]
14 114 [0]
73 74 [0]
60 93 [0]
61 96 [0]
16 146 [0]
60 99 [7]
22 145 [0]
76 95 [0]
42 132 [0]
35 140 [0]
45 131 [0]
38 138 [0]
70 118 [0]
16 177 [0]
47 150 [0]
7 183 [11]
65 146 [0]
68 144 [0]
37 178 [0]
0 215 [0]
106 111 [0]
87 135 [0]
38 175 [10]
16 208 [0]
92 135 [0]
68 164 [0]
13 220 [0]
7 227 [0]
90 147 [0]
96 135 [11]
1 241 [0]
89 157 [0]
4 241 [1]
124 125 [0]
24 227 [0]
89 170 [0]
128 136 [0]
72 196 [0]
12 262 [0]
115 159 [0]
125 152 [0]
85 192 [0]
93 187 [0]
34 249 [0]
26 246 [11]
137 147 [0]
80 205 [0]
132 158 [0]
12 279 [0]
30 262 [0]
27 273 [0]
100 201 [0]
4 302 [0]
61 245 [0]
38 268 [1]
30 278 [0]
47 261 [0]
155 161 [0]
24 291 [1]
104 215 [0]
121 202 [0]
113 211 [0]
44 281 [0]
55 271 [0]
156 171 [0]
132 184 [11]
79 241 [10]
39 291 [0]
119 218 [0]
47 286 [7]
28 314 [0]
118 225 [0]
119 224 [0]
83 261 [0]
15 321 [8]
167 182 [0]
100 249 [0]
21 335 [0]
46 315 [0]
87 274 [0]
120 245 [0]
111 248 [6]
35 332 [0]
150 218 [0]
165 204 [0]
95 273 [2]
33 340 [0]
101 274 [0]
57 319 [0]
50 327 [0]
85 293 [0]
63 316 [0]
102 277 [0]
62 318 [0]
167 219 [0]
143 246 [0]
133 256 [0]
113 278 [0]
12 380 [0]
89 301 [3]
72 322 [0]
67 327 [0]
11 385 [0]
168 229 [0]
174 223 [0]
100 286 [11]
110 289 [0]
66 333 [0]
56 346 [0]
93 308 [1]
156 239 [10]
197 210 [0]
123 285 [0]
183 220 [5]
188 221 [0]
140 271 [0]
18 394 [0]
9 403 [0]
45 367 [0]
201 212 [0]
84 330 [0]
60 357 [0]
72 350 [0]
127 295 [0]
131 285 [6]
87 325 [10]
72 348 [5]
133 282 [10]
99 328 [0]
11 417 [1]
101 321 [11]
183 251 [0]
92 343 [0]
166 269 [0]
194 243 [0]
80 359 [0]
94 348 [0]
43 400 [0]
179 264 [0]
77 369 [0]
162 286 [0]
186 262 [0]
204 244 [0]
136 315 [0]
223 227 [1]
159 292 [1]
149 303 [0]
184 271 [1]
187 259 [11]
75 384 [0]
52 408 [0]
134 327 [0]
66 397 [0]
216 241 [7]
158 296 [11]
65 402 [0]
70 392 [7]
57 412 [1]
228 244 [0]
231 241 [0]
113 351 [8]
46 422 [5]
169 305 [0]
142 333 [0]
85 396 [0]
27 456 [0]
9 476 [1]
52 431 [5]
102 387 [0]
189 302 [0]
194 300 [0]
50 444 [0]
57 439 [0]
210 288 [0]
30 461 [10]
197 293 [11]
49 452 [0]
107 397 [0]
172 334 [0]
145 364 [0]
33 476 [1]
11 497 [4]
129 387 [0]
164 345 [7]
87 426 [4]
0 516 [1]
144 374 [0]
148 373 [0]
187 335 [0]
136 375 [11]
56 458 [8]
257 266 [0]
124 400 [0]
29 499 [0]
160 370 [0]
18 507 [6]
30 502 [0]
256 277 [0]
101 435 [0]
138 399 [0]
151 380 [7]
164 369 [5]
182 357 [1]
67 474 [0]
83 449 [9]
1 541 [0]
14 529 [0]
88 455 [0]
54 489 [0]
126 418 [0]
186 359 [0]
36 510 [0]
27 518 [2]
267 283 [0]
223 328 [0]
156 386 [10]
174 379 [0]
263 291 [0]
18 528 [11]
202 356 [0]
201 357 [2]
152 406 [2]
170 384 [7]
269 289 [5]
98 465 [0]
183 381 [0]
110 455 [0]
93 475 [0]
182 386 [0]
62 500 [7]
255 314 [0]
54 523 [0]
136 444 [0]
126 454 [0]
44 538 [0]
6 577 [0]
21 561 [1]
175 408 [0]
222 366 [0]
241 341 [6]
71 518 [0]
243 346 [0]
49 541 [0]
211 379 [0]
138 452 [0]
142 449 [0]
203 390 [0]
167 430 [0]
234 364 [0]
205 393 [0]
71 528 [0]
51 548 [0]
268 328 [3]
16 587 [0]
49 543 [11]
58 546 [0]
250 354 [0]
203 404 [0]
70 537 [0]
147 461 [0]
215 393 [0]
62 547 [0]
9 598 [3]
35 565 [11]
232 380 [0]
272 342 [0]
297 317 [0]
185 429 [0]
272 344 [0]
211 400 [7]
236 383 [0]
104 514 [1]
277 335 [10]
292 331 [0]
10 613 [2]
2 624 [0]
282 344 [0]
32 594 [0]
11 609 [7]
245 384 [0]
268 362 [0]
15 612 [4]
112 520 [0]
177 455 [0]
231 402 [0]
222 412 [0]
69 566 [0]
18 613 [5]
27 600 [9]
136 501 [0]
3 635 [0]
281 357 [0]
308 328 [3]
83 547 [9]
218 422 [0]
285 355 [0]
115 525 [0]
52 580 [9]
69 573 [0]
83 559 [0]
287 356 [0]
29 614 [0]
170 474 [0]
202 444 [0]
250 390 [6]
133 515 [0]
85 553 [11]
22 626 [1]
80 570 [0]
123 528 [0]
68 572 [11]
196 456 [0]
36 618 [0]
55 600 [0]
295 356 [4]
289 356 [10]
104 552 [0]
76 582 [0]
270 389 [0]
97 562 [0]
130 530 [0]
261 399 [0]
90 570 [0]
308 352 [0]
323 338 [0]
129 533 [0]
273 390 [0]
217 435 [11]
227 438 [0]
237 428 [0]
59 607 [0]
74 592 [0]
293 374 [0]
66 590 [11]
198 472 [0]
255 407 [8]
202 470 [0]
78 584 [10]
78 596 [0]
109 565 [0]
305 370 [0]
119 547 [9]
69 607 [0]
294 382 [0]
24 653 [0]
337 340 [0]
223 455 [0]
230 448 [0]
273 405 [0]
22 651 [6]
263 418 [0]
289 393 [0]
325 357 [0]
265 417 [0]
99 586 [0]
171 515 [0]
290 398 [0]
164 525 [0]
238 454 [0]
300 392 [0]
217 476 [0]
15 679 [0]
305 390 [2]
173 525 [0]
87 602 [10]
129 563 [7]
21 678 [1]
71 631 [0]
59 644 [0]
82 621 [3]
323 383 [0]
57 650 [0]
285 419 [3]
108 600 [0]
63 637 [8]
272 433 [5]
8 705 [0]
168 545 [0]
337 377 [0]
235 479 [0]
112 600 [7]
164 551 [6]
185 537 [0]
343 380 [0]
219 505 [0]
105 618 [1]
260 466 [0]
185 542 [0]
15 712 [1]
7 722 [0]
126 603 [0]
251 478 [0]
274 456 [0]
71 660 [0]
306 426 [0]
73 660 [0]
239 495 [0]
322 412 [0]
121 606 [7]
182 553 [0]
30 701 [5]
220 509 [9]
237 502 [0]
237 503 [0]
206 535 [0]
141 592 [8]
212 521 [8]
80 663 [0]
280 463 [0]
176 567 [0]
337 399 [7]
285 460 [0]
318 427 [0]
106 640 [0]
57 682 [7]
319 429 [0]
334 417 [0]
362 393 [0]
217 539 [0]
119 636 [1]
315 442 [0]
170 577 [10]
247 510 [0]
338 418 [1]
203 554 [3]
226 534 [0]
362 388 [10]
126 626 [9]
75 686 [0]
131 630 [0]
87 674 [1]
273 483 [6]
142 622 [0]
123 635 [6]
149 616 [0]
65 689 [11]
134 632 [0]
278 483 [6]
47 720 [1]
368 390 [11]
289 481 [0]
52 720 [0]
294 478 [0]
335 435 [2]
82 692 [0]
171 603 [0]
94 674 [7]
159 616 [0]
183 585 [7]
323 443 [10]
203 574 [0]
314 456 [7]
217 560 [0]
7 768 [2]
228 550 [0]
110 658 [10]
134 644 [0]
307 474 [0]
151 631 [0]
373 410 [0]
232 547 [5]
37 743 [6]
196 585 [5]
11 775 [1]
92 696 [0]
287 501 [0]
138 651 [0]
264 520 [5]
375 416 [0]
111 680 [0]
368 424 [0]
135 652 [5]
121 672 [0]
171 623 [0]
23 771 [0]
212 582 [0]
340 450 [4]
278 517 [0]
299 497 [0]
85 712 [0]
373 424 [0]
0 790 [8]
248 551 [0]
9 791 [0]
25 776 [0]
148 653 [0]
342 459 [0]
151 651 [0]
69 728 [5]
280 514 [8]
148 648 [6]
116 687 [0]
141 662 [0]
365 438 [0]
237 567 [0]
287 510 [7]
157 650 [0]
146 654 [7]
276 533 [0]
391 420 [0]
196 610 [6]
158 655 [0]
332 481 [0]
182 633 [0]
398 417 [0]
66 750 [0]
281 529 [6]
391 425 [0]
69 745 [3]
157 661 [0]
268 548 [2]
406 412 [0]
31 788 [0]
122 697 [0]
123 697 [0]
354 466 [0]
372 448 [0]
74 735 [11]
131 687 [3]
339 485 [0]
66 747 [11]
323 503 [0]
249 570 [7]
172 649 [6]
107 721 [0]
347 481 [0]
135 684 [9]
72 758 [0]
79 751 [0]
267 563 [0]
56 772 [3]
164 658 [9]
197 626 [9]
28 804 [0]
0 824 [11]
338 492 [5]
234 602 [0]
181 655 [0]
140 692 [9]
205 637 [0]
123 718 [3]
345 499 [0]
332 506 [8]
63 784 [0]
193 654 [0]
327 521 [0]
183 655 [11]
335 510 [4]
190 660 [0]
240 610 [0]
314 535 [1]
9 842 [0]
90 758 [3]
88 763 [0]
344 504 [3]
184 667 [0]
325 527 [0]
408 442 [3]
175 680 [0]
325 530 [0]
337 518 [0]
312 543 [0]
96 759 [0]
192 664 [0]
141 715 [0]
316 540 [0]
277 576 [4]
59 799 [0]
136 717 [5]
370 488 [0]
201 658 [0]
177 677 [5]
147 709 [4]
1 860 [0]
393 457 [11]
357 505 [0]
187 666 [9]
66 797 [0]
395 468 [0]
424 439 [0]
309 555 [0]
233 630 [2]
81 786 [0]
159 697 [11]
105 763 [0]
238 630 [0]
135 734 [0]
124 743 [2]
430 439 [0]
77 792 [0]
333 526 [11]
135 736 [0]
102 766 [3]
75 787 [9]
11 861 [0]
169 703 [0]
73 794 [6]
99 764 [10]
40 834 [0]
263 600 [11]
134 742 [0]
359 512 [5]
168 708 [0]
311 555 [11]
381 498 [0]
358 522 [0]
304 576 [0]
80 795 [5]
221 660 [0]
177 705 [0]
365 516 [2]
187 695 [1]
10 874 [0]
371 513 [0]
192 691 [2]
193 693 [0]
260 626 [0]
234 653 [0]
313 574 [0]
29 858 [2]
293 593 [3]
304 587 [0]
232 655 [5]
47 839 [6]
193 701 [0]
115 773 [6]
27 868 [0]
426 471 [0]
425 473 [0]
26 867 [5]
56 837 [5]
399 500 [0]
63 837 [0]
185 705 [10]
36 866 [0]
445 457 [0]
102 798 [2]
271 633 [0]
263 635 [6]
91 813 [0]
226 679 [0]
288 617 [0]
179 730 [0]
249 658 [3]
433 471 [6]
272 636 [5]
259 655 [1]
38 879 [0]
361 548 [8]
149 765 [3]
137 781 [0]
148 771 [0]
52 868 [0]
79 842 [0]
109 812 [0]
147 774 [0]
386 528 [7]
224 698 [0]
40 882 [0]
385 538 [0]
212 712 [0]
37 887 [0]
166 759 [0]
119 807 [0]
128 798 [0]
395 531 [0]
241 681 [4]
222 705 [0]
113 815 [0]
303 614 [11]
124 805 [0]
396 535 [0]
211 722 [0]
232 701 [0]
299 634 [0]
167 764 [3]
347 582 [7]
295 641 [0]
238 699 [0]
46 890 [1]
254 684 [0]
131 804 [3]
2 938 [0]
323 618 [0]
255 686 [0]
196 734 [11]
140 796 [5]
293 643 [5]
397 546 [0]
249 695 [0]
181 763 [0]
347 598 [0]
33 907 [5]
97 849 [0]
194 749 [3]
45 901 [2]
422 525 [3]
411 530 [11]
176 777 [0]
53 901 [0]
378 577 [0]
186 770 [0]
461 489 [7]
207 750 [0]
83 863 [11]
10 946 [2]
43 915 [0]
397 562 [0]
428 530 [1]
455 494 [11]
48 913 [0]
208 756 [0]
452 507 [5]
356 609 [0]
454 511 [0]
270 696 [0]
334 633 [0]
303 664 [0]
294 671 [2]
3 965 [0]
221 747 [0]
413 556 [0]
389 580 [0]
24 943 [3]
10 961 [0]
128 844 [0]
333 639 [0]
459 513 [0]
87 879 [7]
176 796 [3]
151 821 [3]
72 904 [0]
431 545 [0]
362 612 [4]
310 660 [8]
6 973 [0]
386 586 [7]
342 631 [7]
459 518 [4]
131 848 [2]
372 609 [0]
489 493 [0]
118 865 [0]
186 787 [10]
359 624 [0]
375 609 [0]
43 934 [7]
333 644 [7]
48 935 [2]
67 919 [0]
238 746 [2]
445 542 [0]
357 627 [3]
100 888 [0]
426 562 [0]
134 850 [4]
276 713 [0]
94 892 [4]
247 744 [0]
85 907 [0]
59 931 [2]
174 816 [3]
273 712 [8]
68 923 [2]
274 709 [10]
468 527 [0]
489 504 [3]
43 944 [9]
193 804 [0]
148 845 [5]
355 644 [0]
411 590 [0]
433 562 [6]
266 735 [0]
255 747 [0]
337 661 [4]
62 937 [3]
393 601 [8]
277 726 [0]
305 698 [0]
49 948 [7]
189 816 [0]
405 600 [0]
188 818 [0]
385 621 [0]
138 867 [1]
184 822 [0]
149 847 [11]
162 847 [0]
411 599 [0]
505 506 [0]
44 968 [0]
51 961 [0]
79 931 [3]
75 938 [1]
23 992 [0]
139 877 [0]
142 875 [0]
241 775 [1]
179 829 [10]
237 782 [0]
387 632 [0]
435 584 [0]
360 661 [0]
93 929 [0]
186 837 [0]
432 592 [0]
101 922 [1]
164 861 [1]
12 1008 [6]
437 580 [10]
84 944 [0]
350 678 [0]
214 815 [0]
342 680 [7]
198 832 [0]
227 803 [0]
362 669 [0]
79 953 [0]
179 854 [0]
376 657 [0]
63 971 [0]
338 696 [0]
175 860 [0]
517 518 [0]
485 551 [0]
213 824 [0]
169 862 [7]
80 959 [0]
471 568 [0]
149 891 [0]
335 700 [5]
387 646 [8]
404 638 [0]
173 870 [0]
359 679 [5]
465 579 [0]
487 557 [0]
498 546 [0]
151 888 [5]
201 843 [1]
68 974 [3]
168 871 [7]
499 543 [5]
92 944 [11]
133 906 [10]
196 853 [1]
432 619 [0]
257 787 [7]
196 844 [11]
153 899 [0]
64 989 [0]
92 955 [6]
419 635 [0]
345 711 [0]
439 610 [7]
474 583 [0]
478 579 [0]
87 965 [5]
447 607 [4]
511 548 [0]
284 775 [0]
367 693 [0]
178 882 [0]
359 702 [0]
108 953 [0]
219 833 [10]
45 1018 [0]
464 599 [0]
436 627 [0]
60 1002 [1]
121 938 [4]
411 654 [0]
56 1009 [0]
507 559 [0]
256 804 [7]
370 693 [5]
379 688 [2]
505 553 [11]
8 1062 [0]
346 715 [9]
234 837 [1]
137 927 [10]
207 867 [0]
34 1041 [0]
135 940 [0]
511 564 [0]
403 672 [0]
418 658 [0]
123 952 [1]
18 1056 [4]
361 717 [0]
253 825 [0]
44 1032 [3]
80 1000 [0]
356 724 [0]
389 688 [6]
325 759 [0]
399 685 [0]
356 729 [0]
231 848 [6]
192 888 [5]
354 731 [0]
267 812 [9]
23 1055 [10]
392 697 [0]
474 612 [3]
297 792 [0]
419 671 [0]
455 631 [4]
280 802 [8]
242 849 [0]
190 901 [0]
134 947 [10]
10 1082 [0]
195 897 [0]
7 1079 [6]
32 1051 [10]
510 581 [5]
6 1081 [9]
162 928 [7]
121 968 [8]
494 604 [0]
477 621 [0]
22 1078 [0]
215 886 [0]
118 978 [6]
330 772 [0]
494 609 [0]
540 563 [0]
4 1101 [0]
342 763 [0]
287 811 [8]
316 791 [0]
137 970 [0]
246 862 [0]
466 642 [0]
195 913 [0]
350 755 [4]
164 943 [3]
542 560 [8]
501 600 [9]
39 1062 [10]
160 952 [0]
314 799 [0]
367 749 [0]
164 953 [0]
68 1046 [3]
92 1026 [0]
101 1011 [6]
410 709 [0]
295 821 [3]
114 1007 [0]
376 745 [0]
322 800 [0]
378 744 [0]
216 908 [0]
59 1065 [0]
479 645 [0]
296 828 [0]
45 1070 [9]
128 997 [0]
198 917 [10]
410 705 [10]
399 724 [2]
486 640 [0]
438 689 [0]
151 976 [0]
10 1119 [0]
129 1001 [0]
518 611 [1]
80 1047 [3]
407 724 [0]
188 940 [3]
380 750 [1]
515 617 [0]
333 800 [0]
132 990 [11]
430 701 [2]
109 1017 [7]
322 812 [0]
106 1030 [0]
468 668 [0]
164 973 [0]
398 739 [0]
450 680 [7]
107 1025 [5]
435 703 [0]
473 656 [9]
120 1018 [0]
6 1133 [0]
157 982 [0]
486 653 [0]
501 633 [5]
164 971 [6]
42 1101 [0]
434 709 [0]
553 590 [0]
251 884 [8]
114 1030 [0]
177 964 [3]
185 960 [0]
476 669 [0]
239 906 [0]
283 862 [0]
98 1047 [0]
99 1041 [5]
76 1061 [8]
6 1141 [0]
103 1044 [0]
433 714 [0]
512 636 [0]
160 979 [9]
81 1065 [2]
452 686 [11]
393 753 [3]
385 758 [6]
412 738 [0]
415 736 [0]
163 988 [0]
454 696 [1]
32 1119 [0]
499 653 [0]
475 678 [0]
560 594 [0]
369 785 [0]
567 587 [0]
545 611 [0]
205 940 [11]
318 837 [2]
323 830 [5]
124 1036 [0]
430 724 [8]
507 650 [5]
27 1124 [11]
247 917 [0]
239 926 [0]
328 837 [0]
203 954 [8]
261 900 [4]
382 783 [0]
303 857 [7]
139 1030 [0]
331 838 [0]
568 601 [0]
527 643 [0]
126 1040 [4]
273 895 [2]
546 620 [4]
226 945 [0]
575 596 [0]
500 667 [4]
220 952 [0]
356 812 [4]
49 1125 [0]
381 784 [9]
79 1092 [3]
455 714 [5]
33 1142 [0]
165 1010 [0]
249 926 [0]
483 694 [0]
425 747 [5]
390 788 [0]
402 775 [1]
13 1165 [0]
370 803 [5]
268 911 [0]
444 734 [1]
571 608 [0]
459 710 [11]
433 744 [5]
395 782 [7]
532 652 [0]
172 1014 [0]
382 795 [9]
521 666 [0]
16 1165 [7]
378 809 [1]
3 1186 [0]
363 826 [0]
508 681 [0]
66 1121 [3]
192 1000 [0]
485 703 [4]
327 859 [7]
531 663 [0]
390 805 [0]
384 807 [4]
359 829 [8]
38 1150 [8]
463 734 [0]
257 940 [0]
155 1043 [0]
364 823 [11]
234 963 [1]
104 1095 [0]
504 692 [3]
378 818 [3]
92 1103 [4]
446 753 [0]
313 886 [0]
355 845 [0]
431 761 [9]
71 1131 [0]
282 920 [0]
574 629 [0]
293 906 [4]
449 754 [0]
493 707 [3]
343 856 [5]
390 803 [11]
385 820 [0]
430 776 [0]
368 838 [0]
337 865 [5]
178 1030 [0]
530 670 [8]
19 1189 [0]
183 1026 [0]
146 1064 [0]
148 1062 [0]
179 1032 [0]
106 1094 [11]
350 861 [0]
551 661 [0]
236 976 [0]
179 1034 [0]
269 944 [0]
313 899 [1]
45 1169 [0]
578 636 [0]
128 1087 [0]
140 1076 [0]
375 841 [0]
171 1046 [0]
196 1021 [0]
562 655 [0]
597 620 [0]
479 729 [9]
547 669 [1]
169 1041 [7]
430 780 [8]
308 911 [0]
450 770 [0]
468 753 [0]
45 1166 [10]
283 938 [1]
121 1094 [7]
405 819 [0]
469 744 [11]
25 1199 [0]
201 1022 [1]
598 627 [0]
383 843 [0]
246 978 [2]
258 970 [0]
307 921 [0]
431 797 [0]
0 1222 [6]
187 1039 [2]
568 661 [0]
151 1068 [10]
228 1002 [0]
592 638 [0]
36 1193 [1]
127 1103 [0]
498 733 [0]
547 684 [0]
396 835 [0]
371 860 [0]
126 1102 [4]
378 855 [0]
347 884 [2]
229 1005 [0]
219 1017 [0]
347 889 [0]
113 1113 [11]
254 977 [6]
537 696 [4]
198 1032 [8]
38 1201 [0]
402 831 [6]
539 700 [0]
162 1078 [0]
578 663 [0]
65 1177 [0]
130 1112 [0]
254 989 [0]
370 866 [8]
425 811 [9]
284 963 [0]
611 636 [0]
277 966 [5]
389 854 [5]
292 957 [0]
15 1235 [0]
158 1092 [0]
158 1086 [6]
473 777 [0]
121 1130 [0]
241 1010 [0]
61 1184 [6]
501 745 [6]
36 1217 [0]
48 1199 [6]
567 685 [1]
626 628 [0]
308 944 [2]
304 951 [0]
537 715 [3]
47 1202 [6]
613 643 [0]
332 925 [0]
599 657 [2]
171 1083 [4]
137 1122 [0]
580 681 [0]
430 832 [0]
302 950 [10]
197 1063 [2]
590 669 [3]
238 1017 [7]
293 965 [5]
433 830 [0]
46 1212 [5]
310 954 [0]
514 750 [0]
101 1164 [0]
326 939 [0]
356 909 [0]
599 666 [1]
602 665 [0]
522 745 [0]
340 922 [6]
504 765 [0]
181 1077 [11]
474 788 [7]
580 689 [1]
446 825 [0]
606 665 [0]
365 895 [11]
406 865 [0]
329 943 [0]
472 801 [0]
562 710 [1]
607 667 [0]
300 975 [0]
591 680 [5]
547 728 [1]
203 1074 [0]
339 938 [0]
314 964 [0]
444 834 [0]
389 890 [0]
18 1251 [10]
390 886 [4]
113 1168 [0]
163 1118 [0]
614 667 [0]
386 897 [0]
289 992 [3]
528 756 [0]
359 926 [0]
191 1094 [0]
150 1134 [1]
499 783 [5]
31 1256 [0]
423 865 [0]
633 654 [2]
99 1187 [4]
15 1274 [1]
29 1258 [3]
201 1090 [0]
352 939 [0]
479 803 [9]
256 1036 [0]
555 737 [0]
344 945 [3]
631 661 [0]
512 777 [3]
92 1194 [6]
94 1199 [0]
144 1143 [6]
533 756 [4]
227 1067 [0]
492 802 [0]
630 665 [0]
223 1070 [3]
321 975 [0]
124 1168 [4]
253 1044 [0]
57 1235 [5]
593 698 [6]
472 814 [11]
366 932 [0]
24 1274 [2]
498 803 [0]
536 765 [0]
460 841 [0]
42 1259 [1]
275 1027 [0]
149 1154 [0]
81 1222 [0]
338 961 [5]
515 790 [0]
471 834 [0]
380 926 [0]
62 1245 [0]
537 767 [3]
491 817 [0]
551 757 [0]
141 1166 [1]
72 1236 [1]
561 748 [0]
148 1162 [0]
91 1219 [0]
629 681 [0]
576 731 [3]
59 1252 [0]
568 741 [2]
254 1051 [6]
95 1209 [8]
295 1018 [0]
503 808 [2]
655 659 [0]
5 1312 [0]
58 1259 [0]
103 1215 [0]
551 763 [6]
87 1224 [9]
627 694 [0]
467 854 [0]
400 922 [0]
428 894 [0]
542 780 [0]
577 739 [6]
511 807 [4]
287 1036 [0]
479 844 [0]
632 691 [0]
498 826 [0]
544 780 [0]
346 975 [3]
86 1239 [0]
471 854 [0]
73 1253 [0]
500 826 [0]
507 819 [0]
623 703 [0]
186 1135 [5]
71 1254 [1]
104 1224 [0]
409 920 [0]
224 1102 [3]
431 889 [9]
423 907 [0]
229 1095 [7]
461 870 [0]
60 1272 [0]
231 1094 [7]
541 791 [0]
252 1080 [0]
42 1291 [0]
369 964 [0]
482 851 [0]
629 704 [0]
401 932 [0]
496 837 [0]
524 810 [0]
60 1271 [3]
106 1229 [0]
526 809 [0]
33 1303 [0]
453 883 [0]
453 884 [0]
462 875 [0]
634 703 [0]
228 1102 [7]
337 995 [6]
5 1322 [11]
542 791 [6]
632 703 [4]
175 1165 [0]
488 852 [0]
287 1049 [4]
132 1205 [3]
188 1152 [0]
228 1104 [8]
464 867 [10]
573 769 [0]
247 1092 [3]
403 937 [3]
618 725 [0]
17 1327 [0]
390 954 [0]
281 1055 [8]
1 1341 [3]
535 810 [0]
671 674 [0]
242 1103 [0]
218 1121 [6]
40 1299 [6]
213 1132 [0]
543 791 [11]
500 843 [3]
343 1000 [3]
523 823 [0]
542 805 [0]
66 1282 [0]
649 699 [0]
93 1252 [3]
2 1344 [2]
382 967 [0]
182 1164 [3]
600 748 [1]
250 1100 [0]
493 857 [0]
464 887 [0]
451 897 [3]
34 1310 [8]
86 1261 [5]
177 1167 [8]
391 957 [5]
129 1221 [3]
100 1250 [3]
503 847 [4]
667 688 [0]
473 874 [8]
6 1343 [9]
5 1354 [0]
469 891 [0]
558 802 [0]
375 986 [0]
14 1336 [11]
458 903 [0]
137 1219 [5]
334 1019 [8]
132 1229 [2]
600 758 [6]
666 699 [1]
313 1052 [1]
333 1034 [0]
335 1033 [0]
390 978 [0]
418 950 [0]
420 948 [0]
410 948 [11]
550 813 [6]
321 1050 [0]
230 1141 [0]
643 728 [0]
430 930 [11]
556 815 [0]
147 1225 [0]
596 776 [0]
484 889 [0]
296 1077 [0]
187 1187 [0]
604 771 [0]
608 768 [0]
671 705 [0]
467 907 [2]
476 901 [0]
581 796 [0]
125 1253 [0]
439 938 [1]
619 750 [10]
273 1103 [4]
117 1259 [4]
480 900 [0]
376 1006 [0]
259 1124 [0]
39 1338 [6]
90 1292 [2]
327 1051 [6]
619 765 [0]
49 1336 [0]
590 795 [0]
152 1223 [10]
140 1239 [6]
54 1332 [0]
63 1323 [0]
166 1220 [0]
467 919 [0]
312 1074 [0]
643 736 [7]
527 860 [0]
588 799 [0]
648 739 [0]
552 835 [0]
634 754 [0]
640 743 [6]
536 853 [0]
593 792 [4]
383 1007 [0]
117 1273 [0]
259 1132 [0]
506 884 [1]
366 1025 [0]
519 870 [2]
215 1177 [0]
391 993 [8]
561 828 [3]
288 1101 [3]
34 1351 [7]
465 929 [0]
209 1185 [0]
130 1265 [0]
392 1001 [3]
576 817 [3]
470 926 [0]
534 863 [0]
486 900 [11]
418 980 [0]
1 1389 [8]
212 1175 [11]
238 1162 [0]
599 801 [0]
543 850 [7]
561 834 [5]
647 754 [0]
682 719 [0]
550 851 [0]
143 1259 [0]
114 1277 [11]
609 784 [10]
378 1017 [9]
341 1063 [0]
9 1387 [8]
332 1065 [7]
469 936 [0]
195 1202 [8]
387 1020 [0]
650 757 [0]
162 1238 [7]
214 1193 [0]
192 1217 [0]
360 1049 [0]
166 1244 [0]
78 1330 [2]
489 923 [0]
233 1179 [0]
216 1197 [0]
224 1189 [0]
595 818 [0]
558 849 [6]
97 1317 [0]
671 743 [0]
432 982 [0]
130 1275 [10]
179 1230 [7]
420 989 [7]
400 1008 [8]
260 1146 [10]
376 1040 [1]
193 1218 [7]
34 1375 [9]
518 901 [0]
671 748 [0]
284 1129 [7]
497 925 [0]
159 1256 [7]
275 1148 [0]
516 907 [0]
11 1413 [0]
31 1393 [0]
35 1389 [0]
517 907 [0]
205 1215 [4]
698 727 [0]
394 1031 [0]
502 923 [0]
252 1174 [0]
172 1254 [0]
626 790 [11]
129 1295 [3]
374 1043 [11]
618 809 [1]
409 1020 [0]
572 859 [0]
663 764 [4]
606 825 [0]
511 919 [2]
422 1011 [0]
345 1089 [0]
575 859 [0]
591 844 [0]
191 1245 [0]
648 789 [0]
292 1146 [0]
546 893 [0]
524 905 [10]
323 1117 [0]
314 1116 [10]
630 808 [2]
127 1314 [0]
152 1289 [0]
619 822 [0]
618 814 [9]
199 1244 [0]
226 1217 [0]
538 905 [0]
0 1444 [0]
280 1157 [7]
681 757 [6]
93 1352 [0]
241 1204 [0]
537 908 [0]
391 1044 [11]
150 1291 [6]
323 1119 [5]
348 1100 [0]
425 1018 [5]
360 1080 [8]
225 1224 [0]
561 888 [0]
647 792 [11]
158 1293 [0]
42 1410 [0]
594 852 [6]
258 1195 [0]
97 1357 [0]
239 1215 [0]
208 1246 [0]
461 991 [2]
547 901 [6]
467 988 [0]
66 1387 [2]
245 1211 [0]
379 1077 [0]
408 1048 [0]
575 872 [9]
165 1292 [0]
153 1304 [0]
266 1192 [0]
478 980 [0]
293 1156 [9]
220 1239 [0]
699 761 [0]
65 1395 [1]
230 1221 [10]
464 998 [0]
160 1299 [3]
33 1427 [3]
59 1394 [10]
78 1379 [6]
559 904 [0]
567 886 [11]
115 1341 [8]
54 1411 [0]
360 1096 [9]
653 813 [0]
104 1363 [0]
608 855 [4]
381 1087 [0]
538 928 [2]
156 1312 [0]
476 993 [0]
214 1254 [0]
15 1455 [0]
28 1442 [0]
195 1275 [0]
113 1352 [6]
389 1083 [0]
12 1459 [1]
337 1130 [5]
122 1351 [0]
452 1021 [0]
685 788 [0]
506 967 [0]
101 1373 [0]
134 1340 [0]
716 758 [0]
530 934 [10]
385 1087 [2]
101 1368 [5]
484 992 [0]
725 751 [0]
20 1456 [0]
329 1147 [0]
462 1015 [0]
732 743 [2]
475 1002 [0]
274 1204 [0]
286 1192 [0]
28 1441 [9]
385 1082 [11]
633 846 [0]
238 1245 [0]
399 1084 [0]
430 1045 [8]
499 981 [3]
307 1171 [5]
500 981 [3]
154 1331 [0]
119 1356 [11]
325 1162 [0]
413 1067 [8]
288 1198 [2]
473 1016 [0]
710 779 [0]
74 1413 [3]
7 1484 [0]
452 1033 [6]
72 1413 [6]
392 1100 [0]
683 810 [0]
44 1446 [3]
480 1014 [0]
185 1306 [3]
42 1451 [1]
602 890 [2]
66 1425 [3]
129 1366 [0]
478 1013 [4]
520 976 [0]
387 1108 [1]
568 926 [2]
346 1151 [0]
523 964 [10]
235 1262 [0]
403 1095 [0]
36 1463 [0]
239 1260 [0]
327 1165 [7]
112 1388 [0]
616 878 [6]
357 1132 [11]
243 1247 [10]
70 1425 [6]
447 1044 [10]
548 946 [8]
402 1097 [3]
541 962 [0]
543 960 [0]
403 1091 [9]
259 1238 [7]
18 1486 [0]
58 1438 [8]
379 1126 [0]
102 1397 [6]
118 1380 [7]
503 995 [8]
486 1015 [5]
157 1346 [6]
57 1453 [0]
695 816 [0]
250 1262 [0]
676 836 [0]
555 957 [0]
141 1370 [1]
668 845 [0]
123 1384 [6]
197 1317 [0]
160 1346 [8]
24 1482 [8]
450 1065 [0]
649 867 [0]
715 801 [0]
512 1004 [0]
424 1085 [7]
567 938 [11]
357 1160 [0]
217 1290 [10]
739 769 [9]
128 1390 [0]
274 1244 [0]
426 1092 [0]
503 1015 [0]
428 1080 [10]
642 866 [10]
606 913 [0]
127 1383 [9]
497 1016 [6]
267 1253 [0]
340 1177 [3]
20 1500 [0]
702 820 [0]
173 1346 [3]
274 1249 [0]
92 1425 [6]
37 1487 [0]
356 1168 [0]
672 852 [0]
111 1405 [8]
673 849 [3]
667 857 [1]
50 1476 [0]
327 1199 [0]
589 938 [0]
628 899 [0]
410 1116 [2]
48 1479 [1]
685 833 [10]
651 878 [0]
673 856 [0]
74 1452 [3]
216 1314 [0]
578 941 [11]
421 1110 [0]
623 908 [0]
444 1086 [1]
59 1462 [10]
344 1186 [2]
433 1092 [7]
290 1242 [0]
10 1523 [0]
481 1052 [0]
485 1049 [0]
688 846 [0]
3 1522 [9]
686 846 [2]
50 1482 [3]
57 1479 [0]
726 810 [0]
281 1253 [2]
429 1109 [0]
591 947 [0]
687 851 [0]
220 1315 [4]
370 1170 [0]
502 1037 [1]
412 1118 [10]
524 1017 [0]
744 792 [5]
576 966 [0]
84 1447 [11]
241 1297 [5]
206 1337 [0]
367 1168 [9]
572 968 [4]
67 1478 [0]
19 1522 [4]
760 785 [0]
614 920 [11]
721 820 [5]
203 1338 [5]
49 1498 [0]
759 784 [4]
46 1501 [0]
463 1080 [4]
324 1223 [0]
665 876 [6]
725 821 [3]
567 979 [3]
133 1414 [3]
689 861 [0]
37 1514 [0]
118 1433 [0]
273 1276 [3]
318 1235 [0]
233 1316 [4]
297 1257 [0]
323 1223 [8]
649 899 [6]
205 1350 [0]
95 1454 [6]
205 1351 [0]
215 1341 [0]
461 1090 [6]
343 1208 [6]
693 859 [5]
598 960 [0]
534 1025 [0]
659 900 [0]
167 1393 [0]
304 1257 [0]
718 843 [0]
55 1500 [6]
550 1003 [8]
754 802 [5]
244 1314 [3]
231 1331 [0]
582 979 [1]
575 989 [0]
178 1387 [0]
694 871 [0]
266 1297 [2]
113 1446 [6]
647 919 [0]
143 1413 [10]
305 1253 [8]
29 1529 [10]
683 886 [0]
179 1390 [0]
52 1517 [0]
439 1130 [0]
603 966 [0]
752 817 [0]
134 1436 [0]
370 1200 [0]
392 1178 [0]
692 879 [0]
541 1024 [6]
93 1479 [0]
264 1308 [0]
457 1115 [0]
474 1099 [0]
677 896 [0]
744 819 [10]
371 1197 [5]
599 971 [3]
155 1411 [8]
80 1491 [3]
4 1563 [7]
717 856 [1]
176 1389 [9]
475 1100 [0]
307 1268 [0]
66 1506 [3]
698 878 [0]
89 1488 [0]
290 1280 [7]
53 1524 [0]
65 1506 [6]
551 1027 [0]
600 978 [0]
700 878 [0]
535 1034 [10]
698 882 [0]
347 1229 [4]
596 973 [11]
208 1362 [10]
11 1567 [3]
758 815 [8]
752 830 [0]
190 1393 [0]
548 1027 [8]
518 1066 [0]
785 789 [10]
344 1237 [3]
645 940 [0]
766 812 [7]
569 1016 [0]
356 1219 [11]
165 1417 [4]
95 1492 [0]
34 1550 [3]
91 1491 [8]
250 1341 [0]
253 1332 [6]
729 857 [5]
113 1476 [3]
631 953 [9]
521 1072 [0]
227 1368 [0]
547 1039 [9]
484 1110 [2]
145 1443 [8]
653 943 [2]
247 1342 [9]
446 1153 [0]
291 1299 [9]
359 1239 [3]
720 881 [0]
411 1191 [0]
20 1571 [11]
751 848 [3]
714 888 [0]
524 1079 [0]
731 872 [0]
348 1250 [5]
178 1416 [9]
721 878 [5]
679 926 [0]
331 1267 [7]
257 1342 [7]
537 1065 [4]
274 1327 [5]
477 1122 [7]
640 967 [0]
480 1123 [4]
519 1088 [0]
719 889 [0]
348 1261 [0]
608 1001 [0]
113 1497 [0]
166 1444 [0]
727 883 [0]
472 1139 [0]
770 833 [8]
254 1358 [0]
562 1049 [1]
225 1381 [6]
120 1481 [11]
554 1059 [0]
417 1188 [8]
346 1264 [3]
520 1093 [0]
257 1347 [10]
223 1385 [7]
407 1207 [1]
168 1438 [10]
360 1247 [10]
798 819 [0]
637 970 [10]
695 923 [0]
710 908 [0]
154 1464 [0]
222 1397 [0]
591 1028 [0]
72 1541 [6]
80 1540 [0]
488 1133 [0]
263 1349 [9]
809 812 [0]
780 835 [6]
611 1011 [0]
258 1358 [6]
202 1412 [9]
297 1325 [1]
572 1052 [0]
228 1389 [7]
158 1465 [2]
264 1362 [0]
600 1026 [0]
125 1497 [4]
559 1067 [1]
216 1408 [4]
545 1072 [11]
61 1568 [0]
698 931 [0]
642 980 [7]
68 1558 [4]
562 1058 [10]
55 1576 [0]
563 1068 [0]
610 1021 [0]
575 1048 [8]
562 1060 [9]
145 1483 [3]
152 1480 [0]
645 985 [2]
216 1417 [0]
459 1174 [0]
415 1217 [1]
568 1054 [11]
120 1506 [7]
220 1415 [0]
392 1243 [0]
472 1153 [10]
241 1385 [9]
280 1356 [0]
403 1224 [9]
460 1176 [0]
301 1336 [0]
550 1079 [8]
167 1462 [8]
121 1513 [3]
182 1456 [0]
512 1122 [4]
173 1460 [5]
239 1392 [8]
223 1410 [6]
264 1368 [7]
543 1089 [7]
424 1216 [0]
692 948 [0]
54 1576 [10]
622 1018 [0]
259 1379 [2]
602 1036 [2]
500 1141 [0]
548 1084 [10]
267 1373 [2]
551 1092 [0]
571 1073 [0]
661 984 [0]
749 896 [0]
282 1358 [5]
161 1485 [0]
499 1147 [0]
304 1343 [0]
565 1082 [0]
290 1358 [0]
230 1414 [4]
500 1146 [2]
365 1277 [7]
665 978 [6]
592 1056 [2]
446 1205 [0]
496 1155 [0]
146 1506 [0]
687 963 [2]
576 1076 [0]
349 1303 [0]
192 1461 [0]
223 1424 [6]
410 1237 [6]
239 1416 [0]
402 1253 [0]
94 1562 [0]
232 1424 [0]
164 1484 [8]
496 1161 [0]
669 988 [0]
186 1461 [10]
173 1479 [5]
386 1272 [0]
366 1288 [4]
117 1541 [0]
189 1470 [0]
540 1119 [0]
104 1552 [3]
699 956 [4]
631 1029 [0]
479 1179 [2]
746 907 [7]
766 883 [11]
370 1291 [0]
677 985 [0]
450 1213 [0]
339 1325 [0]
171 1487 [6]
153 1512 [0]
455 1202 [8]
763 891 [11]
591 1064 [10]
496 1170 [0]
253 1415 [0]
589 1079 [0]
183 1477 [8]
640 1026 [2]
118 1540 [11]
821 848 [0]
785 873 [11]
413 1248 [8]
260 1410 [0]
507 1163 [0]
86 1585 [0]
189 1482 [0]
826 845 [0]
287 1378 [6]
331 1338 [2]
684 982 [6]
199 1469 [5]
579 1095 [0]
806 868 [0]
505 1166 [3]
91 1584 [0]
771 904 [0]
223 1453 [0]
549 1127 [0]
817 859 [0]
719 947 [10]
142 1535 [0]
192 1485 [0]
444 1233 [0]
149 1523 [5]
541 1135 [1]
773 904 [0]
416 1262 [0]
468 1209 [1]
215 1464 [0]
438 1241 [0]
786 893 [0]
305 1369 [6]
653 1017 [10]
517 1164 [0]
496 1178 [7]
480 1200 [2]
349 1334 [0]
583 1100 [0]
708 970 [5]
132 1542 [9]
613 1070 [0]
291 1385 [7]
515 1169 [0]
467 1213 [4]
460 1217 [8]
204 1474 [8]
415 1268 [4]
531 1145 [11]
209 1479 [0]
312 1369 [7]
101 1588 [0]
157 1532 [0]
463 1226 [0]
385 1301 [3]
674 1016 [0]
729 961 [0]
222 1459 [10]
525 1155 [11]
552 1140 [0]
418 1266 [8]
450 1239 [3]
673 1018 [2]
232 1460 [1]
655 1031 [7]
203 1486 [4]
401 1293 [0]
842 852 [0]
228 1460 [6]
478 1215 [1]
402 1286 [6]
413 1281 [0]
197 1498 [0]
409 1286 [0]
493 1197 [5]
695 1002 [0]
477 1220 [0]
728 969 [0]
403 1295 [0]
478 1220 [0]
494 1204 [0]
466 1222 [10]
534 1155 [9]
503 1196 [0]
564 1135 [0]
561 1128 [11]
529 1171 [0]
436 1266 [0]
362 1336 [4]
537 1154 [11]
738 965 [0]
153 1551 [0]
561 1143 [0]
494 1206 [4]
321 1384 [0]
210 1488 [7]
817 889 [0]
709 997 [0]
379 1329 [0]
848 861 [0]
510 1191 [8]
780 919 [10]
458 1252 [0]
125 1577 [8]
823 887 [0]
371 1335 [5]
710 993 [8]
136 1568 [8]
650 1063 [0]
343 1367 [3]
401 1313 [0]
343 1363 [8]
483 1231 [0]
523 1185 [6]
198 1506 [10]
776 929 [9]
548 1167 [0]
851 864 [0]
287 1430 [0]
605 1112 [0]
613 1104 [0]
203 1511 [3]
336 1381 [0]
415 1302 [0]
403 1315 [0]
846 872 [0]
454 1260 [4]
591 1127 [0]
191 1528 [0]
299 1420 [0]
766 953 [0]
800 919 [0]
515 1199 [5]
264 1456 [0]
184 1534 [2]
290 1422 [8]
337 1376 [8]
365 1349 [7]
174 1543 [4]
128 1595 [0]
175 1548 [0]
544 1179 [0]
768 953 [2]
793 919 [11]
291 1433 [0]
627 1097 [0]
831 893 [0]
462 1254 [8]
422 1302 [1]
367 1349 [9]
279 1447 [0]
528 1192 [6]
480 1246 [0]
132 1592 [2]
399 1329 [0]
762 966 [0]
672 1054 [3]
406 1317 [6]
437 1292 [0]
801 929 [0]
448 1283 [0]
359 1363 [9]
276 1456 [0]
230 1492 [10]
336 1393 [3]
757 976 [0]
503 1222 [8]
493 1241 [0]
258 1472 [4]
177 1558 [0]
659 1076 [0]
734 1001 [0]
281 1455 [0]
358 1378 [0]
820 916 [0]
717 1019 [0]
645 1090 [2]
629 1109 [0]
514 1224 [1]
220 1520 [0]
758 982 [0]
684 1050 [6]
723 1009 [9]
618 1121 [3]
384 1349 [9]
411 1329 [2]
525 1218 [0]
647 1096 [0]
236 1508 [0]
274 1471 [0]
605 1140 [0]
818 927 [0]
207 1529 [9]
407 1339 [0]
643 1103 [0]
862 884 [0]
309 1437 [0]
195 1549 [3]
431 1313 [4]
668 1069 [11]
395 1346 [7]
578 1170 [1]
734 1008 [7]
175 1575 [0]
293 1457 [0]
779 972 [0]
287 1461 [3]
571 1169 [11]
170 1578 [3]
428 1316 [8]
361 1391 [0]
600 1150 [2]
628 1126 [0]
347 1397 [10]
232 1523 [0]
405 1347 [3]
377 1379 [0]
372 1382 [3]
739 1016 [2]
402 1356 [0]
463 1295 [0]
615 1139 [4]
396 1351 [11]
772 986 [0]
584 1174 [0]
423 1336 [0]
285 1470 [4]
181 1576 [2]
407 1353 [0]
322 1440 [0]
578 1184 [0]
667 1095 [0]
753 1009 [0]
405 1356 [1]
606 1157 [0]
219 1542 [2]
594 1162 [7]
444 1320 [0]
828 936 [0]
505 1251 [8]
384 1380 [0]
564 1201 [0]
593 1172 [0]
872 891 [2]
445 1321 [0]
193 1572 [2]
489 1280 [0]
689 1077 [3]
555 1215 [0]
593 1177 [0]
879 891 [0]
368 1392 [10]
240 1530 [0]
476 1288 [7]
199 1572 [0]
826 934 [11]
173 1599 [0]
579 1182 [11]
617 1155 [0]
751 1022 [0]
797 977 [0]
312 1456 [8]
340 1428 [8]
868 900 [8]
338 1428 [10]
535 1242 [0]
834 943 [0]
673 1104 [0]
288 1490 [0]
883 887 [8]
649 1131 [0]
201 1571 [8]
761 1015 [4]
574 1202 [8]
410 1372 [2]
285 1498 [2]
839 938 [8]
197 1584 [4]
233 1554 [0]
593 1194 [0]
808 979 [0]
767 1021 [0]
794 995 [0]
677 1106 [7]
874 913 [3]
336 1454 [0]
391 1401 [0]
855 937 [0]
523 1260 [9]
471 1318 [3]
440 1353 [0]
564 1230 [0]
637 1157 [0]
453 1331 [11]
363 1432 [0]
192 1597 [6]
703 1082 [11]
200 1597 [0]
577 1220 [0]
777 1020 [0]
885 912 [0]
474 1317 [7]
556 1240 [4]
377 1424 [0]
605 1194 [2]
234 1564 [3]
379 1423 [0]
683 1114 [5]
391 1403 [9]
711 1093 [0]
409 1396 [0]
750 1049 [6]
473 1333 [0]
558 1248 [0]
772 1034 [0]
847 960 [0]
510 1298 [0]
673 1135 [0]
797 1011 [0]
791 1018 [0]
429 1377 [3]
512 1290 [7]
282 1528 [0]
403 1407 [0]
343 1464 [3]
398 1414 [0]
389 1414 [9]
803 1010 [0]
744 1062 [8]
283 1527 [4]
527 1280 [8]
769 1046 [0]
589 1227 [0]
536 1281 [0]
642 1175 [0]
418 1400 [0]
868 950 [0]
531 1288 [0]
523 1293 [3]
473 1344 [2]
319 1501 [0]
692 1128 [0]
676 1141 [3]
689 1132 [0]
264 1558 [0]
407 1415 [0]
833 989 [0]
236 1576 [10]
636 1177 [9]
456 1365 [1]
708 1114 [0]
671 1152 [0]
233 1590 [0]
848 976 [0]
413 1412 [0]
516 1309 [0]
703 1115 [7]
569 1257 [0]
621 1196 [9]
687 1131 [8]
224 1597 [5]
460 1367 [0]
558 1258 [11]
476 1350 [1]
433 1383 [11]
400 1428 [0]
720 1108 [0]
709 1114 [5]
298 1531 [0]
532 1297 [0]
536 1293 [0]
649 1169 [11]
426 1405 [0]
714 1114 [3]
586 1245 [0]
474 1350 [8]
229 1594 [10]
632 1200 [2]
719 1115 [0]
662 1173 [0]
233 1598 [4]
534 1294 [7]
417 1418 [1]
604 1233 [0]
324 1513 [0]
610 1224 [3]
493 1338 [6]
273 1556 [8]
629 1209 [0]
698 1140 [0]
869 969 [0]
400 1432 [6]
568 1271 [0]
488 1351 [0]
905 935 [0]
885 955 [0]
505 1327 [8]
733 1107 [0]
300 1536 [4]
869 963 [9]
868 974 [0]
507 1326 [9]
268 1570 [4]
269 1574 [0]
477 1366 [0]
677 1166 [0]
253 1588 [2]
545 1291 [7]
333 1510 [2]
464 1372 [9]
890 956 [0]
763 1084 [0]
285 1553 [9]
903 943 [1]
564 1276 [7]
729 1120 [0]
821 1018 [10]
632 1218 [0]
813 1037 [0]
431 1419 [0]
535 1313 [2]
420 1431 [0]
455 1387 [9]
634 1219 [0]
708 1145 [0]
461 1383 [9]
821 1025 [7]
470 1378 [5]
308 1538 [7]
453 1389 [11]
541 1313 [0]
867 987 [0]
861 985 [8]
366 1490 [0]
672 1184 [0]
927 929 [0]
846 999 [11]
303 1554 [0]
379 1469 [9]
558 1300 [0]
506 1352 [0]
732 1124 [2]
688 1170 [0]
742 1116 [0]
585 1274 [0]
612 1247 [0]
625 1234 [0]
308 1544 [7]
462 1387 [11]
524 1337 [0]
670 1192 [0]
474 1389 [0]
486 1377 [0]
924 940 [0]
540 1316 [8]
383 1482 [0]
748 1117 [0]
824 1043 [0]
490 1378 [0]
539 1329 [0]
602 1264 [5]
872 995 [4]
675 1197 [0]
514 1358 [0]
731 1137 [4]
743 1130 [0]
624 1250 [0]
741 1133 [0]
852 1022 [0]
543 1327 [4]
692 1178 [4]
882 983 [9]
583 1292 [0]
491 1384 [0]
550 1316 [10]
576 1297 [3]
351 1526 [0]
667 1208 [2]
420 1458 [0]
613 1265 [0]
822 1048 [8]
815 1060 [4]
501 1379 [0]
776 1104 [0]
788 1090 [3]
332 1546 [3]
294 1588 [0]
626 1250 [7]
673 1203 [7]
525 1350 [9]
703 1182 [0]
428 1457 [0]
705 1180 [0]
839 1046 [0]
843 1042 [0]
892 993 [0]
864 1022 [0]
659 1225 [3]
774 1114 [0]
857 1031 [0]
581 1308 [0]
880 1009 [0]
365 1525 [0]
754 1135 [1]
913 971 [6]
818 1065 [8]
382 1510 [0]
425 1467 [0]
448 1434 [10]
346 1542 [4]
841 1042 [9]
398 1487 [7]
783 1110 [0]
345 1546 [2]
396 1489 [10]
732 1163 [0]
943 950 [2]
876 1019 [0]
497 1399 [0]
442 1454 [0]
828 1067 [3]
299 1598 [2]
586 1308 [5]
835 1055 [10]
603 1297 [0]
394 1507 [0]
421 1480 [0]
922 979 [0]
420 1473 [8]
696 1207 [0]
717 1187 [0]
754 1150 [0]
430 1467 [7]
428 1470 [7]
412 1494 [0]
435 1472 [0]
725 1179 [6]
415 1496 [0]
510 1390 [11]
607 1302 [2]
449 1456 [6]
369 1542 [1]
470 1443 [0]
586 1319 [8]
409 1505 [0]
333 1574 [8]
670 1247 [0]
805 1110 [2]
325 1593 [0]
719 1199 [0]
522 1392 [5]
581 1338 [0]
556 1355 [8]
738 1183 [0]
708 1203 [10]
598 1323 [0]
431 1491 [0]
733 1189 [0]
630 1285 [7]
860 1054 [8]
368 1555 [0]
831 1092 [0]
543 1370 [10]
351 1573 [0]
692 1232 [0]
912 1002 [10]
657 1268 [0]
698 1222 [5]
922 1003 [0]
730 1196 [0]
906 1020 [0]
943 984 [0]
606 1313 [8]
530 1387 [10]
715 1212 [0]
679 1245 [3]
830 1092 [7]
689 1231 [10]
408 1524 [0]
527 1405 [0]
477 1448 [7]
399 1531 [2]
553 1380 [0]
721 1213 [0]
388 1546 [0]
660 1271 [3]
653 1282 [0]
574 1355 [6]
939 996 [0]
960 969 [6]
674 1262 [0]
955 982 [0]
507 1424 [8]
606 1324 [10]
472 1469 [0]
805 1136 [0]
842 1092 [7]
352 1590 [0]
966 976 [0]
803 1139 [0]
503 1429 [10]
607 1333 [3]
707 1237 [0]
479 1458 [7]
466 1479 [0]
828 1118 [0]
490 1456 [0]
382 1557 [7]
869 1078 [0]
763 1181 [3]
596 1341 [10]
672 1276 [0]
822 1127 [0]
686 1259 [4]
848 1092 [9]
478 1462 [9]
492 1457 [0]
610 1340 [0]
496 1446 [8]
754 1195 [1]
487 1463 [0]
526 1426 [0]
684 1263 [5]
580 1362 [10]
417 1536 [0]
380 1567 [6]
870 1082 [1]
605 1345 [5]
383 1573 [0]
915 1041 [0]
466 1484 [7]
734 1216 [7]
922 1036 [0]
862 1089 [7]
971 988 [0]
882 1075 [2]
911 1044 [5]
372 1578 [10]
866 1095 [0]
453 1497 [11]
813 1149 [0]
976 981 [5]
707 1250 [5]
709 1247 [8]
817 1148 [0]
741 1220 [4]
865 1099 [1]
606 1352 [8]
648 1318 [0]
621 1345 [0]
569 1400 [0]
971 998 [0]
416 1554 [0]
721 1250 [0]
469 1499 [4]
902 1071 [0]
746 1227 [0]
506 1466 [1]
754 1215 [4]
745 1230 [0]
457 1509 [9]
464 1510 [1]
700 1268 [7]
650 1325 [1]
551 1426 [0]
900 1075 [2]
832 1141 [5]
624 1355 [0]
779 1201 [0]
785 1195 [0]
801 1168 [11]
698 1276 [6]
659 1318 [3]
685 1293 [2]
978 1003 [0]
549 1432 [0]
561 1421 [0]
869 1113 [0]
765 1212 [5]
796 1188 [0]
913 1071 [0]
601 1378 [5]
988 992 [4]
690 1295 [0]
944 1032 [10]
672 1312 [2]
786 1192 [8]
669 1308 [9]
606 1382 [0]
738 1250 [0]
953 1036 [0]
626 1353 [10]
732 1258 [0]
752 1234 [4]
953 1029 [8]
732 1257 [1]
620 1371 [0]
621 1367 [4]
469 1524 [0]
480 1514 [0]
608 1386 [0]
676 1318 [0]
393 1599 [2]
994 998 [2]
937 1049 [8]
582 1406 [7]
460 1536 [0]
531 1461 [4]
609 1384 [3]
898 1099 [0]
613 1378 [7]
992 1006 [0]
413 1578 [7]
441 1559 [0]
850 1140 [10]
846 1146 [9]
455 1538 [8]
716 1286 [0]
560 1431 [11]
823 1175 [5]
522 1473 [9]
945 1059 [0]
423 1571 [11]
485 1523 [0]
717 1291 [0]
519 1480 [10]
961 1049 [0]
733 1270 [7]
649 1350 [11]
526 1485 [0]
613 1391 [8]
791 1220 [1]
977 1036 [0]
740 1271 [2]
946 1067 [0]
724 1290 [0]
569 1442 [4]
633 1380 [2]
574 1438 [3]
451 1565 [0]
907 1103 [6]
975 1042 [0]
451 1566 [0]
717 1293 [7]
959 1058 [0]
579 1430 [11]
550 1471 [0]
470 1550 [1]
477 1545 [0]
825 1196 [1]
605 1406 [11]
616 1407 [0]
679 1344 [0]
795 1220 [8]
916 1108 [0]
881 1143 [0]
625 1399 [0]
458 1567 [0]
746 1279 [0]
700 1318 [7]
497 1529 [0]
663 1363 [0]
497 1527 [2]
601 1426 [0]
671 1357 [0]
1003 1020 [6]
987 1044 [0]
545 1475 [11]
654 1378 [0]
448 1581 [3]
706 1326 [0]
573 1454 [5]
793 1240 [0]
822 1211 [0]
713 1320 [0]
957 1072 [4]
653 1372 [8]
728 1306 [0]
879 1153 [2]
681 1343 [10]
650 1384 [1]
526 1502 [7]
627 1409 [0]
786 1250 [0]
532 1504 [0]
632 1406 [0]
694 1344 [0]
928 1110 [0]
936 1103 [0]
648 1386 [5]
1005 1035 [0]
801 1239 [0]
489 1542 [9]
552 1489 [0]
624 1418 [0]
704 1338 [0]
840 1203 [0]
551 1493 [0]
879 1165 [0]
772 1273 [0]
998 1045 [2]
929 1116 [1]
582 1459 [6]
641 1406 [0]
638 1410 [0]
927 1114 [7]
861 1177 [10]
487 1560 [1]
913 1135 [1]
991 1059 [0]
841 1211 [0]
738 1308 [6]
680 1370 [2]
566 1486 [0]
939 1114 [0]
893 1152 [8]
696 1358 [0]
758 1296 [0]
780 1274 [0]
757 1292 [5]
747 1308 [0]
921 1134 [0]
775 1281 [0]
786 1270 [0]
618 1430 [8]
950 1105 [1]
704 1355 [0]
454 1596 [9]
875 1184 [0]
545 1511 [4]
542 1519 [0]
878 1183 [0]
851 1200 [10]
961 1102 [0]
463 1589 [11]
861 1195 [8]
569 1497 [0]
987 1079 [0]
858 1208 [0]
857 1204 [5]
502 1565 [0]
669 1399 [0]
489 1570 [9]
977 1082 [10]
510 1560 [0]
798 1272 [0]
951 1119 [0]
658 1412 [0]
808 1254 [8]
894 1176 [0]
729 1333 [8]
599 1472 [0]
622 1449 [0]
705 1367 [0]
949 1124 [0]
862 1203 [8]
973 1091 [9]
840 1233 [0]
885 1189 [0]
718 1356 [0]
997 1078 [0]
485 1591 [0]
848 1228 [0]
972 1103 [1]
957 1119 [2]
882 1194 [2]
523 1547 [8]
594 1474 [10]
822 1256 [0]
528 1551 [0]
882 1193 [5]
498 1573 [9]
892 1179 [9]
496 1574 [10]
986 1096 [0]
679 1396 [7]
886 1195 [1]
592 1487 [3]
763 1308 [11]
710 1373 [0]
963 1120 [0]
634 1441 [8]
990 1094 [0]
832 1244 [8]
579 1500 [5]
704 1379 [1]
547 1531 [6]
964 1117 [4]
757 1330 [0]
529 1557 [1]
749 1338 [1]
898 1184 [7]
919 1166 [4]
699 1392 [0]
622 1458 [11]
516 1576 [0]
978 1114 [0]
754 1332 [6]
642 1451 [0]
509 1584 [0]
522 1570 [1]
675 1418 [0]
803 1291 [0]
795 1299 [0]
660 1433 [2]
523 1562 [10]
664 1432 [0]
908 1188 [0]
907 1179 [10]
517 1580 [0]
841 1257 [0]
798 1294 [6]
993 1105 [0]
611 1490 [0]
884 1217 [0]
893 1210 [0]
569 1529 [5]
941 1163 [0]
836 1268 [0]
781 1321 [3]
864 1241 [0]
722 1384 [0]
566 1530 [10]
560 1547 [0]
678 1429 [0]
991 1116 [0]
572 1526 [9]
645 1463 [0]
1043 1065 [0]
767 1341 [0]
700 1409 [0]
914 1184 [11]
637 1473 [0]
744 1364 [2]
524 1576 [10]
569 1542 [0]
998 1111 [2]
618 1494 [0]
970 1142 [0]
1012 1101 [0]
671 1434 [9]
978 1136 [0]
697 1409 [9]
878 1228 [9]
952 1164 [0]
960 1146 [10]
615 1500 [1]
1007 1111 [0]
624 1484 [10]
607 1512 [0]
906 1213 [0]
608 1510 [1]
903 1217 [0]
804 1317 [0]
867 1247 [9]
778 1345 [0]
882 1242 [0]
987 1137 [0]
899 1214 [11]
625 1500 [0]
656 1471 [0]
986 1135 [6]
1044 1082 [1]
1031 1097 [0]
835 1291 [3]
544 1581 [4]
1052 1078 [0]
795 1335 [0]
990 1141 [0]
1020 1111 [0]
805 1315 [11]
551 1572 [9]
554 1579 [0]
876 1255 [4]
898 1237 [0]
806 1330 [0]
731 1406 [0]
747 1390 [0]
988 1150 [0]
755 1387 [0]
951 1187 [4]
856 1288 [0]
624 1510 [10]
1032 1108 [4]
1024 1121 [0]
924 1221 [0]
811 1336 [0]
829 1318 [0]
925 1222 [0]
951 1197 [0]
1036 1112 [0]
561 1588 [0]
614 1535 [0]
759 1392 [0]
567 1575 [9]
890 1261 [0]
670 1482 [0]
574 1572 [6]
654 1490 [8]
561 1581 [10]
854 1299 [0]
557 1597 [0]
1024 1131 [0]
785 1360 [10]
609 1537 [9]
940 1215 [1]
949 1208 [0]
969 1181 [7]
906 1243 [10]
691 1469 [0]
710 1442 [8]
684 1471 [5]
799 1362 [0]
1012 1149 [0]
692 1470 [0]
722 1441 [0]
568 1590 [5]
887 1269 [8]
842 1322 [0]
975 1183 [7]
723 1441 [1]
707 1459 [0]
933 1233 [0]
719 1448 [0]
1033 1134 [0]
607 1562 [0]
1063 1106 [0]
819 1344 [6]
1064 1106 [0]
710 1459 [2]
759 1413 [0]
762 1410 [0]
840 1333 [0]
956 1215 [2]
699 1465 [9]
751 1414 [9]
1009 1166 [0]
619 1547 [9]
716 1455 [5]
1019 1149 [8]
643 1529 [4]
996 1180 [0]
700 1477 [0]
640 1528 [9]
642 1528 [7]
981 1197 [0]
719 1450 [9]
598 1580 [0]
668 1507 [4]
786 1394 [0]
833 1347 [0]
704 1469 [9]
697 1483 [2]
712 1459 [11]
811 1371 [1]
644 1529 [10]
603 1576 [5]
592 1584 [8]
802 1383 [0]
874 1313 [0]
909 1279 [0]
610 1578 [1]
713 1477 [0]
761 1429 [0]
713 1468 [9]
723 1456 [11]
1064 1117 [10]
751 1441 [0]
1041 1152 [0]
684 1504 [5]
673 1511 [9]
810 1384 [0]
658 1536 [0]
1034 1160 [0]
753 1442 [0]
835 1350 [10]
886 1300 [10]
1055 1142 [0]
635 1559 [5]
870 1327 [2]
614 1586 [0]
765 1430 [5]
739 1462 [0]
749 1453 [0]
1025 1173 [4]
809 1391 [2]
917 1286 [0]
970 1233 [0]
984 1208 [11]
1086 1118 [0]
797 1405 [2]
727 1478 [0]
1067 1138 [0]
688 1518 [0]
709 1498 [0]
942 1258 [7]
709 1499 [0]
863 1345 [0]
831 1366 [11]
1020 1186 [2]
827 1381 [0]
695 1508 [7]
839 1372 [0]
1057 1154 [0]
983 1227 [1]
1030 1181 [0]
1007 1208 [0]
795 1419 [1]
804 1406 [6]
760 1457 [0]
1075 1137 [5]
1049 1166 [2]
998 1210 [9]
1095 1122 [1]
1054 1165 [0]
949 1270 [0]
1107 1113 [0]
782 1438 [0]
699 1521 [0]
861 1358 [2]
638 1584 [0]
939 1282 [1]
693 1523 [6]
981 1242 [0]
740 1484 [0]
950 1276 [0]
970 1256 [0]
772 1444 [10]
853 1373 [0]
947 1280 [0]
1034 1183 [11]
725 1504 [0]
980 1249 [0]
805 1425 [0]
877 1353 [0]
907 1317 [6]
891 1341 [0]
977 1255 [0]
988 1244 [0]
984 1247 [1]
781 1451 [0]
1071 1162 [0]
1090 1143 [0]
878 1356 [0]
1082 1145 [7]
699 1531 [4]
927 1308 [0]
1012 1223 [0]
740 1495 [0]
1020 1213 [2]
876 1356 [3]
692 1540 [5]
827 1411 [0]
1024 1215 [0]
1035 1204 [0]
880 1356 [3]
725 1507 [8]
643 1598 [0]
831 1399 [11]
717 1514 [11]
938 1299 [6]
839 1404 [0]
784 1462 [0]
1111 1136 [0]
683 1565 [0]
788 1459 [2]
818 1432 [0]
1038 1210 [2]
959 1289 [2]
894 1359 [0]
832 1419 [2]
1076 1168 [9]
927 1326 [1]
993 1257 [4]
936 1319 [0]
1123 1132 [0]
689 1559 [7]
1069 1187 [0]
795 1452 [9]
707 1550 [0]
1042 1215 [0]
788 1470 [0]
1057 1204 [0]
843 1420 [0]
1042 1220 [2]
1108 1157 [0]
710 1547 [8]
883 1371 [11]
765 1501 [0]
1032 1235 [0]
1030 1233 [4]
880 1388 [0]
1120 1145 [4]
938 1332 [0]
676 1593 [1]
759 1513 [0]
1050 1222 [0]
772 1496 [4]
702 1572 [0]
747 1520 [7]
673 1594 [7]
1075 1200 [0]
728 1536 [11]
755 1521 [0]
719 1553 [4]
729 1536 [11]
931 1346 [0]
1103 1164 [10]
829 1448 [0]
1108 1170 [0]
744 1531 [3]
975 1293 [10]
1051 1228 [0]
919 1350 [11]
846 1424 [10]
802 1480 [0]
1051 1230 [1]
734 1537 [11]
1040 1244 [0]
1114 1161 [11]
1107 1173 [7]
834 1455 [0]
763 1523 [5]
897 1392 [3]
972 1321 [0]
944 1339 [10]
1093 1195 [5]
724 1571 [0]
1081 1214 [0]
806 1490 [0]
837 1450 [9]
983 1302 [11]
876 1422 [0]
933 1365 [0]
823 1473 [2]
791 1508 [0]
1137 1162 [0]
902 1397 [0]
1048 1252 [0]
782 1518 [0]
841 1460 [0]
707 1595 [0]
1136 1166 [0]
995 1307 [0]
1025 1270 [7]
796 1500 [7]
990 1314 [0]
710 1587 [7]
891 1411 [2]
730 1568 [7]
781 1525 [0]
937 1369 [0]
707 1588 [11]
990 1317 [0]
737 1571 [0]
1110 1195 [3]
985 1325 [0]
1007 1294 [9]
1117 1184 [10]
713 1595 [3]
1131 1181 [0]
910 1402 [0]
929 1379 [4]
770 1532 [10]
764 1549 [0]
870 1444 [0]
834 1471 [9]
857 1454 [3]
953 1358 [5]
1048 1269 [0]
717 1592 [11]
959 1362 [0]
737 1584 [0]
821 1501 [0]
1136 1186 [0]
936 1377 [9]
950 1372 [1]
1008 1316 [0]
1032 1291 [1]
985 1340 [0]
819 1500 [6]
991 1337 [0]
959 1367 [2]
1000 1328 [0]
845 1484 [0]
901 1428 [0]
1058 1271 [0]
1107 1211 [11]
966 1364 [0]
1051 1279 [0]
851 1475 [4]
878 1453 [0]
887 1444 [0]
937 1394 [0]
948 1384 [0]
944 1378 [10]
845 1489 [0]
807 1527 [0]
1052 1273 [9]
1029 1306 [0]
860 1473 [2]
858 1478 [0]
1073 1264 [0]
1055 1283 [0]
1070 1272 [0]
1157 1186 [0]
780 1566 [0]
1106 1240 [0]
1115 1233 [0]
989 1358 [1]
786 1563 [0]
861 1488 [0]
1084 1266 [0]
1173 1177 [0]
951 1391 [8]
1035 1308 [9]
787 1566 [0]
1135 1219 [0]
1049 1306 [0]
1099 1256 [0]
999 1356 [1]
946 1410 [0]
1151 1205 [0]
1117 1241 [0]
780 1574 [5]
915 1440 [7]
940 1424 [0]
1002 1362 [0]
844 1521 [0]
1168 1197 [0]
1047 1319 [0]
774 1594 [0]
867 1494 [7]
828 1541 [0]
908 1458 [4]
1159 1213 [0]
1042 1321 [9]
1006 1356 [10]
1021 1352 [1]
986 1390 [0]
1075 1301 [0]
871 1506 [0]
1123 1254 [0]
1042 1324 [11]
1155 1217 [8]
1010 1363 [7]
870 1509 [2]
807 1575 [0]
924 1453 [5]
872 1511 [0]
1035 1348 [0]
1025 1358 [0]
1058 1320 [6]
1062 1323 [0]
942 1442 [1]
1019 1362 [5]
926 1462 [0]
969 1415 [4]
995 1393 [0]
981 1409 [0]
963 1423 [4]
1127 1261 [4]
1026 1366 [0]
963 1431 [0]
1095 1298 [1]
1054 1341 [0]
1150 1242 [4]
1119 1278 [0]
822 1565 [10]
919 1479 [0]
1141 1253 [4]
1139 1256 [5]
844 1557 [0]
889 1512 [0]
910 1491 [0]
1098 1305 [0]
882 1522 [0]
943 1461 [0]
1017 1380 [7]
1099 1305 [0]
836 1568 [1]
1087 1318 [1]
917 1490 [0]
968 1440 [0]
959 1448 [1]
1112 1293 [3]
1058 1349 [2]
1181 1219 [10]
903 1506 [1]
1121 1290 [0]
960 1444 [8]
1112 1301 [0]
947 1466 [0]
969 1445 [0]
1088 1326 [0]
1175 1240 [0]
1024 1381 [11]
1053 1363 [0]
1188 1231 [0]
1080 1337 [2]
1103 1320 [0]
1004 1420 [0]
1105 1319 [0]
1061 1363 [0]
967 1453 [5]
964 1462 [1]
1064 1365 [0]
929 1501 [0]
1018 1408 [4]
932 1500 [0]
1016 1416 [1]
1077 1347 [10]
1015 1420 [0]
1188 1248 [0]
879 1553 [4]
1206 1220 [11]
907 1524 [7]
979 1459 [0]
890 1549 [0]
1070 1360 [10]
920 1518 [3]
1147 1294 [0]
1124 1311 [7]
899 1544 [0]
1045 1400 [0]
954 1491 [1]
943 1503 [0]
1173 1273 [1]
931 1517 [0]
1187 1262 [0]
1185 1264 [0]
1089 1361 [0]
1222 1228 [0]
1073 1379 [0]
1151 1302 [0]
918 1537 [0]
1198 1258 [0]
1013 1432 [11]
949 1506 [1]
858 1599 [0]
1209 1237 [11]
921 1534 [2]
1098 1360 [0]
896 1564 [0]
914 1548 [0]
869 1594 [0]
1012 1442 [10]
1213 1251 [1]
961 1498 [7]
1100 1359 [9]
908 1552 [9]
1136 1334 [0]
976 1491 [3]
925 1545 [2]
1144 1321 [7]
898 1566 [9]
1030 1444 [0]
951 1516 [7]
912 1564 [0]
1070 1403 [4]
962 1516 [0]
995 1483 [0]
1006 1474 [0]
1148 1332 [0]
1064 1417 [1]
1191 1290 [1]
916 1562 [5]
1232 1242 [10]
1202 1283 [0]
1242 1244 [0]
1137 1348 [1]
902 1583 [1]
975 1513 [0]
977 1511 [0]
1118 1370 [0]
1225 1263 [0]
1159 1331 [0]
966 1514 [11]
1223 1259 [10]
946 1541 [5]
1063 1430 [0]
1076 1408 [9]
1111 1382 [0]
1029 1464 [0]
1208 1275 [11]
1173 1314 [8]
1247 1249 [1]
1028 1459 [11]
931 1556 [11]
1156 1342 [0]
1195 1304 [0]
1095 1404 [1]
952 1549 [0]
1007 1493 [1]
931 1559 [11]
1133 1369 [0]
1200 1304 [0]
913 1583 [8]
1045 1453 [7]
921 1581 [3]
1041 1465 [0]
912 1590 [4]
1119 1388 [0]
948 1549 [10]
997 1511 [0]
980 1517 [11]
1013 1496 [0]
1162 1347 [0]
939 1566 [7]
984 1529 [0]
1116 1397 [1]
1112 1403 [0]
1197 1318 [0]
995 1519 [1]
1036 1480 [0]
965 1544 [9]
1088 1429 [1]
1127 1382 [10]
1152 1360 [8]
952 1569 [0]
937 1583 [1]
1075 1446 [1]
1122 1401 [0]
1037 1487 [0]
1088 1435 [1]
1136 1377 [11]
1008 1517 [0]
1205 1321 [0]
1230 1296 [0]
1198 1329 [0]
1097 1430 [0]
1108 1408 [11]
1129 1398 [0]
1064 1457 [7]
1088 1432 [9]
1110 1419 [2]
1248 1286 [0]
1190 1347 [1]
968 1571 [1]
1202 1329 [9]
1267 1275 [0]
963 1581 [0]
1154 1390 [0]
1239 1301 [4]
1124 1422 [0]
1237 1299 [10]
1032 1518 [1]
1000 1553 [0]
982 1570 [1]
1263 1291 [0]
1210 1346 [0]
972 1576 [9]
1000 1557 [0]
982 1567 [9]
1082 1469 [7]
1191 1358 [9]
1215 1338 [6]
1164 1396 [0]
1225 1337 [0]
1192 1363 [7]
1058 1507 [0]
971 1594 [0]
1026 1539 [0]
1092 1473 [0]
1222 1344 [0]
1257 1309 [0]
1005 1557 [4]
972 1595 [4]
1255 1306 [11]
1269 1303 [0]
1235 1338 [0]
1103 1471 [0]
1105 1469 [0]
1264 1310 [0]
1263 1303 [9]
1176 1400 [0]
1245 1331 [0]
1168 1409 [0]
1160 1410 [11]
1261 1322 [0]
1145 1440 [0]
1234 1351 [0]
1146 1439 [0]
1163 1419 [3]
1117 1469 [0]
1154 1433 [0]
1221 1366 [0]
1282 1305 [0]
1105 1471 [11]
1292 1296 [0]
1215 1371 [2]
1270 1319 [1]
1117 1474 [0]
1272 1322 [0]
1125 1470 [0]
1263 1333 [0]
1191 1407 [0]
1001 1598 [0]
1055 1544 [1]
1045 1547 [9]
1051 1550 [1]
1078 1527 [0]
1261 1345 [0]
1238 1368 [0]
1073 1524 [10]
1085 1522 [0]
1023 1585 [0]
1032 1575 [1]
1276 1326 [6]
1174 1435 [0]
1137 1474 [0]
1223 1379 [9]
1063 1549 [0]
1175 1437 [0]
1050 1564 [0]
1074 1540 [0]
1060 1559 [0]
1077 1535 [7]
1099 1509 [11]
1069 1551 [0]
1247 1374 [0]
1027 1595 [0]
1257 1365 [0]
1232 1392 [0]
1024 1592 [11]
1179 1439 [9]
1278 1350 [0]
1297 1330 [1]
1280 1345 [4]
1291 1339 [0]
1185 1446 [0]
1163 1459 [10]
1296 1337 [0]
1106 1528 [0]
1194 1441 [1]
1216 1421 [0]
1091 1548 [0]
1280 1359 [0]
1175 1465 [0]
1063 1577 [0]
1070 1567 [7]
1111 1537 [0]
1124 1523 [2]
1223 1426 [0]
1092 1556 [2]
1313 1326 [11]
1136 1516 [0]
1173 1479 [0]
1277 1376 [0]
1130 1523 [0]
1196 1459 [0]
1197 1460 [0]
1291 1367 [0]
1140 1511 [8]
1226 1434 [0]
1163 1494 [4]
1186 1477 [0]
1124 1540 [0]
1312 1349 [3]
1076 1585 [3]
1185 1481 [0]
1079 1588 [1]
1280 1384 [4]
1181 1476 [11]
1140 1529 [0]
1220 1449 [0]
1071 1598 [1]
1229 1440 [1]
1327 1344 [0]
1299 1361 [11]
1097 1574 [0]
1174 1498 [0]
1229 1432 [11]
1231 1442 [0]
1237 1436 [0]
1158 1515 [0]
1183 1482 [9]
1204 1471 [0]
1086 1590 [0]
1188 1488 [0]
1284 1392 [0]
1283 1394 [0]
1111 1563 [5]
1164 1516 [0]
1199 1480 [2]
1109 1573 [0]
1258 1421 [4]
1168 1515 [0]
1146 1538 [0]
1098 1585 [1]
1277 1407 [0]
1197 1490 [0]
1326 1354 [11]
1147 1547 [0]
1322 1369 [4]
1199 1498 [0]
1250 1448 [2]
1276 1420 [4]
1276 1427 [0]
1249 1456 [0]
1302 1403 [0]
1249 1455 [1]
1131 1580 [1]
1138 1575 [0]
1139 1566 [10]
1356 1366 [0]
1174 1549 [0]
1297 1415 [11]
1293 1424 [7]
1194 1531 [0]
1283 1443 [1]
1165 1558 [4]
1280 1452 [1]
1238 1496 [0]
1160 1575 [1]
1262 1466 [10]
1204 1524 [10]
1319 1409 [11]
1148 1592 [0]
1257 1478 [7]
1227 1515 [1]
1334 1410 [0]
1277 1469 [0]
1302 1444 [0]
1252 1486 [8]
1270 1465 [11]
1349 1398 [0]
1325 1422 [0]
1280 1467 [1]
1263 1486 [0]
1286 1463 [0]
1289 1461 [0]
1257 1494 [4]
1334 1421 [0]
1305 1440 [11]
1263 1485 [8]
1364 1388 [4]
1257 1489 [11]
1284 1473 [1]
1351 1397 [10]
1276 1479 [4]
1247 1503 [11]
1185 1574 [4]
1283 1482 [0]
1258 1503 [4]
1183 1574 [9]
1181 1586 [0]
1260 1514 [0]
1207 1570 [0]
1332 1453 [0]
1295 1492 [0]
1284 1503 [1]
1242 1539 [7]
1227 1563 [0]
1314 1467 [9]
1270 1509 [11]
1256 1527 [9]
1255 1538 [1]
1301 1494 [1]
1354 1445 [0]
1204 1596 [0]
1365 1436 [1]
1290 1513 [1]
1337 1458 [10]
1316 1494 [0]
1239 1560 [11]
1279 1532 [1]
1379 1423 [11]
1298 1518 [5]
1225 1597 [0]
1239 1575 [11]
1242 1578 [7]
1277 1552 [1]
1266 1569 [0]
1282 1555 [0]
1288 1574 [2]
1397 1465 [3]
1408 1456 [1]
1301 1569 [0]
1268 1593 [11]
1370 1503 [0]
1382 1491 [0]
1386 1487 [0]
1397 1466 [11]
1284 1579 [11]
1306 1573 [0]
1322 1561 [0]
1391 1486 [6]
1281 1594 [8]
1352 1530 [2]
1299 1586 [4]
1398 1492 [0]
1362 1532 [1]
1345 1553 [0]
1329 1570 [0]
1377 1525 [0]
1357 1547 [0]
1439 1459 [9]
1372 1538 [0]
1450 1461 [0]
1330 1578 [9]
1459 1466 [0]
1396 1530 [0]
1394 1539 [0]
1380 1554 [0]
1411 1524 [0]
1370 1566 [0]
1356 1576 [4]
1448 1486 [8]
1411 1531 [1]
1430 1516 [0]
1380 1571 [0]
1453 1488 [11]
1365 1593 [1]
1461 1497 [1]
1398 1562 [1]
1390 1573 [0]
1377 1586 [0]
1434 1532 [0]
1405 1561 [0]
1436 1521 [11]
1413 1565 [0]
1402 1577 [0]
1454 1529 [1]
1462 1522 [1]
1442 1546 [0]
1473 1517 [1]
1425 1565 [1]
1485 1508 [0]
1403 1592 [0]
1484 1522 [0]
1459 1540 [8]
1470 1543 [1]
1449 1564 [7]
1508 1516 [2]
1454 1576 [1]
1478 1559 [0]
1518 1519 [0]
1441 1596 [1]
1458 1582 [0]
1511 1531 [0]
1448 1598 [0]
1499 1572 [11]
1513 1574 [0]
1540 1551 [7]
1541 1576 [0]
1565 1579 [1]
1563 1583 [0]
1572 1593 [0]
