800
10
400
7
2
0
1
3
5
10
4
8
19
11
13
16
23
17
6
18
12
15
31
20
43
55
54
90
46
22
35
62
44
32
28
39
67
34
9
25
21
60
14
41
27
52
36
30
38
26
47
58
86
61
50
64
66
37
57
72
42
114
59
143
139
48
127
92
24
40
56
65
82
186
111
33
53
68
74
115
69
76
75
73
77
104
87
29
147
45
133
63
49
84
89
132
118
91
97
71
107
108
70
128
172
106
94
117
85
51
81
95
98
123
152
203
80
150
141
140
100
224
153
268
121
110
151
102
99
120
162
166
159
169
165
79
103
137
96
175
116
122
78
93
136
88
113
221
83
164
124
149
215
177
160
125
189
226
157
182
158
129
176
154
109
184
119
236
174
181
148
134
130
146
126
163
170
217
200
199
195
198
131
155
187
112
144
214
245
193
259
197
101
206
168
191
210
173
179
287
216
223
208
167
202
294
247
204
248
227
233
196
178
138
142
230
276
242
161
321
332
185
270
241
275
251
135
183
319
258
220
313
234
228
201
246
326
192
292
222
190
282
207
156
254
205
290
250
229
289
145
213
105
218
237
212
261
257
304
280
256
211
238
225
209
243
180
239
310
284
295
286
271
344
232
235
330
302
315
249
171
283
342
309
348
293
279
291
300
388
231
350
303
386
341
351
381
362
406
252
298
307
269
343
219
311
305
569
439
458
363
414
244
274
356
372
379
328
337
389
194
354
316
322
323
334
462
376
297
357
390
366
561
378
296
365
398
331
369
349
499
262
285
336
320
367
188
263
265
299
267
281
434
346
468
399
318
353
438
387
314
317
340
396
301
407
324
493
472
264
368
404
255
430
278
260
325
530
338
277
426
253
360
500
445
329
377
453
266
385
403
537
542
417
397
413
370
482
442
571
374
373
410
423
359
395
391
435
424
273
371
312
335
509
333
456
358
375
411
418
533
425
515
501
436
678
416
401
308
380
345
528
427
408
529
448
535
429
492
383
547
288
393
510
522
420
676
364
447
511
446
466
443
392
384
516
412
496
519
552
667
738
494
444
612
524
405
441
498
488
580
484
306
382
476
614
361
440
487
598
347
454
538
652
461
394
504
460
240
327
449
451
584
545
422
556
481
437
352
355
613
477
523
467
536
517
555
486
452
798
432
655
503
640
563
455
339
421
490
469
433
415
478
471
593
626
570
495
459
497
475
507
543
592
562
521
565
576
585
474
409
465
457
272
428
768
796
739
564
550
450
526
532
601
559
558
594
609
663
479
637
470
525
688
505
534
483
708
502
683
551
644
784
649
520
681
603
600
623
582
751
639
544
635
756
518
595
587
646
662
531
419
583
463
480
622
625
666
630
621
597
615
590
473
568
632
765
685
618
599
506
553
648
402
714
620
692
513
539
608
647
740
602
658
674
715
631
566
548
578
718
624
741
567
560
721
629
779
698
588
690
634
737
699
673
549
727
682
464
541
722
546
489
606
769
753
657
514
653
586
773
703
591
775
706
628
617
508
679
627
689
485
687
755
709
650
680
589
573
581
684
691
607
527
730
776
664
574
577
726
610
540
557
746
643
491
660
604
762
697
788
572
554
596
790
700
733
717
702
735
713
716
732
636
747
743
710
579
724
777
772
665
752
761
763
766
736
799
744
760
694
670
782
771
785
728
767
701
734
654
711
720
791
786
754
781
668
794
642
780
707
575
672
758
719
795
797
764
677
778
671
651
745
793
731
787
774
748
749
656
742
723
616
783
638
792
789
705
757
431
659
675
645
729
759
661
712
605
696
725
619
693
704
669
641
686
633
770
695
512
611
750
0 1 [1]
0 2 [1]
1 3 [0]
2 4 [0]
0 3 [1]
3 5 [0]
0 4 [1]
2 3 [4]
0 5 [1]
2 7 [0]
0 10 [1]
1 11 [0]
4 8 [0]
3 10 [0]
0 6 [1]
2 12 [0]
1 6 [7]
4 10 [0]
5 10 [0]
2 6 [7]
3 6 [7]
1 9 [7]
3 15 [0]
0 13 [1]
1 12 [7]
4 17 [0]
0 21 [1]
7 14 [1]
0 15 [1]
6 17 [0]
4 18 [1]
0 19 [1]
5 19 [0]
6 18 [0]
11 13 [0]
2 19 [3]
1 25 [0]
7 19 [0]
10 16 [0]
3 16 [7]
1 24 [1]
8 19 [0]
12 15 [0]
0 20 [1]
4 22 [1]
11 17 [0]
5 24 [0]
0 28 [1]
13 16 [0]
7 21 [1]
3 25 [1]
4 26 [0]
7 23 [0]
1 28 [1]
11 19 [0]
12 18 [0]
0 32 [1]
2 30 [0]
7 25 [0]
12 20 [0]
5 20 [7]
4 27 [1]
9 25 [0]
7 26 [1]
8 25 [1]
3 32 [0]
13 22 [0]
12 22 [1]
0 34 [1]
0 36 [1]
17 18 [1]
2 35 [0]
6 27 [4]
0 38 [1]
1 37 [0]
8 30 [0]
16 23 [0]
17 22 [0]
2 36 [1]
1 31 [7]
3 35 [1]
3 37 [0]
17 23 [0]
11 28 [1]
10 23 [7]
7 33 [1]
3 39 [0]
6 32 [4]
4 37 [1]
1 40 [1]
10 33 [0]
19 23 [1]
16 26 [1]
11 29 [3]
9 34 [0]
12 28 [4]
20 23 [1]
9 29 [6]
5 38 [1]
12 26 [7]
5 39 [1]
21 25 [0]
15 31 [0]
22 23 [1]
4 41 [1]
17 25 [4]
3 44 [0]
7 39 [1]
4 40 [3]
10 38 [0]
18 30 [0]
10 39 [0]
16 32 [1]
23 26 [1]
20 31 [0]
23 28 [0]
8 40 [3]
1 43 [7]
1 51 [0]
19 32 [1]
5 48 [0]
17 36 [1]
25 26 [3]
14 41 [0]
2 46 [7]
23 33 [0]
16 39 [1]
3 52 [1]
22 35 [0]
6 47 [4]
7 51 [0]
7 44 [7]
0 59 [1]
12 46 [1]
6 50 [4]
28 32 [0]
15 41 [4]
13 45 [3]
6 56 [0]
25 37 [0]
1 62 [0]
2 54 [7]
20 43 [0]
11 49 [3]
4 60 [0]
24 40 [0]
26 38 [0]
16 47 [1]
7 57 [1]
30 36 [0]
8 57 [1]
15 47 [4]
1 66 [0]
23 44 [0]
28 39 [0]
2 64 [1]
27 41 [0]
20 45 [3]
7 60 [1]
22 46 [0]
30 38 [0]
10 58 [1]
9 57 [3]
7 63 [0]
14 53 [3]
5 66 [0]
7 64 [0]
6 58 [7]
2 70 [0]
26 47 [0]
29 38 [6]
10 64 [0]
15 55 [4]
14 60 [0]
7 66 [1]
3 68 [3]
6 69 [0]
16 59 [0]
3 69 [3]
30 42 [3]
6 66 [3]
22 50 [3]
14 58 [3]
32 39 [5]
32 44 [0]
0 73 [1]
9 68 [0]
4 72 [1]
5 69 [3]
6 68 [3]
18 55 [4]
38 41 [0]
6 70 [3]
27 52 [0]
0 80 [1]
4 76 [0]
18 59 [3]
17 62 [1]
1 80 [0]
21 60 [0]
5 73 [3]
13 67 [1]
2 80 [0]
10 69 [3]
22 57 [3]
6 77 [0]
32 48 [3]
3 77 [3]
2 82 [0]
6 78 [0]
8 76 [0]
9 72 [3]
17 66 [1]
11 70 [3]
9 70 [6]
33 53 [0]
13 73 [0]
36 50 [0]
19 66 [1]
15 68 [3]
40 41 [6]
36 45 [6]
4 84 [0]
36 52 [0]
4 78 [6]
41 44 [3]
10 75 [3]
6 79 [4]
7 82 [0]
26 63 [0]
29 60 [0]
11 75 [3]
23 63 [3]
6 80 [3]
0 87 [1]
39 44 [7]
10 81 [0]
22 66 [3]
40 52 [0]
2 87 [3]
17 72 [3]
1 92 [0]
41 52 [0]
36 51 [6]
6 84 [3]
18 76 [0]
37 57 [0]
7 88 [0]
2 92 [1]
44 48 [3]
40 56 [0]
8 85 [3]
12 78 [6]
27 70 [0]
10 84 [3]
35 62 [0]
14 77 [6]
43 55 [0]
11 83 [4]
23 72 [3]
2 97 [0]
17 82 [0]
11 85 [3]
2 93 [4]
26 74 [0]
41 53 [6]
34 67 [0]
13 85 [3]
14 83 [4]
33 69 [0]
3 99 [0]
41 61 [0]
23 76 [3]
15 84 [3]
47 52 [3]
16 83 [4]
12 90 [1]
40 60 [3]
24 73 [6]
37 66 [0]
16 84 [3]
28 73 [3]
27 78 [0]
47 58 [0]
36 63 [6]
31 71 [3]
44 58 [3]
6 95 [4]
2 104 [0]
44 62 [0]
21 79 [6]
4 99 [3]
39 67 [0]
10 97 [0]
27 80 [0]
44 63 [0]
46 58 [3]
20 84 [3]
33 71 [4]
24 80 [4]
54 55 [0]
0 110 [1]
4 106 [0]
6 104 [0]
21 83 [6]
2 109 [0]
12 99 [0]
22 89 [0]
25 80 [6]
50 61 [0]
1 111 [0]
38 74 [0]
49 63 [0]
10 99 [3]
5 104 [3]
36 77 [0]
38 69 [6]
2 105 [6]
22 92 [0]
23 91 [0]
42 72 [0]
50 64 [0]
55 56 [3]
11 99 [4]
52 61 [1]
0 116 [1]
2 114 [0]
24 92 [0]
29 87 [0]
19 94 [3]
27 86 [3]
51 60 [6]
5 113 [0]
5 110 [3]
11 104 [3]
18 97 [3]
14 99 [6]
34 79 [6]
55 60 [4]
4 116 [0]
24 97 [0]
55 66 [0]
0 118 [1]
56 62 [3]
53 68 [0]
56 65 [0]
58 60 [3]
13 109 [0]
20 102 [0]
31 91 [0]
0 123 [1]
41 82 [0]
46 74 [3]
56 61 [6]
28 92 [3]
6 113 [4]
21 96 [6]
1 123 [0]
16 108 [0]
35 89 [0]
6 112 [6]
6 115 [3]
27 93 [4]
4 118 [3]
15 108 [3]
2 121 [3]
23 99 [4]
9 118 [0]
4 120 [3]
7 117 [3]
14 109 [4]
20 104 [3]
9 112 [6]
24 105 [0]
31 98 [0]
56 73 [0]
28 95 [6]
60 63 [6]
57 72 [0]
4 121 [4]
2 124 [4]
41 86 [3]
12 112 [6]
15 109 [6]
47 79 [4]
64 66 [0]
32 99 [0]
46 85 [0]
11 121 [0]
35 97 [0]
51 81 [0]
43 86 [3]
49 84 [0]
35 99 [0]
15 113 [6]
7 127 [0]
20 111 [3]
24 104 [6]
3 128 [3]
51 83 [0]
21 105 [9]
28 104 [3]
24 107 [4]
19 113 [4]
6 124 [6]
46 90 [0]
30 100 [6]
51 85 [0]
27 110 [0]
37 100 [0]
52 85 [0]
28 103 [6]
10 127 [1]
3 131 [4]
7 132 [0]
14 125 [0]
40 95 [4]
25 111 [3]
44 96 [0]
50 90 [0]
27 107 [6]
56 80 [4]
14 120 [6]
52 86 [3]
21 121 [0]
46 96 [0]
47 89 [6]
7 131 [4]
68 74 [0]
71 72 [0]
0 140 [1]
8 133 [3]
3 141 [0]
52 88 [4]
60 78 [6]
33 111 [0]
0 138 [1]
40 104 [0]
58 86 [0]
54 90 [0]
21 119 [4]
13 128 [3]
9 129 [6]
55 86 [3]
4 139 [1]
60 85 [0]
69 76 [0]
72 73 [0]
32 109 [4]
1 141 [3]
21 125 [0]
37 109 [0]
51 93 [2]
16 128 [3]
21 126 [0]
49 98 [0]
4 140 [3]
47 96 [4]
53 94 [0]
65 82 [0]
61 86 [0]
12 132 [3]
43 99 [6]
31 114 [3]
50 92 [6]
73 75 [0]
2 147 [0]
14 135 [0]
53 96 [0]
22 121 [6]
58 91 [0]
19 127 [3]
20 130 [0]
47 103 [0]
8 139 [3]
6 140 [4]
73 77 [0]
75 76 [0]
8 143 [0]
1 150 [0]
19 132 [0]
34 117 [0]
3 142 [6]
1 147 [3]
9 139 [3]
38 107 [6]
15 131 [6]
1 151 [0]
4 148 [0]
34 115 [3]
31 118 [3]
20 126 [6]
19 129 [4]
52 94 [6]
6 147 [0]
2 145 [6]
35 115 [3]
0 150 [1]
1 153 [0]
58 96 [0]
61 93 [0]
17 131 [6]
19 136 [0]
32 123 [0]
67 88 [0]
7 142 [6]
26 125 [4]
41 108 [6]
5 151 [0]
63 93 [0]
20 133 [3]
42 114 [0]
11 146 [0]
11 143 [3]
34 119 [4]
2 152 [3]
37 121 [0]
75 83 [0]
10 142 [6]
54 98 [6]
32 127 [0]
53 102 [4]
54 99 [6]
66 90 [3]
0 160 [1]
51 100 [9]
18 143 [0]
64 93 [4]
20 142 [0]
52 110 [0]
18 141 [3]
44 112 [6]
42 116 [4]
3 155 [4]
0 159 [1]
7 152 [3]
4 154 [4]
42 115 [6]
60 103 [0]
66 93 [4]
1 156 [6]
23 134 [6]
71 86 [6]
2 157 [4]
51 103 [9]
24 136 [4]
0 164 [1]
9 155 [0]
18 146 [0]
9 149 [6]
54 110 [0]
16 142 [6]
76 85 [4]
17 142 [6]
22 137 [6]
15 144 [6]
33 133 [0]
1 165 [0]
60 100 [6]
4 162 [0]
17 149 [0]
36 130 [0]
1 162 [3]
75 87 [4]
39 124 [4]
16 146 [6]
71 97 [0]
18 144 [6]
65 99 [4]
62 107 [0]
62 101 [6]
36 129 [4]
62 108 [0]
2 169 [0]
4 167 [0]
42 129 [0]
78 93 [0]
55 110 [6]
40 122 [9]
2 170 [0]
5 167 [0]
14 158 [0]
5 161 [6]
17 151 [4]
6 167 [0]
59 114 [0]
84 89 [0]
68 96 [9]
66 103 [4]
67 107 [0]
5 165 [4]
4 166 [4]
7 165 [3]
48 127 [0]
63 108 [4]
81 95 [0]
65 107 [4]
29 147 [0]
3 174 [0]
5 172 [0]
23 148 [6]
34 137 [6]
57 114 [6]
4 174 [0]
17 161 [0]
18 160 [0]
45 133 [0]
35 137 [6]
70 108 [0]
18 154 [6]
33 141 [4]
0 174 [1]
62 110 [6]
71 107 [0]
41 134 [4]
0 180 [1]
8 172 [0]
15 159 [6]
43 131 [6]
84 96 [0]
0 177 [1]
6 175 [0]
46 135 [0]
31 147 [3]
68 113 [0]
77 104 [0]
86 89 [6]
49 128 [4]
18 159 [4]
6 176 [0]
36 146 [0]
79 103 [0]
89 90 [3]
36 140 [6]
38 135 [9]
33 150 [0]
4 173 [6]
26 152 [6]
62 116 [6]
28 150 [6]
69 115 [0]
64 116 [4]
78 97 [9]
87 88 [9]
65 120 [0]
17 164 [4]
14 165 [6]
6 173 [6]
14 172 [0]
74 111 [1]
28 152 [6]
53 124 [9]
14 166 [6]
6 174 [6]
18 169 [0]
19 168 [0]
48 139 [0]
65 122 [0]
29 149 [9]
19 165 [3]
2 181 [4]
15 166 [6]
49 129 [9]
16 172 [0]
44 144 [0]
53 135 [0]
91 97 [0]
0 189 [1]
3 186 [0]
57 132 [0]
77 108 [4]
74 115 [0]
35 145 [9]
17 167 [6]
26 160 [4]
50 141 [0]
87 104 [0]
9 176 [6]
44 138 [9]
38 147 [6]
10 177 [4]
69 123 [0]
52 131 [9]
45 147 [0]
95 98 [0]
2 187 [4]
81 103 [9]
38 146 [9]
46 138 [9]
4 190 [0]
27 163 [4]
10 178 [6]
84 111 [0]
51 144 [0]
84 102 [9]
10 179 [6]
4 185 [6]
84 107 [4]
76 115 [4]
7 189 [0]
3 193 [0]
63 133 [0]
75 115 [6]
28 168 [0]
17 173 [6]
33 161 [2]
8 184 [4]
58 132 [6]
23 167 [6]
22 169 [6]
12 179 [6]
2 196 [0]
1 191 [6]
0 192 [1]
70 128 [0]
2 190 [6]
34 165 [0]
57 142 [0]
67 126 [6]
25 170 [4]
64 126 [9]
91 109 [0]
66 134 [0]
21 171 [8]
94 106 [0]
78 122 [0]
17 184 [0]
88 113 [0]
76 116 [9]
99 102 [0]
30 166 [6]
36 166 [0]
65 137 [0]
31 171 [0]
59 143 [0]
76 122 [4]
92 104 [6]
85 117 [0]
74 119 [9]
55 141 [6]
9 194 [0]
22 175 [6]
65 129 [9]
0 194 [1]
6 191 [6]
30 169 [4]
0 204 [1]
1 203 [0]
7 191 [6]
64 136 [4]
12 183 [9]
19 181 [4]
72 128 [4]
2 203 [0]
49 156 [0]
83 122 [0]
36 165 [4]
19 182 [4]
48 153 [4]
6 193 [6]
40 162 [4]
52 145 [9]
57 143 [6]
66 136 [4]
0 203 [1]
39 168 [0]
66 141 [0]
4 194 [9]
30 168 [9]
9 199 [0]
91 111 [6]
63 139 [6]
28 174 [6]
1 202 [6]
11 198 [0]
35 174 [0]
38 171 [0]
57 152 [0]
91 118 [0]
15 195 [0]
33 177 [0]
20 184 [6]
51 157 [2]
7 194 [9]
40 166 [4]
1 210 [0]
12 199 [0]
17 194 [0]
94 117 [0]
41 161 [9]
97 115 [0]
39 173 [0]
50 162 [0]
13 193 [6]
98 114 [0]
77 126 [9]
31 175 [6]
7 206 [0]
16 197 [0]
60 144 [9]
21 186 [6]
12 195 [6]
46 162 [6]
11 203 [0]
12 196 [6]
53 161 [0]
6 202 [6]
7 201 [6]
81 131 [2]
44 161 [9]
45 160 [9]
0 208 [1]
107 108 [0]
36 170 [9]
75 131 [9]
71 142 [2]
61 155 [0]
86 130 [0]
59 148 [9]
26 181 [9]
97 118 [1]
53 159 [4]
84 128 [4]
13 204 [0]
94 123 [0]
7 204 [6]
61 150 [6]
7 205 [6]
34 184 [0]
6 212 [0]
50 164 [4]
28 190 [0]
99 115 [4]
26 183 [9]
17 195 [6]
15 194 [9]
85 131 [2]
7 212 [0]
92 127 [0]
99 120 [0]
25 185 [9]
1 212 [6]
84 126 [9]
58 162 [0]
55 159 [6]
12 202 [6]
4 210 [6]
1 213 [6]
84 133 [3]
59 162 [0]
89 132 [0]
98 123 [0]
75 137 [9]
67 145 [9]
66 151 [4]
2 215 [4]
10 206 [6]
21 201 [0]
51 171 [0]
20 196 [6]
28 185 [9]
3 213 [6]
8 208 [6]
50 163 [9]
10 207 [6]
97 126 [0]
61 162 [0]
62 155 [6]
11 206 [6]
7 217 [0]
41 183 [0]
78 146 [0]
88 136 [0]
97 125 [2]
18 200 [6]
66 159 [0]
44 175 [6]
46 171 [9]
0 226 [1]
57 165 [4]
5 221 [0]
6 220 [0]
63 161 [2]
51 166 [9]
13 207 [6]
28 198 [0]
47 179 [0]
4 216 [6]
80 147 [0]
89 138 [0]
94 131 [2]
22 199 [6]
10 218 [0]
10 209 [9]
68 160 [0]
74 154 [0]
60 162 [6]
63 166 [0]
18 211 [0]
1 222 [6]
55 168 [6]
43 186 [0]
89 140 [0]
71 149 [9]
15 208 [6]
93 136 [0]
49 178 [2]
44 186 [0]
0 230 [1]
17 213 [0]
91 130 [9]
60 161 [9]
50 180 [0]
55 175 [0]
26 195 [9]
80 150 [0]
92 138 [0]
110 121 [0]
58 173 [0]
70 161 [0]
91 140 [0]
35 188 [8]
115 116 [0]
8 217 [6]
85 138 [8]
15 207 [9]
11 221 [0]
50 173 [9]
81 149 [2]
32 191 [9]
11 212 [9]
24 199 [9]
62 161 [9]
87 136 [9]
4 219 [9]
1 225 [6]
60 166 [6]
22 201 [9]
61 172 [0]
16 217 [0]
46 187 [0]
62 171 [0]
4 223 [6]
27 197 [9]
96 137 [0]
87 137 [9]
115 119 [0]
63 162 [9]
47 178 [9]
18 210 [6]
16 209 [9]
11 217 [6]
41 194 [0]
60 169 [6]
91 142 [2]
50 176 [9]
97 139 [0]
59 172 [5]
102 126 [8]
9 218 [9]
17 215 [4]
27 203 [6]
78 157 [2]
6 222 [9]
15 213 [9]
29 200 [9]
102 136 [0]
2 236 [0]
36 193 [9]
21 208 [9]
15 223 [0]
56 182 [0]
10 219 [9]
116 122 [0]
66 163 [9]
54 185 [0]
93 146 [0]
53 177 [9]
19 211 [9]
43 197 [0]
19 221 [0]
79 155 [6]
94 138 [8]
9 222 [9]
39 201 [0]
7 227 [6]
89 147 [4]
22 209 [9]
100 140 [0]
103 137 [0]
20 211 [9]
28 206 [6]
78 163 [0]
17 224 [0]
2 239 [0]
47 185 [9]
61 176 [4]
95 138 [8]
67 175 [0]
72 166 [4]
66 167 [9]
117 126 [0]
10 227 [6]
39 198 [6]
44 193 [6]
21 223 [0]
87 153 [4]
27 209 [8]
21 214 [9]
47 197 [0]
37 205 [2]
63 181 [0]
79 165 [0]
0 239 [1]
27 218 [0]
45 192 [8]
14 231 [0]
45 200 [0]
2 237 [6]
70 173 [2]
50 196 [0]
77 169 [0]
122 124 [0]
40 197 [9]
24 220 [2]
97 140 [9]
25 212 [9]
83 164 [0]
8 233 [6]
26 212 [9]
118 123 [6]
13 225 [9]
29 216 [2]
61 187 [0]
26 222 [0]
2 246 [0]
10 238 [0]
14 225 [9]
84 164 [0]
115 129 [4]
34 205 [9]
28 214 [6]
91 158 [0]
2 247 [0]
27 213 [9]
94 153 [2]
30 210 [9]
55 185 [9]
118 132 [0]
7 243 [0]
10 236 [4]
3 241 [6]
17 227 [6]
27 214 [9]
84 166 [0]
84 158 [9]
71 178 [2]
72 179 [0]
4 238 [9]
43 202 [6]
59 186 [6]
49 200 [2]
30 222 [0]
70 182 [0]
98 154 [0]
27 216 [9]
12 231 [9]
2 251 [0]
16 237 [0]
89 156 [8]
70 181 [2]
102 151 [0]
117 134 [2]
56 197 [0]
102 149 [2]
61 183 [9]
87 157 [9]
60 189 [4]
39 215 [0]
88 158 [8]
95 159 [0]
6 239 [9]
8 237 [9]
48 197 [9]
68 177 [9]
71 182 [2]
76 178 [2]
112 144 [0]
17 233 [6]
112 145 [0]
42 207 [8]
25 226 [6]
23 235 [0]
59 199 [0]
119 139 [0]
44 205 [9]
10 242 [6]
66 183 [9]
94 156 [8]
58 192 [9]
10 249 [0]
53 197 [9]
27 223 [9]
60 190 [9]
20 233 [6]
127 128 [4]
28 222 [9]
0 254 [1]
109 151 [0]
84 174 [2]
16 235 [9]
8 246 [6]
87 164 [9]
66 185 [9]
8 243 [9]
83 171 [7]
110 151 [0]
36 225 [0]
115 137 [9]
8 244 [9]
15 237 [9]
106 156 [0]
94 159 [9]
2 260 [0]
11 251 [0]
20 236 [6]
29 225 [8]
13 249 [0]
27 235 [0]
109 154 [0]
3 260 [0]
97 157 [9]
68 195 [0]
33 228 [2]
21 240 [2]
21 236 [6]
12 245 [6]
88 168 [8]
111 153 [0]
8 250 [6]
122 135 [7]
45 211 [8]
130 134 [0]
2 253 [9]
21 234 [9]
88 177 [0]
56 209 [0]
1 264 [0]
70 188 [7]
54 211 [0]
64 192 [9]
2 259 [4]
107 149 [9]
1 258 [6]
47 219 [0]
55 211 [0]
39 219 [8]
9 249 [8]
40 217 [9]
61 196 [9]
34 233 [0]
69 198 [0]
55 206 [6]
52 216 [0]
66 202 [0]
78 190 [0]
82 186 [0]
57 202 [9]
25 244 [0]
114 155 [0]
94 173 [2]
8 262 [0]
3 267 [0]
23 238 [9]
64 197 [9]
50 220 [0]
88 174 [8]
96 175 [0]
7 255 [9]
102 161 [8]
0 262 [1]
107 163 [2]
68 202 [2]
29 243 [0]
108 156 [8]
8 255 [9]
78 194 [0]
126 146 [0]
9 254 [9]
95 170 [8]
124 149 [0]
16 251 [6]
108 163 [2]
10 257 [6]
4 270 [0]
30 244 [0]
44 224 [6]
76 196 [2]
126 139 [9]
4 271 [0]
123 152 [0]
84 183 [8]
43 233 [0]
65 211 [0]
71 205 [0]
130 146 [0]
1 266 [9]
6 262 [8]
44 226 [6]
53 214 [9]
122 146 [8]
106 168 [2]
15 252 [9]
8 269 [0]
6 271 [0]
19 249 [9]
130 147 [0]
2 266 [9]
40 229 [8]
106 172 [0]
6 264 [8]
44 225 [9]
17 253 [8]
122 157 [0]
19 254 [6]
103 168 [8]
10 260 [9]
4 266 [9]
50 230 [0]
23 257 [0]
63 217 [0]
107 164 [9]
6 266 [8]
6 272 [2]
138 142 [0]
38 233 [9]
140 141 [0]
84 195 [2]
93 182 [6]
54 221 [6]
39 243 [0]
134 148 [0]
0 282 [1]
7 266 [9]
11 262 [9]
139 143 [0]
132 141 [9]
36 237 [9]
75 207 [0]
17 259 [6]
120 162 [0]
3 271 [9]
93 190 [0]
63 212 [8]
80 203 [0]
26 248 [9]
127 152 [4]
44 230 [9]
7 277 [0]
90 185 [9]
43 232 [9]
60 216 [9]
98 179 [8]
87 190 [8]
0 285 [1]
21 264 [0]
125 160 [0]
80 197 [8]
42 235 [8]
13 273 [0]
16 270 [0]
131 155 [0]
53 225 [8]
95 183 [8]
47 240 [0]
88 192 [7]
129 158 [0]
36 251 [0]
83 200 [4]
97 188 [2]
93 194 [0]
23 259 [6]
4 284 [0]
8 280 [0]
47 241 [0]
48 240 [0]
73 207 [8]
2 277 [9]
84 202 [2]
49 239 [0]
67 215 [6]
103 185 [0]
126 160 [2]
124 164 [0]
106 182 [0]
76 205 [8]
98 183 [8]
126 163 [0]
51 236 [2]
65 215 [9]
74 207 [8]
104 176 [9]
53 227 [9]
87 193 [9]
18 272 [0]
62 228 [0]
60 226 [4]
70 212 [8]
44 247 [0]
68 223 [0]
124 167 [0]
141 150 [0]
116 175 [0]
1 284 [6]
17 266 [8]
33 259 [0]
139 147 [6]
93 192 [7]
6 286 [0]
45 239 [8]
7 286 [0]
2 291 [0]
38 253 [2]
10 283 [0]
62 222 [9]
109 184 [0]
95 190 [8]
64 226 [4]
3 291 [0]
104 181 [9]
95 199 [0]
106 180 [8]
110 184 [0]
131 156 [7]
1 287 [6]
3 292 [0]
5 290 [0]
94 201 [0]
90 199 [6]
30 257 [9]
64 232 [0]
75 221 [0]
111 185 [0]
54 233 [9]
4 283 [9]
58 229 [9]
0 297 [1]
50 239 [8]
111 186 [0]
138 151 [8]
6 282 [9]
147 151 [0]
5 293 [0]
124 172 [2]
101 197 [0]
2 290 [6]
133 163 [2]
93 203 [2]
17 281 [0]
88 202 [8]
37 261 [0]
32 257 [9]
90 208 [0]
35 255 [8]
59 240 [0]
112 187 [0]
121 178 [0]
112 180 [7]
98 202 [0]
128 172 [0]
71 227 [2]
61 231 [8]
26 272 [2]
134 167 [0]
86 206 [9]
24 275 [2]
1 294 [6]
64 228 [9]
90 202 [9]
46 246 [9]
94 208 [0]
1 295 [6]
116 187 [0]
119 184 [0]
139 155 [9]
130 165 [8]
9 295 [0]
14 290 [0]
140 156 [8]
107 195 [2]
83 221 [0]
74 222 [8]
129 176 [0]
66 231 [8]
9 287 [9]
39 257 [9]
95 202 [8]
93 205 [7]
30 273 [2]
73 233 [0]
82 224 [0]
23 274 [9]
39 258 [9]
27 271 [8]
87 211 [8]
43 264 [0]
101 206 [0]
143 155 [9]
77 222 [8]
114 193 [0]
34 265 [8]
118 189 [0]
102 197 [8]
12 286 [9]
2 296 [9]
56 242 [9]
1 307 [0]
3 305 [0]
16 283 [9]
37 272 [0]
79 230 [0]
32 269 [8]
147 153 [9]
25 275 [9]
31 279 [0]
44 266 [0]
58 252 [0]
18 283 [9]
78 226 [6]
8 303 [0]
43 260 [8]
38 273 [0]
85 224 [2]
99 204 [8]
47 256 [8]
68 241 [2]
141 168 [2]
33 271 [8]
46 266 [0]
96 208 [8]
65 247 [0]
9 294 [9]
54 249 [9]
134 171 [7]
109 204 [0]
130 183 [0]
111 193 [9]
22 282 [9]
3 311 [0]
64 241 [9]
72 233 [9]
125 189 [0]
129 178 [7]
132 182 [0]
3 312 [0]
18 297 [0]
0 309 [1]
127 188 [0]
49 264 [2]
110 203 [2]
147 160 [9]
12 296 [8]
138 178 [0]
108 206 [2]
37 271 [8]
66 241 [9]
17 300 [0]
72 245 [0]
124 191 [2]
146 171 [0]
52 256 [9]
131 184 [2]
13 305 [0]
105 213 [0]
135 183 [0]
71 245 [2]
99 212 [7]
136 183 [0]
155 164 [0]
150 161 [8]
115 195 [9]
70 241 [8]
6 306 [8]
92 224 [4]
151 161 [8]
21 299 [0]
76 242 [2]
125 186 [9]
56 262 [2]
130 184 [7]
123 190 [8]
46 267 [8]
80 240 [1]
51 263 [7]
19 293 [9]
24 289 [8]
120 193 [8]
120 201 [0]
123 198 [0]
37 285 [0]
77 237 [8]
96 219 [7]
59 264 [0]
37 286 [0]
105 218 [0]
128 193 [2]
97 219 [7]
86 228 [9]
59 262 [2]
58 266 [0]
3 321 [0]
100 224 [0]
56 259 [9]
41 283 [0]
45 277 [2]
79 245 [0]
104 212 [8]
78 239 [7]
31 285 [8]
125 199 [0]
154 170 [0]
77 248 [0]
72 253 [0]
23 302 [0]
46 270 [9]
138 187 [0]
159 166 [0]
54 263 [8]
145 172 [8]
147 178 [0]
20 306 [0]
123 203 [0]
29 289 [8]
77 247 [2]
0 317 [1]
6 311 [9]
17 301 [8]
23 304 [0]
40 279 [8]
58 261 [8]
121 203 [4]
108 220 [0]
162 166 [0]
7 315 [6]
159 169 [0]
102 219 [7]
17 302 [9]
63 257 [8]
6 314 [8]
55 265 [8]
4 315 [9]
12 308 [8]
69 251 [8]
120 209 [0]
20 309 [0]
148 181 [0]
124 203 [2]
54 273 [2]
139 188 [2]
52 269 [8]
92 237 [0]
21 306 [2]
131 198 [0]
2 318 [9]
121 200 [8]
143 186 [0]
18 303 [9]
14 314 [2]
4 317 [9]
13 317 [0]
90 231 [9]
70 253 [7]
154 176 [0]
118 213 [0]
165 166 [0]
66 257 [8]
69 260 [2]
31 294 [6]
22 310 [0]
127 196 [9]
24 309 [0]
9 324 [0]
73 260 [0]
103 230 [0]
37 287 [9]
78 247 [8]
163 170 [0]
6 321 [6]
58 276 [0]
28 306 [0]
2 323 [9]
44 290 [0]
165 169 [0]
113 221 [0]
7 328 [0]
98 237 [0]
30 297 [8]
136 192 [7]
13 314 [8]
148 179 [8]
10 326 [0]
63 273 [0]
32 296 [8]
97 231 [8]
20 317 [0]
128 209 [0]
107 222 [8]
160 177 [0]
121 209 [7]
163 166 [8]
0 338 [1]
35 303 [0]
73 263 [2]
47 283 [8]
83 255 [0]
7 322 [9]
27 303 [8]
34 296 [8]
106 230 [2]
106 232 [0]
25 305 [8]
116 222 [0]
31 298 [9]
92 238 [8]
13 326 [0]
157 182 [0]
40 297 [2]
97 234 [8]
60 271 [8]
10 320 [9]
107 233 [0]
158 182 [0]
72 259 [9]
53 279 [8]
122 210 [8]
64 277 [0]
15 326 [0]
1 340 [0]
167 172 [2]
56 276 [9]
1 331 [9]
74 265 [2]
89 253 [0]
4 332 [6]
9 325 [8]
84 250 [8]
155 187 [0]
82 252 [8]
32 311 [0]
129 214 [0]
64 270 [9]
53 282 [8]
11 323 [9]
19 315 [9]
136 201 [7]
4 340 [0]
14 322 [8]
133 211 [0]
43 292 [9]
66 278 [0]
137 199 [8]
83 254 [7]
9 333 [2]
159 178 [8]
162 181 [2]
46 299 [0]
71 274 [0]
76 269 [0]
16 330 [0]
3 334 [9]
91 255 [0]
127 211 [8]
68 276 [2]
37 310 [0]
17 330 [0]
75 268 [4]
4 334 [9]
25 313 [9]
0 348 [1]
23 325 [0]
44 295 [9]
67 281 [0]
30 310 [8]
105 240 [3]
30 318 [0]
137 211 [0]
133 207 [8]
123 223 [2]
49 292 [8]
21 328 [0]
0 340 [1]
27 314 [8]
77 270 [2]
21 320 [8]
53 287 [9]
2 339 [8]
15 335 [0]
92 250 [8]
23 321 [6]
166 182 [2]
4 347 [0]
58 289 [4]
150 194 [7]
80 271 [0]
147 202 [2]
19 323 [9]
137 207 [7]
126 225 [0]
87 262 [2]
118 224 [9]
72 270 [9]
114 229 [8]
33 311 [8]
2 344 [6]
72 278 [2]
127 221 [4]
75 275 [2]
7 336 [9]
173 179 [0]
70 275 [8]
29 324 [0]
57 288 [8]
13 331 [9]
49 304 [0]
98 247 [8]
95 250 [8]
52 292 [9]
7 337 [9]
20 325 [8]
12 339 [2]
40 314 [0]
7 347 [0]
57 289 [8]
16 332 [6]
26 328 [0]
67 287 [0]
7 339 [8]
41 305 [8]
157 190 [7]
102 252 [0]
82 272 [1]
174 181 [0]
42 305 [8]
152 203 [0]
106 247 [2]
8 338 [9]
119 236 [0]
50 305 [0]
14 339 [2]
172 184 [0]
4 343 [9]
48 308 [0]
123 225 [8]
60 287 [9]
34 313 [9]
94 262 [0]
141 207 [8]
59 290 [8]
164 193 [0]
78 278 [1]
121 228 [8]
125 232 [0]
143 214 [0]
33 322 [2]
152 206 [0]
145 213 [0]
144 214 [0]
54 296 [8]
109 242 [7]
102 255 [1]
168 191 [0]
177 182 [0]
33 324 [2]
125 234 [0]
9 342 [8]
81 270 [8]
133 218 [8]
6 344 [9]
1 349 [9]
34 317 [8]
1 359 [0]
35 325 [0]
172 188 [0]
6 346 [8]
81 271 [8]
119 242 [0]
4 357 [0]
89 265 [7]
63 296 [2]
57 304 [0]
62 290 [9]
66 295 [0]
85 276 [0]
54 299 [8]
25 328 [8]
88 273 [0]
69 284 [8]
97 256 [8]
168 194 [0]
7 355 [0]
35 327 [0]
41 321 [0]
34 319 [9]
41 314 [8]
79 276 [8]
2 361 [0]
10 345 [8]
95 268 [0]
156 207 [0]
89 267 [7]
22 332 [9]
152 204 [8]
154 210 [0]
149 215 [0]
151 205 [8]
11 345 [8]
44 312 [8]
26 330 [8]
97 260 [7]
135 228 [1]
174 183 [7]
58 307 [0]
112 253 [0]
15 341 [9]
8 348 [9]
165 192 [8]
22 335 [8]
4 362 [0]
27 339 [0]
75 291 [0]
105 261 [0]
100 258 [8]
2 365 [0]
74 293 [0]
177 190 [0]
138 221 [8]
168 192 [7]
7 352 [8]
34 334 [0]
149 219 [0]
157 204 [7]
106 254 [8]
22 338 [8]
3 366 [0]
6 363 [0]
157 210 [2]
130 232 [7]
124 244 [1]
2 358 [9]
167 202 [0]
11 349 [9]
16 354 [0]
30 340 [0]
88 281 [1]
150 212 [8]
86 275 [9]
9 353 [8]
10 352 [8]
53 316 [2]
20 351 [0]
14 357 [0]
32 331 [8]
5 357 [9]
122 242 [7]
0 364 [1]
142 230 [0]
7 356 [9]
57 316 [0]
70 295 [8]
1 364 [8]
83 283 [7]
95 270 [8]
68 306 [0]
165 209 [0]
6 368 [0]
173 201 [0]
168 206 [0]
178 196 [0]
79 295 [0]
23 352 [0]
5 370 [0]
24 349 [2]
152 221 [2]
127 248 [0]
167 208 [0]
51 318 [7]
131 238 [7]
102 274 [0]
187 188 [1]
121 256 [0]
6 371 [0]
20 349 [8]
12 365 [0]
153 224 [0]
111 258 [8]
111 264 [2]
21 348 [8]
11 358 [8]
142 235 [0]
168 210 [0]
47 331 [0]
75 303 [0]
34 336 [8]
40 336 [2]
39 331 [8]
94 277 [7]
144 227 [7]
45 332 [2]
6 373 [0]
154 217 [8]
36 343 [0]
111 266 [2]
74 305 [0]
59 318 [2]
90 280 [9]
10 360 [9]
93 279 [7]
174 203 [2]
133 238 [8]
23 355 [2]
1 379 [0]
42 330 [8]
5 366 [9]
50 321 [9]
44 329 [8]
122 251 [8]
176 197 [8]
107 267 [7]
7 374 [0]
135 244 [2]
12 361 [8]
74 306 [1]
123 250 [8]
100 274 [7]
107 274 [0]
140 240 [1]
125 255 [1]
128 253 [0]
39 334 [8]
181 201 [0]
31 342 [9]
166 208 [8]
163 217 [2]
41 339 [2]
129 245 [8]
0 374 [1]
87 296 [0]
84 299 [0]
37 346 [0]
16 359 [8]
66 309 [8]
32 343 [8]
157 226 [0]
75 300 [8]
1 373 [9]
49 332 [2]
23 351 [9]
17 357 [9]
173 210 [0]
1 375 [8]
74 310 [0]
56 327 [1]
79 305 [0]
73 303 [8]
136 241 [7]
60 316 [8]
95 288 [1]
2 373 [9]
3 372 [9]
125 252 [7]
136 249 [0]
159 226 [0]
7 369 [9]
61 316 [8]
17 360 [8]
111 275 [0]
135 251 [0]
39 345 [2]
183 196 [7]
141 238 [7]
190 197 [0]
170 217 [0]
6 372 [9]
25 354 [8]
16 362 [9]
177 202 [8]
59 319 [9]
124 264 [0]
6 374 [8]
69 311 [8]
90 289 [9]
98 283 [7]
17 364 [8]
34 355 [0]
67 322 [0]
6 375 [8]
79 310 [0]
63 324 [2]
73 314 [2]
191 198 [0]
117 272 [0]
121 268 [0]
23 357 [9]
176 214 [0]
130 260 [0]
36 346 [8]
0 382 [1]
89 293 [8]
79 306 [5]
123 260 [7]
55 326 [9]
23 359 [8]
128 254 [8]
36 355 [0]
117 267 [7]
63 327 [1]
113 271 [7]
104 285 [2]
3 379 [9]
98 294 [0]
41 351 [0]
73 317 [2]
43 349 [0]
37 353 [2]
45 347 [0]
11 372 [9]
177 215 [0]
35 348 [9]
70 316 [7]
90 303 [0]
100 286 [7]
148 240 [5]
22 371 [0]
195 198 [0]
2 383 [8]
144 242 [7]
195 199 [0]
126 267 [1]
110 276 [8]
16 371 [8]
190 198 [7]
16 379 [0]
51 344 [0]
163 232 [0]
107 281 [7]
175 220 [0]
0 386 [1]
8 388 [0]
1 395 [0]
143 251 [2]
10 377 [9]
21 373 [2]
0 387 [1]
30 366 [0]
46 350 [0]
28 360 [8]
51 345 [0]
115 281 [0]
115 282 [0]
3 385 [9]
130 259 [8]
31 358 [8]
12 377 [8]
4 394 [0]
57 341 [0]
63 336 [0]
18 373 [8]
75 317 [7]
167 224 [8]
199 200 [0]
0 391 [1]
95 298 [7]
34 364 [2]
2 399 [0]
54 347 [0]
66 335 [0]
124 270 [7]
191 210 [0]
16 377 [8]
6 387 [8]
7 385 [9]
122 278 [1]
90 302 [9]
181 219 [1]
195 202 [4]
40 359 [2]
147 253 [2]
49 353 [0]
112 290 [0]
171 224 [7]
2 391 [9]
9 391 [2]
9 386 [8]
77 326 [0]
82 321 [0]
107 296 [0]
62 333 [8]
2 393 [8]
161 242 [0]
182 221 [0]
15 389 [0]
35 369 [0]
20 382 [2]
68 334 [2]
58 346 [0]
128 276 [0]
87 309 [8]
9 387 [8]
159 240 [5]
60 337 [8]
32 373 [0]
58 347 [0]
111 294 [0]
112 293 [0]
7 389 [9]
30 373 [2]
92 305 [8]
84 322 [0]
102 297 [7]
96 303 [7]
123 284 [0]
109 297 [1]
65 334 [8]
90 317 [0]
130 270 [7]
3 395 [9]
7 400 [0]
175 225 [7]
2 397 [9]
90 309 [9]
12 388 [9]
199 210 [0]
47 360 [2]
106 295 [8]
194 213 [2]
19 382 [8]
154 247 [8]
2 408 [0]
137 273 [0]
156 254 [0]
174 236 [0]
32 370 [8]
11 391 [8]
1 401 [8]
80 323 [7]
6 405 [0]
159 252 [0]
112 292 [7]
2 401 [8]
3 399 [9]
190 222 [0]
112 299 [1]
141 264 [7]
0 403 [1]
69 344 [0]
108 305 [0]
53 358 [2]
136 270 [7]
173 239 [1]
116 290 [7]
6 399 [8]
179 226 [8]
47 364 [2]
52 359 [2]
75 339 [0]
25 389 [0]
52 362 [0]
7 398 [9]
101 313 [0]
107 300 [7]
58 348 [8]
74 339 [1]
11 395 [8]
158 249 [7]
15 400 [0]
57 358 [0]
189 226 [0]
114 293 [8]
116 292 [7]
65 342 [8]
150 258 [8]
176 233 [7]
41 375 [0]
0 408 [1]
59 357 [0]
172 244 [0]
187 229 [0]
10 398 [9]
197 216 [4]
37 372 [8]
1 407 [9]
200 217 [0]
1 408 [8]
19 389 [9]
8 401 [8]
3 415 [0]
103 315 [0]
116 295 [7]
12 398 [8]
156 261 [1]
56 360 [2]
180 239 [0]
16 403 [0]
110 302 [7]
19 400 [0]
93 325 [1]
63 356 [0]
175 245 [0]
98 322 [0]
25 395 [0]
146 274 [0]
171 249 [0]
154 265 [1]
34 378 [8]
11 401 [8]
56 356 [8]
75 346 [0]
26 395 [0]
10 409 [2]
187 226 [8]
144 277 [0]
153 268 [0]
43 370 [8]
27 386 [8]
25 394 [2]
191 230 [0]
59 354 [8]
108 312 [1]
86 333 [2]
21 401 [0]
73 349 [0]
145 277 [0]
122 301 [0]
22 393 [8]
112 306 [5]
196 220 [7]
10 405 [8]
48 373 [2]
180 243 [0]
84 340 [0]
14 410 [0]
23 393 [8]
147 272 [5]
44 380 [0]
13 403 [8]
1 415 [8]
62 362 [0]
111 305 [8]
2 413 [9]
184 233 [7]
48 374 [2]
52 373 [0]
81 344 [0]
148 272 [5]
16 401 [8]
196 221 [8]
138 286 [1]
17 409 [0]
23 403 [0]
203 223 [0]
6 412 [8]
75 343 [8]
2 416 [8]
83 339 [5]
46 381 [0]
90 337 [0]
90 329 [8]
84 336 [7]
104 321 [2]
100 319 [8]
160 259 [8]
86 340 [2]
71 358 [0]
201 228 [0]
120 302 [7]
50 377 [2]
196 233 [0]
197 232 [0]
184 238 [7]
74 353 [2]
71 359 [0]
131 299 [0]
152 278 [0]
34 388 [8]
36 386 [8]
112 317 [1]
25 406 [0]
27 404 [0]
10 419 [2]
46 377 [8]
144 280 [7]
111 320 [0]
208 223 [0]
2 421 [8]
164 267 [0]
69 361 [1]
168 264 [0]
104 328 [0]
0 432 [1]
11 421 [0]
117 315 [0]
142 289 [1]
20 404 [8]
107 318 [7]
129 304 [0]
17 416 [0]
22 411 [0]
4 421 [8]
8 417 [8]
54 371 [8]
134 292 [7]
9 425 [0]
23 411 [0]
47 379 [8]
48 386 [0]
173 261 [0]
145 289 [0]
209 225 [0]
159 275 [0]
82 352 [1]
120 314 [1]
111 324 [0]
177 258 [0]
79 349 [7]
5 422 [8]
108 320 [7]
48 385 [2]
12 424 [0]
43 393 [0]
63 373 [0]
112 324 [0]
195 234 [7]
75 359 [2]
66 368 [2]
13 424 [0]
12 425 [0]
18 411 [8]
80 357 [0]
2 427 [8]
176 254 [7]
87 342 [8]
188 249 [0]
21 417 [0]
49 389 [0]
193 245 [0]
52 379 [8]
4 435 [0]
100 338 [1]
216 223 [0]
28 403 [8]
48 391 [0]
87 344 [8]
102 330 [7]
3 428 [8]
18 419 [2]
23 417 [0]
94 346 [0]
106 333 [1]
169 271 [0]
218 222 [0]
73 365 [2]
5 428 [8]
43 398 [0]
11 428 [2]
44 389 [8]
66 373 [2]
69 370 [2]
88 354 [0]
2 440 [0]
40 402 [0]
144 298 [0]
169 273 [0]
19 414 [9]
86 348 [8]
156 281 [5]
109 326 [7]
22 421 [0]
32 409 [2]
98 345 [0]
13 428 [2]
186 255 [2]
108 335 [0]
157 285 [1]
7 437 [0]
22 422 [0]
186 258 [0]
187 250 [7]
96 341 [7]
98 347 [0]
7 438 [0]
21 424 [0]
62 383 [0]
83 362 [0]
34 409 [2]
101 339 [5]
55 381 [9]
56 387 [2]
84 361 [0]
120 325 [0]
158 287 [0]
215 230 [0]
65 381 [0]
37 409 [0]
12 434 [0]
108 330 [8]
71 368 [7]
12 426 [8]
49 397 [0]
56 390 [0]
7 430 [9]
155 291 [0]
180 262 [5]
139 308 [0]
201 246 [0]
208 239 [0]
126 320 [1]
86 359 [2]
38 407 [2]
132 314 [2]
25 421 [2]
11 437 [0]
180 268 [0]
48 398 [2]
4 436 [8]
89 357 [2]
126 315 [7]
11 429 [8]
26 420 [2]
89 351 [8]
115 334 [0]
43 406 [0]
126 322 [1]
65 384 [0]
212 237 [0]
211 238 [0]
60 381 [8]
130 319 [0]
18 423 [8]
83 367 [0]
90 360 [0]
97 352 [1]
44 399 [8]
148 303 [0]
162 288 [1]
204 247 [0]
188 263 [0]
11 432 [8]
196 254 [1]
37 413 [2]
209 243 [0]
99 346 [7]
8 436 [8]
204 248 [0]
193 259 [0]
175 272 [5]
134 317 [1]
123 321 [8]
150 296 [7]
153 292 [8]
15 431 [7]
100 346 [7]
6 439 [9]
171 283 [0]
88 366 [0]
114 339 [1]
38 417 [0]
0 455 [1]
87 366 [2]
11 444 [0]
169 279 [7]
9 438 [8]
33 421 [1]
48 402 [5]
164 291 [0]
185 270 [0]
218 237 [0]
155 301 [0]
45 411 [0]
102 354 [0]
0 448 [1]
191 258 [7]
197 259 [0]
74 374 [8]
2 455 [0]
8 449 [0]
15 442 [0]
18 439 [0]
72 383 [2]
49 406 [2]
109 341 [7]
100 350 [7]
85 372 [0]
114 335 [8]
14 444 [0]
51 407 [0]
143 307 [8]
173 284 [1]
4 445 [9]
30 427 [2]
22 437 [0]
19 432 [8]
4 447 [8]
71 388 [0]
214 245 [0]
76 383 [0]
81 378 [0]
198 261 [0]
6 445 [8]
58 400 [1]
5 446 [8]
205 254 [0]
129 329 [1]
210 249 [1]
32 428 [0]
7 453 [0]
227 233 [0]
66 386 [8]
1 451 [8]
68 390 [2]
228 231 [1]
158 294 [8]
79 382 [0]
3 458 [0]
39 414 [8]
137 324 [0]
103 351 [7]
56 405 [0]
7 446 [8]
58 403 [0]
59 402 [0]
92 362 [8]
21 441 [0]
31 431 [0]
6 448 [8]
61 399 [2]
66 388 [8]
178 283 [1]
67 387 [8]
46 408 [8]
228 234 [0]
134 329 [0]
225 238 [0]
21 440 [2]
12 443 [8]
63 398 [2]
1 453 [9]
88 374 [1]
8 447 [8]
84 377 [2]
52 409 [2]
130 326 [7]
16 438 [9]
33 431 [0]
138 326 [0]
150 314 [0]
120 337 [7]
217 247 [0]
223 241 [0]
149 314 [1]
97 368 [0]
0 465 [1]
13 452 [0]
85 380 [0]
226 232 [7]
70 394 [1]
97 366 [2]
59 404 [2]
230 236 [0]
15 451 [0]
7 459 [0]
78 388 [0]
115 343 [8]
81 385 [0]
101 365 [0]
179 287 [0]
157 308 [1]
12 455 [0]
233 234 [0]
211 256 [0]
232 235 [0]
82 383 [2]
46 413 [8]
0 459 [1]
72 393 [2]
109 351 [7]
8 460 [0]
10 458 [0]
185 281 [2]
79 389 [0]
225 243 [0]
91 370 [7]
102 366 [0]
185 283 [0]
210 258 [0]
106 363 [0]
209 260 [0]
0 461 [1]
176 288 [5]
53 415 [1]
44 425 [0]
53 416 [0]
92 377 [0]
95 367 [7]
133 337 [0]
2 468 [0]
21 449 [0]
3 459 [8]
149 320 [1]
134 335 [1]
75 395 [0]
63 402 [5]
121 342 [7]
64 404 [2]
166 297 [7]
185 284 [1]
19 444 [8]
9 462 [0]
60 403 [8]
17 454 [0]
74 397 [0]
39 424 [8]
133 336 [2]
37 435 [0]
45 427 [0]
185 286 [1]
95 377 [0]
165 307 [0]
7 463 [2]
190 282 [0]
182 290 [0]
164 309 [0]
22 451 [0]
218 255 [0]
11 454 [8]
6 458 [9]
212 261 [0]
180 291 [2]
169 304 [0]
92 379 [2]
140 333 [1]
22 452 [0]
90 384 [0]
112 362 [0]
204 269 [1]
61 411 [2]
83 390 [1]
36 431 [7]
56 416 [2]
12 460 [2]
224 250 [0]
73 402 [0]
182 288 [5]
65 409 [1]
197 278 [0]
227 248 [0]
126 348 [1]
41 432 [2]
80 388 [7]
14 459 [2]
105 371 [0]
7 469 [0]
162 307 [7]
148 321 [7]
207 264 [5]
38 436 [2]
165 311 [0]
82 386 [8]
118 350 [8]
12 464 [0]
130 346 [0]
104 373 [0]
2 467 [8]
37 438 [2]
6 462 [9]
175 295 [7]
164 312 [1]
45 430 [2]
65 410 [2]
156 320 [2]
40 438 [0]
11 458 [9]
21 455 [2]
73 405 [0]
4 466 [8]
220 258 [0]
200 271 [7]
166 312 [0]
206 271 [1]
1 468 [9]
197 282 [0]
45 434 [0]
61 418 [0]
229 250 [0]
227 245 [7]
197 283 [0]
54 418 [8]
85 395 [0]
231 249 [0]
237 242 [1]
193 286 [1]
228 245 [7]
118 360 [2]
217 262 [1]
89 392 [0]
2 479 [0]
152 321 [8]
7 474 [0]
10 471 [0]
207 274 [0]
141 340 [0]
96 378 [7]
204 270 [7]
108 374 [0]
17 465 [0]
7 475 [0]
84 397 [1]
113 362 [7]
78 403 [1]
34 448 [0]
31 449 [2]
161 321 [0]
19 464 [0]
40 443 [0]
16 458 [9]
11 470 [2]
34 447 [2]
80 400 [3]
192 292 [0]
206 273 [5]
69 415 [0]
209 268 [7]
37 439 [8]
51 428 [5]
204 278 [2]
90 392 [2]
10 466 [8]
140 337 [7]
97 388 [0]
76 407 [2]
32 451 [2]
6 479 [0]
23 454 [8]
21 464 [0]
199 285 [1]
105 375 [5]
141 345 [0]
56 430 [0]
5 472 [9]
63 422 [1]
66 420 [0]
189 290 [7]
113 366 [7]
100 385 [1]
5 480 [2]
0 479 [1]
235 251 [1]
74 412 [1]
177 303 [7]
11 474 [2]
111 376 [0]
208 280 [0]
167 320 [1]
150 338 [0]
54 432 [2]
39 447 [2]
11 468 [9]
4 476 [8]
63 424 [1]
234 252 [2]
120 369 [0]
39 450 [0]
172 317 [0]
96 386 [7]
242 246 [1]
118 369 [2]
20 467 [2]
207 282 [0]
26 461 [2]
35 455 [0]
0 490 [1]
6 476 [8]
130 359 [1]
218 272 [0]
76 409 [5]
23 465 [2]
130 355 [5]
6 485 [0]
222 264 [5]
161 325 [5]
203 280 [8]
170 320 [1]
210 282 [0]
44 448 [0]
7 485 [0]
180 312 [0]
31 453 [8]
193 292 [7]
145 347 [0]
57 436 [0]
123 370 [0]
40 452 [1]
19 466 [8]
207 281 [5]
223 269 [1]
195 297 [1]
126 366 [1]
115 376 [2]
180 311 [2]
155 333 [5]
127 367 [0]
2 484 [8]
171 318 [5]
124 363 [7]
81 406 [7]
3 482 [9]
27 465 [2]
135 357 [2]
205 290 [0]
9 486 [0]
102 386 [7]
123 365 [7]
45 449 [1]
62 425 [8]
15 472 [8]
109 386 [0]
132 363 [0]
204 291 [0]
23 470 [2]
139 348 [8]
221 273 [1]
218 277 [0]
94 402 [0]
202 294 [0]
185 310 [1]
130 361 [5]
189 300 [7]
170 327 [0]
154 343 [0]
12 483 [2]
200 297 [0]
243 252 [2]
73 419 [5]
57 438 [2]
29 469 [0]
9 489 [0]
147 349 [2]
5 491 [2]
15 481 [2]
154 344 [0]
244 254 [0]
2 488 [8]
157 341 [0]
36 460 [2]
243 254 [1]
155 342 [1]
91 408 [0]
174 324 [1]
36 461 [2]
94 405 [0]
167 331 [1]
212 286 [1]
181 318 [0]
88 410 [1]
28 469 [2]
20 478 [2]
165 335 [0]
149 344 [7]
39 453 [8]
172 327 [1]
101 398 [1]
0 492 [1]
28 470 [2]
199 294 [7]
4 497 [0]
63 437 [1]
125 375 [1]
162 338 [1]
55 446 [0]
38 461 [2]
68 432 [1]
64 437 [0]
74 427 [0]
12 481 [8]
201 300 [0]
98 403 [0]
193 309 [0]
205 297 [0]
57 443 [2]
126 375 [1]
76 426 [0]
125 377 [0]
60 434 [8]
191 311 [0]
183 319 [0]
115 388 [0]
4 499 [0]
145 356 [2]
5 498 [0]
147 356 [0]
108 394 [1]
232 266 [5]
1 493 [9]
216 287 [0]
148 354 [1]
175 321 [8]
17 487 [0]
4 500 [0]
36 463 [5]
30 474 [0]
58 446 [0]
144 355 [5]
242 262 [0]
201 302 [1]
64 438 [2]
29 470 [5]
228 277 [0]
12 493 [0]
14 491 [0]
104 399 [2]
92 413 [0]
198 307 [0]
187 317 [1]
21 480 [5]
49 457 [0]
23 483 [0]
110 396 [0]
53 452 [1]
149 350 [7]
1 497 [8]
129 377 [0]
210 296 [0]
230 276 [0]
17 482 [8]
138 367 [2]
67 440 [0]
232 268 [7]
189 319 [0]
75 433 [0]
164 339 [5]
224 276 [8]
184 323 [1]
50 456 [2]
51 456 [1]
88 421 [0]
14 495 [0]
57 452 [0]
177 327 [5]
112 392 [5]
212 295 [2]
156 351 [2]
62 439 [8]
180 324 [5]
33 475 [1]
34 476 [0]
12 498 [0]
144 366 [0]
150 355 [5]
180 327 [3]
20 482 [8]
79 431 [0]
105 405 [0]
83 428 [0]
241 270 [0]
11 492 [8]
34 477 [0]
129 381 [1]
64 447 [0]
73 437 [1]
90 419 [2]
251 260 [0]
56 454 [1]
69 442 [0]
21 491 [0]
212 300 [0]
59 453 [0]
5 505 [2]
222 290 [0]
151 360 [1]
43 467 [2]
166 346 [0]
22 485 [5]
126 385 [1]
19 494 [0]
245 268 [0]
6 505 [2]
188 325 [0]
53 459 [1]
45 463 [5]
183 328 [2]
83 429 [1]
221 293 [0]
222 292 [0]
8 498 [8]
214 299 [1]
23 489 [2]
173 341 [1]
23 490 [2]
14 493 [8]
0 507 [1]
203 304 [8]
74 442 [0]
13 503 [0]
131 380 [5]
139 375 [2]
198 317 [1]
8 500 [8]
59 452 [5]
241 275 [0]
166 343 [7]
103 406 [7]
233 281 [2]
145 372 [0]
185 332 [0]
13 502 [2]
129 387 [1]
34 483 [0]
106 404 [7]
184 326 [7]
189 328 [0]
151 366 [0]
153 364 [0]
162 355 [0]
177 340 [0]
242 276 [0]
244 274 [0]
40 473 [5]
89 429 [0]
96 422 [0]
229 289 [0]
107 404 [7]
192 326 [0]
221 296 [1]
221 290 [7]
248 269 [1]
131 382 [5]
257 261 [0]
101 413 [5]
17 494 [8]
221 291 [7]
1 510 [8]
3 514 [2]
198 320 [1]
213 301 [5]
51 467 [1]
208 310 [1]
10 500 [9]
11 500 [8]
187 331 [1]
22 495 [2]
147 372 [0]
122 390 [7]
146 372 [1]
241 278 [0]
216 302 [1]
141 379 [0]
243 277 [0]
70 449 [1]
87 428 [5]
12 506 [2]
62 459 [0]
108 412 [1]
228 288 [5]
114 402 [5]
27 492 [2]
165 349 [7]
33 483 [5]
160 362 [0]
70 445 [7]
247 272 [3]
94 427 [1]
10 513 [0]
218 304 [1]
168 354 [1]
242 280 [1]
54 467 [2]
135 383 [5]
70 454 [0]
0 524 [1]
1 523 [0]
26 498 [0]
115 407 [2]
120 403 [1]
101 418 [5]
56 463 [5]
77 445 [2]
150 374 [0]
34 485 [5]
34 488 [2]
7 518 [0]
6 519 [0]
232 291 [2]
247 278 [0]
249 273 [3]
63 457 [5]
99 421 [5]
140 384 [1]
214 304 [7]
91 433 [1]
248 276 [1]
254 272 [0]
76 450 [0]
151 375 [0]
199 327 [0]
50 468 [8]
4 520 [2]
244 282 [0]
251 275 [0]
65 457 [5]
133 394 [0]
10 512 [5]
104 422 [1]
50 477 [0]
252 275 [0]
157 369 [1]
11 514 [2]
165 363 [0]
71 457 [0]
4 524 [0]
127 400 [1]
221 300 [7]
160 367 [1]
30 498 [0]
133 395 [0]
263 265 [0]
86 440 [2]
129 398 [1]
105 424 [0]
117 412 [0]
178 351 [0]
161 366 [2]
172 350 [7]
219 311 [0]
76 454 [0]
65 465 [0]
181 342 [7]
118 411 [1]
123 407 [0]
59 470 [1]
221 309 [0]
134 397 [0]
2 529 [0]
56 470 [5]
222 306 [3]
172 359 [0]
7 515 [9]
25 504 [2]
126 404 [1]
172 358 [1]
58 474 [0]
1 531 [0]
136 389 [7]
29 503 [0]
124 407 [1]
34 496 [2]
88 444 [0]
187 345 [0]
178 353 [2]
3 530 [0]
178 352 [3]
232 296 [5]
220 313 [0]
144 384 [5]
129 403 [1]
169 364 [0]
171 357 [5]
209 315 [9]
263 270 [0]
114 417 [2]
20 508 [5]
57 477 [0]
14 520 [0]
38 494 [2]
203 331 [0]
243 291 [0]
48 484 [2]
36 496 [2]
31 502 [2]
88 447 [0]
265 270 [0]
228 307 [0]
54 479 [2]
88 446 [1]
75 459 [1]
34 493 [8]
195 340 [0]
254 282 [0]
2 526 [8]
185 351 [0]
215 320 [1]
217 318 [1]
66 462 [8]
162 373 [1]
18 510 [8]
104 431 [1]
152 383 [1]
256 280 [0]
79 456 [1]
70 467 [0]
59 476 [2]
108 430 [0]
6 524 [8]
42 495 [1]
171 367 [0]
76 457 [5]
192 346 [0]
260 278 [0]
230 308 [0]
126 411 [1]
234 303 [2]
198 340 [1]
26 511 [2]
3 528 [8]
221 311 [7]
9 531 [0]
250 290 [0]
33 502 [5]
222 316 [2]
35 503 [2]
32 509 [0]
1 540 [0]
32 507 [2]
10 523 [8]
247 294 [0]
139 402 [0]
206 334 [1]
7 526 [8]
248 292 [1]
189 347 [5]
237 299 [5]
123 419 [0]
34 508 [0]
46 496 [0]
125 417 [0]
213 324 [5]
94 447 [1]
225 315 [2]
216 319 [7]
184 351 [7]
78 465 [0]
79 464 [0]
109 434 [0]
162 381 [0]
78 460 [5]
107 435 [1]
12 532 [0]
241 303 [0]
51 492 [1]
3 533 [8]
8 528 [8]
52 490 [2]
188 352 [4]
80 458 [7]
2 541 [2]
39 507 [0]
1 545 [0]
118 426 [2]
128 417 [1]
79 467 [0]
261 284 [1]
3 535 [8]
85 460 [1]
163 383 [0]
175 371 [0]
82 462 [2]
179 366 [1]
41 506 [0]
7 540 [0]
70 477 [0]
234 313 [0]
28 514 [5]
242 304 [1]
262 285 [0]
108 439 [0]
115 431 [1]
255 292 [0]
4 541 [2]
26 519 [2]
4 536 [8]
63 480 [5]
194 354 [0]
123 424 [1]
174 373 [1]
267 281 [0]
111 438 [0]
2 547 [0]
84 465 [0]
90 457 [2]
213 334 [2]
134 414 [1]
81 463 [5]
26 521 [2]
95 453 [1]
239 310 [0]
188 353 [8]
157 392 [0]
146 404 [0]
54 491 [5]
189 360 [1]
253 292 [5]
252 298 [0]
10 541 [0]
24 527 [0]
25 526 [0]
6 543 [2]
62 489 [0]
87 464 [0]
144 406 [1]
208 342 [1]
154 396 [1]
49 501 [1]
133 418 [0]
134 417 [0]
194 357 [0]
188 360 [3]
221 323 [7]
21 531 [0]
202 349 [1]
3 549 [0]
28 522 [2]
139 411 [2]
243 306 [3]
12 540 [0]
146 401 [5]
95 452 [5]
43 501 [8]
43 507 [2]
209 338 [5]
106 446 [0]
88 459 [5]
39 512 [1]
165 382 [5]
6 544 [2]
168 380 [5]
65 488 [0]
8 537 [8]
34 512 [7]
132 414 [7]
127 424 [2]
140 412 [1]
18 536 [0]
87 467 [0]
147 407 [0]
268 286 [0]
114 438 [2]
177 376 [1]
180 369 [5]
140 407 [7]
188 367 [0]
21 534 [0]
24 531 [0]
70 480 [5]
78 477 [0]
216 339 [0]
164 391 [0]
88 464 [3]
35 518 [2]
206 348 [1]
10 546 [0]
5 551 [0]
20 536 [0]
157 399 [0]
274 282 [0]
206 349 [1]
25 529 [2]
40 517 [0]
193 364 [0]
212 345 [0]
268 288 [1]
271 286 [0]
207 345 [5]
35 520 [2]
195 358 [5]
56 502 [0]
35 515 [8]
268 282 [8]
40 513 [5]
59 499 [0]
163 395 [0]
72 486 [0]
136 419 [3]
93 465 [0]
275 281 [2]
29 525 [5]
36 523 [0]
2 557 [0]
117 441 [1]
163 396 [0]
71 487 [1]
50 507 [2]
179 381 [0]
187 373 [0]
174 385 [1]
15 540 [5]
95 458 [7]
71 488 [1]
50 505 [5]
68 485 [7]
194 364 [3]
171 388 [2]
6 547 [8]
257 304 [0]
48 512 [1]
72 487 [2]
2 558 [2]
1 561 [0]
136 425 [1]
115 447 [0]
219 343 [0]
127 435 [0]
95 466 [1]
196 361 [5]
69 492 [1]
52 511 [0]
39 524 [0]
22 541 [0]
84 478 [1]
146 412 [5]
66 497 [0]
229 329 [5]
83 475 [5]
180 381 [2]
261 302 [0]
33 525 [5]
89 472 [2]
21 543 [0]
7 557 [0]
33 531 [0]
237 326 [1]
49 512 [3]
137 426 [1]
225 337 [2]
116 447 [1]
265 299 [0]
249 315 [0]
235 330 [0]
280 284 [1]
5 560 [0]
63 502 [0]
214 350 [1]
223 341 [1]
202 363 [0]
99 467 [0]
267 299 [0]
176 389 [1]
131 434 [1]
64 500 [2]
61 503 [2]
46 518 [2]
4 563 [0]
228 337 [2]
222 340 [5]
19 548 [0]
35 532 [0]
36 529 [2]
44 523 [0]
240 327 [0]
146 422 [0]
36 532 [0]
47 519 [2]
217 351 [0]
261 307 [0]
268 292 [8]
163 404 [1]
156 407 [5]
183 382 [3]
168 395 [5]
259 310 [0]
145 421 [3]
37 530 [2]
242 328 [0]
19 551 [0]
257 313 [0]
94 471 [5]
33 537 [0]
76 494 [0]
214 356 [0]
279 291 [0]
27 544 [0]
113 458 [0]
117 454 [0]
53 513 [5]
175 396 [0]
193 378 [0]
21 542 [8]
192 374 [5]
194 374 [3]
23 546 [2]
67 502 [2]
246 326 [0]
148 423 [1]
201 369 [2]
17 555 [0]
279 293 [0]
3 567 [2]
34 536 [2]
220 352 [0]
243 329 [0]
75 497 [0]
50 523 [0]
236 336 [1]
151 422 [0]
205 366 [2]
99 475 [0]
12 562 [0]
87 486 [1]
73 499 [2]
7 567 [0]
19 553 [2]
50 522 [2]
16 558 [0]
148 425 [1]
146 428 [0]
161 413 [0]
286 287 [1]
55 517 [2]
7 559 [8]
177 392 [5]
122 447 [5]
99 468 [7]
5 567 [2]
125 450 [0]
236 339 [0]
242 333 [0]
220 353 [2]
206 368 [1]
237 333 [5]
269 307 [0]
162 409 [5]
182 394 [0]
149 426 [1]
93 480 [3]
232 344 [0]
212 359 [5]
206 371 [0]
147 429 [1]
7 561 [9]
258 319 [0]
54 515 [8]
35 542 [0]
204 372 [1]
70 502 [5]
29 541 [7]
7 562 [8]
90 488 [0]
237 341 [0]
179 394 [5]
152 425 [1]
48 528 [2]
124 453 [1]
54 516 [8]
205 374 [0]
284 295 [0]
92 486 [1]
33 545 [1]
3 574 [2]
114 466 [0]
249 331 [0]
10 561 [9]
10 568 [2]
16 556 [8]
234 347 [0]
55 526 [0]
231 350 [0]
286 295 [0]
262 314 [5]
41 538 [2]
216 366 [0]
213 369 [0]
60 520 [2]
139 441 [2]
192 385 [5]
126 451 [5]
151 430 [1]
3 580 [0]
30 553 [0]
73 505 [5]
2 579 [2]
106 476 [1]
127 455 [1]
232 346 [5]
290 293 [0]
95 487 [1]
5 570 [8]
194 389 [0]
264 319 [0]
287 295 [1]
227 357 [0]
267 317 [0]
220 361 [3]
280 304 [0]
290 294 [0]
29 548 [7]
26 553 [5]
89 494 [1]
245 338 [1]
165 420 [0]
0 585 [1]
12 573 [0]
260 325 [0]
13 572 [0]
87 491 [7]
59 525 [1]
227 355 [3]
98 487 [0]
0 583 [1]
93 487 [5]
239 344 [2]
102 478 [5]
85 495 [5]
234 351 [0]
256 329 [0]
3 583 [0]
155 431 [0]
140 445 [1]
2 576 [8]
41 540 [5]
211 370 [5]
247 332 [7]
58 529 [0]
151 435 [1]
235 350 [2]
99 487 [1]
80 502 [5]
15 570 [2]
126 461 [0]
193 394 [0]
135 447 [5]
229 356 [2]
25 557 [5]
3 579 [5]
118 470 [0]
2 586 [0]
4 584 [0]
206 381 [1]
49 539 [0]
257 331 [0]
133 450 [5]
43 543 [2]
63 520 [5]
287 294 [7]
284 302 [2]
110 473 [5]
254 329 [5]
81 508 [0]
227 362 [0]
111 477 [1]
286 298 [5]
181 407 [1]
112 474 [3]
118 464 [7]
59 531 [0]
20 570 [0]
97 492 [1]
36 552 [2]
157 428 [5]
20 568 [2]
124 461 [5]
276 313 [1]
248 343 [0]
181 410 [0]
256 330 [5]
291 300 [0]
243 348 [0]
252 339 [0]
246 344 [1]
286 303 [2]
67 522 [2]
195 396 [1]
3 589 [0]
260 329 [3]
108 484 [0]
90 494 [8]
170 419 [3]
85 502 [5]
32 558 [2]
12 581 [0]
103 490 [0]
119 474 [0]
15 569 [9]
251 340 [2]
210 383 [0]
222 371 [0]
108 480 [5]
275 316 [2]
233 360 [0]
205 383 [5]
39 555 [0]
256 338 [0]
148 441 [5]
284 310 [0]
293 296 [5]
279 312 [3]
235 354 [5]
16 569 [9]
192 403 [0]
7 588 [0]
113 477 [5]
149 445 [1]
127 466 [2]
198 396 [1]
131 464 [0]
155 439 [1]
2 585 [8]
59 536 [0]
226 368 [1]
62 531 [2]
158 432 [5]
72 523 [1]
151 444 [1]
35 559 [2]
58 536 [2]
102 493 [1]
148 443 [5]
37 558 [1]
92 503 [1]
40 555 [1]
38 553 [5]
282 314 [0]
94 503 [0]
12 585 [0]
72 520 [5]
22 575 [0]
25 570 [2]
263 332 [2]
152 444 [1]
32 563 [2]
233 359 [5]
7 582 [8]
9 589 [0]
21 577 [0]
189 409 [0]
280 316 [2]
50 549 [0]
38 554 [7]
235 359 [5]
66 532 [1]
171 425 [3]
71 528 [0]
235 364 [0]
82 517 [0]
105 494 [0]
74 520 [5]
219 377 [3]
247 352 [0]
241 356 [2]
3 597 [0]
39 561 [0]
103 497 [0]
262 338 [0]
56 539 [5]
131 469 [0]
285 310 [5]
15 581 [5]
124 477 [0]
213 386 [2]
89 511 [1]
106 494 [1]
210 390 [1]
148 448 [5]
41 558 [2]
142 454 [5]
0 599 [1]
110 486 [5]
4 598 [0]
28 574 [0]
36 566 [0]
118 479 [5]
23 571 [8]
16 581 [5]
251 350 [1]
154 443 [5]
140 461 [1]
110 492 [1]
171 428 [4]
65 538 [0]
59 542 [2]
198 404 [1]
107 489 [7]
105 495 [3]
25 576 [2]
67 534 [2]
261 342 [0]
3 599 [2]
41 563 [0]
28 576 [0]
179 420 [5]
40 563 [1]
102 501 [1]
199 402 [3]
9 593 [2]
4 592 [8]
198 406 [0]
26 573 [5]
0 603 [1]
43 562 [0]
96 509 [0]
148 452 [5]
44 559 [2]
298 307 [0]
68 535 [2]
276 330 [0]
17 589 [0]
78 523 [5]
134 472 [0]
28 573 [5]
268 338 [0]
4 601 [2]
4 603 [0]
42 564 [1]
192 415 [0]
26 574 [7]
56 550 [1]
51 557 [0]
61 547 [0]
63 545 [0]
98 505 [5]
68 540 [0]
164 443 [1]
19 587 [2]
258 345 [5]
69 539 [0]
145 463 [0]
12 594 [2]
125 480 [3]
227 381 [1]
2 607 [0]
14 595 [0]
6 601 [2]
296 313 [0]
195 413 [1]
65 544 [0]
65 543 [1]
201 403 [5]
127 482 [0]
52 555 [2]
15 592 [2]
134 476 [0]
53 557 [0]
88 517 [5]
124 481 [5]
258 352 [0]
233 376 [1]
123 483 [5]
106 504 [1]
22 587 [2]
92 519 [0]
127 484 [0]
284 322 [5]
15 594 [2]
88 524 [0]
257 355 [0]
62 542 [8]
237 370 [5]
138 471 [3]
166 445 [1]
44 568 [0]
130 482 [0]
269 343 [0]
213 399 [0]
3 610 [0]
46 565 [2]
253 360 [0]
66 540 [7]
115 497 [1]
167 441 [5]
3 608 [2]
18 591 [5]
168 446 [0]
299 312 [3]
231 380 [3]
135 476 [3]
238 371 [5]
32 580 [2]
299 315 [0]
248 361 [5]
117 491 [7]
155 460 [0]
277 338 [0]
153 461 [1]
168 447 [0]
251 362 [2]
271 344 [0]
198 412 [5]
212 398 [5]
138 474 [3]
177 433 [5]
45 571 [0]
25 591 [0]
305 311 [0]
286 325 [5]
34 580 [2]
217 394 [5]
292 322 [2]
111 504 [1]
7 601 [8]
6 611 [0]
11 598 [8]
111 506 [0]
57 559 [1]
302 315 [0]
179 438 [0]
195 422 [0]
247 369 [1]
133 484 [1]
12 606 [0]
244 371 [3]
57 554 [7]
16 600 [2]
191 427 [0]
32 584 [2]
178 435 [5]
75 542 [2]
300 319 [0]
37 582 [0]
231 388 [0]
230 384 [5]
280 337 [2]
108 510 [1]
269 347 [3]
83 535 [1]
47 570 [2]
42 569 [8]
237 377 [5]
265 355 [0]
125 495 [0]
194 426 [0]
35 583 [2]
2 616 [2]
0 621 [1]
52 569 [0]
292 329 [0]
57 564 [0]
111 505 [5]
126 490 [5]
285 336 [0]
61 560 [0]
86 535 [0]
224 390 [7]
179 442 [0]
213 405 [3]
139 481 [1]
101 520 [0]
133 483 [5]
2 612 [8]
17 605 [0]
286 331 [5]
44 576 [2]
99 518 [5]
242 378 [2]
292 330 [0]
97 524 [1]
76 539 [7]
85 537 [1]
79 544 [0]
61 562 [0]
12 609 [2]
206 412 [5]
202 416 [5]
81 542 [0]
84 539 [0]
143 480 [0]
8 610 [5]
29 590 [5]
239 382 [3]
209 412 [3]
215 409 [0]
197 422 [5]
45 572 [7]
193 430 [1]
1 621 [2]
229 392 [3]
1 622 [2]
32 593 [0]
19 598 [8]
127 497 [1]
78 547 [0]
137 488 [0]
13 607 [5]
283 342 [0]
186 440 [0]
54 567 [5]
191 435 [0]
160 463 [3]
4 614 [8]
245 381 [0]
197 430 [0]
19 608 [0]
150 477 [0]
154 472 [1]
176 451 [0]
5 614 [8]
211 411 [5]
246 379 [2]
232 392 [3]
246 382 [0]
224 403 [1]
16 607 [5]
210 415 [3]
238 388 [2]
2 624 [2]
3 626 [0]
18 606 [5]
267 359 [3]
5 619 [5]
21 603 [5]
135 491 [4]
27 603 [0]
96 533 [1]
229 396 [5]
78 549 [3]
0 628 [1]
153 476 [1]
274 356 [0]
59 566 [5]
30 598 [2]
4 627 [0]
314 317 [0]
94 530 [7]
108 522 [1]
145 487 [0]
3 629 [0]
179 448 [5]
264 368 [0]
13 619 [0]
302 330 [0]
6 619 [7]
30 602 [0]
225 407 [0]
21 607 [4]
26 602 [5]
22 611 [0]
193 439 [1]
200 433 [0]
23 605 [5]
243 390 [0]
269 364 [0]
45 589 [0]
12 620 [2]
13 616 [5]
7 625 [2]
93 541 [0]
24 609 [1]
113 521 [0]
211 420 [3]
11 621 [2]
108 527 [0]
292 338 [5]
113 517 [5]
220 410 [5]
286 350 [0]
145 491 [0]
156 480 [0]
188 448 [0]
190 446 [0]
29 602 [5]
190 442 [5]
85 552 [0]
26 606 [5]
35 600 [2]
11 626 [0]
68 569 [0]
256 379 [2]
12 623 [2]
229 408 [0]
179 458 [0]
185 448 [5]
6 627 [5]
4 626 [8]
15 621 [2]
54 579 [5]
259 379 [0]
6 630 [2]
7 623 [8]
316 322 [0]
42 591 [5]
114 523 [1]
16 623 [0]
48 591 [0]
28 609 [2]
186 453 [0]
36 601 [2]
203 436 [0]
214 420 [5]
235 401 [3]
187 453 [0]
16 619 [5]
299 338 [3]
40 595 [5]
88 549 [3]
83 552 [5]
178 459 [3]
141 499 [0]
205 435 [0]
99 536 [5]
283 353 [5]
66 575 [0]
27 614 [0]
293 348 [0]
223 413 [5]
215 421 [5]
111 530 [0]
212 429 [0]
234 408 [0]
41 601 [0]
75 567 [0]
93 549 [0]
8 626 [8]
284 356 [2]
46 597 [0]
5 633 [5]
29 609 [5]
107 531 [5]
313 325 [5]
235 403 [5]
6 635 [2]
252 392 [0]
273 371 [0]
191 448 [5]
49 596 [0]
41 604 [0]
247 393 [5]
0 643 [1]
65 580 [0]
9 631 [5]
114 526 [5]
284 361 [0]
322 323 [0]
5 641 [0]
22 624 [0]
105 541 [0]
247 394 [5]
65 574 [7]
35 609 [2]
37 610 [0]
2 645 [0]
90 555 [2]
312 335 [0]
289 358 [0]
66 574 [7]
252 390 [5]
36 604 [7]
1 641 [5]
45 603 [0]
19 629 [0]
153 495 [0]
42 605 [1]
63 578 [7]
128 513 [7]
233 414 [1]
21 622 [5]
194 455 [0]
88 561 [0]
6 638 [5]
242 406 [1]
153 489 [7]
224 425 [1]
35 615 [0]
222 423 [5]
105 545 [0]
102 543 [5]
287 362 [1]
138 512 [0]
18 627 [5]
183 467 [0]
271 380 [0]
303 348 [0]
293 358 [0]
107 537 [7]
266 385 [0]
66 585 [0]
114 537 [0]
235 414 [2]
141 510 [0]
309 342 [0]
197 453 [1]
242 407 [2]
7 645 [0]
109 538 [5]
223 424 [5]
157 495 [0]
83 564 [5]
222 425 [5]
199 448 [5]
2 648 [2]
88 559 [5]
105 548 [0]
4 649 [0]
96 557 [0]
185 468 [0]
196 457 [0]
303 350 [0]
321 332 [0]
100 552 [1]
21 633 [0]
133 514 [7]
246 403 [5]
127 527 [0]
297 357 [0]
85 564 [5]
14 633 [7]
279 370 [5]
299 352 [4]
10 645 [0]
117 537 [1]
52 596 [7]
209 443 [3]
27 626 [2]
171 484 [0]
285 370 [0]
283 367 [5]
275 378 [2]
101 555 [0]
183 470 [3]
246 410 [0]
19 633 [4]
149 502 [5]
135 516 [5]
320 336 [0]
42 613 [1]
235 418 [3]
248 403 [5]
153 504 [0]
36 621 [0]
317 340 [0]
17 640 [0]
309 348 [0]
307 347 [3]
148 506 [3]
270 382 [5]
323 334 [0]
215 437 [5]
244 414 [0]
28 630 [0]
65 588 [5]
252 406 [0]
322 333 [3]
73 584 [1]
221 432 [5]
55 601 [2]
85 566 [7]
297 358 [3]
68 591 [0]
0 659 [1]
10 649 [0]
210 449 [0]
35 622 [2]
255 404 [0]
11 640 [8]
189 470 [0]
35 625 [0]
110 550 [0]
53 602 [5]
190 470 [0]
24 631 [5]
191 468 [1]
249 408 [3]
204 451 [5]
17 638 [5]
1 657 [2]
143 518 [0]
9 647 [5]
296 365 [0]
46 610 [5]
202 459 [0]
226 435 [0]
155 501 [5]
280 381 [0]
240 422 [0]
84 578 [0]
89 573 [0]
209 450 [3]
106 549 [7]
48 607 [7]
101 557 [4]
304 356 [2]
79 581 [3]
8 655 [0]
186 476 [1]
10 653 [0]
318 342 [3]
229 429 [5]
293 365 [5]
39 620 [5]
68 596 [0]
2 662 [0]
299 361 [4]
262 402 [0]
31 631 [2]
3 656 [5]
83 578 [3]
44 615 [5]
100 559 [5]
141 522 [1]
23 639 [2]
97 568 [0]
127 538 [0]
143 521 [1]
87 578 [0]
233 427 [5]
328 337 [0]
40 626 [0]
258 408 [0]
237 424 [5]
91 575 [0]
99 567 [0]
212 451 [3]
161 500 [5]
245 417 [5]
78 589 [0]
8 659 [0]
283 379 [5]
228 439 [0]
109 558 [0]
280 387 [0]
227 438 [2]
113 554 [0]
178 489 [0]
178 485 [4]
159 503 [5]
144 520 [3]
231 431 [6]
135 528 [5]
43 623 [2]
98 565 [5]
69 594 [5]
190 478 [0]
94 567 [7]
111 556 [1]
144 519 [5]
6 657 [5]
41 628 [0]
6 663 [0]
257 409 [3]
133 535 [1]
3 661 [5]
116 552 [1]
180 490 [0]
6 664 [0]
196 471 [3]
202 464 [4]
130 535 [5]
17 653 [0]
230 438 [2]
234 433 [3]
83 582 [5]
316 354 [0]
68 602 [0]
22 646 [2]
150 520 [0]
64 605 [1]
173 492 [5]
248 417 [5]
77 586 [7]
2 669 [0]
318 353 [0]
69 602 [0]
141 525 [5]
51 615 [5]
127 539 [5]
119 553 [0]
276 396 [0]
332 335 [5]
42 625 [5]
198 469 [5]
70 597 [5]
227 446 [0]
311 359 [3]
86 585 [2]
13 658 [2]
164 504 [5]
162 510 [1]
297 376 [0]
98 576 [0]
324 350 [0]
281 388 [5]
327 344 [3]
113 556 [5]
48 621 [5]
76 598 [0]
196 478 [0]
4 665 [5]
296 378 [0]
1 668 [5]
99 570 [5]
42 633 [0]
266 400 [9]
16 654 [5]
213 459 [3]
141 533 [1]
218 457 [0]
295 380 [0]
63 612 [1]
33 636 [7]
10 661 [5]
12 664 [0]
190 483 [3]
44 630 [2]
139 537 [0]
166 509 [1]
53 618 [5]
63 611 [3]
52 625 [0]
13 662 [2]
141 531 [5]
334 343 [0]
93 584 [0]
284 393 [0]
133 542 [2]
206 471 [0]
112 562 [3]
254 418 [5]
24 654 [0]
269 409 [0]
313 363 [2]
7 663 [8]
7 669 [2]
64 615 [0]
3 676 [0]
200 474 [5]
155 521 [3]
4 670 [5]
198 476 [5]
260 415 [4]
141 537 [1]
110 569 [0]
43 631 [5]
253 426 [0]
88 588 [3]
152 527 [0]
261 415 [3]
245 434 [1]
45 635 [0]
130 545 [5]
10 665 [5]
82 591 [7]
70 610 [0]
49 624 [7]
222 453 [5]
84 589 [7]
83 597 [0]
26 652 [2]
198 479 [3]
296 384 [0]
103 577 [0]
150 529 [1]
154 522 [5]
76 605 [0]
17 659 [5]
288 393 [0]
198 478 [5]
9 665 [7]
64 610 [7]
59 617 [5]
26 656 [0]
60 617 [5]
263 414 [5]
135 544 [3]
239 440 [3]
234 443 [5]
1 679 [2]
203 474 [5]
304 378 [0]
69 609 [5]
44 637 [2]
123 553 [7]
36 647 [0]
78 602 [3]
173 507 [3]
312 371 [0]
91 593 [0]
180 504 [0]
47 632 [5]
232 449 [3]
71 606 [7]
162 517 [5]
153 530 [1]
36 643 [5]
34 649 [2]
266 417 [2]
239 443 [3]
104 574 [7]
139 541 [5]
223 459 [3]
255 430 [0]
10 670 [5]
232 450 [4]
0 686 [1]
108 578 [0]
58 628 [0]
18 666 [2]
2 682 [2]
152 534 [0]
10 674 [2]
320 367 [0]
143 543 [1]
18 664 [5]
45 637 [5]
111 575 [1]
87 595 [5]
106 582 [0]
233 452 [3]
295 393 [0]
279 404 [5]
201 482 [5]
300 388 [0]
306 382 [0]
187 496 [5]
30 653 [5]
308 380 [0]
23 660 [5]
116 573 [0]
12 677 [0]
303 386 [0]
227 459 [3]
120 564 [5]
108 580 [1]
2 678 [9]
34 650 [5]
174 510 [5]
2 685 [2]
29 661 [0]
282 405 [3]
168 522 [0]
310 380 [0]
97 586 [7]
269 418 [3]
51 636 [3]
52 637 [2]
236 450 [5]
136 550 [5]
170 516 [5]
275 414 [2]
245 441 [5]
182 504 [5]
332 357 [2]
156 530 [5]
57 633 [1]
261 426 [5]
162 529 [1]
341 351 [0]
265 427 [0]
127 560 [5]
53 638 [1]
172 521 [0]
85 604 [4]
237 456 [0]
6 685 [2]
124 570 [0]
307 384 [3]
178 516 [0]
53 640 [1]
230 462 [2]
121 566 [7]
4 691 [0]
70 625 [0]
123 571 [1]
255 436 [4]
161 529 [5]
101 591 [3]
56 638 [1]
193 502 [0]
271 421 [3]
195 500 [0]
20 674 [2]
18 678 [0]
75 621 [0]
12 679 [5]
236 455 [5]
156 540 [0]
44 647 [5]
301 396 [0]
73 617 [7]
141 551 [5]
154 540 [3]
273 424 [0]
246 446 [5]
171 523 [3]
98 594 [5]
96 599 [3]
274 424 [0]
57 641 [0]
155 543 [0]
231 463 [4]
247 446 [5]
307 388 [3]
215 478 [5]
94 599 [5]
302 393 [3]
6 690 [2]
0 693 [1]
209 490 [0]
270 429 [0]
139 559 [1]
21 671 [7]
269 431 [0]
33 660 [7]
8 690 [2]
243 454 [3]
0 695 [1]
270 425 [5]
46 652 [2]
194 506 [0]
272 428 [0]
331 369 [0]
240 460 [0]
247 448 [5]
197 503 [0]
323 374 [3]
18 675 [7]
174 521 [5]
253 443 [4]
7 694 [0]
78 620 [3]
130 568 [3]
264 433 [4]
131 567 [3]
74 626 [1]
96 602 [3]
2 695 [4]
314 387 [0]
79 623 [0]
146 553 [3]
170 532 [0]
265 437 [0]
31 672 [0]
4 699 [0]
291 407 [5]
181 517 [5]
101 602 [0]
108 595 [0]
142 561 [0]
277 426 [0]
28 668 [7]
113 587 [3]
2 699 [2]
198 506 [0]
313 391 [0]
220 481 [3]
42 657 [5]
70 627 [7]
105 600 [0]
27 678 [0]
124 576 [5]
114 591 [0]
149 551 [5]
282 418 [5]
13 687 [5]
133 572 [0]
114 586 [5]
98 604 [3]
21 677 [7]
328 377 [0]
97 605 [3]
13 690 [2]
53 651 [1]
254 449 [3]
4 702 [0]
84 619 [3]
34 665 [7]
21 685 [0]
97 609 [0]
329 377 [0]
106 600 [0]
44 657 [5]
109 593 [5]
93 614 [0]
53 649 [5]
176 531 [0]
298 404 [5]
328 379 [0]
352 355 [0]
71 629 [7]
63 639 [5]
57 651 [0]
159 544 [5]
278 430 [0]
341 364 [3]
301 407 [0]
3 703 [2]
233 475 [0]
84 617 [7]
317 387 [4]
27 675 [7]
119 587 [3]
308 401 [0]
215 493 [1]
56 648 [5]
137 571 [1]
316 388 [5]
48 657 [5]
40 670 [0]
105 605 [0]
139 566 [5]
203 502 [5]
2 706 [2]
25 683 [2]
101 605 [4]
348 359 [3]
142 569 [0]
313 393 [5]
263 445 [3]
27 684 [0]
47 664 [0]
51 653 [7]
141 565 [5]
163 543 [5]
119 593 [0]
144 568 [0]
20 687 [5]
3 704 [5]
254 455 [3]
25 682 [5]
112 597 [3]
2 711 [0]
3 710 [0]
36 677 [0]
43 670 [0]
161 552 [0]
0 711 [1]
280 434 [0]
4 710 [0]
143 566 [5]
207 507 [0]
306 402 [6]
106 603 [5]
28 678 [8]
96 618 [0]
131 583 [0]
214 501 [0]
21 689 [5]
36 679 [0]
281 434 [0]
59 655 [1]
126 584 [5]
10 700 [5]
12 696 [7]
36 672 [7]
238 475 [3]
11 705 [0]
58 658 [0]
83 633 [0]
112 604 [0]
26 685 [5]
155 558 [3]
2 712 [2]
153 563 [0]
259 452 [5]
31 683 [2]
331 385 [0]
143 568 [5]
317 397 [3]
193 519 [5]
2 715 [0]
267 447 [3]
73 641 [3]
2 713 [2]
318 399 [0]
100 617 [0]
166 551 [0]
217 496 [5]
39 679 [0]
141 574 [3]
250 464 [4]
290 423 [5]
284 434 [0]
56 661 [1]
267 448 [3]
349 369 [0]
21 697 [0]
75 643 [0]
104 611 [3]
147 569 [2]
277 441 [0]
180 534 [4]
35 684 [0]
52 667 [0]
176 542 [1]
97 622 [0]
76 636 [7]
223 496 [0]
217 497 [5]
266 453 [0]
333 378 [8]
191 525 [3]
250 466 [3]
49 671 [0]
79 638 [3]
217 503 [0]
264 456 [0]
1 717 [2]
86 629 [5]
115 600 [5]
243 473 [4]
270 445 [5]
83 634 [3]
226 491 [3]
58 657 [5]
320 397 [3]
4 711 [5]
147 567 [7]
165 551 [5]
163 554 [4]
321 400 [0]
97 617 [7]
89 625 [7]
273 444 [4]
96 626 [0]
106 616 [0]
14 703 [5]
215 502 [5]
212 510 [0]
221 501 [0]
273 450 [0]
10 713 [0]
6 717 [0]
294 424 [5]
196 522 [5]
79 639 [5]
45 675 [3]
74 642 [7]
55 666 [2]
175 543 [5]
101 622 [0]
95 621 [7]
105 615 [4]
54 665 [5]
3 721 [0]
206 512 [6]
170 551 [3]
275 444 [5]
29 695 [0]
281 444 [0]
2 723 [0]
312 411 [2]
329 392 [4]
345 380 [0]
2 721 [2]
14 706 [5]
186 534 [5]
114 604 [7]
255 470 [0]
0 724 [1]
6 720 [0]
337 389 [0]
253 469 [4]
40 686 [0]
293 433 [0]
74 651 [1]
280 443 [3]
220 501 [5]
213 510 [3]
69 656 [1]
81 642 [3]
281 441 [4]
249 477 [0]
167 560 [0]
360 367 [0]
184 538 [5]
315 407 [5]
341 386 [0]
140 582 [5]
50 678 [0]
9 714 [5]
96 632 [0]
300 428 [0]
179 546 [3]
174 551 [3]
318 410 [0]
270 453 [5]
151 574 [3]
3 720 [5]
246 482 [0]
356 372 [0]
42 681 [5]
213 515 [0]
254 471 [3]
20 703 [5]
246 480 [3]
259 470 [0]
48 681 [0]
272 457 [0]
94 630 [5]
130 596 [3]
291 435 [3]
216 513 [0]
5 719 [5]
168 557 [4]
297 429 [3]
199 527 [3]
83 643 [3]
331 398 [0]
315 412 [3]
248 482 [0]
24 706 [0]
0 728 [1]
180 547 [3]
69 661 [0]
100 625 [5]
170 557 [3]
263 467 [0]
337 394 [0]
213 512 [6]
220 511 [0]
329 402 [0]
193 533 [5]
34 692 [5]
183 545 [3]
324 407 [0]
238 490 [3]
59 671 [1]
55 669 [7]
351 381 [0]
155 577 [0]
266 466 [0]
314 418 [0]
22 708 [2]
281 448 [3]
134 595 [3]
227 502 [3]
308 420 [4]
128 600 [5]
1 732 [0]
183 546 [4]
15 713 [5]
26 700 [7]
132 601 [0]
2 729 [2]
183 550 [0]
199 531 [3]
55 671 [7]
358 375 [0]
66 660 [7]
281 449 [4]
36 698 [0]
106 628 [0]
171 559 [4]
215 519 [0]
331 403 [0]
261 473 [0]
298 436 [0]
70 657 [7]
80 649 [5]
120 615 [0]
49 681 [5]
48 687 [0]
175 560 [0]
11 722 [2]
67 661 [7]
180 555 [0]
289 443 [3]
104 624 [7]
28 708 [0]
15 721 [0]
128 603 [5]
238 498 [0]
264 472 [0]
45 691 [0]
340 396 [0]
74 661 [1]
9 722 [5]
19 715 [2]
144 592 [0]
317 416 [3]
101 632 [3]
64 673 [0]
250 487 [0]
318 414 [5]
355 378 [4]
2 734 [2]
182 553 [3]
6 725 [7]
89 649 [0]
244 490 [4]
127 606 [5]
59 680 [0]
45 694 [0]
223 511 [5]
188 551 [0]
130 606 [3]
212 527 [0]
219 520 [0]
15 719 [5]
302 437 [0]
351 389 [0]
12 728 [0]
1 737 [2]
284 456 [0]
255 481 [4]
299 441 [0]
191 546 [3]
200 535 [5]
138 598 [5]
70 666 [5]
18 721 [2]
250 491 [0]
2 737 [2]
64 677 [0]
100 638 [3]
207 529 [5]
201 540 [0]
163 579 [0]
112 630 [0]
22 720 [0]
208 534 [0]
17 720 [5]
147 590 [5]
262 476 [4]
0 740 [1]
115 622 [5]
4 739 [0]
10 733 [0]
12 726 [5]
12 731 [0]
20 718 [5]
167 571 [5]
362 381 [0]
158 580 [5]
63 673 [7]
131 612 [0]
41 697 [5]
125 613 [5]
307 436 [0]
218 523 [3]
44 695 [5]
364 380 [0]
223 518 [3]
172 571 [1]
31 714 [0]
351 394 [0]
294 446 [5]
6 734 [5]
60 683 [2]
255 483 [7]
59 681 [5]
49 697 [0]
11 735 [0]
25 721 [0]
70 676 [0]
160 583 [3]
58 683 [5]
228 518 [0]
147 598 [1]
92 649 [5]
134 610 [3]
338 400 [9]
12 735 [0]
44 698 [5]
373 374 [0]
336 408 [3]
263 484 [0]
44 696 [7]
46 701 [0]
357 390 [0]
210 534 [3]
213 534 [0]
303 442 [3]
110 631 [7]
158 587 [3]
166 582 [0]
151 590 [7]
19 725 [4]
263 482 [3]
107 640 [1]
55 686 [7]
279 470 [0]
47 702 [0]
112 634 [3]
26 718 [5]
242 507 [0]
170 575 [4]
39 708 [2]
2 739 [8]
283 462 [5]
63 687 [0]
357 388 [5]
33 710 [7]
111 638 [1]
128 622 [0]
250 497 [3]
315 432 [3]
55 690 [5]
36 709 [5]
284 466 [0]
231 519 [0]
282 464 [4]
341 406 [3]
372 379 [0]
89 659 [3]
21 723 [7]
183 565 [3]
223 525 [3]
178 570 [3]
119 629 [3]
163 586 [3]
225 527 [0]
198 554 [0]
114 638 [0]
262 490 [0]
278 474 [0]
332 420 [0]
224 523 [5]
48 699 [5]
5 742 [5]
153 594 [5]
246 503 [3]
341 407 [5]
11 742 [0]
30 723 [0]
294 459 [0]
154 596 [3]
265 484 [4]
197 556 [0]
201 552 [0]
312 441 [0]
262 488 [3]
125 629 [0]
235 519 [0]
220 529 [5]
131 623 [0]
173 581 [0]
97 654 [3]
14 733 [7]
359 395 [0]
238 513 [4]
80 675 [0]
68 686 [1]
18 732 [5]
281 470 [4]
188 560 [7]
136 614 [5]
258 497 [0]
242 514 [0]
293 463 [0]
133 618 [5]
63 693 [0]
59 696 [1]
199 557 [0]
229 527 [0]
366 390 [0]
15 736 [5]
257 499 [0]
130 623 [3]
255 498 [4]
121 629 [7]
251 501 [5]
221 535 [1]
27 723 [7]
174 584 [0]
202 553 [3]
53 704 [1]
187 568 [3]
321 431 [6]
95 663 [0]
152 606 [0]
98 653 [7]
217 536 [5]
70 683 [5]
21 731 [7]
4 755 [0]
119 640 [0]
251 508 [0]
282 473 [4]
269 487 [3]
310 446 [3]
208 552 [0]
153 604 [3]
348 412 [0]
127 633 [0]
235 521 [4]
339 421 [0]
12 743 [5]
10 745 [5]
262 499 [0]
81 673 [7]
30 731 [0]
4 749 [8]
313 443 [5]
88 669 [4]
25 729 [7]
51 703 [7]
35 727 [0]
187 570 [5]
314 445 [3]
130 632 [0]
272 489 [1]
328 434 [0]
376 381 [5]
21 735 [7]
28 735 [0]
263 496 [4]
22 734 [7]
15 743 [5]
192 568 [3]
164 596 [3]
201 559 [3]
177 583 [3]
365 398 [0]
88 676 [0]
328 436 [0]
24 738 [2]
150 611 [3]
21 736 [7]
52 705 [7]
13 746 [5]
111 654 [0]
144 621 [0]
108 650 [7]
124 641 [0]
338 426 [1]
158 607 [0]
204 558 [3]
310 452 [3]
30 730 [5]
250 510 [5]
38 720 [7]
34 724 [7]
244 522 [0]
182 584 [0]
5 761 [0]
1 760 [5]
7 759 [0]
218 544 [4]
280 486 [0]
265 501 [0]
77 682 [7]
289 473 [4]
4 758 [5]
35 732 [0]
154 613 [0]
191 576 [0]
48 714 [5]
201 566 [0]
380 383 [4]
33 727 [7]
323 444 [0]
36 724 [7]
354 410 [3]
243 525 [0]
38 730 [0]
176 592 [0]
218 550 [0]
362 406 [0]
284 481 [3]
175 590 [3]
100 667 [1]
269 496 [3]
191 573 [4]
131 633 [4]
204 562 [3]
208 558 [3]
257 512 [0]
76 688 [5]
20 749 [0]
54 710 [5]
222 542 [5]
227 537 [5]
241 525 [3]
105 660 [4]
56 706 [7]
52 710 [7]
4 761 [5]
88 679 [3]
279 488 [3]
183 584 [3]
172 591 [7]
384 386 [0]
187 579 [4]
261 507 [3]
295 476 [0]
150 621 [0]
4 767 [0]
290 478 [3]
74 696 [1]
47 717 [7]
6 760 [5]
42 730 [0]
32 740 [0]
381 391 [0]
104 667 [1]
365 404 [3]
368 404 [0]
366 406 [0]
5 768 [0]
18 755 [0]
352 421 [0]
274 496 [3]
189 581 [3]
116 652 [5]
65 701 [7]
142 627 [4]
80 688 [5]
65 709 [0]
30 744 [0]
97 677 [0]
288 486 [0]
374 400 [0]
128 646 [0]
329 445 [0]
179 592 [3]
254 520 [0]
11 758 [5]
164 611 [0]
185 587 [3]
3 767 [5]
233 542 [0]
133 637 [5]
281 494 [0]
36 732 [7]
162 612 [1]
261 509 [5]
116 656 [3]
77 695 [3]
81 687 [7]
189 583 [3]
163 610 [3]
223 553 [0]
384 392 [0]
133 642 [1]
245 527 [4]
297 475 [4]
242 529 [5]
120 656 [0]
126 650 [0]
327 449 [0]
363 414 [0]
75 702 [0]
8 769 [0]
120 654 [3]
326 446 [5]
338 432 [7]
270 504 [3]
71 706 [0]
106 668 [3]
82 695 [0]
172 600 [5]
8 764 [5]
203 574 [0]
264 514 [0]
1 775 [2]
167 605 [6]
136 637 [5]
292 483 [3]
68 703 [7]
278 501 [0]
338 441 [0]
119 657 [3]
65 707 [7]
165 611 [3]
9 765 [5]
45 727 [7]
307 472 [0]
245 531 [3]
323 457 [0]
256 524 [0]
356 424 [0]
172 603 [5]
346 434 [0]
376 399 [5]
335 445 [0]
32 743 [5]
153 628 [0]
101 680 [0]
46 730 [5]
126 651 [4]
155 624 [3]
43 739 [0]
256 523 [3]
169 612 [1]
31 746 [5]
354 425 [3]
230 547 [5]
229 549 [4]
359 423 [0]
380 401 [1]
22 755 [5]
308 467 [7]
134 649 [0]
117 666 [0]
62 716 [5]
315 464 [4]
373 410 [0]
288 495 [0]
152 626 [5]
370 413 [0]
12 766 [5]
102 674 [7]
84 692 [7]
301 478 [4]
84 696 [3]
255 524 [4]
213 570 [0]
265 515 [3]
6 772 [5]
146 634 [3]
75 709 [0]
328 452 [4]
40 737 [7]
171 607 [6]
175 606 [3]
231 549 [4]
205 579 [0]
81 698 [5]
126 654 [4]
113 668 [3]
103 682 [0]
70 715 [0]
162 618 [5]
125 656 [4]
128 657 [0]
320 461 [4]
385 400 [0]
204 577 [4]
94 684 [7]
6 774 [5]
25 761 [0]
118 663 [5]
82 697 [7]
246 540 [0]
342 444 [0]
18 768 [0]
198 585 [3]
301 481 [4]
36 750 [0]
61 725 [0]
236 550 [0]
360 426 [0]
375 411 [0]
391 395 [0]
6 776 [5]
53 734 [0]
265 519 [3]
38 742 [7]
260 523 [4]
152 628 [7]
205 578 [4]
368 415 [4]
77 711 [0]
37 750 [1]
63 718 [7]
84 697 [7]
75 706 [7]
42 741 [5]
229 556 [3]
28 755 [5]
365 420 [3]
385 403 [0]
35 751 [2]
48 733 [7]
352 437 [0]
333 456 [0]
127 657 [5]
106 683 [0]
298 488 [3]
247 539 [3]
138 645 [6]
140 644 [5]
226 560 [3]
280 505 [4]
3 787 [0]
125 662 [3]
306 484 [0]
277 506 [7]
127 663 [0]
207 580 [3]
315 475 [0]
128 663 [0]
344 444 [3]
353 438 [0]
71 713 [7]
219 572 [0]
302 485 [4]
266 525 [0]
387 401 [3]
147 639 [5]
6 780 [5]
306 479 [6]
244 543 [4]
363 428 [0]
274 513 [4]
5 781 [5]
95 689 [7]
31 754 [7]
215 577 [0]
75 717 [0]
87 698 [7]
124 663 [5]
17 775 [0]
0 784 [1]
124 665 [3]
323 466 [3]
359 429 [4]
235 553 [4]
2 785 [5]
304 489 [0]
130 660 [3]
1 792 [0]
199 591 [3]
24 769 [0]
212 575 [6]
292 499 [2]
394 395 [4]
296 491 [6]
76 710 [7]
160 634 [0]
107 687 [0]
62 732 [0]
78 712 [4]
122 672 [0]
255 532 [7]
129 662 [3]
153 641 [0]
8 781 [5]
339 455 [0]
184 610 [0]
88 707 [0]
29 766 [0]
241 554 [0]
155 636 [4]
25 763 [7]
82 708 [5]
91 697 [7]
38 757 [0]
25 765 [5]
53 742 [0]
63 732 [0]
12 778 [5]
390 405 [0]
25 768 [2]
28 762 [5]
373 415 [7]
43 753 [0]
21 775 [0]
112 684 [0]
334 462 [0]
82 707 [7]
180 613 [3]
17 780 [0]
183 610 [4]
278 515 [4]
66 724 [7]
77 720 [0]
216 577 [4]
129 668 [0]
27 768 [2]
321 473 [3]
152 642 [3]
146 651 [0]
1 791 [5]
151 643 [3]
229 565 [3]
17 776 [5]
40 758 [0]
278 514 [6]
297 497 [4]
363 430 [5]
234 560 [4]
269 525 [4]
309 486 [3]
19 774 [5]
95 700 [3]
354 441 [3]
12 784 [2]
4 789 [5]
156 639 [3]
229 570 [0]
51 748 [0]
288 504 [7]
354 442 [3]
11 783 [5]
234 565 [0]
58 734 [7]
251 548 [0]
289 507 [3]
253 546 [0]
138 658 [3]
253 542 [4]
312 488 [0]
152 648 [0]
161 639 [0]
87 706 [7]
124 673 [3]
45 754 [1]
348 449 [3]
22 773 [5]
125 672 [3]
371 424 [5]
280 515 [5]
283 512 [6]
12 789 [0]
102 692 [7]
222 579 [0]
181 616 [4]
281 513 [7]
203 593 [5]
361 440 [0]
218 579 [4]
23 774 [4]
329 472 [0]
347 454 [0]
37 765 [0]
26 776 [0]
345 453 [4]
20 777 [5]
195 607 [0]
4 793 [5]
213 589 [0]
112 687 [3]
276 523 [3]
288 514 [0]
247 555 [0]
32 768 [2]
266 533 [4]
260 543 [0]
231 568 [4]
134 666 [3]
156 644 [3]
63 733 [7]
186 616 [1]
330 468 [5]
372 432 [0]
395 402 [7]
173 627 [4]
368 432 [4]
239 562 [3]
181 620 [3]
260 545 [0]
252 549 [4]
111 693 [1]
56 748 [1]
96 709 [0]
206 599 [0]
261 540 [4]
278 520 [7]
174 628 [3]
131 670 [4]
118 680 [7]
70 732 [3]
18 782 [5]
190 612 [3]
66 740 [0]
27 779 [0]
73 733 [0]
261 545 [0]
229 577 [0]
8 796 [2]
313 493 [0]
66 738 [2]
255 544 [7]
162 645 [0]
92 715 [0]
226 581 [0]
387 420 [0]
372 430 [5]
229 574 [4]
387 417 [3]
70 734 [3]
223 582 [3]
133 675 [0]
399 400 [9]
275 528 [5]
132 675 [1]
62 741 [5]
144 660 [4]
399 402 [7]
302 504 [3]
386 423 [0]
43 766 [0]
26 783 [0]
229 580 [0]
70 736 [3]
164 640 [5]
287 517 [5]
148 658 [3]
257 549 [4]
397 413 [0]
340 470 [0]
389 421 [0]
14 789 [7]
36 769 [5]
294 511 [5]
9 795 [7]
121 687 [3]
372 434 [5]
68 736 [7]
364 447 [0]
42 768 [1]
144 664 [3]
185 627 [0]
72 738 [2]
223 584 [5]
211 597 [4]
314 499 [0]
330 483 [0]
92 721 [0]
62 744 [7]
376 437 [0]
96 714 [3]
216 594 [3]
301 505 [7]
126 685 [3]
358 456 [0]
16 798 [0]
359 451 [4]
208 603 [3]
20 794 [0]
210 601 [3]
241 573 [0]
346 468 [0]
397 417 [0]
187 624 [3]
26 781 [7]
209 602 [4]
28 787 [0]
41 769 [5]
49 766 [0]
113 702 [0]
217 595 [3]
404 406 [5]
64 750 [1]
364 451 [0]
267 548 [0]
375 440 [0]
240 566 [9]
65 743 [7]
64 744 [7]
258 552 [5]
9 799 [7]
100 716 [0]
199 617 [0]
298 518 [0]
84 729 [3]
170 642 [4]
21 790 [5]
245 572 [0]
188 629 [0]
401 416 [0]
70 747 [0]
97 720 [0]
274 543 [0]
324 493 [0]
203 614 [1]
75 743 [0]
331 483 [4]
158 660 [0]
272 546 [0]
67 746 [5]
225 589 [4]
190 624 [4]
300 515 [3]
382 434 [3]
201 615 [3]
161 658 [0]
314 505 [0]
378 437 [4]
120 696 [3]
105 715 [0]
230 590 [0]
123 694 [3]
43 772 [5]
338 475 [7]
169 646 [5]
26 795 [0]
22 799 [0]
269 548 [4]
37 783 [1]
76 740 [5]
386 430 [5]
21 798 [2]
24 796 [1]
245 576 [0]
363 458 [0]
42 772 [7]
301 514 [6]
278 544 [0]
149 673 [0]
358 457 [7]
66 756 [0]
312 510 [0]
122 697 [3]
322 500 [0]
165 652 [5]
117 698 [7]
85 738 [0]
401 422 [0]
46 777 [0]
314 502 [7]
191 628 [4]
117 706 [0]
389 434 [0]
120 700 [3]
293 531 [0]
234 590 [0]
102 722 [0]
148 676 [0]
304 515 [5]
410 414 [0]
204 620 [0]
326 495 [3]
209 616 [0]
387 438 [0]
397 426 [2]
290 531 [4]
397 424 [4]
56 770 [0]
145 681 [0]
328 493 [5]
60 761 [5]
176 647 [3]
391 435 [0]
240 577 [9]
286 540 [0]
174 649 [3]
139 680 [7]
326 497 [3]
179 641 [6]
170 653 [3]
48 771 [7]
95 732 [0]
81 746 [0]
172 655 [0]
315 509 [3]
236 588 [3]
182 641 [4]
267 556 [4]
159 667 [1]
59 762 [7]
159 669 [0]
192 632 [4]
97 731 [0]
163 662 [3]
120 705 [3]
187 641 [0]
208 620 [0]
342 486 [0]
169 656 [3]
282 546 [0]
284 545 [0]
221 608 [0]
411 418 [0]
276 550 [3]
30 792 [7]
307 518 [4]
56 766 [7]
261 565 [3]
201 625 [3]
284 541 [4]
377 453 [0]
218 608 [4]
42 787 [1]
220 606 [4]
98 729 [3]
159 666 [5]
162 663 [5]
59 770 [1]
56 767 [7]
251 575 [4]
76 747 [7]
41 782 [7]
176 654 [0]
77 754 [0]
119 712 [0]
150 674 [7]
169 659 [3]
45 785 [1]
372 456 [3]
361 470 [0]
46 786 [0]
33 799 [0]
115 717 [0]
36 789 [7]
301 528 [3]
85 748 [0]
252 575 [6]
356 473 [4]
336 497 [0]
410 423 [0]
161 667 [5]
400 433 [0]
401 432 [0]
407 426 [0]
73 761 [0]
139 695 [0]
120 711 [3]
249 579 [6]
144 687 [3]
118 709 [7]
236 595 [3]
408 427 [0]
397 438 [0]
90 740 [5]
162 670 [3]
49 779 [7]
288 547 [0]
292 539 [4]
392 443 [0]
136 700 [0]
49 786 [1]
140 696 [0]
394 438 [4]
201 632 [3]
180 656 [0]
88 745 [3]
41 791 [4]
194 636 [6]
277 560 [0]
293 544 [0]
40 790 [7]
352 485 [0]
106 728 [3]
38 792 [7]
159 675 [3]
171 660 [6]
254 579 [4]
72 758 [7]
43 790 [5]
206 632 [0]
368 464 [6]
376 462 [0]
109 726 [3]
183 652 [3]
280 555 [3]
137 698 [3]
406 429 [3]
175 664 [0]
66 773 [0]
167 667 [5]
173 663 [3]
62 770 [7]
90 745 [4]
123 713 [3]
110 726 [3]
150 686 [3]
307 533 [0]
353 487 [0]
261 576 [3]
363 477 [0]
378 462 [0]
118 719 [3]
198 644 [0]
123 719 [0]
97 745 [0]
184 658 [0]
205 637 [0]
132 707 [3]
343 495 [4]
333 509 [0]
147 693 [3]
239 604 [0]
409 434 [0]
186 650 [7]
145 694 [4]
243 596 [4]
231 608 [4]
249 595 [0]
196 648 [0]
107 734 [3]
88 751 [5]
268 576 [0]
114 723 [7]
310 534 [0]
91 746 [7]
260 575 [9]
335 509 [0]
200 645 [0]
211 634 [0]
334 511 [0]
358 488 [0]
58 788 [0]
405 441 [0]
146 700 [0]
351 495 [0]
316 526 [4]
406 440 [0]
298 545 [3]
246 596 [4]
240 600 [6]
414 428 [4]
211 631 [4]
178 669 [0]
157 690 [0]
195 649 [3]
139 701 [7]
254 589 [4]
407 431 [9]
91 751 [5]
269 572 [6]
210 638 [0]
304 544 [0]
386 462 [0]
55 788 [5]
389 459 [0]
349 499 [0]
415 433 [0]
215 634 [0]
344 505 [0]
371 478 [0]
171 674 [4]
59 789 [1]
279 571 [0]
367 479 [4]
54 796 [0]
121 726 [3]
143 700 [7]
296 554 [0]
294 553 [3]
289 558 [3]
134 713 [3]
52 799 [0]
75 776 [0]
187 664 [0]
338 513 [0]
57 787 [7]
311 536 [4]
194 651 [6]
89 763 [0]
322 526 [4]
203 644 [5]
170 682 [0]
370 482 [0]
284 565 [3]
164 689 [0]
64 784 [5]
72 781 [0]
186 660 [7]
213 640 [0]
392 454 [7]
198 651 [4]
129 721 [3]
93 757 [3]
54 792 [7]
258 596 [0]
272 582 [0]
289 565 [0]
350 499 [5]
167 688 [0]
192 663 [0]
325 530 [0]
178 673 [4]
377 471 [7]
394 461 [0]
213 639 [3]
416 431 [9]
244 608 [4]
187 669 [0]
230 623 [3]
296 556 [4]
216 636 [4]
202 650 [4]
335 512 [9]
316 537 [3]
139 710 [7]
367 490 [0]
426 431 [0]
184 673 [0]
243 610 [4]
74 776 [7]
412 445 [0]
244 606 [7]
291 567 [0]
350 508 [0]
318 537 [3]
78 777 [3]
322 533 [3]
382 476 [0]
395 460 [4]
424 435 [0]
103 753 [3]
78 778 [3]
274 585 [0]
232 623 [4]
194 659 [6]
154 702 [3]
362 497 [0]
258 599 [3]
99 758 [3]
82 771 [7]
105 749 [6]
360 500 [0]
242 619 [0]
162 699 [0]
281 576 [4]
390 471 [0]
397 457 [7]
61 793 [7]
301 556 [4]
112 745 [4]
103 759 [0]
107 755 [0]
329 527 [6]
145 712 [6]
145 714 [4]
350 510 [3]
181 682 [0]
423 433 [7]
344 516 [3]
336 523 [4]
223 636 [4]
131 729 [4]
272 583 [9]
174 686 [4]
247 612 [5]
405 459 [0]
288 577 [0]
89 776 [0]
179 683 [3]
334 528 [3]
189 672 [4]
381 484 [0]
243 616 [6]
160 702 [3]
339 520 [6]
273 593 [0]
82 784 [0]
300 566 [0]
328 538 [0]
104 759 [3]
372 494 [0]
392 474 [0]
217 645 [4]
405 458 [3]
87 778 [1]
167 693 [6]
83 780 [4]
203 664 [0]
73 794 [0]
205 662 [0]
263 600 [4]
399 468 [0]
170 693 [4]
307 554 [6]
83 781 [3]
411 455 [2]
127 741 [0]
207 661 [0]
399 469 [0]
79 786 [3]
160 704 [4]
338 530 [0]
304 560 [4]
353 511 [4]
256 609 [3]
164 701 [3]
169 700 [0]
240 623 [6]
167 699 [3]
71 795 [3]
115 747 [7]
105 758 [6]
96 768 [5]
81 784 [5]
198 667 [5]
121 746 [3]
342 529 [0]
79 792 [0]
163 708 [0]
174 697 [0]
112 756 [3]
111 753 [7]
335 536 [0]
127 737 [7]
336 532 [4]
250 616 [6]
133 738 [1]
189 680 [3]
354 515 [3]
227 645 [0]
356 516 [0]
91 778 [3]
122 747 [3]
168 705 [0]
345 528 [0]
434 436 [3]
295 574 [4]
269 600 [4]
203 671 [0]
305 569 [0]
307 567 [0]
424 446 [4]
344 526 [4]
409 465 [0]
200 675 [0]
114 761 [0]
250 619 [6]
269 606 [0]
93 779 [3]
383 492 [0]
166 706 [3]
419 456 [0]
138 733 [4]
137 736 [3]
82 787 [7]
80 793 [3]
299 578 [0]
140 737 [0]
390 484 [3]
387 486 [4]
201 672 [4]
276 602 [0]
205 673 [0]
321 552 [5]
220 658 [0]
318 560 [0]
390 488 [0]
167 708 [3]
150 729 [0]
117 755 [7]
194 679 [6]
191 684 [4]
289 586 [4]
82 790 [7]
370 502 [7]
73 799 [7]
145 735 [0]
369 511 [0]
148 728 [4]
117 760 [3]
103 774 [3]
82 791 [7]
438 443 [0]
108 773 [0]
298 577 [6]
226 651 [4]
98 780 [3]
270 608 [3]
396 481 [4]
105 772 [4]
188 694 [0]
214 668 [0]
237 645 [0]
292 586 [4]
173 705 [4]
218 660 [4]
243 640 [0]
164 719 [0]
249 634 [0]
120 760 [3]
409 474 [0]
171 708 [4]
132 744 [7]
143 741 [0]
237 647 [0]
165 716 [3]
129 752 [3]
121 764 [0]
172 710 [3]
237 642 [6]
198 684 [3]
361 525 [0]
147 739 [0]
157 729 [0]
188 698 [0]
229 653 [4]
419 461 [6]
309 577 [0]
428 458 [0]
133 746 [7]
99 788 [0]
156 731 [0]
257 630 [0]
295 592 [0]
92 788 [7]
131 753 [3]
203 685 [0]
285 603 [0]
363 521 [4]
184 705 [0]
268 621 [0]
228 657 [4]
116 771 [3]
157 733 [0]
319 568 [3]
170 716 [4]
239 647 [4]
370 513 [7]
233 653 [4]
268 619 [3]
169 722 [0]
352 539 [0]
431 460 [0]
296 588 [7]
167 720 [4]
278 605 [9]
96 793 [3]
215 676 [1]
318 571 [3]
313 580 [0]
404 489 [0]
434 455 [4]
415 478 [0]
208 686 [0]
285 609 [0]
119 771 [4]
313 582 [0]
304 587 [4]
130 761 [4]
162 730 [3]
314 575 [6]
125 771 [0]
209 687 [0]
336 554 [6]
348 549 [0]
163 734 [0]
345 546 [6]
230 661 [6]
322 575 [0]
335 562 [0]
439 458 [0]
255 633 [9]
152 742 [3]
153 739 [5]
394 504 [0]
155 743 [0]
301 597 [0]
332 563 [3]
266 627 [6]
222 673 [4]
423 469 [7]
259 640 [0]
320 573 [6]
387 505 [7]
224 672 [3]
449 451 [0]
104 795 [1]
138 758 [4]
272 627 [1]
308 585 [7]
384 516 [0]
251 646 [3]
179 717 [4]
313 588 [0]
126 771 [4]
202 693 [6]
269 628 [4]
183 712 [6]
149 748 [4]
203 695 [3]
433 469 [0]
241 661 [0]
257 645 [0]
114 781 [7]
197 701 [4]
218 680 [4]
191 708 [3]
253 643 [6]
103 797 [3]
108 795 [0]
172 728 [3]
150 753 [0]
393 510 [0]
237 662 [4]
173 730 [0]
430 469 [4]
266 630 [7]
135 764 [4]
386 518 [0]
149 755 [0]
284 620 [0]
336 564 [4]
168 737 [0]
182 723 [0]
245 657 [3]
212 693 [0]
204 695 [6]
141 761 [3]
172 726 [7]
312 593 [0]
391 507 [7]
377 521 [7]
334 572 [0]
134 769 [3]
374 528 [4]
319 588 [0]
387 513 [7]
442 462 [3]
224 680 [3]
249 659 [0]
134 774 [0]
411 490 [7]
330 574 [4]
440 468 [0]
175 729 [4]
412 496 [0]
258 650 [0]
433 475 [0]
438 463 [7]
302 606 [0]
453 456 [0]
339 564 [6]
200 705 [4]
443 466 [0]
265 640 [4]
355 547 [7]
140 770 [0]
363 547 [0]
400 508 [2]
142 765 [3]
297 606 [7]
117 790 [3]
421 490 [0]
286 625 [0]
226 682 [3]
365 540 [6]
167 744 [0]
221 687 [3]
202 705 [4]
260 642 [9]
252 659 [0]
446 466 [0]
177 735 [0]
171 737 [4]
278 628 [6]
451 458 [3]
348 564 [0]
416 492 [4]
290 616 [6]
192 716 [4]
353 559 [0]
357 548 [7]
253 653 [6]
319 594 [0]
288 616 [9]
454 456 [4]
232 682 [0]
277 637 [0]
314 600 [0]
175 736 [3]
187 724 [3]
282 628 [4]
252 658 [4]
188 720 [6]
390 525 [0]
238 671 [6]
126 785 [4]
337 572 [6]
140 772 [3]
267 644 [4]
137 775 [3]
232 679 [4]
194 722 [0]
134 782 [0]
289 627 [0]
430 479 [7]
323 586 [7]
151 762 [3]
238 672 [6]
390 527 [0]
193 720 [4]
140 774 [3]
367 547 [3]
151 763 [3]
300 611 [6]
268 650 [0]
132 779 [7]
246 668 [4]
262 652 [4]
141 774 [3]
437 481 [0]
120 799 [0]
257 662 [0]
260 655 [4]
298 621 [0]
137 779 [3]
265 647 [7]
249 666 [4]
243 670 [6]
218 695 [6]
447 468 [4]
153 763 [3]
164 752 [3]
278 642 [0]
309 611 [0]
333 581 [6]
324 592 [4]
346 567 [7]
163 758 [0]
165 756 [0]
429 492 [0]
130 787 [4]
457 465 [0]
301 621 [0]
384 538 [0]
337 578 [7]
227 691 [4]
427 489 [6]
311 612 [0]
331 592 [0]
369 554 [0]
149 770 [4]
392 525 [6]
192 725 [6]
160 764 [0]
128 796 [0]
192 732 [0]
372 552 [0]
345 573 [6]
442 482 [0]
361 556 [7]
292 633 [0]
222 703 [0]
239 686 [0]
231 690 [4]
356 565 [4]
176 745 [4]
319 606 [0]
373 553 [0]
308 612 [6]
450 472 [4]
262 657 [7]
145 777 [4]
219 708 [0]
421 506 [0]
366 561 [0]
413 508 [6]
166 761 [0]
161 762 [4]
367 556 [4]
440 487 [0]
165 759 [3]
126 796 [5]
312 616 [0]
186 742 [0]
405 523 [0]
290 634 [4]
232 692 [4]
189 736 [3]
412 516 [0]
154 771 [3]
398 526 [4]
146 778 [4]
405 524 [0]
130 799 [0]
132 797 [0]
298 627 [4]
387 542 [0]
310 615 [4]
282 644 [3]
159 767 [3]
376 549 [4]
342 584 [3]
332 594 [3]
438 485 [6]
396 534 [0]
164 766 [0]
334 592 [4]
383 547 [0]
286 638 [6]
238 686 [6]
291 639 [0]
317 613 [0]
267 664 [0]
393 538 [0]
147 777 [7]
205 722 [4]
190 742 [0]
311 621 [0]
443 489 [0]
243 685 [4]
289 640 [3]
263 670 [0]
145 788 [0]
184 749 [0]
359 574 [0]
384 549 [0]
329 600 [4]
184 746 [3]
372 558 [4]
283 647 [4]
380 548 [6]
462 473 [0]
181 750 [4]
369 562 [4]
195 737 [3]
191 744 [0]
264 667 [4]
156 775 [4]
364 564 [7]
330 605 [0]
275 661 [0]
458 478 [0]
269 661 [6]
423 506 [7]
356 574 [6]
240 687 [9]
149 788 [0]
141 796 [0]
312 618 [7]
192 741 [4]
220 717 [0]
314 617 [6]
265 672 [0]
319 615 [3]
408 529 [0]
436 501 [0]
275 656 [6]
279 655 [3]
452 486 [0]
366 568 [4]
444 494 [0]
255 684 [0]
401 538 [0]
163 772 [4]
378 561 [0]
232 703 [4]
148 787 [4]
441 498 [0]
310 626 [3]
430 502 [7]
207 733 [0]
151 784 [5]
144 796 [0]
403 537 [0]
393 541 [6]
425 515 [0]
233 707 [0]
215 726 [0]
250 691 [0]
240 701 [0]
429 512 [0]
294 641 [6]
171 764 [6]
173 765 [3]
150 788 [3]
420 522 [0]
325 613 [4]
153 786 [3]
156 787 [0]
463 480 [0]
439 499 [5]
415 527 [1]
152 788 [3]
141 799 [3]
395 547 [2]
158 786 [0]
163 781 [0]
244 694 [6]
327 608 [9]
176 765 [3]
256 684 [4]
426 519 [0]
445 500 [0]
347 598 [0]
173 769 [3]
374 571 [0]
283 658 [4]
293 648 [4]
305 641 [0]
466 480 [0]
180 760 [6]
341 601 [4]
204 739 [3]
143 797 [7]
144 798 [5]
163 780 [4]
275 673 [0]
410 538 [0]
216 728 [4]
159 786 [3]
200 744 [4]
186 763 [0]
164 782 [3]
312 630 [7]
471 478 [0]
394 546 [9]
232 718 [0]
179 768 [3]
419 531 [0]
321 626 [3]
168 779 [3]
197 750 [4]
326 619 [6]
418 533 [0]
385 559 [7]
215 737 [0]
333 619 [0]
395 557 [0]
464 482 [6]
236 712 [4]
205 748 [0]
334 619 [0]
364 589 [0]
379 571 [3]
253 694 [6]
227 723 [4]
416 538 [0]
167 787 [0]
182 772 [0]
459 495 [0]
434 513 [7]
271 683 [0]
382 572 [0]
354 601 [0]
425 530 [0]
427 528 [0]
205 746 [4]
156 793 [6]
225 726 [4]
204 752 [0]
208 748 [0]
230 726 [0]
285 665 [6]
459 497 [0]
446 511 [0]
416 534 [7]
439 512 [6]
268 686 [3]
315 636 [6]
293 665 [0]
425 533 [0]
447 511 [0]
219 733 [6]
456 495 [7]
398 561 [0]
469 490 [0]
417 542 [0]
198 757 [4]
311 642 [6]
171 782 [6]
161 792 [6]
235 725 [0]
471 482 [7]
352 599 [9]
229 725 [6]
250 704 [6]
250 711 [0]
312 649 [0]
287 671 [4]
201 762 [0]
328 635 [0]
430 526 [7]
468 492 [3]
460 504 [0]
180 784 [0]
445 515 [4]
429 535 [0]
439 521 [4]
164 797 [3]
478 482 [4]
309 652 [3]
259 706 [0]
354 611 [0]
464 501 [0]
472 493 [0]
263 693 [9]
423 538 [4]
282 680 [4]
249 717 [0]
318 644 [4]
260 706 [0]
301 656 [9]
319 643 [4]
342 624 [0]
274 686 [6]
375 591 [0]
210 753 [3]
366 597 [4]
422 545 [0]
208 759 [0]
220 747 [0]
243 724 [0]
320 647 [0]
342 625 [0]
276 688 [3]
342 626 [0]
355 613 [0]
206 758 [4]
248 716 [4]
243 726 [0]
325 644 [0]
224 742 [3]
201 765 [3]
306 654 [9]
373 597 [0]
455 506 [9]
167 799 [4]
297 674 [0]
238 733 [0]
253 718 [0]
405 560 [6]
221 747 [3]
295 670 [6]
437 530 [4]
204 763 [4]
329 636 [6]
304 664 [4]
259 709 [4]
302 667 [3]
475 497 [0]
204 765 [3]
327 636 [9]
344 629 [0]
240 724 [9]
190 779 [4]
329 637 [7]
439 531 [4]
391 577 [6]
451 516 [7]
198 777 [0]
218 757 [0]
326 649 [0]
338 637 [0]
301 668 [6]
361 614 [0]
282 689 [4]
438 537 [0]
343 633 [0]
286 690 [0]
182 791 [3]
343 627 [6]
371 605 [0]
450 526 [0]
243 728 [6]
281 696 [0]
440 533 [4]
273 698 [6]
335 642 [0]
385 586 [6]
397 574 [6]
294 678 [5]
448 529 [0]
326 647 [4]
342 631 [4]
265 713 [0]
229 749 [0]
255 723 [0]
221 754 [3]
322 650 [6]
422 556 [0]
371 600 [7]
368 604 [6]
329 641 [9]
376 599 [4]
349 631 [0]
396 580 [4]
263 718 [0]
456 525 [0]
290 687 [4]
274 701 [6]
204 773 [4]
256 719 [6]
375 607 [0]
399 577 [6]
194 784 [4]
404 572 [6]
205 773 [4]
475 507 [0]
316 667 [0]
369 608 [6]
326 651 [6]
448 535 [0]
284 700 [0]
423 561 [0]
368 612 [4]
327 656 [1]
192 788 [4]
463 522 [0]
263 716 [6]
210 775 [0]
311 668 [6]
289 692 [4]
365 611 [9]
376 602 [7]
391 587 [7]
219 767 [0]
347 639 [0]
272 713 [1]
292 690 [4]
488 498 [0]
441 539 [6]
285 702 [0]
364 623 [0]
208 775 [4]
389 591 [7]
385 603 [0]
229 759 [0]
296 692 [0]
297 691 [0]
241 743 [4]
372 610 [6]
490 498 [0]
392 596 [0]
415 573 [1]
404 579 [6]
231 752 [6]
467 523 [0]
246 740 [4]
270 716 [4]
362 629 [0]
263 728 [0]
387 604 [0]
390 597 [4]
276 711 [4]
190 798 [3]
219 766 [6]
219 768 [4]
454 538 [0]
464 522 [6]
253 733 [6]
358 629 [6]
411 582 [0]
308 685 [0]
373 611 [9]
308 679 [6]
196 793 [4]
283 704 [6]
448 539 [6]
478 509 [7]
239 749 [6]
362 632 [0]
452 542 [0]
408 577 [9]
472 522 [0]
197 798 [0]
461 530 [4]
289 706 [0]
302 693 [0]
312 683 [0]
460 528 [7]
470 525 [0]
298 698 [0]
193 799 [4]
262 727 [7]
310 687 [0]
295 696 [6]
474 514 [9]
220 773 [4]
247 751 [0]
243 749 [6]
355 642 [1]
230 764 [4]
434 565 [0]
224 776 [0]
418 582 [0]
450 550 [0]
477 523 [0]
356 640 [4]
269 725 [6]
290 711 [0]
239 762 [0]
209 786 [6]
246 749 [6]
391 603 [7]
429 565 [7]
222 775 [4]
397 605 [0]
218 778 [6]
419 583 [0]
396 599 [7]
214 789 [0]
265 738 [0]
216 783 [4]
492 511 [0]
439 560 [4]
240 754 [9]
467 536 [0]
315 689 [0]
398 607 [0]
464 541 [0]
466 539 [0]
471 528 [6]
244 762 [0]
378 628 [0]
418 588 [0]
497 509 [0]
372 630 [4]
303 699 [4]
255 752 [0]
412 595 [0]
249 752 [6]
320 683 [4]
481 521 [6]
239 765 [4]
462 540 [6]
439 569 [0]
338 663 [7]
316 688 [4]
235 774 [0]
439 566 [4]
433 570 [6]
430 573 [6]
301 703 [6]
223 783 [4]
264 747 [0]
289 722 [0]
228 779 [4]
319 693 [0]
442 571 [0]
308 696 [9]
245 764 [4]
302 705 [6]
284 730 [0]
278 736 [0]
319 695 [0]
485 529 [0]
238 770 [6]
348 660 [6]
473 535 [6]
300 715 [0]
434 581 [0]
345 661 [9]
496 519 [0]
501 510 [4]
368 648 [0]
477 539 [0]
321 691 [4]
268 741 [7]
287 725 [4]
501 515 [0]
481 529 [7]
261 756 [0]
384 633 [0]
222 791 [4]
294 719 [4]
422 586 [9]
315 698 [4]
483 534 [0]
325 685 [7]
423 595 [0]
455 563 [0]
249 763 [6]
343 669 [6]
291 728 [0]
309 710 [0]
254 759 [6]
363 650 [6]
383 636 [0]
367 648 [4]
424 595 [0]
427 586 [6]
219 794 [6]
282 738 [0]
352 668 [0]
361 659 [0]
501 513 [6]
499 512 [9]
465 554 [1]
417 604 [0]
440 581 [0]
336 679 [6]
417 605 [0]
378 638 [6]
247 777 [0]
447 577 [0]
484 540 [0]
293 727 [4]
389 631 [4]
278 747 [0]
301 724 [0]
296 723 [6]
237 784 [4]
276 745 [4]
386 635 [4]
493 525 [7]
257 765 [4]
274 746 [6]
469 548 [9]
273 745 [9]
238 790 [0]
280 748 [0]
287 741 [0]
329 699 [0]
450 571 [7]
500 521 [7]
440 582 [6]
257 772 [0]
421 608 [0]
351 674 [4]
317 713 [0]
413 613 [4]
267 756 [7]
389 634 [7]
365 666 [0]
423 608 [0]
448 583 [0]
251 776 [4]
481 541 [9]
356 676 [0]
502 530 [0]
510 522 [0]
372 654 [6]
472 554 [6]
256 770 [6]
404 619 [9]
273 760 [0]
299 728 [6]
461 569 [3]
475 557 [1]
433 591 [9]
350 679 [4]
317 717 [0]
468 562 [4]
387 648 [0]
337 698 [0]
451 584 [0]
489 546 [0]
422 604 [9]
417 619 [0]
277 750 [9]
463 572 [1]
441 586 [9]
462 575 [0]
481 556 [0]
243 790 [4]
284 748 [6]
505 534 [0]
260 770 [9]
399 632 [9]
504 529 [7]
364 676 [0]
473 568 [0]
486 555 [0]
246 791 [4]
361 674 [6]
418 617 [6]
341 701 [0]
398 644 [0]
377 656 [9]
350 688 [4]
482 561 [0]
313 730 [0]
302 737 [4]
319 724 [0]
298 741 [4]
365 669 [9]
423 611 [9]
467 567 [9]
494 541 [9]
385 655 [4]
396 642 [6]
271 767 [6]
501 544 [0]
472 566 [7]
295 746 [4]
455 581 [9]
259 782 [4]
503 535 [7]
393 646 [7]
373 666 [7]
264 776 [6]
449 588 [9]
463 583 [0]
375 667 [4]
245 797 [4]
333 704 [9]
370 677 [0]
408 639 [0]
418 623 [6]
515 525 [7]
327 719 [1]
275 773 [0]
277 771 [0]
376 672 [0]
430 618 [0]
470 571 [7]
423 618 [7]
413 636 [0]
467 576 [6]
507 543 [0]
312 732 [6]
427 617 [6]
402 648 [0]
337 707 [6]
256 790 [4]
339 703 [9]
323 721 [7]
255 790 [6]
288 754 [9]
352 700 [0]
513 539 [0]
355 688 [9]
481 565 [6]
384 659 [9]
438 605 [9]
455 588 [9]
499 550 [4]
270 779 [4]
517 536 [0]
468 579 [6]
319 731 [4]
379 669 [6]
425 622 [7]
523 524 [7]
368 680 [6]
259 796 [0]
396 659 [0]
514 535 [6]
411 637 [7]
469 577 [9]
346 710 [0]
437 619 [0]
444 612 [0]
465 583 [8]
288 759 [9]
335 712 [9]
326 731 [0]
366 691 [0]
526 532 [0]
496 555 [7]
305 754 [0]
267 792 [0]
379 673 [7]
506 553 [0]
339 719 [1]
474 585 [0]
276 784 [0]
374 686 [0]
448 612 [0]
461 593 [6]
376 679 [6]
390 665 [6]
508 547 [6]
439 618 [4]
314 748 [0]
377 679 [6]
283 775 [4]
260 798 [4]
335 728 [0]
477 586 [0]
291 766 [6]
509 548 [6]
473 590 [0]
473 589 [1]
471 593 [0]
484 580 [0]
449 609 [6]
330 735 [0]
394 671 [0]
471 594 [0]
382 676 [7]
495 570 [0]
361 698 [6]
281 778 [6]
296 770 [0]
453 613 [0]
482 575 [9]
287 775 [4]
282 785 [0]
332 735 [0]
472 588 [7]
413 654 [0]
523 544 [0]
421 645 [1]
454 605 [8]
411 650 [6]
488 580 [0]
368 694 [6]
346 716 [6]
308 761 [0]
399 670 [0]
419 650 [0]
456 613 [0]
317 746 [6]
386 677 [6]
456 614 [0]
458 608 [4]
302 762 [6]
408 663 [0]
374 691 [6]
519 552 [0]
368 704 [0]
412 651 [9]
324 741 [7]
517 555 [0]
422 644 [6]
343 723 [6]
269 797 [6]
358 715 [0]
441 632 [0]
347 717 [9]
307 767 [0]
350 718 [6]
461 605 [8]
363 712 [0]
405 670 [0]
422 653 [0]
529 546 [0]
489 585 [1]
374 704 [0]
533 545 [0]
524 547 [7]
537 542 [0]
409 662 [9]
424 652 [4]
326 751 [3]
337 745 [0]
418 664 [0]
326 750 [6]
341 735 [6]
358 725 [0]
377 706 [0]
482 601 [0]
521 562 [0]
288 786 [9]
509 568 [6]
532 550 [1]
347 737 [0]
370 705 [9]
284 794 [6]
410 675 [0]
481 604 [0]
377 702 [6]
487 598 [0]
323 763 [0]
397 689 [0]
289 791 [6]
523 554 [9]
460 620 [6]
521 565 [0]
319 768 [0]
432 655 [0]
483 598 [6]
386 695 [6]
493 587 [7]
354 725 [9]
523 559 [6]
329 750 [9]
352 727 [9]
371 718 [0]
374 709 [6]
484 599 [6]
401 681 [7]
353 730 [6]
392 689 [9]
477 613 [0]
476 614 [0]
431 659 [0]
297 787 [6]
291 793 [6]
421 663 [6]
528 554 [9]
308 774 [9]
292 796 [3]
305 787 [0]
460 632 [0]
473 619 [0]
495 596 [1]
369 724 [0]
419 674 [0]
325 762 [6]
387 707 [0]
416 678 [0]
524 563 [7]
499 592 [4]
416 679 [0]
451 644 [0]
462 633 [0]
489 606 [0]
323 768 [4]
492 597 [6]
309 787 [0]
420 676 [0]
324 766 [6]
299 791 [6]
530 567 [0]
441 656 [0]
473 624 [0]
506 591 [0]
510 580 [7]
363 729 [6]
531 566 [1]
304 796 [0]
385 709 [6]
430 665 [6]
459 643 [0]
480 622 [0]
443 650 [9]
443 652 [7]
310 793 [0]
385 718 [0]
519 578 [6]
348 749 [6]
371 726 [6]
474 621 [9]
430 668 [6]
455 641 [8]
307 798 [0]
434 665 [6]
475 630 [0]
397 702 [6]
506 599 [0]
367 732 [6]
431 675 [0]
455 651 [0]
401 696 [9]
353 747 [6]
365 742 [0]
392 715 [0]
350 753 [4]
470 637 [0]
412 690 [6]
313 789 [6]
503 598 [7]
357 745 [6]
450 659 [0]
413 697 [0]
457 644 [9]
430 671 [9]
345 766 [0]
460 651 [0]
423 682 [6]
412 700 [0]
471 633 [8]
444 662 [6]
406 701 [6]
461 643 [9]
461 646 [6]
461 652 [0]
474 630 [9]
376 731 [6]
518 595 [0]
471 643 [0]
372 742 [0]
319 789 [6]
548 566 [0]
411 694 [9]
415 699 [0]
491 614 [9]
366 741 [7]
374 731 [9]
436 678 [0]
550 564 [0]
508 598 [9]
418 691 [6]
493 615 [7]
382 734 [0]
405 711 [0]
356 756 [4]
479 637 [0]
414 696 [6]
402 714 [0]
372 740 [4]
435 682 [0]
558 559 [0]
546 562 [9]
445 666 [7]
351 768 [0]
414 698 [7]
554 564 [1]
370 743 [6]
349 771 [0]
412 708 [0]
505 615 [0]
521 590 [9]
514 598 [9]
323 792 [6]
534 586 [1]
481 631 [9]
330 792 [0]
364 750 [8]
326 797 [0]
454 663 [6]
453 665 [6]
508 617 [0]
326 793 [6]
504 622 [0]
548 578 [0]
554 572 [0]
436 684 [6]
410 707 [9]
340 780 [6]
325 798 [4]
537 583 [7]
560 567 [0]
511 609 [7]
351 778 [0]
545 584 [0]
384 736 [9]
363 760 [6]
371 759 [0]
495 635 [0]
425 699 [6]
516 616 [0]
532 601 [0]
491 643 [0]
461 664 [9]
527 607 [0]
422 704 [8]
372 763 [0]
391 744 [0]
479 656 [0]
543 592 [0]
364 765 [6]
524 612 [0]
564 572 [0]
456 676 [4]
380 757 [0]
338 792 [7]
369 762 [6]
378 750 [9]
391 740 [6]
453 686 [0]
549 590 [0]
333 797 [9]
498 633 [8]
362 773 [4]
532 608 [0]
511 623 [6]
338 798 [4]
533 608 [0]
506 634 [1]
565 576 [0]
521 614 [6]
400 742 [0]
476 666 [0]
479 663 [0]
384 749 [9]
442 701 [0]
503 640 [0]
556 580 [7]
367 771 [6]
395 750 [0]
411 734 [0]
519 617 [9]
430 716 [0]
449 697 [0]
489 657 [0]
436 701 [9]
472 668 [6]
464 682 [0]
539 608 [0]
507 631 [9]
556 585 [6]
388 755 [4]
427 714 [6]
494 654 [0]
570 578 [0]
380 759 [9]
369 770 [9]
380 769 [0]
415 734 [0]
444 705 [0]
495 654 [0]
426 717 [6]
399 751 [0]
446 704 [0]
540 610 [0]
436 705 [9]
504 647 [0]
574 577 [0]
495 647 [9]
491 660 [0]
363 789 [0]
558 594 [0]
464 680 [8]
531 620 [1]
561 587 [4]
500 646 [7]
536 616 [1]
517 627 [9]
436 718 [0]
562 592 [0]
436 719 [0]
534 620 [1]
559 587 [9]
406 743 [6]
569 582 [4]
424 723 [9]
533 624 [0]
441 707 [9]
436 722 [0]
578 580 [0]
503 655 [0]
370 780 [9]
500 653 [6]
515 637 [7]
446 714 [0]
453 707 [0]
559 601 [0]
401 750 [9]
413 741 [6]
496 658 [6]
369 785 [6]
570 591 [0]
576 585 [0]
510 642 [9]
563 592 [6]
533 622 [7]
573 589 [0]
561 597 [4]
485 678 [0]
517 645 [1]
362 795 [6]
465 697 [1]
383 781 [0]
535 629 [0]
383 772 [9]
479 678 [7]
388 777 [0]
556 609 [0]
409 748 [8]
385 771 [9]
476 680 [9]
557 610 [0]
535 625 [7]
514 653 [0]
429 729 [9]
456 702 [9]
424 734 [9]
468 692 [7]
572 596 [0]
516 646 [6]
457 712 [0]
375 785 [9]
520 649 [0]
551 612 [6]
393 777 [0]
581 589 [0]
517 646 [7]
514 657 [0]
557 614 [0]
542 622 [7]
501 663 [7]
425 739 [7]
485 687 [0]
379 794 [0]
379 795 [0]
493 674 [7]
485 689 [0]
499 671 [6]
458 712 [6]
429 748 [0]
500 677 [0]
377 791 [9]
373 795 [9]
518 660 [0]
516 655 [7]
474 696 [8]
393 776 [9]
497 682 [0]
544 635 [0]
490 683 [6]
421 758 [1]
451 730 [0]
530 651 [0]
584 598 [0]
564 618 [0]
423 750 [9]
572 610 [0]
429 744 [9]
587 595 [0]
434 741 [7]
424 749 [9]
410 763 [9]
557 617 [8]
410 773 [0]
542 634 [7]
404 773 [6]
405 770 [8]
544 639 [0]
390 794 [0]
571 604 [9]
583 592 [9]
570 615 [0]
427 749 [9]
390 789 [6]
405 771 [9]
419 758 [8]
475 711 [0]
484 702 [0]
569 613 [4]
421 757 [8]
411 768 [7]
469 716 [1]
508 679 [0]
419 769 [0]
431 757 [0]
444 744 [0]
535 645 [9]
431 759 [0]
486 704 [0]
538 652 [0]
528 655 [7]
544 638 [8]
401 780 [9]
536 655 [0]
483 708 [0]
404 781 [6]
420 772 [0]
505 688 [0]
531 662 [0]
475 717 [1]
456 729 [9]
439 755 [0]
493 701 [0]
562 623 [9]
498 690 [6]
509 679 [6]
392 793 [9]
576 617 [1]
545 650 [0]
551 644 [0]
428 768 [0]
513 682 [1]
570 626 [0]
522 675 [0]
566 631 [0]
416 775 [6]
408 780 [9]
506 684 [8]
511 681 [6]
550 639 [9]
526 673 [0]
568 632 [0]
442 751 [7]
446 745 [9]
443 748 [9]
548 653 [0]
499 693 [9]
547 648 [6]
553 648 [0]
520 681 [0]
503 689 [9]
551 649 [1]
500 693 [9]
490 704 [8]
563 640 [0]
600 603 [0]
596 599 [8]
594 609 [0]
442 752 [9]
409 794 [1]
482 715 [7]
438 760 [6]
469 726 [9]
590 615 [0]
582 623 [0]
513 692 [0]
550 646 [9]
532 674 [0]
562 635 [9]
436 761 [9]
471 736 [0]
512 695 [0]
490 716 [1]
524 684 [0]
445 756 [7]
417 782 [9]
445 764 [0]
543 665 [1]
516 684 [9]
401 799 [9]
510 700 [0]
502 708 [0]
555 654 [1]
454 747 [9]
519 685 [6]
561 643 [6]
499 713 [0]
548 664 [0]
597 615 [0]
466 739 [7]
456 747 [9]
604 607 [1]
573 639 [1]
469 743 [1]
525 688 [0]
571 643 [0]
525 689 [1]
563 643 [9]
466 750 [0]
511 696 [9]
435 775 [6]
478 739 [0]
599 618 [0]
455 753 [9]
425 783 [9]
597 621 [0]
435 774 [9]
595 622 [1]
479 731 [8]
593 626 [0]
552 667 [0]
504 716 [0]
506 714 [0]
417 794 [9]
501 714 [6]
557 655 [9]
427 785 [9]
549 673 [0]
600 623 [0]
544 679 [1]
478 737 [9]
428 796 [1]
427 799 [0]
550 669 [8]
463 757 [8]
450 779 [0]
568 661 [0]
432 798 [0]
594 636 [0]
505 724 [1]
500 731 [0]
594 637 [0]
487 735 [9]
538 694 [0]
584 648 [0]
494 738 [0]
465 759 [8]
426 797 [9]
489 735 [8]
505 728 [0]
610 614 [9]
587 646 [0]
551 683 [0]
599 634 [1]
563 670 [1]
590 643 [1]
522 713 [0]
533 693 [9]
515 714 [6]
483 754 [0]
593 635 [9]
468 763 [6]
469 769 [0]
442 796 [0]
482 756 [0]
574 664 [0]
463 767 [8]
507 723 [8]
448 784 [6]
470 767 [1]
553 677 [8]
518 721 [0]
593 646 [0]
614 625 [0]
586 653 [0]
536 694 [9]
473 767 [0]
520 720 [0]
613 618 [9]
545 695 [1]
590 650 [1]
551 689 [1]
485 755 [1]
498 737 [6]
466 766 [9]
445 797 [0]
578 662 [2]
509 724 [9]
509 725 [9]
473 762 [8]
467 777 [0]
517 727 [0]
567 677 [0]
617 628 [0]
566 672 [8]
575 672 [0]
576 671 [0]
622 625 [0]
604 643 [1]
516 727 [6]
580 661 [8]
489 752 [8]
452 798 [0]
538 713 [0]
621 630 [0]
454 788 [9]
469 773 [9]
454 789 [8]
472 780 [0]
552 693 [8]
533 721 [0]
550 696 [8]
559 696 [0]
508 745 [2]
608 647 [0]
453 794 [9]
475 781 [1]
490 759 [8]
527 730 [0]
504 754 [0]
597 660 [1]
602 658 [0]
570 681 [9]
586 673 [1]
620 639 [1]
585 677 [0]
541 722 [0]
498 757 [9]
581 684 [0]
479 785 [1]
536 729 [1]
581 676 [9]
597 661 [8]
493 774 [0]
542 725 [0]
626 632 [9]
599 660 [8]
482 779 [6]
546 722 [0]
619 649 [0]
545 714 [9]
585 684 [0]
589 680 [0]
505 757 [8]
488 783 [0]
473 790 [8]
611 652 [8]
480 792 [0]
609 663 [0]
564 709 [0]
550 717 [6]
590 675 [8]
518 756 [0]
480 786 [8]
572 700 [2]
600 666 [9]
583 691 [1]
532 744 [0]
552 718 [6]
630 637 [9]
549 727 [0]
495 773 [9]
588 690 [0]
584 688 [6]
487 783 [8]
524 757 [0]
560 721 [0]
595 686 [0]
503 769 [9]
612 663 [6]
508 772 [2]
575 707 [0]
524 759 [0]
590 693 [0]
496 778 [9]
601 675 [8]
603 681 [0]
609 666 [9]
516 760 [9]
567 710 [8]
588 698 [0]
492 785 [9]
509 779 [0]
587 701 [0]
518 769 [1]
524 755 [9]
526 763 [0]
532 757 [0]
579 710 [0]
604 676 [9]
530 754 [6]
625 666 [0]
495 797 [0]
584 699 [9]
635 652 [6]
593 692 [9]
539 747 [8]
563 722 [9]
591 703 [0]
599 696 [0]
526 770 [0]
540 756 [0]
630 666 [0]
550 737 [9]
578 718 [0]
536 761 [0]
630 659 [8]
607 691 [0]
498 791 [9]
514 783 [2]
608 684 [8]
625 676 [0]
556 739 [6]
577 726 [0]
618 685 [0]
579 724 [0]
564 739 [0]
557 746 [0]
599 697 [8]
566 739 [0]
574 731 [0]
601 703 [1]
551 753 [1]
622 684 [0]
594 704 [8]
627 679 [0]
553 753 [1]
578 730 [0]
646 662 [0]
567 741 [0]
520 781 [8]
641 669 [0]
651 652 [8]
538 764 [9]
620 692 [0]
530 776 [6]
517 796 [0]
573 739 [1]
584 720 [9]
549 764 [2]
627 689 [0]
605 712 [0]
532 785 [1]
600 718 [1]
550 770 [0]
558 754 [8]
645 675 [0]
537 777 [6]
533 788 [0]
651 671 [0]
631 690 [1]
635 681 [7]
572 752 [0]
634 690 [0]
633 683 [8]
639 686 [0]
655 670 [0]
617 709 [0]
555 770 [1]
536 784 [6]
598 720 [9]
615 704 [8]
538 791 [0]
642 688 [0]
650 680 [0]
579 752 [0]
595 736 [0]
620 712 [0]
658 674 [0]
543 788 [1]
597 736 [0]
614 719 [0]
582 751 [0]
613 719 [1]
628 706 [0]
620 714 [0]
664 671 [0]
545 791 [0]
610 726 [0]
622 716 [0]
626 704 [8]
627 703 [8]
541 795 [2]
616 723 [0]
662 669 [8]
601 737 [1]
569 771 [0]
643 697 [0]
555 787 [0]
579 763 [0]
665 676 [1]
624 718 [0]
602 740 [0]
622 712 [8]
549 792 [2]
576 768 [0]
613 731 [1]
562 782 [1]
631 715 [0]
564 783 [0]
558 790 [0]
565 782 [1]
547 792 [9]
667 678 [4]
563 785 [1]
629 721 [0]
594 757 [0]
603 748 [0]
618 725 [8]
625 727 [1]
590 762 [1]
613 744 [0]
672 685 [0]
639 717 [1]
630 720 [8]
650 709 [0]
586 773 [0]
574 787 [0]
616 738 [9]
580 784 [0]
590 774 [0]
637 719 [8]
670 694 [0]
648 715 [1]
673 692 [0]
624 741 [0]
654 711 [0]
591 775 [0]
604 762 [0]
636 732 [0]
588 772 [8]
581 786 [2]
575 795 [0]
681 688 [1]
634 737 [0]
673 699 [0]
610 760 [2]
628 742 [2]
587 778 [8]
645 729 [0]
591 781 [2]
606 769 [0]
684 691 [0]
623 751 [1]
610 766 [0]
618 758 [0]
607 762 [8]
624 754 [0]
661 715 [2]
593 785 [1]
620 760 [0]
658 716 [8]
637 738 [7]
648 735 [0]
680 703 [0]
607 777 [0]
671 707 [7]
596 790 [0]
655 722 [9]
609 778 [0]
647 740 [0]
600 788 [0]
658 730 [0]
655 725 [8]
654 734 [0]
643 746 [0]
674 715 [0]
639 751 [0]
683 708 [0]
691 692 [8]
635 756 [0]
626 756 [9]
647 745 [0]
646 747 [0]
690 699 [5]
653 740 [1]
632 765 [0]
656 742 [0]
689 707 [2]
699 705 [0]
635 761 [8]
667 738 [0]
656 749 [0]
681 726 [0]
629 779 [0]
682 727 [0]
618 789 [2]
657 753 [0]
682 720 [8]
623 780 [8]
688 714 [9]
632 779 [1]
630 783 [0]
673 740 [0]
624 789 [2]
681 733 [1]
684 732 [2]
698 721 [0]
702 717 [0]
678 743 [0]
638 783 [0]
705 708 [8]
625 793 [8]
674 744 [8]
635 783 [8]
644 784 [0]
702 718 [8]
713 716 [0]
672 758 [0]
632 790 [8]
711 720 [0]
709 723 [0]
700 733 [0]
642 794 [0]
677 751 [8]
711 726 [0]
665 772 [0]
655 782 [1]
635 795 [8]
664 776 [0]
702 738 [0]
664 774 [2]
677 764 [0]
691 752 [0]
716 732 [0]
713 735 [0]
668 781 [0]
685 765 [0]
685 757 [8]
717 733 [0]
707 745 [0]
670 782 [0]
710 743 [0]
694 760 [0]
688 759 [8]
677 778 [0]
721 727 [8]
678 770 [9]
705 757 [0]
694 767 [1]
668 794 [0]
709 755 [0]
701 767 [0]
711 755 [2]
707 760 [2]
710 760 [0]
712 751 [8]
719 753 [0]
733 735 [4]
682 782 [8]
694 780 [0]
722 752 [0]
681 786 [8]
703 773 [0]
722 747 [8]
719 758 [0]
732 747 [0]
731 740 [8]
674 797 [8]
691 787 [2]
706 775 [0]
689 795 [0]
707 778 [0]
697 788 [0]
692 795 [0]
710 780 [0]
743 747 [0]
740 751 [0]
727 761 [8]
699 798 [0]
742 753 [2]
748 749 [0]
715 776 [8]
724 777 [0]
709 793 [0]
727 775 [0]
736 766 [0]
734 767 [1]
706 794 [2]
729 765 [8]
730 776 [0]
744 766 [1]
716 793 [2]
752 761 [0]
728 785 [0]
738 769 [9]
748 774 [0]
753 769 [0]
756 767 [0]
740 780 [8]
763 766 [0]
738 782 [9]
736 799 [0]
733 794 [8]
739 796 [0]
743 793 [0]
754 786 [0]
755 787 [0]
772 777 [0]
771 782 [0]
771 785 [0]
751 799 [8]
767 791 [1]
764 797 [0]
764 798 [0]
781 786 [2]
773 790 [8]
786 791 [0]
789 792 [0]
783 798 [1]
795 797 [0]
