1600
12
41
180
320
353
414
958
1287
1533
800
322
72
196
456
27
83
261
47
150
218
119
224
698
305
169
703
435
101
274
87
135
92
343
380
12
262
30
278
113
5
1312
156
171
515
133
256
277
102
387
129
533
276
713
1320
444
50
327
67
474
170
89
157
650
57
319
429
185
537
70
118
225
1224
104
215
0
95
76
582
212
201
100
249
34
64
989
254
684
547
62
49
452
138
38
8
705
177
16
146
65
402
231
241
1
541
791
9
403
672
121
202
356
287
501
136
128
798
819
405
273
390
203
404
638
592
74
73
660
71
518
337
340
33
21
335
187
93
60
26
48
913
195
897
386
182
167
219
505
357
281
44
538
385
11
24
227
7
107
397
66
333
142
449
754
634
299
497
925
332
35
140
271
55
600
108
953
79
751
725
618
36
510
247
744
378
577
6
973
164
68
144
374
293
85
192
664
303
149
616
159
115
525
173
870
461
147
90
570
80
205
393
289
110
455
88
763
105
181
655
158
132
42
52
408
175
680
111
106
640
486
653
148
373
410
709
434
997
1078
22
145
364
234
602
665
606
825
253
1044
103
1215
239
495
906
1020
409
920
282
344
272
342
459
513
371
860
527
325
530
130
1112
605
1140
552
835
396
535
206
1337
524
810
683
886
313
574
629
681
508
580
389
270
696
338
323
383
236
976
151
631
661
360
1049
485
339
938
2
624
359
186
770
450
1065
59
607
69
566
1486
18
394
1031
857
493
489
54
523
823
887
37
178
882
40
834
471
426
306
562
97
849
242
1103
127
295
641
1406
632
134
644
355
285
123
528
756
208
1246
480
900
659
1076
576
304
587
567
176
777
473
425
391
420
948
692
82
23
771
604
494
609
372
448
230
1141
500
399
685
788
31
1256
822
184
667
614
29
499
345
711
1093
520
112
1388
880
1009
56
346
243
194
300
392
697
122
1351
488
370
160
952
220
13
1165
879
891
469
936
828
296
1077
379
174
223
328
99
586
1245
191
1094
990
1314
216
908
623
710
779
972
1321
445
457
1115
719
682
889
347
481
1052
572
859
575
596
78
39
291
263
418
126
454
238
630
131
45
367
693
193
654
411
590
553
1380
384
75
686
255
314
28
804
1317
197
210
288
617
1155
496
837
63
316
540
563
267
283
862
246
143
1259
58
546
498
381
183
251
478
294
382
783
1110
421
1480
152
125
124
400
43
915
1041
1152
188
221
747
1308
264
179
730
1196
503
237
428
894
1176
460
841
375
416
1262
235
479
645
940
257
266
735
1192
286
162
847
960
543
312
1074
1540
1124
259
1132
213
824
1043
155
161
1485
526
809
812
109
565
1082
10
116
687
851
482
550
228
244
204
165
1010
803
1139
472
198
832
430
439
424
368
838
331
292
957
555
309
1437
1175
642
466
260
626
628
899
153
1304
1195
258
970
137
781
1451
1525
365
438
689
861
350
678
475
1002
695
816
189
302
4
1101
1012
1149
813
91
1219
1135
564
511
548
51
961
729
1120
963
284
775
1281
413
556
815
214
1193
1254
172
334
417
265
398
290
1242
981
1197
675
1418
951
1119
32
594
560
217
476
669
362
268
911
308
352
939
326
996
1180
1114
708
168
229
1005
1035
1204
1057
1154
1390
986
772
330
84
944
269
166
759
96
61
245
120
1018
622
1449
1220
477
621
1345
778
863
534
226
679
15
19
1189
733
1107
1113
869
969
728
643
613
1070
1272
1322
842
852
1022
864
1241
1117
748
561
888
714
433
830
752
817
491
1384
321
975
1042
843
718
1356
280
463
734
1001
608
571
1073
1264
1185
209
1479
919
467
854
1299
795
1335
1419
431
545
611
636
512
1004
1420
1015
462
875
1184
578
663
531
395
468
668
845
826
363
1432
549
1127
591
844
1521
699
649
867
207
750
514
1358
1025
366
222
412
406
865
423
907
516
1309
1257
297
317
792
77
369
785
760
1457
492
802
558
1248
1188
796
581
1338
704
1355
1379
377
1424
232
701
1460
1523
1130
743
671
419
635
3
965
738
1183
878
651
700
539
1329
1198
1258
732
1163
507
559
904
773
1067
946
1410
762
966
603
1297
532
652
1504
1330
757
551
248
1027
275
1148
1332
1453
749
896
677
985
1325
1422
876
1019
717
361
1391
856
673
1104
776
25
1199
94
348
1100
250
354
731
872
846
633
688
1170
1108
720
881
1143
1090
916
820
702
1572
199
1244
988
163
1118
1086
1590
233
1179
544
780
542
805
1136
978
1003
922
979
808
1459
707
1237
898
1099
1305
1098
1360
1585
86
1239
801
599
464
998
971
1594
774
994
1045
1400
569
1016
674
739
648
789
1318
676
836
1268
307
921
1134
1033
1534
1581
1171
529
14
114
1007
1111
1382
1491
910
1402
1577
1063
341
1106
1064
1365
933
1233
840
1203
1333
1263
1225
1597
200
557
487
1463
1286
716
758
982
432
619
765
504
536
853
1373
1293
401
932
1500
20
1456
490
1378
358
522
745
376
657
1006
992
484
1474
1137
987
1079
589
1227
746
1279
909
1051
1228
848
821
1501
46
315
442
1454
336
1381
827
1411
1524
53
901
190
1393
995
794
1307
1483
1519
1518
782
1438
1032
1235
318
427
1291
1339
407
724
1290
1121
1024
1131
1181
1030
139
877
1353
440
1444
1302
415
736
1217
884
453
883
727
1478
858
1208
949
1270
786
81
1222
1050
1564
912
885
955
1344
694
483
1231
1442
753
446
1153
1205
1151
942
1546
388
627
436
1266
1084
1569
1301
1075
1200
1446
1494
1316
1008
1517
931
1346
1210
893
831
1092
1473
637
1157
1186
1477
1284
1392
1232
1503
943
329
1147
1294
1547
1357
903
458
1252
1048
1269
1303
349
1334
1421
1216
1567
1506
871
950
868
806
1490
917
974
1105
993
892
1319
1047
98
465
579
1095
866
1122
1401
1298
1404
839
1046
769
573
1372
1538
1146
1439
1255
977
797
1011
422
1405
1561
1036
1511
1531
298
1194
593
1172
1177
1173
662
141
715
1212
1166
1370
1566
451
1565
502
923
1037
1487
1386
1413
1425
1579
554
1059
945
991
1116
742
929
927
818
595
1326
706
1088
519
1429
761
1435
1174
252
1080
584
1498
1549
764
890
956
1261
1276
1427
1313
874
1354
1445
1397
902
1071
1162
1347
833
1190
1598
1448
829
959
1058
1271
568
601
1426
1223
324
1513
1574
1097
1430
1516
962
1164
517
1580
598
1323
1062
1396
1530
240
610
1021
767
1341
1054
1352
506
967
1466
947
1280
1359
1452
1467
1340
1578
1508
1288
741
1133
1369
937
855
1394
1283
1055
1142
1544
1202
1443
470
926
1462
784
964
1522
1085
1484
740
1495
1550
1482
670
1247
612
984
1529
1249
980
1455
1374
1539
1026
1366
1221
924
1583
1563
1349
1398
1129
1492
1295
690
1562
1507
1289
1461
1450
1497
1362
799
588
1532
1434
1226
1367
1250
721
1213
1159
1331
154
1464
1029
1306
1573
351
1526
1109
1251
1465
787
1273
117
1541
1576
1441
722
211
723
1596
1182
1409
1168
1515
1158
1469
691
1277
1376
1407
1191
1552
1471
656
1556
1399
625
1234
1038
1559
441
1060
1327
17
1509
1275
1267
1599
766
1371
620
597
811
1336
301
1389
1496
1013
1238
1368
983
1403
1592
1476
1586
1377
1571
737
1584
509
968
1440
1145
1229
1207
1570
1415
1575
807
1527
1138
1160
1034
1428
1230
1296
1292
437
583
1588
1348
1040
1408
615
1560
1436
1593
1417
1240
793
1528
954
310
1537
918
1493
1557
1000
1328
1553
1568
1087
1416
1542
1510
666
521
1072
1472
1023
1282
1555
1209
1595
712
1028
1315
1274
585
1554
1150
1499
999
1187
1069
1551
1514
1260
1488
1364
941
1423
1300
1383
873
647
1096
1489
1169
1350
1278
755
1387
934
1363
1053
1061
914
1548
1091
1475
1361
1089
1481
1310
768
1589
1324
1128
1265
1536
658
1412
1211
1545
1206
1458
1582
1447
279
1433
1161
1431
1414
1014
1123
1102
1167
1201
1470
1125
1543
895
1512
1214
1081
1126
790
311
930
814
1017
1502
1311
850
928
1342
1156
1558
1520
1253
1068
1178
1218
1285
1385
1144
1587
1535
1243
1343
1056
447
1591
443
1083
726
905
935
1505
639
1039
1066
1395
1375
1468
646
1236
15 19 [0]
11 24 [0]
8 38 [0]
21 33 [0]
26 48 [0]
38 42 [0]
26 60 [0]
42 52 [0]
0 95 [0]
34 64 [0]
23 82 [0]
27 83 [0]
49 62 [0]
7 107 [0]
39 78 [0]
5 113 [0]
10 116 [0]
14 114 [0]
73 74 [0]
60 93 [0]
61 96 [0]
16 146 [0]
22 145 [0]
60 99 [9]
76 95 [0]
42 132 [0]
35 140 [0]
45 131 [0]
38 138 [0]
70 118 [0]
16 177 [0]
7 183 [4]
47 150 [0]
65 146 [0]
68 144 [0]
37 178 [0]
0 215 [0]
38 175 [2]
106 111 [0]
87 135 [0]
92 135 [0]
68 164 [0]
13 220 [0]
16 208 [9]
7 227 [0]
90 147 [0]
96 135 [7]
1 241 [0]
4 241 [0]
89 157 [0]
124 125 [0]
24 227 [0]
89 170 [0]
128 136 [0]
72 196 [0]
12 262 [0]
115 159 [0]
26 246 [4]
125 152 [0]
85 192 [0]
93 187 [0]
34 249 [0]
80 205 [0]
132 158 [0]
137 147 [7]
30 262 [0]
12 279 [5]
100 201 [0]
27 273 [3]
38 268 [0]
4 302 [0]
61 245 [0]
47 261 [0]
30 278 [0]
155 161 [0]
104 215 [0]
24 291 [4]
79 241 [0]
132 184 [4]
121 202 [0]
113 211 [0]
44 281 [0]
55 271 [0]
156 171 [0]
39 291 [0]
47 286 [0]
15 321 [0]
119 218 [0]
28 314 [0]
118 225 [0]
119 224 [0]
83 261 [0]
167 182 [0]
100 249 [0]
21 335 [0]
111 248 [0]
46 315 [0]
87 274 [0]
120 245 [0]
35 332 [0]
150 218 [0]
165 204 [0]
95 273 [1]
33 340 [0]
101 274 [0]
57 319 [0]
50 327 [0]
85 293 [0]
102 277 [0]
63 316 [0]
167 219 [0]
143 246 [0]
133 256 [0]
89 301 [0]
62 318 [10]
113 278 [0]
12 380 [0]
67 327 [0]
72 322 [0]
100 286 [9]
156 239 [1]
11 385 [0]
174 223 [0]
168 229 [0]
110 289 [0]
66 333 [0]
56 346 [0]
197 210 [0]
123 285 [0]
93 308 [7]
183 220 [6]
188 221 [0]
140 271 [0]
9 403 [0]
45 367 [0]
87 325 [0]
18 394 [0]
201 212 [0]
84 330 [0]
133 282 [2]
60 357 [2]
101 321 [0]
127 295 [0]
131 285 [7]
72 350 [4]
99 328 [0]
72 348 [7]
11 417 [0]
183 251 [0]
166 269 [0]
92 343 [0]
194 243 [0]
80 359 [0]
94 348 [0]
43 400 [0]
179 264 [0]
187 259 [0]
77 369 [0]
186 262 [0]
204 244 [0]
162 286 [0]
223 227 [0]
149 303 [0]
216 241 [0]
158 296 [4]
159 292 [7]
75 384 [0]
52 408 [0]
136 315 [10]
66 397 [0]
134 327 [2]
184 271 [9]
65 402 [0]
113 351 [6]
70 392 [9]
228 244 [0]
231 241 [0]
169 305 [0]
142 333 [0]
46 422 [7]
57 412 [7]
27 456 [0]
52 431 [5]
102 387 [0]
9 476 [4]
85 396 [9]
189 302 [0]
30 461 [1]
50 444 [0]
194 300 [0]
197 293 [4]
57 439 [0]
210 288 [0]
49 452 [0]
107 397 [0]
172 334 [0]
164 345 [0]
145 364 [0]
11 497 [2]
136 375 [0]
87 426 [2]
33 476 [7]
129 387 [0]
144 374 [0]
148 373 [0]
187 335 [0]
0 516 [7]
257 266 [0]
124 400 [0]
18 507 [0]
56 458 [11]
29 499 [0]
160 370 [0]
30 502 [0]
83 449 [0]
256 277 [0]
151 380 [2]
101 435 [0]
164 369 [5]
182 357 [0]
67 474 [0]
1 541 [0]
156 386 [0]
54 489 [0]
88 455 [0]
14 529 [0]
126 418 [0]
186 359 [0]
18 528 [0]
27 518 [1]
138 399 [9]
36 510 [0]
267 283 [0]
223 328 [0]
174 379 [0]
263 291 [0]
201 357 [0]
269 289 [0]
202 356 [0]
152 406 [3]
62 500 [0]
98 465 [0]
170 384 [9]
183 381 [0]
110 455 [0]
182 386 [0]
255 314 [0]
93 475 [4]
54 523 [0]
126 454 [0]
136 444 [1]
241 341 [0]
44 538 [0]
175 408 [0]
6 577 [0]
222 366 [0]
21 561 [7]
243 346 [0]
71 518 [0]
138 452 [0]
142 449 [0]
211 379 [1]
49 541 [1]
49 543 [0]
203 390 [0]
268 328 [0]
205 393 [0]
234 364 [0]
71 528 [0]
51 548 [0]
167 430 [4]
16 587 [0]
250 354 [0]
58 546 [0]
35 565 [4]
203 404 [0]
70 537 [0]
147 461 [0]
62 547 [0]
215 393 [2]
211 400 [1]
277 335 [1]
9 598 [6]
185 429 [0]
272 342 [0]
297 317 [0]
272 344 [0]
236 383 [0]
232 380 [7]
292 331 [0]
104 514 [7]
282 344 [0]
32 594 [0]
2 624 [0]
15 612 [0]
27 600 [1]
11 609 [9]
83 547 [0]
268 362 [0]
52 580 [0]
245 384 [3]
112 520 [0]
231 402 [0]
10 613 [10]
222 412 [0]
177 455 [2]
69 566 [0]
308 328 [0]
18 613 [5]
136 501 [0]
85 553 [0]
281 357 [0]
3 635 [0]
115 525 [0]
250 390 [0]
285 355 [0]
83 559 [0]
29 614 [0]
287 356 [0]
170 474 [0]
68 572 [4]
289 356 [0]
202 444 [1]
22 626 [0]
133 515 [0]
218 422 [10]
80 570 [0]
123 528 [0]
196 456 [0]
217 435 [0]
69 573 [11]
36 618 [0]
55 600 [0]
66 590 [0]
104 552 [0]
76 582 [0]
270 389 [0]
97 562 [0]
90 570 [0]
308 352 [0]
295 356 [9]
130 530 [0]
323 338 [0]
129 533 [0]
255 407 [0]
261 399 [2]
273 390 [0]
227 438 [0]
237 428 [0]
59 607 [0]
74 592 [0]
293 374 [0]
119 547 [3]
198 472 [0]
78 584 [8]
22 651 [0]
109 565 [0]
78 596 [0]
69 607 [0]
294 382 [0]
337 340 [0]
305 370 [2]
273 405 [0]
230 448 [0]
24 653 [1]
263 418 [0]
265 417 [0]
289 393 [0]
202 470 [11]
325 357 [1]
99 586 [0]
223 455 [7]
171 515 [0]
290 398 [0]
164 525 [0]
87 602 [1]
129 563 [0]
238 454 [0]
300 392 [0]
217 476 [0]
15 679 [0]
305 390 [1]
173 525 [0]
82 621 [0]
21 678 [4]
71 631 [2]
323 383 [0]
59 644 [4]
57 650 [0]
108 600 [0]
63 637 [8]
272 433 [5]
8 705 [0]
235 479 [0]
285 419 [10]
164 551 [6]
112 600 [9]
337 377 [7]
185 537 [0]
343 380 [0]
168 545 [11]
105 618 [1]
219 505 [0]
260 466 [0]
121 606 [0]
185 542 [0]
126 603 [0]
251 478 [0]
15 712 [2]
274 456 [0]
220 509 [1]
71 660 [0]
306 426 [0]
73 660 [0]
141 592 [0]
322 412 [0]
7 722 [5]
239 495 [0]
182 553 [0]
30 701 [7]
212 521 [5]
57 682 [0]
237 503 [0]
206 535 [0]
280 463 [0]
176 567 [0]
318 427 [0]
337 399 [9]
106 640 [0]
170 577 [0]
237 502 [8]
80 663 [5]
319 429 [0]
285 460 [6]
334 417 [0]
362 388 [1]
217 539 [0]
273 483 [0]
338 418 [0]
247 510 [0]
315 442 [0]
126 626 [5]
123 635 [0]
368 390 [0]
65 689 [4]
226 534 [0]
87 674 [0]
131 630 [0]
75 686 [0]
119 636 [7]
362 393 [7]
203 554 [6]
149 616 [0]
323 443 [0]
134 632 [0]
314 456 [0]
278 483 [10]
110 658 [3]
142 622 [7]
52 720 [0]
294 478 [0]
335 435 [3]
82 692 [0]
171 603 [0]
47 720 [7]
289 481 [4]
159 616 [0]
183 585 [9]
217 560 [0]
94 674 [9]
134 644 [0]
228 550 [0]
196 585 [0]
307 474 [0]
151 631 [0]
7 768 [8]
373 410 [0]
264 520 [0]
232 547 [7]
203 574 [9]
37 743 [6]
92 696 [0]
287 501 [0]
138 651 [0]
340 450 [1]
375 416 [0]
111 680 [0]
368 424 [0]
121 672 [0]
11 775 [7]
171 623 [0]
212 582 [0]
23 771 [0]
135 652 [7]
299 497 [0]
69 728 [0]
373 424 [0]
0 790 [8]
287 510 [2]
248 551 [0]
9 791 [0]
146 654 [0]
342 459 [0]
148 653 [0]
25 776 [0]
278 517 [6]
280 514 [8]
116 687 [0]
365 438 [0]
141 662 [0]
85 712 [8]
196 610 [0]
148 648 [10]
157 650 [0]
151 651 [6]
74 735 [0]
276 533 [0]
281 529 [0]
237 567 [6]
391 420 [0]
158 655 [0]
332 481 [0]
398 417 [0]
66 750 [0]
268 548 [0]
391 425 [0]
69 745 [3]
66 747 [4]
406 412 [0]
249 570 [0]
31 788 [0]
122 697 [0]
354 466 [0]
372 448 [0]
157 661 [2]
172 649 [0]
182 633 [6]
135 684 [3]
131 687 [5]
0 824 [0]
339 485 [0]
123 697 [5]
164 658 [3]
347 481 [0]
197 626 [5]
79 751 [0]
338 492 [0]
267 563 [0]
28 804 [0]
140 692 [0]
107 721 [5]
56 772 [5]
323 503 [7]
234 602 [0]
181 655 [0]
72 758 [7]
123 718 [0]
205 637 [0]
183 655 [4]
345 499 [0]
193 654 [0]
335 510 [2]
344 504 [0]
332 506 [11]
393 457 [0]
240 610 [0]
184 667 [0]
88 763 [0]
325 527 [0]
187 666 [0]
327 521 [5]
314 535 [4]
177 677 [0]
175 680 [0]
325 530 [0]
96 759 [0]
63 784 [8]
337 518 [0]
312 543 [0]
277 576 [2]
316 540 [0]
141 715 [0]
408 442 [6]
192 664 [0]
147 709 [1]
9 842 [7]
90 758 [10]
370 488 [0]
190 660 [10]
159 697 [4]
1 860 [0]
59 799 [3]
75 787 [0]
357 505 [0]
99 764 [0]
66 797 [0]
233 630 [0]
333 526 [4]
395 468 [0]
424 439 [0]
136 717 [10]
309 555 [0]
201 658 [5]
263 600 [4]
81 786 [0]
102 766 [0]
105 763 [0]
238 630 [0]
135 734 [0]
430 439 [0]
77 792 [0]
169 703 [0]
40 834 [0]
80 795 [0]
311 555 [9]
134 742 [0]
168 708 [0]
359 512 [6]
73 794 [10]
124 743 [10]
11 861 [7]
381 498 [0]
304 576 [0]
358 522 [0]
221 660 [0]
365 516 [0]
135 736 [10]
177 705 [0]
187 695 [0]
371 513 [0]
10 874 [1]
47 839 [0]
193 693 [0]
260 626 [0]
313 574 [0]
192 691 [5]
234 653 [3]
304 587 [0]
185 705 [1]
56 837 [0]
232 655 [6]
193 701 [0]
115 773 [6]
426 471 [0]
293 593 [11]
425 473 [0]
29 858 [11]
399 500 [0]
102 798 [0]
63 837 [0]
26 867 [7]
263 635 [3]
36 866 [0]
445 457 [0]
91 813 [0]
433 471 [0]
27 868 [10]
226 679 [0]
288 617 [0]
179 730 [0]
361 548 [0]
249 658 [5]
272 636 [5]
149 765 [0]
259 655 [0]
271 633 [10]
137 781 [0]
148 771 [0]
147 774 [0]
109 812 [0]
40 882 [0]
224 698 [0]
385 538 [0]
386 528 [9]
37 887 [0]
212 712 [0]
241 681 [2]
166 759 [0]
38 879 [9]
128 798 [0]
303 614 [9]
395 531 [0]
222 705 [0]
79 842 [7]
124 805 [0]
347 582 [0]
396 535 [0]
52 868 [11]
119 807 [6]
113 815 [4]
232 701 [0]
211 722 [0]
299 634 [0]
196 734 [4]
131 804 [0]
293 643 [0]
295 641 [0]
254 684 [0]
2 938 [0]
33 907 [0]
238 699 [3]
255 686 [0]
411 530 [0]
140 796 [5]
167 764 [11]
397 546 [0]
46 890 [7]
181 763 [0]
249 695 [0]
97 849 [0]
194 749 [3]
323 618 [9]
83 863 [4]
347 598 [8]
176 777 [0]
53 901 [0]
378 577 [0]
186 770 [0]
45 901 [11]
207 750 [0]
422 525 [11]
455 494 [9]
43 915 [0]
397 562 [0]
461 489 [9]
48 913 [0]
208 756 [0]
356 609 [0]
454 511 [0]
428 530 [7]
270 696 [0]
452 507 [7]
303 664 [0]
334 633 [0]
10 946 [11]
3 965 [0]
221 747 [0]
389 580 [0]
413 556 [0]
333 639 [0]
459 513 [0]
186 787 [0]
24 943 [6]
10 961 [3]
87 879 [9]
294 671 [10]
342 631 [2]
431 545 [0]
310 660 [8]
151 821 [6]
459 518 [1]
6 973 [0]
128 844 [7]
43 934 [2]
372 609 [0]
386 586 [9]
489 493 [0]
176 796 [10]
274 709 [0]
359 624 [0]
362 612 [9]
72 904 [7]
134 850 [1]
67 919 [0]
333 644 [9]
48 935 [3]
426 562 [0]
276 713 [0]
43 944 [3]
357 627 [6]
131 848 [11]
445 542 [3]
118 865 [7]
247 744 [0]
375 609 [7]
94 892 [5]
273 712 [8]
238 746 [11]
174 816 [5]
100 888 [7]
489 504 [3]
193 804 [0]
337 661 [0]
85 907 [6]
148 845 [5]
355 644 [0]
433 562 [5]
468 527 [5]
149 847 [4]
266 735 [0]
411 590 [0]
59 931 [11]
68 923 [11]
277 726 [0]
305 698 [0]
255 747 [1]
189 816 [0]
393 601 [11]
62 937 [6]
49 948 [9]
184 822 [0]
405 600 [2]
179 829 [0]
162 847 [0]
79 931 [0]
411 599 [0]
44 968 [0]
138 867 [7]
51 961 [0]
75 938 [0]
385 621 [7]
188 818 [8]
139 877 [0]
142 875 [0]
23 992 [3]
237 782 [0]
435 584 [0]
437 580 [3]
241 775 [4]
360 661 [0]
387 632 [2]
505 506 [11]
186 837 [0]
84 944 [0]
350 678 [0]
214 815 [0]
101 922 [7]
198 832 [0]
12 1008 [10]
342 680 [9]
362 669 [0]
79 953 [0]
164 861 [7]
93 929 [11]
376 657 [0]
338 696 [0]
432 592 [10]
227 803 [4]
335 700 [0]
485 551 [0]
213 824 [0]
80 959 [0]
151 888 [0]
196 844 [0]
168 871 [1]
133 906 [1]
92 944 [4]
169 862 [9]
175 860 [6]
387 646 [8]
68 974 [0]
404 638 [0]
471 568 [3]
179 854 [10]
173 870 [0]
359 679 [5]
257 787 [0]
465 579 [0]
487 557 [0]
498 546 [0]
149 891 [4]
63 971 [11]
517 518 [11]
499 543 [6]
439 610 [1]
432 619 [0]
201 843 [7]
87 965 [0]
153 899 [0]
64 989 [0]
419 635 [0]
447 607 [2]
345 711 [0]
196 853 [7]
478 579 [0]
92 955 [10]
511 548 [0]
284 775 [0]
178 882 [0]
256 804 [0]
367 693 [0]
346 715 [0]
108 953 [0]
121 938 [2]
505 553 [4]
370 693 [0]
464 599 [0]
219 833 [11]
436 627 [0]
137 927 [0]
411 654 [0]
56 1009 [0]
507 559 [0]
60 1002 [4]
45 1018 [3]
474 583 [11]
379 688 [3]
234 837 [0]
359 702 [10]
18 1056 [0]
207 867 [0]
34 1041 [0]
511 564 [0]
403 672 [0]
8 1062 [6]
389 688 [0]
418 658 [2]
253 825 [0]
361 717 [0]
267 812 [0]
123 952 [4]
134 947 [0]
280 802 [0]
44 1032 [6]
32 1051 [0]
135 940 [9]
399 685 [0]
354 731 [0]
192 888 [5]
23 1055 [8]
6 1081 [0]
80 1000 [8]
392 697 [0]
356 729 [4]
297 792 [0]
325 759 [5]
231 848 [10]
162 928 [0]
356 724 [10]
419 671 [0]
510 581 [0]
242 849 [0]
190 901 [0]
10 1082 [0]
195 897 [0]
7 1079 [6]
474 612 [6]
121 968 [5]
455 631 [9]
477 621 [0]
494 604 [0]
22 1078 [0]
215 886 [0]
330 772 [0]
287 811 [5]
494 609 [0]
540 563 [0]
501 600 [2]
118 978 [7]
4 1101 [0]
350 755 [0]
137 970 [0]
466 642 [0]
195 913 [0]
246 862 [0]
39 1062 [8]
160 952 [0]
542 560 [10]
164 943 [6]
68 1046 [0]
314 799 [1]
342 763 [9]
198 917 [0]
367 749 [0]
316 791 [9]
164 953 [0]
410 705 [2]
45 1070 [3]
410 709 [0]
295 821 [3]
114 1007 [0]
376 745 [0]
378 744 [0]
101 1011 [10]
322 800 [0]
399 724 [0]
216 908 [0]
296 828 [0]
92 1026 [6]
479 645 [0]
59 1065 [0]
132 990 [4]
486 640 [0]
438 689 [0]
151 976 [0]
128 997 [2]
109 1017 [2]
380 750 [0]
450 680 [0]
407 724 [0]
107 1025 [0]
515 617 [0]
10 1119 [3]
333 800 [0]
188 940 [5]
501 633 [0]
251 884 [0]
106 1030 [0]
468 668 [0]
518 611 [7]
76 1061 [0]
164 973 [0]
473 656 [8]
129 1001 [7]
80 1047 [11]
435 703 [0]
120 1018 [0]
486 653 [0]
164 971 [6]
160 979 [3]
430 701 [11]
385 758 [0]
434 709 [0]
322 812 [9]
553 590 [0]
6 1133 [5]
283 862 [0]
239 906 [0]
398 739 [8]
476 669 [0]
98 1047 [0]
99 1041 [6]
177 964 [6]
433 714 [0]
103 1044 [0]
452 686 [9]
512 636 [0]
157 982 [10]
205 940 [4]
454 696 [0]
42 1101 [7]
32 1119 [0]
415 736 [0]
163 988 [0]
114 1030 [8]
393 753 [6]
475 678 [0]
567 587 [0]
185 960 [9]
560 594 [0]
369 785 [0]
545 611 [0]
6 1141 [9]
203 954 [0]
81 1065 [11]
323 830 [5]
412 738 [8]
499 653 [7]
124 1036 [0]
27 1124 [9]
430 724 [8]
261 900 [2]
247 917 [0]
507 650 [7]
328 837 [0]
381 784 [0]
382 783 [0]
126 1040 [0]
318 837 [11]
500 667 [0]
546 620 [1]
239 926 [3]
139 1030 [0]
303 857 [9]
568 601 [0]
331 838 [0]
527 643 [0]
79 1092 [0]
575 596 [0]
220 952 [0]
356 812 [4]
370 803 [0]
459 710 [4]
455 714 [5]
249 926 [0]
165 1010 [0]
273 895 [8]
382 795 [0]
395 782 [0]
433 744 [0]
483 694 [0]
13 1165 [0]
425 747 [6]
571 608 [0]
268 911 [0]
226 945 [9]
402 775 [4]
49 1125 [8]
532 652 [0]
444 734 [7]
33 1142 [11]
364 823 [0]
390 788 [9]
521 666 [0]
359 829 [0]
363 826 [0]
508 681 [0]
485 703 [2]
172 1014 [4]
16 1165 [9]
378 809 [4]
384 807 [1]
66 1121 [6]
38 1150 [5]
3 1186 [5]
531 663 [0]
92 1103 [0]
327 859 [9]
257 940 [0]
463 734 [0]
390 803 [4]
155 1043 [0]
104 1095 [0]
313 886 [0]
504 692 [3]
446 753 [0]
355 845 [0]
192 1000 [8]
293 906 [2]
431 761 [9]
234 963 [5]
282 920 [0]
449 754 [0]
530 670 [3]
574 629 [0]
106 1094 [4]
390 805 [10]
368 838 [0]
343 856 [7]
337 865 [5]
378 818 [11]
178 1030 [0]
71 1131 [6]
19 1189 [0]
183 1026 [0]
169 1041 [0]
430 780 [0]
493 707 [10]
350 861 [0]
313 899 [0]
236 976 [0]
179 1034 [0]
269 944 [0]
469 744 [0]
45 1169 [0]
430 776 [8]
578 636 [1]
385 820 [10]
375 841 [0]
171 1046 [0]
196 1021 [0]
597 620 [0]
479 729 [10]
551 661 [6]
308 911 [0]
45 1166 [8]
179 1032 [8]
450 770 [0]
146 1064 [10]
151 1068 [1]
547 669 [4]
128 1087 [5]
468 753 [0]
148 1062 [11]
0 1222 [0]
121 1094 [9]
25 1199 [0]
405 819 [0]
598 627 [0]
140 1076 [9]
562 655 [9]
431 797 [0]
283 938 [7]
307 921 [0]
258 970 [0]
36 1193 [0]
568 661 [0]
187 1039 [3]
127 1103 [0]
592 638 [0]
201 1022 [7]
113 1113 [4]
126 1102 [2]
498 733 [0]
547 684 [0]
383 843 [5]
371 860 [0]
396 835 [0]
228 1002 [3]
229 1005 [0]
537 696 [2]
246 978 [11]
219 1017 [0]
370 866 [0]
347 889 [0]
254 977 [6]
198 1032 [8]
38 1201 [0]
539 700 [0]
402 831 [6]
578 663 [0]
130 1112 [0]
347 884 [11]
254 989 [0]
378 855 [11]
425 811 [8]
61 1184 [0]
284 963 [0]
611 636 [0]
162 1078 [7]
389 854 [5]
65 1177 [6]
47 1202 [0]
292 957 [0]
473 777 [0]
158 1086 [6]
277 966 [7]
15 1235 [1]
302 950 [1]
626 628 [0]
308 944 [3]
241 1010 [4]
613 643 [0]
171 1083 [2]
501 745 [10]
567 685 [4]
238 1017 [2]
332 925 [0]
48 1199 [10]
181 1077 [0]
599 657 [2]
537 715 [6]
121 1130 [7]
36 1217 [6]
137 1122 [1]
580 681 [0]
304 951 [6]
158 1092 [11]
430 832 [0]
590 669 [3]
433 830 [0]
310 954 [0]
365 895 [4]
293 965 [6]
514 750 [0]
474 788 [2]
46 1212 [7]
326 939 [0]
602 665 [0]
522 745 [0]
504 765 [0]
599 666 [4]
406 865 [0]
446 825 [0]
591 680 [0]
606 665 [0]
197 1063 [11]
18 1251 [3]
340 922 [10]
329 943 [0]
547 728 [0]
101 1164 [10]
356 909 [10]
580 689 [7]
339 938 [0]
444 834 [0]
390 886 [2]
389 890 [0]
562 710 [7]
163 1118 [0]
614 667 [0]
472 801 [8]
607 667 [7]
203 1074 [4]
386 897 [0]
150 1134 [0]
528 756 [0]
359 926 [0]
191 1094 [0]
300 975 [10]
472 814 [0]
314 964 [8]
29 1258 [0]
144 1143 [0]
99 1187 [1]
31 1256 [0]
113 1168 [6]
423 865 [0]
499 783 [6]
479 803 [6]
15 1274 [0]
344 945 [0]
201 1090 [0]
289 992 [10]
533 756 [2]
352 939 [0]
57 1235 [0]
256 1036 [0]
631 661 [0]
94 1199 [0]
124 1168 [1]
227 1067 [0]
492 802 [0]
630 665 [0]
512 777 [6]
92 1194 [10]
321 975 [0]
253 1044 [0]
633 654 [11]
338 961 [0]
42 1259 [0]
460 841 [0]
536 765 [0]
555 737 [9]
593 698 [10]
275 1027 [0]
81 1222 [0]
223 1070 [10]
95 1209 [0]
471 834 [0]
380 926 [0]
498 803 [5]
24 1274 [8]
62 1245 [0]
366 932 [9]
491 817 [0]
141 1166 [1]
551 757 [0]
568 741 [0]
561 748 [0]
72 1236 [1]
91 1219 [0]
148 1162 [0]
537 767 [6]
515 790 [5]
149 1154 [7]
629 681 [0]
59 1252 [0]
87 1224 [3]
254 1051 [10]
577 739 [0]
58 1259 [0]
576 731 [10]
5 1312 [0]
103 1215 [0]
295 1018 [5]
431 889 [0]
551 763 [6]
346 975 [0]
627 694 [0]
655 659 [7]
467 854 [0]
542 780 [0]
428 894 [0]
503 808 [11]
287 1036 [0]
632 691 [0]
229 1095 [0]
498 826 [0]
544 780 [0]
71 1254 [0]
86 1239 [0]
231 1094 [0]
186 1135 [5]
5 1322 [0]
511 807 [9]
104 1224 [0]
409 920 [0]
73 1253 [3]
228 1102 [0]
423 907 [0]
461 870 [0]
471 854 [6]
337 995 [0]
464 867 [1]
252 1080 [0]
541 791 [0]
401 932 [0]
369 964 [0]
496 837 [0]
542 791 [0]
629 704 [0]
400 922 [11]
482 851 [0]
479 844 [10]
543 791 [0]
524 810 [0]
632 703 [0]
526 809 [0]
623 703 [9]
33 1303 [0]
287 1049 [0]
453 883 [0]
507 819 [10]
500 826 [10]
462 875 [0]
634 703 [0]
224 1102 [11]
453 884 [0]
60 1272 [7]
42 1291 [6]
175 1165 [0]
188 1152 [0]
60 1271 [11]
573 769 [0]
500 843 [0]
618 725 [0]
228 1104 [11]
132 1205 [6]
106 1229 [8]
34 1310 [0]
17 1327 [0]
93 1252 [0]
535 810 [0]
488 852 [5]
242 1103 [0]
247 1092 [6]
213 1132 [0]
40 1299 [6]
523 823 [0]
403 937 [6]
542 805 [0]
281 1055 [11]
66 1282 [0]
649 699 [0]
218 1121 [10]
86 1261 [2]
390 954 [5]
14 1336 [0]
100 1250 [0]
129 1221 [0]
250 1100 [0]
493 857 [0]
473 874 [3]
6 1343 [3]
177 1167 [8]
503 847 [3]
1 1341 [11]
343 1000 [11]
671 674 [9]
391 957 [6]
451 897 [6]
600 748 [7]
137 1219 [0]
382 967 [8]
182 1164 [11]
2 1344 [11]
410 948 [0]
667 688 [3]
5 1354 [0]
558 802 [0]
469 891 [0]
375 986 [0]
458 903 [0]
464 887 [10]
334 1019 [8]
600 758 [6]
550 813 [3]
666 699 [2]
335 1033 [0]
420 948 [0]
313 1052 [4]
430 930 [9]
132 1229 [8]
230 1141 [0]
643 728 [0]
556 815 [0]
147 1225 [0]
321 1050 [1]
296 1077 [0]
467 907 [0]
333 1034 [8]
596 776 [3]
604 771 [0]
117 1259 [0]
608 768 [0]
418 950 [8]
439 938 [0]
581 796 [0]
476 901 [1]
619 750 [9]
390 978 [10]
140 1239 [0]
39 1338 [3]
643 736 [1]
125 1253 [2]
480 900 [0]
671 705 [5]
90 1292 [0]
187 1187 [8]
376 1006 [0]
640 743 [0]
259 1124 [0]
152 1223 [8]
484 889 [11]
619 765 [0]
34 1351 [0]
49 1336 [0]
273 1103 [9]
54 1332 [0]
63 1323 [0]
467 919 [0]
312 1074 [0]
527 860 [0]
588 799 [0]
648 739 [0]
552 835 [0]
634 754 [0]
590 795 [3]
327 1051 [10]
519 870 [0]
536 853 [0]
561 828 [0]
117 1273 [0]
383 1007 [0]
593 792 [5]
486 900 [4]
259 1132 [0]
366 1025 [0]
212 1175 [4]
288 1101 [3]
166 1220 [6]
392 1001 [0]
576 817 [0]
506 884 [3]
209 1185 [0]
130 1265 [0]
378 1017 [0]
1 1389 [5]
391 993 [11]
470 926 [0]
195 1202 [0]
332 1065 [0]
534 863 [0]
418 980 [0]
465 929 [4]
114 1277 [7]
215 1177 [6]
162 1238 [0]
561 834 [5]
599 801 [0]
609 784 [8]
682 719 [0]
550 851 [0]
143 1259 [0]
543 850 [9]
341 1063 [0]
9 1387 [8]
469 936 [0]
650 757 [0]
214 1193 [0]
260 1146 [1]
78 1330 [0]
238 1162 [8]
360 1049 [0]
420 989 [0]
647 754 [8]
387 1020 [2]
179 1230 [1]
489 923 [0]
233 1179 [0]
595 818 [0]
193 1218 [2]
558 849 [6]
130 1275 [8]
97 1317 [0]
432 982 [0]
671 743 [0]
192 1217 [6]
626 790 [0]
400 1008 [8]
224 1189 [4]
34 1375 [8]
166 1244 [8]
216 1197 [5]
205 1215 [0]
376 1040 [4]
374 1043 [4]
497 925 [0]
284 1129 [9]
516 907 [0]
275 1148 [0]
11 1413 [0]
35 1389 [0]
159 1256 [9]
394 1031 [0]
502 923 [0]
698 727 [0]
518 901 [6]
252 1174 [0]
172 1254 [0]
618 809 [0]
31 1393 [3]
671 748 [8]
517 907 [5]
409 1020 [0]
129 1295 [6]
524 905 [1]
606 825 [0]
572 859 [0]
663 764 [5]
422 1011 [0]
575 859 [0]
591 844 [0]
618 814 [3]
345 1089 [1]
191 1245 [0]
648 789 [0]
292 1146 [0]
630 808 [0]
681 757 [0]
314 1116 [8]
546 893 [0]
647 792 [0]
391 1044 [4]
323 1117 [0]
360 1080 [0]
152 1289 [0]
511 919 [11]
199 1244 [0]
619 822 [3]
226 1217 [1]
594 852 [0]
538 905 [3]
280 1157 [9]
575 872 [0]
323 1119 [5]
547 901 [0]
425 1018 [5]
127 1314 [7]
348 1100 [0]
225 1224 [0]
561 888 [0]
241 1204 [4]
150 1291 [10]
42 1410 [0]
293 1156 [3]
258 1195 [0]
97 1357 [0]
239 1215 [0]
537 908 [9]
0 1444 [10]
208 1246 [0]
360 1096 [0]
408 1048 [0]
93 1352 [11]
379 1077 [0]
59 1394 [3]
467 988 [1]
78 1379 [0]
165 1292 [0]
567 886 [4]
153 1304 [0]
266 1192 [0]
160 1299 [0]
230 1221 [8]
478 980 [1]
245 1211 [4]
115 1341 [5]
66 1387 [8]
158 1293 [10]
464 998 [0]
220 1239 [3]
65 1395 [3]
559 904 [0]
461 991 [11]
530 934 [0]
699 761 [5]
33 1427 [6]
385 1082 [0]
156 1312 [0]
214 1254 [0]
54 1411 [3]
28 1441 [0]
101 1368 [0]
381 1087 [1]
538 928 [3]
28 1442 [0]
12 1459 [0]
608 855 [9]
337 1130 [5]
104 1363 [5]
506 967 [0]
653 813 [7]
122 1351 [0]
389 1083 [1]
685 788 [0]
716 758 [0]
732 743 [0]
195 1275 [5]
329 1147 [0]
725 751 [0]
113 1352 [11]
20 1456 [0]
484 992 [0]
462 1015 [0]
475 1002 [0]
274 1204 [0]
286 1192 [0]
476 993 [9]
15 1455 [9]
307 1171 [1]
119 1356 [4]
452 1021 [6]
633 846 [0]
413 1067 [0]
499 981 [0]
385 1087 [8]
500 981 [0]
134 1340 [8]
430 1045 [8]
101 1373 [10]
452 1033 [0]
154 1331 [0]
399 1084 [3]
74 1413 [0]
238 1245 [6]
710 779 [0]
523 964 [3]
447 1044 [0]
478 1013 [0]
473 1016 [3]
325 1162 [5]
683 810 [0]
357 1132 [4]
403 1091 [0]
616 878 [0]
70 1425 [0]
129 1366 [0]
568 926 [1]
392 1100 [3]
72 1413 [10]
480 1014 [1]
288 1198 [10]
44 1446 [6]
7 1484 [5]
235 1262 [0]
118 1380 [0]
243 1247 [8]
239 1260 [0]
402 1097 [0]
112 1388 [0]
42 1451 [7]
520 976 [4]
327 1165 [9]
387 1108 [7]
66 1425 [11]
185 1306 [11]
157 1346 [0]
543 960 [0]
602 890 [11]
403 1095 [6]
18 1486 [0]
567 938 [0]
36 1463 [6]
102 1397 [6]
548 946 [11]
24 1482 [0]
160 1346 [0]
486 1015 [5]
503 995 [8]
259 1238 [9]
58 1438 [11]
379 1126 [2]
428 1080 [0]
739 769 [0]
217 1290 [1]
346 1151 [11]
642 866 [1]
541 962 [6]
424 1085 [1]
695 816 [0]
127 1383 [1]
555 957 [0]
676 836 [0]
141 1370 [1]
497 1016 [0]
668 845 [0]
123 1384 [6]
197 1317 [0]
450 1065 [0]
111 1405 [0]
512 1004 [0]
649 867 [0]
357 1160 [0]
57 1453 [7]
274 1244 [0]
503 1015 [0]
685 833 [0]
173 1346 [0]
20 1500 [0]
606 913 [1]
715 801 [5]
702 820 [0]
267 1253 [2]
340 1177 [6]
250 1262 [11]
578 941 [4]
37 1487 [0]
667 857 [0]
672 852 [0]
59 1462 [3]
128 1390 [7]
74 1452 [0]
48 1479 [0]
589 938 [0]
92 1425 [10]
628 899 [0]
3 1522 [2]
651 878 [0]
673 856 [0]
274 1249 [6]
426 1092 [11]
216 1314 [0]
412 1118 [0]
421 1110 [0]
623 908 [0]
686 846 [0]
290 1242 [0]
673 849 [10]
327 1199 [7]
481 1052 [0]
281 1253 [0]
614 920 [0]
485 1049 [0]
433 1092 [9]
220 1315 [0]
367 1168 [0]
84 1447 [4]
356 1168 [11]
688 846 [1]
410 1116 [11]
726 810 [1]
50 1476 [11]
444 1086 [7]
591 947 [0]
687 851 [0]
50 1482 [6]
502 1037 [0]
370 1170 [0]
19 1522 [0]
203 1338 [0]
524 1017 [0]
744 792 [5]
572 968 [1]
344 1186 [11]
576 966 [0]
206 1337 [0]
57 1479 [7]
10 1523 [11]
760 785 [0]
567 979 [0]
49 1498 [0]
324 1223 [0]
665 876 [6]
46 1501 [0]
241 1297 [10]
721 820 [7]
273 1276 [0]
429 1109 [11]
689 861 [0]
37 1514 [0]
118 1433 [0]
323 1223 [5]
233 1316 [2]
759 784 [9]
463 1080 [9]
725 821 [6]
318 1235 [0]
693 859 [1]
297 1257 [0]
55 1500 [0]
205 1350 [0]
133 1414 [8]
67 1478 [10]
205 1351 [0]
215 1341 [0]
461 1090 [6]
29 1529 [0]
244 1314 [0]
113 1446 [0]
659 900 [0]
649 899 [11]
598 960 [1]
95 1454 [10]
167 1393 [0]
718 843 [0]
550 1003 [8]
343 1208 [10]
754 802 [5]
744 819 [0]
305 1253 [5]
575 989 [0]
143 1413 [8]
541 1024 [0]
647 919 [0]
178 1387 [1]
304 1257 [6]
534 1025 [8]
596 973 [0]
52 1517 [0]
179 1390 [0]
439 1130 [0]
683 886 [0]
603 966 [0]
752 817 [0]
370 1200 [0]
599 971 [0]
65 1506 [0]
134 1436 [1]
582 979 [10]
93 1479 [0]
535 1034 [3]
264 1308 [0]
457 1115 [0]
694 871 [7]
392 1178 [2]
474 1099 [0]
717 856 [0]
176 1389 [8]
231 1331 [11]
677 896 [0]
785 789 [0]
266 1297 [11]
155 1411 [8]
356 1219 [0]
475 1100 [0]
548 1027 [0]
307 1268 [0]
371 1197 [7]
698 878 [0]
4 1563 [9]
53 1524 [0]
347 1229 [1]
11 1567 [0]
692 879 [7]
66 1506 [6]
208 1362 [8]
766 812 [1]
551 1027 [1]
290 1280 [9]
700 878 [1]
758 815 [8]
80 1491 [10]
91 1491 [0]
752 830 [0]
89 1488 [5]
698 882 [2]
190 1393 [0]
600 978 [6]
569 1016 [0]
645 940 [0]
547 1039 [0]
518 1066 [3]
113 1476 [0]
291 1299 [0]
34 1550 [6]
165 1417 [9]
729 857 [5]
344 1237 [10]
253 1332 [6]
247 1342 [3]
250 1341 [2]
521 1072 [0]
631 953 [9]
178 1416 [0]
20 1571 [4]
145 1443 [8]
95 1492 [11]
446 1153 [0]
331 1267 [1]
348 1250 [2]
227 1368 [5]
720 881 [0]
721 878 [2]
714 888 [0]
480 1123 [0]
731 872 [0]
411 1191 [1]
537 1065 [2]
417 1188 [0]
120 1481 [4]
257 1347 [1]
751 848 [6]
484 1110 [11]
770 833 [3]
360 1247 [0]
519 1088 [0]
637 970 [0]
640 967 [0]
274 1327 [6]
168 1438 [1]
653 943 [11]
359 1239 [10]
257 1342 [9]
477 1122 [9]
608 1001 [0]
719 889 [1]
524 1079 [6]
166 1444 [0]
346 1264 [0]
223 1385 [2]
727 883 [0]
472 1139 [0]
348 1261 [2]
263 1349 [0]
520 1093 [0]
554 1059 [0]
407 1207 [0]
679 926 [9]
780 835 [0]
562 1049 [4]
113 1497 [6]
225 1381 [10]
798 819 [0]
154 1464 [0]
710 908 [0]
222 1397 [0]
545 1072 [2]
254 1358 [7]
695 923 [1]
562 1058 [0]
488 1133 [0]
809 812 [0]
125 1497 [0]
297 1325 [0]
202 1412 [8]
591 1028 [4]
72 1541 [10]
642 980 [1]
216 1408 [0]
572 1052 [0]
80 1540 [4]
472 1153 [0]
68 1558 [0]
120 1506 [0]
264 1362 [0]
559 1067 [0]
600 1026 [0]
228 1389 [9]
568 1054 [4]
158 1465 [3]
258 1358 [11]
403 1224 [1]
167 1462 [0]
550 1079 [0]
241 1385 [3]
562 1060 [8]
563 1068 [0]
610 1021 [0]
61 1568 [2]
575 1048 [8]
611 1011 [9]
264 1368 [0]
415 1217 [0]
543 1089 [0]
548 1084 [0]
152 1480 [0]
216 1417 [0]
223 1410 [0]
145 1483 [6]
280 1356 [0]
55 1576 [5]
460 1176 [0]
220 1415 [1]
392 1243 [2]
301 1336 [0]
54 1576 [8]
698 931 [10]
173 1460 [6]
267 1373 [0]
622 1018 [0]
692 948 [0]
121 1513 [6]
500 1141 [0]
645 985 [11]
239 1392 [11]
512 1122 [9]
230 1414 [0]
459 1174 [11]
571 1073 [0]
749 896 [0]
499 1147 [0]
161 1485 [0]
282 1358 [6]
304 1343 [0]
410 1237 [0]
565 1082 [0]
164 1484 [0]
290 1358 [0]
551 1092 [5]
182 1456 [10]
424 1216 [8]
665 978 [6]
602 1036 [11]
259 1379 [11]
500 1146 [3]
186 1461 [3]
223 1424 [3]
446 1205 [0]
496 1155 [0]
592 1056 [3]
365 1277 [9]
146 1506 [0]
576 1076 [0]
349 1303 [0]
192 1461 [0]
687 963 [3]
661 984 [8]
766 883 [4]
366 1288 [0]
591 1064 [0]
232 1424 [0]
496 1161 [0]
173 1479 [5]
117 1541 [0]
171 1487 [0]
479 1179 [0]
239 1416 [3]
94 1562 [2]
189 1470 [0]
699 956 [5]
370 1291 [0]
413 1248 [0]
763 891 [7]
540 1119 [3]
677 985 [0]
455 1202 [5]
746 907 [9]
785 873 [4]
402 1253 [8]
386 1272 [7]
669 988 [8]
496 1170 [0]
684 982 [0]
450 1213 [3]
118 1540 [9]
104 1552 [11]
199 1469 [0]
253 1415 [0]
589 1079 [0]
631 1029 [8]
183 1477 [8]
821 848 [0]
260 1410 [0]
507 1163 [0]
826 845 [0]
86 1585 [0]
149 1523 [0]
653 1017 [3]
496 1178 [0]
579 1095 [0]
719 947 [8]
640 1026 [8]
806 868 [0]
153 1512 [9]
339 1325 [10]
287 1378 [10]
549 1127 [0]
817 859 [0]
142 1535 [0]
773 904 [0]
505 1166 [6]
204 1474 [0]
708 970 [0]
291 1385 [2]
416 1262 [0]
531 1145 [2]
438 1241 [0]
468 1209 [2]
223 1453 [3]
331 1338 [11]
189 1482 [9]
517 1164 [0]
192 1485 [4]
312 1369 [1]
132 1542 [8]
467 1213 [2]
222 1459 [1]
415 1268 [0]
583 1100 [0]
613 1070 [0]
541 1135 [7]
349 1334 [0]
515 1169 [0]
305 1369 [10]
91 1584 [9]
525 1155 [4]
771 904 [10]
460 1217 [8]
655 1031 [0]
786 893 [7]
444 1233 [10]
209 1479 [0]
157 1532 [0]
463 1226 [0]
534 1155 [0]
493 1197 [0]
674 1016 [0]
729 961 [0]
215 1464 [11]
673 1018 [0]
480 1200 [11]
552 1140 [0]
385 1301 [6]
232 1460 [1]
561 1128 [4]
401 1293 [0]
413 1281 [0]
842 852 [0]
197 1498 [0]
418 1266 [11]
101 1588 [6]
537 1154 [4]
466 1222 [8]
695 1002 [0]
478 1215 [4]
728 969 [0]
477 1220 [0]
403 1295 [0]
478 1220 [0]
402 1286 [10]
203 1486 [9]
564 1135 [0]
450 1239 [10]
228 1460 [11]
503 1196 [0]
362 1336 [2]
780 919 [1]
529 1171 [0]
494 1206 [1]
436 1266 [0]
710 993 [0]
738 965 [0]
494 1204 [5]
198 1506 [0]
321 1384 [0]
776 929 [0]
409 1286 [10]
817 889 [0]
510 1191 [5]
153 1551 [2]
709 997 [0]
210 1488 [9]
523 1185 [0]
848 861 [0]
136 1568 [5]
458 1252 [0]
823 887 [0]
371 1335 [5]
379 1329 [3]
561 1143 [8]
650 1063 [0]
125 1577 [11]
454 1260 [0]
483 1231 [0]
851 864 [0]
462 1254 [0]
343 1367 [6]
605 1112 [0]
343 1363 [11]
415 1302 [0]
336 1381 [0]
846 872 [0]
613 1104 [1]
591 1127 [0]
337 1376 [5]
766 953 [0]
800 919 [0]
793 919 [7]
548 1167 [4]
174 1543 [2]
264 1456 [0]
528 1192 [0]
191 1528 [1]
203 1511 [6]
290 1422 [8]
401 1313 [7]
515 1199 [7]
184 1534 [3]
128 1595 [0]
175 1548 [0]
544 1179 [0]
359 1363 [1]
365 1349 [9]
287 1430 [6]
291 1433 [0]
299 1420 [5]
367 1349 [8]
768 953 [3]
831 893 [0]
480 1246 [0]
672 1054 [0]
403 1315 [8]
279 1447 [0]
406 1317 [3]
627 1097 [3]
399 1329 [0]
762 966 [0]
437 1292 [0]
230 1492 [8]
422 1302 [7]
276 1456 [0]
723 1009 [0]
132 1592 [8]
801 929 [2]
384 1349 [0]
503 1222 [8]
493 1241 [0]
684 1050 [0]
336 1393 [5]
177 1558 [0]
659 1076 [0]
734 1001 [0]
281 1455 [0]
717 1019 [0]
358 1378 [0]
820 916 [0]
668 1069 [0]
207 1529 [2]
618 1121 [0]
448 1283 [8]
757 976 [6]
258 1472 [9]
411 1329 [0]
571 1169 [0]
758 982 [0]
395 1346 [0]
629 1109 [3]
220 1520 [2]
647 1096 [0]
195 1549 [0]
236 1508 [0]
605 1140 [0]
818 927 [0]
514 1224 [7]
407 1339 [0]
862 884 [0]
309 1437 [0]
645 1090 [11]
525 1218 [3]
396 1351 [0]
170 1578 [0]
578 1170 [0]
600 1150 [0]
779 972 [0]
643 1103 [5]
734 1008 [9]
274 1471 [6]
361 1391 [0]
428 1316 [8]
347 1397 [8]
431 1313 [9]
372 1382 [0]
628 1126 [0]
232 1523 [0]
293 1457 [5]
505 1251 [0]
285 1470 [1]
377 1379 [0]
739 1016 [1]
594 1162 [1]
772 986 [0]
175 1575 [8]
405 1347 [6]
423 1336 [0]
584 1174 [1]
287 1461 [11]
463 1295 [2]
667 1095 [0]
578 1184 [0]
407 1353 [3]
615 1139 [9]
444 1320 [0]
828 936 [0]
384 1380 [0]
826 934 [4]
564 1201 [0]
402 1356 [7]
181 1576 [8]
593 1172 [0]
445 1321 [0]
872 891 [3]
312 1456 [0]
368 1392 [8]
405 1356 [7]
489 1280 [0]
338 1428 [3]
219 1542 [8]
879 891 [0]
883 887 [0]
753 1009 [8]
240 1530 [0]
593 1177 [0]
199 1572 [0]
689 1077 [5]
579 1182 [10]
868 900 [3]
173 1599 [0]
322 1440 [10]
617 1155 [0]
751 1022 [0]
340 1428 [5]
476 1288 [9]
606 1157 [11]
797 977 [0]
761 1015 [0]
193 1572 [11]
535 1242 [0]
673 1104 [0]
555 1215 [7]
201 1571 [5]
574 1202 [3]
649 1131 [0]
834 943 [3]
197 1584 [1]
523 1260 [0]
288 1490 [8]
285 1498 [3]
874 913 [0]
593 1194 [0]
808 979 [0]
767 1021 [0]
453 1331 [4]
839 938 [11]
192 1597 [0]
794 995 [0]
703 1082 [4]
336 1454 [0]
233 1554 [4]
471 1318 [3]
855 937 [0]
677 1106 [9]
440 1353 [0]
410 1372 [11]
391 1403 [0]
564 1230 [0]
637 1157 [0]
363 1432 [0]
391 1401 [3]
200 1597 [0]
577 1220 [0]
777 1020 [0]
885 912 [0]
556 1240 [2]
605 1194 [0]
474 1317 [9]
377 1424 [0]
683 1114 [5]
379 1423 [1]
711 1093 [0]
389 1414 [1]
234 1564 [6]
409 1396 [0]
750 1049 [6]
429 1377 [0]
473 1333 [0]
744 1062 [0]
558 1248 [0]
527 1280 [0]
847 960 [0]
797 1011 [0]
772 1034 [2]
512 1290 [9]
283 1527 [1]
236 1576 [0]
398 1414 [0]
803 1010 [0]
343 1464 [6]
282 1528 [3]
769 1046 [0]
523 1293 [0]
791 1018 [7]
589 1227 [0]
673 1135 [8]
642 1175 [0]
418 1400 [0]
868 950 [0]
531 1288 [0]
510 1298 [11]
692 1128 [0]
473 1344 [3]
558 1258 [4]
433 1383 [4]
224 1597 [0]
456 1365 [0]
403 1407 [11]
407 1415 [0]
649 1169 [4]
708 1114 [0]
636 1177 [9]
233 1590 [0]
709 1114 [0]
848 976 [0]
516 1309 [0]
536 1281 [8]
687 1131 [8]
676 1141 [10]
703 1115 [9]
621 1196 [10]
569 1257 [1]
413 1412 [2]
534 1294 [0]
476 1350 [2]
720 1108 [0]
833 989 [6]
460 1367 [1]
273 1556 [0]
298 1531 [0]
400 1428 [1]
532 1297 [0]
474 1350 [5]
319 1501 [10]
536 1293 [1]
586 1245 [0]
229 1594 [8]
264 1558 [9]
689 1132 [10]
632 1200 [0]
507 1326 [0]
233 1598 [2]
671 1152 [10]
719 1115 [0]
714 1114 [6]
426 1405 [3]
417 1418 [0]
662 1173 [0]
604 1233 [0]
493 1338 [6]
505 1327 [5]
300 1536 [1]
324 1513 [0]
268 1570 [0]
285 1553 [0]
400 1432 [6]
869 963 [6]
464 1372 [2]
869 969 [0]
488 1351 [0]
698 1140 [1]
568 1271 [0]
564 1276 [0]
821 1018 [1]
885 955 [0]
610 1224 [6]
905 935 [0]
733 1107 [0]
253 1588 [0]
629 1209 [3]
333 1510 [0]
677 1166 [0]
461 1383 [0]
868 974 [2]
455 1387 [3]
545 1291 [9]
821 1025 [0]
861 985 [0]
453 1389 [4]
890 956 [0]
903 943 [1]
308 1538 [1]
470 1378 [0]
729 1120 [0]
846 999 [4]
379 1469 [1]
431 1419 [0]
813 1037 [1]
632 1218 [1]
308 1544 [0]
477 1366 [9]
420 1431 [1]
269 1574 [9]
462 1387 [4]
763 1084 [6]
867 987 [0]
708 1145 [2]
672 1184 [0]
927 929 [0]
303 1554 [0]
742 1116 [0]
506 1352 [0]
688 1170 [0]
585 1274 [0]
625 1234 [0]
612 1247 [0]
535 1313 [11]
634 1219 [7]
524 1337 [0]
558 1300 [4]
486 1377 [0]
670 1192 [1]
924 940 [0]
540 1316 [8]
748 1117 [0]
882 983 [0]
541 1313 [11]
366 1490 [9]
602 1264 [0]
824 1043 [0]
732 1124 [11]
539 1329 [0]
490 1378 [0]
383 1482 [3]
692 1178 [0]
731 1137 [2]
543 1327 [1]
675 1197 [0]
514 1358 [0]
872 995 [5]
743 1130 [0]
624 1250 [0]
852 1022 [0]
741 1133 [0]
474 1389 [11]
550 1316 [8]
491 1384 [0]
583 1292 [0]
351 1526 [0]
613 1265 [0]
420 1458 [1]
501 1379 [0]
776 1104 [0]
788 1090 [3]
822 1048 [11]
673 1203 [5]
841 1042 [0]
576 1297 [10]
525 1350 [8]
294 1588 [1]
332 1546 [6]
815 1060 [9]
428 1457 [0]
705 1180 [0]
626 1250 [9]
892 993 [0]
839 1046 [0]
843 1042 [0]
398 1487 [1]
667 1208 [11]
864 1022 [0]
818 1065 [3]
659 1225 [3]
774 1114 [0]
857 1031 [0]
396 1489 [3]
581 1308 [0]
346 1542 [1]
880 1009 [0]
835 1055 [0]
365 1525 [0]
448 1434 [8]
345 1546 [0]
703 1182 [6]
382 1510 [0]
783 1110 [0]
586 1308 [0]
913 971 [10]
828 1067 [0]
876 1019 [0]
732 1163 [0]
943 950 [2]
497 1399 [0]
442 1454 [0]
754 1135 [7]
430 1467 [1]
510 1390 [0]
425 1467 [8]
428 1470 [2]
603 1297 [0]
421 1480 [0]
922 979 [0]
299 1598 [6]
717 1187 [0]
725 1179 [0]
754 1150 [0]
420 1473 [11]
394 1507 [3]
412 1494 [0]
696 1207 [3]
708 1203 [0]
435 1472 [5]
333 1574 [5]
607 1302 [3]
543 1370 [0]
470 1443 [0]
409 1505 [0]
860 1054 [0]
912 1002 [0]
369 1542 [4]
415 1496 [4]
449 1456 [10]
586 1319 [11]
630 1285 [2]
670 1247 [0]
325 1593 [0]
581 1338 [0]
522 1392 [5]
689 1231 [0]
698 1222 [0]
530 1387 [3]
598 1323 [0]
719 1199 [3]
738 1183 [0]
431 1491 [0]
556 1355 [11]
733 1189 [0]
831 1092 [0]
679 1245 [0]
351 1573 [0]
922 1003 [0]
730 1196 [0]
906 1020 [0]
805 1110 [11]
943 984 [0]
657 1268 [2]
715 1212 [0]
692 1232 [3]
574 1355 [0]
606 1313 [11]
507 1424 [0]
660 1271 [0]
830 1092 [9]
368 1555 [9]
606 1324 [3]
553 1380 [0]
399 1531 [3]
388 1546 [0]
477 1448 [9]
721 1213 [0]
653 1282 [0]
939 996 [0]
842 1092 [1]
479 1458 [0]
955 982 [0]
382 1557 [0]
960 969 [10]
607 1333 [0]
503 1429 [8]
478 1462 [1]
805 1136 [0]
352 1590 [0]
966 976 [0]
408 1524 [10]
472 1469 [1]
803 1139 [0]
527 1405 [11]
763 1181 [0]
707 1237 [0]
580 1362 [3]
848 1092 [5]
596 1341 [8]
828 1118 [0]
490 1456 [0]
869 1078 [0]
674 1262 [11]
672 1276 [0]
492 1457 [0]
487 1463 [0]
496 1446 [8]
686 1259 [5]
610 1340 [1]
466 1484 [1]
466 1479 [6]
870 1082 [0]
372 1578 [3]
754 1195 [4]
862 1089 [2]
526 1426 [1]
453 1497 [4]
417 1536 [2]
605 1345 [5]
383 1573 [0]
709 1247 [0]
915 1041 [0]
707 1250 [0]
882 1075 [0]
976 981 [0]
380 1567 [10]
684 1263 [10]
606 1352 [0]
922 1036 [0]
822 1127 [10]
734 1216 [9]
866 1095 [0]
813 1149 [0]
911 1044 [7]
865 1099 [0]
817 1148 [0]
457 1509 [0]
621 1345 [0]
648 1318 [1]
971 988 [9]
569 1400 [0]
754 1215 [0]
971 998 [0]
469 1499 [1]
741 1220 [9]
721 1250 [0]
506 1466 [0]
416 1554 [2]
832 1141 [0]
902 1071 [0]
746 1227 [0]
745 1230 [0]
944 1032 [0]
801 1168 [7]
659 1318 [0]
700 1268 [9]
786 1192 [0]
464 1510 [4]
551 1426 [2]
779 1201 [0]
669 1308 [3]
978 1003 [0]
685 1293 [3]
549 1432 [0]
869 1113 [0]
650 1325 [7]
672 1312 [0]
796 1188 [0]
698 1276 [10]
765 1212 [7]
690 1295 [0]
624 1355 [6]
988 992 [5]
601 1378 [7]
900 1075 [11]
626 1353 [8]
953 1029 [5]
606 1382 [0]
621 1367 [0]
752 1234 [2]
732 1257 [0]
937 1049 [3]
732 1258 [0]
738 1250 [2]
582 1406 [2]
620 1371 [0]
785 1195 [11]
561 1421 [9]
850 1140 [1]
531 1461 [0]
613 1378 [1]
480 1514 [0]
608 1386 [0]
676 1318 [0]
994 998 [2]
846 1146 [2]
522 1473 [0]
913 1071 [11]
560 1431 [4]
423 1571 [2]
898 1099 [0]
460 1536 [2]
992 1006 [0]
609 1384 [6]
413 1578 [9]
441 1559 [0]
393 1599 [8]
953 1036 [11]
716 1286 [0]
649 1350 [4]
469 1524 [11]
823 1175 [6]
945 1059 [0]
733 1270 [1]
455 1538 [11]
519 1480 [8]
485 1523 [0]
717 1291 [0]
579 1430 [0]
717 1293 [0]
526 1485 [0]
791 1220 [0]
613 1391 [8]
946 1067 [0]
569 1442 [2]
724 1290 [0]
977 1036 [1]
795 1220 [0]
961 1049 [5]
605 1406 [4]
740 1271 [4]
907 1103 [6]
451 1565 [0]
451 1566 [0]
975 1042 [0]
959 1058 [0]
616 1407 [0]
574 1438 [11]
625 1399 [0]
881 1143 [0]
545 1475 [4]
470 1550 [4]
633 1380 [11]
679 1344 [1]
458 1567 [0]
916 1108 [1]
746 1279 [0]
681 1343 [1]
497 1529 [0]
477 1545 [4]
700 1318 [9]
601 1426 [0]
671 1357 [0]
825 1196 [7]
448 1581 [0]
1003 1020 [6]
663 1363 [4]
550 1471 [9]
706 1326 [0]
489 1542 [1]
497 1527 [8]
822 1211 [0]
793 1240 [0]
713 1320 [0]
650 1384 [0]
728 1306 [0]
573 1454 [7]
532 1504 [0]
627 1409 [0]
648 1386 [2]
653 1372 [11]
526 1502 [9]
987 1044 [6]
632 1406 [0]
861 1177 [0]
928 1110 [0]
694 1344 [0]
957 1072 [9]
801 1239 [0]
1005 1035 [0]
786 1250 [4]
552 1489 [0]
582 1459 [0]
927 1114 [0]
624 1418 [0]
704 1338 [0]
654 1378 [11]
936 1103 [4]
879 1153 [11]
840 1203 [0]
879 1165 [0]
998 1045 [2]
929 1116 [1]
772 1273 [2]
641 1406 [0]
638 1410 [0]
913 1135 [0]
551 1493 [4]
757 1292 [0]
454 1596 [0]
991 1059 [0]
487 1560 [4]
566 1486 [0]
893 1152 [8]
758 1296 [0]
939 1114 [1]
841 1211 [2]
747 1308 [0]
921 1134 [0]
861 1195 [0]
463 1589 [4]
786 1270 [0]
775 1281 [0]
950 1105 [2]
738 1308 [11]
780 1274 [4]
704 1355 [0]
851 1200 [8]
618 1430 [11]
875 1184 [0]
696 1358 [6]
878 1183 [0]
680 1370 [11]
729 1333 [0]
973 1091 [0]
545 1511 [9]
569 1497 [0]
858 1208 [0]
542 1519 [5]
857 1204 [5]
987 1079 [0]
977 1082 [8]
961 1102 [4]
502 1565 [0]
489 1570 [8]
658 1412 [0]
496 1574 [0]
798 1272 [0]
951 1119 [0]
894 1176 [0]
808 1254 [8]
763 1308 [0]
892 1179 [0]
622 1449 [0]
498 1573 [1]
840 1233 [0]
718 1356 [0]
634 1441 [0]
679 1396 [0]
882 1193 [0]
599 1472 [4]
997 1078 [0]
885 1189 [1]
485 1591 [0]
862 1203 [11]
594 1474 [8]
848 1228 [0]
669 1399 [9]
822 1256 [0]
510 1560 [8]
528 1551 [0]
579 1500 [0]
592 1487 [0]
882 1194 [3]
949 1124 [8]
523 1547 [11]
972 1103 [7]
710 1373 [0]
963 1120 [0]
705 1367 [11]
898 1184 [1]
704 1379 [1]
986 1096 [2]
622 1458 [4]
832 1244 [8]
990 1094 [0]
547 1531 [6]
529 1557 [0]
907 1179 [0]
957 1119 [10]
757 1330 [0]
749 1338 [1]
523 1562 [3]
886 1195 [7]
964 1117 [9]
754 1332 [6]
642 1451 [0]
660 1433 [0]
675 1418 [0]
509 1584 [0]
803 1291 [0]
516 1576 [2]
919 1166 [9]
795 1299 [0]
566 1530 [0]
908 1188 [0]
522 1570 [4]
517 1580 [0]
841 1257 [0]
914 1184 [0]
993 1105 [0]
798 1294 [6]
572 1526 [1]
524 1576 [0]
699 1392 [9]
978 1114 [8]
884 1217 [0]
664 1432 [5]
893 1210 [0]
836 1268 [0]
941 1163 [0]
864 1241 [0]
569 1529 [7]
878 1228 [0]
560 1547 [0]
671 1434 [2]
991 1116 [0]
781 1321 [5]
624 1484 [0]
1043 1065 [0]
767 1341 [0]
722 1384 [2]
678 1429 [1]
700 1409 [0]
611 1490 [9]
637 1473 [0]
899 1214 [0]
1012 1101 [0]
970 1142 [1]
978 1136 [0]
960 1146 [8]
697 1409 [8]
998 1111 [5]
615 1500 [0]
569 1542 [4]
952 1164 [0]
744 1364 [8]
608 1510 [0]
1007 1111 [0]
618 1494 [6]
645 1463 [11]
805 1315 [0]
607 1512 [1]
867 1247 [7]
804 1317 [0]
778 1345 [0]
987 1137 [0]
656 1471 [0]
903 1217 [7]
551 1572 [4]
906 1213 [8]
882 1242 [5]
795 1335 [0]
990 1141 [0]
1031 1097 [3]
986 1135 [10]
625 1500 [7]
835 1291 [6]
554 1579 [0]
1044 1082 [7]
1052 1078 [4]
544 1581 [9]
898 1237 [0]
806 1330 [0]
876 1255 [5]
731 1406 [0]
747 1390 [0]
624 1510 [3]
951 1187 [0]
1032 1108 [0]
1020 1111 [10]
567 1575 [0]
988 1150 [4]
755 1387 [0]
561 1581 [1]
924 1221 [0]
1024 1121 [0]
856 1288 [2]
785 1360 [1]
811 1336 [0]
609 1537 [1]
1036 1112 [0]
951 1197 [1]
906 1243 [1]
890 1261 [0]
561 1588 [2]
614 1535 [2]
969 1181 [1]
759 1392 [1]
654 1490 [8]
670 1482 [0]
854 1299 [0]
925 1222 [6]
557 1597 [0]
829 1318 [7]
940 1215 [0]
1024 1131 [0]
574 1572 [10]
949 1208 [0]
975 1183 [0]
691 1469 [0]
568 1590 [2]
799 1362 [0]
1012 1149 [0]
710 1442 [11]
722 1441 [0]
692 1470 [2]
842 1322 [0]
619 1547 [0]
707 1459 [0]
933 1233 [0]
723 1441 [2]
699 1465 [2]
684 1471 [11]
1033 1134 [0]
887 1269 [11]
640 1528 [0]
1019 1149 [0]
751 1414 [3]
710 1459 [0]
819 1344 [6]
1064 1106 [0]
1063 1106 [1]
956 1215 [0]
643 1529 [0]
762 1410 [0]
607 1562 [3]
840 1333 [1]
719 1448 [8]
704 1469 [2]
712 1459 [4]
592 1584 [0]
996 1180 [0]
700 1477 [0]
668 1507 [2]
719 1450 [8]
716 1455 [7]
981 1197 [0]
598 1580 [0]
642 1528 [9]
786 1394 [0]
833 1347 [0]
1064 1117 [0]
603 1576 [2]
644 1529 [8]
759 1413 [9]
811 1371 [0]
1009 1166 [8]
802 1383 [0]
673 1511 [2]
723 1456 [7]
874 1313 [0]
610 1578 [0]
684 1504 [0]
909 1279 [0]
835 1350 [3]
886 1300 [3]
713 1468 [8]
761 1429 [0]
697 1483 [11]
1041 1152 [0]
635 1559 [0]
1034 1160 [0]
658 1536 [0]
753 1442 [0]
984 1208 [4]
870 1327 [0]
1055 1142 [0]
751 1441 [5]
1025 1173 [0]
765 1430 [3]
810 1384 [5]
614 1586 [0]
809 1391 [0]
713 1477 [10]
831 1366 [4]
797 1405 [0]
749 1453 [0]
695 1508 [0]
970 1233 [0]
1086 1118 [0]
1067 1138 [0]
727 1478 [0]
942 1258 [5]
709 1498 [0]
709 1499 [0]
863 1345 [0]
739 1462 [7]
917 1286 [5]
827 1381 [0]
998 1210 [2]
1057 1154 [0]
1030 1181 [0]
688 1518 [5]
839 1372 [1]
795 1419 [0]
1075 1137 [2]
983 1227 [4]
760 1457 [0]
804 1406 [7]
1020 1186 [11]
1007 1208 [2]
772 1444 [1]
1054 1165 [0]
1095 1122 [2]
693 1523 [3]
949 1270 [0]
1107 1113 [0]
782 1438 [0]
699 1521 [0]
939 1282 [0]
981 1242 [0]
740 1484 [0]
1034 1183 [7]
950 1276 [0]
970 1256 [0]
853 1373 [0]
1049 1166 [11]
947 1280 [0]
638 1584 [5]
907 1317 [3]
980 1249 [0]
831 1399 [0]
877 1353 [0]
861 1358 [11]
717 1514 [0]
984 1247 [0]
805 1425 [2]
692 1540 [0]
725 1507 [0]
977 1255 [0]
781 1451 [0]
876 1356 [0]
891 1341 [0]
988 1244 [0]
1090 1143 [0]
1071 1162 [0]
740 1495 [0]
725 1504 [6]
1012 1223 [1]
1082 1145 [9]
827 1411 [0]
699 1531 [9]
1035 1204 [0]
1020 1213 [8]
938 1299 [5]
878 1356 [8]
927 1308 [8]
839 1404 [0]
1076 1168 [0]
1024 1215 [6]
784 1462 [0]
880 1356 [10]
795 1452 [0]
788 1459 [3]
643 1598 [9]
832 1419 [0]
1038 1210 [4]
1111 1136 [5]
927 1326 [0]
894 1359 [1]
818 1432 [5]
993 1257 [5]
1069 1187 [0]
689 1559 [9]
883 1371 [4]
959 1289 [10]
788 1470 [1]
683 1565 [11]
1057 1204 [0]
1042 1215 [5]
728 1536 [0]
1123 1132 [9]
707 1550 [7]
1108 1157 [0]
1120 1145 [0]
1042 1220 [3]
1030 1233 [2]
765 1501 [0]
936 1319 [11]
1103 1164 [0]
1032 1235 [0]
729 1536 [2]
880 1388 [0]
975 1293 [0]
710 1547 [11]
919 1350 [0]
747 1520 [2]
846 1424 [0]
772 1496 [2]
843 1420 [8]
1050 1222 [0]
734 1537 [2]
676 1593 [4]
719 1553 [1]
702 1572 [0]
1114 1161 [0]
1075 1200 [0]
673 1594 [9]
829 1448 [0]
931 1346 [0]
1108 1170 [0]
1051 1228 [0]
1107 1173 [0]
938 1332 [10]
755 1521 [4]
759 1513 [9]
944 1339 [1]
1051 1230 [4]
763 1523 [0]
744 1531 [11]
837 1450 [1]
983 1302 [4]
1040 1244 [7]
834 1455 [3]
802 1480 [10]
1093 1195 [5]
972 1321 [0]
707 1588 [0]
724 1571 [0]
1081 1214 [0]
897 1392 [6]
806 1490 [0]
710 1587 [0]
730 1568 [0]
876 1422 [0]
933 1365 [0]
902 1397 [0]
1048 1252 [0]
782 1518 [0]
841 1460 [0]
1007 1294 [0]
770 1532 [0]
891 1411 [0]
995 1307 [0]
990 1314 [0]
1025 1270 [9]
1110 1195 [0]
796 1500 [9]
791 1508 [6]
781 1525 [0]
937 1369 [0]
1137 1162 [7]
707 1595 [4]
1136 1166 [5]
823 1473 [11]
713 1595 [0]
737 1571 [0]
985 1325 [0]
910 1402 [0]
1131 1181 [0]
1117 1184 [11]
764 1549 [0]
834 1471 [8]
990 1317 [6]
929 1379 [5]
857 1454 [3]
936 1377 [1]
717 1592 [7]
953 1358 [5]
1048 1269 [0]
1107 1211 [0]
737 1584 [0]
944 1378 [0]
1136 1186 [0]
821 1501 [0]
870 1444 [10]
1032 1291 [1]
1008 1316 [0]
1052 1273 [0]
950 1372 [3]
985 1340 [2]
1000 1328 [0]
851 1475 [2]
1058 1271 [0]
819 1500 [10]
1051 1279 [0]
887 1444 [0]
937 1394 [0]
959 1362 [10]
878 1453 [1]
860 1473 [0]
901 1428 [4]
845 1484 [5]
966 1364 [4]
807 1527 [0]
1029 1306 [0]
858 1478 [0]
959 1367 [10]
1073 1264 [0]
1055 1283 [0]
845 1489 [4]
948 1384 [6]
991 1337 [11]
1070 1272 [0]
1157 1186 [0]
1035 1308 [3]
1106 1240 [4]
951 1391 [8]
1084 1266 [0]
1173 1177 [0]
780 1566 [5]
861 1488 [2]
786 1563 [4]
989 1358 [7]
1135 1219 [0]
999 1356 [0]
1049 1306 [0]
1099 1256 [0]
946 1410 [0]
1151 1205 [0]
915 1440 [1]
780 1574 [2]
1117 1241 [0]
1115 1233 [11]
1006 1356 [0]
787 1566 [10]
1168 1197 [0]
844 1521 [0]
1042 1324 [0]
1047 1319 [0]
1042 1321 [3]
774 1594 [0]
908 1458 [2]
867 1494 [9]
1155 1217 [0]
1159 1213 [0]
1010 1363 [0]
1002 1362 [9]
1021 1352 [1]
940 1424 [11]
1075 1301 [0]
986 1390 [0]
871 1506 [0]
828 1541 [8]
1058 1320 [0]
924 1453 [2]
1123 1254 [4]
807 1575 [0]
872 1511 [0]
1035 1348 [0]
1025 1358 [0]
1019 1362 [2]
1062 1323 [0]
942 1442 [1]
969 1415 [2]
822 1565 [0]
870 1509 [8]
926 1462 [0]
995 1393 [0]
963 1423 [2]
1026 1366 [0]
1127 1261 [5]
1095 1298 [1]
1054 1341 [0]
1150 1242 [4]
1141 1253 [2]
963 1431 [2]
1119 1278 [0]
919 1479 [0]
1017 1380 [2]
981 1409 [9]
889 1512 [0]
910 1491 [0]
1181 1219 [1]
1139 1256 [6]
844 1557 [2]
1098 1305 [0]
836 1568 [0]
960 1444 [0]
1099 1305 [0]
1112 1293 [0]
917 1490 [0]
882 1522 [3]
1024 1381 [2]
968 1440 [0]
959 1448 [1]
943 1461 [4]
1087 1318 [4]
903 1506 [1]
1121 1290 [0]
1058 1349 [4]
947 1466 [0]
969 1445 [0]
1088 1326 [0]
1175 1240 [0]
1053 1363 [0]
1080 1337 [0]
1188 1231 [0]
967 1453 [0]
1103 1320 [0]
1004 1420 [0]
1061 1363 [0]
1112 1301 [11]
1105 1319 [1]
1018 1408 [0]
964 1462 [1]
1064 1365 [0]
929 1501 [0]
1070 1360 [0]
1206 1220 [4]
1077 1347 [8]
932 1500 [0]
879 1553 [1]
1015 1420 [0]
1188 1248 [0]
1016 1416 [4]
920 1518 [0]
979 1459 [0]
907 1524 [9]
890 1549 [1]
1147 1294 [0]
1124 1311 [9]
899 1544 [1]
1013 1432 [0]
1045 1400 [0]
1209 1237 [0]
943 1503 [0]
1173 1273 [1]
931 1517 [0]
1185 1264 [0]
954 1491 [4]
1089 1361 [0]
1187 1262 [2]
1073 1379 [0]
1222 1228 [2]
1012 1442 [0]
918 1537 [0]
949 1506 [0]
1198 1258 [0]
921 1534 [1]
858 1599 [0]
1098 1360 [0]
1151 1302 [5]
1100 1359 [0]
961 1498 [1]
908 1552 [1]
914 1548 [0]
869 1594 [1]
896 1564 [5]
1213 1251 [1]
898 1566 [2]
951 1516 [0]
1144 1321 [2]
925 1545 [0]
1136 1334 [0]
1030 1444 [1]
1232 1242 [1]
1070 1403 [2]
912 1564 [0]
976 1491 [10]
962 1516 [0]
995 1483 [0]
966 1514 [0]
1148 1332 [0]
1064 1417 [0]
1006 1474 [1]
1223 1259 [0]
1208 1275 [0]
1076 1408 [0]
916 1562 [7]
1191 1290 [4]
1202 1283 [1]
1225 1263 [0]
977 1511 [1]
1137 1348 [4]
946 1541 [2]
1159 1331 [0]
1118 1370 [2]
931 1556 [4]
1028 1459 [4]
1063 1430 [0]
1111 1382 [0]
1029 1464 [0]
1242 1244 [8]
931 1559 [4]
902 1583 [10]
1173 1314 [8]
975 1513 [9]
1247 1249 [1]
1045 1453 [0]
1156 1342 [0]
1095 1404 [0]
1195 1304 [0]
1007 1493 [0]
948 1549 [3]
980 1517 [4]
1133 1369 [0]
921 1581 [1]
912 1590 [2]
939 1566 [1]
913 1583 [11]
1041 1465 [1]
952 1549 [8]
1013 1496 [0]
1162 1347 [0]
1127 1382 [1]
965 1544 [2]
1152 1360 [0]
1200 1304 [8]
1119 1388 [5]
984 1529 [0]
1116 1397 [1]
995 1519 [0]
1112 1403 [0]
1197 1318 [0]
1108 1408 [0]
1088 1429 [0]
997 1511 [11]
937 1583 [0]
1136 1377 [7]
1075 1446 [1]
1088 1435 [0]
1122 1401 [0]
1037 1487 [0]
1036 1480 [8]
1008 1517 [0]
1088 1432 [5]
1230 1296 [0]
1129 1398 [0]
1198 1329 [0]
1097 1430 [0]
1064 1457 [9]
1202 1329 [0]
952 1569 [11]
1190 1347 [0]
1205 1321 [11]
1237 1299 [1]
1110 1419 [10]
968 1571 [2]
1267 1275 [0]
1239 1301 [2]
1248 1286 [9]
1154 1390 [0]
982 1567 [0]
972 1576 [1]
1191 1358 [2]
963 1581 [8]
1082 1469 [1]
1032 1518 [2]
1000 1553 [0]
1263 1291 [0]
1210 1346 [0]
982 1570 [4]
1000 1557 [0]
1124 1422 [11]
1192 1363 [2]
1215 1338 [6]
1225 1337 [0]
1164 1396 [2]
1005 1557 [2]
971 1594 [0]
1058 1507 [0]
1092 1473 [0]
1026 1539 [0]
1263 1303 [0]
1257 1309 [0]
972 1595 [0]
1222 1344 [3]
1255 1306 [10]
1269 1303 [0]
1105 1469 [0]
1105 1471 [0]
1176 1400 [0]
1245 1331 [0]
1160 1410 [7]
1168 1409 [0]
1264 1310 [4]
1235 1338 [9]
1103 1471 [8]
1261 1322 [0]
1145 1440 [0]
1146 1439 [0]
1215 1371 [0]
1234 1351 [1]
1221 1366 [0]
1117 1469 [2]
1292 1296 [0]
1270 1319 [0]
1282 1305 [4]
1154 1433 [4]
1045 1547 [0]
1163 1419 [10]
1117 1474 [1]
1272 1322 [0]
1125 1470 [0]
1263 1333 [0]
1191 1407 [0]
1073 1524 [1]
1001 1598 [0]
1051 1550 [0]
1055 1544 [2]
1276 1326 [1]
1078 1527 [0]
1238 1368 [0]
1261 1345 [0]
1032 1575 [0]
1085 1522 [0]
1223 1379 [5]
1023 1585 [0]
1099 1509 [0]
1174 1435 [0]
1137 1474 [0]
1175 1437 [0]
1074 1540 [0]
1077 1535 [2]
1050 1564 [0]
1179 1439 [0]
1063 1549 [7]
1060 1559 [0]
1069 1551 [0]
1024 1592 [4]
1247 1374 [0]
1027 1595 [0]
1163 1459 [0]
1232 1392 [0]
1297 1330 [0]
1278 1350 [0]
1291 1339 [0]
1257 1365 [9]
1280 1345 [9]
1296 1337 [3]
1216 1421 [0]
1106 1528 [4]
1313 1326 [0]
1280 1359 [0]
1091 1548 [0]
1063 1577 [0]
1175 1465 [0]
1185 1446 [9]
1194 1441 [10]
1070 1567 [9]
1092 1556 [0]
1223 1426 [0]
1140 1511 [0]
1111 1537 [4]
1130 1523 [0]
1277 1376 [0]
1136 1516 [2]
1197 1460 [0]
1124 1523 [11]
1226 1434 [0]
1076 1585 [0]
1229 1432 [0]
1181 1476 [4]
1173 1479 [9]
1291 1367 [4]
1163 1494 [5]
1186 1477 [0]
1124 1540 [0]
1280 1384 [0]
1299 1361 [4]
1196 1459 [11]
1079 1588 [0]
1312 1349 [6]
1183 1482 [2]
1229 1440 [0]
1220 1449 [0]
1185 1481 [4]
1097 1574 [0]
1071 1598 [2]
1158 1515 [0]
1237 1436 [0]
1174 1498 [1]
1231 1442 [0]
1111 1563 [0]
1204 1471 [0]
1327 1344 [4]
1086 1590 [0]
1284 1392 [0]
1140 1529 [8]
1283 1394 [0]
1258 1421 [0]
1188 1488 [4]
1164 1516 [0]
1326 1354 [1]
1109 1573 [0]
1168 1515 [0]
1277 1407 [0]
1146 1538 [0]
1098 1585 [1]
1197 1490 [1]
1199 1480 [11]
1147 1547 [1]
1250 1448 [0]
1199 1498 [2]
1322 1369 [9]
1276 1420 [5]
1276 1427 [0]
1139 1566 [1]
1249 1455 [2]
1302 1403 [4]
1131 1580 [0]
1249 1456 [7]
1138 1575 [2]
1293 1424 [0]
1297 1415 [7]
1356 1366 [2]
1174 1549 [1]
1194 1531 [0]
1165 1558 [2]
1204 1524 [0]
1262 1466 [0]
1319 1409 [0]
1283 1443 [4]
1238 1496 [0]
1280 1452 [2]
1160 1575 [0]
1270 1465 [0]
1252 1486 [0]
1148 1592 [0]
1227 1515 [0]
1257 1478 [9]
1277 1469 [0]
1302 1444 [0]
1280 1467 [0]
1349 1398 [0]
1325 1422 [0]
1263 1485 [0]
1351 1397 [0]
1263 1486 [0]
1286 1463 [0]
1334 1410 [5]
1257 1489 [4]
1289 1461 [0]
1305 1440 [7]
1364 1388 [1]
1247 1503 [4]
1334 1421 [0]
1183 1574 [0]
1284 1473 [1]
1257 1494 [9]
1276 1479 [9]
1283 1482 [0]
1258 1503 [5]
1181 1586 [0]
1185 1574 [9]
1260 1514 [0]
1207 1570 [0]
1314 1467 [0]
1270 1509 [4]
1256 1527 [1]
1332 1453 [0]
1284 1503 [0]
1295 1492 [0]
1242 1539 [9]
1301 1494 [0]
1255 1538 [2]
1337 1458 [1]
1227 1563 [7]
1354 1445 [0]
1204 1596 [0]
1379 1423 [0]
1290 1513 [0]
1239 1560 [4]
1365 1436 [4]
1316 1494 [0]
1239 1575 [4]
1279 1532 [7]
1225 1597 [0]
1298 1518 [7]
1277 1552 [0]
1242 1578 [9]
1266 1569 [0]
1282 1555 [0]
1268 1593 [0]
1288 1574 [0]
1408 1456 [0]
1397 1466 [4]
1284 1579 [4]
1301 1569 [0]
1397 1465 [10]
1370 1503 [0]
1382 1491 [0]
1386 1487 [0]
1391 1486 [0]
1306 1573 [0]
1322 1561 [0]
1281 1594 [8]
1352 1530 [3]
1299 1586 [2]
1398 1492 [0]
1362 1532 [0]
1439 1459 [0]
1329 1570 [0]
1345 1553 [2]
1357 1547 [0]
1330 1578 [0]
1372 1538 [0]
1450 1461 [0]
1377 1525 [9]
1459 1466 [0]
1396 1530 [0]
1356 1576 [0]
1380 1554 [0]
1411 1524 [0]
1370 1566 [0]
1448 1486 [3]
1411 1531 [0]
1394 1539 [10]
1453 1488 [4]
1430 1516 [0]
1380 1571 [1]
1436 1521 [0]
1461 1497 [0]
1398 1562 [0]
1365 1593 [4]
1377 1586 [0]
1405 1561 [0]
1434 1532 [0]
1390 1573 [9]
1402 1577 [0]
1413 1565 [2]
1462 1522 [1]
1442 1546 [0]
1473 1517 [0]
1454 1529 [7]
1425 1565 [1]
1485 1508 [1]
1403 1592 [0]
1459 1540 [0]
1484 1522 [0]
1470 1543 [0]
1449 1564 [1]
1508 1516 [1]
1454 1576 [4]
1478 1559 [0]
1518 1519 [0]
1441 1596 [2]
1458 1582 [0]
1511 1531 [0]
1448 1598 [0]
1499 1572 [0]
1513 1574 [0]
1540 1551 [2]
1541 1576 [0]
1563 1583 [0]
1565 1579 [3]
1572 1593 [0]
