1000
8
500
836
761
531
3
968
5
606
7
8
689
10
12
20
45
78
277
605
719
775
937
910
852
972
413
553
664
106
119
165
473
804
178
240
335
349
383
570
710
777
332
638
338
866
109
141
214
233
318
334
411
839
427
441
957
645
784
794
803
880
437
744
469
626
858
809
989
975
706
746
763
805
898
58
228
246
284
530
687
807
969
402
31
118
552
867
918
997
883
47
125
962
151
164
461
505
554
701
555
641
823
559
870
83
101
215
463
583
688
841
376
446
121
130
166
684
851
819
879
953
616
740
967
848
490
576
635
649
995
875
447
13
14
16
17
59
904
96
198
257
449
575
667
930
699
561
981
27
28
35
53
82
189
621
643
623
758
207
377
390
693
979
431
726
752
146
428
479
515
986
528
659
683
822
845
873
503
655
737
864
38
56
87
108
398
129
131
225
890
571
887
640
974
272
329
343
409
420
472
491
902
508
760
859
712
790
980
162
236
950
977
358
535
865
702
724
939
110
128
135
256
305
556
585
892
696
565
572
679
723
806
882
243
832
952
136
767
169
186
202
258
399
933
993
542
998
439
589
971
518
810
830
827
265
538
886
598
536
588
611
633
133
370
965
205
354
750
627
876
50
64
75
86
98
102
116
123
161
861
227
279
493
311
567
319
372
594
614
742
139
158
229
533
566
685
941
948
293
584
716
925
768
273
321
325
445
546
978
791
104
264
755
365
622
935
477
481
547
893
671
751
91
175
204
262
521
847
260
442
607
909
270
155
314
654
167
313
467
976
176
187
210
217
261
298
544
299
389
835
394
785
885
595
776
76
103
344
353
426
488
700
478
2
757
524
666
600
625
630
681
170
290
732
903
40
142
568
877
63
24
143
306
386
450
590
603
938
781
869
416
355
360
996
901
574
157
378
406
739
239
271
715
808
891
959
15
18
137
232
268
296
300
705
927
558
889
906
970
868
320
504
721
942
404
550
30
124
212
340
695
274
453
492
213
316
899
862
52
183
292
307
619
915
983
499
963
615
920
21
26
43
203
230
242
385
397
539
985
854
248
465
831
250
285
932
251
269
412
788
680
400
408
772
81
673
741
921
49
61
72
199
263
348
414
482
519
802
596
722
302
438
569
917
1
115
156
310
68
362
395
916
134
160
218
770
800
850
69
70
138
276
345
631
434
462
936
647
931
286
582
747
765
668
946
717
73
132
185
226
494
511
452
780
907
874
275
817
369
419
709
150
923
425
195
312
815
224
294
359
367
738
982
474
545
833
422
573
579
945
418
451
686
29
32
41
171
676
799
620
77
326
454
476
529
637
280
323
926
429
464
856
42
85
127
154
295
403
423
562
821
955
961
919
209
244
381
495
663
704
734
0
211
220
231
853
537
557
665
720
648
675
678
373
629
66
197
201
644
787
878
289
415
351
812
460
657
914
39
74
433
520
534
541
92
112
181
222
247
22
6
330
580
990
814
223
496
387
838
97
111
140
347
498
506
617
564
182
237
527
849
145
333
929
352
900
396
599
516
999
424
602
610
728
729
991
44
94
249
4
748
928
753
632
60
88
122
206
405
964
577
281
512
532
624
786
587
783
346
911
526
672
733
840
855
771
798
99
177
191
736
636
179
356
417
639
480
764
793
940
905
507
769
828
430
563
148
152
252
513
283
401
912
958
646
196
444
486
652
234
388
456
470
25
34
84
184
391
884
193
208
235
331
105
149
601
661
703
730
826
984
987
973
254
287
301
843
238
304
745
364
443
393
743
994
795
484
54
192
382
612
713
896
163
308
324
656
9
824
120
168
371
543
628
797
11
23
57
62
174
221
259
560
662
459
754
79
80
100
113
188
267
357
392
522
825
549
924
818
834
895
421
435
540
863
960
468
114
172
682
266
650
669
871
337
551
779
816
846
190
282
692
735
820
988
888
291
634
731
144
153
375
36
48
55
180
245
303
618
947
339
90
147
159
466
711
219
241
278
944
317
384
440
677
691
789
436
489
342
951
956
368
502
509
592
766
670
698
253
658
510
578
778
756
200
651
782
216
255
363
707
966
366
374
604
458
725
749
857
593
773
796
872
37
315
46
126
327
432
497
860
894
613
881
660
586
642
792
19
65
89
95
328
336
949
801
954
350
525
548
708
913
697
33
51
93
288
653
407
471
591
714
813
897
762
837
107
194
361
483
727
774
829
844
934
380
448
694
117
297
523
581
597
718
908
759
842
341
410
457
485
608
514
674
992
475
922
173
309
322
379
609
517
943
811
501
67
71
455
487
690
0 1 [0]
0 3 [0]
1 2 [0]
0 5 [0]
1 4 [0]
2 3 [0]
1 5 [0]
1 3 [2]
0 2 [4]
1 6 [0]
2 5 [0]
3 4 [0]
2 4 [1]
1 7 [0]
3 5 [0]
0 4 [4]
1 8 [0]
3 6 [0]
4 5 [0]
0 10 [0]
2 8 [0]
0 8 [2]
4 7 [0]
0 7 [4]
2 6 [3]
5 6 [0]
0 9 [2]
2 7 [3]
1 9 [3]
0 13 [0]
2 11 [0]
4 9 [0]
6 7 [0]
3 7 [3]
4 6 [3]
0 11 [3]
1 13 [0]
2 12 [0]
3 11 [0]
2 9 [3]
1 10 [3]
6 8 [0]
3 8 [3]
2 13 [0]
4 11 [0]
4 8 [3]
7 8 [0]
2 10 [3]
3 9 [3]
0 16 [0]
1 15 [0]
6 10 [0]
7 9 [0]
1 12 [3]
0 17 [0]
1 16 [0]
2 15 [0]
5 12 [0]
8 9 [0]
5 9 [3]
4 10 [3]
5 13 [0]
6 9 [3]
5 7 [6]
1 14 [3]
5 10 [3]
8 10 [0]
6 13 [0]
2 17 [0]
9 10 [0]
6 11 [2]
4 12 [3]
5 8 [6]
8 11 [0]
2 18 [0]
5 15 [0]
4 15 [1]
1 20 [0]
2 19 [0]
5 16 [0]
8 13 [0]
9 12 [0]
5 11 [5]
0 14 [7]
5 17 [0]
6 15 [1]
7 11 [4]
1 18 [3]
0 19 [3]
8 14 [0]
9 11 [2]
10 12 [0]
4 19 [0]
2 14 [7]
9 13 [1]
10 13 [0]
4 18 [1]
7 10 [7]
8 15 [1]
9 14 [1]
0 25 [0]
4 21 [0]
5 14 [6]
1 21 [3]
6 18 [1]
2 16 [7]
6 19 [0]
6 12 [7]
10 15 [0]
7 18 [0]
1 17 [7]
2 20 [3]
8 17 [0]
7 13 [5]
2 22 [1]
2 23 [1]
1 19 [6]
6 20 [0]
10 16 [0]
1 22 [3]
7 12 [7]
8 18 [0]
9 16 [1]
7 15 [5]
2 25 [0]
0 27 [0]
4 20 [3]
1 26 [0]
7 14 [6]
13 14 [0]
3 19 [5]
8 12 [7]
2 24 [1]
10 18 [0]
0 28 [0]
10 14 [4]
5 20 [3]
1 24 [3]
9 15 [4]
0 21 [7]
9 20 [0]
13 16 [0]
8 19 [2]
0 22 [7]
9 21 [0]
1 29 [0]
7 19 [4]
8 16 [6]
14 16 [0]
4 26 [0]
0 23 [7]
7 23 [0]
9 19 [2]
9 18 [4]
0 24 [7]
10 17 [4]
5 26 [0]
3 23 [5]
9 22 [0]
9 23 [0]
6 21 [5]
9 17 [6]
4 22 [6]
4 23 [5]
2 29 [1]
12 20 [0]
5 27 [0]
1 25 [6]
5 21 [6]
0 26 [7]
5 22 [6]
8 25 [0]
4 29 [0]
2 30 [1]
8 21 [4]
7 26 [0]
7 21 [5]
10 21 [2]
16 17 [0]
9 24 [0]
15 18 [0]
8 24 [1]
6 22 [5]
10 22 [2]
4 25 [5]
1 33 [0]
7 20 [7]
1 30 [3]
8 26 [0]
6 23 [5]
11 23 [0]
8 22 [4]
5 25 [5]
4 31 [0]
5 30 [0]
6 29 [0]
1 31 [3]
8 23 [4]
10 20 [5]
1 27 [7]
5 24 [6]
14 17 [4]
6 30 [0]
3 33 [0]
0 29 [7]
0 33 [3]
2 27 [7]
1 28 [7]
8 28 [0]
9 25 [2]
2 33 [1]
7 25 [4]
2 31 [3]
1 32 [3]
5 32 [0]
6 31 [0]
0 34 [3]
2 34 [1]
2 28 [7]
10 25 [2]
2 36 [0]
4 34 [0]
6 32 [0]
10 24 [4]
8 30 [0]
10 28 [0]
10 26 [2]
10 29 [0]
0 32 [7]
9 26 [4]
3 36 [0]
5 34 [0]
6 33 [0]
8 31 [0]
9 30 [0]
5 28 [6]
8 32 [0]
0 40 [0]
14 24 [2]
1 39 [0]
2 37 [1]
5 29 [6]
3 37 [0]
0 37 [3]
7 33 [0]
8 29 [4]
10 27 [4]
8 27 [6]
0 39 [3]
7 30 [5]
10 30 [2]
13 24 [5]
5 33 [4]
4 32 [6]
8 34 [0]
4 39 [0]
0 43 [0]
1 42 [0]
7 31 [5]
7 36 [0]
8 33 [2]
8 35 [0]
9 34 [0]
5 31 [7]
16 27 [0]
1 35 [7]
1 43 [0]
2 35 [7]
13 27 [4]
5 39 [0]
6 36 [2]
10 34 [0]
10 32 [2]
1 40 [3]
16 28 [0]
9 33 [2]
0 38 [7]
4 41 [0]
7 34 [4]
1 41 [3]
14 27 [4]
6 39 [0]
2 40 [3]
4 36 [5]
9 36 [0]
12 31 [2]
8 38 [0]
9 31 [6]
1 45 [0]
5 35 [6]
14 28 [4]
5 36 [5]
4 37 [5]
6 41 [0]
2 45 [0]
0 44 [3]
8 37 [2]
21 26 [0]
2 38 [7]
6 37 [4]
2 46 [0]
1 47 [0]
4 43 [1]
4 44 [0]
9 37 [2]
0 41 [7]
8 36 [4]
8 40 [0]
7 37 [4]
10 38 [0]
11 37 [0]
0 42 [7]
2 47 [0]
5 38 [6]
8 41 [0]
9 40 [0]
0 46 [3]
10 35 [4]
8 42 [0]
9 39 [2]
11 36 [3]
2 42 [6]
1 50 [0]
6 45 [0]
15 30 [6]
0 51 [0]
8 39 [4]
2 48 [1]
1 44 [6]
10 39 [2]
22 29 [0]
8 43 [0]
4 48 [0]
1 51 [0]
2 50 [0]
5 41 [6]
16 35 [1]
6 46 [0]
8 44 [0]
4 45 [3]
2 44 [6]
14 38 [1]
5 42 [6]
10 43 [0]
6 42 [5]
14 35 [4]
1 49 [3]
10 41 [2]
7 47 [0]
14 40 [0]
5 43 [6]
3 51 [0]
2 51 [1]
5 49 [0]
10 42 [2]
5 44 [5]
10 40 [4]
4 49 [1]
16 38 [0]
1 54 [0]
2 53 [0]
4 46 [5]
5 50 [0]
5 46 [4]
6 49 [0]
7 48 [0]
7 43 [5]
8 47 [0]
9 46 [0]
27 28 [0]
6 44 [5]
2 52 [1]
7 49 [0]
5 51 [0]
10 44 [2]
8 48 [0]
8 46 [2]
0 49 [7]
6 48 [2]
16 40 [0]
3 48 [5]
2 54 [1]
22 32 [3]
8 49 [0]
4 52 [1]
9 48 [0]
0 50 [7]
10 47 [0]
9 47 [1]
0 54 [3]
7 46 [4]
6 52 [0]
7 51 [0]
8 50 [0]
5 48 [5]
4 47 [7]
13 40 [5]
2 55 [1]
7 52 [0]
1 58 [0]
7 45 [7]
5 54 [0]
8 51 [0]
9 45 [5]
12 47 [0]
25 34 [0]
6 47 [7]
0 60 [0]
2 57 [1]
10 45 [5]
9 51 [0]
10 50 [0]
0 61 [0]
4 57 [0]
8 53 [0]
22 39 [0]
12 45 [4]
1 53 [7]
29 32 [0]
0 62 [0]
7 55 [0]
9 49 [4]
27 35 [0]
0 63 [0]
22 41 [0]
5 58 [0]
5 52 [6]
0 56 [7]
3 55 [5]
2 58 [3]
28 35 [0]
11 46 [6]
5 59 [0]
2 62 [0]
0 64 [0]
0 57 [7]
8 52 [4]
10 52 [2]
4 55 [5]
5 53 [6]
6 58 [0]
3 62 [0]
2 63 [0]
1 64 [0]
9 54 [2]
4 61 [0]
21 43 [1]
5 60 [0]
20 45 [0]
7 54 [4]
3 57 [5]
2 56 [7]
1 61 [3]
5 55 [5]
8 56 [1]
9 52 [4]
10 54 [2]
1 65 [0]
28 38 [0]
9 55 [2]
8 54 [4]
0 59 [7]
9 57 [0]
22 44 [1]
8 55 [4]
10 53 [4]
1 60 [6]
8 59 [0]
15 52 [0]
1 63 [3]
1 59 [7]
7 61 [0]
6 57 [5]
5 63 [0]
27 38 [3]
13 50 [5]
2 65 [1]
0 65 [3]
2 59 [7]
7 57 [4]
2 60 [6]
8 57 [4]
10 58 [1]
22 42 [5]
2 67 [0]
1 67 [1]
26 43 [0]
4 58 [7]
2 64 [3]
10 56 [4]
0 70 [0]
3 67 [0]
4 60 [6]
1 66 [3]
7 58 [5]
16 53 [1]
0 67 [3]
29 42 [0]
16 50 [5]
6 60 [5]
9 60 [2]
14 56 [1]
4 62 [5]
6 66 [0]
1 68 [3]
6 61 [5]
5 67 [0]
8 63 [1]
8 60 [4]
5 61 [6]
0 71 [1]
5 68 [0]
9 62 [2]
6 67 [0]
0 66 [7]
7 62 [4]
4 68 [1]
32 41 [0]
3 65 [5]
16 56 [1]
1 71 [1]
8 65 [0]
8 64 [1]
1 69 [3]
8 62 [4]
12 58 [4]
1 70 [3]
9 61 [4]
9 59 [6]
4 65 [5]
21 49 [5]
4 67 [4]
5 64 [6]
0 68 [7]
0 69 [7]
17 59 [0]
16 59 [1]
7 65 [4]
3 71 [2]
7 69 [0]
4 66 [6]
1 72 [3]
9 65 [2]
7 70 [0]
1 73 [3]
6 71 [0]
5 66 [6]
10 63 [4]
14 59 [4]
8 69 [0]
0 74 [3]
2 71 [5]
7 71 [0]
10 66 [2]
4 74 [0]
9 69 [0]
20 58 [0]
7 67 [4]
8 66 [4]
9 67 [2]
1 74 [3]
9 70 [0]
0 72 [7]
27 50 [2]
25 54 [0]
1 75 [3]
14 63 [2]
0 73 [7]
2 78 [0]
7 68 [5]
5 71 [4]
6 69 [5]
2 75 [3]
5 69 [6]
8 68 [4]
27 53 [0]
1 76 [3]
16 64 [0]
23 57 [0]
8 73 [0]
1 77 [3]
6 70 [5]
8 71 [2]
5 70 [6]
13 63 [5]
9 68 [4]
10 69 [2]
16 63 [2]
8 74 [0]
4 78 [0]
5 77 [0]
9 73 [0]
21 61 [0]
1 78 [3]
13 64 [5]
10 70 [2]
4 72 [6]
8 70 [4]
9 71 [2]
0 75 [7]
8 75 [0]
4 79 [0]
9 74 [0]
28 53 [2]
0 76 [7]
6 72 [5]
5 72 [6]
22 60 [1]
6 78 [0]
0 77 [7]
36 48 [0]
6 73 [5]
19 65 [0]
33 51 [0]
5 74 [5]
7 78 [0]
7 73 [5]
8 76 [1]
6 74 [5]
10 73 [2]
9 72 [4]
2 84 [0]
7 79 [0]
27 56 [3]
4 81 [1]
5 75 [6]
0 79 [7]
5 76 [6]
0 87 [0]
4 77 [6]
5 82 [0]
0 80 [7]
1 83 [3]
6 79 [2]
0 84 [3]
3 79 [5]
28 56 [3]
9 78 [0]
2 86 [0]
0 81 [7]
5 83 [0]
23 62 [3]
6 80 [2]
35 53 [0]
6 83 [0]
22 66 [1]
13 76 [0]
10 77 [2]
8 77 [4]
4 80 [5]
1 85 [3]
8 82 [0]
1 86 [3]
1 82 [7]
10 76 [4]
9 79 [2]
21 68 [2]
36 55 [0]
8 83 [0]
10 81 [0]
9 80 [2]
2 82 [7]
8 79 [4]
7 80 [4]
16 75 [0]
27 64 [0]
2 90 [0]
4 88 [0]
0 92 [0]
1 91 [0]
8 80 [4]
14 76 [2]
21 69 [2]
0 89 [3]
5 81 [6]
0 85 [7]
4 89 [0]
0 93 [0]
8 81 [4]
4 84 [5]
0 86 [7]
9 83 [1]
7 81 [5]
2 85 [6]
3 90 [0]
10 83 [0]
11 79 [3]
10 84 [0]
38 56 [0]
6 88 [0]
9 81 [4]
16 76 [2]
8 86 [0]
11 80 [3]
21 73 [0]
5 84 [5]
4 83 [7]
6 89 [0]
12 83 [0]
7 83 [5]
1 88 [6]
9 84 [2]
7 84 [4]
1 95 [0]
0 96 [0]
2 91 [3]
3 93 [0]
1 89 [6]
29 66 [1]
2 88 [6]
6 85 [5]
5 91 [0]
6 90 [0]
2 87 [7]
1 92 [3]
5 85 [6]
9 88 [0]
8 89 [0]
5 92 [0]
22 74 [1]
12 78 [7]
0 94 [3]
10 87 [0]
8 85 [4]
3 89 [5]
5 86 [6]
3 95 [0]
2 96 [0]
6 92 [0]
21 72 [5]
16 82 [0]
5 88 [5]
0 91 [7]
22 77 [0]
20 78 [1]
4 90 [5]
7 89 [4]
2 93 [5]
1 93 [6]
1 96 [3]
9 89 [2]
8 88 [4]
2 99 [0]
1 94 [6]
7 90 [4]
8 87 [6]
9 90 [2]
14 87 [0]
1 97 [3]
23 79 [0]
4 92 [6]
5 93 [4]
2 94 [6]
8 90 [4]
0 99 [3]
16 86 [0]
21 81 [1]
9 92 [2]
4 99 [0]
6 97 [0]
8 95 [0]
16 87 [0]
23 80 [0]
8 93 [2]
2 98 [3]
48 55 [0]
5 94 [5]
27 75 [2]
10 92 [2]
13 91 [0]
4 95 [5]
4 94 [6]
7 93 [4]
9 96 [0]
8 97 [0]
6 99 [0]
6 95 [4]
27 76 [2]
6 94 [5]
0 98 [7]
1 101 [3]
1 99 [6]
10 94 [2]
9 95 [2]
8 94 [4]
7 95 [4]
7 100 [0]
1 106 [0]
0 107 [0]
5 96 [6]
2 102 [3]
8 99 [0]
26 81 [0]
8 98 [1]
16 91 [0]
22 85 [0]
5 97 [5]
4 97 [6]
5 103 [0]
29 77 [2]
2 105 [1]
1 104 [3]
6 100 [2]
0 105 [3]
9 97 [2]
5 104 [0]
8 101 [0]
5 99 [5]
5 98 [6]
0 102 [7]
4 100 [5]
25 84 [0]
19 89 [1]
10 97 [2]
2 104 [3]
5 105 [0]
10 96 [4]
8 102 [0]
49 61 [0]
0 103 [7]
9 99 [2]
8 96 [6]
22 88 [0]
32 77 [1]
28 82 [0]
8 103 [0]
2 106 [3]
9 101 [1]
9 100 [2]
8 100 [4]
1 111 [0]
5 107 [0]
5 101 [6]
4 101 [7]
16 96 [0]
17 96 [0]
7 101 [5]
8 104 [1]
8 105 [0]
39 74 [0]
7 106 [0]
27 86 [0]
5 102 [6]
4 106 [3]
2 109 [3]
22 92 [0]
7 107 [0]
19 95 [0]
11 100 [3]
1 107 [6]
29 85 [0]
2 107 [5]
50 64 [0]
4 105 [5]
8 107 [0]
0 112 [3]
0 108 [7]
3 107 [5]
10 101 [4]
10 106 [0]
5 111 [0]
1 115 [0]
7 105 [4]
4 112 [0]
4 109 [3]
27 82 [7]
0 110 [7]
5 112 [0]
8 108 [1]
2 108 [7]
10 105 [2]
10 103 [4]
12 101 [4]
27 87 [3]
6 112 [0]
2 116 [0]
49 68 [1]
34 84 [0]
8 110 [0]
9 107 [2]
12 106 [0]
35 82 [1]
16 102 [0]
2 110 [7]
2 117 [0]
8 111 [0]
6 106 [7]
57 62 [0]
14 103 [2]
16 98 [5]
6 114 [0]
3 117 [0]
2 118 [0]
5 115 [0]
10 109 [1]
0 117 [3]
4 115 [1]
27 91 [2]
16 104 [0]
10 110 [0]
22 97 [1]
9 112 [0]
16 103 [2]
13 103 [5]
12 109 [0]
22 99 [0]
7 109 [5]
4 111 [6]
1 121 [0]
1 118 [3]
10 108 [4]
6 109 [7]
0 115 [7]
6 111 [5]
14 108 [0]
9 111 [2]
4 113 [5]
1 119 [3]
0 123 [0]
0 120 [3]
4 119 [0]
10 111 [2]
9 109 [5]
45 78 [0]
2 120 [1]
49 72 [2]
4 120 [0]
7 117 [0]
7 113 [4]
2 119 [3]
10 112 [2]
9 113 [2]
11 114 [0]
2 123 [0]
8 113 [4]
1 124 [0]
16 108 [1]
7 114 [4]
8 116 [1]
9 114 [2]
7 119 [0]
0 126 [0]
33 93 [0]
2 124 [0]
5 117 [4]
4 122 [0]
36 90 [0]
8 114 [4]
38 87 [1]
11 113 [3]
6 121 [0]
5 116 [6]
50 75 [2]
7 120 [0]
9 118 [0]
27 98 [2]
42 85 [0]
8 115 [4]
1 120 [6]
8 117 [2]
0 128 [0]
9 117 [2]
1 127 [0]
5 123 [0]
9 115 [4]
20 106 [2]
2 126 [1]
1 125 [3]
23 100 [6]
2 127 [0]
10 119 [0]
1 122 [6]
16 110 [3]
20 109 [0]
27 102 [0]
4 126 [0]
27 103 [0]
5 118 [7]
6 124 [0]
8 122 [0]
5 120 [5]
9 121 [0]
2 125 [3]
7 118 [5]
2 122 [6]
10 121 [0]
2 129 [0]
27 104 [0]
7 124 [0]
6 118 [7]
12 119 [0]
39 92 [0]
6 120 [5]
0 132 [0]
8 123 [1]
10 120 [2]
12 118 [2]
4 121 [7]
8 118 [6]
5 122 [5]
6 126 [0]
6 119 [7]
16 116 [0]
8 120 [4]
9 124 [0]
61 72 [0]
9 122 [2]
7 121 [5]
6 122 [5]
0 134 [0]
4 130 [0]
8 126 [0]
22 112 [0]
1 130 [3]
0 127 [7]
3 126 [5]
1 134 [0]
8 121 [6]
9 125 [1]
2 133 [0]
8 127 [0]
5 124 [6]
5 126 [4]
53 82 [0]
12 121 [2]
0 129 [7]
50 86 [0]
6 130 [0]
4 125 [7]
8 124 [4]
25 105 [6]
11 126 [0]
7 126 [4]
7 125 [5]
8 128 [1]
2 136 [0]
5 133 [0]
0 138 [0]
6 127 [5]
8 129 [1]
5 127 [6]
44 94 [0]
27 108 [3]
6 125 [7]
7 132 [0]
0 139 [0]
9 130 [0]
16 123 [0]
12 125 [2]
8 125 [6]
69 70 [0]
64 75 [0]
10 130 [0]
2 131 [7]
0 133 [7]
8 131 [1]
2 139 [0]
1 140 [0]
10 131 [0]
1 137 [3]
20 119 [2]
10 132 [0]
0 142 [0]
8 134 [0]
0 135 [7]
8 133 [1]
7 130 [5]
23 113 [6]
10 128 [4]
4 137 [1]
27 110 [5]
1 138 [3]
56 87 [0]
2 141 [0]
0 136 [7]
28 110 [5]
6 137 [0]
14 129 [0]
10 129 [4]
21 115 [7]
23 114 [6]
39 97 [7]
69 73 [1]
6 132 [5]
51 93 [0]
48 90 [6]
8 135 [1]
7 137 [0]
8 130 [6]
8 132 [4]
22 122 [0]
14 128 [3]
5 140 [0]
9 132 [4]
10 135 [0]
50 91 [4]
15 124 [6]
5 134 [6]
8 136 [1]
27 116 [2]
6 140 [0]
34 105 [7]
10 136 [0]
8 137 [1]
7 134 [5]
14 131 [1]
8 139 [0]
6 141 [0]
10 137 [0]
9 134 [4]
14 133 [0]
16 131 [0]
1 143 [3]
2 142 [3]
60 88 [0]
7 141 [0]
16 129 [3]
4 144 [0]
8 140 [0]
2 143 [3]
10 138 [0]
16 128 [5]
2 147 [0]
50 98 [1]
1 145 [3]
5 138 [6]
9 140 [0]
16 133 [0]
31 118 [0]
6 138 [5]
33 117 [0]
3 147 [0]
9 141 [0]
5 139 [6]
7 138 [5]
9 137 [4]
8 138 [4]
0 148 [3]
8 142 [1]
38 108 [5]
0 144 [7]
4 148 [0]
15 137 [0]
9 143 [0]
6 144 [2]
10 140 [2]
27 123 [2]
16 136 [0]
2 149 [1]
8 143 [1]
10 141 [1]
14 135 [3]
2 151 [0]
50 102 [1]
10 143 [0]
12 141 [0]
38 110 [5]
1 146 [7]
5 143 [6]
0 154 [0]
1 150 [3]
50 104 [0]
30 124 [0]
21 132 [1]
9 145 [0]
2 152 [1]
4 151 [0]
6 147 [2]
2 146 [7]
9 142 [4]
21 134 [0]
7 144 [4]
4 145 [6]
9 144 [2]
5 145 [5]
27 128 [0]
45 106 [4]
1 151 [3]
1 148 [6]
18 137 [0]
2 154 [0]
8 144 [4]
4 152 [0]
4 147 [5]
10 142 [4]
2 148 [6]
16 139 [2]
1 156 [0]
39 111 [7]
0 150 [7]
8 145 [4]
29 127 [1]
10 145 [2]
7 147 [4]
10 148 [0]
4 149 [5]
11 144 [3]
14 142 [2]
39 112 [7]
1 154 [3]
10 149 [0]
79 80 [0]
1 152 [6]
1 155 [3]
8 147 [4]
14 143 [2]
51 107 [1]
5 149 [5]
6 148 [5]
9 148 [2]
64 91 [4]
2 158 [0]
0 160 [0]
10 146 [4]
4 156 [0]
6 154 [0]
7 153 [0]
8 148 [4]
2 157 [1]
45 109 [6]
8 152 [0]
7 149 [4]
16 142 [2]
8 146 [6]
13 142 [5]
10 150 [0]
9 152 [0]
9 151 [1]
20 141 [0]
75 86 [0]
5 150 [6]
1 157 [3]
6 153 [2]
6 150 [5]
13 143 [5]
28 128 [5]
8 149 [4]
10 152 [0]
5 157 [0]
3 159 [0]
7 150 [5]
4 153 [5]
8 150 [4]
16 146 [0]
0 155 [7]
27 133 [2]
8 155 [0]
27 136 [0]
0 156 [7]
9 150 [4]
12 151 [0]
28 133 [2]
7 151 [5]
6 152 [5]
28 136 [0]
0 157 [7]
6 151 [7]
9 153 [2]
1 164 [0]
5 154 [6]
49 115 [1]
0 158 [7]
8 153 [4]
8 151 [6]
7 159 [0]
1 165 [0]
8 158 [0]
27 139 [0]
38 128 [0]
2 163 [1]
5 155 [6]
8 157 [1]
0 163 [3]
2 165 [0]
1 166 [0]
24 143 [0]
11 153 [3]
5 156 [6]
6 159 [2]
27 135 [5]
0 161 [7]
4 164 [0]
22 145 [1]
4 159 [5]
56 110 [2]
5 163 [0]
50 116 [2]
28 135 [5]
9 160 [0]
2 167 [0]
9 156 [4]
0 162 [7]
10 157 [2]
5 158 [6]
42 127 [0]
7 157 [5]
51 117 [1]
2 164 [3]
7 163 [0]
8 161 [1]
1 163 [6]
22 148 [1]
2 169 [0]
8 162 [1]
8 159 [4]
2 168 [1]
5 160 [6]
5 161 [6]
1 171 [0]
4 168 [0]
47 125 [0]
64 104 [4]
38 129 [5]
7 160 [5]
4 165 [3]
6 166 [0]
4 163 [5]
8 160 [4]
50 123 [0]
27 146 [0]
13 155 [5]
14 157 [2]
75 98 [0]
2 170 [1]
0 174 [0]
1 173 [0]
8 166 [0]
22 152 [0]
9 164 [1]
1 170 [3]
9 163 [2]
38 131 [5]
0 167 [7]
1 168 [6]
8 167 [0]
0 175 [0]
2 173 [0]
9 166 [0]
38 135 [2]
10 163 [2]
13 157 [5]
7 164 [5]
2 174 [0]
16 155 [5]
38 136 [2]
10 166 [0]
6 168 [2]
0 173 [3]
10 162 [4]
0 169 [7]
0 170 [7]
16 161 [0]
0 177 [0]
2 175 [0]
28 146 [3]
38 133 [6]
7 165 [5]
4 166 [7]
5 168 [5]
1 177 [0]
3 173 [2]
8 164 [6]
75 102 [1]
0 171 [7]
5 173 [0]
6 165 [7]
5 167 [6]
10 168 [0]
16 162 [0]
7 166 [5]
8 169 [1]
12 164 [2]
7 172 [0]
2 177 [0]
21 156 [2]
7 168 [4]
8 171 [0]
14 162 [3]
76 103 [0]
8 168 [4]
79 100 [1]
1 176 [3]
80 100 [0]
6 172 [2]
25 149 [6]
5 170 [6]
4 177 [0]
0 181 [0]
12 165 [4]
2 176 [3]
7 174 [0]
10 171 [0]
4 171 [6]
5 171 [6]
5 177 [0]
0 179 [3]
40 142 [0]
3 174 [5]
6 174 [2]
2 179 [1]
3 180 [0]
75 104 [4]
10 169 [4]
6 177 [0]
2 178 [3]
9 174 [0]
11 172 [0]
68 115 [0]
0 176 [7]
21 160 [2]
49 134 [0]
14 169 [0]
0 184 [0]
4 180 [0]
86 98 [0]
7 173 [4]
4 179 [1]
39 145 [0]
9 173 [2]
89 95 [0]
29 154 [1]
8 172 [4]
56 128 [0]
10 170 [4]
27 155 [2]
36 147 [1]
83 101 [0]
8 176 [1]
4 181 [0]
0 185 [0]
16 167 [2]
13 167 [5]
4 178 [3]
8 177 [0]
20 165 [0]
8 174 [4]
1 179 [6]
4 182 [0]
14 170 [2]
1 182 [3]
39 140 [7]
9 177 [0]
45 141 [0]
2 183 [1]
35 146 [5]
5 175 [6]
5 182 [0]
2 184 [1]
56 131 [0]
1 183 [3]
6 181 [0]
27 158 [2]
5 176 [6]
27 161 [0]
1 187 [0]
5 183 [0]
4 183 [1]
25 163 [0]
10 178 [0]
13 170 [5]
16 170 [2]
2 187 [0]
8 182 [0]
1 189 [0]
34 149 [7]
7 183 [0]
9 179 [2]
6 179 [5]
7 178 [5]
5 180 [5]
56 129 [5]
16 169 [5]
56 135 [0]
7 184 [0]
0 191 [0]
75 116 [0]
6 185 [0]
9 180 [2]
8 183 [0]
5 181 [5]
9 182 [0]
7 180 [4]
6 178 [7]
16 175 [0]
8 179 [4]
12 178 [1]
9 183 [0]
8 180 [4]
1 191 [0]
5 187 [0]
7 185 [0]
9 181 [2]
50 139 [3]
10 181 [2]
1 192 [0]
2 191 [0]
79 113 [1]
6 182 [5]
13 175 [5]
4 184 [5]
0 186 [7]
22 171 [0]
79 114 [0]
80 113 [0]
10 182 [2]
2 192 [0]
16 176 [2]
13 176 [5]
5 184 [5]
0 187 [7]
27 162 [5]
9 184 [2]
7 188 [0]
2 186 [7]
8 187 [0]
0 192 [3]
8 186 [1]
10 183 [2]
10 185 [0]
87 108 [0]
6 190 [0]
2 194 [0]
42 154 [0]
36 159 [1]
2 193 [1]
27 167 [2]
0 193 [3]
28 169 [0]
4 188 [5]
8 189 [0]
0 194 [3]
9 185 [4]
8 190 [0]
56 136 [6]
1 197 [0]
2 189 [7]
2 196 [0]
47 151 [0]
75 123 [0]
9 190 [0]
1 195 [3]
0 199 [0]
9 188 [2]
4 195 [0]
8 191 [0]
4 190 [5]
11 188 [0]
27 170 [2]
98 102 [0]
23 174 [3]
4 191 [5]
5 195 [0]
5 189 [6]
9 191 [0]
8 188 [4]
20 178 [2]
22 179 [0]
11 190 [0]
53 146 [2]
1 194 [6]
7 190 [4]
48 147 [6]
23 172 [6]
80 114 [7]
69 132 [1]
7 195 [0]
27 175 [0]
68 134 [0]
1 198 [3]
6 191 [5]
4 193 [5]
10 192 [0]
5 192 [5]
3 194 [5]
16 187 [0]
6 197 [0]
32 171 [0]
7 192 [4]
2 200 [1]
1 196 [6]
1 199 [3]
5 194 [4]
14 186 [3]
22 181 [0]
0 201 [3]
1 203 [0]
0 197 [7]
9 195 [0]
8 194 [2]
8 192 [4]
7 193 [4]
9 193 [2]
92 112 [0]
49 156 [0]
5 200 [0]
0 205 [0]
4 196 [5]
15 183 [7]
7 194 [4]
27 176 [2]
38 162 [5]
83 121 [1]
13 187 [5]
1 201 [3]
0 198 [7]
73 132 [0]
10 193 [2]
9 194 [2]
8 198 [0]
10 196 [0]
16 189 [1]
6 195 [5]
6 196 [5]
10 195 [2]
16 186 [5]
5 197 [5]
2 198 [7]
69 138 [0]
9 196 [2]
8 195 [4]
2 206 [0]
1 207 [0]
97 111 [0]
4 203 [1]
21 185 [2]
9 199 [0]
70 138 [0]
10 198 [0]
8 196 [4]
50 158 [0]
3 200 [5]
5 198 [6]
25 184 [0]
50 155 [4]
38 169 [2]
8 201 [0]
4 200 [5]
0 202 [7]
8 197 [4]
4 199 [6]
10 197 [2]
1 209 [0]
0 203 [7]
2 205 [3]
6 199 [5]
4 206 [0]
49 160 [1]
88 122 [0]
8 203 [0]
7 200 [4]
9 200 [2]
2 208 [1]
7 199 [5]
0 204 [7]
8 202 [1]
6 201 [5]
2 210 [0]
4 208 [0]
41 171 [0]
85 127 [0]
5 201 [6]
8 200 [4]
8 205 [0]
83 130 [0]
1 212 [0]
33 173 [7]
2 211 [0]
10 201 [2]
5 208 [0]
100 113 [0]
47 164 [2]
6 200 [7]
1 206 [6]
48 159 [6]
50 161 [2]
16 198 [0]
1 213 [0]
75 139 [0]
100 114 [0]
5 203 [6]
7 208 [0]
8 207 [0]
17 198 [0]
14 198 [3]
2 212 [1]
7 203 [5]
10 203 [2]
5 204 [6]
5 205 [6]
21 195 [0]
0 209 [7]
5 206 [5]
5 211 [0]
28 186 [2]
2 207 [7]
27 189 [0]
5 210 [1]
98 116 [2]
23 188 [6]
0 217 [0]
6 211 [0]
13 204 [0]
2 209 [6]
9 206 [2]
0 210 [7]
6 206 [5]
8 206 [4]
22 196 [0]
87 129 [2]
0 211 [7]
8 210 [0]
102 116 [0]
27 186 [5]
1 215 [3]
6 212 [1]
2 216 [1]
14 202 [3]
36 180 [3]
10 205 [4]
9 208 [2]
2 214 [3]
69 150 [1]
34 184 [2]
87 131 [2]
6 213 [1]
6 209 [5]
56 162 [2]
10 208 [2]
22 197 [1]
5 209 [6]
2 219 [0]
0 221 [0]
28 189 [4]
9 212 [0]
50 167 [4]
1 217 [3]
2 220 [0]
5 217 [0]
21 199 [2]
16 204 [2]
14 205 [3]
2 217 [3]
0 223 [0]
4 219 [0]
4 218 [1]
16 202 [5]
8 211 [4]
9 214 [0]
64 155 [4]
25 192 [6]
13 210 [0]
5 216 [2]
0 224 [0]
16 207 [1]
7 212 [5]
5 213 [6]
21 203 [0]
2 221 [1]
22 201 [1]
25 193 [6]
68 156 [0]
8 212 [4]
79 144 [1]
102 123 [0]
5 220 [0]
4 216 [5]
106 119 [0]
10 213 [2]
8 213 [4]
10 214 [1]
0 218 [7]
50 175 [0]
51 173 [1]
56 169 [0]
7 213 [5]
8 217 [1]
29 197 [0]
38 186 [2]
4 215 [7]
6 220 [0]
4 222 [0]
9 213 [4]
6 216 [4]
7 214 [5]
7 219 [0]
16 205 [5]
9 216 [2]
6 219 [2]
0 220 [7]
7 216 [4]
4 223 [0]
6 214 [7]
3 219 [5]
39 181 [7]
9 218 [0]
11 216 [0]
5 215 [7]
7 215 [5]
5 223 [0]
7 221 [0]
8 220 [0]
8 216 [4]
16 210 [2]
1 224 [3]
39 182 [7]
5 224 [0]
6 221 [2]
12 215 [2]
3 221 [5]
10 215 [4]
8 215 [6]
5 218 [6]
6 224 [0]
8 218 [4]
15 213 [2]
7 218 [5]
9 222 [0]
1 230 [0]
48 180 [3]
7 224 [0]
80 144 [7]
57 174 [0]
8 219 [4]
5 227 [0]
9 223 [0]
5 222 [5]
28 202 [2]
9 221 [2]
1 228 [3]
22 209 [1]
79 153 [1]
22 211 [0]
75 158 [0]
1 232 [0]
0 226 [7]
27 204 [2]
28 205 [0]
15 212 [6]
6 222 [5]
2 228 [3]
34 193 [6]
68 160 [5]
6 228 [0]
8 225 [1]
2 229 [3]
20 214 [0]
27 207 [0]
0 227 [7]
4 224 [6]
10 222 [2]
27 202 [5]
2 225 [7]
4 230 [1]
55 180 [0]
13 217 [5]
16 217 [2]
10 223 [2]
8 227 [0]
64 167 [4]
9 226 [0]
75 161 [0]
4 232 [0]
28 207 [1]
8 224 [4]
10 224 [2]
0 229 [7]
8 229 [0]
90 147 [0]
97 140 [0]
0 230 [7]
0 234 [3]
6 226 [5]
29 209 [0]
10 228 [0]
2 235 [1]
4 234 [0]
10 226 [2]
7 226 [5]
2 233 [3]
0 231 [7]
21 218 [0]
0 239 [0]
4 235 [0]
8 231 [0]
6 232 [1]
85 154 [0]
4 228 [7]
2 231 [6]
25 208 [6]
36 200 [3]
10 225 [4]
5 235 [0]
2 238 [0]
10 230 [0]
80 153 [7]
5 229 [6]
29 211 [0]
14 225 [1]
38 202 [0]
64 176 [0]
5 228 [7]
1 237 [3]
98 139 [4]
5 230 [6]
2 239 [0]
4 237 [0]
0 238 [3]
8 232 [1]
1 234 [6]
0 242 [0]
4 238 [0]
5 237 [0]
5 231 [6]
22 220 [0]
56 186 [0]
7 230 [5]
34 208 [0]
5 238 [0]
0 243 [0]
1 242 [0]
6 237 [0]
1 239 [3]
97 145 [1]
64 175 [4]
9 234 [0]
30 212 [1]
0 236 [7]
16 227 [0]
9 235 [0]
16 225 [3]
3 241 [0]
7 232 [5]
12 228 [4]
2 241 [1]
53 189 [2]
5 234 [5]
10 233 [1]
22 222 [1]
23 221 [1]
7 234 [4]
8 237 [0]
2 236 [7]
35 207 [3]
8 236 [1]
2 240 [3]
7 233 [5]
9 232 [4]
6 240 [0]
22 223 [1]
10 234 [2]
43 203 [0]
6 233 [7]
54 192 [0]
21 224 [1]
8 234 [4]
9 238 [0]
5 242 [0]
1 246 [0]
6 241 [0]
10 235 [2]
7 240 [0]
9 233 [5]
4 242 [1]
4 240 [3]
10 238 [0]
0 248 [0]
7 241 [0]
9 239 [0]
20 228 [0]
8 239 [1]
1 244 [3]
0 249 [0]
5 244 [0]
38 205 [6]
87 162 [0]
10 237 [2]
4 241 [5]
14 236 [0]
6 244 [0]
109 141 [0]
49 199 [2]
10 236 [4]
8 238 [4]
30 213 [7]
90 159 [1]
0 251 [0]
5 246 [0]
2 246 [3]
8 243 [0]
10 239 [2]
10 240 [1]
121 130 [0]
7 239 [5]
0 244 [7]
42 209 [0]
111 140 [0]
79 172 [1]
5 247 [0]
7 245 [0]
10 242 [0]
15 232 [5]
2 244 [6]
1 248 [3]
3 245 [5]
1 252 [0]
8 241 [4]
42 211 [0]
12 240 [1]
20 233 [0]
4 248 [1]
0 254 [0]
105 149 [0]
1 250 [3]
4 245 [5]
69 185 [0]
7 242 [5]
22 231 [1]
13 239 [2]
36 216 [3]
2 253 [0]
5 250 [0]
64 187 [4]
14 239 [2]
7 248 [0]
18 232 [5]
1 251 [3]
16 236 [3]
2 252 [1]
27 229 [0]
9 245 [2]
21 230 [5]
36 219 [1]
27 227 [2]
1 249 [6]
4 251 [1]
2 255 [0]
2 254 [1]
2 249 [6]
10 247 [0]
8 245 [4]
4 246 [7]
0 250 [7]
10 243 [4]
1 257 [0]
0 258 [0]
9 247 [2]
50 204 [4]
4 249 [5]
4 254 [0]
6 252 [0]
8 250 [0]
10 248 [0]
7 246 [5]
56 202 [0]
6 247 [5]
6 246 [7]
0 259 [0]
16 243 [0]
5 249 [5]
80 172 [7]
25 234 [0]
10 250 [0]
8 248 [4]
8 252 [0]
98 158 [4]
6 249 [5]
129 131 [0]
73 185 [2]
25 235 [0]
14 243 [3]
6 253 [2]
1 260 [0]
0 261 [0]
6 255 [0]
10 249 [2]
4 252 [5]
61 199 [1]
29 231 [1]
0 262 [0]
2 260 [0]
53 207 [2]
5 255 [2]
20 240 [2]
5 251 [6]
2 259 [1]
12 246 [4]
7 250 [5]
10 252 [0]
4 253 [5]
25 238 [0]
21 242 [0]
66 197 [0]
0 256 [7]
27 236 [0]
128 135 [0]
38 225 [0]
10 251 [2]
9 252 [2]
8 251 [4]
9 253 [2]
1 263 [0]
10 254 [0]
98 161 [5]
4 255 [5]
7 253 [4]
5 254 [5]
42 220 [2]
0 257 [7]
8 253 [4]
7 254 [4]
8 256 [1]
45 214 [6]
1 261 [3]
91 175 [0]
2 264 [0]
5 261 [0]
8 254 [4]
7 255 [4]
102 161 [3]
2 257 [7]
2 261 [3]
48 219 [0]
5 262 [0]
0 260 [7]
8 258 [1]
3 259 [5]
6 259 [2]
8 255 [4]
20 246 [2]
9 259 [0]
84 184 [0]
1 264 [3]
49 218 [1]
5 257 [6]
39 222 [7]
79 188 [1]
21 248 [0]
6 263 [0]
8 261 [0]
11 255 [3]
39 223 [7]
0 270 [0]
7 263 [0]
80 190 [0]
10 256 [4]
7 259 [4]
2 265 [3]
66 201 [3]
79 190 [1]
22 247 [1]
4 267 [0]
14 257 [0]
82 189 [0]
106 165 [0]
115 156 [0]
10 257 [4]
5 260 [6]
34 238 [0]
64 204 [4]
0 265 [7]
1 268 [3]
14 256 [3]
29 244 [0]
2 271 [0]
1 269 [3]
8 265 [0]
4 268 [1]
2 270 [1]
4 263 [6]
8 264 [1]
17 257 [0]
5 269 [0]
1 270 [3]
16 257 [1]
7 267 [0]
8 266 [0]
4 269 [1]
64 210 [0]
13 261 [0]
22 252 [0]
21 250 [3]
7 268 [0]
0 275 [0]
21 251 [3]
14 258 [3]
42 231 [2]
1 274 [0]
6 268 [1]
2 273 [0]
8 267 [0]
9 266 [0]
5 264 [6]
27 243 [5]
1 271 [3]
39 237 [0]
99 177 [0]
9 263 [4]
43 230 [3]
0 269 [7]
34 235 [7]
84 193 [0]
6 271 [0]
9 268 [0]
8 268 [1]
1 273 [3]
16 261 [0]
7 266 [4]
45 233 [0]
7 271 [0]
9 267 [2]
13 260 [5]
0 271 [7]
2 277 [0]
14 265 [0]
1 275 [3]
57 221 [1]
50 227 [2]
99 179 [1]
0 272 [7]
38 236 [5]
100 172 [7]
2 278 [0]
0 280 [0]
8 271 [1]
0 273 [7]
13 262 [5]
1 276 [3]
56 225 [0]
7 269 [5]
6 274 [1]
2 272 [7]
16 260 [5]
127 154 [0]
8 273 [0]
8 272 [1]
16 265 [0]
8 269 [4]
36 245 [0]
5 271 [6]
0 276 [7]
6 277 [0]
11 266 [6]
7 276 [0]
38 243 [2]
16 262 [5]
9 271 [4]
5 273 [6]
119 165 [0]
4 277 [3]
1 280 [3]
106 178 [1]
0 285 [0]
2 283 [0]
9 276 [0]
5 274 [6]
64 217 [4]
16 264 [5]
23 259 [3]
28 258 [0]
0 286 [0]
10 272 [4]
7 274 [5]
6 278 [2]
8 274 [4]
0 279 [7]
6 280 [0]
58 228 [0]
9 277 [0]
6 275 [5]
3 278 [5]
10 276 [0]
21 263 [2]
114 172 [0]
14 272 [1]
7 275 [5]
5 276 [6]
4 278 [5]
10 275 [2]
9 274 [4]
6 276 [5]
8 275 [4]
16 270 [2]
34 254 [0]
1 281 [6]
120 168 [0]
13 270 [5]
1 284 [3]
42 244 [2]
9 275 [4]
8 279 [1]
43 242 [3]
48 241 [0]
2 287 [0]
1 288 [0]
13 271 [5]
36 253 [0]
28 256 [5]
1 285 [3]
27 260 [2]
121 166 [2]
7 278 [4]
82 207 [0]
100 188 [1]
2 281 [6]
2 284 [3]
12 277 [0]
15 274 [0]
1 289 [0]
0 290 [0]
8 282 [0]
27 261 [2]
1 283 [6]
5 279 [6]
9 281 [0]
1 286 [3]
0 287 [3]
6 282 [2]
10 280 [0]
4 280 [6]
27 258 [5]
1 290 [0]
3 288 [0]
8 283 [0]
9 282 [0]
4 281 [6]
4 282 [5]
36 255 [0]
7 277 [7]
16 272 [3]
68 218 [5]
5 287 [0]
6 286 [0]
99 191 [2]
6 281 [5]
8 280 [4]
11 282 [0]
9 284 [0]
0 293 [0]
18 268 [7]
8 281 [4]
21 269 [3]
44 249 [0]
39 247 [7]
7 282 [4]
27 264 [2]
48 245 [0]
100 190 [3]
112 181 [0]
2 290 [1]
43 251 [0]
9 283 [2]
134 160 [0]
27 265 [2]
7 287 [0]
43 250 [1]
88 206 [0]
6 283 [5]
43 248 [3]
38 256 [0]
111 182 [1]
10 283 [2]
84 208 [3]
23 266 [6]
28 265 [2]
2 292 [1]
10 284 [1]
2 288 [5]
38 258 [0]
5 285 [6]
85 209 [2]
10 286 [0]
23 267 [6]
5 284 [7]
0 289 [7]
1 292 [3]
85 211 [0]
130 166 [0]
7 284 [5]
69 226 [1]
119 178 [0]
6 284 [7]
5 288 [4]
8 285 [4]
2 289 [6]
10 285 [2]
8 289 [0]
139 158 [0]
5 286 [6]
144 153 [0]
91 204 [2]
8 290 [0]
8 286 [4]
7 286 [5]
8 288 [2]
20 277 [1]
2 293 [3]
1 294 [3]
56 243 [0]
5 289 [5]
27 270 [2]
6 291 [2]
8 287 [4]
1 295 [3]
7 288 [4]
10 287 [2]
148 152 [0]
1 296 [3]
83 215 [2]
12 284 [4]
6 289 [5]
9 291 [0]
55 245 [0]
4 291 [5]
27 273 [0]
2 299 [0]
5 290 [6]
10 289 [2]
0 294 [7]
48 253 [0]
107 194 [0]
2 298 [1]
113 188 [0]
4 296 [1]
8 293 [1]
0 295 [7]
1 298 [3]
7 291 [4]
73 226 [3]
7 296 [0]
2 301 [0]
1 299 [3]
8 291 [4]
2 295 [6]
0 297 [6]
5 292 [6]
2 297 [5]
0 304 [0]
5 293 [6]
22 281 [1]
5 299 [0]
10 294 [0]
10 290 [4]
7 292 [5]
0 301 [3]
10 292 [2]
4 294 [6]
30 274 [0]
1 300 [3]
8 292 [4]
0 305 [0]
9 296 [0]
4 300 [1]
22 283 [0]
6 294 [5]
9 292 [4]
5 294 [6]
0 298 [7]
8 296 [1]
58 246 [1]
3 297 [5]
21 285 [0]
14 290 [2]
5 297 [4]
1 302 [3]
0 299 [7]
20 284 [2]
8 298 [0]
6 295 [5]
147 159 [0]
8 294 [4]
75 229 [3]
1 306 [0]
4 303 [0]
15 292 [0]
9 294 [4]
22 280 [5]
4 302 [1]
75 227 [5]
27 279 [2]
9 297 [2]
8 299 [1]
13 290 [5]
7 297 [4]
2 307 [0]
7 302 [0]
8 301 [0]
5 298 [6]
85 220 [4]
38 265 [6]
8 300 [1]
2 308 [0]
29 280 [1]
22 289 [0]
0 311 [0]
5 301 [5]
1 309 [1]
1 307 [3]
0 308 [3]
3 303 [5]
50 262 [0]
5 307 [0]
9 303 [0]
13 299 [0]
7 301 [4]
43 269 [0]
32 280 [1]
1 312 [0]
9 304 [0]
4 304 [5]
6 302 [5]
5 302 [6]
9 300 [4]
10 301 [2]
8 306 [0]
0 314 [0]
1 310 [3]
4 310 [0]
56 256 [2]
5 304 [5]
3 309 [2]
16 298 [0]
23 291 [0]
8 305 [1]
7 303 [4]
9 302 [4]
1 314 [0]
151 164 [0]
0 309 [6]
38 272 [5]
5 310 [0]
9 306 [0]
21 294 [0]
7 309 [0]
13 298 [5]
2 313 [1]
8 304 [4]
2 309 [5]
9 307 [0]
85 231 [0]
49 263 [4]
101 215 [0]
10 304 [2]
1 316 [0]
27 290 [0]
4 308 [5]
5 306 [6]
16 299 [2]
132 185 [0]
3 315 [0]
5 313 [0]
0 315 [3]
25 287 [6]
2 315 [1]
9 310 [0]
0 319 [0]
4 315 [0]
92 223 [4]
8 307 [4]
9 308 [2]
7 307 [5]
8 311 [0]
10 305 [4]
6 308 [5]
10 307 [2]
2 318 [0]
8 312 [0]
14 306 [0]
10 306 [4]
56 258 [6]
0 313 [7]
84 235 [1]
8 308 [4]
9 309 [2]
10 308 [2]
2 317 [1]
5 316 [0]
1 320 [0]
33 288 [0]
34 287 [0]
18 296 [7]
8 310 [4]
5 311 [6]
4 312 [6]
14 305 [3]
27 293 [2]
9 312 [2]
0 323 [0]
6 316 [1]
6 317 [0]
8 315 [0]
8 314 [1]
6 312 [5]
87 236 [0]
8 316 [0]
4 320 [0]
1 323 [0]
7 312 [5]
5 319 [0]
7 317 [0]
45 277 [2]
50 270 [4]
13 306 [5]
10 312 [2]
64 260 [0]
29 295 [1]
18 300 [7]
98 227 [0]
3 317 [5]
6 315 [4]
0 322 [3]
1 321 [3]
2 321 [3]
2 324 [0]
1 325 [0]
109 214 [3]
6 320 [0]
10 316 [0]
7 315 [4]
3 322 [2]
56 265 [6]
0 324 [3]
61 263 [4]
4 324 [0]
122 206 [0]
7 316 [5]
0 321 [7]
8 319 [1]
50 273 [5]
27 299 [2]
8 317 [4]
1 328 [0]
5 324 [0]
8 321 [0]
2 322 [5]
9 320 [0]
102 227 [1]
56 272 [2]
10 320 [0]
64 262 [4]
1 326 [3]
7 318 [5]
2 327 [1]
21 302 [7]
0 327 [3]
16 313 [2]
22 308 [1]
1 324 [6]
13 313 [5]
8 323 [0]
85 244 [2]
98 229 [4]
21 310 [0]
6 318 [7]
25 301 [6]
4 328 [0]
16 314 [2]
0 325 [7]
43 285 [4]
16 311 [5]
5 321 [6]
11 315 [6]
50 279 [3]
7 320 [5]
64 264 [4]
48 278 [6]
13 314 [5]
2 331 [0]
21 312 [0]
9 318 [6]
10 323 [0]
7 322 [4]
9 322 [2]
6 328 [0]
8 325 [1]
64 270 [0]
97 237 [0]
6 323 [5]
3 327 [5]
5 330 [0]
112 223 [0]
112 222 [1]
9 324 [2]
42 289 [4]
25 304 [6]
7 324 [4]
24 306 [5]
3 328 [5]
2 334 [0]
0 329 [7]
4 327 [5]
8 324 [4]
4 326 [6]
1 332 [3]
124 212 [0]
5 325 [6]
2 335 [0]
9 328 [0]
6 327 [4]
33 297 [7]
8 327 [2]
5 326 [6]
2 332 [3]
1 333 [3]
11 327 [0]
8 328 [2]
8 329 [1]
7 327 [4]
8 326 [4]
7 331 [0]
20 318 [0]
15 316 [7]
10 326 [2]
27 311 [0]
2 329 [7]
34 304 [0]
3 336 [0]
36 303 [0]
7 328 [4]
4 332 [3]
6 334 [0]
2 338 [0]
9 331 [0]
10 330 [0]
27 313 [0]
4 330 [6]
4 331 [5]
18 320 [2]
16 319 [5]
6 335 [0]
2 339 [0]
5 331 [5]
6 330 [5]
9 330 [2]
7 334 [0]
16 325 [0]
10 332 [0]
3 339 [0]
51 288 [3]
4 335 [3]
1 338 [3]
15 320 [7]
75 264 [4]
0 343 [0]
27 314 [2]
1 336 [6]
10 329 [4]
5 333 [5]
4 333 [6]
9 334 [0]
94 249 [0]
50 293 [0]
2 340 [1]
33 309 [1]
1 340 [3]
7 332 [5]
2 342 [0]
9 333 [2]
42 295 [7]
148 196 [0]
69 275 [0]
6 332 [7]
6 337 [2]
109 233 [3]
4 336 [5]
38 305 [2]
10 333 [2]
22 323 [0]
8 333 [4]
4 338 [3]
69 276 [0]
79 267 [0]
9 337 [0]
8 336 [2]
6 336 [4]
27 319 [0]
90 253 [3]
70 276 [0]
79 266 [1]
1 346 [0]
8 339 [0]
6 340 [1]
7 336 [4]
7 335 [5]
51 297 [0]
8 340 [0]
75 273 [0]
6 342 [0]
4 339 [5]
9 339 [0]
10 338 [0]
12 335 [1]
16 329 [3]
12 332 [4]
7 337 [4]
2 341 [5]
111 237 [1]
1 345 [3]
5 339 [5]
3 341 [5]
8 337 [4]
0 350 [0]
9 341 [0]
27 321 [2]
3 342 [5]
5 341 [4]
7 339 [4]
7 338 [5]
48 303 [0]
0 351 [0]
6 338 [7]
5 346 [0]
6 345 [0]
73 275 [3]
8 341 [2]
4 342 [5]
0 344 [7]
11 337 [3]
49 302 [0]
91 260 [0]
2 343 [7]
5 347 [0]
2 350 [0]
8 343 [1]
37 315 [0]
7 341 [4]
0 345 [7]
1 348 [3]
7 340 [5]
3 350 [0]
29 323 [1]
22 326 [5]
30 316 [7]
22 330 [1]
80 266 [7]
4 349 [0]
2 346 [6]
4 350 [0]
6 348 [0]
2 349 [3]
20 332 [2]
9 345 [0]
12 338 [4]
36 317 [1]
8 342 [4]
91 262 [1]
27 325 [2]
22 333 [0]
20 335 [0]
7 348 [0]
78 277 [0]
141 214 [0]
15 340 [0]
1 351 [3]
5 344 [6]
129 225 [2]
69 286 [1]
1 352 [3]
32 323 [1]
25 331 [0]
5 345 [6]
131 225 [0]
4 346 [6]
25 324 [7]
1 356 [0]
5 352 [0]
70 286 [1]
10 343 [4]
10 345 [2]
2 355 [0]
13 344 [0]
6 346 [5]
1 350 [6]
7 345 [5]
9 346 [2]
14 344 [0]
4 348 [6]
5 353 [0]
10 344 [4]
8 346 [4]
9 347 [2]
6 347 [5]
55 303 [0]
1 354 [3]
132 226 [0]
14 343 [1]
2 356 [1]
5 354 [0]
8 347 [4]
2 351 [6]
29 326 [4]
105 254 [0]
1 355 [3]
75 279 [5]
10 347 [2]
112 247 [0]
119 240 [0]
32 326 [1]
2 354 [3]
23 337 [0]
0 360 [0]
4 356 [0]
20 334 [6]
49 310 [1]
0 353 [7]
8 350 [2]
4 357 [0]
9 352 [0]
1 360 [0]
9 350 [2]
9 348 [4]
50 311 [0]
51 309 [1]
7 350 [4]
7 349 [5]
0 354 [7]
4 351 [6]
64 298 [0]
8 354 [0]
6 356 [0]
6 349 [7]
16 344 [2]
4 352 [6]
19 336 [7]
16 343 [3]
0 355 [7]
33 322 [7]
6 351 [5]
91 270 [1]
86 273 [4]
176 187 [0]
10 351 [2]
1 359 [3]
50 313 [0]
8 351 [4]
61 302 [0]
2 360 [1]
8 352 [4]
5 359 [0]
8 355 [1]
10 352 [2]
9 356 [0]
10 355 [0]
34 331 [0]
12 349 [4]
0 358 [7]
1 365 [0]
4 362 [0]
8 358 [0]
147 219 [0]
2 363 [1]
1 362 [3]
8 359 [0]
0 364 [3]
2 358 [7]
10 353 [4]
56 305 [6]
8 360 [0]
1 367 [0]
104 264 [0]
1 361 [6]
177 191 [0]
7 357 [4]
10 354 [4]
50 314 [4]
8 356 [4]
2 361 [5]
9 355 [4]
139 229 [0]
88 281 [0]
5 364 [0]
6 363 [0]
14 353 [2]
3 361 [5]
2 366 [1]
45 318 [6]
4 359 [6]
8 357 [4]
0 362 [7]
50 319 [0]
137 232 [0]
21 348 [0]
80 282 [7]
7 363 [0]
2 368 [0]
5 363 [2]
2 365 [3]
5 365 [0]
6 359 [5]
9 361 [0]
10 360 [0]
5 361 [4]
19 350 [1]
16 354 [0]
27 344 [0]
8 363 [0]
0 371 [0]
20 349 [2]
48 317 [6]
10 359 [2]
79 291 [1]
14 355 [2]
8 361 [2]
13 353 [5]
10 358 [4]
30 340 [2]
4 363 [5]
38 329 [5]
75 293 [4]
7 361 [4]
100 266 [6]
9 359 [4]
22 351 [0]
0 373 [0]
4 364 [5]
5 362 [6]
13 355 [5]
5 366 [2]
10 364 [0]
1 373 [0]
8 366 [0]
2 371 [1]
8 362 [4]
100 267 [7]
8 365 [1]
33 341 [0]
51 322 [1]
128 243 [3]
141 233 [1]
4 371 [0]
2 370 [3]
2 373 [0]
9 364 [2]
5 370 [0]
22 352 [1]
4 366 [5]
14 360 [2]
0 369 [7]
50 321 [5]
36 339 [1]
39 330 [7]
8 364 [4]
6 368 [2]
3 368 [5]
6 366 [4]
2 374 [1]
6 371 [0]
0 370 [7]
4 367 [6]
8 369 [0]
16 358 [3]
64 313 [0]
11 363 [3]
7 366 [4]
4 368 [5]
9 369 [0]
7 371 [0]
0 378 [0]
80 291 [7]
5 367 [6]
6 367 [5]
1 371 [6]
22 356 [0]
13 360 [5]
4 375 [0]
2 377 [0]
0 379 [0]
0 372 [7]
8 370 [1]
175 204 [0]
24 355 [0]
45 334 [0]
10 367 [2]
36 342 [1]
8 367 [4]
98 279 [3]
2 378 [0]
0 380 [0]
6 374 [0]
6 369 [5]
1 376 [3]
11 366 [3]
9 371 [0]
50 325 [5]
21 359 [0]
8 368 [4]
68 310 [2]
114 266 [0]
102 279 [0]
1 380 [0]
5 376 [0]
10 369 [2]
8 372 [1]
29 351 [1]
7 369 [5]
5 371 [5]
5 374 [2]
93 288 [0]
10 371 [0]
2 380 [0]
1 378 [3]
64 314 [4]
0 375 [7]
7 375 [0]
8 374 [0]
28 354 [0]
27 353 [2]
100 282 [0]
3 375 [5]
1 382 [0]
5 378 [0]
86 293 [4]
6 375 [2]
16 365 [2]
8 375 [0]
10 373 [0]
27 354 [2]
21 362 [0]
5 372 [6]
45 338 [0]
2 382 [0]
14 370 [0]
24 360 [0]
128 256 [0]
85 295 [4]
3 379 [2]
5 373 [6]
1 381 [3]
5 380 [0]
0 382 [3]
8 377 [0]
8 373 [4]
7 374 [4]
1 377 [7]
9 375 [2]
11 375 [0]
9 376 [1]
23 357 [6]
38 343 [5]
2 379 [5]
4 376 [7]
6 381 [0]
2 384 [1]
56 329 [2]
113 267 [7]
158 229 [0]
176 210 [1]
5 377 [6]
2 386 [0]
186 202 [0]
16 372 [0]
21 367 [0]
3 380 [5]
7 376 [5]
11 374 [3]
0 381 [7]
2 383 [3]
1 388 [0]
9 380 [0]
25 364 [0]
2 381 [6]
9 379 [2]
1 389 [0]
4 383 [3]
8 382 [0]
7 379 [4]
7 378 [5]
1 386 [3]
0 387 [3]
4 385 [1]
27 358 [5]
8 376 [6]
8 380 [2]
10 378 [2]
12 376 [2]
1 390 [0]
4 387 [0]
0 388 [3]
5 386 [0]
7 384 [0]
21 369 [1]
75 311 [5]
1 387 [3]
135 256 [0]
2 388 [1]
27 365 [0]
2 390 [0]
5 382 [5]
105 287 [0]
39 352 [1]
5 381 [6]
0 385 [7]
6 384 [2]
3 384 [5]
0 393 [0]
6 387 [0]
176 217 [0]
51 341 [1]
39 347 [7]
7 382 [4]
10 383 [1]
2 389 [3]
14 378 [2]
0 391 [3]
16 377 [1]
2 391 [1]
0 395 [0]
8 386 [1]
174 221 [0]
9 386 [0]
147 241 [7]
22 373 [0]
98 293 [4]
13 378 [5]
5 385 [6]
75 321 [0]
12 383 [1]
0 389 [7]
6 383 [7]
48 342 [6]
4 392 [0]
9 387 [0]
8 384 [4]
10 387 [0]
1 396 [0]
100 291 [6]
7 385 [5]
10 385 [2]
187 210 [0]
34 364 [0]
0 398 [0]
10 388 [0]
5 388 [5]
28 370 [0]
124 274 [0]
8 389 [1]
197 201 [0]
1 394 [3]
6 388 [5]
4 395 [0]
27 372 [0]
27 370 [2]
2 394 [3]
1 395 [3]
9 388 [2]
75 319 [5]
55 339 [6]
36 363 [1]
2 398 [0]
5 389 [6]
8 388 [4]
4 391 [5]
9 391 [0]
10 386 [4]
75 325 [0]
5 396 [0]
5 390 [6]
0 394 [7]
38 358 [5]
14 386 [2]
4 393 [5]
7 391 [4]
7 392 [4]
181 222 [0]
5 393 [5]
29 373 [1]
77 326 [0]
8 394 [1]
8 392 [4]
0 397 [7]
4 400 [0]
9 393 [2]
2 401 [1]
122 281 [1]
8 396 [0]
8 390 [6]
152 252 [0]
1 400 [3]
2 403 [0]
9 396 [0]
137 268 [0]
20 383 [2]
10 393 [2]
8 393 [4]
16 390 [0]
1 405 [0]
0 399 [7]
4 402 [0]
4 396 [6]
10 396 [0]
1 402 [3]
5 395 [6]
21 385 [0]
2 405 [0]
0 400 [7]
13 389 [5]
16 389 [2]
1 403 [3]
1 406 [0]
2 402 [3]
6 401 [0]
8 395 [4]
129 272 [6]
2 404 [1]
1 407 [0]
0 408 [0]
38 370 [0]
1 404 [3]
27 377 [4]
5 397 [6]
8 399 [1]
10 397 [2]
22 387 [0]
7 397 [5]
2 406 [1]
105 301 [3]
5 405 [0]
9 401 [0]
0 407 [3]
0 403 [7]
36 368 [6]
16 394 [0]
29 381 [0]
6 405 [0]
7 404 [0]
6 404 [1]
24 386 [1]
185 226 [0]
5 400 [6]
10 401 [0]
22 388 [1]
13 394 [5]
61 348 [3]
0 412 [0]
5 407 [0]
1 408 [3]
10 400 [2]
49 362 [1]
8 400 [4]
14 398 [0]
10 398 [4]
35 377 [0]
3 410 [0]
1 412 [0]
0 406 [7]
8 401 [4]
4 408 [1]
51 361 [1]
10 402 [1]
25 382 [6]
8 404 [1]
69 345 [0]
10 404 [0]
2 407 [5]
16 398 [0]
117 297 [0]
6 403 [5]
7 402 [5]
1 414 [0]
5 410 [0]
42 373 [0]
84 331 [0]
3 407 [5]
6 402 [7]
86 325 [4]
14 399 [3]
25 391 [0]
8 408 [0]
27 389 [0]
9 405 [2]
12 402 [2]
56 358 [2]
0 409 [7]
2 411 [3]
7 410 [0]
4 412 [1]
9 404 [4]
102 311 [4]
5 412 [0]
21 395 [1]
27 390 [0]
1 413 [3]
9 402 [6]
8 405 [4]
2 410 [5]
5 406 [6]
89 328 [0]
8 409 [1]
10 406 [2]
178 240 [0]
0 418 [0]
1 417 [0]
21 397 [0]
2 409 [7]
22 396 [0]
2 413 [3]
7 407 [4]
6 413 [0]
4 415 [0]
33 379 [7]
1 415 [3]
13 406 [0]
15 404 [0]
2 416 [1]
7 413 [0]
5 415 [0]
8 410 [2]
10 408 [2]
4 413 [3]
36 384 [0]
1 416 [3]
7 414 [0]
98 319 [4]
1 418 [3]
9 413 [0]
14 406 [2]
0 415 [7]
50 372 [0]
48 368 [6]
9 414 [0]
27 394 [2]
1 422 [0]
1 419 [3]
8 415 [0]
14 409 [0]
22 401 [0]
95 328 [0]
7 411 [5]
10 409 [4]
25 393 [6]
6 418 [0]
21 400 [3]
6 411 [7]
10 412 [2]
8 412 [4]
80 337 [7]
20 402 [2]
6 414 [5]
2 417 [6]
0 425 [0]
2 423 [0]
9 416 [0]
180 245 [0]
42 381 [2]
147 278 [0]
0 419 [7]
4 422 [0]
0 426 [0]
76 344 [6]
1 425 [0]
115 310 [1]
6 415 [5]
127 295 [4]
12 413 [1]
0 420 [7]
34 393 [0]
5 422 [0]
8 419 [0]
109 318 [0]
5 416 [6]
0 424 [3]
1 423 [3]
27 398 [3]
9 419 [0]
43 385 [0]
9 417 [2]
89 336 [3]
18 404 [6]
4 418 [6]
6 417 [5]
16 409 [3]
0 422 [7]
13 416 [0]
5 418 [6]
2 420 [7]
5 424 [0]
28 399 [2]
6 423 [0]
8 421 [0]
10 419 [0]
8 417 [4]
64 365 [0]
8 420 [1]
21 408 [1]
76 353 [1]
6 419 [5]
0 430 [0]
68 362 [0]
0 423 [7]
6 424 [0]
8 422 [0]
10 420 [0]
97 333 [0]
8 418 [4]
53 377 [0]
181 247 [2]
7 418 [5]
26 400 [4]
4 421 [5]
10 416 [4]
1 430 [0]
6 425 [0]
27 399 [5]
34 391 [6]
9 418 [4]
211 220 [0]
9 422 [0]
51 380 [0]
7 419 [5]
148 283 [0]
2 430 [0]
95 336 [1]
9 421 [2]
2 427 [3]
7 425 [0]
7 421 [4]
10 422 [0]
29 403 [0]
48 384 [0]
14 416 [2]
21 412 [0]
6 427 [0]
0 433 [0]
4 429 [0]
39 387 [7]
6 422 [5]
1 429 [3]
203 230 [0]
7 427 [0]
10 424 [0]
128 305 [1]
88 346 [0]
4 424 [6]
90 342 [3]
5 430 [0]
0 432 [3]
21 414 [0]
2 432 [1]
9 424 [2]
14 420 [1]
137 296 [2]
174 259 [3]
8 424 [4]
152 283 [1]
38 398 [0]
54 382 [0]
0 429 [7]
1 428 [7]
176 261 [0]
4 433 [0]
8 429 [0]
79 357 [1]
5 426 [6]
8 425 [4]
20 411 [6]
2 428 [7]
10 425 [2]
6 432 [0]
8 430 [0]
22 415 [1]
26 408 [4]
9 425 [4]
1 434 [3]
175 262 [1]
69 369 [1]
7 432 [0]
3 436 [0]
4 430 [5]
2 436 [1]
38 399 [2]
9 430 [0]
5 428 [6]
137 300 [2]
1 431 [7]
33 407 [0]
4 436 [0]
21 418 [1]
8 432 [0]
22 417 [1]
6 429 [5]
100 337 [3]
3 432 [5]
5 429 [6]
2 431 [7]
10 426 [4]
7 434 [0]
135 305 [1]
0 434 [7]
4 432 [5]
6 430 [5]
2 440 [0]
7 435 [0]
2 437 [3]
1 438 [3]
9 433 [0]
9 427 [6]
5 431 [6]
14 426 [2]
8 428 [6]
0 443 [0]
1 442 [0]
208 235 [0]
3 440 [0]
5 433 [5]
4 438 [1]
211 231 [1]
43 397 [3]
4 435 [5]
106 338 [0]
6 436 [2]
186 258 [0]
16 428 [0]
2 439 [3]
23 421 [0]
6 433 [5]
75 365 [4]
87 358 [0]
0 445 [0]
5 434 [6]
1 444 [0]
8 433 [4]
8 431 [6]
49 395 [1]
109 334 [2]
6 434 [5]
53 390 [2]
73 369 [3]
29 415 [1]
112 330 [3]
6 440 [0]
22 424 [0]
2 441 [3]
10 434 [2]
9 435 [2]
8 435 [4]
1 446 [0]
43 400 [4]
4 443 [0]
7 436 [4]
97 347 [3]
103 344 [0]
20 427 [0]
2 442 [3]
75 372 [0]
24 416 [7]
2 444 [1]
21 425 [1]
5 443 [0]
0 448 [0]
8 439 [1]
8 436 [4]
1 448 [0]
143 306 [0]
154 295 [0]
7 437 [5]
5 438 [6]
0 442 [7]
6 438 [5]
33 410 [7]
6 437 [7]
7 438 [5]
119 332 [0]
2 449 [0]
9 438 [4]
1 447 [3]
29 423 [0]
0 452 [0]
9 437 [6]
8 440 [4]
6 444 [2]
114 337 [2]
5 442 [6]
6 447 [0]
5 448 [0]
2 450 [1]
4 444 [5]
8 445 [0]
126 327 [0]
7 441 [5]
10 437 [6]
10 443 [0]
209 244 [0]
1 450 [3]
1 453 [0]
9 443 [2]
7 447 [0]
119 335 [0]
6 441 [7]
198 257 [0]
1 454 [0]
99 356 [0]
188 267 [0]
203 250 [2]
203 248 [4]
5 450 [0]
7 448 [0]
8 447 [0]
27 426 [2]
16 439 [0]
1 451 [3]
79 375 [1]
43 408 [4]
2 447 [7]
1 455 [0]
0 455 [1]
5 451 [0]
9 441 [6]
10 444 [2]
3 448 [5]
9 447 [0]
22 429 [5]
14 439 [3]
8 444 [4]
5 445 [6]
9 446 [1]
148 308 [0]
28 428 [0]
9 448 [0]
1 456 [0]
2 455 [0]
10 447 [0]
103 353 [1]
4 446 [7]
1 449 [7]
4 454 [0]
2 456 [0]
0 451 [7]
51 407 [0]
90 368 [0]
129 329 [0]
27 428 [3]
8 448 [2]
5 446 [7]
203 251 [4]
12 446 [0]
7 446 [5]
29 429 [0]
4 447 [7]
27 431 [0]
12 447 [0]
22 433 [4]
8 450 [1]
82 377 [0]
111 347 [1]
20 437 [2]
0 456 [3]
21 438 [0]
28 431 [0]
43 412 [4]
117 341 [1]
0 460 [0]
2 458 [0]
10 446 [4]
5 449 [6]
202 258 [0]
16 442 [2]
83 376 [1]
219 241 [0]
3 455 [2]
1 460 [0]
2 459 [0]
141 318 [2]
9 452 [0]
10 451 [0]
20 441 [0]
4 451 [6]
2 460 [0]
45 411 [6]
4 458 [0]
45 413 [4]
6 451 [5]
51 410 [1]
32 429 [1]
8 454 [0]
199 263 [0]
68 395 [0]
137 320 [6]
2 461 [0]
6 452 [5]
1 462 [0]
7 451 [5]
6 455 [2]
4 455 [4]
10 449 [4]
9 455 [0]
10 450 [4]
10 452 [2]
7 452 [5]
9 451 [4]
100 357 [7]
5 453 [6]
8 456 [0]
5 455 [4]
2 457 [5]
5 458 [2]
9 456 [0]
4 461 [0]
0 465 [0]
7 453 [5]
8 453 [4]
5 454 [6]
1 464 [0]
6 453 [6]
1 461 [3]
7 458 [0]
9 453 [4]
6 460 [0]
17 449 [0]
5 457 [4]
7 455 [4]
27 439 [0]
16 445 [5]
10 454 [2]
124 340 [2]
5 456 [5]
204 262 [0]
0 459 [7]
16 449 [1]
85 381 [0]
14 450 [2]
3 459 [5]
8 457 [2]
14 449 [4]
22 444 [1]
6 459 [2]
1 463 [3]
6 458 [4]
5 463 [0]
119 349 [0]
7 457 [4]
8 460 [0]
107 361 [0]
35 428 [5]
10 456 [2]
7 462 [0]
155 314 [0]
28 439 [2]
1 465 [3]
35 431 [3]
0 462 [7]
222 247 [0]
104 365 [1]
39 424 [7]
113 357 [0]
4 460 [6]
15 453 [2]
9 459 [2]
8 458 [4]
2 469 [0]
79 392 [0]
9 461 [1]
216 255 [0]
27 442 [2]
147 317 [7]
10 462 [0]
1 471 [0]
4 468 [0]
190 282 [0]
11 458 [3]
5 467 [0]
10 460 [2]
7 465 [0]
230 242 [0]
8 464 [0]
36 436 [0]
21 451 [0]
203 269 [0]
6 462 [5]
7 466 [0]
39 433 [1]
5 462 [6]
21 452 [0]
7 461 [5]
2 470 [1]
3 471 [0]
1 473 [0]
0 471 [3]
25 443 [6]
27 445 [2]
3 466 [5]
6 466 [2]
0 467 [7]
4 464 [6]
7 468 [0]
0 475 [0]
9 462 [4]
12 461 [2]
122 346 [7]
5 464 [6]
7 463 [5]
6 464 [5]
8 461 [6]
4 466 [5]
183 292 [0]
84 391 [0]
8 468 [0]
36 440 [0]
61 414 [1]
176 298 [2]
101 376 [0]
2 475 [0]
8 465 [4]
10 465 [2]
0 477 [0]
1 476 [0]
82 390 [5]
7 470 [0]
10 463 [4]
12 463 [2]
34 443 [0]
8 463 [6]
24 450 [4]
9 469 [0]
2 471 [5]
2 473 [3]
115 362 [1]
145 333 [0]
8 466 [4]
129 343 [6]
38 439 [2]
22 456 [1]
9 468 [2]
4 470 [5]
7 473 [0]
5 475 [0]
221 259 [0]
3 475 [2]
6 474 [0]
5 470 [5]
10 469 [1]
4 473 [3]
13 467 [0]
5 471 [4]
167 313 [0]
2 479 [0]
1 480 [0]
176 299 [6]
5 476 [0]
1 477 [3]
2 472 [7]
66 415 [0]
7 469 [5]
9 470 [2]
22 454 [5]
8 472 [1]
10 470 [2]
173 309 [0]
11 468 [3]
8 470 [4]
6 469 [7]
7 471 [4]
30 453 [0]
22 460 [1]
53 428 [2]
2 480 [1]
92 387 [4]
0 484 [0]
1 483 [0]
8 476 [0]
10 474 [0]
53 431 [0]
4 474 [6]
180 303 [1]
8 477 [0]
9 474 [2]
16 467 [2]
5 474 [6]
23 459 [3]
1 481 [3]
8 475 [2]
0 478 [7]
2 484 [0]
8 474 [4]
10 472 [4]
6 473 [7]
1 482 [3]
4 476 [6]
7 475 [4]
1 486 [0]
8 479 [0]
140 347 [0]
32 454 [1]
14 472 [1]
87 398 [2]
1 487 [0]
8 480 [0]
203 285 [0]
5 477 [6]
10 476 [2]
0 481 [7]
0 487 [1]
9 480 [0]
5 484 [0]
85 403 [1]
5 478 [6]
147 342 [0]
69 419 [1]
21 465 [3]
29 460 [0]
106 383 [0]
7 483 [0]
4 486 [0]
5 485 [0]
33 457 [0]
3 485 [2]
107 380 [3]
8 481 [1]
5 479 [6]
1 490 [0]
3 483 [5]
20 469 [2]
183 307 [1]
8 483 [0]
6 480 [5]
22 464 [5]
16 472 [3]
78 413 [0]
6 486 [0]
3 489 [0]
7 485 [0]
3 487 [2]
5 481 [6]
2 485 [5]
10 478 [4]
14 478 [0]
5 483 [4]
2 489 [1]
0 493 [0]
6 487 [0]
4 489 [0]
4 484 [5]
8 485 [0]
97 396 [0]
6 482 [5]
20 473 [0]
10 479 [4]
16 477 [0]
36 458 [0]
0 494 [0]
4 490 [0]
9 483 [2]
29 464 [1]
16 478 [0]
48 440 [6]
7 482 [5]
2 487 [5]
16 479 [0]
5 490 [0]
9 484 [2]
50 445 [0]
69 425 [1]
73 419 [3]
0 488 [7]
9 482 [4]
7 484 [4]
10 484 [2]
1 492 [3]
27 467 [2]
21 474 [1]
88 405 [3]
8 484 [4]
5 487 [4]
13 478 [5]
0 497 [0]
7 490 [0]
32 464 [1]
23 468 [6]
6 489 [2]
8 490 [0]
7 487 [4]
173 322 [3]
10 486 [2]
0 491 [7]
8 486 [4]
9 487 [2]
7 492 [0]
5 488 [6]
6 492 [1]
0 496 [3]
1 495 [3]
100 392 [7]
219 278 [2]
4 496 [0]
1 499 [0]
7 489 [4]
145 352 [3]
2 491 [7]
51 448 [1]
232 268 [0]
0 500 [0]
5 495 [0]
61 438 [1]
2 497 [1]
9 490 [1]
8 491 [1]
6 494 [0]
8 492 [0]
5 496 [0]
2 499 [0]
25 470 [6]
4 497 [0]
56 439 [6]
93 407 [1]
8 493 [0]
79 421 [1]
119 383 [0]
16 481 [5]
0 495 [7]
10 488 [4]
6 490 [6]
6 497 [0]
2 501 [0]
22 476 [5]
22 480 [1]
76 426 [1]
133 370 [0]
36 466 [1]
6 498 [0]
4 500 [0]
5 493 [6]
4 499 [1]
10 490 [4]
0 501 [3]
9 492 [4]
9 496 [0]
2 502 [1]
10 491 [4]
108 398 [0]
64 442 [0]
7 494 [5]
6 495 [5]
1 500 [5]
3 501 [2]
227 279 [0]
27 477 [2]
70 434 [2]
10 494 [2]
33 471 [2]
195 312 [0]
9 498 [0]
74 433 [0]
9 494 [4]
27 478 [2]
2 500 [5]
8 497 [2]
22 486 [0]
33 475 [0]
10 496 [2]
10 498 [0]
1 507 [0]
4 504 [0]
1 504 [3]
5 498 [5]
47 461 [0]
21 482 [5]
113 392 [3]
7 497 [4]
32 476 [0]
43 465 [0]
85 423 [0]
5 500 [4]
2 507 [0]
51 457 [1]
15 492 [2]
8 501 [0]
1 505 [3]
9 500 [0]
27 479 [3]
28 479 [2]
8 502 [0]
2 508 [0]
2 505 [3]
6 502 [2]
16 491 [3]
27 481 [2]
8 498 [4]
5 499 [6]
5 501 [4]
3 502 [5]
69 434 [7]
8 500 [2]
7 504 [0]
5 506 [0]
34 470 [7]
6 504 [1]
8 499 [4]
4 502 [5]
7 499 [5]
6 501 [4]
2 510 [0]
3 509 [0]
2 503 [7]
7 505 [0]
8 504 [0]
9 499 [4]
7 501 [4]
9 501 [2]
8 503 [1]
8 505 [0]
7 502 [4]
8 506 [0]
1 513 [0]
5 503 [6]
9 505 [0]
10 504 [0]
181 330 [3]
2 513 [0]
9 506 [0]
79 435 [1]
115 395 [5]
2 509 [5]
178 335 [3]
4 507 [5]
12 505 [0]
22 495 [0]
2 515 [0]
147 368 [2]
6 509 [2]
99 417 [1]
27 488 [2]
6 511 [0]
10 503 [4]
5 510 [2]
7 510 [0]
8 508 [1]
10 506 [2]
9 507 [2]
6 512 [0]
0 511 [7]
82 431 [5]
10 508 [0]
6 510 [2]
14 503 [1]
3 510 [5]
4 509 [5]
241 278 [0]
2 517 [0]
6 513 [0]
8 507 [4]
35 479 [5]
3 514 [2]
1 512 [6]
75 445 [0]
1 519 [0]
2 512 [6]
16 503 [1]
7 509 [4]
48 466 [6]
0 517 [3]
2 514 [5]
69 452 [0]
0 521 [0]
9 510 [2]
50 467 [4]
7 514 [0]
8 509 [4]
8 513 [0]
15 499 [7]
18 504 [0]
9 513 [0]
109 411 [2]
57 459 [6]
3 517 [2]
27 493 [2]
8 510 [4]
2 518 [3]
4 519 [0]
7 511 [5]
5 514 [4]
1 516 [6]
9 512 [2]
10 511 [2]
0 520 [3]
7 517 [0]
8 516 [0]
16 508 [0]
9 511 [4]
8 512 [4]
8 514 [2]
29 495 [1]
73 452 [0]
9 516 [0]
14 508 [3]
10 515 [0]
36 489 [0]
0 518 [7]
34 484 [7]
10 513 [2]
8 518 [0]
1 525 [0]
3 523 [0]
4 516 [6]
15 504 [7]
5 516 [5]
50 477 [0]
51 475 [1]
100 421 [7]
1 527 [0]
0 525 [3]
2 526 [0]
9 517 [2]
3 525 [0]
2 525 [1]
5 523 [0]
8 520 [0]
8 515 [6]
0 529 [0]
5 524 [0]
0 523 [6]
213 316 [0]
7 522 [0]
9 520 [0]
30 492 [7]
0 526 [3]
38 491 [0]
22 500 [7]
83 446 [1]
2 528 [0]
22 507 [1]
7 523 [0]
8 522 [0]
122 405 [3]
117 410 [3]
232 296 [2]
103 426 [1]
143 386 [2]
4 522 [5]
0 524 [7]
5 526 [0]
7 519 [5]
127 403 [1]
77 454 [0]
5 520 [6]
6 520 [5]
50 481 [0]
86 445 [0]
9 519 [4]
16 515 [1]
1 532 [0]
6 527 [0]
1 526 [6]
28 503 [2]
27 503 [3]
1 529 [3]
9 525 [0]
0 534 [0]
2 532 [0]
4 525 [5]
5 529 [0]
9 523 [2]
8 526 [0]
1 530 [3]
91 442 [1]
53 479 [2]
250 285 [0]
0 535 [0]
2 533 [0]
51 483 [1]
14 518 [3]
157 378 [0]
64 467 [4]
2 530 [3]
22 512 [1]
179 356 [0]
22 513 [1]
6 530 [0]
7 525 [4]
8 528 [0]
99 430 [7]
232 300 [4]
1 528 [7]
109 427 [0]
219 317 [0]
5 527 [5]
7 530 [0]
0 537 [0]
51 485 [1]
10 527 [0]
13 524 [0]
6 526 [5]
4 527 [6]
9 526 [2]
113 421 [3]
4 534 [0]
2 536 [0]
69 462 [7]
227 311 [0]
5 533 [0]
10 524 [4]
0 531 [7]
2 537 [0]
0 539 [0]
8 527 [4]
22 516 [1]
9 530 [0]
4 529 [6]
5 528 [6]
42 495 [2]
13 521 [5]
16 518 [5]
8 533 [0]
145 396 [0]
10 529 [2]
33 501 [7]
10 530 [1]
238 304 [0]
21 519 [2]
39 496 [7]
16 521 [5]
4 532 [6]
5 531 [6]
208 331 [3]
16 524 [2]
100 435 [7]
10 528 [4]
2 538 [3]
9 534 [0]
0 543 [0]
28 515 [0]
9 532 [2]
6 532 [5]
0 536 [7]
35 503 [5]
36 502 [6]
8 535 [1]
2 535 [7]
61 482 [1]
19 525 [0]
39 498 [7]
129 409 [6]
0 541 [3]
10 531 [4]
16 528 [1]
8 537 [0]
0 538 [7]
27 515 [3]
50 493 [2]
23 522 [0]
64 477 [4]
8 536 [1]
5 534 [6]
6 534 [5]
22 520 [4]
36 510 [0]
5 541 [0]
227 319 [0]
2 543 [1]
8 534 [4]
188 357 [1]
12 530 [4]
7 539 [0]
8 538 [0]
16 531 [0]
0 547 [0]
2 544 [1]
14 531 [2]
4 543 [0]
199 348 [0]
0 548 [0]
113 435 [0]
5 543 [0]
36 509 [3]
8 540 [0]
28 518 [2]
79 468 [1]
1 544 [3]
27 521 [0]
6 537 [5]
245 303 [0]
83 463 [2]
5 537 [6]
1 548 [0]
4 545 [0]
10 535 [4]
22 526 [1]
6 543 [0]
9 540 [0]
10 539 [0]
4 540 [5]
0 542 [7]
13 531 [5]
129 420 [0]
7 543 [0]
1 546 [3]
10 536 [4]
9 541 [0]
109 437 [4]
5 539 [6]
101 446 [3]
7 540 [4]
5 546 [0]
8 542 [1]
38 508 [5]
0 544 [7]
233 318 [0]
6 545 [0]
4 541 [6]
27 524 [0]
2 548 [1]
109 441 [2]
5 547 [0]
212 340 [0]
20 530 [2]
47 505 [0]
148 401 [3]
39 506 [7]
8 545 [0]
10 543 [0]
14 536 [3]
77 476 [0]
152 401 [0]
8 541 [4]
0 550 [3]
8 544 [1]
0 546 [7]
1 553 [0]
4 550 [0]
8 546 [0]
4 548 [2]
9 543 [2]
16 535 [3]
35 515 [5]
8 547 [0]
39 516 [0]
14 538 [3]
80 468 [7]
76 478 [1]
22 532 [1]
173 379 [3]
75 481 [0]
75 477 [4]
4 552 [0]
5 545 [6]
3 548 [5]
22 529 [5]
7 549 [0]
14 542 [0]
1 552 [3]
16 536 [5]
4 553 [0]
6 551 [0]
8 549 [0]
33 517 [7]
10 545 [2]
2 552 [3]
7 551 [0]
4 554 [0]
2 553 [3]
154 403 [1]
1 554 [3]
38 518 [2]
4 549 [5]
27 528 [3]
2 550 [6]
7 552 [0]
9 548 [2]
2 554 [3]
1 555 [3]
7 548 [4]
16 544 [0]
22 537 [1]
126 432 [2]
2 555 [3]
5 550 [5]
32 529 [0]
27 531 [3]
6 550 [5]
256 305 [0]
107 448 [7]
1 561 [0]
2 560 [0]
4 558 [0]
9 551 [2]
1 558 [3]
5 557 [0]
13 544 [5]
11 551 [0]
10 550 [2]
29 529 [4]
8 550 [4]
27 533 [2]
8 551 [4]
1 559 [3]
0 563 [0]
0 556 [7]
1 562 [0]
2 561 [0]
9 554 [0]
33 523 [7]
16 547 [0]
1 563 [0]
268 296 [0]
8 556 [0]
69 494 [1]
5 552 [7]
178 383 [3]
157 406 [1]
101 463 [0]
0 557 [7]
2 557 [6]
6 559 [0]
93 471 [1]
48 510 [7]
9 555 [1]
39 520 [6]
6 558 [1]
27 536 [2]
6 552 [7]
8 557 [0]
76 488 [1]
7 553 [5]
21 545 [0]
12 552 [2]
143 416 [7]
8 552 [6]
12 554 [0]
51 514 [1]
12 553 [1]
9 553 [5]
0 567 [0]
7 560 [0]
16 546 [5]
27 535 [5]
29 537 [1]
0 560 [7]
7 555 [5]
27 538 [2]
60 500 [7]
35 528 [5]
0 568 [0]
3 560 [5]
0 561 [7]
51 517 [0]
1 564 [3]
2 559 [7]
233 334 [1]
28 538 [2]
6 557 [5]
6 555 [7]
6 560 [2]
268 300 [0]
8 554 [6]
6 563 [0]
9 559 [1]
12 555 [2]
8 555 [6]
0 562 [7]
23 540 [6]
14 556 [0]
9 561 [0]
141 427 [2]
10 556 [4]
2 562 [6]
7 558 [5]
8 558 [4]
73 494 [3]
53 515 [2]
4 559 [7]
8 563 [0]
2 566 [3]
9 560 [2]
7 559 [5]
8 564 [0]
9 563 [0]
23 549 [0]
28 542 [2]
4 563 [5]
0 565 [7]
5 561 [6]
9 564 [0]
4 569 [0]
5 563 [5]
83 490 [0]
8 559 [6]
2 568 [3]
12 559 [2]
6 562 [5]
10 564 [0]
8 566 [0]
5 564 [5]
8 565 [1]
39 534 [1]
192 382 [0]
51 523 [0]
27 542 [5]
184 391 [0]
6 569 [0]
240 335 [0]
1 574 [0]
14 561 [0]
20 553 [2]
117 457 [1]
50 521 [4]
27 546 [2]
2 570 [3]
8 561 [6]
1 575 [0]
6 570 [0]
38 538 [0]
176 394 [6]
8 567 [1]
27 547 [2]
9 568 [0]
154 423 [0]
2 574 [1]
1 573 [3]
4 570 [3]
5 566 [6]
10 568 [0]
1 577 [0]
9 569 [0]
17 561 [0]
109 469 [0]
18 558 [2]
38 535 [5]
16 561 [1]
5 574 [0]
10 565 [4]
22 557 [0]
42 537 [0]
99 480 [0]
15 558 [6]
38 542 [0]
4 576 [0]
1 579 [0]
2 578 [0]
5 575 [0]
8 571 [1]
0 573 [7]
10 570 [0]
56 518 [6]
38 536 [6]
188 392 [0]
5 569 [6]
69 511 [0]
39 541 [1]
0 581 [0]
4 577 [0]
7 569 [5]
8 572 [1]
61 519 [1]
8 573 [0]
53 528 [0]
0 574 [7]
141 437 [4]
4 578 [0]
141 441 [0]
216 366 [0]
10 572 [0]
12 570 [0]
43 539 [0]
85 495 [2]
0 575 [7]
9 574 [0]
5 578 [0]
6 577 [0]
8 574 [1]
7 576 [0]
23 560 [0]
6 578 [0]
1 583 [0]
124 453 [7]
113 468 [3]
31 552 [1]
6 573 [5]
106 473 [5]
9 573 [2]
14 568 [2]
5 573 [6]
10 575 [0]
0 585 [0]
10 573 [2]
8 576 [1]
8 577 [0]
10 571 [4]
2 577 [6]
186 399 [0]
13 568 [5]
0 586 [0]
14 571 [1]
16 568 [2]
0 579 [7]
8 578 [0]
22 563 [1]
9 576 [1]
3 578 [5]
1 582 [3]
8 579 [0]
16 571 [0]
73 511 [3]
1 587 [0]
9 577 [2]
0 588 [0]
7 581 [0]
2 581 [5]
92 496 [0]
16 567 [5]
287 301 [0]
5 576 [7]
2 586 [1]
240 349 [0]
203 385 [1]
2 584 [3]
3 581 [5]
64 521 [4]
6 576 [7]
0 582 [7]
9 578 [2]
60 526 [3]
14 575 [0]
4 579 [6]
12 576 [2]
9 581 [0]
216 374 [0]
14 574 [2]
10 576 [4]
5 579 [6]
4 580 [6]
147 436 [7]
6 579 [5]
5 581 [4]
5 580 [5]
0 591 [0]
1 590 [0]
107 483 [1]
103 488 [0]
10 579 [2]
8 583 [0]
98 493 [0]
0 584 [7]
9 580 [2]
6 586 [0]
1 591 [0]
8 584 [0]
10 582 [0]
148 444 [0]
56 536 [0]
20 570 [2]
16 575 [1]
13 574 [5]
10 580 [2]
21 569 [2]
6 587 [0]
5 582 [6]
27 566 [0]
119 473 [1]
273 321 [0]
0 594 [0]
8 585 [1]
2 589 [3]
3 586 [5]
7 582 [5]
17 575 [2]
38 556 [0]
8 582 [4]
8 587 [0]
21 573 [1]
5 584 [6]
5 586 [4]
2 592 [1]
2 587 [6]
9 582 [4]
10 585 [0]
117 475 [3]
5 583 [7]
97 498 [0]
90 502 [3]
4 592 [0]
74 520 [2]
8 586 [2]
296 300 [0]
2 593 [1]
27 567 [2]
50 547 [0]
4 593 [0]
8 588 [1]
10 583 [4]
8 589 [0]
4 587 [6]
7 586 [4]
12 583 [2]
2 591 [5]
5 593 [0]
0 598 [0]
44 550 [4]
179 417 [2]
9 587 [2]
24 574 [0]
28 565 [5]
102 493 [4]
5 594 [0]
8 590 [1]
1 595 [3]
292 307 [0]
3 591 [5]
10 590 [0]
1 599 [0]
0 600 [0]
3 597 [0]
3 592 [5]
2 595 [3]
4 596 [0]
76 524 [0]
8 592 [0]
143 450 [7]
5 591 [4]
56 538 [6]
21 579 [0]
1 596 [3]
28 572 [0]
203 397 [0]
202 399 [0]
272 329 [0]
42 557 [2]
5 590 [6]
9 593 [0]
7 591 [4]
14 585 [3]
8 594 [0]
90 509 [3]
45 553 [4]
117 485 [0]
10 588 [4]
79 522 [1]
8 595 [0]
4 599 [0]
0 597 [6]
22 580 [1]
47 554 [2]
280 323 [0]
88 512 [3]
14 589 [0]
238 364 [1]
39 564 [0]
11 586 [6]
7 592 [4]
97 506 [0]
1 603 [0]
5 599 [0]
14 590 [0]
56 542 [6]
7 593 [4]
2 597 [5]
2 601 [1]
4 601 [0]
5 600 [0]
8 593 [4]
38 565 [2]
0 602 [3]
47 559 [0]
5 601 [0]
4 602 [0]
9 597 [0]
227 372 [7]
5 595 [6]
99 507 [0]
219 384 [3]
47 555 [4]
5 597 [4]
11 593 [3]
5 602 [0]
8 598 [1]
14 588 [5]
6 596 [5]
2 604 [1]
129 472 [6]
1 607 [0]
7 596 [5]
13 595 [0]
10 599 [0]
2 607 [0]
5 604 [0]
16 588 [5]
40 568 [1]
9 596 [4]
2 606 [1]
141 469 [0]
38 572 [0]
8 602 [0]
10 600 [0]
2 605 [3]
22 587 [1]
16 589 [5]
9 599 [2]
16 594 [0]
74 534 [2]
1 606 [3]
8 603 [0]
2 609 [0]
188 421 [2]
3 608 [0]
206 405 [0]
27 584 [0]
8 599 [4]
263 348 [0]
112 496 [3]
7 605 [0]
10 602 [0]
14 598 [0]
64 544 [4]
4 605 [3]
7 601 [4]
97 516 [0]
0 613 [0]
8 601 [4]
75 533 [5]
10 601 [2]
77 529 [7]
16 595 [2]
91 521 [1]
6 602 [5]
0 610 [3]
9 602 [2]
16 598 [0]
0 614 [0]
2 612 [0]
5 603 [6]
56 556 [2]
6 604 [4]
8 606 [0]
3 609 [2]
199 414 [1]
38 571 [5]
7 608 [0]
5 610 [0]
7 604 [4]
11 604 [0]
0 612 [3]
27 588 [0]
74 541 [0]
230 385 [0]
2 608 [5]
10 606 [0]
3 613 [0]
2 613 [1]
147 466 [3]
27 589 [0]
8 604 [4]
10 603 [4]
272 343 [2]
36 578 [3]
5 608 [4]
255 363 [0]
5 607 [6]
6 605 [7]
24 590 [4]
12 605 [1]
13 600 [5]
111 506 [1]
2 615 [1]
16 600 [2]
0 611 [7]
8 608 [2]
8 611 [0]
4 615 [0]
9 606 [4]
50 567 [2]
1 612 [6]
28 589 [2]
6 613 [0]
7 612 [0]
9 605 [5]
21 596 [2]
14 603 [2]
9 610 [0]
203 412 [4]
124 492 [3]
8 612 [0]
4 616 [0]
9 609 [2]
79 540 [1]
88 532 [0]
7 609 [4]
129 491 [0]
1 616 [3]
8 613 [0]
2 619 [0]
276 345 [0]
6 610 [5]
56 565 [0]
255 366 [0]
33 581 [7]
5 617 [0]
75 547 [0]
4 613 [5]
14 606 [2]
8 610 [4]
10 610 [2]
5 612 [5]
22 599 [1]
16 607 [0]
7 616 [0]
1 619 [3]
8 615 [0]
126 497 [0]
8 614 [1]
33 591 [0]
2 622 [0]
1 623 [0]
13 606 [5]
4 620 [0]
27 595 [2]
267 357 [0]
1 620 [3]
20 605 [0]
2 623 [0]
0 625 [0]
38 585 [2]
159 466 [0]
75 546 [4]
97 527 [1]
164 461 [0]
244 381 [0]
22 602 [1]
5 620 [0]
10 611 [4]
5 614 [6]
38 588 [0]
25 601 [0]
6 620 [0]
1 622 [3]
3 618 [5]
10 616 [0]
9 616 [1]
39 580 [7]
48 578 [0]
5 615 [6]
24 603 [0]
38 589 [0]
103 524 [0]
9 618 [0]
0 620 [7]
7 615 [5]
10 615 [2]
27 598 [2]
36 592 [0]
14 611 [3]
28 598 [2]
87 535 [6]
6 617 [5]
5 623 [0]
9 617 [2]
9 615 [4]
6 616 [7]
36 593 [0]
56 571 [2]
255 374 [0]
7 618 [4]
186 439 [4]
10 617 [2]
1 621 [7]
100 522 [7]
27 600 [2]
188 435 [6]
2 628 [0]
12 616 [2]
2 621 [7]
11 613 [6]
33 597 [0]
5 619 [6]
8 618 [4]
8 622 [1]
10 619 [2]
1 624 [6]
2 626 [3]
309 322 [0]
61 569 [1]
8 619 [4]
1 627 [3]
230 397 [4]
0 628 [3]
7 619 [5]
86 546 [0]
10 620 [2]
8 620 [4]
238 393 [1]
5 621 [6]
117 514 [1]
2 624 [6]
9 619 [4]
2 627 [3]
22 610 [1]
0 633 [0]
1 632 [0]
174 459 [0]
24 606 [3]
1 629 [3]
5 622 [6]
2 632 [0]
122 512 [0]
56 572 [6]
0 627 [7]
4 624 [6]
8 627 [0]
5 630 [0]
16 614 [5]
7 628 [0]
98 533 [4]
8 621 [6]
1 631 [3]
78 553 [4]
6 624 [5]
0 632 [3]
9 624 [2]
0 629 [7]
1 635 [0]
5 625 [6]
147 489 [0]
27 607 [2]
185 452 [0]
1 636 [0]
10 626 [1]
6 631 [0]
9 628 [0]
16 621 [0]
8 623 [6]
25 612 [0]
4 628 [5]
129 508 [0]
15 615 [7]
167 467 [3]
2 629 [6]
111 527 [0]
7 626 [5]
80 551 [7]
7 631 [0]
10 628 [0]
13 625 [0]
140 498 [0]
5 628 [5]
165 473 [0]
113 522 [3]
5 627 [6]
10 625 [4]
0 636 [3]
51 581 [7]
6 626 [7]
6 628 [5]
2 636 [1]
5 629 [6]
1 639 [0]
8 632 [0]
10 630 [0]
196 444 [0]
27 611 [2]
16 623 [1]
6 629 [5]
117 523 [1]
8 633 [0]
8 629 [4]
16 625 [0]
1 637 [3]
148 486 [7]
27 614 [0]
9 626 [6]
15 619 [7]
1 641 [0]
2 640 [0]
75 567 [0]
2 639 [1]
5 632 [5]
1 638 [3]
4 632 [6]
8 634 [0]
5 631 [6]
22 620 [0]
38 598 [6]
6 634 [2]
8 635 [0]
9 634 [0]
16 627 [0]
4 634 [5]
2 638 [3]
10 631 [2]
8 636 [0]
0 644 [0]
9 631 [4]
0 637 [7]
10 632 [2]
9 635 [0]
50 594 [0]
56 588 [0]
1 644 [0]
2 643 [0]
2 642 [1]
94 550 [1]
49 596 [0]
3 642 [0]
4 638 [3]
9 636 [0]
0 642 [3]
233 411 [1]
22 624 [0]
16 630 [0]
75 566 [5]
48 592 [6]
5 636 [5]
4 635 [7]
85 557 [4]
2 641 [3]
10 633 [4]
1 646 [0]
198 449 [0]
2 645 [0]
8 639 [0]
4 637 [6]
6 636 [5]
5 635 [7]
7 635 [5]
56 585 [6]
100 540 [7]
14 633 [0]
85 562 [0]
137 504 [6]
6 642 [0]
8 640 [0]
27 621 [0]
13 630 [5]
10 637 [2]
38 611 [0]
2 646 [1]
12 635 [2]
33 609 [7]
39 610 [0]
100 549 [0]
10 635 [4]
147 502 [0]
8 637 [4]
50 595 [4]
6 644 [0]
9 641 [0]
45 605 [0]
6 639 [5]
7 638 [5]
56 589 [6]
27 622 [2]
1 647 [3]
1 643 [7]
6 638 [7]
8 644 [0]
70 582 [0]
22 629 [1]
140 506 [6]
8 642 [2]
318 334 [0]
4 641 [7]
69 582 [1]
113 540 [0]
5 648 [0]
7 642 [4]
6 647 [0]
294 359 [0]
1 649 [3]
10 644 [0]
0 654 [0]
0 647 [7]
3 651 [0]
5 649 [0]
2 651 [1]
5 643 [6]
100 551 [3]
6 641 [7]
7 647 [0]
9 645 [0]
12 638 [4]
27 623 [4]
56 598 [0]
10 640 [4]
6 649 [0]
1 654 [0]
0 648 [7]
14 640 [1]
8 641 [6]
12 641 [2]
28 623 [4]
51 597 [7]
5 651 [0]
9 647 [0]
0 656 [0]
3 653 [0]
2 648 [6]
39 617 [0]
8 648 [0]
10 646 [0]
16 640 [0]
36 618 [3]
0 657 [0]
1 656 [0]
6 646 [5]
8 649 [0]
258 399 [0]
9 646 [2]
7 645 [5]
8 643 [6]
8 646 [4]
6 652 [0]
9 649 [0]
219 436 [3]
5 647 [6]
20 638 [0]
5 654 [0]
29 629 [1]
2 656 [1]
22 637 [0]
6 648 [5]
51 608 [0]
6 651 [2]
27 630 [2]
1 652 [6]
10 647 [2]
179 480 [0]
11 642 [6]
83 576 [0]
87 571 [2]
1 659 [0]
7 653 [0]
1 653 [6]
9 651 [0]
27 633 [0]
2 653 [5]
4 651 [5]
4 649 [7]
41 620 [0]
2 659 [0]
145 516 [0]
1 657 [3]
8 653 [0]
233 427 [1]
9 650 [2]
2 658 [1]
7 649 [5]
11 650 [0]
22 639 [0]
97 564 [0]
4 652 [5]
122 532 [7]
2 660 [0]
4 658 [0]
8 654 [0]
219 440 [3]
113 549 [0]
8 650 [4]
5 653 [4]
267 392 [3]
7 656 [0]
0 660 [3]
8 651 [4]
2 661 [0]
8 655 [0]
12 649 [2]
23 634 [6]
75 584 [4]
64 595 [4]
2 655 [7]
6 658 [0]
50 614 [0]
99 563 [2]
98 566 [0]
10 652 [2]
2 657 [6]
1 664 [0]
8 657 [0]
2 662 [1]
9 656 [0]
88 577 [0]
152 513 [1]
5 661 [0]
6 660 [0]
8 658 [0]
5 656 [5]
29 637 [1]
0 667 [0]
4 657 [6]
5 657 [5]
22 644 [1]
48 618 [1]
1 663 [3]
20 645 [2]
83 583 [1]
0 668 [0]
1 667 [0]
8 656 [4]
3 660 [5]
6 657 [5]
294 367 [7]
75 594 [0]
1 668 [0]
6 663 [0]
0 662 [7]
7 662 [0]
2 664 [3]
7 658 [4]
164 505 [0]
22 646 [1]
10 655 [4]
4 660 [5]
114 551 [5]
27 643 [0]
86 584 [0]
6 662 [2]
3 662 [5]
32 637 [1]
14 655 [1]
0 663 [7]
5 659 [6]
9 662 [0]
6 665 [0]
7 664 [0]
233 437 [1]
4 664 [3]
22 648 [1]
203 465 [4]
2 670 [0]
0 672 [0]
0 665 [7]
1 671 [0]
13 654 [5]
5 667 [0]
139 533 [0]
16 655 [1]
7 661 [4]
8 660 [4]
1 672 [0]
56 611 [6]
8 661 [4]
2 665 [6]
10 661 [2]
5 668 [0]
102 567 [4]
8 665 [0]
10 659 [4]
9 664 [0]
0 666 [7]
23 650 [0]
1 673 [0]
2 672 [0]
4 670 [0]
55 618 [1]
5 663 [6]
7 668 [0]
16 659 [0]
64 607 [4]
42 629 [4]
22 652 [1]
16 654 [5]
53 621 [2]
5 671 [0]
2 667 [7]
0 676 [0]
5 665 [6]
111 564 [1]
2 671 [3]
5 666 [6]
7 670 [0]
4 673 [0]
44 632 [1]
12 664 [1]
5 672 [0]
50 622 [5]
11 660 [6]
29 648 [0]
50 627 [0]
88 587 [3]
0 678 [0]
10 668 [0]
263 414 [1]
38 640 [0]
53 623 [2]
215 463 [0]
6 670 [2]
0 671 [7]
22 657 [0]
3 674 [2]
1 675 [3]
6 668 [5]
5 675 [0]
0 680 [0]
8 668 [4]
4 675 [1]
7 673 [0]
11 669 [0]
76 600 [4]
1 676 [3]
7 669 [4]
10 666 [4]
185 494 [1]
106 570 [5]
8 667 [6]
2 674 [5]
8 669 [4]
9 668 [4]
90 592 [0]
9 673 [0]
272 409 [1]
16 666 [0]
27 655 [0]
1 678 [3]
8 670 [4]
199 482 [1]
4 672 [6]
98 584 [0]
238 443 [1]
6 677 [0]
8 675 [0]
28 655 [0]
9 672 [2]
183 499 [1]
5 674 [4]
7 677 [0]
8 676 [0]
5 673 [6]
17 667 [0]
335 349 [0]
1 680 [3]
8 674 [2]
16 667 [1]
128 556 [0]
13 666 [5]
283 401 [0]
3 677 [5]
8 677 [0]
14 671 [0]
101 583 [1]
4 680 [1]
10 671 [4]
10 673 [2]
8 673 [4]
14 667 [4]
7 674 [4]
4 676 [6]
25 661 [0]
221 459 [6]
23 662 [1]
9 675 [2]
22 663 [1]
20 664 [2]
0 679 [7]
2 685 [0]
7 680 [0]
36 651 [0]
5 676 [6]
1 687 [0]
4 684 [0]
0 681 [7]
299 389 [0]
196 486 [6]
6 682 [0]
8 680 [0]
25 656 [7]
8 679 [1]
27 659 [3]
1 688 [0]
2 687 [0]
10 679 [0]
6 678 [5]
179 507 [3]
33 653 [3]
5 678 [6]
5 685 [0]
1 689 [0]
64 622 [4]
29 657 [4]
8 678 [4]
10 678 [2]
8 682 [0]
2 689 [0]
1 690 [0]
0 690 [1]
319 372 [0]
5 680 [6]
8 684 [0]
0 689 [3]
42 648 [2]
29 663 [0]
158 533 [1]
112 580 [0]
272 420 [0]
2 683 [7]
16 671 [5]
10 680 [2]
47 641 [4]
10 683 [0]
11 682 [0]
0 694 [0]
3 691 [0]
4 690 [0]
7 687 [0]
36 658 [0]
309 379 [6]
5 683 [6]
22 672 [0]
9 684 [1]
3 690 [2]
14 681 [0]
35 655 [5]
10 681 [4]
56 633 [6]
64 627 [4]
128 565 [3]
1 695 [0]
9 687 [0]
53 643 [0]
21 673 [2]
6 684 [6]
7 684 [5]
5 686 [5]
10 687 [0]
344 353 [0]
9 686 [2]
2 690 [5]
6 691 [0]
137 558 [2]
299 394 [4]
8 689 [0]
185 511 [1]
4 689 [5]
1 697 [0]
6 692 [0]
23 669 [6]
7 691 [0]
135 556 [7]
10 684 [4]
10 686 [2]
22 676 [0]
2 695 [1]
295 403 [0]
56 640 [2]
27 671 [0]
9 690 [0]
2 697 [0]
175 521 [3]
35 659 [5]
5 694 [0]
122 577 [0]
83 616 [0]
12 687 [0]
5 690 [4]
16 681 [2]
91 607 [1]
13 681 [5]
135 565 [0]
2 698 [0]
0 697 [3]
8 690 [2]
128 572 [0]
9 689 [2]
16 683 [1]
129 571 [0]
7 689 [4]
5 688 [7]
8 693 [0]
3 698 [0]
28 671 [2]
2 694 [5]
1 694 [6]
7 690 [4]
75 622 [4]
6 695 [0]
9 692 [0]
317 384 [0]
4 692 [5]
1 693 [7]
22 678 [1]
322 379 [0]
4 698 [0]
0 702 [0]
2 693 [7]
3 694 [5]
76 625 [1]
75 627 [0]
12 688 [2]
131 571 [0]
260 442 [0]
8 688 [6]
10 688 [4]
7 692 [4]
9 694 [0]
2 701 [0]
0 696 [7]
8 695 [0]
103 600 [0]
4 697 [2]
233 469 [1]
8 691 [4]
26 673 [5]
5 699 [0]
6 698 [0]
8 692 [4]
7 697 [0]
8 694 [2]
2 703 [0]
4 701 [0]
1 704 [0]
5 700 [0]
209 495 [1]
8 696 [1]
1 701 [3]
8 697 [0]
23 682 [0]
48 658 [0]
0 699 [7]
76 630 [0]
257 449 [0]
8 699 [0]
33 674 [0]
135 572 [0]
69 631 [7]
7 695 [5]
0 700 [7]
1 699 [7]
22 686 [0]
50 654 [4]
0 708 [0]
7 701 [0]
186 518 [4]
82 621 [5]
29 678 [1]
105 601 [2]
9 697 [2]
2 699 [7]
7 698 [4]
42 665 [2]
10 699 [0]
16 693 [0]
20 687 [2]
45 664 [0]
151 554 [4]
32 676 [2]
27 681 [2]
4 705 [1]
142 568 [0]
151 555 [4]
9 701 [0]
8 698 [4]
14 696 [0]
10 696 [4]
140 564 [6]
2 707 [1]
219 489 [3]
3 708 [0]
2 702 [7]
2 708 [1]
2 706 [3]
66 644 [1]
0 704 [7]
8 702 [1]
276 434 [1]
15 695 [2]
10 702 [0]
2 710 [0]
36 670 [6]
5 707 [0]
2 704 [6]
28 679 [5]
14 699 [0]
6 707 [0]
12 701 [0]
248 465 [0]
27 683 [3]
1 709 [3]
36 677 [0]
255 458 [0]
128 585 [0]
7 707 [0]
2 712 [0]
79 634 [1]
10 700 [4]
3 711 [0]
53 659 [2]
97 617 [0]
7 703 [4]
25 689 [0]
27 685 [2]
8 705 [1]
2 713 [0]
4 711 [0]
88 624 [3]
9 706 [0]
355 360 [0]
8 703 [4]
10 703 [2]
6 704 [5]
1 708 [6]
8 701 [6]
2 714 [0]
0 713 [3]
4 707 [5]
98 614 [4]
6 710 [0]
10 706 [0]
14 702 [0]
14 700 [2]
19 697 [0]
0 709 [7]
69 647 [0]
3 714 [0]
0 717 [0]
4 708 [5]
0 714 [3]
7 705 [5]
6 711 [0]
41 676 [0]
0 718 [0]
1 717 [0]
2 716 [0]
17 699 [2]
13 700 [5]
35 683 [0]
5 713 [0]
2 715 [1]
7 711 [0]
7 706 [5]
9 705 [4]
154 562 [2]
9 708 [2]
8 711 [0]
223 496 [0]
0 712 [7]
7 708 [4]
38 679 [2]
1 715 [3]
126 586 [7]
2 718 [0]
0 720 [0]
102 614 [4]
5 715 [0]
6 709 [5]
8 712 [0]
10 710 [0]
199 519 [2]
1 713 [6]
295 423 [2]
226 494 [0]
80 634 [7]
2 719 [0]
83 635 [3]
8 709 [4]
227 493 [1]
16 702 [3]
77 637 [7]
7 709 [5]
11 707 [3]
1 721 [0]
7 715 [0]
64 654 [4]
9 709 [4]
6 715 [1]
12 706 [4]
164 554 [4]
294 422 [7]
43 680 [0]
27 693 [3]
5 718 [0]
6 717 [0]
5 714 [4]
8 715 [0]
7 717 [0]
9 715 [0]
158 566 [0]
48 670 [6]
176 544 [4]
8 716 [1]
5 720 [0]
8 713 [4]
30 695 [0]
204 521 [0]
7 714 [4]
49 675 [1]
4 722 [0]
2 724 [0]
6 720 [0]
7 719 [0]
1 722 [3]
51 674 [1]
12 710 [4]
359 367 [0]
82 643 [1]
10 712 [4]
4 719 [3]
4 721 [1]
14 712 [0]
3 718 [5]
94 632 [0]
9 718 [0]
27 700 [0]
10 715 [2]
5 716 [6]
22 704 [1]
8 720 [0]
186 542 [0]
6 722 [0]
7 721 [0]
5 717 [6]
117 608 [3]
2 725 [1]
6 721 [1]
2 720 [6]
36 691 [1]
20 706 [2]
4 725 [0]
7 722 [0]
8 721 [0]
111 617 [1]
8 717 [4]
87 640 [2]
21 709 [0]
18 705 [7]
79 650 [1]
9 717 [4]
0 723 [7]
48 677 [6]
12 719 [0]
0 724 [7]
16 712 [3]
104 622 [5]
0 728 [3]
103 625 [3]
35 693 [3]
83 649 [0]
0 732 [0]
8 723 [1]
5 727 [0]
6 719 [7]
8 724 [0]
39 686 [7]
20 710 [2]
1 728 [3]
318 411 [3]
0 729 [3]
13 715 [5]
1 732 [0]
4 729 [0]
1 729 [3]
5 728 [0]
10 723 [0]
2 730 [1]
143 590 [0]
1 727 [6]
100 634 [0]
0 734 [0]
29 704 [1]
25 703 [6]
1 726 [7]
7 727 [0]
9 721 [4]
10 724 [0]
38 696 [0]
4 731 [0]
2 733 [0]
8 727 [0]
99 636 [0]
109 626 [0]
6 725 [4]
2 734 [0]
0 736 [0]
9 727 [0]
0 733 [3]
103 630 [3]
11 725 [0]
53 683 [0]
7 725 [4]
80 650 [7]
4 733 [0]
8 725 [4]
5 726 [6]
6 731 [0]
16 716 [5]
7 730 [0]
10 728 [0]
15 721 [2]
2 736 [0]
14 724 [0]
4 728 [6]
276 462 [0]
1 734 [3]
147 592 [0]
0 739 [0]
60 672 [7]
6 728 [5]
4 735 [0]
121 616 [2]
5 729 [5]
9 728 [2]
70 668 [1]
48 691 [0]
1 739 [0]
366 374 [0]
8 732 [0]
8 726 [6]
8 728 [4]
1 733 [6]
36 698 [6]
20 719 [1]
6 729 [5]
6 734 [0]
188 549 [3]
302 438 [0]
1 740 [0]
18 721 [2]
8 729 [4]
126 613 [2]
10 729 [2]
56 679 [6]
76 666 [0]
10 732 [0]
99 639 [4]
1 738 [3]
9 731 [2]
2 739 [1]
8 730 [4]
10 730 [2]
7 731 [4]
0 743 [0]
16 724 [3]
5 732 [6]
8 731 [4]
1 736 [6]
4 740 [0]
272 472 [0]
9 733 [2]
4 741 [0]
0 745 [0]
1 741 [3]
8 737 [0]
21 722 [2]
25 713 [7]
27 716 [2]
318 427 [0]
334 411 [0]
38 702 [5]
8 738 [0]
6 740 [0]
2 737 [7]
51 694 [1]
7 735 [4]
9 735 [2]
4 736 [6]
14 732 [0]
53 693 [0]
42 704 [0]
203 539 [4]
68 675 [3]
0 747 [0]
9 736 [2]
145 599 [3]
8 735 [4]
93 653 [1]
263 482 [2]
7 741 [0]
1 747 [0]
4 738 [6]
36 711 [1]
2 746 [0]
8 736 [4]
202 542 [4]
79 669 [0]
8 741 [0]
357 392 [0]
4 745 [0]
5 738 [6]
6 738 [5]
33 714 [2]
0 742 [7]
11 735 [3]
2 744 [3]
100 650 [0]
85 665 [0]
4 746 [0]
9 740 [1]
5 745 [0]
5 739 [6]
13 732 [5]
149 601 [0]
143 603 [4]
38 712 [0]
36 707 [7]
7 744 [0]
10 741 [0]
0 751 [0]
2 749 [0]
211 537 [3]
10 739 [2]
7 739 [5]
8 742 [1]
14 737 [0]
0 748 [3]
27 724 [0]
10 737 [4]
90 658 [3]
28 723 [0]
341 410 [0]
1 751 [0]
2 750 [0]
85 663 [4]
4 743 [5]
6 746 [0]
5 741 [6]
22 729 [1]
343 409 [0]
2 751 [0]
5 742 [6]
48 698 [7]
4 749 [0]
7 746 [0]
5 743 [5]
178 570 [6]
9 741 [4]
9 743 [2]
10 740 [4]
16 737 [1]
2 752 [0]
12 740 [2]
6 748 [0]
1 750 [3]
9 746 [0]
22 733 [0]
45 706 [4]
10 743 [2]
2 754 [0]
9 745 [2]
80 669 [7]
27 726 [3]
2 748 [6]
109 645 [2]
0 757 [0]
5 752 [0]
140 617 [0]
0 750 [7]
76 681 [0]
10 745 [2]
10 746 [1]
28 726 [3]
13 739 [5]
22 734 [2]
2 756 [0]
8 750 [0]
4 748 [6]
10 748 [0]
5 747 [6]
5 748 [5]
317 440 [1]
56 696 [6]
27 732 [0]
8 751 [0]
1 755 [3]
3 756 [0]
327 432 [0]
10 747 [2]
6 749 [4]
9 744 [6]
8 747 [4]
8 752 [0]
4 756 [0]
7 749 [4]
1 753 [6]
10 744 [6]
9 747 [4]
21 738 [1]
23 731 [6]
56 702 [2]
2 755 [3]
1 752 [7]
75 685 [0]
2 759 [0]
35 726 [0]
2 753 [6]
5 750 [6]
79 682 [0]
25 730 [6]
8 749 [4]
0 754 [7]
80 682 [0]
2 760 [0]
4 753 [5]
6 754 [2]
3 754 [5]
0 759 [3]
229 533 [0]
348 414 [0]
318 441 [4]
1 762 [0]
38 723 [2]
119 638 [6]
90 670 [3]
5 756 [2]
2 761 [0]
8 755 [0]
5 753 [5]
11 749 [3]
16 742 [5]
272 491 [0]
343 420 [0]
6 756 [2]
45 719 [0]
10 750 [4]
29 734 [1]
6 753 [5]
237 527 [0]
28 737 [0]
2 763 [0]
8 753 [4]
3 762 [0]
9 754 [2]
51 714 [0]
0 762 [3]
181 580 [4]
10 753 [2]
252 513 [0]
2 764 [0]
20 746 [0]
50 716 [0]
105 661 [0]
114 650 [2]
20 744 [2]
5 755 [6]
377 390 [0]
0 767 [0]
4 763 [0]
2 758 [7]
5 762 [0]
10 757 [0]
36 725 [6]
27 737 [3]
21 741 [5]
26 741 [0]
9 756 [2]
3 759 [5]
9 759 [0]
8 756 [4]
5 757 [6]
0 768 [0]
141 626 [1]
5 759 [4]
0 761 [7]
126 642 [0]
8 761 [0]
2 767 [0]
2 766 [1]
2 762 [5]
16 752 [1]
1 765 [3]
8 760 [1]
294 474 [1]
5 758 [6]
54 713 [2]
1 769 [0]
344 426 [0]
325 445 [0]
1 770 [0]
2 769 [0]
2 768 [1]
1 764 [6]
211 557 [3]
16 750 [5]
80 692 [0]
279 493 [0]
8 758 [6]
8 762 [2]
6 761 [5]
83 688 [1]
16 751 [5]
7 765 [0]
8 764 [0]
103 666 [3]
0 765 [7]
131 640 [1]
230 539 [4]
16 755 [2]
356 417 [0]
14 757 [2]
2 771 [0]
4 769 [0]
5 768 [0]
7 762 [4]
8 765 [0]
0 771 [3]
3 766 [5]
25 743 [6]
39 728 [7]
10 760 [4]
10 763 [1]
5 770 [0]
1 774 [0]
6 764 [5]
198 575 [2]
4 771 [0]
100 669 [6]
16 758 [1]
7 763 [5]
13 757 [5]
9 764 [2]
4 766 [5]
39 729 [7]
82 693 [0]
4 770 [1]
5 771 [0]
16 760 [0]
2 773 [1]
1 772 [3]
8 767 [1]
25 745 [6]
5 765 [6]
51 718 [7]
10 765 [2]
0 770 [7]
4 773 [0]
8 768 [1]
1 776 [0]
3 774 [0]
76 700 [1]
34 743 [0]
4 772 [1]
51 727 [0]
8 770 [0]
69 709 [0]
8 766 [4]
9 763 [6]
1 771 [6]
9 765 [4]
49 722 [7]
7 772 [0]
5 774 [0]
34 745 [0]
353 426 [0]
0 772 [7]
12 763 [4]
8 772 [0]
7 773 [0]
28 750 [2]
9 771 [0]
28 752 [0]
23 754 [3]
56 724 [0]
272 508 [0]
9 769 [2]
326 454 [0]
313 467 [0]
56 723 [2]
53 726 [2]
8 769 [4]
2 778 [1]
2 774 [5]
8 774 [0]
7 775 [0]
27 752 [3]
7 770 [5]
221 560 [1]
385 397 [0]
10 772 [0]
4 775 [3]
73 709 [0]
2 777 [3]
5 773 [4]
6 771 [5]
2 781 [0]
20 763 [0]
9 770 [4]
114 669 [0]
8 776 [0]
9 773 [2]
378 406 [0]
11 773 [0]
263 519 [2]
16 768 [0]
27 755 [2]
206 577 [1]
27 757 [0]
103 681 [0]
22 761 [1]
1 781 [3]
6 779 [0]
3 782 [0]
173 609 [3]
9 774 [2]
5 778 [2]
2 782 [1]
100 682 [3]
8 773 [4]
69 717 [0]
1 785 [0]
6 778 [2]
6 777 [3]
28 758 [0]
70 717 [0]
4 783 [0]
2 785 [0]
7 780 [0]
5 776 [6]
4 778 [5]
98 685 [4]
22 764 [1]
0 788 [0]
1 787 [0]
10 777 [1]
16 767 [5]
12 775 [1]
6 775 [7]
2 786 [1]
1 788 [0]
9 778 [2]
6 783 [0]
2 784 [3]
9 780 [0]
27 758 [4]
87 702 [0]
101 688 [0]
267 522 [0]
5 782 [2]
8 778 [4]
4 786 [0]
1 783 [6]
115 675 [0]
6 782 [2]
8 781 [1]
7 779 [4]
141 645 [4]
2 783 [6]
0 791 [0]
8 779 [4]
4 782 [5]
85 704 [2]
22 769 [0]
6 780 [5]
29 761 [1]
0 785 [7]
151 641 [0]
44 748 [0]
3 789 [0]
10 780 [2]
5 781 [6]
100 692 [0]
8 785 [0]
9 784 [0]
11 779 [3]
4 788 [1]
126 660 [7]
22 771 [0]
60 733 [0]
36 756 [1]
1 786 [6]
281 512 [0]
8 782 [4]
27 767 [0]
13 776 [5]
16 776 [2]
9 783 [2]
0 787 [7]
45 746 [4]
0 795 [0]
229 566 [0]
50 742 [3]
28 767 [0]
199 596 [0]
2 792 [1]
8 787 [0]
75 716 [4]
227 567 [1]
10 781 [4]
8 783 [4]
0 792 [3]
1 795 [0]
2 793 [1]
232 558 [6]
20 775 [1]
2 795 [0]
27 768 [2]
5 792 [0]
114 682 [1]
6 789 [2]
9 786 [2]
6 786 [5]
10 787 [0]
20 777 [0]
21 772 [4]
44 753 [0]
0 790 [7]
14 781 [2]
1 797 [0]
183 615 [0]
152 646 [0]
2 796 [0]
6 792 [0]
13 785 [0]
6 787 [5]
26 772 [0]
5 788 [6]
38 760 [1]
2 797 [0]
6 793 [0]
33 759 [7]
215 583 [1]
2 790 [7]
8 790 [1]
180 618 [1]
2 798 [0]
1 799 [0]
3 792 [5]
10 788 [2]
7 789 [4]
0 797 [3]
8 788 [4]
1 793 [6]
8 791 [1]
5 796 [0]
8 789 [4]
4 792 [5]
21 780 [0]
90 711 [0]
0 798 [3]
1 801 [0]
6 796 [0]
86 716 [0]
341 457 [4]
5 791 [6]
7 792 [4]
265 538 [0]
11 792 [0]
16 785 [2]
148 652 [3]
9 792 [2]
9 795 [0]
6 798 [0]
10 790 [4]
9 793 [2]
7 797 [0]
4 795 [5]
14 790 [0]
1 800 [3]
112 686 [6]
10 795 [0]
5 800 [0]
22 783 [0]
1 798 [6]
27 776 [2]
38 767 [0]
50 751 [4]
42 761 [2]
4 796 [5]
5 795 [5]
121 684 [0]
6 797 [2]
53 752 [0]
8 793 [4]
4 797 [5]
4 802 [0]
1 802 [3]
6 795 [5]
20 784 [2]
192 612 [2]
7 794 [5]
0 799 [7]
364 443 [0]
9 796 [2]
7 800 [0]
6 794 [7]
2 805 [0]
8 799 [0]
0 800 [7]
7 796 [4]
5 797 [5]
36 766 [6]
6 802 [0]
5 798 [5]
400 408 [0]
23 779 [6]
45 763 [0]
103 700 [5]
1 804 [3]
107 694 [7]
82 726 [0]
93 714 [1]
105 703 [0]
128 679 [1]
10 799 [0]
1 808 [0]
3 801 [5]
2 807 [0]
7 802 [0]
2 804 [3]
9 794 [6]
9 800 [0]
10 797 [2]
85 720 [4]
9 798 [2]
2 808 [0]
6 804 [0]
22 787 [1]
24 781 [5]
5 799 [6]
4 801 [5]
189 621 [0]
11 796 [3]
1 807 [3]
0 811 [0]
155 654 [2]
79 731 [1]
87 724 [0]
8 801 [2]
48 756 [7]
21 788 [3]
27 785 [0]
7 801 [4]
9 801 [2]
8 800 [4]
16 791 [5]
5 808 [0]
1 812 [0]
53 758 [2]
0 806 [7]
1 811 [1]
149 661 [3]
8 806 [0]
9 805 [0]
2 811 [1]
284 530 [0]
2 809 [3]
51 762 [1]
22 793 [0]
6 809 [0]
9 802 [4]
216 593 [6]
189 623 [3]
10 805 [0]
36 773 [6]
64 751 [0]
7 803 [5]
6 808 [1]
2 810 [3]
0 813 [3]
5 811 [0]
3 813 [0]
177 636 [3]
267 549 [0]
106 710 [0]
4 805 [7]
7 804 [5]
3 811 [2]
69 747 [0]
6 803 [7]
43 772 [1]
20 794 [2]
0 810 [7]
130 684 [3]
51 759 [7]
8 808 [1]
10 807 [0]
0 814 [3]
36 778 [3]
343 472 [2]
7 805 [5]
1 817 [0]
4 814 [0]
5 813 [0]
98 716 [4]
22 795 [1]
7 811 [0]
281 532 [5]
80 731 [7]
8 810 [0]
70 747 [1]
27 791 [0]
4 815 [0]
10 809 [0]
109 706 [4]
1 815 [3]
64 755 [0]
259 560 [0]
0 812 [7]
85 734 [0]
7 807 [5]
297 523 [0]
6 814 [0]
49 770 [1]
7 813 [0]
50 768 [2]
48 766 [6]
2 812 [6]
6 807 [7]
216 604 [0]
10 808 [2]
10 806 [4]
179 639 [2]
36 782 [3]
13 808 [0]
19 801 [1]
227 594 [0]
12 807 [2]
256 565 [0]
9 808 [4]
4 812 [5]
7 809 [5]
22 798 [1]
10 812 [0]
9 807 [6]
80 735 [7]
4 819 [0]
1 822 [0]
21 802 [0]
56 767 [0]
83 740 [0]
1 819 [3]
6 812 [5]
384 440 [0]
1 823 [0]
2 822 [0]
4 820 [0]
8 816 [0]
6 816 [2]
327 497 [0]
5 814 [5]
8 812 [4]
0 817 [7]
9 815 [0]
14 810 [0]
147 670 [7]
1 821 [3]
51 774 [0]
344 478 [3]
20 803 [2]
6 819 [0]
10 815 [0]
20 805 [0]
36 789 [0]
9 814 [2]
6 815 [5]
45 775 [6]
20 804 [2]
10 814 [2]
403 423 [0]
22 799 [5]
9 816 [2]
0 827 [0]
4 818 [5]
2 824 [1]
7 815 [5]
0 824 [3]
7 816 [4]
8 815 [4]
341 485 [2]
2 823 [3]
0 821 [7]
1 828 [0]
2 821 [6]
8 817 [4]
6 823 [0]
10 817 [2]
9 820 [0]
7 817 [5]
2 826 [1]
10 819 [0]
20 807 [2]
7 818 [4]
409 420 [0]
348 482 [0]
0 830 [0]
8 818 [4]
11 816 [3]
50 776 [4]
75 751 [4]
9 817 [4]
32 799 [0]
5 826 [0]
1 824 [6]
2 828 [1]
7 820 [4]
2 829 [0]
16 810 [5]
8 822 [1]
7 819 [5]
20 809 [2]
3 829 [0]
2 827 [3]
36 796 [0]
8 820 [4]
6 821 [5]
257 575 [0]
2 830 [0]
309 517 [6]
8 824 [0]
10 822 [0]
344 488 [0]
7 826 [0]
9 824 [0]
76 757 [0]
38 790 [5]
48 778 [7]
256 572 [5]
189 643 [1]
8 819 [6]
9 823 [1]
69 765 [0]
22 812 [0]
11 820 [3]
82 752 [0]
4 823 [7]
4 825 [5]
60 771 [3]
359 474 [1]
135 696 [3]
7 824 [4]
4 826 [5]
1 831 [3]
10 826 [0]
99 736 [1]
7 825 [4]
1 829 [6]
386 450 [0]
343 491 [2]
4 833 [0]
22 814 [1]
8 825 [4]
21 815 [1]
8 823 [6]
4 828 [5]
28 810 [0]
9 829 [0]
100 735 [3]
5 833 [0]
8 826 [4]
7 831 [0]
0 831 [7]
105 730 [3]
0 832 [7]
28 806 [5]
8 829 [2]
2 837 [0]
322 517 [0]
8 830 [1]
16 822 [1]
1 835 [3]
6 828 [5]
27 810 [2]
356 480 [3]
9 828 [2]
294 545 [1]
82 758 [0]
0 837 [3]
0 840 [0]
2 835 [3]
8 828 [4]
7 834 [0]
8 833 [0]
68 770 [3]
41 799 [1]
0 838 [3]
8 832 [1]
107 727 [7]
227 614 [0]
129 712 [0]
353 488 [0]
197 644 [0]
137 705 [0]
0 835 [7]
298 544 [0]
1 838 [3]
48 789 [6]
4 834 [5]
0 836 [7]
10 831 [2]
361 483 [0]
8 835 [1]
2 836 [6]
7 837 [0]
14 827 [3]
50 791 [3]
6 833 [5]
2 839 [3]
38 806 [0]
388 456 [0]
102 742 [0]
158 685 [1]
64 776 [4]
98 742 [4]
3 837 [5]
3 842 [0]
23 816 [6]
8 837 [0]
10 833 [2]
347 498 [0]
201 644 [0]
16 830 [0]
5 841 [0]
8 834 [4]
0 843 [3]
9 833 [4]
5 835 [6]
10 832 [4]
5 837 [4]
2 843 [1]
2 845 [0]
85 761 [1]
1 840 [6]
14 830 [3]
3 844 [0]
6 836 [5]
5 842 [0]
171 676 [0]
7 841 [0]
4 838 [6]
56 790 [2]
5 838 [5]
16 827 [5]
49 800 [0]
14 832 [3]
6 838 [5]
9 840 [0]
27 822 [0]
94 748 [7]
9 838 [2]
2 842 [5]
1 849 [0]
7 843 [0]
22 828 [0]
28 822 [0]
4 840 [6]
166 684 [0]
69 780 [1]
25 826 [0]
1 850 [0]
1 844 [6]
128 723 [0]
33 811 [7]
200 651 [0]
196 652 [3]
2 844 [5]
141 706 [4]
4 841 [7]
4 848 [0]
21 831 [0]
149 703 [0]
1 848 [3]
151 701 [0]
33 813 [6]
6 839 [7]
147 698 [7]
16 835 [2]
0 853 [0]
343 508 [2]
8 845 [0]
9 842 [2]
9 844 [0]
13 835 [5]
16 832 [5]
5 843 [5]
109 744 [0]
39 814 [0]
73 780 [0]
0 847 [7]
94 753 [7]
23 825 [6]
347 506 [1]
6 848 [0]
27 827 [0]
8 844 [2]
6 846 [2]
172 682 [0]
10 841 [4]
9 846 [0]
4 851 [0]
4 850 [1]
0 855 [0]
8 841 [6]
10 843 [2]
341 514 [0]
21 833 [1]
12 841 [2]
93 762 [0]
109 746 [0]
5 850 [0]
4 852 [0]
90 766 [0]
45 805 [6]
25 824 [7]
421 435 [0]
1 856 [0]
2 852 [3]
7 846 [4]
28 827 [2]
9 848 [0]
0 850 [7]
6 852 [0]
8 850 [0]
4 854 [0]
8 846 [4]
79 779 [0]
22 836 [0]
1 854 [3]
86 768 [4]
2 857 [0]
27 830 [2]
4 849 [6]
0 859 [0]
5 849 [5]
295 562 [2]
211 648 [0]
5 854 [0]
10 845 [4]
22 838 [0]
7 848 [5]
233 626 [1]
12 848 [0]
11 846 [3]
6 849 [5]
9 849 [2]
60 798 [3]
16 845 [0]
0 854 [7]
6 850 [5]
35 822 [4]
147 711 [3]
10 849 [2]
305 556 [0]
10 851 [0]
5 857 [0]
6 856 [0]
10 848 [4]
7 850 [5]
245 618 [0]
1 862 [0]
22 840 [1]
0 860 [3]
7 851 [5]
51 811 [1]
16 847 [0]
2 858 [3]
6 851 [6]
356 507 [0]
121 740 [2]
2 855 [6]
2 860 [1]
27 832 [5]
9 855 [0]
5 853 [6]
137 721 [6]
265 598 [1]
13 847 [5]
2 862 [1]
20 839 [6]
8 851 [6]
8 853 [4]
4 855 [6]
164 701 [0]
12 852 [1]
2 864 [0]
56 810 [0]
10 854 [2]
263 596 [7]
4 857 [5]
80 779 [7]
9 852 [5]
29 836 [1]
7 854 [5]
4 856 [6]
104 755 [7]
7 860 [0]
99 764 [4]
38 827 [2]
410 457 [0]
5 856 [6]
260 607 [0]
6 857 [4]
348 519 [0]
8 856 [4]
281 587 [0]
1 867 [0]
56 806 [6]
8 859 [1]
2 859 [7]
6 862 [0]
0 861 [7]
8 860 [0]
7 857 [4]
198 667 [3]
427 441 [0]
8 861 [0]
10 858 [1]
98 768 [4]
7 863 [0]
4 866 [0]
6 860 [4]
75 791 [4]
181 686 [3]
1 866 [3]
7 858 [5]
68 800 [2]
325 546 [0]
21 850 [0]
9 862 [0]
159 711 [1]
6 858 [7]
51 813 [7]
11 857 [3]
6 866 [0]
2 869 [1]
5 861 [6]
38 832 [2]
4 863 [5]
2 867 [3]
20 852 [0]
27 845 [0]
1 868 [3]
0 865 [7]
1 869 [3]
8 864 [1]
302 569 [2]
209 663 [1]
4 868 [1]
5 862 [6]
8 865 [1]
10 862 [2]
8 862 [4]
1 870 [3]
25 843 [6]
2 865 [7]
7 867 [0]
27 847 [0]
47 823 [4]
294 573 [7]
43 831 [1]
2 873 [0]
8 867 [0]
350 525 [0]
8 863 [4]
23 846 [6]
6 868 [1]
28 845 [2]
2 872 [1]
99 769 [7]
344 524 [7]
53 822 [0]
1 875 [0]
6 870 [0]
211 665 [0]
14 859 [3]
22 853 [1]
109 763 [4]
0 877 [0]
293 584 [0]
8 869 [0]
10 866 [1]
197 678 [2]
88 786 [3]
22 855 [0]
7 871 [0]
344 531 [3]
311 567 [0]
7 866 [5]
4 867 [7]
16 859 [3]
14 864 [0]
10 864 [4]
407 471 [0]
21 854 [3]
5 867 [7]
7 872 [0]
8 871 [0]
10 865 [4]
15 862 [2]
12 867 [0]
233 645 [1]
1 876 [3]
8 872 [0]
294 579 [7]
297 581 [2]
2 877 [1]
8 868 [4]
357 522 [1]
7 868 [5]
9 870 [1]
16 865 [0]
6 875 [0]
2 876 [3]
86 791 [4]
51 829 [1]
409 472 [0]
4 870 [7]
9 868 [4]
5 872 [4]
16 864 [1]
4 872 [5]
0 874 [7]
107 774 [1]
16 861 [5]
7 870 [5]
33 842 [7]
6 872 [4]
100 779 [3]
9 871 [2]
12 866 [4]
277 605 [0]
1 878 [3]
203 680 [0]
2 881 [0]
22 856 [5]
9 874 [0]
1 879 [3]
87 790 [6]
15 868 [0]
10 869 [4]
0 876 [7]
29 853 [1]
3 881 [0]
1 883 [0]
34 843 [7]
0 881 [3]
10 874 [0]
190 692 [2]
8 875 [1]
8 870 [6]
39 838 [7]
11 872 [1]
12 870 [2]
10 875 [0]
14 869 [2]
9 875 [1]
8 876 [1]
0 878 [7]
35 845 [5]
7 879 [0]
7 874 [5]
8 877 [1]
0 886 [0]
5 875 [6]
2 884 [0]
8 878 [0]
18 868 [0]
29 856 [1]
8 873 [6]
4 883 [0]
7 875 [5]
69 817 [1]
10 873 [4]
337 551 [0]
106 777 [5]
27 861 [0]
20 866 [2]
51 837 [0]
2 883 [3]
12 875 [2]
0 882 [7]
129 760 [0]
141 744 [4]
56 827 [6]
9 879 [1]
32 856 [1]
6 878 [5]
89 801 [0]
4 879 [7]
2 885 [3]
4 881 [5]
9 877 [4]
16 873 [1]
10 876 [4]
45 839 [6]
6 881 [4]
305 585 [1]
10 877 [4]
8 882 [1]
11 881 [0]
2 890 [0]
56 830 [6]
23 863 [6]
7 880 [5]
4 888 [0]
6 879 [7]
0 885 [7]
27 865 [0]
28 864 [0]
14 876 [3]
2 891 [0]
0 893 [0]
4 884 [5]
14 877 [2]
358 535 [0]
8 879 [6]
429 464 [0]
36 857 [0]
1 889 [3]
27 864 [3]
8 886 [0]
8 885 [1]
56 832 [6]
178 710 [6]
51 842 [1]
4 889 [1]
51 844 [0]
7 883 [5]
16 877 [2]
9 884 [2]
1 891 [3]
13 877 [5]
39 849 [7]
410 485 [0]
109 784 [2]
7 884 [4]
5 883 [7]
80 816 [0]
2 894 [0]
99 793 [4]
0 896 [0]
5 885 [6]
6 888 [2]
73 817 [6]
79 816 [1]
6 889 [1]
21 874 [1]
157 739 [0]
6 883 [7]
10 882 [4]
50 847 [0]
0 897 [0]
95 801 [1]
16 876 [5]
12 883 [2]
0 894 [3]
8 883 [6]
1 893 [3]
297 597 [3]
2 896 [0]
114 779 [5]
24 869 [5]
6 891 [1]
8 889 [1]
79 818 [1]
0 892 [7]
2 897 [0]
4 895 [0]
8 891 [0]
9 888 [2]
42 853 [4]
7 888 [4]
30 862 [7]
8 890 [1]
219 677 [3]
14 886 [0]
2 898 [0]
3 897 [0]
350 548 [2]
6 894 [0]
49 850 [1]
23 871 [6]
43 854 [3]
27 873 [0]
53 845 [2]
8 888 [4]
198 699 [3]
0 901 [0]
10 887 [4]
7 889 [5]
8 893 [0]
22 878 [1]
60 840 [1]
10 891 [0]
1 898 [3]
11 888 [3]
7 895 [0]
10 892 [0]
14 887 [1]
20 880 [2]
5 891 [6]
31 867 [4]
38 859 [5]
1 896 [6]
27 876 [0]
45 852 [6]
136 767 [0]
4 894 [5]
28 873 [2]
16 885 [2]
215 688 [0]
13 885 [5]
359 545 [0]
2 902 [0]
9 891 [4]
1 900 [3]
6 898 [0]
8 896 [0]
1 897 [6]
7 894 [4]
14 890 [1]
281 624 [0]
79 825 [1]
1 901 [3]
109 794 [2]
16 887 [3]
1 905 [0]
6 899 [1]
5 897 [4]
28 876 [2]
5 896 [5]
192 713 [1]
1 906 [0]
276 631 [0]
357 549 [1]
80 820 [7]
8 895 [4]
1 903 [3]
93 813 [1]
10 896 [2]
122 786 [0]
2 903 [3]
2 905 [1]
38 865 [5]
5 904 [0]
10 899 [0]
13 891 [5]
222 686 [1]
14 892 [3]
10 898 [1]
16 890 [3]
0 902 [7]
12 898 [0]
212 695 [3]
1 909 [0]
8 901 [1]
10 900 [0]
5 899 [6]
4 900 [6]
122 783 [5]
7 898 [5]
330 580 [0]
5 900 [5]
0 903 [7]
253 658 [0]
3 908 [0]
8 902 [1]
4 906 [1]
8 903 [0]
25 884 [2]
7 899 [5]
9 900 [2]
8 899 [4]
50 861 [0]
106 804 [1]
0 904 [7]
1 911 [0]
1 904 [7]
8 900 [4]
9 899 [4]
9 904 [0]
7 906 [0]
10 901 [2]
9 898 [6]
35 873 [5]
109 803 [2]
177 736 [1]
229 685 [0]
27 885 [2]
18 889 [7]
36 872 [6]
8 906 [0]
13 901 [0]
371 543 [0]
0 908 [6]
79 834 [1]
109 805 [0]
28 886 [0]
5 903 [6]
9 901 [4]
426 488 [0]
16 893 [5]
2 909 [3]
2 913 [0]
2 912 [1]
28 882 [5]
14 901 [0]
2 910 [3]
31 883 [1]
2 908 [5]
27 886 [2]
64 847 [4]
319 594 [2]
0 916 [0]
6 905 [5]
15 899 [2]
0 913 [3]
266 650 [0]
45 866 [6]
8 905 [4]
5 908 [4]
9 908 [0]
47 870 [0]
209 704 [4]
10 903 [4]
4 910 [3]
292 619 [6]
1 914 [3]
100 818 [0]
6 907 [5]
60 855 [3]
40 877 [1]
2 915 [1]
8 904 [6]
14 903 [2]
7 907 [5]
1 915 [3]
2 911 [6]
9 907 [4]
5 915 [0]
1 919 [0]
147 766 [7]
38 882 [0]
100 820 [0]
5 909 [6]
1 916 [3]
34 884 [2]
27 893 [0]
20 898 [2]
7 913 [0]
8 912 [0]
25 896 [0]
2 919 [0]
1 917 [3]
0 914 [7]
5 911 [5]
4 917 [0]
3 913 [5]
9 912 [0]
85 836 [0]
16 902 [3]
199 722 [0]
16 904 [1]
4 916 [1]
109 809 [4]
4 913 [5]
1 918 [3]
9 911 [2]
5 917 [0]
8 914 [0]
2 914 [6]
10 912 [0]
6 911 [5]
14 904 [4]
8 911 [4]
0 923 [0]
22 900 [1]
6 912 [5]
2 918 [3]
17 904 [2]
12 910 [1]
2 920 [1]
6 910 [7]
18 906 [0]
2 922 [0]
9 913 [2]
259 662 [3]
8 916 [0]
5 914 [5]
119 804 [1]
10 914 [0]
276 647 [1]
7 910 [7]
38 886 [0]
309 609 [6]
100 825 [0]
6 919 [0]
385 539 [1]
1 921 [3]
129 790 [6]
6 914 [5]
436 489 [0]
0 922 [3]
291 634 [0]
83 841 [1]
4 920 [1]
190 735 [1]
79 846 [1]
4 921 [1]
7 915 [5]
5 922 [0]
10 915 [2]
3 922 [2]
8 915 [4]
1 923 [3]
16 909 [2]
191 736 [0]
9 915 [4]
7 921 [0]
53 873 [2]
22 905 [1]
6 917 [5]
283 646 [0]
9 920 [0]
30 899 [0]
432 497 [0]
141 784 [4]
4 918 [7]
21 907 [1]
7 917 [5]
27 903 [0]
0 930 [0]
38 887 [5]
7 918 [5]
93 837 [0]
410 514 [6]
5 925 [0]
7 923 [0]
444 486 [0]
2 925 [3]
10 920 [0]
33 897 [0]
9 917 [4]
12 918 [0]
20 910 [0]
454 476 [0]
8 923 [0]
1 930 [0]
6 920 [5]
0 928 [3]
5 920 [6]
1 927 [3]
1 931 [0]
8 920 [4]
7 920 [5]
5 921 [6]
8 922 [2]
174 754 [4]
6 926 [0]
83 848 [1]
322 609 [1]
24 901 [7]
8 918 [6]
38 892 [2]
9 923 [0]
0 933 [0]
7 922 [4]
247 686 [0]
38 890 [5]
10 921 [2]
6 927 [0]
0 926 [7]
8 921 [4]
4 924 [5]
5 923 [6]
5 929 [0]
22 912 [0]
113 818 [3]
128 806 [0]
6 923 [5]
211 720 [3]
105 826 [3]
92 838 [4]
114 816 [5]
5 930 [0]
141 794 [0]
7 924 [4]
266 669 [0]
1 929 [6]
27 909 [0]
0 936 [0]
2 934 [0]
8 924 [4]
9 927 [0]
22 914 [0]
397 539 [0]
8 927 [1]
2 928 [6]
1 936 [0]
3 934 [0]
232 705 [0]
5 928 [5]
8 930 [0]
91 847 [0]
21 916 [1]
8 926 [4]
4 928 [6]
10 926 [2]
4 929 [6]
0 939 [0]
6 928 [5]
39 900 [0]
7 927 [5]
0 932 [7]
2 930 [7]
19 913 [7]
1 935 [3]
9 931 [0]
121 819 [0]
21 917 [2]
9 929 [2]
10 928 [2]
256 679 [5]
10 931 [0]
100 834 [7]
1 934 [6]
288 653 [0]
113 825 [3]
8 929 [4]
5 931 [6]
2 940 [0]
6 936 [0]
85 853 [4]
15 920 [7]
6 931 [5]
455 487 [0]
8 935 [0]
1 942 [0]
5 932 [6]
101 841 [1]
5 938 [0]
179 764 [0]
6 937 [0]
5 934 [4]
107 829 [7]
7 931 [5]
56 887 [0]
79 863 [1]
4 937 [3]
7 932 [5]
141 803 [0]
29 914 [1]
8 934 [2]
69 874 [1]
8 932 [4]
10 932 [2]
9 936 [0]
38 902 [5]
7 934 [4]
453 492 [0]
0 943 [3]
3 943 [0]
2 941 [3]
10 936 [0]
16 925 [5]
327 613 [6]
5 935 [6]
209 734 [4]
45 898 [4]
344 600 [3]
3 944 [0]
16 930 [1]
5 936 [6]
21 921 [5]
17 930 [0]
8 938 [1]
4 942 [1]
1 940 [6]
2 944 [1]
97 849 [1]
56 886 [6]
0 948 [0]
56 890 [2]
8 939 [1]
29 919 [0]
50 893 [5]
109 839 [0]
66 878 [4]
2 939 [7]
179 769 [0]
7 936 [5]
0 941 [7]
31 918 [0]
9 940 [0]
51 897 [1]
10 939 [0]
130 819 [0]
1 945 [3]
100 846 [3]
6 942 [1]
2 948 [0]
0 950 [0]
189 758 [3]
3 947 [0]
8 941 [1]
12 937 [1]
7 943 [0]
8 942 [0]
2 943 [5]
141 809 [0]
56 892 [2]
73 874 [3]
54 896 [1]
7 937 [7]
6 940 [5]
105 843 [3]
9 942 [0]
5 946 [0]
79 871 [1]
256 696 [0]
3 949 [0]
6 944 [2]
22 929 [1]
27 925 [0]
0 945 [7]
14 933 [5]
18 927 [7]
10 938 [4]
4 949 [0]
5 948 [0]
4 944 [5]
0 946 [7]
22 926 [5]
383 570 [0]
433 520 [0]
3 951 [0]
7 942 [5]
1 953 [0]
26 921 [7]
9 943 [2]
14 938 [2]
10 942 [2]
2 951 [1]
7 944 [4]
0 955 [0]
1 954 [0]
4 945 [6]
10 945 [0]
16 939 [0]
29 926 [0]
1 955 [0]
5 945 [6]
1 949 [6]
21 932 [3]
14 939 [3]
2 955 [0]
8 945 [4]
6 946 [5]
4 953 [0]
6 951 [0]
8 949 [0]
15 942 [0]
9 947 [2]
2 956 [0]
9 945 [4]
87 865 [6]
7 947 [4]
4 954 [0]
477 481 [0]
32 926 [0]
80 871 [7]
107 844 [7]
7 946 [5]
10 946 [2]
8 946 [4]
3 956 [0]
6 949 [4]
9 946 [4]
8 947 [4]
0 952 [7]
8 950 [1]
20 937 [2]
2 950 [7]
6 954 [0]
114 846 [0]
111 849 [0]
7 949 [4]
4 951 [5]
8 953 [0]
8 952 [1]
421 540 [0]
2 958 [1]
64 893 [4]
178 777 [6]
355 606 [1]
8 954 [0]
6 956 [0]
1 961 [0]
33 922 [7]
3 954 [5]
83 879 [0]
83 875 [4]
2 959 [1]
28 933 [2]
6 957 [0]
59 904 [0]
9 953 [1]
1 959 [3]
22 940 [1]
8 951 [4]
14 950 [0]
6 958 [0]
98 861 [5]
4 960 [0]
10 950 [4]
347 617 [0]
0 961 [3]
27 935 [2]
2 963 [0]
176 785 [4]
1 964 [0]
9 954 [2]
4 956 [5]
27 933 [5]
7 953 [5]
7 954 [4]
8 958 [0]
6 959 [1]
6 955 [5]
9 957 [0]
102 861 [3]
51 908 [7]
1 962 [3]
461 505 [0]
14 952 [0]
0 959 [7]
255 707 [4]
16 950 [0]
49 916 [1]
403 562 [1]
27 939 [0]
372 594 [0]
433 534 [0]
24 938 [5]
21 945 [1]
318 645 [4]
2 962 [3]
10 953 [4]
84 884 [0]
27 941 [0]
4 963 [1]
109 858 [1]
75 893 [0]
8 959 [1]
8 956 [4]
10 958 [0]
79 888 [1]
19 949 [0]
227 742 [0]
344 625 [0]
16 948 [5]
2 966 [1]
2 961 [6]
165 804 [0]
9 958 [2]
7 957 [5]
171 799 [0]
332 638 [0]
2 965 [3]
7 963 [0]
366 604 [0]
100 863 [7]
8 963 [0]
9 960 [2]
7 959 [5]
7 960 [4]
1 967 [3]
185 780 [6]
121 848 [2]
10 959 [2]
284 687 [1]
6 966 [0]
1 968 [3]
2 964 [6]
9 963 [0]
9 959 [4]
8 960 [4]
13 959 [0]
6 961 [5]
0 965 [7]
9 962 [1]
44 928 [1]
5 966 [2]
38 933 [2]
4 962 [7]
4 968 [1]
16 952 [5]
1 969 [3]
2 969 [3]
151 823 [0]
4 970 [0]
5 964 [5]
12 962 [0]
100 871 [3]
282 692 [0]
433 541 [0]
121 851 [2]
5 963 [6]
1 970 [3]
7 962 [5]
221 754 [0]
2 973 [0]
7 968 [0]
6 968 [1]
211 761 [3]
80 888 [7]
43 932 [0]
6 964 [5]
50 925 [0]
154 821 [0]
9 964 [2]
6 962 [7]
8 968 [0]
6 970 [0]
8 962 [6]
87 887 [2]
8 964 [4]
69 907 [0]
2 971 [3]
345 631 [0]
5 965 [6]
7 970 [0]
2 975 [0]
27 948 [2]
9 967 [1]
7 966 [4]
2 972 [3]
344 630 [3]
64 909 [4]
233 744 [0]
10 968 [0]
374 604 [0]
149 826 [3]
106 866 [6]
268 705 [5]
8 966 [4]
4 967 [7]
20 957 [2]
1 978 [0]
14 965 [0]
113 863 [3]
4 972 [3]
61 917 [1]
0 980 [0]
73 907 [0]
10 969 [1]
324 656 [0]
6 967 [7]
11 966 [3]
8 971 [1]
16 965 [0]
6 975 [0]
2 979 [0]
12 969 [0]
22 958 [1]
7 969 [5]
10 967 [4]
9 968 [4]
238 743 [0]
386 590 [5]
12 967 [2]
6 969 [7]
4 973 [5]
238 745 [0]
2 974 [7]
5 973 [5]
200 782 [1]
8 974 [1]
23 960 [0]
0 976 [7]
256 723 [4]
5 979 [0]
10 974 [0]
12 972 [0]
7 972 [5]
68 916 [0]
45 937 [2]
36 947 [1]
0 977 [7]
27 952 [5]
7 973 [4]
130 851 [3]
272 712 [0]
423 562 [0]
2 983 [0]
166 819 [0]
8 973 [4]
310 675 [0]
15 963 [7]
10 973 [2]
6 972 [7]
1 982 [3]
18 968 [0]
126 860 [0]
2 977 [7]
10 975 [1]
255 725 [6]
51 934 [1]
16 971 [0]
327 660 [0]
2 984 [1]
1 979 [7]
1 983 [3]
8 978 [1]
7 975 [5]
379 609 [0]
114 871 [3]
2 986 [0]
201 787 [0]
38 950 [0]
14 971 [3]
197 787 [4]
0 981 [7]
20 969 [0]
109 880 [0]
2 987 [0]
13 976 [0]
15 968 [6]
8 980 [1]
2 980 [7]
386 603 [0]
14 974 [1]
5 978 [6]
7 983 [0]
18 970 [2]
16 974 [0]
173 811 [6]
50 935 [5]
9 975 [6]
2 981 [7]
38 952 [0]
203 788 [0]
4 987 [0]
93 897 [1]
5 986 [0]
29 961 [1]
8 983 [0]
10 977 [4]
1 991 [0]
4 988 [0]
20 972 [0]
4 982 [6]
5 981 [6]
263 722 [7]
0 985 [7]
16 977 [0]
6 982 [5]
8 979 [6]
4 984 [5]
69 923 [1]
5 982 [6]
36 951 [6]
0 994 [0]
4 990 [0]
5 983 [6]
14 977 [3]
10 980 [4]
479 515 [0]
8 982 [4]
2 989 [3]
16 976 [2]
0 991 [3]
129 859 [6]
382 612 [0]
5 984 [5]
27 965 [2]
10 985 [0]
3 992 [0]
100 895 [0]
356 639 [0]
51 943 [1]
7 984 [4]
396 599 [0]
28 965 [2]
8 981 [6]
317 677 [1]
16 979 [1]
48 947 [1]
5 991 [0]
5 985 [6]
8 984 [4]
50 941 [5]
9 983 [4]
7 989 [0]
9 981 [6]
9 988 [0]
5 992 [0]
56 939 [2]
5 987 [5]
20 975 [2]
6 991 [0]
10 987 [0]
14 980 [3]
7 985 [5]
7 987 [4]
48 944 [6]
277 719 [2]
15 983 [0]
407 591 [0]
16 981 [1]
88 911 [0]
7 988 [4]
181 814 [4]
36 956 [7]
16 978 [5]
2 997 [0]
8 991 [0]
1 995 [3]
14 981 [4]
186 810 [4]
69 931 [0]
5 995 [0]
8 992 [0]
10 986 [4]
5 990 [5]
17 981 [2]
0 993 [7]
10 989 [1]
8 988 [4]
296 705 [0]
91 909 [1]
6 990 [5]
28 971 [2]
5 997 [0]
55 947 [0]
11 988 [3]
10 990 [2]
121 879 [2]
8 993 [1]
27 976 [0]
199 802 [2]
50 948 [5]
64 935 [4]
27 971 [5]
7 992 [4]
10 991 [2]
16 986 [1]
4 994 [5]
141 858 [4]
85 919 [0]
5 999 [0]
8 995 [1]
9 995 [0]
25 973 [6]
75 925 [4]
99 905 [0]
8 997 [0]
27 978 [0]
494 511 [0]
0 998 [7]
9 994 [2]
8 998 [0]
132 874 [0]
10 994 [2]
5 996 [5]
305 696 [5]
7 995 [5]
438 569 [0]
9 999 [0]
317 691 [0]
6 995 [7]
10 996 [2]
4 997 [7]
38 965 [6]
25 984 [0]
36 966 [7]
38 971 [0]
21 985 [3]
478 531 [0]
4 999 [6]
255 749 [5]
12 995 [2]
7 997 [5]
126 881 [2]
27 977 [5]
344 666 [0]
27 979 [4]
179 828 [3]
14 993 [3]
6 997 [7]
130 879 [1]
20 989 [2]
8 999 [4]
502 509 [0]
195 815 [1]
12 997 [2]
22 990 [0]
25 987 [0]
216 796 [0]
188 818 [6]
128 882 [3]
28 986 [0]
56 952 [6]
34 973 [7]
22 991 [1]
75 935 [4]
297 718 [0]
324 689 [2]
14 998 [3]
86 925 [4]
75 941 [0]
27 986 [3]
45 972 [0]
135 882 [0]
70 946 [1]
186 827 [4]
35 979 [3]
38 974 [5]
22 996 [0]
166 851 [1]
282 735 [1]
233 784 [1]
264 755 [0]
474 545 [0]
126 894 [0]
186 830 [4]
38 977 [5]
129 887 [4]
131 890 [0]
28 993 [0]
35 986 [0]
128 892 [1]
129 890 [2]
410 608 [3]
341 674 [6]
161 861 [0]
290 732 [0]
22 999 [1]
75 948 [0]
94 928 [1]
38 980 [5]
477 547 [0]
131 887 [6]
188 834 [2]
344 681 [0]
141 880 [4]
25 994 [6]
291 731 [3]
87 939 [0]
424 602 [0]
233 794 [0]
98 925 [4]
97 929 [1]
439 589 [0]
28 998 [2]
481 547 [0]
31 997 [1]
43 985 [1]
27 998 [5]
50 976 [4]
38 993 [0]
115 916 [0]
100 924 [7]
137 889 [6]
33 992 [7]
56 974 [3]
56 971 [6]
203 831 [0]
272 760 [2]
424 610 [1]
34 994 [7]
340 695 [0]
83 953 [0]
39 990 [7]
129 902 [6]
39 991 [7]
233 803 [1]
56 980 [2]
98 941 [0]
99 940 [0]
117 922 [0]
39 999 [1]
87 950 [2]
294 738 [7]
64 976 [0]
79 960 [1]
450 590 [0]
113 924 [3]
122 911 [7]
90 951 [0]
107 934 [0]
89 949 [3]
53 986 [2]
233 809 [0]
39 996 [7]
51 992 [0]
137 906 [2]
85 961 [0]
127 919 [0]
463 583 [0]
89 954 [3]
104 935 [7]
56 993 [0]
442 607 [0]
304 745 [0]
209 836 [4]
98 948 [4]
95 954 [1]
204 847 [0]
83 967 [1]
277 775 [0]
75 978 [0]
450 603 [0]
350 697 [6]
56 998 [0]
417 639 [0]
353 700 [3]
471 591 [0]
384 677 [2]
215 841 [7]
148 912 [3]
137 927 [0]
281 783 [0]
263 802 [0]
211 853 [1]
185 874 [6]
176 885 [4]
82 979 [5]
256 806 [4]
281 786 [0]
80 988 [0]
109 957 [2]
86 978 [4]
184 884 [1]
363 707 [0]
377 693 [0]
87 977 [6]
152 912 [7]
216 857 [0]
525 548 [0]
233 839 [1]
427 645 [1]
150 923 [0]
87 980 [6]
145 929 [0]
384 691 [0]
121 953 [1]
243 832 [0]
534 541 [0]
154 919 [2]
113 960 [3]
83 995 [0]
201 878 [0]
197 878 [4]
190 888 [1]
139 941 [0]
248 831 [1]
143 938 [0]
410 674 [0]
231 853 [0]
137 942 [6]
188 895 [2]
122 964 [0]
109 975 [2]
230 854 [2]
130 953 [3]
139 948 [0]
125 962 [0]
179 905 [3]
267 818 [2]
216 872 [0]
299 785 [4]
192 896 [1]
233 858 [0]
361 727 [3]
100 988 [3]
185 907 [0]
275 817 [0]
105 984 [3]
383 710 [0]
485 608 [0]
469 626 [0]
105 987 [3]
382 713 [1]
109 989 [0]
133 965 [0]
147 944 [7]
359 738 [1]
533 566 [0]
97 999 [3]
444 652 [3]
141 957 [2]
158 941 [1]
267 834 [0]
147 951 [3]
112 990 [0]
343 760 [0]
354 750 [0]
367 738 [0]
317 789 [0]
147 956 [3]
232 868 [6]
318 784 [4]
137 970 [0]
148 958 [2]
344 757 [7]
282 820 [6]
129 974 [6]
112 996 [2]
154 955 [2]
131 974 [6]
188 924 [0]
255 857 [0]
117 992 [3]
233 880 [1]
213 899 [2]
225 890 [0]
129 980 [6]
295 821 [0]
318 794 [4]
378 739 [0]
325 791 [1]
186 933 [0]
141 975 [4]
232 889 [0]
536 588 [0]
318 803 [4]
180 947 [0]
407 714 [6]
149 973 [7]
287 843 [1]
198 930 [3]
149 984 [0]
272 859 [2]
277 852 [4]
141 989 [4]
203 932 [0]
361 774 [0]
299 835 [1]
149 987 [0]
202 933 [1]
393 743 [0]
266 871 [0]
565 572 [0]
232 906 [0]
256 882 [0]
486 652 [0]
297 842 [1]
556 585 [0]
183 963 [0]
167 976 [3]
536 611 [0]
324 824 [2]
463 688 [0]
145 999 [7]
265 886 [1]
532 624 [0]
348 802 [6]
356 793 [7]
318 839 [0]
431 726 [0]
503 655 [0]
495 663 [0]
232 927 [0]
383 777 [1]
267 895 [0]
351 812 [0]
386 781 [0]
536 633 [0]
371 797 [1]
181 990 [0]
206 964 [1]
543 628 [0]
500 672 [0]
183 983 [6]
334 839 [0]
272 902 [0]
357 818 [1]
181 996 [0]
190 988 [0]
581 597 [0]
186 993 [0]
437 744 [0]
357 825 [0]
250 932 [1]
458 725 [0]
186 998 [0]
236 950 [0]
241 944 [1]
528 659 [0]
299 885 [4]
524 666 [0]
267 924 [0]
357 834 [0]
356 828 [7]
277 910 [4]
359 833 [0]
258 933 [1]
327 860 [6]
361 829 [3]
290 903 [1]
243 952 [0]
268 927 [0]
318 880 [0]
202 993 [3]
588 611 [0]
412 788 [0]
305 892 [5]
343 859 [2]
202 998 [4]
233 975 [0]
297 908 [3]
280 926 [2]
232 970 [6]
276 931 [1]
292 915 [1]
458 749 [2]
483 727 [0]
427 784 [0]
276 936 [0]
528 683 [1]
459 754 [0]
230 985 [0]
327 881 [7]
277 937 [2]
236 977 [3]
530 687 [0]
553 664 [0]
222 996 [0]
295 919 [4]
533 685 [1]
255 966 [0]
327 894 [0]
233 989 [0]
278 944 [0]
557 665 [0]
588 633 [1]
560 662 [0]
389 835 [0]
600 625 [0]
358 865 [2]
403 821 [1]
407 813 [6]
427 794 [6]
586 642 [0]
450 781 [0]
427 803 [1]
452 780 [0]
600 630 [2]
525 708 [0]
238 994 [1]
478 757 [0]
294 945 [0]
503 737 [0]
500 733 [7]
247 996 [0]
480 764 [0]
611 633 [0]
565 679 [2]
423 821 [3]
343 902 [2]
323 926 [0]
295 955 [0]
411 839 [0]
566 685 [0]
352 900 [0]
284 969 [0]
309 943 [1]
277 972 [4]
357 895 [2]
258 993 [4]
295 961 [0]
548 708 [0]
346 911 [0]
601 661 [0]
333 929 [0]
355 901 [6]
386 869 [7]
621 643 [0]
350 913 [3]
322 943 [1]
356 905 [7]
508 760 [0]
318 957 [0]
391 884 [0]
507 769 [0]
480 793 [3]
473 804 [0]
557 720 [1]
469 809 [2]
570 710 [0]
357 924 [0]
292 983 [6]
294 982 [7]
336 949 [0]
421 863 [3]
313 976 [1]
342 951 [0]
432 860 [1]
356 940 [0]
465 831 [0]
550 748 [0]
581 718 [0]
361 934 [4]
342 956 [2]
407 897 [0]
325 978 [1]
601 703 [1]
474 833 [0]
427 880 [3]
395 916 [0]
401 912 [0]
597 718 [0]
532 786 [0]
596 722 [0]
464 856 [0]
330 990 [1]
403 919 [1]
605 719 [0]
450 869 [7]
432 894 [2]
469 858 [2]
386 938 [5]
582 747 [0]
363 966 [2]
399 933 [0]
601 730 [1]
341 992 [0]
530 807 [0]
581 759 [0]
359 982 [0]
659 683 [0]
500 840 [7]
522 825 [0]
570 777 [1]
582 765 [1]
367 982 [2]
442 909 [3]
438 917 [0]
500 855 [0]
616 740 [0]
578 778 [0]
614 742 [0]
597 759 [1]
377 979 [1]
497 860 [0]
592 766 [0]
401 958 [0]
452 907 [0]
403 955 [1]
403 961 [0]
661 703 [0]
593 773 [0]
677 691 [0]
521 847 [0]
405 964 [0]
385 985 [0]
595 776 [0]
477 893 [3]
627 751 [0]
423 955 [4]
562 821 [0]
421 960 [2]
397 985 [2]
605 775 [4]
427 957 [1]
665 720 [0]
450 938 [0]
480 905 [3]
423 961 [4]
393 994 [1]
497 894 [0]
661 730 [0]
655 737 [0]
491 902 [0]
475 922 [0]
462 936 [0]
441 957 [0]
679 723 [0]
540 863 [0]
672 733 [0]
410 992 [7]
552 867 [0]
480 940 [3]
538 886 [0]
581 842 [1]
559 870 [0]
645 784 [0]
644 787 [0]
703 730 [0]
651 782 [0]
525 913 [0]
704 734 [0]
597 842 [0]
467 976 [0]
558 889 [0]
565 882 [3]
556 892 [4]
571 887 [0]
469 989 [2]
517 943 [0]
499 963 [0]
605 852 [5]
641 823 [0]
558 906 [2]
677 789 [2]
479 986 [4]
552 918 [0]
549 924 [0]
725 749 [0]
585 892 [0]
550 928 [1]
691 789 [0]
626 858 [0]
710 777 [0]
679 806 [3]
719 775 [0]
613 881 [0]
530 969 [0]
540 960 [2]
597 908 [0]
689 824 [0]
672 840 [1]
516 999 [0]
607 909 [0]
605 910 [4]
655 864 [2]
644 878 [0]
715 808 [0]
546 978 [0]
672 855 [0]
714 813 [0]
558 970 [2]
619 915 [0]
684 851 [0]
542 998 [0]
603 938 [0]
704 836 [1]
605 937 [0]
561 981 [0]
552 997 [1]
735 820 [0]
622 935 [0]
589 971 [0]
618 947 [0]
763 805 [0]
771 798 [0]
734 836 [0]
770 800 [0]
733 840 [0]
647 931 [0]
605 972 [5]
616 967 [0]
733 855 [0]
667 930 [0]
794 803 [0]
762 837 [0]
737 864 [0]
774 829 [0]
715 891 [1]
668 946 [0]
774 844 [0]
718 908 [0]
719 910 [0]
810 830 [0]
716 925 [0]
649 995 [0]
781 869 [0]
818 834 [0]
741 921 [0]
822 845 [0]
829 844 [0]
794 880 [0]
686 996 [0]
803 880 [0]
780 907 [0]
740 967 [0]
775 937 [0]
818 895 [0]
845 873 [0]
729 991 [0]
738 982 [0]
735 988 [1]
834 895 [0]
793 940 [0]
743 994 [0]
821 955 [0]
832 952 [0]
867 918 [0]
889 906 [0]
809 989 [0]
826 984 [0]
826 987 [0]
889 970 [0]
912 958 [0]
951 956 [0]
