1600
12
41
180
320
353
414
958
1287
1533
800
322
72
196
456
27
83
261
47
150
218
119
224
698
305
169
703
435
101
274
87
135
92
343
380
12
262
30
278
113
5
1312
156
171
515
133
256
277
102
387
129
533
276
713
1320
444
50
327
67
474
170
89
157
650
57
319
429
185
537
70
118
225
1224
104
215
0
95
76
582
212
201
100
249
34
64
989
254
684
547
62
49
452
138
38
8
705
177
16
146
65
402
231
241
1
541
791
9
403
672
121
202
356
287
501
136
128
798
819
405
273
390
203
404
638
592
74
73
660
71
518
337
340
33
21
335
187
93
60
26
48
913
195
897
386
182
167
219
505
357
281
44
538
385
11
24
227
7
107
397
66
333
142
449
754
634
299
497
925
332
35
140
271
55
600
108
953
79
751
725
618
36
510
247
744
378
577
6
973
164
68
144
374
293
85
192
664
303
149
616
159
115
525
173
870
461
147
90
570
80
205
393
289
110
455
88
763
105
181
655
158
132
42
52
408
175
680
111
106
640
486
653
148
373
410
709
434
997
1078
22
145
364
234
602
665
606
825
253
1044
103
1215
239
495
906
1020
409
920
282
344
272
342
459
513
371
860
527
325
530
130
1112
605
1140
552
835
396
535
206
1337
524
810
683
886
313
574
629
681
508
580
389
270
696
338
323
383
236
976
151
631
661
360
1049
485
339
938
2
624
359
186
770
450
1065
59
607
69
566
1486
18
394
1031
857
493
489
54
523
823
887
37
178
882
40
834
471
426
306
562
97
849
242
1103
127
295
641
1406
632
134
644
355
285
123
528
756
208
1246
480
900
659
1076
576
304
587
567
176
777
473
425
391
420
948
692
82
23
771
604
494
609
372
448
230
1141
500
399
685
788
31
1256
822
184
667
614
29
499
345
711
1093
520
112
1388
880
1009
56
346
243
194
300
392
697
122
1351
488
370
160
952
220
13
1165
879
891
469
936
828
296
1077
379
174
223
328
99
586
1245
191
1094
990
1314
216
908
623
710
779
972
1321
445
457
1115
719
682
889
347
481
1052
572
859
575
596
78
39
291
263
418
126
454
238
630
131
45
367
693
193
654
411
590
553
1380
384
75
686
255
314
28
804
1317
197
210
288
617
1155
496
837
63
316
540
563
267
283
862
246
143
1259
58
546
498
381
183
251
478
294
382
783
1110
421
1480
152
125
124
400
43
915
1041
1152
188
221
747
1308
264
179
730
1196
503
237
428
894
1176
460
841
375
416
1262
235
479
645
940
257
266
735
1192
286
162
847
960
543
312
1074
1540
1124
259
1132
213
824
1043
155
161
1485
526
809
812
109
565
1082
10
116
687
851
482
550
228
244
204
165
1010
803
1139
472
198
832
430
439
424
368
838
331
292
957
555
309
1437
1175
642
466
260
626
628
899
153
1304
1195
258
970
137
781
1451
1525
365
438
689
861
350
678
475
1002
695
816
189
302
4
1101
1012
1149
813
91
1219
1135
564
511
548
51
961
729
1120
963
284
775
1281
413
556
815
214
1193
1254
172
334
417
265
398
290
1242
981
1197
675
1418
951
1119
32
594
560
217
476
669
362
268
911
308
352
939
326
996
1180
1114
708
168
229
1005
1035
1204
1057
1154
1390
986
772
330
84
944
269
166
759
96
61
245
120
1018
622
1449
1220
477
621
1345
778
863
534
226
679
15
19
1189
733
1107
1113
869
969
728
643
613
1070
1272
1322
842
852
1022
864
1241
1117
748
561
888
714
433
830
752
817
491
1384
321
975
1042
843
718
1356
280
463
734
1001
608
571
1073
1264
1185
209
1479
919
467
854
1299
795
1335
1419
431
545
611
636
512
1004
1420
1015
462
875
1184
578
663
531
395
468
668
845
826
363
1432
549
1127
591
844
1521
699
649
867
207
750
514
1358
1025
366
222
412
406
865
423
907
516
1309
1257
297
317
792
77
369
785
760
1457
492
802
558
1248
1188
796
581
1338
704
1355
1379
377
1424
232
701
1460
1523
1130
743
671
419
635
3
965
738
1183
878
651
700
539
1329
1198
1258
732
1163
507
559
904
773
1067
946
1410
762
966
603
1297
532
652
1504
1330
757
551
248
1027
275
1148
1332
1453
749
896
677
985
1325
1422
876
1019
717
361
1391
856
673
1104
776
25
1199
94
348
1100
250
354
731
872
846
633
688
1170
1108
720
881
1143
1090
916
820
702
1572
199
1244
988
163
1118
1086
1590
233
1179
544
780
542
805
1136
978
1003
922
979
808
1459
707
1237
898
1099
1305
1098
1360
1585
86
1239
801
599
464
998
971
1594
774
994
1045
1400
569
1016
674
739
648
789
1318
676
836
1268
307
921
1134
1033
1534
1581
1171
529
14
114
1007
1111
1382
1491
910
1402
1577
1063
341
1106
1064
1365
933
1233
840
1203
1333
1263
1225
1597
200
557
487
1463
1286
716
758
982
432
619
765
504
536
853
1373
1293
401
932
1500
20
1456
490
1378
358
522
745
376
657
1006
992
484
1474
1137
987
1079
589
1227
746
1279
909
1051
1228
848
821
1501
46
315
442
1454
336
1381
827
1411
1524
53
901
190
1393
995
794
1307
1483
1519
1518
782
1438
1032
1235
318
427
1291
1339
407
724
1290
1121
1024
1131
1181
1030
139
877
1353
440
1444
1302
415
736
1217
884
453
883
727
1478
858
1208
949
1270
786
81
1222
1050
1564
912
885
955
1344
694
483
1231
1442
753
446
1153
1205
1151
942
1546
388
627
436
1266
1084
1569
1301
1075
1200
1446
1494
1316
1008
1517
931
1346
1210
893
831
1092
1473
637
1157
1186
1477
1284
1392
1232
1503
943
329
1147
1294
1547
1357
903
458
1252
1048
1269
1303
349
1334
1421
1216
1567
1506
871
950
868
806
1490
917
974
1105
993
892
1319
1047
98
465
579
1095
866
1122
1401
1298
1404
839
1046
769
573
1372
1538
1146
1439
1255
977
797
1011
422
1405
1561
1036
1511
1531
298
1194
593
1172
1177
1173
662
141
715
1212
1166
1370
1566
451
1565
502
923
1037
1487
1386
1413
1425
1579
554
1059
945
991
1116
742
929
927
818
595
1326
706
1088
519
1429
761
1435
1174
252
1080
584
1498
1549
764
890
956
1261
1276
1427
1313
874
1354
1445
1397
902
1071
1162
1347
833
1190
1598
1448
829
959
1058
1271
568
601
1426
1223
324
1513
1574
1097
1430
1516
962
1164
517
1580
598
1323
1062
1396
1530
240
610
1021
767
1341
1054
1352
506
967
1466
947
1280
1359
1452
1467
1340
1578
1508
1288
741
1133
1369
937
855
1394
1283
1055
1142
1544
1202
1443
470
926
1462
784
964
1522
1085
1484
740
1495
1550
1482
670
1247
612
984
1529
1249
980
1455
1374
1539
1026
1366
1221
924
1583
1563
1349
1398
1129
1492
1295
690
1562
1507
1289
1461
1450
1497
1362
799
588
1532
1434
1226
1367
1250
721
1213
1159
1331
154
1464
1029
1306
1573
351
1526
1109
1251
1465
787
1273
117
1541
1576
1441
722
211
723
1596
1182
1409
1168
1515
1158
1469
691
1277
1376
1407
1191
1552
1471
656
1556
1399
625
1234
1038
1559
441
1060
1327
17
1509
1275
1267
1599
766
1371
620
597
811
1336
301
1389
1496
1013
1238
1368
983
1403
1592
1476
1586
1377
1571
737
1584
509
968
1440
1145
1229
1207
1570
1415
1575
807
1527
1138
1160
1034
1428
1230
1296
1292
437
583
1588
1348
1040
1408
615
1560
1436
1593
1417
1240
793
1528
954
310
1537
918
1493
1557
1000
1328
1553
1568
1087
1416
1542
1510
666
521
1072
1472
1023
1282
1555
1209
1595
712
1028
1315
1274
585
1554
1150
1499
999
1187
1069
1551
1514
1260
1488
1364
941
1423
1300
1383
873
647
1096
1489
1169
1350
1278
755
1387
934
1363
1053
1061
914
1548
1091
1475
1361
1089
1481
1310
768
1589
1324
1128
1265
1536
658
1412
1211
1545
1206
1458
1582
1447
279
1433
1161
1431
1414
1014
1123
1102
1167
1201
1470
1125
1543
895
1512
1214
1081
1126
790
311
930
814
1017
1502
1311
850
928
1342
1156
1558
1520
1253
1068
1178
1218
1285
1385
1144
1587
1535
1243
1343
1056
447
1591
443
1083
726
905
935
1505
639
1039
1066
1395
1375
1468
646
1236
15 19 [0]
11 24 [0]
8 38 [0]
21 33 [0]
26 48 [0]
38 42 [4]
26 60 [0]
42 52 [0]
0 95 [0]
34 64 [0]
23 82 [0]
27 83 [0]
49 62 [0]
7 107 [0]
39 78 [0]
5 113 [0]
10 116 [0]
14 114 [0]
73 74 [0]
60 93 [0]
61 96 [0]
60 99 [6]
16 146 [0]
22 145 [0]
76 95 [0]
42 132 [0]
35 140 [0]
45 131 [0]
38 138 [0]
70 118 [0]
7 183 [9]
16 177 [0]
47 150 [0]
65 146 [0]
68 144 [0]
0 215 [0]
37 178 [0]
38 175 [4]
106 111 [0]
87 135 [0]
16 208 [6]
92 135 [0]
68 164 [0]
13 220 [0]
7 227 [0]
90 147 [0]
96 135 [9]
1 241 [0]
4 241 [9]
89 157 [0]
124 125 [0]
24 227 [0]
89 170 [0]
128 136 [0]
72 196 [0]
26 246 [9]
12 262 [0]
115 159 [0]
85 192 [0]
125 152 [0]
93 187 [0]
34 249 [0]
80 205 [0]
132 158 [0]
30 262 [0]
137 147 [9]
12 279 [5]
27 273 [11]
100 201 [0]
38 268 [9]
61 245 [0]
4 302 [0]
30 278 [0]
47 261 [0]
155 161 [0]
104 215 [0]
79 241 [4]
121 202 [0]
44 281 [0]
24 291 [11]
55 271 [0]
156 171 [0]
113 211 [3]
132 184 [11]
39 291 [0]
47 286 [6]
119 218 [0]
15 321 [5]
28 314 [0]
118 225 [0]
119 224 [0]
83 261 [0]
167 182 [0]
100 249 [0]
21 335 [0]
87 274 [0]
46 315 [0]
111 248 [8]
120 245 [0]
35 332 [0]
95 273 [0]
150 218 [0]
165 204 [0]
33 340 [0]
101 274 [0]
57 319 [0]
50 327 [0]
85 293 [0]
63 316 [0]
102 277 [0]
167 219 [0]
62 318 [10]
133 256 [0]
143 246 [0]
113 278 [0]
12 380 [0]
100 286 [6]
67 327 [0]
72 322 [0]
89 301 [5]
11 385 [0]
174 223 [0]
168 229 [0]
66 333 [0]
110 289 [0]
156 239 [4]
93 308 [9]
56 346 [0]
183 220 [3]
197 210 [0]
123 285 [0]
188 221 [0]
140 271 [0]
9 403 [0]
18 394 [0]
45 367 [0]
201 212 [0]
84 330 [0]
133 282 [4]
131 285 [3]
87 325 [4]
60 357 [1]
72 348 [10]
72 350 [0]
127 295 [0]
101 321 [9]
99 328 [0]
183 251 [0]
92 343 [0]
166 269 [0]
194 243 [0]
11 417 [9]
94 348 [0]
43 400 [0]
179 264 [0]
80 359 [6]
187 259 [6]
77 369 [0]
186 262 [1]
204 244 [0]
162 286 [0]
223 227 [11]
136 315 [10]
149 303 [0]
216 241 [1]
75 384 [0]
52 408 [0]
159 292 [9]
134 327 [0]
184 271 [6]
70 392 [6]
66 397 [0]
113 351 [3]
158 296 [11]
65 402 [0]
57 412 [10]
228 244 [0]
231 241 [0]
169 305 [0]
142 333 [0]
46 422 [9]
85 396 [6]
27 456 [0]
9 476 [1]
52 431 [3]
102 387 [0]
30 461 [4]
189 302 [0]
50 444 [0]
194 300 [0]
210 288 [0]
197 293 [9]
49 452 [0]
57 439 [6]
107 397 [0]
172 334 [0]
11 497 [1]
145 364 [0]
87 426 [1]
129 387 [0]
136 375 [6]
144 374 [0]
33 476 [9]
164 345 [11]
148 373 [0]
56 458 [7]
187 335 [0]
257 266 [0]
124 400 [0]
0 516 [9]
29 499 [0]
160 370 [0]
151 380 [4]
30 502 [10]
83 449 [11]
256 277 [0]
18 507 [8]
164 369 [3]
101 435 [0]
182 357 [7]
67 474 [0]
1 541 [0]
14 529 [0]
54 489 [0]
88 455 [0]
138 399 [6]
126 418 [0]
186 359 [0]
36 510 [0]
156 386 [7]
267 283 [0]
223 328 [0]
174 379 [0]
263 291 [0]
27 518 [11]
18 528 [11]
152 406 [2]
269 289 [0]
202 356 [0]
170 384 [6]
98 465 [0]
183 381 [0]
201 357 [7]
110 455 [0]
182 386 [0]
62 500 [6]
255 314 [0]
54 523 [0]
93 475 [9]
126 454 [0]
44 538 [0]
241 341 [10]
175 408 [0]
6 577 [0]
21 561 [9]
222 366 [0]
71 518 [0]
243 346 [0]
138 452 [0]
211 379 [4]
136 444 [11]
142 449 [0]
49 541 [5]
203 390 [0]
268 328 [10]
234 364 [0]
49 543 [6]
205 393 [0]
51 548 [0]
71 528 [1]
16 587 [6]
250 354 [0]
58 546 [0]
167 430 [9]
9 598 [0]
70 537 [0]
203 404 [0]
147 461 [0]
62 547 [0]
35 565 [9]
211 400 [11]
215 393 [4]
185 429 [0]
297 317 [0]
272 342 [0]
272 344 [0]
236 383 [0]
277 335 [7]
232 380 [9]
292 331 [0]
10 613 [2]
32 594 [0]
282 344 [0]
2 624 [0]
11 609 [6]
15 612 [6]
104 514 [9]
83 547 [7]
268 362 [0]
245 384 [1]
52 580 [6]
112 520 [0]
231 402 [0]
222 412 [0]
27 600 [7]
69 566 [0]
177 455 [4]
136 501 [0]
281 357 [0]
3 635 [0]
115 525 [0]
250 390 [8]
285 355 [0]
18 613 [10]
29 614 [0]
287 356 [0]
170 474 [0]
289 356 [4]
308 328 [10]
69 573 [5]
85 553 [9]
22 626 [9]
133 515 [0]
68 572 [11]
80 570 [0]
218 422 [10]
123 528 [0]
295 356 [6]
83 559 [9]
196 456 [0]
36 618 [0]
55 600 [0]
202 444 [11]
76 582 [0]
97 562 [0]
270 389 [0]
261 399 [1]
90 570 [0]
308 352 [0]
104 552 [1]
130 530 [0]
217 435 [9]
323 338 [0]
255 407 [0]
129 533 [0]
273 390 [0]
227 438 [0]
237 428 [0]
59 607 [0]
74 592 [0]
293 374 [0]
78 584 [5]
66 590 [11]
198 472 [0]
202 470 [2]
109 565 [0]
78 596 [0]
305 370 [1]
294 382 [0]
69 607 [0]
24 653 [1]
337 340 [0]
119 547 [0]
273 405 [0]
230 448 [0]
263 418 [0]
289 393 [0]
325 357 [1]
265 417 [0]
22 651 [8]
99 586 [0]
171 515 [0]
290 398 [0]
223 455 [11]
164 525 [0]
129 563 [0]
238 454 [0]
300 392 [0]
87 602 [4]
217 476 [0]
15 679 [0]
305 390 [11]
173 525 [0]
71 631 [1]
272 433 [3]
63 637 [5]
323 383 [0]
57 650 [0]
21 678 [9]
108 600 [0]
285 419 [8]
168 545 [7]
82 621 [10]
8 705 [0]
337 377 [10]
235 479 [0]
59 644 [11]
164 551 [8]
185 537 [0]
105 618 [6]
343 380 [0]
112 600 [6]
219 505 [0]
260 466 [0]
15 712 [6]
121 606 [4]
185 542 [10]
251 478 [0]
71 660 [0]
126 603 [2]
7 722 [2]
274 456 [2]
306 426 [0]
212 521 [5]
73 660 [0]
220 509 [4]
322 412 [9]
239 495 [0]
182 553 [11]
337 399 [6]
141 592 [3]
57 682 [6]
237 502 [1]
30 701 [9]
237 503 [0]
206 535 [0]
280 463 [0]
176 567 [0]
318 427 [0]
80 663 [3]
106 640 [0]
170 577 [4]
285 460 [3]
319 429 [0]
334 417 [0]
126 626 [10]
65 689 [1]
119 636 [9]
217 539 [0]
315 442 [0]
247 510 [0]
368 390 [9]
362 393 [3]
273 483 [3]
226 534 [0]
203 554 [3]
87 674 [0]
362 388 [11]
131 630 [0]
75 686 [0]
142 622 [9]
338 418 [9]
149 616 [0]
134 632 [0]
123 635 [8]
94 674 [3]
110 658 [7]
314 456 [6]
323 443 [4]
278 483 [10]
294 478 [0]
82 692 [0]
171 603 [9]
7 768 [11]
159 616 [0]
47 720 [9]
203 574 [0]
217 560 [0]
335 435 [7]
134 644 [0]
228 550 [0]
232 547 [10]
183 585 [11]
289 481 [9]
37 743 [8]
52 720 [8]
196 585 [3]
307 474 [10]
151 631 [0]
373 410 [0]
11 775 [0]
264 520 [3]
287 501 [0]
0 790 [0]
340 450 [0]
111 680 [0]
375 416 [0]
368 424 [0]
92 696 [4]
121 672 [0]
212 582 [0]
23 771 [0]
148 648 [8]
299 497 [0]
135 652 [9]
69 728 [10]
373 424 [9]
248 551 [0]
138 651 [10]
146 654 [6]
9 791 [0]
171 623 [6]
148 653 [0]
342 459 [0]
280 514 [7]
287 510 [1]
25 776 [0]
151 651 [8]
85 712 [7]
141 662 [0]
365 438 [0]
116 687 [0]
278 517 [3]
196 610 [8]
157 650 [0]
237 567 [3]
276 533 [0]
391 420 [0]
66 747 [9]
158 655 [0]
182 633 [8]
398 417 [0]
391 425 [0]
69 745 [2]
131 687 [0]
74 735 [9]
406 412 [0]
281 529 [8]
122 697 [0]
249 570 [4]
31 788 [0]
157 661 [1]
354 466 [5]
268 548 [10]
372 448 [0]
164 658 [7]
172 649 [2]
332 481 [11]
339 485 [0]
135 684 [7]
66 750 [10]
347 481 [0]
323 503 [9]
123 697 [9]
79 751 [0]
338 492 [10]
267 563 [0]
107 721 [5]
0 824 [6]
28 804 [0]
197 626 [10]
181 655 [0]
234 602 [0]
183 655 [3]
56 772 [10]
140 692 [6]
72 758 [8]
332 506 [2]
123 718 [8]
345 499 [0]
205 637 [2]
193 654 [0]
344 504 [2]
314 535 [9]
335 510 [4]
190 660 [8]
393 457 [0]
240 610 [0]
9 842 [9]
88 763 [0]
184 667 [0]
63 784 [4]
90 758 [3]
325 527 [0]
327 521 [0]
408 442 [3]
277 576 [1]
96 759 [0]
337 518 [0]
175 680 [0]
187 666 [2]
312 543 [0]
325 530 [0]
316 540 [0]
141 715 [0]
192 664 [0]
59 799 [0]
370 488 [0]
201 658 [2]
333 526 [9]
357 505 [0]
1 860 [1]
66 797 [0]
424 439 [0]
395 468 [0]
136 717 [10]
309 555 [0]
177 677 [10]
233 630 [2]
311 555 [6]
75 787 [4]
147 709 [10]
81 786 [0]
159 697 [11]
102 766 [3]
99 764 [5]
105 763 [0]
238 630 [0]
124 743 [2]
430 439 [0]
77 792 [0]
73 794 [8]
135 734 [9]
169 703 [0]
40 834 [0]
263 600 [11]
80 795 [3]
168 708 [0]
381 498 [0]
358 522 [0]
304 576 [0]
365 516 [7]
11 861 [9]
135 736 [10]
359 512 [10]
177 705 [0]
134 742 [7]
10 874 [11]
371 513 [0]
260 626 [0]
293 593 [0]
193 693 [0]
313 574 [0]
115 773 [10]
234 653 [1]
192 691 [5]
221 660 [9]
304 587 [0]
187 695 [9]
26 867 [10]
56 837 [0]
193 701 [2]
29 858 [7]
47 839 [10]
426 471 [0]
232 655 [10]
425 473 [0]
399 500 [0]
63 837 [0]
102 798 [11]
185 705 [11]
445 457 [0]
433 471 [3]
91 813 [0]
36 866 [2]
288 617 [0]
27 868 [10]
226 679 [0]
263 635 [2]
249 658 [8]
179 730 [0]
271 633 [8]
149 765 [3]
386 528 [6]
361 548 [7]
303 614 [11]
137 781 [0]
272 636 [10]
109 812 [0]
241 681 [1]
52 868 [2]
40 882 [0]
224 698 [0]
259 655 [9]
38 879 [6]
385 538 [0]
37 887 [0]
166 759 [0]
395 531 [0]
128 798 [0]
222 705 [10]
347 582 [6]
147 774 [8]
212 712 [2]
119 807 [3]
148 771 [11]
79 842 [3]
196 734 [1]
396 535 [0]
211 722 [0]
299 634 [0]
167 764 [2]
232 701 [0]
46 890 [1]
140 796 [3]
295 641 [0]
124 805 [7]
113 815 [9]
254 684 [0]
131 804 [3]
293 643 [3]
33 907 [3]
2 938 [0]
255 686 [0]
323 618 [6]
397 546 [11]
181 763 [0]
238 699 [8]
97 849 [0]
422 525 [2]
347 598 [5]
411 530 [9]
194 749 [2]
45 901 [7]
249 695 [9]
176 777 [0]
53 901 [0]
378 577 [0]
83 863 [9]
186 770 [0]
461 489 [6]
207 750 [0]
43 915 [0]
397 562 [6]
455 494 [11]
48 913 [0]
10 946 [7]
208 756 [0]
294 671 [7]
454 511 [10]
270 696 [0]
334 633 [7]
303 664 [0]
428 530 [9]
221 747 [0]
3 965 [0]
413 556 [0]
452 507 [10]
389 580 [0]
24 943 [3]
356 609 [6]
386 586 [11]
128 844 [10]
87 879 [6]
310 660 [2]
459 513 [0]
186 787 [7]
342 631 [6]
10 961 [8]
362 612 [4]
151 821 [2]
72 904 [0]
431 545 [0]
459 518 [1]
6 973 [0]
333 639 [7]
176 796 [8]
372 609 [0]
489 493 [0]
359 624 [0]
333 644 [6]
238 746 [7]
273 712 [2]
134 850 [4]
67 919 [1]
94 892 [0]
131 848 [7]
357 627 [3]
375 609 [3]
274 709 [4]
43 934 [11]
426 562 [0]
276 713 [0]
68 923 [3]
247 744 [0]
59 931 [2]
118 865 [9]
48 935 [11]
468 527 [10]
43 944 [8]
85 907 [3]
489 504 [2]
149 847 [9]
393 601 [2]
148 845 [10]
49 948 [5]
193 804 [3]
445 542 [2]
100 888 [9]
337 661 [1]
355 644 [0]
174 816 [10]
411 590 [0]
266 735 [0]
62 937 [3]
305 698 [0]
433 562 [10]
189 816 [0]
277 726 [2]
188 818 [5]
184 822 [0]
405 600 [4]
162 847 [0]
79 931 [3]
411 599 [7]
179 829 [4]
51 961 [0]
255 747 [10]
75 938 [9]
505 506 [2]
138 867 [10]
44 968 [2]
23 992 [2]
385 621 [9]
139 877 [0]
241 775 [0]
237 782 [7]
387 632 [1]
360 661 [0]
101 922 [8]
186 837 [3]
342 680 [1]
437 580 [7]
164 861 [9]
93 929 [3]
142 875 [10]
84 944 [0]
350 678 [0]
214 815 [0]
435 584 [10]
198 832 [0]
12 1008 [10]
362 669 [0]
432 592 [8]
79 953 [0]
376 657 [0]
338 696 [0]
175 860 [1]
213 824 [0]
169 862 [6]
517 518 [2]
168 871 [11]
227 803 [9]
149 891 [11]
179 854 [8]
80 959 [2]
63 971 [7]
68 974 [2]
151 888 [3]
404 638 [0]
173 870 [0]
133 906 [4]
487 557 [0]
498 546 [0]
465 579 [0]
387 646 [11]
485 551 [8]
92 944 [9]
335 700 [10]
471 568 [7]
92 955 [9]
359 679 [10]
196 844 [9]
432 619 [0]
87 965 [10]
219 833 [3]
153 899 [0]
499 543 [3]
64 989 [0]
201 843 [9]
447 607 [4]
419 635 [0]
257 787 [11]
345 711 [0]
196 853 [8]
511 548 [0]
284 775 [0]
178 882 [0]
121 938 [1]
367 693 [0]
439 610 [4]
346 715 [5]
359 702 [8]
108 953 [0]
60 1002 [0]
474 583 [5]
478 579 [5]
370 693 [3]
436 627 [0]
464 599 [0]
45 1018 [1]
56 1009 [0]
411 654 [0]
507 559 [0]
256 804 [6]
505 553 [11]
379 688 [2]
8 1062 [3]
207 867 [0]
34 1041 [6]
137 927 [11]
403 672 [0]
511 564 [0]
418 658 [11]
23 1055 [7]
253 825 [0]
361 717 [0]
18 1056 [4]
231 848 [3]
44 1032 [3]
80 1000 [8]
192 888 [10]
356 724 [3]
234 837 [9]
267 812 [1]
134 947 [0]
135 940 [6]
325 759 [10]
399 685 [0]
123 952 [9]
354 731 [0]
389 688 [8]
455 631 [0]
32 1051 [5]
121 968 [2]
392 697 [0]
7 1079 [3]
297 792 [0]
280 802 [7]
474 612 [3]
162 928 [6]
419 671 [0]
190 901 [0]
242 849 [0]
195 897 [0]
10 1082 [0]
356 729 [9]
510 581 [3]
6 1081 [7]
494 604 [0]
477 621 [0]
22 1078 [0]
287 811 [2]
39 1062 [4]
330 772 [0]
215 886 [1]
494 609 [0]
540 563 [0]
118 978 [10]
4 1101 [0]
501 600 [4]
342 763 [1]
137 970 [0]
316 791 [1]
542 560 [5]
466 642 [0]
246 862 [0]
195 913 [0]
164 943 [2]
350 755 [6]
160 952 [0]
198 917 [11]
410 705 [4]
295 821 [2]
68 1046 [2]
45 1070 [8]
164 953 [9]
314 799 [4]
367 749 [2]
410 709 [0]
376 745 [0]
114 1007 [0]
92 1026 [3]
132 990 [9]
378 744 [0]
101 1011 [10]
322 800 [0]
399 724 [7]
296 828 [0]
216 908 [0]
59 1065 [0]
479 645 [0]
486 640 [0]
151 976 [0]
438 689 [0]
10 1119 [8]
473 656 [4]
188 940 [0]
128 997 [4]
80 1047 [2]
129 1001 [9]
450 680 [6]
407 724 [0]
107 1025 [10]
515 617 [11]
109 1017 [6]
322 812 [4]
501 633 [10]
164 971 [8]
251 884 [5]
106 1030 [2]
468 668 [0]
398 739 [7]
164 973 [0]
120 1018 [0]
435 703 [0]
430 701 [2]
6 1133 [0]
380 750 [9]
486 653 [0]
518 611 [10]
76 1061 [2]
99 1041 [10]
333 800 [7]
160 979 [2]
553 590 [0]
434 709 [0]
177 964 [3]
452 686 [6]
185 960 [1]
205 940 [0]
476 669 [0]
114 1030 [6]
239 906 [0]
283 862 [0]
98 1047 [0]
42 1101 [9]
433 714 [0]
103 1044 [0]
512 636 [0]
81 1065 [2]
393 753 [2]
157 982 [10]
412 738 [5]
454 696 [9]
27 1124 [6]
32 1119 [0]
163 988 [0]
385 758 [8]
415 736 [0]
499 653 [11]
323 830 [10]
475 678 [0]
430 724 [7]
567 587 [0]
560 594 [0]
369 785 [0]
545 611 [0]
507 650 [10]
6 1141 [6]
203 954 [2]
261 900 [1]
318 837 [7]
239 926 [0]
328 837 [3]
381 784 [1]
382 783 [0]
124 1036 [5]
126 1040 [11]
247 917 [2]
303 857 [6]
500 667 [9]
273 895 [11]
139 1030 [0]
331 838 [0]
568 601 [0]
79 1092 [3]
575 596 [0]
220 952 [0]
455 714 [3]
527 643 [3]
249 926 [3]
165 1010 [0]
425 747 [3]
226 945 [4]
49 1125 [2]
382 795 [8]
433 744 [10]
483 694 [0]
33 1142 [2]
356 812 [9]
546 620 [11]
13 1165 [0]
390 788 [6]
459 710 [9]
444 734 [9]
571 608 [0]
268 911 [0]
16 1165 [6]
395 782 [4]
370 803 [10]
532 652 [0]
402 775 [9]
364 823 [11]
378 809 [0]
521 666 [0]
359 829 [5]
485 703 [4]
3 1186 [6]
508 681 [0]
363 826 [0]
66 1121 [3]
38 1150 [2]
327 859 [6]
172 1014 [6]
531 663 [0]
92 1103 [1]
390 805 [8]
504 692 [7]
463 734 [0]
257 940 [0]
431 761 [6]
378 818 [2]
155 1043 [0]
313 886 [0]
446 753 [0]
192 1000 [7]
530 670 [5]
234 963 [3]
282 920 [0]
337 865 [10]
384 807 [11]
390 803 [9]
493 707 [2]
449 754 [0]
574 629 [0]
293 906 [1]
71 1131 [3]
368 838 [0]
19 1189 [0]
343 856 [9]
183 1026 [0]
106 1094 [0]
104 1095 [3]
430 780 [0]
178 1030 [2]
355 845 [8]
350 861 [0]
313 899 [9]
551 661 [8]
236 976 [0]
269 944 [0]
430 776 [7]
385 820 [8]
578 636 [0]
148 1062 [5]
140 1076 [6]
375 841 [0]
479 729 [8]
45 1166 [5]
179 1032 [5]
169 1041 [6]
128 1087 [2]
597 620 [0]
308 911 [0]
450 770 [0]
146 1064 [8]
468 753 [4]
121 1094 [6]
151 1068 [4]
562 655 [6]
405 819 [0]
25 1199 [0]
469 744 [11]
179 1034 [11]
283 938 [9]
547 669 [9]
45 1169 [11]
113 1113 [1]
598 627 [8]
196 1021 [10]
171 1046 [10]
431 797 [0]
258 970 [0]
307 921 [0]
36 1193 [3]
198 1032 [0]
228 1002 [4]
127 1103 [0]
592 638 [0]
347 884 [7]
498 733 [1]
246 978 [7]
371 860 [0]
396 835 [0]
547 684 [0]
0 1222 [10]
201 1022 [9]
378 855 [5]
537 696 [4]
229 1005 [0]
568 661 [7]
254 977 [3]
347 889 [0]
402 831 [10]
383 843 [10]
187 1039 [11]
539 700 [0]
126 1102 [11]
425 811 [4]
578 663 [0]
38 1201 [2]
130 1112 [0]
254 989 [0]
370 866 [5]
158 1086 [8]
65 1177 [3]
284 963 [0]
611 636 [0]
219 1017 [11]
61 1184 [2]
162 1078 [9]
292 957 [0]
15 1235 [0]
158 1092 [5]
473 777 [0]
121 1130 [9]
241 1010 [0]
302 950 [11]
537 715 [0]
567 685 [0]
277 966 [9]
308 944 [0]
389 854 [10]
626 628 [0]
501 745 [10]
36 1217 [3]
613 643 [0]
332 925 [0]
599 657 [10]
48 1199 [10]
46 1212 [9]
181 1077 [11]
137 1122 [0]
171 1083 [5]
47 1202 [10]
590 669 [1]
293 965 [3]
580 681 [0]
430 832 [0]
474 788 [6]
433 830 [0]
310 954 [0]
514 750 [0]
101 1164 [0]
326 939 [0]
304 951 [10]
238 1017 [11]
365 895 [6]
522 745 [0]
197 1063 [7]
602 665 [0]
504 765 [0]
580 689 [3]
406 865 [0]
591 680 [3]
606 665 [0]
340 922 [10]
329 943 [0]
472 801 [7]
562 710 [9]
446 825 [2]
599 666 [9]
300 975 [8]
356 909 [8]
18 1251 [7]
203 1074 [1]
339 938 [0]
389 890 [5]
444 834 [1]
607 667 [0]
113 1168 [0]
614 667 [0]
163 1118 [0]
390 886 [1]
386 897 [0]
314 964 [4]
150 1134 [8]
547 728 [9]
499 783 [3]
289 992 [3]
528 756 [0]
191 1094 [0]
472 814 [1]
29 1258 [0]
31 1256 [0]
423 865 [0]
633 654 [2]
479 803 [1]
533 756 [1]
201 1090 [10]
344 945 [2]
352 939 [0]
555 737 [11]
631 661 [0]
359 926 [7]
223 1070 [10]
94 1199 [0]
492 802 [0]
144 1143 [8]
15 1274 [6]
321 975 [0]
92 1194 [10]
253 1044 [0]
99 1187 [11]
512 777 [10]
460 841 [0]
593 698 [10]
256 1036 [10]
57 1235 [10]
338 961 [3]
536 765 [1]
275 1027 [0]
81 1222 [0]
124 1168 [11]
24 1274 [5]
95 1209 [5]
537 767 [3]
630 665 [9]
227 1067 [10]
254 1051 [8]
515 790 [8]
471 834 [0]
149 1154 [3]
491 817 [0]
551 757 [0]
568 741 [0]
72 1236 [1]
561 748 [0]
380 926 [3]
366 932 [4]
141 1166 [2]
148 1162 [5]
629 681 [0]
91 1219 [0]
42 1259 [9]
59 1252 [7]
498 803 [10]
62 1245 [6]
87 1224 [2]
551 763 [10]
576 731 [8]
577 739 [8]
5 1312 [0]
58 1259 [0]
103 1215 [0]
503 808 [7]
186 1135 [3]
346 975 [10]
467 854 [0]
627 694 [8]
428 894 [0]
542 780 [0]
632 691 [7]
295 1018 [10]
498 826 [8]
544 780 [0]
511 807 [6]
400 922 [7]
71 1254 [9]
86 1239 [0]
479 844 [2]
655 659 [11]
287 1036 [3]
5 1322 [1]
104 1224 [0]
431 889 [8]
409 920 [0]
224 1102 [3]
228 1102 [6]
423 907 [0]
229 1095 [4]
461 870 [0]
231 1094 [6]
60 1272 [9]
337 995 [0]
623 703 [6]
541 791 [0]
252 1080 [0]
401 932 [0]
482 851 [0]
60 1271 [2]
496 837 [0]
524 810 [0]
543 791 [0]
500 826 [8]
106 1229 [7]
526 809 [0]
471 854 [10]
281 1055 [5]
453 883 [0]
464 867 [5]
507 819 [10]
632 703 [1]
42 1291 [2]
132 1205 [2]
462 875 [0]
453 884 [0]
73 1253 [11]
287 1049 [1]
218 1121 [8]
247 1092 [2]
228 1104 [7]
33 1303 [3]
369 964 [6]
175 1165 [0]
188 1152 [0]
542 791 [10]
488 852 [10]
573 769 [0]
343 1000 [3]
500 843 [10]
403 937 [3]
618 725 [0]
629 704 [10]
390 954 [2]
634 703 [7]
17 1327 [0]
213 1132 [0]
242 1103 [0]
1 1341 [3]
523 823 [0]
177 1167 [2]
535 810 [1]
34 1310 [2]
86 1261 [6]
542 805 [0]
66 1282 [11]
600 748 [10]
649 699 [0]
2 1344 [2]
182 1164 [2]
40 1299 [10]
100 1250 [5]
493 857 [0]
93 1252 [3]
671 674 [4]
250 1100 [0]
451 897 [3]
391 957 [3]
334 1019 [5]
382 967 [4]
464 887 [2]
129 1221 [3]
473 874 [7]
6 1343 [7]
667 688 [2]
5 1354 [10]
14 1336 [9]
469 891 [0]
503 847 [10]
558 802 [0]
375 986 [1]
600 758 [3]
458 903 [0]
550 813 [8]
137 1219 [1]
666 699 [1]
430 930 [6]
333 1034 [0]
420 948 [0]
132 1229 [7]
619 750 [3]
410 948 [11]
230 1141 [0]
643 728 [0]
556 815 [0]
147 1225 [8]
596 776 [2]
418 950 [5]
296 1077 [0]
313 1052 [9]
604 771 [0]
335 1033 [8]
390 978 [8]
187 1187 [5]
39 1338 [8]
476 901 [5]
608 768 [1]
581 796 [0]
152 1223 [4]
117 1259 [4]
439 938 [3]
484 889 [7]
480 900 [0]
467 907 [7]
90 1292 [7]
376 1006 [3]
321 1050 [4]
273 1103 [6]
259 1124 [0]
391 993 [7]
619 765 [0]
125 1253 [6]
34 1351 [1]
593 792 [6]
467 919 [0]
640 743 [3]
312 1074 [0]
671 705 [10]
212 1175 [6]
588 799 [0]
527 860 [0]
648 739 [0]
140 1239 [8]
552 835 [0]
634 754 [0]
327 1051 [10]
288 1101 [10]
536 853 [0]
561 828 [8]
166 1220 [3]
506 884 [9]
117 1273 [0]
49 1336 [5]
643 736 [11]
114 1277 [9]
259 1132 [0]
366 1025 [0]
63 1323 [4]
486 900 [11]
519 870 [2]
383 1007 [2]
392 1001 [8]
590 795 [8]
54 1332 [8]
209 1185 [0]
378 1017 [11]
561 834 [10]
1 1389 [2]
215 1177 [10]
470 926 [0]
534 863 [0]
418 980 [4]
9 1387 [2]
195 1202 [2]
130 1265 [4]
543 850 [6]
609 784 [7]
599 801 [0]
647 754 [7]
682 719 [0]
550 851 [0]
143 1259 [0]
465 929 [8]
576 817 [10]
332 1065 [6]
341 1063 [0]
130 1275 [7]
469 936 [0]
214 1193 [0]
387 1020 [4]
650 757 [9]
238 1162 [5]
78 1330 [2]
360 1049 [0]
420 989 [6]
34 1375 [2]
162 1238 [11]
233 1179 [0]
192 1217 [3]
216 1197 [0]
224 1189 [1]
284 1129 [11]
595 818 [0]
400 1008 [5]
97 1317 [10]
432 982 [0]
671 743 [0]
166 1244 [5]
376 1040 [0]
558 849 [10]
260 1146 [11]
193 1218 [6]
518 901 [3]
671 748 [7]
489 923 [7]
179 1230 [11]
497 925 [0]
626 790 [6]
516 907 [0]
275 1148 [0]
11 1413 [2]
31 1393 [7]
517 907 [6]
502 923 [0]
394 1031 [0]
252 1174 [0]
159 1256 [11]
205 1215 [6]
172 1254 [0]
374 1043 [9]
618 809 [9]
663 764 [6]
129 1295 [3]
35 1389 [5]
409 1020 [0]
572 859 [0]
606 825 [0]
422 1011 [0]
524 905 [4]
575 859 [0]
591 844 [0]
314 1116 [5]
511 919 [0]
345 1089 [1]
698 727 [10]
191 1245 [0]
648 789 [0]
681 757 [10]
618 814 [7]
150 1291 [0]
619 822 [7]
280 1157 [4]
323 1117 [10]
199 1244 [0]
546 893 [5]
93 1352 [2]
630 808 [2]
323 1119 [3]
360 1080 [5]
152 1289 [4]
391 1044 [11]
348 1100 [0]
647 792 [9]
293 1156 [4]
561 888 [0]
225 1224 [0]
575 872 [2]
292 1146 [11]
127 1314 [9]
538 905 [7]
537 908 [6]
59 1394 [5]
258 1195 [0]
594 852 [7]
425 1018 [10]
241 1204 [9]
158 1293 [3]
208 1246 [0]
226 1217 [11]
461 991 [2]
239 1215 [0]
0 1444 [10]
467 988 [5]
42 1410 [8]
115 1341 [7]
245 1211 [1]
379 1077 [0]
97 1357 [2]
230 1221 [5]
165 1292 [11]
153 1304 [0]
266 1192 [0]
547 901 [10]
408 1048 [2]
65 1395 [7]
66 1387 [7]
360 1096 [4]
220 1239 [2]
478 980 [4]
464 998 [0]
559 904 [0]
33 1427 [2]
530 934 [4]
567 886 [11]
54 1411 [7]
78 1379 [8]
699 761 [6]
214 1254 [4]
381 1087 [11]
156 1312 [0]
113 1352 [3]
28 1441 [5]
160 1299 [8]
653 813 [3]
608 855 [6]
104 1363 [2]
28 1442 [5]
101 1368 [3]
195 1275 [2]
506 967 [0]
685 788 [0]
122 1351 [0]
716 758 [0]
119 1356 [9]
430 1045 [0]
725 751 [0]
20 1456 [0]
389 1083 [4]
15 1455 [6]
452 1021 [3]
385 1082 [9]
484 992 [0]
329 1147 [0]
462 1015 [0]
475 1002 [0]
337 1130 [10]
385 1087 [5]
538 928 [7]
274 1204 [1]
286 1192 [0]
307 1171 [1]
633 846 [0]
12 1459 [8]
413 1067 [0]
476 993 [11]
500 981 [10]
134 1340 [7]
101 1373 [8]
732 743 [7]
72 1413 [10]
452 1033 [8]
238 1245 [3]
154 1331 [0]
74 1413 [0]
325 1162 [7]
288 1198 [2]
710 779 [0]
44 1446 [2]
399 1084 [7]
499 981 [10]
7 1484 [2]
473 1016 [2]
602 890 [0]
42 1451 [9]
66 1425 [2]
683 810 [0]
403 1091 [2]
480 1014 [1]
548 946 [7]
568 926 [10]
185 1306 [3]
523 964 [7]
387 1108 [10]
243 1247 [5]
447 1044 [4]
520 976 [0]
346 1151 [2]
235 1262 [0]
503 995 [7]
129 1366 [3]
357 1132 [9]
70 1425 [3]
327 1165 [6]
392 1100 [8]
112 1388 [0]
403 1095 [3]
58 1438 [5]
478 1013 [11]
402 1097 [3]
36 1463 [3]
543 960 [0]
18 1486 [0]
616 878 [10]
118 1380 [6]
486 1015 [3]
24 1482 [0]
160 1346 [7]
239 1260 [7]
541 962 [3]
123 1384 [3]
217 1290 [11]
428 1080 [4]
739 769 [1]
259 1238 [11]
102 1397 [10]
141 1370 [11]
695 816 [0]
555 957 [0]
676 836 [0]
497 1016 [8]
157 1346 [10]
668 845 [0]
127 1383 [4]
197 1317 [0]
450 1065 [0]
649 867 [0]
567 938 [9]
512 1004 [0]
379 1126 [11]
92 1425 [3]
715 801 [1]
426 1092 [2]
503 1015 [2]
111 1405 [2]
173 1346 [2]
642 866 [11]
357 1160 [2]
250 1262 [7]
606 913 [1]
424 1085 [4]
578 941 [1]
57 1453 [10]
20 1500 [0]
340 1177 [3]
702 820 [0]
274 1249 [3]
37 1487 [5]
672 852 [9]
673 849 [8]
685 833 [7]
74 1452 [2]
327 1199 [10]
267 1253 [6]
628 899 [0]
128 1390 [9]
274 1244 [9]
410 1116 [2]
59 1462 [7]
673 856 [0]
651 878 [0]
356 1168 [2]
589 938 [2]
433 1092 [4]
667 857 [0]
216 1314 [0]
444 1086 [10]
421 1110 [0]
623 908 [0]
50 1476 [5]
50 1482 [5]
344 1186 [2]
290 1242 [0]
481 1052 [0]
485 1049 [0]
688 846 [4]
3 1522 [1]
686 846 [2]
412 1118 [4]
57 1479 [9]
48 1479 [10]
84 1447 [1]
429 1109 [3]
591 947 [6]
687 851 [0]
744 792 [3]
220 1315 [4]
367 1168 [4]
10 1523 [7]
502 1037 [1]
726 810 [4]
19 1522 [6]
721 820 [9]
370 1170 [2]
759 784 [4]
206 1337 [0]
572 968 [4]
281 1253 [7]
524 1017 [4]
614 920 [11]
760 785 [0]
324 1223 [0]
46 1501 [0]
725 821 [3]
241 1297 [10]
567 979 [2]
665 876 [8]
463 1080 [4]
689 861 [0]
49 1498 [3]
576 966 [8]
649 899 [2]
118 1433 [2]
461 1090 [3]
203 1338 [10]
323 1223 [5]
693 859 [0]
133 1414 [5]
273 1276 [3]
550 1003 [0]
318 1235 [0]
297 1257 [0]
55 1500 [8]
37 1514 [4]
67 1478 [10]
233 1316 [6]
754 802 [0]
305 1253 [3]
659 900 [0]
215 1341 [3]
95 1454 [10]
582 979 [9]
718 843 [0]
343 1208 [10]
143 1413 [5]
231 1331 [5]
205 1350 [7]
598 960 [4]
167 1393 [3]
29 1529 [5]
534 1025 [5]
176 1389 [0]
541 1024 [10]
694 871 [1]
647 919 [1]
744 819 [4]
205 1351 [11]
244 1314 [10]
179 1390 [8]
439 1130 [2]
603 966 [0]
304 1257 [8]
535 1034 [4]
683 886 [0]
178 1387 [4]
752 817 [0]
113 1446 [10]
290 1280 [6]
208 1362 [7]
266 1297 [7]
370 1200 [7]
392 1178 [11]
599 971 [10]
575 989 [6]
80 1491 [2]
692 879 [0]
155 1411 [5]
371 1197 [3]
52 1517 [2]
66 1506 [3]
457 1115 [0]
264 1308 [0]
474 1099 [9]
677 896 [0]
717 856 [0]
758 815 [5]
65 1506 [3]
134 1436 [4]
356 1219 [0]
475 1100 [7]
548 1027 [7]
307 1268 [0]
698 878 [9]
53 1524 [0]
11 1567 [3]
551 1027 [0]
766 812 [4]
4 1563 [11]
785 789 [4]
700 878 [2]
347 1229 [4]
596 973 [11]
344 1237 [8]
698 882 [1]
91 1491 [7]
752 830 [0]
89 1488 [5]
93 1479 [10]
190 1393 [0]
569 1016 [0]
631 953 [6]
645 940 [0]
547 1039 [11]
600 978 [8]
34 1550 [3]
145 1443 [7]
247 1342 [7]
729 857 [3]
113 1476 [3]
95 1492 [3]
250 1341 [1]
253 1332 [8]
521 1072 [0]
165 1417 [11]
227 1368 [5]
518 1066 [11]
331 1267 [11]
653 943 [2]
178 1416 [4]
291 1299 [8]
446 1153 [0]
477 1122 [0]
751 848 [8]
348 1250 [1]
20 1571 [8]
359 1239 [2]
721 878 [1]
274 1327 [10]
720 881 [0]
484 1110 [7]
411 1191 [4]
537 1065 [1]
714 888 [0]
120 1481 [1]
480 1123 [1]
524 1079 [2]
731 872 [0]
257 1347 [11]
257 1342 [6]
168 1438 [11]
519 1088 [0]
637 970 [11]
223 1385 [11]
348 1261 [1]
608 1001 [0]
719 889 [1]
113 1497 [3]
727 883 [0]
770 833 [7]
472 1139 [0]
679 926 [4]
346 1264 [8]
417 1188 [7]
640 967 [5]
554 1059 [0]
520 1093 [0]
360 1247 [7]
202 1412 [2]
225 1381 [10]
263 1349 [4]
545 1072 [6]
798 819 [0]
154 1464 [0]
258 1358 [2]
222 1397 [6]
591 1028 [1]
710 908 [1]
562 1058 [7]
562 1049 [9]
809 812 [0]
166 1444 [11]
254 1358 [9]
568 1054 [11]
642 980 [4]
407 1207 [8]
780 835 [8]
72 1541 [10]
572 1052 [0]
472 1153 [0]
125 1497 [4]
241 1385 [2]
120 1506 [4]
611 1011 [4]
264 1362 [4]
559 1067 [7]
297 1325 [4]
562 1060 [4]
488 1133 [5]
158 1465 [5]
403 1224 [11]
216 1408 [4]
228 1389 [11]
575 1048 [5]
167 1462 [0]
80 1540 [9]
695 923 [11]
645 985 [7]
145 1483 [2]
55 1576 [2]
563 1068 [6]
610 1021 [0]
600 1026 [5]
152 1480 [0]
415 1217 [0]
459 1174 [5]
68 1558 [7]
239 1392 [2]
121 1513 [0]
550 1079 [5]
392 1243 [6]
61 1568 [6]
280 1356 [0]
460 1176 [0]
54 1576 [7]
216 1417 [4]
301 1336 [0]
182 1456 [2]
512 1122 [4]
220 1415 [4]
698 931 [10]
282 1358 [10]
602 1036 [2]
259 1379 [2]
692 948 [0]
622 1018 [0]
500 1141 [0]
223 1410 [8]
365 1277 [11]
543 1089 [6]
173 1460 [10]
548 1084 [11]
264 1368 [11]
230 1414 [4]
571 1073 [0]
749 896 [0]
499 1147 [7]
161 1485 [0]
565 1082 [0]
267 1373 [7]
164 1484 [5]
290 1358 [3]
766 883 [8]
551 1092 [6]
496 1155 [0]
304 1343 [1]
687 963 [1]
424 1216 [11]
349 1303 [0]
576 1076 [0]
661 984 [7]
446 1205 [1]
192 1461 [2]
746 907 [11]
665 978 [8]
500 1146 [7]
186 1461 [7]
239 1416 [0]
173 1479 [3]
223 1424 [8]
410 1237 [8]
146 1506 [3]
232 1424 [0]
496 1161 [6]
402 1253 [2]
94 1562 [1]
118 1540 [6]
171 1487 [10]
386 1272 [9]
785 873 [0]
117 1541 [0]
591 1064 [4]
592 1056 [11]
540 1119 [1]
366 1288 [6]
413 1248 [2]
104 1552 [5]
699 956 [6]
455 1202 [5]
677 985 [0]
287 1378 [3]
479 1179 [7]
189 1470 [6]
183 1477 [5]
763 891 [11]
719 947 [4]
631 1029 [7]
589 1079 [0]
669 988 [5]
370 1291 [7]
496 1170 [2]
331 1338 [2]
821 848 [0]
199 1469 [1]
450 1213 [7]
507 1163 [0]
86 1585 [0]
189 1482 [4]
505 1166 [2]
640 1026 [5]
153 1512 [6]
826 845 [0]
339 1325 [8]
305 1369 [10]
806 868 [0]
579 1095 [0]
91 1584 [6]
771 904 [8]
253 1415 [7]
531 1145 [1]
541 1135 [9]
549 1127 [0]
684 982 [10]
653 1017 [4]
260 1410 [7]
773 904 [0]
817 859 [8]
416 1262 [0]
468 1209 [1]
215 1464 [5]
438 1241 [7]
525 1155 [9]
496 1178 [6]
222 1459 [3]
312 1369 [4]
517 1164 [0]
132 1542 [7]
291 1385 [6]
149 1523 [10]
460 1217 [5]
349 1334 [0]
583 1100 [9]
613 1070 [0]
204 1474 [5]
223 1453 [8]
142 1535 [7]
480 1200 [7]
444 1233 [8]
655 1031 [11]
467 1213 [6]
192 1485 [9]
708 970 [8]
228 1460 [7]
466 1222 [5]
786 893 [9]
209 1479 [0]
534 1155 [8]
101 1588 [3]
415 1268 [6]
385 1301 [3]
515 1169 [5]
450 1239 [2]
418 1266 [5]
203 1486 [1]
674 1016 [0]
561 1128 [1]
729 961 [0]
673 1018 [5]
157 1532 [3]
552 1140 [0]
232 1460 [1]
493 1197 [10]
842 852 [0]
401 1293 [0]
413 1281 [0]
197 1498 [4]
463 1226 [6]
402 1286 [8]
728 969 [0]
477 1220 [0]
695 1002 [0]
409 1286 [2]
362 1336 [6]
503 1196 [0]
564 1135 [0]
494 1206 [1]
529 1171 [0]
537 1154 [9]
125 1577 [0]
436 1266 [0]
478 1215 [9]
403 1295 [5]
738 965 [0]
776 929 [6]
321 1384 [0]
343 1363 [8]
709 997 [0]
136 1568 [2]
478 1220 [8]
510 1191 [5]
817 889 [8]
523 1185 [8]
494 1204 [10]
210 1488 [11]
823 887 [0]
458 1252 [0]
153 1551 [6]
710 993 [5]
780 919 [11]
650 1063 [10]
343 1367 [3]
793 919 [1]
203 1511 [3]
454 1260 [1]
515 1199 [10]
483 1231 [0]
848 861 [5]
337 1376 [2]
198 1506 [11]
561 1143 [11]
371 1335 [10]
379 1329 [8]
613 1104 [11]
336 1381 [0]
415 1302 [0]
605 1112 [0]
591 1127 [0]
846 872 [0]
462 1254 [2]
766 953 [5]
800 919 [9]
290 1422 [7]
184 1534 [2]
403 1315 [2]
287 1430 [3]
367 1349 [4]
768 953 [0]
548 1167 [6]
230 1492 [4]
128 1595 [5]
544 1179 [0]
191 1528 [4]
851 864 [8]
401 1313 [9]
528 1192 [3]
132 1592 [7]
627 1097 [1]
831 893 [0]
503 1222 [5]
365 1349 [11]
279 1447 [0]
672 1054 [2]
480 1246 [0]
359 1363 [4]
264 1456 [7]
174 1543 [11]
762 966 [0]
437 1292 [0]
299 1420 [10]
175 1548 [7]
406 1317 [2]
801 929 [1]
336 1393 [2]
276 1456 [10]
422 1302 [9]
493 1241 [8]
177 1558 [8]
659 1076 [0]
291 1433 [11]
734 1001 [0]
207 1529 [1]
358 1378 [0]
717 1019 [0]
820 916 [0]
723 1009 [4]
258 1472 [6]
399 1329 [8]
384 1349 [4]
514 1224 [9]
668 1069 [1]
448 1283 [7]
281 1455 [2]
220 1520 [4]
571 1169 [1]
758 982 [0]
757 976 [8]
618 1121 [3]
411 1329 [2]
645 1090 [7]
647 1096 [0]
195 1549 [5]
428 1316 [7]
431 1313 [6]
684 1050 [10]
605 1140 [0]
818 927 [0]
395 1346 [4]
629 1109 [7]
309 1437 [0]
407 1339 [0]
643 1103 [10]
734 1008 [4]
287 1461 [2]
274 1471 [3]
347 1397 [5]
236 1508 [5]
525 1218 [7]
862 884 [5]
779 972 [0]
170 1578 [3]
361 1391 [0]
293 1457 [3]
372 1382 [8]
628 1126 [0]
285 1470 [4]
739 1016 [2]
405 1347 [3]
377 1379 [0]
232 1523 [1]
396 1351 [9]
181 1576 [5]
175 1575 [7]
600 1150 [7]
463 1295 [6]
584 1174 [0]
505 1251 [2]
772 986 [0]
578 1170 [5]
368 1392 [5]
423 1336 [1]
594 1162 [4]
826 934 [1]
667 1095 [0]
407 1353 [6]
578 1184 [0]
405 1356 [10]
219 1542 [5]
384 1380 [0]
476 1288 [4]
828 936 [0]
444 1320 [0]
193 1572 [2]
564 1201 [0]
593 1172 [0]
606 1157 [2]
615 1139 [11]
872 891 [2]
689 1077 [0]
445 1321 [0]
402 1356 [9]
312 1456 [5]
753 1009 [7]
579 1182 [8]
883 887 [7]
593 1177 [0]
879 891 [0]
340 1428 [2]
240 1530 [0]
199 1572 [0]
617 1155 [0]
322 1440 [10]
338 1428 [7]
555 1215 [3]
797 977 [0]
868 900 [7]
761 1015 [0]
489 1280 [7]
535 1242 [3]
839 938 [5]
173 1599 [5]
201 1571 [5]
673 1104 [0]
834 943 [5]
574 1202 [7]
288 1490 [5]
751 1022 [10]
410 1372 [2]
453 1331 [8]
677 1106 [3]
233 1554 [9]
808 979 [0]
593 1194 [0]
523 1260 [4]
767 1021 [0]
471 1318 [7]
794 995 [0]
874 913 [2]
336 1454 [0]
285 1498 [7]
474 1317 [6]
649 1131 [4]
703 1082 [6]
197 1584 [11]
855 937 [0]
440 1353 [0]
564 1230 [11]
637 1157 [0]
363 1432 [0]
556 1240 [6]
200 1597 [0]
683 1114 [3]
777 1020 [0]
885 912 [0]
192 1597 [3]
391 1403 [4]
750 1049 [10]
391 1401 [7]
234 1564 [2]
605 1194 [2]
377 1424 [0]
379 1423 [11]
711 1093 [0]
409 1396 [5]
512 1290 [4]
577 1220 [3]
558 1248 [0]
389 1414 [4]
847 960 [0]
673 1135 [7]
473 1333 [2]
744 1062 [2]
797 1011 [0]
791 1018 [9]
403 1407 [0]
343 1464 [3]
510 1298 [2]
429 1377 [5]
236 1576 [0]
527 1280 [5]
772 1034 [6]
803 1010 [0]
769 1046 [0]
433 1383 [6]
523 1293 [2]
589 1227 [0]
621 1196 [8]
642 1175 [0]
282 1528 [7]
636 1177 [4]
418 1400 [7]
649 1169 [1]
703 1115 [6]
868 950 [0]
398 1414 [6]
531 1288 [6]
676 1141 [2]
473 1344 [2]
558 1258 [11]
283 1527 [11]
692 1128 [4]
833 989 [3]
536 1281 [5]
708 1114 [0]
233 1590 [0]
671 1152 [2]
687 1131 [5]
516 1309 [0]
689 1132 [8]
569 1257 [4]
848 976 [2]
709 1114 [3]
229 1594 [5]
264 1558 [6]
720 1108 [0]
298 1531 [0]
536 1293 [0]
456 1365 [8]
474 1350 [5]
224 1597 [8]
532 1297 [0]
714 1114 [2]
319 1501 [10]
407 1415 [8]
233 1598 [6]
426 1405 [5]
586 1245 [0]
413 1412 [6]
273 1556 [2]
632 1200 [5]
476 1350 [6]
719 1115 [0]
534 1294 [11]
505 1327 [2]
662 1173 [0]
324 1513 [0]
300 1536 [1]
610 1224 [3]
464 1372 [1]
268 1570 [6]
460 1367 [11]
869 969 [0]
568 1271 [0]
488 1351 [0]
400 1428 [11]
604 1233 [2]
507 1326 [6]
885 955 [0]
905 935 [0]
400 1432 [2]
733 1107 [0]
417 1418 [2]
869 963 [2]
253 1588 [7]
545 1291 [4]
493 1338 [8]
455 1387 [7]
285 1553 [4]
698 1140 [4]
269 1574 [4]
333 1510 [0]
868 974 [9]
564 1276 [4]
846 999 [9]
629 1209 [7]
821 1025 [3]
861 985 [7]
890 956 [0]
763 1084 [0]
470 1378 [9]
462 1387 [1]
729 1120 [0]
677 1166 [6]
477 1366 [6]
632 1218 [4]
813 1037 [4]
431 1419 [0]
453 1389 [8]
821 1018 [11]
903 943 [4]
461 1383 [7]
420 1431 [1]
379 1469 [4]
708 1145 [1]
535 1313 [5]
867 987 [4]
366 1490 [6]
672 1184 [10]
927 929 [0]
308 1544 [4]
308 1538 [11]
541 1313 [3]
558 1300 [1]
742 1116 [0]
688 1170 [0]
506 1352 [0]
612 1247 [0]
585 1274 [0]
625 1234 [0]
524 1337 [0]
540 1316 [5]
634 1219 [9]
474 1389 [0]
732 1124 [2]
303 1554 [7]
748 1117 [0]
670 1192 [4]
824 1043 [0]
490 1378 [0]
539 1329 [0]
924 940 [4]
882 983 [4]
602 1264 [3]
692 1178 [1]
550 1316 [5]
486 1377 [7]
731 1137 [3]
514 1358 [0]
675 1197 [0]
383 1482 [7]
576 1297 [2]
872 995 [4]
743 1130 [0]
741 1133 [0]
852 1022 [0]
525 1350 [7]
583 1292 [0]
491 1384 [0]
626 1250 [4]
351 1526 [0]
822 1048 [7]
332 1546 [3]
613 1265 [1]
788 1090 [2]
420 1458 [1]
776 1104 [0]
673 1203 [3]
815 1060 [6]
543 1327 [11]
624 1250 [7]
448 1434 [4]
667 1208 [7]
913 971 [8]
703 1182 [10]
843 1042 [0]
839 1046 [0]
892 993 [0]
864 1022 [0]
346 1542 [4]
857 1031 [0]
818 1065 [5]
880 1009 [0]
396 1489 [4]
835 1055 [0]
428 1457 [7]
501 1379 [10]
365 1525 [0]
581 1308 [2]
841 1042 [8]
659 1225 [2]
783 1110 [0]
294 1588 [11]
774 1114 [5]
586 1308 [3]
705 1180 [9]
732 1163 [0]
876 1019 [0]
442 1454 [0]
398 1487 [11]
754 1135 [9]
345 1546 [7]
299 1598 [2]
425 1467 [7]
420 1473 [7]
603 1297 [0]
421 1480 [0]
922 979 [0]
497 1399 [2]
943 950 [8]
828 1067 [8]
510 1390 [3]
382 1510 [11]
717 1187 [9]
428 1470 [6]
586 1319 [7]
412 1494 [4]
435 1472 [3]
394 1507 [7]
449 1456 [3]
430 1467 [11]
333 1574 [2]
696 1207 [7]
556 1355 [2]
708 1203 [11]
754 1150 [5]
607 1302 [2]
725 1179 [8]
470 1443 [0]
860 1054 [5]
670 1247 [0]
543 1370 [11]
325 1593 [7]
719 1199 [2]
409 1505 [4]
415 1496 [8]
581 1338 [0]
689 1231 [5]
369 1542 [9]
630 1285 [6]
738 1183 [0]
598 1323 [0]
733 1189 [0]
805 1110 [7]
368 1555 [11]
831 1092 [0]
522 1392 [1]
351 1573 [0]
679 1245 [8]
530 1387 [7]
606 1313 [5]
657 1268 [7]
922 1003 [0]
912 1002 [11]
906 1020 [0]
730 1196 [0]
431 1491 [5]
830 1092 [4]
715 1212 [0]
574 1355 [8]
960 969 [2]
477 1448 [4]
399 1531 [7]
606 1324 [7]
698 1222 [10]
507 1424 [5]
692 1232 [7]
527 1405 [2]
553 1380 [0]
388 1546 [0]
721 1213 [0]
660 1271 [2]
408 1524 [3]
939 996 [0]
943 984 [8]
503 1429 [4]
596 1341 [5]
955 982 [1]
842 1092 [4]
382 1557 [11]
478 1462 [4]
848 1092 [6]
472 1469 [11]
805 1136 [0]
352 1590 [5]
496 1446 [7]
966 976 [3]
653 1282 [7]
607 1333 [2]
803 1139 [0]
674 1262 [7]
479 1458 [6]
707 1237 [0]
466 1479 [2]
686 1259 [0]
490 1456 [0]
684 1263 [8]
869 1078 [10]
763 1181 [2]
828 1118 [2]
754 1195 [0]
580 1362 [7]
492 1457 [0]
466 1484 [4]
487 1463 [0]
672 1276 [3]
870 1082 [0]
417 1536 [6]
605 1345 [3]
734 1216 [4]
915 1041 [0]
526 1426 [4]
882 1075 [2]
976 981 [3]
380 1567 [10]
372 1578 [7]
822 1127 [8]
606 1352 [5]
922 1036 [6]
707 1250 [9]
453 1497 [8]
610 1340 [8]
911 1044 [3]
741 1220 [6]
866 1095 [0]
709 1247 [5]
862 1089 [11]
813 1149 [0]
971 988 [3]
383 1573 [7]
817 1148 [5]
457 1509 [4]
648 1318 [0]
621 1345 [0]
700 1268 [4]
801 1168 [9]
469 1499 [4]
569 1400 [0]
971 998 [0]
416 1554 [1]
754 1215 [1]
721 1250 [0]
506 1466 [1]
902 1071 [0]
746 1227 [0]
650 1325 [10]
865 1099 [11]
832 1141 [3]
551 1426 [1]
765 1212 [1]
669 1308 [8]
659 1318 [2]
785 1195 [7]
988 992 [0]
900 1075 [7]
685 1293 [2]
978 1003 [0]
549 1432 [0]
869 1113 [0]
953 1029 [5]
464 1510 [9]
786 1192 [5]
745 1230 [8]
672 1312 [11]
796 1188 [0]
698 1276 [10]
626 1353 [5]
690 1295 [0]
752 1234 [11]
913 1071 [2]
561 1421 [4]
944 1032 [11]
606 1382 [8]
601 1378 [9]
732 1257 [11]
582 1406 [1]
738 1250 [1]
624 1355 [10]
732 1258 [0]
413 1578 [4]
613 1378 [11]
779 1201 [11]
953 1036 [2]
620 1371 [0]
531 1461 [6]
846 1146 [1]
994 998 [0]
469 1524 [5]
937 1049 [7]
423 1571 [1]
608 1386 [1]
676 1318 [0]
621 1367 [6]
850 1140 [4]
609 1384 [10]
455 1538 [2]
393 1599 [5]
898 1099 [0]
560 1431 [6]
480 1514 [4]
992 1006 [0]
519 1480 [5]
649 1350 [6]
441 1559 [0]
823 1175 [3]
716 1286 [0]
613 1391 [11]
945 1059 [0]
522 1473 [1]
460 1536 [11]
485 1523 [8]
717 1293 [0]
961 1049 [0]
740 1271 [10]
791 1220 [9]
526 1485 [0]
574 1438 [3]
717 1291 [0]
946 1067 [0]
977 1036 [1]
724 1290 [0]
733 1270 [11]
795 1220 [0]
633 1380 [2]
451 1565 [0]
975 1042 [0]
569 1442 [6]
959 1058 [0]
579 1430 [8]
451 1566 [0]
907 1103 [8]
470 1550 [8]
545 1475 [1]
605 1406 [11]
616 1407 [7]
679 1344 [0]
700 1318 [3]
881 1143 [0]
625 1399 [0]
746 1279 [0]
550 1471 [11]
916 1108 [1]
497 1529 [5]
663 1363 [9]
458 1567 [1]
653 1372 [2]
601 1426 [0]
671 1357 [6]
681 1343 [4]
497 1527 [5]
825 1196 [9]
987 1044 [2]
448 1581 [2]
477 1545 [6]
1003 1020 [8]
706 1326 [0]
793 1240 [0]
713 1320 [0]
728 1306 [0]
526 1502 [6]
822 1211 [1]
489 1542 [4]
957 1072 [6]
573 1454 [9]
532 1504 [1]
632 1406 [0]
694 1344 [0]
928 1110 [6]
879 1153 [7]
654 1378 [7]
1005 1035 [0]
801 1239 [0]
552 1489 [7]
927 1114 [4]
648 1386 [1]
704 1338 [0]
998 1045 [1]
840 1203 [0]
650 1384 [9]
551 1493 [0]
879 1165 [0]
627 1409 [8]
786 1250 [8]
772 1273 [6]
624 1418 [3]
929 1116 [1]
641 1406 [0]
638 1410 [3]
913 1135 [9]
936 1103 [9]
738 1308 [2]
861 1177 [11]
680 1370 [2]
618 1430 [2]
991 1059 [0]
757 1292 [1]
851 1200 [5]
582 1459 [10]
893 1152 [7]
566 1486 [0]
939 1114 [0]
696 1358 [10]
780 1274 [10]
454 1596 [4]
487 1560 [8]
747 1308 [0]
921 1134 [0]
775 1281 [0]
950 1105 [9]
786 1270 [0]
861 1195 [3]
977 1082 [11]
875 1184 [0]
704 1355 [0]
545 1511 [4]
542 1519 [0]
857 1204 [3]
463 1589 [1]
878 1183 [0]
758 1296 [8]
489 1570 [4]
841 1211 [1]
808 1254 [7]
862 1203 [7]
569 1497 [9]
858 1208 [0]
987 1079 [0]
729 1333 [5]
502 1565 [0]
669 1399 [11]
961 1102 [6]
496 1574 [4]
523 1547 [7]
658 1412 [0]
894 1176 [0]
951 1119 [0]
599 1472 [9]
622 1449 [0]
973 1091 [7]
949 1124 [7]
840 1233 [0]
718 1356 [0]
634 1441 [5]
882 1193 [3]
997 1078 [0]
510 1560 [7]
498 1573 [4]
485 1591 [1]
848 1228 [0]
957 1119 [1]
892 1179 [6]
705 1367 [5]
822 1256 [0]
528 1551 [11]
594 1474 [5]
798 1272 [9]
622 1458 [0]
763 1308 [9]
579 1500 [1]
964 1117 [4]
679 1396 [4]
547 1531 [3]
986 1096 [6]
592 1487 [3]
704 1379 [0]
963 1120 [0]
832 1244 [7]
882 1194 [7]
990 1094 [0]
886 1195 [3]
972 1103 [9]
523 1562 [5]
885 1189 [11]
529 1557 [1]
749 1338 [5]
757 1330 [0]
754 1332 [3]
919 1166 [4]
710 1373 [7]
699 1392 [4]
509 1584 [0]
516 1576 [1]
898 1184 [11]
675 1418 [0]
642 1451 [1]
795 1299 [0]
798 1294 [3]
660 1433 [7]
566 1530 [5]
664 1432 [10]
517 1580 [0]
978 1114 [5]
907 1179 [11]
569 1529 [9]
993 1105 [0]
914 1184 [1]
803 1291 [5]
522 1570 [8]
841 1257 [2]
884 1217 [0]
572 1526 [4]
893 1210 [0]
836 1268 [0]
908 1188 [8]
671 1434 [9]
864 1241 [0]
611 1490 [4]
722 1384 [1]
960 1146 [5]
991 1116 [0]
524 1576 [7]
645 1463 [2]
767 1341 [0]
700 1409 [0]
998 1111 [11]
878 1228 [4]
637 1473 [0]
697 1409 [4]
1043 1065 [3]
970 1142 [4]
781 1321 [10]
1012 1101 [0]
941 1163 [9]
978 1136 [0]
744 1364 [7]
618 1494 [3]
624 1484 [7]
678 1429 [11]
1007 1111 [0]
560 1547 [11]
607 1512 [4]
899 1214 [6]
867 1247 [6]
569 1542 [9]
986 1135 [2]
952 1164 [5]
804 1317 [0]
551 1572 [11]
778 1345 [0]
615 1500 [8]
882 1242 [3]
987 1137 [0]
1044 1082 [3]
906 1213 [7]
608 1510 [6]
903 1217 [0]
656 1471 [0]
835 1291 [2]
544 1581 [3]
805 1315 [9]
795 1335 [0]
876 1255 [0]
554 1579 [0]
990 1141 [3]
625 1500 [9]
898 1237 [0]
1031 1097 [7]
951 1187 [1]
624 1510 [4]
1020 1111 [8]
1052 1078 [9]
806 1330 [6]
755 1387 [0]
654 1490 [0]
785 1360 [5]
924 1221 [0]
1024 1121 [0]
747 1390 [8]
731 1406 [8]
856 1288 [1]
1032 1108 [0]
567 1575 [4]
811 1336 [0]
829 1318 [1]
988 1150 [9]
614 1535 [1]
951 1197 [1]
925 1222 [3]
561 1588 [6]
609 1537 [4]
670 1482 [0]
890 1261 [1]
854 1299 [0]
1036 1112 [5]
906 1243 [4]
561 1581 [11]
557 1597 [0]
574 1572 [8]
1024 1131 [0]
949 1208 [0]
975 1183 [7]
710 1442 [7]
684 1471 [5]
691 1469 [0]
887 1269 [7]
799 1362 [0]
969 1181 [11]
1012 1149 [0]
568 1590 [0]
759 1392 [11]
722 1441 [0]
692 1470 [1]
940 1215 [9]
842 1322 [0]
751 1414 [7]
699 1465 [1]
819 1344 [3]
933 1233 [0]
707 1459 [0]
719 1448 [7]
1033 1134 [0]
619 1547 [1]
1019 1149 [0]
723 1441 [9]
1063 1106 [1]
1064 1106 [0]
712 1459 [8]
716 1455 [9]
710 1459 [2]
643 1529 [11]
759 1413 [11]
762 1410 [0]
704 1469 [1]
719 1450 [4]
840 1333 [1]
640 1528 [7]
592 1584 [2]
642 1528 [6]
956 1215 [5]
996 1180 [0]
607 1562 [7]
981 1197 [0]
598 1580 [0]
786 1394 [9]
833 1347 [0]
644 1529 [7]
603 1576 [1]
713 1468 [2]
668 1507 [6]
811 1371 [0]
1009 1166 [7]
700 1477 [6]
874 1313 [0]
697 1483 [7]
909 1279 [0]
723 1456 [9]
713 1477 [10]
761 1429 [0]
886 1300 [4]
673 1511 [6]
751 1441 [5]
835 1350 [4]
1064 1117 [11]
1041 1152 [0]
635 1559 [1]
658 1536 [0]
1034 1160 [0]
802 1383 [9]
753 1442 [0]
610 1578 [8]
831 1366 [10]
870 1327 [5]
1055 1142 [0]
810 1384 [10]
684 1504 [10]
942 1258 [0]
984 1208 [8]
739 1462 [1]
749 1453 [0]
917 1286 [1]
797 1405 [1]
614 1586 [4]
1025 1173 [6]
1086 1118 [0]
765 1430 [9]
1067 1138 [1]
727 1478 [0]
809 1391 [7]
709 1499 [7]
827 1381 [0]
1020 1186 [2]
970 1233 [5]
863 1345 [0]
709 1498 [2]
688 1518 [0]
839 1372 [11]
1030 1181 [0]
1057 1154 [0]
804 1406 [3]
795 1419 [0]
695 1508 [11]
998 1210 [6]
1049 1166 [0]
1075 1137 [6]
760 1457 [0]
1034 1183 [1]
1095 1122 [0]
983 1227 [8]
861 1358 [7]
949 1270 [0]
699 1521 [0]
1107 1113 [0]
782 1438 [0]
1007 1208 [6]
981 1242 [0]
740 1484 [0]
1054 1165 [5]
638 1584 [2]
693 1523 [2]
853 1373 [0]
947 1280 [0]
939 1282 [6]
772 1444 [11]
980 1249 [0]
805 1425 [9]
877 1353 [0]
692 1540 [3]
984 1247 [1]
907 1317 [8]
876 1356 [5]
977 1255 [0]
891 1341 [5]
781 1451 [0]
725 1504 [3]
988 1244 [0]
1020 1213 [5]
1071 1162 [0]
1090 1143 [0]
878 1356 [11]
740 1495 [0]
950 1276 [9]
970 1256 [10]
699 1531 [6]
725 1507 [5]
880 1356 [8]
1082 1145 [11]
827 1411 [0]
831 1399 [8]
1024 1215 [2]
927 1308 [4]
1035 1204 [0]
1012 1223 [4]
717 1514 [9]
643 1598 [6]
839 1404 [0]
784 1462 [0]
795 1452 [6]
1111 1136 [0]
938 1299 [10]
683 1565 [5]
1038 1210 [8]
1076 1168 [4]
788 1459 [2]
832 1419 [7]
894 1359 [4]
927 1326 [3]
936 1319 [5]
818 1432 [6]
959 1289 [10]
993 1257 [6]
1069 1187 [0]
1042 1215 [3]
788 1470 [1]
707 1550 [1]
689 1559 [11]
1057 1204 [0]
1123 1132 [6]
883 1371 [8]
1030 1233 [0]
710 1547 [5]
729 1536 [6]
1108 1157 [6]
843 1420 [2]
765 1501 [10]
673 1594 [3]
747 1520 [6]
1103 1164 [7]
1032 1235 [0]
772 1496 [6]
880 1388 [0]
975 1293 [11]
676 1593 [8]
1042 1220 [7]
938 1332 [8]
919 1350 [1]
1120 1145 [6]
1050 1222 [0]
734 1537 [1]
728 1536 [1]
702 1572 [0]
1114 1161 [1]
1075 1200 [0]
719 1553 [11]
759 1513 [4]
744 1531 [2]
931 1346 [0]
829 1448 [0]
755 1521 [1]
1108 1170 [0]
1051 1228 [0]
846 1424 [4]
1040 1244 [9]
1107 1173 [4]
763 1523 [8]
837 1450 [4]
1093 1195 [3]
897 1392 [10]
1051 1230 [8]
802 1480 [8]
972 1321 [0]
983 1302 [8]
944 1339 [11]
1081 1214 [0]
823 1473 [7]
806 1490 [0]
834 1455 [7]
933 1365 [0]
876 1422 [0]
791 1508 [2]
1137 1162 [9]
1025 1270 [4]
902 1397 [0]
782 1518 [0]
1048 1252 [0]
796 1500 [4]
770 1532 [7]
1136 1166 [1]
995 1307 [0]
841 1460 [2]
724 1571 [8]
710 1587 [6]
1117 1184 [2]
990 1314 [0]
707 1588 [9]
781 1525 [11]
937 1369 [0]
1110 1195 [10]
990 1317 [3]
1007 1294 [1]
737 1571 [0]
717 1592 [1]
730 1568 [11]
891 1411 [7]
834 1471 [4]
985 1325 [0]
707 1595 [9]
1131 1181 [0]
910 1402 [0]
713 1595 [5]
857 1454 [2]
764 1549 [0]
929 1379 [6]
1048 1269 [0]
870 1444 [3]
936 1377 [4]
819 1500 [8]
737 1584 [0]
953 1358 [10]
821 1501 [0]
950 1372 [3]
1136 1186 [6]
1032 1291 [1]
1008 1316 [0]
851 1475 [1]
985 1340 [1]
1107 1211 [1]
991 1337 [7]
1000 1328 [0]
845 1484 [6]
959 1362 [8]
1058 1271 [0]
1052 1273 [4]
966 1364 [9]
1051 1279 [0]
948 1384 [8]
937 1394 [1]
878 1453 [4]
944 1378 [11]
887 1444 [2]
807 1527 [0]
959 1367 [10]
1029 1306 [0]
845 1489 [9]
860 1473 [2]
858 1478 [0]
901 1428 [8]
1073 1264 [0]
1055 1283 [0]
1070 1272 [0]
1157 1186 [0]
780 1566 [1]
1115 1233 [2]
951 1391 [7]
1084 1266 [0]
1173 1177 [0]
1035 1308 [8]
780 1574 [1]
1135 1219 [0]
915 1440 [0]
999 1356 [1]
1099 1256 [7]
1106 1240 [9]
861 1488 [6]
1151 1205 [0]
946 1410 [0]
989 1358 [9]
786 1563 [8]
1117 1241 [0]
1006 1356 [4]
1049 1306 [7]
787 1566 [10]
1002 1362 [6]
1042 1321 [8]
844 1521 [0]
1168 1197 [6]
867 1494 [4]
940 1424 [2]
1047 1319 [0]
774 1594 [0]
1155 1217 [2]
1159 1213 [0]
828 1541 [4]
1042 1324 [1]
1021 1352 [0]
986 1390 [0]
1075 1301 [0]
871 1506 [0]
924 1453 [1]
908 1458 [1]
1010 1363 [6]
1058 1320 [3]
807 1575 [0]
1019 1362 [1]
1025 1358 [0]
1123 1254 [6]
942 1442 [1]
870 1509 [5]
1062 1323 [0]
995 1393 [0]
926 1462 [0]
1035 1348 [6]
872 1511 [6]
969 1415 [6]
1150 1242 [6]
963 1423 [6]
1026 1366 [0]
963 1431 [6]
822 1565 [7]
1095 1298 [1]
1127 1261 [6]
1054 1341 [0]
1141 1253 [1]
981 1409 [6]
919 1479 [0]
910 1491 [0]
844 1557 [1]
1098 1305 [0]
1119 1278 [6]
1017 1380 [1]
836 1568 [8]
882 1522 [0]
1099 1305 [0]
1181 1219 [5]
1139 1256 [10]
1024 1381 [1]
1058 1349 [10]
917 1490 [0]
1112 1293 [2]
968 1440 [0]
959 1448 [1]
903 1506 [10]
960 1444 [5]
1121 1290 [0]
889 1512 [11]
943 1461 [8]
947 1466 [0]
1088 1326 [0]
1087 1318 [9]
1175 1240 [6]
1112 1301 [2]
1053 1363 [0]
1188 1231 [4]
967 1453 [6]
969 1445 [4]
1080 1337 [5]
1004 1420 [0]
1105 1319 [9]
1103 1320 [1]
1061 1363 [0]
964 1462 [2]
1018 1408 [9]
1206 1220 [1]
1064 1365 [0]
1077 1347 [7]
879 1553 [4]
1016 1416 [9]
932 1500 [0]
1015 1420 [0]
1188 1248 [0]
907 1524 [4]
979 1459 [0]
929 1501 [9]
920 1518 [2]
890 1549 [9]
1147 1294 [0]
1070 1360 [11]
1124 1311 [6]
899 1544 [4]
1013 1432 [0]
1045 1400 [0]
943 1503 [0]
1209 1237 [9]
931 1517 [0]
1185 1264 [0]
1089 1361 [0]
1222 1228 [1]
1151 1302 [4]
954 1491 [8]
921 1534 [11]
949 1506 [0]
918 1537 [0]
1173 1273 [10]
1198 1258 [0]
1098 1360 [0]
1100 1359 [1]
1073 1379 [7]
896 1564 [0]
908 1552 [0]
1187 1262 [11]
914 1548 [0]
869 1594 [3]
961 1498 [4]
898 1566 [1]
1012 1442 [11]
858 1599 [8]
1213 1251 [1]
951 1516 [11]
976 1491 [2]
925 1545 [7]
1136 1334 [0]
1144 1321 [1]
1030 1444 [1]
912 1564 [0]
962 1516 [0]
995 1483 [0]
1070 1403 [6]
916 1562 [1]
966 1514 [1]
1148 1332 [0]
1064 1417 [8]
1006 1474 [1]
1076 1408 [0]
902 1583 [8]
1202 1283 [8]
1232 1242 [11]
1223 1259 [4]
1173 1314 [0]
977 1511 [11]
1118 1370 [1]
1225 1263 [0]
946 1541 [1]
1242 1244 [5]
1191 1290 [8]
1159 1331 [0]
1208 1275 [8]
1029 1464 [0]
1111 1382 [0]
1137 1348 [8]
975 1513 [6]
931 1556 [8]
1247 1249 [0]
1028 1459 [9]
980 1517 [8]
1045 1453 [4]
1156 1342 [0]
931 1559 [8]
1195 1304 [0]
1095 1404 [1]
952 1549 [5]
913 1583 [2]
1133 1369 [0]
1063 1430 [9]
921 1581 [1]
948 1549 [7]
939 1566 [4]
1119 1388 [8]
1007 1493 [9]
912 1590 [6]
1013 1496 [0]
1162 1347 [0]
1041 1465 [4]
997 1511 [2]
984 1529 [0]
1136 1377 [9]
1112 1403 [7]
1197 1318 [5]
1200 1304 [11]
995 1519 [1]
1088 1429 [1]
1108 1408 [9]
965 1544 [9]
1152 1360 [7]
1127 1382 [11]
937 1583 [11]
1036 1480 [5]
1116 1397 [0]
1075 1446 [1]
1122 1401 [0]
1088 1435 [1]
1037 1487 [0]
1008 1517 [0]
1230 1296 [0]
1088 1432 [6]
1064 1457 [5]
1097 1430 [0]
1198 1329 [0]
1129 1398 [0]
952 1569 [5]
1202 1329 [9]
1205 1321 [7]
1110 1419 [8]
1190 1347 [1]
968 1571 [0]
1248 1286 [3]
1267 1275 [0]
963 1581 [5]
1154 1390 [0]
1239 1301 [6]
1237 1299 [11]
1191 1358 [6]
1032 1518 [2]
982 1567 [1]
972 1576 [4]
1000 1553 [0]
1124 1422 [7]
1192 1363 [11]
1210 1346 [0]
1000 1557 [0]
982 1570 [9]
1263 1291 [6]
1164 1396 [11]
1005 1557 [6]
1225 1337 [3]
1082 1469 [11]
1215 1338 [10]
1058 1507 [10]
1092 1473 [0]
1026 1539 [0]
971 1594 [0]
1222 1344 [5]
1257 1309 [0]
972 1595 [11]
1255 1306 [8]
1160 1410 [1]
1269 1303 [0]
1235 1338 [4]
1263 1303 [6]
1103 1471 [7]
1105 1469 [0]
1264 1310 [1]
1245 1331 [11]
1168 1409 [0]
1261 1322 [4]
1176 1400 [7]
1105 1471 [8]
1145 1440 [0]
1234 1351 [0]
1146 1439 [0]
1215 1371 [7]
1221 1366 [0]
1292 1296 [0]
1270 1319 [9]
1045 1547 [0]
1117 1469 [6]
1163 1419 [11]
1154 1433 [6]
1272 1322 [0]
1125 1470 [0]
1117 1474 [5]
1282 1305 [9]
1263 1333 [0]
1191 1407 [0]
1055 1544 [1]
1276 1326 [7]
1078 1527 [7]
1001 1598 [6]
1238 1368 [0]
1032 1575 [8]
1085 1522 [0]
1073 1524 [11]
1223 1379 [6]
1099 1509 [9]
1174 1435 [0]
1051 1550 [9]
1261 1345 [4]
1137 1474 [0]
1063 1549 [11]
1077 1535 [11]
1175 1437 [0]
1074 1540 [0]
1050 1564 [0]
1023 1585 [9]
1179 1439 [1]
1060 1559 [0]
1069 1551 [0]
1247 1374 [0]
1027 1595 [9]
1232 1392 [0]
1024 1592 [8]
1257 1365 [4]
1163 1459 [5]
1297 1330 [1]
1278 1350 [0]
1291 1339 [0]
1280 1345 [6]
1194 1441 [8]
1185 1446 [4]
1216 1421 [0]
1091 1548 [0]
1280 1359 [0]
1063 1577 [0]
1296 1337 [7]
1070 1567 [4]
1106 1528 [9]
1313 1326 [7]
1223 1426 [0]
1124 1523 [2]
1140 1511 [2]
1175 1465 [11]
1130 1523 [0]
1136 1516 [1]
1277 1376 [0]
1196 1459 [5]
1111 1537 [8]
1173 1479 [4]
1092 1556 [8]
1291 1367 [9]
1299 1361 [9]
1226 1434 [0]
1229 1432 [1]
1186 1477 [0]
1076 1585 [2]
1163 1494 [6]
1124 1540 [0]
1280 1384 [0]
1197 1460 [7]
1312 1349 [3]
1181 1476 [8]
1185 1481 [9]
1183 1482 [1]
1079 1588 [1]
1071 1598 [9]
1229 1440 [3]
1220 1449 [0]
1097 1574 [0]
1327 1344 [9]
1158 1515 [0]
1231 1442 [0]
1174 1498 [1]
1140 1529 [5]
1284 1392 [0]
1086 1590 [0]
1283 1394 [0]
1199 1480 [2]
1204 1471 [1]
1164 1516 [0]
1109 1573 [10]
1237 1436 [9]
1168 1515 [0]
1111 1563 [9]
1098 1585 [1]
1146 1538 [0]
1258 1421 [6]
1277 1407 [1]
1188 1488 [9]
1197 1490 [4]
1326 1354 [8]
1322 1369 [4]
1147 1547 [0]
1250 1448 [10]
1199 1498 [1]
1276 1420 [6]
1276 1427 [0]
1249 1455 [5]
1139 1566 [11]
1302 1403 [8]
1297 1415 [1]
1138 1575 [1]
1249 1456 [9]
1131 1580 [9]
1293 1424 [4]
1356 1366 [6]
1174 1549 [6]
1194 1531 [0]
1283 1443 [1]
1262 1466 [4]
1319 1409 [8]
1280 1452 [2]
1165 1558 [11]
1257 1478 [4]
1238 1496 [1]
1270 1465 [8]
1160 1575 [1]
1204 1524 [11]
1148 1592 [1]
1227 1515 [10]
1252 1486 [5]
1334 1410 [3]
1257 1489 [9]
1302 1444 [0]
1349 1398 [0]
1277 1469 [1]
1325 1422 [0]
1280 1467 [10]
1286 1463 [0]
1289 1461 [0]
1257 1494 [0]
1263 1486 [2]
1351 1397 [5]
1263 1485 [5]
1305 1440 [9]
1334 1421 [0]
1364 1388 [4]
1284 1473 [1]
1247 1503 [8]
1258 1503 [6]
1276 1479 [6]
1183 1574 [6]
1185 1574 [6]
1283 1482 [11]
1260 1514 [0]
1181 1586 [8]
1207 1570 [0]
1270 1509 [8]
1332 1453 [0]
1242 1539 [11]
1314 1467 [5]
1284 1503 [0]
1295 1492 [0]
1256 1527 [4]
1227 1563 [9]
1255 1538 [6]
1301 1494 [1]
1239 1560 [9]
1354 1445 [0]
1337 1458 [4]
1204 1596 [6]
1365 1436 [9]
1316 1494 [0]
1379 1423 [9]
1290 1513 [9]
1279 1532 [9]
1225 1597 [0]
1239 1575 [9]
1242 1578 [4]
1298 1518 [9]
1277 1552 [1]
1266 1569 [1]
1282 1555 [0]
1268 1593 [9]
1288 1574 [8]
1397 1465 [10]
1408 1456 [8]
1397 1466 [11]
1284 1579 [8]
1301 1569 [0]
1386 1487 [0]
1382 1491 [0]
1370 1503 [9]
1281 1594 [5]
1306 1573 [0]
1352 1530 [0]
1322 1561 [4]
1391 1486 [8]
1398 1492 [0]
1299 1586 [6]
1362 1532 [6]
1329 1570 [1]
1357 1547 [0]
1345 1553 [6]
1439 1459 [10]
1377 1525 [11]
1330 1578 [1]
1372 1538 [0]
1450 1461 [0]
1459 1466 [1]
1396 1530 [0]
1394 1539 [11]
1411 1524 [0]
1370 1566 [0]
1356 1576 [6]
1453 1488 [1]
1448 1486 [7]
1411 1531 [9]
1380 1554 [11]
1430 1516 [0]
1461 1497 [0]
1436 1521 [1]
1398 1562 [1]
1380 1571 [4]
1377 1586 [0]
1434 1532 [0]
1405 1561 [0]
1365 1593 [8]
1390 1573 [6]
1402 1577 [0]
1413 1565 [2]
1454 1529 [9]
1462 1522 [0]
1442 1546 [11]
1425 1565 [2]
1473 1517 [1]
1403 1592 [0]
1485 1508 [11]
1459 1540 [7]
1484 1522 [0]
1449 1564 [11]
1470 1543 [0]
1454 1576 [8]
1508 1516 [10]
1478 1559 [0]
1518 1519 [0]
1458 1582 [0]
1441 1596 [5]
1511 1531 [0]
1448 1598 [0]
1499 1572 [1]
1513 1574 [0]
1540 1551 [6]
1541 1576 [0]
1565 1579 [0]
1563 1583 [0]
1572 1593 [9]
