800
10
400
7
2
0
1
3
5
10
4
8
19
11
13
16
23
17
6
18
12
15
31
20
43
55
54
90
46
22
35
62
44
32
28
39
67
34
9
25
21
60
14
41
27
52
36
30
38
26
47
58
86
61
50
64
66
37
57
72
42
114
59
143
139
48
127
92
24
40
56
65
82
186
111
33
53
68
74
115
69
76
75
73
77
104
87
29
147
45
133
63
49
84
89
132
118
91
97
71
107
108
70
128
172
106
94
117
85
51
81
95
98
123
152
203
80
150
141
140
100
224
153
268
121
110
151
102
99
120
162
166
159
169
165
79
103
137
96
175
116
122
78
93
136
88
113
221
83
164
124
149
215
177
160
125
189
226
157
182
158
129
176
154
109
184
119
236
174
181
148
134
130
146
126
163
170
217
200
199
195
198
131
155
187
112
144
214
245
193
259
197
101
206
168
191
210
173
179
287
216
223
208
167
202
294
247
204
248
227
233
196
178
138
142
230
276
242
161
321
332
185
270
241
275
251
135
183
319
258
220
313
234
228
201
246
326
192
292
222
190
282
207
156
254
205
290
250
229
289
145
213
105
218
237
212
261
257
304
280
256
211
238
225
209
243
180
239
310
284
295
286
271
344
232
235
330
302
315
249
171
283
342
309
348
293
279
291
300
388
231
350
303
386
341
351
381
362
406
252
298
307
269
343
219
311
305
569
439
458
363
414
244
274
356
372
379
328
337
389
194
354
316
322
323
334
462
376
297
357
390
366
561
378
296
365
398
331
369
349
499
262
285
336
320
367
188
263
265
299
267
281
434
346
468
399
318
353
438
387
314
317
340
396
301
407
324
493
472
264
368
404
255
430
278
260
325
530
338
277
426
253
360
500
445
329
377
453
266
385
403
537
542
417
397
413
370
482
442
571
374
373
410
423
359
395
391
435
424
273
371
312
335
509
333
456
358
375
411
418
533
425
515
501
436
678
416
401
308
380
345
528
427
408
529
448
535
429
492
383
547
288
393
510
522
420
676
364
447
511
446
466
443
392
384
516
412
496
519
552
667
738
494
444
612
524
405
441
498
488
580
484
306
382
476
614
361
440
487
598
347
454
538
652
461
394
504
460
240
327
449
451
584
545
422
556
481
437
352
355
613
477
523
467
536
517
555
486
452
798
432
655
503
640
563
455
339
421
490
469
433
415
478
471
593
626
570
495
459
497
475
507
543
592
562
521
565
576
585
474
409
465
457
272
428
768
796
739
564
550
450
526
532
601
559
558
594
609
663
479
637
470
525
688
505
534
483
708
502
683
551
644
784
649
520
681
603
600
623
582
751
639
544
635
756
518
595
587
646
662
531
419
583
463
480
622
625
666
630
621
597
615
590
473
568
632
765
685
618
599
506
553
648
402
714
620
692
513
539
608
647
740
602
658
674
715
631
566
548
578
718
624
741
567
560
721
629
779
698
588
690
634
737
699
673
549
727
682
464
541
722
546
489
606
769
753
657
514
653
586
773
703
591
775
706
628
617
508
679
627
689
485
687
755
709
650
680
589
573
581
684
691
607
527
730
776
664
574
577
726
610
540
557
746
643
491
660
604
762
697
788
572
554
596
790
700
733
717
702
735
713
716
732
636
747
743
710
579
724
777
772
665
752
761
763
766
736
799
744
760
694
670
782
771
785
728
767
701
734
654
711
720
791
786
754
781
668
794
642
780
707
575
672
758
719
795
797
764
677
778
671
651
745
793
731
787
774
748
749
656
742
723
616
783
638
792
789
705
757
431
659
675
645
729
759
661
712
605
696
725
619
693
704
669
641
686
633
770
695
512
611
750
0 1 [0]
0 2 [0]
0 3 [6]
1 3 [6]
0 5 [0]
2 4 [0]
1 6 [7]
0 4 [3]
3 5 [6]
2 3 [6]
2 7 [0]
2 6 [7]
0 10 [4]
4 8 [0]
4 10 [4]
0 15 [0]
5 10 [4]
0 6 [7]
0 13 [3]
3 10 [4]
3 15 [6]
3 6 [7]
3 16 [6]
1 9 [9]
0 21 [1]
2 19 [0]
4 17 [5]
7 14 [0]
1 11 [9]
1 12 [9]
0 19 [3]
6 17 [7]
2 12 [9]
5 19 [0]
6 18 [7]
11 13 [0]
4 22 [0]
10 16 [4]
12 15 [0]
1 24 [9]
8 19 [0]
0 28 [9]
11 17 [5]
1 28 [9]
13 16 [0]
0 20 [9]
7 19 [3]
11 19 [0]
12 18 [0]
4 27 [7]
4 18 [9]
5 24 [9]
2 30 [1]
12 20 [0]
4 26 [8]
6 27 [7]
7 26 [8]
7 23 [3]
9 25 [0]
12 22 [0]
5 20 [9]
8 25 [2]
1 25 [9]
2 35 [0]
7 21 [1]
3 25 [6]
0 38 [0]
2 36 [0]
3 35 [6]
17 18 [5]
6 32 [7]
12 26 [8]
16 23 [0]
1 37 [2]
17 23 [5]
8 30 [1]
0 32 [9]
1 31 [9]
7 25 [9]
11 28 [9]
17 22 [5]
3 39 [5]
19 23 [0]
12 28 [9]
7 33 [6]
3 37 [6]
10 23 [4]
0 34 [5]
4 37 [2]
9 34 [5]
1 40 [6]
3 32 [6]
17 25 [5]
16 26 [8]
13 22 [9]
5 38 [2]
0 36 [9]
10 33 [6]
7 39 [5]
15 31 [0]
9 29 [8]
21 25 [1]
4 40 [6]
4 41 [3]
2 46 [4]
8 40 [6]
10 38 [4]
18 30 [1]
11 29 [8]
23 26 [8]
20 23 [7]
16 32 [2]
7 44 [0]
19 32 [0]
23 28 [9]
20 31 [0]
25 26 [8]
1 43 [9]
5 39 [5]
1 51 [9]
22 23 [9]
17 36 [5]
6 47 [5]
14 41 [3]
5 48 [6]
15 41 [3]
3 44 [0]
22 35 [0]
16 39 [5]
13 45 [3]
23 33 [6]
10 39 [5]
6 50 [7]
11 49 [3]
12 46 [4]
7 51 [9]
28 32 [9]
0 59 [6]
15 47 [5]
1 62 [0]
20 43 [0]
4 60 [0]
26 38 [8]
24 40 [6]
3 52 [6]
16 47 [5]
2 54 [1]
2 64 [1]
9 57 [1]
30 36 [1]
6 58 [7]
14 53 [0]
28 39 [5]
29 38 [0]
8 57 [1]
27 41 [7]
30 38 [1]
22 46 [4]
1 66 [2]
23 44 [0]
10 58 [4]
6 56 [6]
25 37 [8]
3 68 [6]
7 64 [1]
6 66 [7]
22 50 [5]
7 63 [3]
15 55 [7]
26 47 [5]
20 45 [3]
7 57 [1]
5 66 [2]
32 39 [5]
6 68 [7]
14 60 [0]
3 69 [6]
2 70 [2]
0 73 [2]
18 55 [7]
32 44 [0]
5 69 [2]
10 64 [1]
7 60 [9]
18 59 [6]
16 59 [6]
4 72 [2]
17 62 [5]
22 57 [1]
38 41 [3]
27 52 [7]
13 67 [0]
32 48 [6]
30 42 [3]
14 58 [8]
5 73 [2]
9 72 [0]
36 45 [3]
10 69 [4]
21 60 [1]
4 78 [9]
4 76 [2]
3 77 [7]
7 66 [9]
0 80 [2]
6 77 [7]
1 80 [2]
6 69 [7]
2 82 [3]
8 76 [0]
6 70 [7]
2 80 [2]
6 79 [7]
19 66 [0]
17 66 [5]
39 44 [0]
9 68 [8]
13 73 [0]
36 50 [5]
33 53 [6]
41 44 [0]
10 75 [4]
9 70 [8]
36 52 [0]
2 87 [6]
26 63 [8]
0 87 [6]
40 41 [6]
11 70 [8]
12 78 [9]
10 81 [3]
14 77 [7]
17 72 [5]
15 68 [8]
36 51 [9]
44 48 [0]
6 78 [7]
10 84 [4]
2 92 [0]
11 83 [0]
23 63 [3]
6 80 [7]
37 57 [1]
11 75 [8]
2 93 [0]
41 52 [3]
1 92 [2]
11 85 [0]
4 84 [8]
22 66 [8]
40 56 [6]
35 62 [0]
23 72 [2]
29 60 [8]
7 88 [2]
7 82 [3]
6 84 [7]
43 55 [7]
17 82 [3]
23 76 [0]
16 84 [0]
21 79 [1]
40 60 [6]
40 52 [6]
6 95 [7]
34 67 [5]
8 85 [8]
14 83 [4]
24 73 [9]
2 97 [6]
27 70 [7]
31 71 [1]
44 58 [0]
41 53 [3]
18 76 [8]
4 99 [8]
37 66 [0]
16 83 [4]
36 63 [3]
12 90 [2]
33 69 [6]
47 58 [5]
13 85 [8]
24 80 [9]
39 67 [5]
46 58 [4]
44 62 [0]
38 69 [0]
44 63 [0]
47 52 [5]
15 84 [8]
26 74 [8]
33 71 [1]
2 104 [2]
21 83 [1]
5 104 [2]
54 55 [1]
27 78 [9]
10 97 [6]
25 80 [4]
28 73 [9]
4 106 [3]
41 61 [3]
3 99 [8]
22 89 [1]
55 56 [6]
50 61 [5]
27 80 [7]
2 105 [4]
1 111 [1]
38 74 [0]
49 63 [3]
20 84 [8]
0 110 [2]
19 94 [6]
52 61 [0]
2 109 [2]
22 92 [0]
23 91 [0]
42 72 [3]
50 64 [1]
18 97 [6]
51 60 [9]
0 116 [2]
29 87 [6]
24 92 [9]
56 61 [6]
10 99 [8]
14 99 [8]
34 79 [5]
0 118 [0]
5 113 [8]
6 112 [7]
56 62 [6]
11 99 [8]
2 114 [6]
6 104 [2]
6 113 [7]
12 99 [8]
28 92 [9]
9 112 [0]
53 68 [0]
56 65 [6]
36 77 [7]
27 86 [7]
21 96 [9]
4 118 [0]
13 109 [0]
20 102 [6]
23 99 [8]
0 123 [3]
55 60 [7]
11 104 [2]
5 110 [8]
27 93 [7]
7 117 [0]
1 123 [3]
35 89 [1]
4 121 [0]
24 97 [6]
2 121 [2]
47 79 [5]
58 60 [8]
9 118 [0]
41 86 [1]
14 109 [4]
24 104 [2]
4 116 [2]
46 74 [4]
2 124 [2]
12 112 [4]
15 109 [4]
55 66 [7]
6 115 [7]
57 72 [1]
6 124 [7]
64 66 [1]
31 91 [8]
20 111 [1]
41 82 [3]
60 63 [3]
56 73 [6]
24 107 [9]
46 85 [4]
15 108 [8]
28 95 [9]
28 104 [2]
35 97 [6]
51 81 [3]
15 113 [8]
20 104 [2]
16 108 [8]
4 120 [2]
49 84 [3]
3 128 [8]
21 105 [4]
14 120 [2]
27 107 [7]
24 105 [4]
30 100 [1]
32 99 [8]
28 103 [9]
25 111 [1]
46 90 [4]
47 89 [5]
51 85 [9]
7 127 [2]
52 85 [0]
43 86 [1]
31 98 [8]
9 129 [0]
3 131 [6]
10 127 [4]
40 95 [6]
50 90 [5]
52 88 [0]
11 121 [8]
56 80 [6]
19 113 [8]
13 128 [8]
37 100 [1]
51 83 [9]
7 132 [2]
27 110 [7]
7 131 [4]
43 99 [8]
60 78 [9]
0 138 [4]
0 140 [2]
68 74 [0]
35 99 [8]
14 125 [8]
55 86 [1]
12 132 [0]
40 104 [2]
54 90 [1]
33 111 [1]
51 93 [9]
21 119 [1]
58 86 [1]
1 141 [8]
44 96 [0]
31 114 [6]
3 142 [4]
69 76 [0]
4 139 [2]
32 109 [4]
6 140 [7]
52 94 [6]
21 121 [1]
46 96 [9]
3 141 [8]
52 86 [1]
47 96 [5]
71 72 [1]
65 82 [3]
61 86 [1]
1 147 [0]
73 75 [0]
19 127 [2]
14 135 [2]
8 139 [2]
60 85 [4]
49 98 [3]
8 133 [6]
38 107 [5]
58 91 [0]
73 77 [7]
21 125 [8]
20 126 [4]
15 131 [4]
50 92 [5]
1 150 [0]
34 117 [5]
2 147 [2]
75 76 [0]
2 145 [4]
22 121 [8]
21 126 [1]
53 94 [6]
1 151 [0]
4 148 [8]
0 150 [2]
17 131 [5]
16 128 [8]
4 140 [8]
20 133 [6]
8 143 [3]
37 109 [7]
7 142 [4]
72 73 [8]
1 153 [8]
51 103 [9]
58 96 [9]
47 103 [5]
20 130 [4]
19 136 [3]
32 123 [3]
53 102 [6]
26 125 [8]
53 96 [9]
5 151 [0]
42 114 [3]
19 129 [8]
9 139 [8]
10 142 [4]
2 152 [2]
11 143 [3]
31 118 [8]
11 146 [0]
64 93 [1]
71 86 [1]
34 119 [5]
41 108 [3]
34 115 [5]
37 121 [0]
35 115 [5]
42 116 [3]
61 93 [4]
75 83 [0]
51 100 [1]
18 141 [8]
0 159 [4]
2 157 [8]
32 127 [0]
67 88 [4]
66 93 [0]
19 132 [8]
66 90 [3]
24 136 [3]
60 100 [1]
44 112 [0]
54 98 [1]
18 143 [3]
23 134 [4]
1 156 [4]
6 147 [7]
7 152 [2]
54 99 [8]
75 87 [6]
16 142 [4]
9 149 [1]
3 155 [2]
22 137 [4]
76 85 [2]
17 142 [4]
15 144 [9]
63 93 [3]
54 110 [1]
55 110 [7]
42 115 [3]
5 161 [0]
17 149 [1]
36 130 [0]
4 154 [8]
16 146 [4]
18 144 [9]
52 110 [4]
60 103 [9]
39 124 [5]
62 101 [9]
17 151 [5]
71 97 [1]
0 160 [2]
18 146 [4]
9 155 [2]
65 99 [8]
62 107 [5]
66 103 [9]
36 129 [4]
40 122 [6]
20 142 [4]
33 133 [6]
42 129 [3]
2 169 [0]
78 93 [9]
57 114 [1]
1 162 [8]
68 96 [9]
7 165 [0]
62 110 [0]
65 107 [5]
0 164 [8]
59 114 [6]
84 89 [1]
63 108 [3]
15 159 [4]
33 141 [8]
67 107 [5]
4 162 [8]
1 165 [8]
41 134 [3]
48 127 [6]
86 89 [1]
87 88 [6]
23 148 [8]
34 137 [5]
4 167 [4]
29 147 [0]
35 137 [4]
14 158 [4]
81 95 [3]
2 170 [9]
5 167 [4]
18 154 [4]
18 159 [4]
53 124 [0]
6 167 [4]
43 131 [4]
17 161 [5]
18 160 [2]
71 107 [1]
70 108 [0]
4 166 [8]
26 152 [8]
0 174 [4]
62 108 [8]
45 133 [6]
5 165 [8]
49 129 [3]
6 173 [7]
5 172 [8]
49 128 [3]
6 174 [7]
35 145 [0]
64 116 [1]
84 96 [9]
38 135 [2]
36 140 [4]
15 166 [0]
17 164 [5]
3 174 [6]
77 104 [2]
4 173 [4]
44 138 [0]
78 97 [6]
79 103 [9]
62 116 [2]
4 174 [4]
33 150 [6]
14 165 [4]
17 167 [4]
19 165 [0]
69 115 [5]
14 166 [4]
9 176 [9]
29 149 [1]
0 177 [8]
26 160 [8]
84 102 [6]
6 176 [7]
74 111 [1]
28 150 [9]
31 147 [8]
77 108 [7]
0 180 [9]
48 139 [6]
89 90 [1]
2 181 [4]
10 178 [4]
53 135 [2]
91 97 [6]
8 172 [8]
68 113 [8]
46 135 [2]
28 152 [9]
74 115 [5]
2 187 [2]
65 120 [2]
3 186 [3]
4 185 [7]
38 147 [4]
10 179 [4]
36 146 [7]
6 175 [7]
23 167 [4]
52 131 [7]
14 172 [8]
50 141 [8]
22 169 [0]
19 168 [4]
81 103 [9]
75 115 [5]
46 138 [4]
38 146 [7]
87 104 [2]
45 147 [3]
44 144 [0]
74 119 [9]
95 98 [0]
84 107 [5]
57 132 [1]
4 190 [0]
33 161 [6]
65 129 [0]
65 122 [6]
17 173 [5]
69 123 [3]
58 132 [4]
25 170 [9]
10 177 [4]
12 179 [4]
18 169 [8]
76 115 [5]
2 190 [4]
63 133 [6]
8 184 [4]
7 189 [0]
1 191 [9]
0 192 [4]
16 172 [8]
22 175 [3]
64 126 [1]
21 171 [1]
0 189 [8]
67 126 [4]
27 163 [7]
2 196 [0]
7 191 [9]
30 168 [1]
70 128 [8]
6 193 [7]
34 165 [5]
76 116 [2]
84 111 [1]
19 181 [0]
57 143 [1]
30 166 [1]
92 104 [2]
78 122 [9]
3 193 [8]
94 106 [6]
17 184 [5]
7 194 [7]
19 182 [2]
0 194 [7]
88 113 [8]
99 102 [6]
6 191 [9]
28 174 [9]
36 166 [0]
59 143 [6]
51 144 [9]
85 117 [0]
12 183 [3]
66 136 [3]
0 203 [0]
77 126 [7]
28 168 [9]
30 169 [1]
60 144 [9]
52 145 [7]
64 136 [1]
55 141 [8]
72 128 [8]
83 122 [6]
4 194 [7]
36 165 [4]
48 153 [8]
76 122 [6]
75 131 [0]
65 137 [4]
40 162 [6]
1 203 [2]
57 142 [4]
63 139 [3]
91 111 [1]
21 186 [3]
39 168 [5]
66 134 [7]
91 109 [7]
2 203 [2]
1 202 [4]
9 199 [0]
12 196 [0]
0 204 [2]
9 194 [7]
20 184 [4]
40 166 [6]
11 198 [0]
26 183 [3]
57 152 [1]
41 161 [3]
91 118 [0]
31 171 [7]
33 177 [6]
84 126 [0]
13 193 [8]
49 156 [3]
31 175 [3]
17 194 [7]
12 195 [4]
94 117 [6]
66 141 [8]
50 162 [5]
98 114 [6]
45 160 [3]
0 208 [4]
7 201 [2]
6 202 [7]
44 161 [0]
7 206 [0]
35 174 [4]
36 170 [9]
84 128 [8]
12 202 [0]
1 213 [9]
59 148 [8]
26 181 [8]
15 195 [4]
99 115 [8]
38 171 [5]
15 194 [7]
1 210 [4]
51 157 [8]
12 199 [4]
107 108 [5]
7 204 [2]
61 150 [4]
20 196 [0]
3 213 [9]
46 162 [4]
97 118 [6]
17 195 [5]
53 159 [4]
7 205 [4]
97 115 [6]
13 204 [2]
10 207 [4]
46 171 [4]
81 131 [3]
62 155 [2]
25 185 [7]
66 151 [0]
84 133 [6]
16 197 [4]
1 212 [4]
18 200 [2]
34 184 [5]
71 142 [1]
4 210 [4]
50 164 [5]
55 159 [4]
10 209 [7]
2 215 [8]
94 123 [6]
92 127 [0]
75 137 [7]
67 145 [7]
99 120 [8]
39 173 [5]
4 216 [0]
28 185 [7]
10 206 [4]
8 208 [4]
50 163 [5]
60 161 [0]
26 195 [8]
53 161 [7]
98 123 [3]
85 131 [5]
89 132 [1]
11 206 [4]
15 207 [0]
21 201 [2]
57 165 [1]
11 203 [8]
32 191 [9]
1 222 [2]
4 219 [0]
11 212 [0]
61 162 [0]
85 138 [0]
7 212 [4]
44 175 [0]
24 199 [9]
87 136 [3]
61 155 [2]
50 173 [5]
86 130 [1]
27 197 [7]
63 161 [3]
78 146 [9]
51 166 [9]
88 136 [3]
58 162 [4]
8 217 [0]
94 131 [6]
59 162 [6]
22 199 [4]
28 190 [9]
6 212 [7]
50 176 [5]
5 221 [0]
28 198 [9]
60 162 [4]
47 179 [5]
9 218 [4]
4 223 [0]
55 168 [7]
49 178 [3]
51 171 [9]
13 207 [7]
71 149 [1]
15 208 [4]
74 154 [0]
6 222 [7]
35 188 [0]
11 217 [0]
91 130 [7]
15 213 [9]
18 210 [0]
7 217 [4]
36 193 [8]
93 136 [3]
63 162 [3]
66 159 [4]
97 125 [6]
0 230 [0]
19 211 [7]
17 213 [9]
27 203 [7]
60 166 [4]
62 161 [7]
44 186 [0]
81 149 [1]
55 175 [7]
97 126 [6]
22 201 [2]
80 150 [0]
41 183 [3]
80 147 [4]
87 137 [6]
110 121 [0]
17 215 [8]
47 185 [7]
89 138 [1]
16 209 [7]
47 178 [5]
66 167 [4]
62 171 [0]
16 217 [0]
91 142 [4]
1 225 [7]
89 140 [1]
60 169 [4]
6 220 [7]
96 137 [9]
102 126 [6]
79 155 [2]
0 226 [8]
21 214 [1]
41 194 [7]
91 140 [4]
59 172 [8]
68 160 [2]
50 180 [9]
10 218 [4]
10 219 [4]
21 208 [1]
63 166 [3]
29 200 [2]
18 211 [7]
66 163 [7]
70 161 [5]
46 187 [2]
39 198 [5]
61 172 [8]
40 197 [6]
43 186 [3]
53 177 [7]
94 138 [6]
92 138 [7]
22 209 [7]
15 223 [0]
115 116 [5]
7 227 [4]
58 173 [7]
95 138 [5]
20 211 [7]
89 147 [1]
9 222 [2]
28 206 [9]
116 122 [6]
34 205 [5]
93 146 [0]
87 153 [8]
2 236 [9]
19 221 [0]
103 137 [9]
78 157 [8]
100 140 [1]
97 139 [6]
11 221 [8]
44 193 [0]
27 214 [7]
10 227 [4]
61 176 [9]
115 119 [5]
28 214 [9]
45 192 [3]
72 166 [4]
12 231 [0]
117 126 [0]
102 136 [6]
2 237 [4]
118 123 [3]
27 209 [7]
79 165 [3]
24 220 [9]
3 241 [6]
115 129 [5]
61 183 [3]
43 197 [4]
25 212 [7]
97 140 [6]
8 233 [4]
14 231 [0]
56 182 [6]
48 197 [6]
26 212 [8]
13 225 [7]
54 185 [7]
77 169 [7]
14 225 [7]
50 196 [5]
67 175 [3]
0 239 [7]
78 163 [9]
30 210 [1]
55 185 [7]
37 205 [5]
83 164 [0]
39 201 [5]
27 213 [9]
2 246 [2]
26 222 [8]
61 187 [2]
84 164 [0]
70 173 [5]
17 227 [5]
2 239 [7]
2 247 [8]
44 205 [0]
43 202 [4]
49 200 [3]
84 158 [7]
66 183 [3]
4 238 [7]
17 224 [5]
53 197 [0]
7 243 [4]
10 236 [9]
89 156 [1]
27 216 [7]
118 132 [0]
94 156 [6]
70 181 [0]
25 226 [0]
16 235 [0]
21 223 [1]
87 157 [8]
63 181 [3]
47 197 [5]
72 179 [0]
88 158 [5]
117 134 [0]
30 222 [2]
8 244 [0]
10 242 [6]
70 182 [2]
68 177 [7]
8 237 [7]
45 200 [3]
6 239 [7]
29 216 [7]
27 218 [4]
2 251 [0]
71 182 [1]
94 159 [6]
102 151 [6]
60 189 [4]
59 186 [3]
122 124 [6]
97 157 [6]
0 254 [4]
71 178 [1]
8 246 [2]
83 171 [0]
94 153 [6]
17 233 [5]
2 253 [5]
10 238 [4]
107 149 [1]
102 149 [6]
88 168 [0]
112 144 [9]
42 207 [3]
91 158 [7]
60 190 [7]
28 222 [2]
127 128 [8]
61 196 [0]
122 135 [6]
58 192 [4]
27 223 [7]
84 166 [7]
66 185 [7]
23 235 [0]
9 249 [7]
39 219 [5]
8 243 [4]
39 215 [5]
112 145 [1]
70 188 [0]
119 139 [9]
87 164 [6]
1 258 [9]
76 178 [5]
15 237 [7]
29 225 [7]
115 137 [5]
98 154 [7]
109 151 [0]
16 237 [7]
56 197 [6]
20 236 [9]
20 233 [7]
36 225 [7]
110 151 [0]
12 245 [4]
95 159 [4]
45 211 [3]
21 236 [9]
13 249 [7]
2 260 [7]
21 240 [1]
21 234 [9]
8 255 [7]
9 254 [4]
68 195 [0]
109 154 [0]
64 192 [1]
130 134 [0]
40 217 [6]
54 211 [1]
1 264 [2]
88 177 [0]
95 170 [9]
55 206 [7]
84 174 [7]
59 199 [6]
2 259 [2]
8 250 [7]
111 153 [8]
10 249 [7]
57 202 [1]
11 251 [4]
33 228 [6]
94 173 [6]
10 257 [4]
106 156 [3]
88 174 [5]
1 266 [5]
15 252 [0]
27 235 [7]
69 198 [0]
82 186 [3]
52 216 [0]
23 238 [7]
64 197 [1]
3 260 [7]
102 161 [6]
40 229 [4]
114 155 [2]
0 262 [5]
108 156 [5]
7 255 [7]
50 220 [5]
68 202 [0]
56 209 [6]
103 168 [9]
78 190 [9]
16 251 [4]
96 175 [9]
47 219 [5]
29 243 [4]
76 196 [0]
78 194 [7]
84 183 [3]
126 139 [7]
126 146 [0]
11 262 [5]
124 149 [1]
55 211 [7]
6 262 [7]
2 266 [5]
122 146 [6]
44 230 [0]
3 271 [7]
30 244 [1]
106 168 [3]
53 214 [7]
34 233 [5]
44 226 [0]
25 244 [5]
43 232 [0]
4 271 [7]
10 260 [7]
54 221 [1]
4 266 [5]
123 152 [3]
17 253 [5]
8 262 [5]
19 249 [7]
6 264 [7]
66 202 [7]
43 233 [0]
60 216 [0]
65 211 [7]
44 225 [0]
71 205 [1]
130 146 [0]
44 224 [0]
42 235 [3]
80 197 [0]
8 269 [4]
132 141 [8]
107 163 [5]
87 190 [6]
6 266 [5]
3 267 [5]
53 225 [7]
106 172 [3]
4 270 [4]
107 164 [5]
38 233 [7]
7 266 [5]
108 163 [7]
2 277 [1]
84 195 [0]
122 157 [8]
6 272 [7]
36 237 [7]
23 257 [4]
53 227 [0]
50 230 [5]
63 217 [3]
19 254 [4]
138 142 [4]
63 212 [3]
17 259 [2]
104 176 [2]
93 182 [2]
140 141 [8]
26 248 [8]
0 282 [0]
39 243 [5]
75 207 [0]
120 162 [2]
98 179 [5]
134 148 [8]
139 143 [3]
90 185 [7]
93 190 [0]
95 183 [3]
88 192 [4]
127 152 [4]
80 203 [0]
62 222 [2]
83 200 [2]
6 271 [7]
130 147 [7]
0 285 [0]
125 160 [8]
73 207 [5]
126 160 [2]
131 155 [2]
16 270 [0]
97 188 [6]
74 207 [5]
67 215 [8]
23 259 [2]
76 205 [5]
98 183 [3]
70 212 [5]
87 193 [8]
65 215 [8]
36 251 [0]
47 240 [5]
51 236 [9]
93 194 [7]
129 158 [0]
103 185 [7]
124 164 [0]
48 240 [6]
93 192 [4]
49 239 [3]
131 156 [1]
106 182 [3]
17 266 [5]
32 257 [4]
126 163 [0]
7 277 [1]
45 239 [3]
18 272 [0]
35 255 [7]
139 147 [4]
60 226 [4]
95 190 [5]
21 264 [1]
38 253 [5]
68 223 [0]
141 150 [8]
13 273 [6]
106 180 [3]
84 202 [5]
116 175 [3]
46 246 [2]
104 181 [2]
1 284 [2]
1 287 [4]
112 180 [9]
109 184 [0]
90 199 [4]
110 184 [0]
95 199 [0]
50 239 [5]
58 229 [4]
139 155 [2]
124 167 [4]
138 151 [5]
4 283 [7]
54 233 [1]
30 257 [4]
94 201 [6]
130 165 [0]
47 241 [5]
88 202 [5]
6 282 [7]
8 280 [7]
4 284 [2]
111 185 [7]
39 257 [5]
74 222 [2]
93 203 [0]
133 163 [6]
2 290 [7]
95 202 [0]
111 186 [1]
62 228 [7]
61 231 [5]
64 226 [1]
44 247 [0]
101 197 [9]
17 281 [5]
27 271 [7]
59 240 [6]
64 228 [1]
6 286 [7]
86 206 [1]
33 259 [6]
3 292 [6]
1 294 [4]
5 290 [7]
112 187 [2]
90 202 [7]
128 172 [8]
147 153 [8]
7 286 [7]
2 291 [7]
10 283 [4]
32 269 [4]
140 156 [5]
64 232 [1]
93 205 [3]
3 291 [6]
90 208 [4]
66 231 [5]
9 294 [0]
75 221 [7]
43 260 [7]
9 287 [4]
87 211 [7]
1 295 [7]
124 172 [8]
99 204 [2]
37 261 [5]
71 227 [1]
56 242 [6]
119 184 [9]
26 272 [8]
9 295 [0]
14 290 [7]
39 258 [5]
34 265 [5]
121 178 [5]
102 197 [6]
77 222 [7]
134 167 [4]
23 274 [7]
96 208 [9]
0 297 [2]
30 273 [6]
83 221 [0]
129 176 [9]
64 241 [1]
5 293 [7]
134 171 [0]
98 202 [5]
12 286 [7]
2 296 [7]
143 155 [2]
147 151 [7]
82 224 [3]
16 283 [7]
24 275 [5]
43 264 [2]
101 206 [9]
129 178 [0]
94 208 [6]
25 275 [5]
37 271 [7]
47 256 [5]
18 283 [7]
0 309 [7]
68 241 [0]
85 224 [0]
141 168 [8]
33 271 [7]
107 195 [5]
78 226 [9]
115 195 [5]
116 187 [2]
54 249 [1]
38 273 [6]
125 186 [3]
22 282 [7]
111 193 [1]
6 306 [7]
72 233 [7]
123 190 [3]
12 296 [5]
73 233 [7]
49 264 [3]
86 228 [1]
118 189 [7]
66 241 [7]
114 193 [8]
79 230 [3]
99 212 [8]
147 160 [2]
125 189 [8]
96 219 [9]
124 191 [9]
3 305 [5]
52 256 [7]
127 188 [0]
44 266 [5]
58 252 [5]
1 307 [7]
51 263 [9]
37 272 [6]
46 270 [4]
97 219 [6]
70 241 [5]
109 204 [2]
138 178 [0]
150 161 [5]
130 183 [3]
54 263 [1]
78 239 [9]
151 161 [5]
46 266 [5]
31 279 [7]
135 183 [3]
13 305 [5]
146 171 [1]
29 289 [4]
76 242 [6]
120 193 [8]
24 289 [4]
8 303 [7]
105 213 [9]
131 184 [3]
46 267 [5]
4 315 [4]
56 262 [6]
130 184 [5]
65 247 [8]
17 302 [5]
58 261 [0]
19 293 [7]
77 237 [7]
108 206 [5]
92 224 [4]
18 297 [2]
3 312 [6]
31 285 [5]
52 269 [4]
110 203 [8]
132 182 [2]
123 198 [3]
3 311 [6]
104 212 [2]
7 315 [4]
102 219 [6]
136 183 [3]
0 317 [5]
145 172 [8]
56 259 [6]
70 253 [5]
45 277 [3]
71 245 [1]
105 218 [4]
127 196 [0]
17 301 [5]
120 201 [2]
41 283 [3]
100 224 [1]
59 264 [6]
17 300 [5]
72 245 [7]
40 279 [6]
155 164 [2]
6 311 [7]
58 266 [5]
31 294 [0]
77 248 [7]
12 308 [5]
63 257 [3]
6 314 [5]
159 166 [4]
21 299 [1]
55 265 [7]
69 251 [5]
123 203 [3]
4 317 [5]
72 253 [5]
121 200 [2]
59 262 [6]
80 240 [6]
128 193 [8]
30 297 [1]
6 321 [7]
21 306 [1]
2 318 [1]
20 306 [1]
124 203 [0]
148 179 [8]
37 285 [5]
90 231 [7]
3 321 [4]
14 314 [5]
159 169 [4]
66 257 [4]
162 166 [0]
18 303 [7]
138 187 [2]
37 286 [5]
92 237 [0]
31 298 [4]
148 181 [8]
131 198 [0]
125 199 [8]
154 170 [9]
143 186 [3]
79 245 [3]
34 296 [5]
13 317 [0]
25 305 [5]
69 260 [7]
147 178 [5]
78 247 [9]
121 209 [7]
154 176 [9]
165 166 [0]
136 192 [3]
77 247 [7]
121 203 [7]
37 287 [4]
23 302 [7]
120 209 [7]
2 323 [7]
139 188 [0]
54 273 [1]
13 314 [5]
24 309 [7]
73 260 [7]
97 231 [6]
32 296 [5]
108 220 [5]
163 170 [9]
23 304 [3]
165 169 [0]
11 323 [7]
107 222 [2]
19 315 [4]
113 221 [8]
58 276 [0]
163 166 [5]
82 252 [3]
7 328 [0]
43 292 [0]
27 303 [7]
47 283 [5]
92 238 [5]
28 306 [9]
20 309 [7]
10 326 [4]
63 273 [6]
73 263 [0]
103 230 [9]
7 322 [7]
118 213 [9]
97 234 [6]
60 271 [7]
53 279 [5]
83 254 [4]
136 201 [3]
10 320 [4]
122 210 [6]
160 177 [2]
116 222 [2]
0 338 [0]
106 232 [3]
72 259 [2]
9 324 [5]
167 172 [4]
157 182 [8]
9 325 [5]
84 250 [5]
22 310 [3]
1 331 [7]
56 276 [6]
53 287 [4]
107 233 [5]
133 207 [6]
158 182 [2]
98 237 [5]
53 282 [5]
4 332 [4]
74 265 [1]
14 322 [5]
2 339 [0]
27 314 [5]
137 199 [5]
106 230 [3]
44 290 [0]
64 270 [1]
128 209 [7]
19 323 [7]
20 317 [5]
159 178 [4]
64 277 [1]
40 297 [6]
155 187 [2]
162 181 [0]
9 333 [1]
13 326 [4]
89 253 [5]
127 211 [7]
7 337 [0]
23 321 [4]
52 292 [0]
66 278 [2]
3 334 [5]
83 255 [7]
30 310 [3]
57 288 [1]
95 250 [0]
150 194 [7]
25 313 [7]
4 334 [5]
0 340 [5]
35 303 [7]
41 305 [5]
2 344 [0]
1 340 [5]
21 320 [1]
8 338 [0]
44 295 [0]
71 274 [1]
16 330 [7]
49 292 [3]
58 289 [4]
4 343 [7]
91 255 [7]
137 207 [3]
75 268 [4]
77 270 [7]
92 250 [5]
30 318 [1]
16 332 [0]
114 229 [4]
15 326 [7]
129 214 [5]
32 311 [5]
21 328 [0]
33 311 [6]
133 211 [6]
4 340 [5]
137 211 [7]
13 331 [5]
72 270 [7]
6 344 [7]
1 349 [5]
7 336 [7]
15 335 [0]
75 275 [5]
87 262 [6]
70 275 [5]
20 325 [5]
118 224 [8]
46 299 [4]
76 269 [4]
157 190 [8]
98 247 [8]
80 271 [7]
57 289 [4]
9 342 [3]
12 339 [0]
123 223 [3]
68 276 [7]
133 218 [6]
72 278 [2]
6 346 [1]
62 290 [7]
173 179 [0]
42 305 [5]
126 225 [7]
37 310 [3]
34 319 [4]
25 328 [0]
49 304 [3]
123 225 [3]
166 182 [2]
67 281 [6]
54 299 [1]
141 207 [8]
23 325 [5]
7 339 [8]
67 287 [4]
82 272 [3]
17 330 [7]
14 339 [1]
109 242 [6]
121 228 [5]
34 313 [5]
29 324 [5]
60 287 [4]
59 290 [6]
105 240 [4]
40 314 [5]
152 203 [0]
174 181 [0]
10 345 [1]
50 305 [5]
119 236 [9]
89 265 [1]
127 221 [7]
0 348 [7]
54 296 [1]
102 252 [6]
34 317 [5]
8 348 [0]
11 345 [1]
151 205 [0]
26 330 [7]
147 202 [7]
152 204 [2]
81 270 [3]
48 308 [6]
33 324 [6]
94 262 [6]
97 260 [6]
44 312 [0]
81 271 [7]
89 267 [5]
125 232 [8]
144 214 [9]
145 213 [9]
164 193 [8]
22 335 [1]
69 284 [2]
106 247 [3]
97 256 [6]
4 347 [8]
7 352 [0]
125 234 [9]
138 221 [0]
168 191 [9]
177 182 [2]
26 328 [0]
63 296 [3]
106 254 [3]
33 322 [6]
174 183 [3]
165 192 [4]
41 314 [5]
168 192 [4]
79 276 [3]
86 275 [5]
57 304 [1]
88 273 [6]
22 332 [7]
172 188 [0]
7 355 [8]
9 353 [0]
35 327 [6]
78 278 [9]
150 212 [0]
7 347 [8]
135 228 [2]
2 361 [0]
130 232 [1]
15 341 [1]
156 207 [0]
100 258 [9]
152 206 [5]
172 184 [8]
102 255 [6]
0 364 [1]
122 242 [6]
149 215 [8]
143 214 [3]
119 242 [6]
70 295 [0]
95 270 [0]
22 338 [5]
11 349 [5]
1 359 [5]
2 358 [5]
35 325 [5]
157 204 [2]
66 295 [5]
85 276 [5]
157 210 [8]
177 190 [0]
83 283 [1]
154 210 [3]
105 261 [4]
27 339 [7]
124 244 [0]
149 219 [1]
32 331 [5]
4 357 [5]
168 194 [7]
5 357 [5]
167 202 [4]
111 258 [1]
41 321 [4]
10 360 [1]
34 336 [5]
58 307 [5]
95 268 [7]
7 356 [7]
1 364 [1]
51 318 [1]
10 352 [4]
131 238 [1]
53 316 [1]
75 291 [5]
5 366 [0]
14 357 [5]
50 321 [5]
112 253 [5]
94 277 [6]
133 238 [6]
142 230 [4]
74 293 [5]
12 361 [0]
93 279 [1]
24 349 [5]
176 197 [9]
4 362 [7]
34 334 [5]
107 267 [5]
0 374 [0]
1 373 [0]
168 206 [0]
173 201 [2]
178 196 [0]
2 365 [7]
21 348 [1]
165 209 [7]
11 358 [5]
79 295 [3]
100 274 [1]
144 227 [9]
20 349 [5]
39 331 [5]
187 188 [0]
167 208 [4]
5 370 [5]
30 340 [1]
66 309 [7]
88 281 [6]
127 248 [8]
154 217 [5]
6 363 [7]
23 352 [1]
111 264 [1]
3 366 [6]
122 251 [6]
6 371 [7]
111 266 [5]
12 365 [7]
40 336 [6]
16 354 [3]
153 224 [8]
42 330 [7]
102 274 [6]
125 252 [8]
90 280 [7]
174 203 [0]
123 250 [3]
16 362 [0]
39 334 [5]
57 316 [1]
47 331 [5]
44 329 [0]
59 318 [6]
75 303 [0]
20 351 [5]
177 202 [0]
74 305 [5]
129 245 [5]
23 355 [8]
168 210 [1]
6 368 [7]
166 208 [5]
17 357 [5]
136 241 [3]
183 196 [3]
75 300 [5]
31 342 [3]
2 373 [5]
68 306 [6]
32 343 [7]
16 359 [5]
152 221 [7]
49 332 [3]
6 375 [7]
7 374 [0]
55 326 [7]
1 375 [5]
128 253 [5]
60 316 [5]
41 339 [3]
163 217 [1]
23 351 [5]
73 303 [5]
17 360 [1]
3 379 [7]
107 274 [5]
36 346 [1]
89 293 [1]
128 254 [4]
98 283 [1]
61 316 [5]
45 332 [3]
121 256 [5]
3 372 [6]
56 327 [6]
173 210 [0]
84 299 [0]
157 226 [8]
7 369 [7]
142 235 [4]
113 271 [7]
74 310 [3]
39 345 [5]
79 305 [5]
141 238 [8]
117 267 [5]
6 373 [7]
25 354 [3]
87 296 [6]
123 260 [3]
36 343 [7]
69 311 [5]
136 249 [3]
135 244 [2]
181 201 [2]
6 374 [7]
6 372 [7]
23 357 [5]
59 319 [4]
74 306 [6]
0 386 [7]
135 251 [2]
110 276 [0]
111 275 [1]
90 289 [4]
125 255 [8]
140 240 [6]
70 316 [1]
170 217 [9]
100 286 [1]
10 377 [5]
1 379 [7]
23 359 [5]
107 281 [5]
37 346 [1]
63 324 [3]
73 314 [5]
190 197 [1]
190 198 [1]
12 377 [5]
144 242 [9]
121 268 [0]
17 364 [1]
95 288 [6]
191 198 [9]
34 355 [8]
79 310 [3]
104 285 [2]
0 382 [8]
159 226 [4]
11 372 [7]
2 383 [5]
35 348 [7]
36 355 [8]
167 224 [4]
73 317 [1]
7 385 [5]
45 347 [3]
90 302 [0]
16 371 [5]
98 294 [0]
130 259 [2]
177 215 [8]
22 371 [0]
126 267 [5]
195 198 [0]
28 360 [1]
3 385 [5]
75 317 [1]
79 306 [3]
21 373 [1]
0 387 [7]
95 298 [4]
31 358 [5]
195 199 [0]
67 322 [5]
124 264 [2]
9 386 [7]
37 353 [5]
117 272 [6]
176 214 [9]
7 389 [7]
62 333 [1]
18 373 [5]
0 391 [5]
163 232 [1]
30 366 [1]
171 224 [1]
130 260 [7]
148 240 [8]
115 281 [5]
63 327 [6]
92 305 [5]
41 351 [5]
124 270 [3]
43 349 [5]
3 395 [1]
57 341 [1]
16 377 [5]
6 387 [7]
2 391 [5]
65 334 [5]
34 364 [1]
199 200 [2]
51 344 [9]
102 297 [6]
63 336 [3]
96 303 [9]
175 225 [7]
175 220 [3]
2 393 [5]
195 202 [3]
90 303 [7]
40 359 [6]
2 399 [7]
54 347 [1]
9 391 [1]
147 253 [5]
66 335 [0]
181 219 [1]
87 309 [7]
143 251 [3]
191 210 [9]
1 395 [1]
9 387 [5]
1 401 [5]
20 382 [0]
49 353 [3]
51 345 [1]
16 379 [7]
60 337 [5]
115 282 [5]
82 321 [4]
2 401 [5]
46 350 [4]
80 323 [7]
112 290 [7]
8 388 [7]
161 242 [6]
130 270 [3]
35 369 [0]
58 346 [1]
2 397 [5]
154 247 [8]
107 296 [5]
30 373 [1]
6 399 [7]
58 347 [8]
112 293 [0]
112 292 [1]
109 297 [2]
136 270 [3]
141 264 [8]
106 295 [3]
90 309 [7]
122 278 [6]
4 394 [8]
12 388 [7]
84 322 [1]
68 334 [5]
114 293 [6]
7 400 [0]
32 370 [5]
11 391 [5]
158 249 [7]
159 240 [4]
3 399 [7]
1 407 [1]
150 258 [9]
0 403 [1]
47 360 [1]
77 326 [7]
179 226 [3]
116 290 [7]
15 389 [7]
19 382 [8]
128 276 [8]
194 213 [9]
2 408 [5]
32 373 [5]
156 254 [4]
174 236 [9]
52 359 [0]
53 358 [0]
116 295 [2]
159 252 [4]
116 292 [2]
58 348 [5]
11 395 [1]
176 233 [9]
6 405 [7]
190 222 [2]
90 317 [5]
56 356 [6]
65 342 [3]
182 221 [2]
111 294 [1]
123 284 [3]
47 364 [5]
199 210 [3]
7 398 [7]
19 389 [7]
59 354 [6]
110 302 [1]
43 370 [5]
0 408 [5]
173 239 [1]
197 216 [0]
107 300 [5]
8 401 [5]
108 305 [5]
37 372 [5]
1 408 [5]
15 400 [0]
12 398 [5]
189 226 [0]
10 398 [4]
101 313 [9]
41 375 [3]
111 305 [5]
22 393 [1]
57 358 [1]
137 273 [6]
34 378 [5]
16 401 [5]
196 220 [1]
196 221 [0]
200 217 [2]
172 244 [8]
56 360 [1]
187 229 [4]
112 299 [6]
11 401 [5]
156 261 [1]
93 325 [0]
3 415 [6]
103 315 [4]
27 386 [7]
187 226 [2]
69 344 [5]
100 319 [4]
19 400 [0]
52 362 [5]
25 394 [8]
74 339 [6]
180 239 [9]
6 412 [7]
25 389 [7]
98 322 [0]
175 245 [3]
25 395 [1]
86 333 [1]
84 336 [7]
171 249 [7]
10 409 [4]
75 339 [6]
63 356 [3]
108 312 [0]
2 413 [5]
184 233 [3]
13 403 [1]
26 395 [1]
153 268 [8]
23 393 [5]
75 346 [1]
59 357 [6]
73 349 [5]
34 388 [5]
48 373 [6]
120 302 [2]
10 405 [1]
21 401 [5]
75 343 [7]
180 243 [4]
184 238 [1]
2 416 [5]
48 374 [6]
90 329 [5]
20 404 [1]
1 415 [8]
191 230 [9]
160 259 [2]
16 403 [1]
138 286 [1]
4 421 [8]
154 265 [6]
8 417 [0]
14 410 [1]
44 380 [0]
147 272 [6]
144 280 [9]
84 340 [1]
86 340 [1]
203 223 [0]
112 306 [8]
146 274 [6]
52 373 [1]
107 318 [1]
46 381 [4]
134 292 [1]
17 409 [5]
144 277 [9]
36 386 [7]
79 349 [5]
74 353 [1]
50 377 [5]
46 377 [5]
201 228 [2]
2 427 [0]
122 301 [6]
108 320 [1]
62 362 [5]
71 358 [1]
87 342 [3]
148 272 [8]
196 233 [0]
145 277 [1]
69 361 [0]
10 419 [1]
83 339 [8]
197 232 [1]
54 371 [1]
81 344 [3]
104 321 [2]
47 379 [5]
52 379 [7]
3 428 [6]
23 403 [1]
2 421 [8]
208 223 [0]
152 278 [2]
25 406 [0]
27 404 [7]
142 289 [4]
176 254 [4]
164 267 [5]
11 421 [8]
102 330 [6]
168 264 [2]
195 234 [9]
90 337 [5]
111 320 [1]
19 414 [1]
48 386 [7]
18 411 [5]
9 425 [0]
5 428 [1]
129 304 [3]
75 359 [0]
209 225 [7]
48 385 [6]
22 411 [1]
145 289 [4]
112 317 [6]
173 261 [1]
5 422 [8]
120 314 [5]
66 368 [1]
63 373 [3]
28 403 [1]
159 275 [5]
87 344 [6]
71 359 [1]
131 299 [6]
111 324 [1]
156 281 [6]
7 430 [2]
43 393 [1]
117 315 [4]
18 419 [1]
80 357 [5]
104 328 [0]
187 250 [2]
96 341 [1]
177 258 [9]
17 416 [5]
73 365 [7]
109 326 [3]
44 389 [0]
193 245 [8]
4 435 [1]
86 348 [1]
11 428 [0]
216 223 [0]
49 389 [3]
48 391 [6]
71 368 [1]
23 411 [5]
21 417 [1]
94 346 [1]
82 352 [3]
0 432 [6]
101 339 [9]
66 373 [1]
69 370 [5]
218 222 [4]
43 398 [0]
126 315 [4]
12 424 [5]
169 271 [7]
40 402 [6]
169 273 [6]
13 428 [1]
12 425 [5]
157 285 [8]
32 409 [1]
112 324 [5]
13 424 [5]
186 255 [3]
55 381 [7]
11 432 [6]
12 426 [5]
88 354 [3]
108 330 [7]
7 437 [6]
8 436 [0]
22 421 [8]
56 387 [6]
34 409 [5]
100 338 [1]
7 438 [0]
38 407 [1]
11 429 [5]
22 422 [1]
188 249 [0]
83 362 [0]
4 436 [5]
89 351 [5]
158 287 [4]
86 359 [1]
106 333 [3]
99 346 [1]
23 417 [5]
98 347 [8]
25 421 [8]
15 431 [0]
21 424 [1]
60 381 [5]
26 420 [8]
48 398 [6]
18 423 [5]
62 383 [1]
56 390 [6]
65 381 [0]
126 320 [0]
155 291 [2]
150 296 [1]
139 308 [5]
175 272 [3]
89 357 [5]
208 239 [0]
201 246 [2]
132 314 [5]
49 397 [3]
2 440 [1]
100 346 [1]
11 437 [6]
126 322 [0]
44 399 [0]
215 230 [8]
144 298 [9]
74 374 [1]
191 258 [9]
169 279 [1]
180 268 [9]
65 384 [0]
97 352 [6]
123 321 [3]
115 334 [5]
98 345 [1]
212 237 [0]
130 319 [4]
211 238 [7]
108 335 [6]
90 360 [1]
180 262 [9]
153 292 [8]
114 335 [6]
109 341 [1]
204 247 [2]
188 263 [0]
12 434 [5]
186 258 [3]
120 325 [2]
100 350 [1]
196 254 [4]
37 413 [5]
84 361 [6]
204 248 [2]
209 243 [4]
148 303 [8]
6 439 [7]
9 438 [5]
193 259 [8]
37 409 [6]
7 446 [8]
114 339 [6]
0 448 [5]
4 445 [5]
6 448 [7]
16 438 [0]
87 366 [6]
67 387 [0]
171 283 [0]
185 270 [7]
103 351 [5]
143 307 [3]
158 294 [3]
218 237 [4]
46 408 [5]
88 366 [1]
164 291 [1]
4 447 [6]
12 443 [8]
197 259 [2]
5 446 [8]
162 288 [6]
72 383 [1]
83 367 [0]
48 402 [6]
6 445 [7]
43 406 [7]
38 417 [1]
30 427 [1]
8 449 [0]
66 386 [7]
45 411 [3]
102 354 [6]
134 317 [6]
39 414 [5]
58 400 [0]
120 337 [2]
85 372 [1]
173 284 [2]
1 453 [5]
66 388 [5]
130 326 [3]
19 432 [6]
92 362 [5]
214 245 [0]
205 254 [4]
14 444 [1]
51 407 [1]
81 378 [3]
226 232 [1]
210 249 [7]
198 261 [1]
33 421 [6]
76 383 [1]
49 406 [3]
22 437 [6]
109 351 [5]
8 447 [6]
227 233 [0]
1 451 [8]
21 440 [1]
137 324 [5]
32 428 [1]
56 405 [6]
91 370 [5]
58 403 [1]
178 283 [0]
79 382 [3]
3 459 [6]
21 441 [1]
228 234 [9]
15 442 [5]
84 377 [5]
63 398 [3]
155 301 [2]
121 342 [3]
19 444 [0]
0 455 [1]
95 367 [0]
97 366 [6]
68 390 [5]
11 444 [8]
115 343 [7]
149 314 [5]
166 297 [2]
225 238 [7]
33 431 [6]
59 404 [6]
18 439 [7]
39 424 [5]
138 326 [0]
46 413 [5]
71 388 [1]
129 329 [6]
176 288 [9]
60 403 [1]
228 231 [6]
82 383 [3]
0 465 [8]
150 314 [5]
31 431 [3]
72 393 [0]
7 453 [5]
61 399 [7]
2 455 [1]
7 459 [0]
78 388 [9]
223 241 [2]
13 452 [1]
81 385 [5]
101 365 [9]
179 287 [4]
185 281 [7]
230 236 [9]
97 368 [6]
12 455 [1]
211 256 [7]
233 234 [9]
52 409 [6]
15 451 [1]
0 459 [8]
232 235 [0]
53 415 [0]
6 462 [7]
64 404 [1]
63 402 [3]
79 389 [7]
82 386 [7]
225 243 [4]
88 374 [6]
3 458 [6]
102 366 [6]
1 468 [7]
2 467 [0]
44 425 [0]
53 416 [0]
134 329 [6]
148 321 [8]
210 258 [9]
106 363 [3]
217 247 [8]
80 388 [1]
0 461 [6]
2 468 [7]
7 463 [3]
75 395 [1]
70 394 [8]
133 337 [6]
162 307 [1]
175 295 [3]
59 402 [6]
92 377 [5]
133 336 [6]
21 449 [1]
6 458 [7]
85 380 [6]
45 427 [3]
190 282 [0]
227 245 [0]
200 271 [7]
17 454 [1]
54 418 [1]
182 290 [7]
74 397 [1]
204 269 [2]
11 454 [1]
118 350 [5]
12 460 [1]
61 411 [1]
164 309 [7]
165 307 [1]
212 261 [0]
228 245 [0]
157 308 [8]
37 435 [1]
95 377 [5]
180 291 [9]
56 416 [6]
22 452 [0]
16 458 [0]
41 432 [6]
90 384 [0]
126 348 [0]
83 390 [1]
185 283 [7]
22 451 [1]
14 459 [1]
204 270 [2]
169 304 [3]
4 466 [5]
149 320 [1]
45 430 [3]
112 362 [1]
38 436 [1]
10 458 [4]
227 248 [8]
185 284 [7]
96 378 [9]
65 410 [1]
113 362 [8]
9 462 [5]
92 379 [7]
11 458 [7]
36 431 [9]
8 460 [1]
105 371 [4]
182 288 [2]
5 472 [0]
206 271 [7]
209 260 [7]
185 286 [7]
21 455 [1]
134 335 [8]
165 311 [1]
118 360 [1]
209 268 [7]
73 402 [3]
220 258 [9]
140 337 [1]
104 373 [2]
23 454 [1]
152 321 [4]
189 290 [7]
0 479 [8]
229 250 [4]
40 438 [6]
61 418 [2]
237 242 [6]
224 250 [5]
140 333 [6]
217 262 [5]
197 282 [0]
4 476 [8]
31 449 [0]
105 375 [4]
37 438 [5]
113 366 [8]
193 286 [8]
65 409 [6]
207 264 [2]
45 434 [3]
11 470 [3]
7 474 [8]
10 466 [4]
218 255 [4]
177 303 [1]
197 283 [1]
37 439 [7]
89 392 [1]
197 278 [2]
141 340 [8]
130 346 [1]
204 278 [2]
7 475 [8]
84 397 [1]
2 479 [8]
51 428 [9]
80 400 [2]
34 447 [6]
161 321 [4]
12 464 [9]
164 312 [6]
231 249 [7]
203 280 [0]
19 464 [9]
90 392 [1]
34 448 [5]
6 476 [7]
17 465 [8]
96 386 [7]
166 312 [6]
73 405 [1]
69 415 [0]
76 407 [1]
40 443 [6]
7 469 [7]
192 292 [4]
32 451 [1]
11 468 [7]
130 355 [8]
3 482 [6]
19 466 [0]
63 422 [3]
156 320 [9]
6 479 [7]
2 484 [0]
56 430 [6]
74 412 [0]
235 251 [0]
234 252 [9]
85 395 [1]
193 292 [8]
222 264 [2]
5 480 [3]
63 424 [3]
167 320 [4]
206 273 [6]
39 447 [5]
54 432 [1]
66 420 [8]
78 403 [1]
207 274 [6]
62 425 [1]
118 369 [1]
26 461 [6]
108 374 [6]
20 467 [1]
124 363 [1]
81 406 [3]
171 318 [1]
31 453 [5]
123 365 [3]
208 280 [1]
102 386 [6]
150 338 [1]
23 465 [8]
242 246 [2]
207 282 [0]
10 471 [8]
0 490 [0]
2 488 [0]
35 455 [1]
170 320 [9]
39 450 [5]
199 285 [6]
97 388 [6]
120 369 [2]
189 300 [1]
172 317 [8]
6 485 [7]
180 311 [9]
76 409 [6]
21 464 [1]
100 385 [1]
40 452 [6]
7 485 [0]
39 453 [5]
210 282 [0]
180 312 [9]
15 472 [5]
141 345 [8]
126 366 [0]
111 376 [1]
135 357 [2]
139 348 [5]
145 347 [8]
223 269 [4]
12 481 [0]
57 436 [1]
123 370 [5]
149 344 [1]
11 474 [8]
218 272 [4]
44 448 [0]
45 449 [3]
221 273 [6]
23 470 [3]
161 325 [8]
205 290 [7]
57 438 [1]
12 483 [3]
73 419 [1]
127 367 [0]
218 277 [4]
243 252 [4]
130 359 [6]
132 363 [1]
15 481 [0]
94 402 [6]
202 294 [0]
199 294 [3]
109 386 [7]
115 376 [5]
9 486 [1]
155 333 [2]
147 349 [5]
36 461 [6]
154 343 [7]
36 460 [1]
155 342 [2]
243 254 [4]
207 281 [6]
0 492 [5]
244 254 [4]
1 497 [3]
232 266 [5]
195 297 [2]
29 469 [7]
28 469 [7]
167 331 [4]
212 286 [0]
27 465 [8]
154 344 [1]
157 341 [1]
130 361 [8]
60 434 [5]
20 478 [1]
91 408 [5]
101 398 [9]
175 321 [4]
144 355 [8]
1 493 [5]
68 432 [6]
149 350 [1]
38 461 [6]
145 356 [0]
55 446 [8]
204 291 [2]
232 268 [1]
185 310 [3]
57 443 [1]
74 427 [1]
191 311 [9]
76 426 [0]
64 437 [1]
98 403 [1]
183 319 [4]
5 491 [6]
193 309 [8]
104 399 [2]
4 499 [7]
5 498 [5]
200 297 [2]
115 388 [5]
147 356 [0]
216 287 [4]
201 302 [2]
4 500 [5]
17 487 [5]
88 410 [6]
58 446 [8]
17 482 [5]
9 489 [0]
28 470 [3]
174 324 [5]
14 491 [0]
181 318 [1]
172 327 [8]
138 367 [0]
198 307 [0]
36 463 [3]
29 470 [3]
170 327 [9]
224 276 [5]
129 377 [5]
8 498 [5]
49 457 [3]
50 456 [5]
125 375 [8]
230 276 [0]
62 439 [7]
165 335 [6]
63 437 [6]
92 413 [5]
162 338 [6]
203 304 [3]
14 493 [5]
0 507 [6]
94 405 [6]
67 440 [1]
21 480 [1]
110 396 [6]
156 351 [5]
64 438 [1]
180 327 [9]
20 482 [5]
23 483 [3]
201 300 [2]
8 500 [5]
33 475 [6]
11 492 [5]
108 394 [8]
45 463 [3]
75 433 [3]
189 319 [4]
205 297 [2]
125 377 [8]
148 354 [8]
166 343 [7]
4 497 [3]
126 375 [8]
184 326 [0]
106 404 [3]
30 474 [1]
14 495 [8]
129 381 [0]
242 262 [6]
187 317 [2]
103 406 [9]
56 454 [6]
12 493 [5]
64 447 [1]
221 290 [7]
43 467 [1]
17 494 [1]
5 505 [1]
164 339 [8]
183 328 [0]
53 452 [6]
12 498 [5]
241 270 [0]
150 355 [8]
34 476 [8]
21 491 [1]
107 404 [1]
180 324 [9]
122 390 [6]
177 327 [6]
222 290 [7]
6 505 [7]
210 296 [6]
34 477 [8]
221 291 [0]
69 442 [1]
112 392 [8]
79 431 [3]
40 473 [6]
19 494 [1]
59 453 [6]
228 277 [1]
131 382 [0]
166 346 [1]
188 325 [0]
212 295 [6]
51 456 [3]
184 323 [7]
22 485 [0]
221 293 [0]
83 428 [3]
23 490 [1]
213 301 [9]
222 292 [2]
198 317 [0]
70 445 [0]
87 428 [6]
90 419 [1]
57 452 [1]
10 500 [5]
139 375 [1]
165 349 [5]
13 503 [6]
74 442 [0]
13 502 [3]
114 402 [6]
73 437 [6]
241 275 [5]
11 500 [5]
144 366 [9]
1 510 [5]
126 385 [5]
145 372 [0]
151 360 [1]
248 269 [4]
59 452 [6]
185 332 [7]
88 421 [8]
221 296 [0]
89 429 [1]
12 506 [0]
244 274 [0]
257 261 [4]
189 328 [0]
22 495 [8]
23 489 [0]
151 366 [1]
51 467 [9]
105 405 [4]
192 326 [4]
245 268 [5]
146 372 [0]
212 300 [6]
229 289 [4]
53 459 [6]
187 331 [2]
83 429 [6]
242 276 [6]
208 310 [3]
216 302 [1]
131 380 [8]
214 304 [3]
247 272 [8]
214 299 [6]
251 260 [7]
63 457 [3]
141 379 [8]
147 372 [1]
233 281 [6]
173 341 [1]
27 492 [7]
54 467 [1]
94 427 [6]
249 273 [6]
77 445 [7]
168 354 [3]
221 300 [1]
101 413 [9]
33 483 [3]
129 387 [6]
62 459 [1]
172 350 [8]
242 280 [6]
34 485 [0]
50 468 [5]
177 340 [6]
34 488 [5]
160 362 [2]
34 483 [3]
3 514 [7]
153 364 [8]
115 407 [1]
150 374 [0]
0 524 [0]
26 498 [8]
181 342 [3]
198 320 [6]
70 454 [1]
140 384 [0]
248 276 [8]
136 389 [3]
11 514 [7]
228 288 [9]
6 519 [7]
4 520 [1]
10 512 [4]
7 518 [3]
56 463 [6]
232 291 [2]
70 449 [6]
162 355 [8]
96 422 [9]
108 412 [6]
86 440 [1]
104 422 [2]
251 275 [5]
160 367 [0]
101 418 [9]
241 278 [2]
7 515 [5]
135 383 [2]
243 277 [4]
171 357 [5]
2 526 [0]
99 421 [8]
71 457 [1]
65 457 [3]
263 265 [0]
133 395 [6]
50 477 [8]
105 424 [4]
165 363 [1]
178 351 [5]
10 513 [4]
30 498 [1]
120 403 [1]
18 510 [1]
254 272 [4]
219 311 [0]
209 315 [4]
91 433 [3]
25 504 [1]
3 528 [0]
114 417 [6]
218 304 [4]
6 524 [7]
123 407 [1]
221 309 [7]
34 496 [8]
38 494 [1]
1 523 [6]
244 282 [6]
76 450 [3]
34 493 [5]
151 375 [6]
56 470 [6]
157 369 [8]
3 530 [5]
7 526 [0]
247 278 [8]
48 484 [6]
161 366 [6]
10 523 [6]
76 457 [3]
252 275 [5]
129 398 [6]
169 364 [1]
133 394 [6]
1 531 [3]
36 496 [8]
66 462 [5]
220 313 [0]
221 311 [1]
14 520 [0]
88 446 [8]
54 479 [1]
20 508 [6]
199 327 [6]
31 502 [3]
184 351 [5]
59 476 [6]
59 470 [6]
265 270 [0]
203 331 [1]
216 319 [4]
117 412 [6]
195 340 [0]
118 411 [6]
126 404 [1]
172 358 [8]
127 400 [9]
185 351 [5]
65 465 [8]
254 282 [4]
4 524 [8]
76 454 [1]
2 529 [8]
232 296 [8]
144 384 [9]
256 280 [0]
178 353 [6]
222 306 [2]
26 511 [8]
42 495 [3]
213 324 [9]
172 359 [8]
134 397 [6]
124 407 [1]
78 460 [9]
3 535 [6]
58 474 [8]
29 503 [6]
260 278 [7]
108 430 [2]
88 444 [6]
129 403 [1]
80 458 [1]
178 352 [9]
263 270 [6]
35 503 [6]
187 345 [2]
32 507 [6]
243 291 [4]
250 290 [7]
57 477 [1]
75 459 [6]
33 502 [6]
94 447 [6]
228 307 [6]
79 456 [3]
162 373 [6]
8 528 [0]
215 320 [8]
88 447 [6]
247 294 [8]
217 318 [1]
152 383 [6]
3 533 [2]
248 292 [8]
123 419 [3]
32 509 [2]
78 465 [8]
46 496 [8]
70 467 [6]
79 464 [9]
109 434 [0]
52 490 [1]
234 303 [9]
192 346 [1]
162 381 [1]
237 299 [8]
189 347 [8]
188 352 [0]
104 431 [2]
2 541 [1]
222 316 [2]
198 340 [6]
4 541 [1]
26 519 [8]
221 323 [7]
261 284 [2]
43 501 [1]
126 411 [8]
34 508 [5]
12 532 [1]
118 426 [1]
225 315 [4]
115 431 [5]
79 467 [3]
63 480 [3]
206 334 [5]
9 531 [3]
128 417 [8]
171 367 [0]
163 383 [0]
242 304 [3]
230 308 [5]
95 452 [0]
7 540 [0]
39 507 [6]
26 521 [3]
132 414 [1]
213 334 [9]
1 540 [6]
70 477 [8]
90 457 [3]
262 285 [5]
234 313 [9]
139 402 [6]
123 424 [3]
81 463 [3]
267 281 [5]
125 417 [8]
28 514 [7]
4 536 [8]
107 435 [1]
194 354 [7]
140 407 [1]
54 491 [1]
108 439 [7]
243 306 [4]
2 547 [1]
51 492 [9]
95 453 [1]
111 438 [1]
157 392 [8]
82 462 [3]
180 369 [9]
239 310 [3]
134 414 [1]
144 406 [9]
208 342 [3]
6 543 [7]
43 507 [6]
188 360 [1]
8 537 [1]
188 353 [0]
252 298 [4]
146 404 [1]
241 303 [6]
87 464 [9]
24 527 [9]
194 357 [7]
139 411 [1]
179 366 [6]
62 489 [0]
85 460 [1]
35 515 [1]
202 349 [5]
6 544 [7]
28 522 [1]
127 424 [1]
114 438 [6]
88 464 [9]
10 541 [1]
175 371 [3]
133 418 [6]
207 345 [1]
6 547 [7]
68 485 [0]
177 376 [0]
195 358 [0]
268 282 [3]
70 480 [3]
253 292 [5]
174 373 [6]
3 549 [6]
41 506 [0]
25 529 [8]
29 525 [9]
147 407 [1]
95 458 [1]
1 545 [8]
34 512 [5]
24 531 [3]
206 348 [1]
136 419 [3]
18 536 [1]
255 292 [7]
146 401 [5]
188 367 [0]
189 360 [1]
84 465 [8]
165 382 [8]
209 338 [7]
268 286 [1]
88 459 [8]
168 380 [8]
5 551 [3]
268 288 [0]
154 396 [6]
275 281 [5]
40 513 [6]
49 501 [3]
40 517 [6]
196 361 [0]
212 345 [1]
134 417 [6]
271 286 [7]
20 536 [1]
25 526 [6]
106 446 [3]
71 487 [1]
21 531 [3]
59 499 [6]
83 475 [8]
93 465 [8]
12 540 [6]
140 412 [6]
36 523 [6]
71 488 [1]
174 385 [5]
35 518 [3]
65 488 [6]
72 487 [1]
39 512 [5]
87 467 [6]
35 520 [6]
49 512 [3]
206 349 [5]
194 364 [7]
171 388 [2]
164 391 [6]
136 425 [3]
2 558 [1]
50 505 [5]
21 534 [1]
15 540 [6]
257 304 [4]
69 492 [1]
1 561 [7]
115 447 [6]
225 337 [7]
157 399 [8]
10 546 [2]
274 282 [6]
89 472 [1]
219 343 [7]
21 542 [1]
261 302 [0]
180 381 [9]
78 477 [8]
50 507 [6]
127 435 [1]
168 395 [1]
216 339 [9]
7 557 [0]
21 543 [1]
39 524 [5]
56 502 [6]
33 531 [3]
163 395 [1]
214 350 [0]
265 299 [0]
117 441 [6]
72 486 [6]
280 284 [2]
52 511 [1]
33 525 [6]
249 315 [4]
235 330 [7]
268 292 [5]
61 503 [6]
193 364 [8]
163 396 [6]
183 382 [3]
202 363 [1]
2 557 [6]
228 337 [0]
64 500 [1]
146 412 [8]
99 467 [8]
53 513 [4]
36 529 [8]
192 374 [4]
267 299 [5]
176 389 [7]
229 329 [4]
5 560 [9]
179 381 [6]
4 563 [1]
99 468 [8]
240 327 [6]
95 466 [6]
47 519 [5]
36 532 [0]
7 561 [7]
194 374 [7]
37 530 [5]
44 523 [6]
84 478 [6]
35 532 [1]
187 373 [2]
237 326 [6]
66 497 [3]
22 541 [1]
122 447 [6]
116 447 [6]
48 512 [6]
145 421 [8]
137 426 [6]
217 351 [5]
34 536 [5]
3 567 [6]
29 541 [1]
257 313 [4]
261 307 [2]
54 516 [1]
279 291 [0]
223 341 [1]
259 310 [3]
201 369 [2]
54 515 [1]
46 518 [3]
131 434 [6]
113 458 [8]
148 423 [8]
193 378 [8]
33 537 [1]
205 366 [0]
94 471 [6]
19 551 [3]
63 502 [3]
222 340 [2]
156 407 [1]
5 567 [0]
70 502 [3]
23 546 [2]
279 293 [0]
73 499 [7]
236 336 [9]
220 352 [0]
246 326 [2]
75 497 [3]
243 329 [4]
220 353 [0]
87 486 [6]
55 517 [6]
148 425 [8]
179 394 [8]
286 287 [4]
19 553 [1]
50 522 [1]
19 548 [4]
17 555 [5]
163 404 [1]
161 413 [5]
7 567 [0]
162 409 [3]
16 558 [0]
7 559 [8]
50 523 [6]
149 426 [1]
236 339 [9]
242 333 [6]
12 562 [8]
67 502 [3]
269 307 [4]
232 344 [0]
146 422 [8]
93 480 [3]
242 328 [0]
214 356 [6]
76 494 [1]
258 319 [4]
117 454 [1]
29 548 [4]
177 392 [8]
99 475 [8]
27 544 [9]
192 385 [5]
48 528 [0]
7 562 [8]
175 396 [6]
125 450 [3]
10 561 [7]
41 538 [3]
26 553 [8]
247 332 [8]
284 295 [2]
237 333 [9]
212 359 [8]
90 488 [1]
10 568 [4]
151 422 [6]
60 520 [0]
93 487 [0]
102 478 [6]
206 368 [6]
16 556 [3]
55 526 [7]
114 466 [6]
41 540 [3]
211 370 [5]
287 294 [4]
231 350 [0]
286 295 [0]
139 441 [1]
80 502 [3]
3 579 [4]
147 429 [6]
25 557 [0]
287 295 [4]
204 372 [2]
135 447 [6]
35 542 [5]
290 293 [7]
30 553 [1]
63 520 [3]
110 473 [0]
146 428 [9]
3 574 [6]
124 453 [6]
152 425 [6]
239 344 [0]
194 389 [7]
5 570 [8]
182 394 [8]
33 545 [6]
15 569 [5]
227 357 [5]
92 486 [6]
280 304 [3]
267 317 [5]
73 505 [6]
0 583 [1]
237 341 [1]
290 294 [7]
124 461 [6]
229 356 [4]
13 572 [4]
15 570 [8]
126 451 [8]
118 464 [9]
262 314 [5]
140 445 [0]
260 325 [7]
165 420 [8]
90 494 [1]
206 371 [8]
112 474 [8]
3 583 [6]
85 495 [8]
43 543 [6]
232 346 [1]
2 576 [8]
155 431 [2]
286 298 [4]
85 502 [3]
193 394 [8]
205 374 [8]
235 350 [2]
151 430 [2]
2 579 [4]
87 491 [6]
4 584 [8]
157 428 [8]
95 487 [6]
127 455 [1]
249 331 [7]
257 331 [4]
216 366 [6]
106 476 [3]
36 552 [8]
256 330 [7]
111 477 [1]
58 529 [8]
118 470 [3]
245 338 [6]
67 522 [1]
286 303 [0]
148 441 [8]
2 586 [1]
89 494 [1]
133 450 [6]
158 432 [6]
59 525 [6]
220 361 [9]
246 344 [2]
234 347 [9]
7 582 [1]
276 313 [1]
108 480 [3]
32 558 [1]
181 410 [0]
243 348 [4]
234 351 [9]
251 340 [0]
227 355 [8]
20 570 [8]
49 539 [3]
275 316 [5]
98 487 [6]
254 329 [4]
12 573 [9]
213 369 [9]
3 580 [6]
291 300 [0]
264 319 [4]
99 487 [8]
260 329 [7]
16 569 [5]
151 435 [1]
284 302 [2]
12 581 [0]
206 381 [6]
119 474 [9]
0 585 [8]
256 329 [8]
284 310 [3]
149 445 [1]
252 339 [3]
127 466 [1]
20 568 [6]
226 368 [0]
181 407 [1]
59 536 [6]
32 563 [1]
97 492 [6]
102 493 [6]
58 536 [1]
35 559 [1]
285 310 [3]
192 403 [1]
2 585 [8]
126 461 [6]
227 362 [6]
131 464 [9]
39 555 [5]
38 554 [2]
219 377 [5]
15 581 [0]
25 570 [8]
59 531 [3]
171 425 [0]
7 588 [1]
282 314 [5]
12 585 [8]
16 581 [0]
38 553 [6]
248 343 [8]
4 592 [9]
235 354 [3]
205 383 [9]
195 396 [6]
170 419 [9]
21 577 [1]
293 296 [9]
113 477 [8]
280 316 [2]
56 539 [6]
72 520 [6]
81 508 [3]
3 589 [6]
108 484 [6]
82 517 [6]
0 599 [0]
148 443 [8]
62 531 [3]
23 571 [5]
171 428 [0]
107 489 [0]
103 497 [3]
39 561 [7]
74 520 [6]
155 439 [2]
118 479 [8]
233 359 [8]
105 495 [4]
106 494 [3]
131 469 [7]
198 396 [6]
279 312 [9]
67 534 [0]
25 576 [8]
210 383 [8]
92 503 [6]
263 332 [6]
3 597 [6]
59 542 [6]
222 371 [2]
233 360 [1]
189 409 [3]
9 589 [3]
37 558 [6]
72 523 [6]
40 555 [6]
151 444 [6]
140 461 [6]
103 490 [9]
251 350 [0]
152 444 [6]
198 404 [1]
9 593 [8]
26 573 [8]
50 549 [5]
256 338 [8]
26 574 [8]
40 563 [6]
94 503 [6]
235 359 [9]
261 342 [3]
241 356 [6]
3 599 [0]
201 403 [2]
148 448 [8]
0 603 [1]
44 559 [0]
110 486 [8]
68 535 [1]
28 573 [9]
66 532 [6]
4 601 [6]
41 563 [1]
213 386 [9]
28 574 [9]
71 528 [1]
28 576 [8]
96 509 [2]
142 454 [4]
154 443 [8]
41 558 [3]
198 406 [1]
298 307 [4]
56 550 [6]
17 589 [5]
210 390 [6]
22 575 [9]
42 564 [3]
98 505 [3]
276 330 [7]
89 511 [1]
66 540 [0]
268 338 [0]
43 562 [8]
6 601 [7]
192 415 [4]
19 587 [9]
237 370 [5]
105 494 [4]
179 420 [8]
12 594 [8]
61 547 [1]
145 463 [3]
7 601 [6]
235 364 [1]
15 592 [9]
284 322 [2]
195 413 [5]
148 452 [8]
63 545 [8]
52 555 [1]
36 566 [9]
4 603 [1]
110 492 [6]
247 352 [8]
2 607 [9]
11 598 [1]
248 361 [8]
227 381 [1]
14 595 [0]
124 477 [8]
62 542 [5]
22 587 [9]
102 501 [6]
78 523 [6]
65 538 [6]
65 544 [9]
262 338 [5]
138 471 [8]
123 483 [3]
4 598 [1]
212 398 [0]
134 476 [8]
177 433 [3]
198 412 [0]
15 594 [8]
199 402 [9]
127 482 [1]
231 380 [0]
46 565 [3]
299 312 [0]
57 554 [1]
135 476 [8]
68 540 [3]
69 539 [9]
217 394 [8]
269 343 [4]
32 580 [6]
92 519 [9]
258 345 [9]
3 608 [4]
127 484 [1]
134 472 [6]
3 610 [6]
178 435 [1]
164 443 [8]
253 360 [1]
88 517 [6]
124 481 [0]
53 557 [3]
230 384 [0]
224 390 [0]
153 461 [6]
65 543 [6]
125 480 [8]
168 446 [8]
296 313 [6]
155 460 [2]
76 539 [9]
277 338 [1]
257 355 [8]
271 344 [7]
34 580 [6]
233 376 [6]
18 591 [6]
126 490 [0]
32 584 [8]
167 441 [4]
42 569 [3]
106 504 [3]
111 505 [1]
305 311 [5]
247 369 [8]
269 347 [4]
99 518 [8]
6 611 [7]
45 572 [3]
75 542 [0]
16 600 [3]
51 557 [9]
166 445 [6]
195 422 [0]
302 315 [4]
117 491 [9]
45 571 [3]
115 497 [3]
191 427 [9]
4 614 [1]
44 568 [0]
83 535 [0]
130 482 [6]
88 524 [6]
238 371 [9]
286 325 [8]
29 590 [8]
197 422 [0]
280 337 [2]
251 362 [6]
25 591 [3]
231 388 [0]
258 352 [9]
300 319 [4]
2 612 [3]
125 495 [8]
139 481 [0]
194 426 [7]
265 355 [8]
213 399 [9]
111 506 [0]
292 322 [6]
229 392 [4]
52 569 [5]
111 504 [1]
54 567 [1]
57 564 [1]
138 474 [8]
86 535 [1]
285 336 [7]
44 576 [0]
292 329 [0]
17 605 [7]
1 621 [0]
133 483 [6]
85 537 [1]
211 411 [7]
237 377 [5]
12 609 [6]
57 559 [1]
0 621 [1]
299 315 [4]
79 544 [9]
1 622 [0]
179 438 [6]
16 607 [9]
47 570 [8]
81 542 [3]
133 484 [6]
84 539 [9]
168 447 [6]
160 463 [3]
35 583 [6]
5 619 [7]
94 530 [6]
8 610 [6]
215 409 [8]
61 560 [9]
12 606 [6]
2 616 [4]
244 371 [9]
108 510 [6]
229 396 [4]
78 547 [9]
286 331 [8]
137 488 [0]
283 342 [3]
37 582 [6]
246 379 [2]
19 598 [1]
2 624 [3]
242 378 [6]
13 607 [9]
206 412 [8]
154 472 [0]
238 388 [0]
32 593 [8]
202 416 [8]
213 405 [9]
232 392 [3]
97 524 [6]
5 614 [1]
0 628 [0]
26 602 [8]
30 598 [1]
135 491 [2]
6 619 [7]
292 330 [7]
59 566 [6]
13 616 [4]
96 533 [9]
179 442 [8]
143 480 [3]
193 430 [8]
61 562 [8]
27 603 [7]
239 382 [9]
18 606 [6]
101 520 [9]
274 356 [0]
108 522 [1]
127 497 [3]
209 412 [7]
220 410 [0]
21 603 [1]
4 627 [0]
29 602 [3]
211 420 [8]
21 607 [9]
7 623 [1]
314 317 [5]
23 605 [7]
13 619 [7]
12 620 [8]
245 381 [6]
26 606 [8]
186 440 [1]
145 487 [0]
264 368 [2]
302 330 [7]
6 627 [7]
24 609 [6]
150 477 [8]
42 591 [3]
7 625 [3]
185 448 [7]
197 430 [2]
19 608 [4]
3 629 [6]
11 621 [1]
224 403 [1]
93 541 [1]
210 415 [9]
191 435 [9]
243 390 [4]
40 595 [6]
35 600 [3]
176 451 [9]
83 552 [8]
179 448 [8]
153 476 [8]
267 359 [5]
200 433 [3]
223 413 [5]
12 623 [1]
54 579 [1]
78 549 [9]
190 446 [8]
269 364 [4]
283 353 [0]
68 569 [5]
11 626 [1]
246 382 [2]
36 601 [6]
256 379 [7]
6 630 [7]
45 589 [3]
3 626 [1]
113 517 [6]
145 491 [2]
4 626 [1]
30 602 [3]
16 619 [7]
286 350 [2]
28 609 [6]
316 322 [0]
292 338 [8]
193 439 [8]
48 591 [6]
186 453 [3]
191 448 [9]
156 480 [3]
9 631 [0]
188 448 [0]
225 407 [1]
16 623 [1]
247 393 [8]
284 356 [2]
190 442 [8]
107 531 [3]
293 348 [0]
5 633 [3]
141 499 [8]
111 530 [1]
22 611 [2]
1 641 [4]
8 626 [1]
75 567 [0]
65 574 [3]
113 521 [3]
27 614 [1]
6 635 [1]
15 621 [6]
214 420 [8]
46 597 [4]
114 523 [6]
85 552 [8]
66 574 [3]
99 536 [8]
36 604 [3]
179 458 [6]
29 609 [6]
108 527 [9]
35 609 [6]
63 578 [3]
259 379 [2]
128 513 [4]
273 371 [6]
215 421 [8]
322 323 [7]
41 604 [3]
203 436 [6]
49 596 [3]
235 401 [5]
222 423 [2]
107 537 [1]
284 361 [2]
299 338 [9]
22 624 [3]
178 459 [9]
105 541 [4]
252 392 [2]
229 408 [4]
187 453 [2]
88 549 [9]
114 526 [6]
90 555 [1]
88 559 [0]
313 325 [9]
42 605 [3]
235 403 [1]
6 638 [2]
312 335 [0]
223 424 [0]
153 495 [8]
242 406 [6]
205 435 [1]
41 601 [6]
242 407 [1]
85 564 [0]
212 429 [8]
0 643 [7]
194 455 [7]
21 622 [1]
235 414 [1]
279 370 [5]
5 641 [4]
287 362 [4]
2 648 [7]
88 561 [7]
83 564 [3]
66 575 [9]
133 514 [6]
247 394 [8]
252 390 [8]
141 510 [8]
85 566 [9]
299 352 [0]
153 489 [8]
65 580 [6]
114 537 [1]
309 342 [7]
45 603 [3]
266 385 [5]
93 549 [9]
248 403 [8]
234 408 [9]
52 596 [2]
18 627 [6]
19 633 [0]
11 640 [8]
233 414 [1]
102 543 [6]
303 350 [0]
2 645 [4]
321 332 [4]
148 506 [8]
127 527 [0]
149 502 [3]
4 649 [3]
297 357 [5]
138 512 [4]
19 629 [6]
10 645 [4]
24 631 [9]
42 613 [3]
199 448 [8]
285 370 [5]
109 538 [8]
224 425 [6]
105 548 [4]
37 610 [9]
14 633 [9]
35 615 [6]
222 425 [2]
320 336 [7]
65 588 [3]
289 358 [4]
297 358 [2]
17 640 [8]
35 622 [0]
307 347 [8]
309 348 [7]
323 334 [7]
246 403 [1]
317 340 [0]
66 585 [8]
55 601 [6]
252 406 [0]
1 657 [9]
17 638 [2]
7 645 [4]
197 453 [8]
100 552 [8]
106 549 [3]
53 602 [3]
48 607 [9]
293 365 [7]
283 367 [0]
244 414 [1]
171 484 [3]
0 659 [7]
3 656 [6]
209 450 [3]
275 378 [5]
105 545 [4]
249 408 [5]
303 348 [8]
183 467 [3]
27 626 [7]
255 404 [7]
135 516 [2]
35 625 [3]
293 358 [9]
10 649 [3]
117 537 [1]
299 361 [0]
157 495 [8]
304 356 [3]
215 437 [8]
318 342 [3]
271 380 [7]
101 557 [9]
94 567 [6]
270 382 [9]
143 518 [3]
221 432 [6]
226 435 [1]
280 381 [0]
209 443 [8]
296 365 [7]
185 468 [7]
9 647 [6]
46 610 [4]
189 470 [3]
183 470 [3]
68 591 [3]
235 418 [2]
159 503 [6]
100 559 [1]
196 457 [3]
240 422 [0]
245 417 [0]
96 557 [9]
141 522 [1]
98 565 [3]
6 657 [9]
8 655 [7]
73 584 [8]
69 594 [8]
153 504 [8]
21 633 [1]
190 470 [3]
110 550 [3]
23 639 [3]
36 621 [6]
68 596 [2]
143 521 [3]
28 630 [6]
246 410 [2]
83 578 [3]
322 333 [9]
204 451 [2]
155 501 [2]
173 492 [0]
97 568 [6]
2 662 [9]
84 578 [3]
44 615 [0]
227 438 [0]
101 555 [9]
328 337 [0]
178 485 [0]
39 620 [5]
191 468 [9]
202 464 [9]
43 623 [0]
99 567 [8]
141 525 [8]
77 586 [7]
196 471 [8]
178 489 [0]
210 449 [8]
229 429 [4]
228 439 [7]
3 661 [6]
113 554 [8]
133 535 [6]
233 427 [8]
31 631 [6]
87 578 [6]
186 476 [3]
83 582 [3]
48 621 [6]
33 636 [2]
41 628 [3]
237 424 [8]
51 615 [9]
127 539 [9]
257 409 [4]
231 431 [7]
161 500 [5]
99 570 [8]
281 388 [6]
10 653 [9]
79 581 [3]
150 520 [0]
68 602 [3]
202 459 [9]
17 653 [9]
316 354 [3]
6 663 [7]
8 659 [7]
70 597 [3]
283 379 [7]
311 359 [0]
266 400 [5]
2 669 [0]
10 661 [4]
135 528 [0]
127 538 [6]
262 402 [5]
13 658 [9]
89 573 [9]
144 519 [9]
86 585 [1]
318 353 [1]
141 531 [3]
213 459 [9]
276 396 [6]
40 626 [6]
212 451 [9]
84 589 [0]
227 446 [8]
42 625 [3]
16 654 [3]
297 376 [2]
248 417 [8]
130 535 [8]
180 490 [9]
111 556 [3]
144 520 [9]
230 438 [6]
63 611 [3]
327 344 [6]
22 646 [6]
296 378 [9]
69 602 [3]
141 533 [8]
44 630 [0]
64 610 [1]
53 618 [3]
200 474 [2]
63 612 [3]
280 387 [8]
258 408 [9]
4 665 [6]
130 545 [8]
218 457 [4]
222 453 [2]
1 668 [2]
91 575 [9]
332 335 [8]
154 522 [1]
133 542 [6]
116 552 [8]
190 483 [3]
234 433 [9]
82 591 [3]
261 415 [0]
164 504 [8]
6 664 [7]
78 589 [9]
49 624 [3]
13 662 [9]
198 469 [7]
109 558 [9]
263 414 [1]
71 606 [1]
203 474 [8]
206 471 [8]
9 665 [3]
234 443 [9]
98 576 [8]
190 478 [9]
139 537 [1]
113 556 [3]
7 663 [3]
162 510 [6]
64 605 [1]
64 615 [1]
36 643 [7]
239 440 [1]
59 617 [6]
260 415 [7]
150 529 [8]
123 553 [3]
26 652 [8]
17 659 [7]
253 426 [5]
10 670 [4]
1 679 [4]
43 631 [6]
4 670 [6]
60 617 [9]
70 610 [0]
76 598 [1]
173 507 [6]
44 637 [0]
288 393 [0]
166 509 [2]
10 665 [4]
119 553 [9]
254 418 [2]
12 664 [9]
223 459 [0]
7 669 [6]
110 569 [5]
324 350 [5]
313 363 [1]
269 409 [4]
232 450 [3]
198 476 [8]
239 443 [8]
312 371 [0]
153 530 [8]
279 404 [1]
296 384 [3]
196 478 [9]
201 482 [2]
139 541 [1]
52 625 [3]
45 635 [3]
112 562 [8]
42 633 [3]
180 504 [9]
2 682 [0]
295 380 [9]
10 674 [4]
34 650 [2]
304 378 [3]
141 537 [1]
3 676 [6]
120 564 [2]
69 609 [6]
232 449 [3]
47 632 [5]
233 452 [0]
155 521 [3]
93 584 [8]
87 595 [6]
88 588 [9]
198 478 [9]
334 343 [7]
2 678 [5]
245 434 [6]
255 430 [2]
143 543 [6]
111 575 [1]
236 450 [9]
136 550 [3]
30 653 [9]
170 516 [9]
198 479 [8]
97 586 [6]
284 393 [2]
121 566 [9]
269 418 [2]
24 654 [9]
266 417 [5]
104 574 [2]
320 367 [0]
162 517 [6]
135 544 [9]
295 393 [0]
108 580 [6]
300 388 [0]
152 527 [9]
306 382 [0]
45 637 [3]
2 685 [1]
18 664 [9]
308 380 [5]
108 578 [3]
12 677 [0]
116 573 [9]
78 602 [9]
0 686 [3]
152 534 [3]
34 649 [3]
58 628 [3]
275 414 [5]
103 577 [2]
303 386 [7]
36 647 [6]
23 660 [9]
83 597 [9]
73 617 [9]
127 560 [9]
161 529 [8]
91 593 [8]
76 605 [7]
18 666 [9]
12 679 [4]
44 647 [0]
106 582 [3]
162 529 [8]
187 496 [8]
26 656 [8]
21 671 [1]
246 446 [2]
341 351 [5]
174 510 [8]
29 661 [2]
245 441 [8]
124 570 [8]
154 540 [0]
156 530 [5]
182 504 [2]
255 436 [7]
193 502 [8]
0 695 [2]
98 594 [8]
141 551 [3]
302 393 [0]
96 599 [9]
174 521 [3]
195 500 [5]
52 637 [4]
332 357 [5]
265 427 [3]
227 459 [9]
271 421 [7]
261 426 [8]
6 690 [7]
75 621 [0]
51 636 [2]
18 675 [2]
282 405 [1]
94 599 [6]
33 660 [6]
2 695 [2]
273 424 [6]
301 396 [6]
323 374 [7]
171 523 [6]
6 685 [7]
181 517 [6]
130 568 [0]
21 677 [1]
8 690 [0]
57 641 [1]
155 543 [2]
70 625 [3]
139 559 [0]
168 522 [1]
231 463 [3]
85 604 [9]
156 540 [2]
230 462 [6]
172 521 [3]
209 490 [7]
57 633 [1]
34 665 [5]
270 429 [0]
310 380 [3]
0 693 [4]
253 443 [8]
53 640 [8]
46 652 [8]
236 455 [9]
71 629 [1]
113 587 [9]
307 384 [9]
20 674 [6]
114 586 [6]
240 460 [1]
53 638 [2]
331 369 [0]
272 428 [0]
282 418 [2]
123 571 [3]
314 387 [5]
18 678 [5]
7 694 [0]
264 433 [3]
4 691 [6]
44 657 [9]
215 478 [8]
220 481 [0]
247 446 [8]
101 591 [9]
170 532 [9]
79 623 [3]
42 657 [9]
97 605 [6]
237 456 [3]
2 699 [0]
254 449 [4]
31 672 [2]
124 576 [8]
84 619 [7]
101 602 [9]
178 516 [2]
277 426 [1]
56 638 [2]
247 448 [8]
270 425 [8]
149 551 [3]
53 651 [4]
56 648 [6]
317 387 [0]
84 617 [9]
194 506 [0]
307 388 [9]
133 572 [6]
203 502 [3]
28 668 [2]
63 639 [3]
119 587 [9]
21 685 [1]
3 703 [6]
329 377 [5]
74 626 [1]
243 454 [4]
159 544 [9]
28 678 [5]
13 687 [9]
291 407 [1]
70 627 [9]
101 605 [9]
163 543 [6]
108 595 [3]
265 437 [6]
27 678 [5]
131 567 [9]
269 431 [4]
93 614 [1]
352 355 [8]
78 620 [9]
328 379 [0]
96 602 [9]
274 424 [9]
36 672 [2]
2 706 [0]
301 407 [1]
105 600 [4]
12 696 [5]
57 651 [1]
53 649 [3]
114 591 [6]
146 553 [9]
306 402 [0]
48 657 [9]
341 364 [1]
278 430 [2]
139 566 [9]
308 401 [5]
197 503 [6]
13 690 [6]
142 561 [7]
106 600 [3]
141 565 [3]
4 699 [0]
10 700 [4]
105 605 [4]
298 404 [4]
109 593 [8]
263 445 [2]
3 704 [5]
26 685 [8]
259 452 [2]
27 675 [7]
98 604 [9]
4 702 [2]
193 519 [8]
254 455 [4]
106 603 [3]
143 566 [3]
313 391 [8]
97 609 [6]
25 682 [6]
3 710 [3]
51 653 [9]
316 388 [9]
21 689 [1]
20 687 [9]
333 378 [9]
217 496 [8]
198 506 [0]
47 664 [5]
2 712 [7]
328 377 [0]
280 434 [0]
317 397 [0]
31 683 [0]
25 683 [6]
137 571 [6]
59 655 [6]
73 641 [4]
215 493 [8]
27 684 [2]
267 447 [6]
131 583 [0]
86 629 [1]
267 448 [5]
141 574 [8]
281 434 [6]
313 393 [9]
270 445 [0]
11 705 [4]
58 658 [9]
83 633 [0]
176 531 [3]
95 621 [0]
250 464 [9]
43 670 [3]
238 475 [8]
348 359 [9]
147 567 [3]
2 715 [7]
0 711 [6]
320 397 [0]
318 399 [7]
104 611 [2]
89 625 [3]
233 475 [8]
180 534 [9]
142 569 [4]
166 551 [3]
207 507 [6]
96 618 [9]
143 568 [3]
175 543 [6]
21 697 [1]
112 597 [9]
75 643 [7]
58 657 [9]
112 604 [2]
36 679 [4]
349 369 [5]
331 385 [5]
126 584 [8]
40 670 [6]
79 638 [2]
52 667 [6]
35 684 [2]
163 554 [2]
266 453 [5]
2 711 [6]
226 491 [2]
165 551 [3]
119 593 [8]
45 675 [3]
217 503 [6]
215 502 [8]
14 703 [3]
243 473 [4]
4 710 [3]
144 568 [9]
273 444 [6]
115 600 [3]
79 639 [3]
2 713 [7]
321 400 [4]
4 711 [6]
290 423 [7]
39 679 [5]
147 569 [5]
76 636 [2]
114 604 [6]
184 538 [0]
96 626 [9]
54 665 [1]
212 510 [0]
206 512 [4]
221 501 [0]
36 677 [9]
97 622 [6]
161 552 [8]
281 441 [6]
155 558 [2]
42 681 [3]
270 453 [0]
97 617 [6]
214 501 [8]
217 497 [3]
280 443 [8]
264 456 [3]
105 615 [4]
14 706 [3]
0 724 [0]
94 630 [6]
176 542 [9]
106 616 [3]
153 563 [8]
2 721 [1]
1 717 [6]
254 471 [4]
281 444 [6]
191 525 [9]
255 470 [7]
345 380 [1]
213 512 [9]
329 392 [4]
74 642 [4]
140 582 [3]
3 721 [6]
250 466 [9]
100 617 [9]
6 720 [8]
186 534 [3]
56 661 [6]
34 692 [5]
291 435 [1]
337 389 [7]
40 686 [6]
293 433 [3]
246 480 [2]
196 522 [1]
29 695 [2]
130 596 [2]
193 533 [8]
294 424 [8]
253 469 [7]
312 411 [3]
83 634 [9]
168 557 [2]
180 547 [9]
341 386 [7]
284 434 [2]
277 441 [1]
223 496 [8]
315 412 [4]
55 666 [9]
55 669 [7]
100 625 [3]
104 624 [2]
275 444 [5]
356 372 [0]
246 482 [2]
300 428 [0]
199 527 [2]
308 420 [8]
183 545 [3]
213 515 [9]
9 714 [2]
66 660 [9]
331 398 [0]
249 477 [8]
26 700 [8]
49 671 [3]
20 703 [6]
220 501 [8]
10 713 [7]
50 678 [5]
170 557 [9]
3 720 [8]
297 429 [2]
6 717 [7]
55 671 [7]
259 470 [3]
272 457 [3]
171 559 [0]
199 531 [3]
5 719 [6]
59 671 [6]
315 407 [4]
170 551 [9]
70 657 [9]
273 450 [3]
248 482 [8]
281 449 [6]
2 723 [2]
318 410 [1]
2 729 [2]
183 546 [2]
15 713 [7]
96 632 [9]
22 708 [3]
238 490 [3]
128 603 [8]
128 600 [3]
324 407 [1]
101 622 [9]
155 577 [2]
289 443 [4]
351 381 [5]
80 649 [3]
213 510 [9]
81 642 [4]
281 448 [6]
1 732 [9]
358 375 [0]
49 681 [3]
24 706 [9]
19 715 [7]
15 719 [0]
36 698 [9]
6 725 [7]
74 651 [4]
337 394 [8]
223 511 [0]
244 490 [0]
69 656 [9]
174 551 [3]
0 728 [6]
298 436 [4]
263 467 [4]
331 403 [1]
151 574 [9]
179 546 [2]
175 560 [9]
200 535 [2]
48 681 [6]
83 643 [7]
314 418 [5]
45 691 [3]
2 734 [0]
127 606 [3]
167 560 [9]
264 472 [2]
355 378 [8]
317 416 [3]
261 473 [2]
360 367 [1]
144 592 [9]
266 466 [5]
340 396 [6]
64 673 [9]
191 546 [9]
67 661 [9]
9 722 [6]
262 476 [8]
329 402 [7]
180 555 [9]
134 595 [9]
255 483 [3]
227 502 [3]
338 400 [0]
216 513 [4]
48 687 [9]
120 615 [2]
45 694 [3]
18 721 [0]
69 661 [9]
59 680 [6]
220 511 [8]
70 666 [9]
238 498 [5]
63 673 [9]
1 737 [1]
132 601 [6]
11 722 [6]
100 638 [2]
2 737 [1]
12 728 [0]
115 622 [5]
255 481 [0]
318 414 [1]
294 446 [8]
147 590 [8]
299 441 [0]
218 523 [6]
212 527 [2]
0 740 [1]
92 649 [3]
110 631 [0]
41 697 [3]
89 649 [3]
112 630 [6]
44 698 [0]
215 519 [8]
163 579 [4]
28 708 [3]
302 437 [6]
15 721 [6]
183 550 [3]
101 632 [9]
131 612 [3]
201 540 [2]
12 731 [4]
106 628 [3]
188 551 [0]
17 720 [8]
219 520 [4]
172 571 [8]
362 381 [0]
307 436 [0]
250 491 [2]
12 726 [2]
182 553 [2]
19 725 [0]
151 590 [8]
20 718 [2]
21 723 [1]
74 661 [9]
4 739 [6]
364 380 [1]
55 686 [7]
207 529 [8]
130 606 [9]
31 714 [2]
138 598 [1]
147 598 [1]
263 482 [0]
283 462 [0]
303 442 [0]
22 720 [8]
282 464 [9]
125 613 [8]
167 571 [4]
158 580 [6]
134 610 [2]
6 734 [7]
59 681 [6]
250 487 [9]
357 390 [5]
12 735 [0]
224 523 [6]
373 374 [0]
263 484 [0]
170 575 [9]
336 408 [5]
213 534 [9]
341 406 [1]
58 683 [6]
89 659 [7]
223 525 [9]
341 407 [1]
351 394 [8]
44 695 [0]
36 709 [3]
10 733 [4]
60 683 [6]
2 739 [6]
284 456 [2]
351 389 [5]
220 529 [8]
228 518 [3]
44 696 [0]
246 503 [2]
63 687 [9]
223 518 [3]
153 594 [8]
250 497 [3]
128 622 [8]
64 677 [1]
136 614 [1]
48 699 [6]
46 701 [2]
14 733 [3]
26 718 [8]
231 519 [9]
315 432 [4]
188 560 [9]
15 736 [0]
98 653 [9]
166 582 [3]
372 379 [7]
55 690 [7]
208 534 [9]
154 596 [2]
114 638 [2]
25 721 [6]
198 554 [2]
225 527 [7]
33 710 [3]
70 676 [6]
265 484 [3]
11 735 [6]
47 702 [2]
160 583 [2]
30 723 [2]
4 749 [4]
262 488 [5]
11 742 [0]
39 708 [3]
121 629 [3]
107 640 [8]
279 470 [3]
210 534 [9]
5 742 [6]
18 732 [9]
255 498 [7]
68 686 [0]
125 629 [8]
133 618 [6]
359 395 [1]
357 388 [5]
158 587 [9]
80 675 [2]
10 745 [4]
21 731 [1]
49 697 [3]
112 634 [9]
12 743 [0]
238 513 [4]
281 470 [3]
187 568 [2]
310 446 [3]
21 735 [1]
293 463 [3]
262 490 [5]
173 581 [2]
269 487 [4]
366 390 [0]
278 474 [2]
313 443 [8]
70 683 [3]
321 431 [4]
178 570 [8]
21 736 [1]
235 519 [9]
52 705 [4]
53 704 [5]
183 565 [3]
376 381 [0]
119 629 [9]
81 673 [9]
312 441 [4]
15 743 [0]
38 720 [8]
242 514 [7]
242 507 [6]
95 663 [3]
282 473 [3]
174 584 [8]
257 499 [4]
63 693 [3]
229 527 [4]
111 638 [2]
163 586 [9]
199 557 [2]
13 746 [9]
119 640 [8]
284 466 [2]
88 669 [2]
27 723 [7]
22 734 [3]
235 521 [3]
30 730 [3]
164 596 [2]
339 421 [8]
251 501 [8]
97 654 [6]
250 510 [0]
201 559 [2]
208 552 [8]
332 420 [8]
150 611 [2]
314 445 [5]
197 556 [3]
251 508 [2]
262 499 [7]
34 724 [5]
217 536 [8]
221 535 [6]
24 738 [1]
201 552 [8]
35 727 [0]
77 682 [7]
48 714 [6]
52 710 [3]
263 496 [8]
294 459 [9]
130 623 [9]
204 558 [2]
365 398 [7]
28 735 [9]
131 623 [9]
51 703 [9]
33 727 [0]
25 729 [2]
36 724 [3]
192 568 [4]
348 412 [3]
59 696 [6]
76 688 [3]
88 676 [0]
222 542 [2]
202 553 [9]
354 410 [3]
258 497 [9]
218 544 [4]
4 761 [9]
4 755 [6]
56 706 [6]
124 641 [4]
289 473 [4]
310 452 [3]
5 761 [9]
6 760 [7]
7 759 [5]
191 573 [9]
65 701 [2]
182 584 [8]
153 604 [8]
187 579 [2]
204 562 [2]
272 489 [0]
187 570 [8]
241 525 [9]
172 591 [8]
338 426 [2]
54 710 [1]
108 650 [2]
105 660 [4]
152 606 [9]
328 436 [0]
380 383 [4]
1 760 [7]
47 717 [5]
36 732 [9]
261 507 [6]
4 758 [8]
284 481 [0]
269 496 [4]
362 406 [0]
176 592 [9]
131 633 [4]
365 404 [7]
244 522 [1]
265 501 [3]
177 583 [9]
127 633 [9]
280 486 [3]
3 767 [8]
189 581 [0]
328 434 [0]
30 731 [4]
201 566 [2]
323 444 [7]
279 488 [3]
35 732 [9]
130 632 [9]
104 667 [6]
4 767 [8]
142 627 [4]
218 550 [4]
80 688 [3]
243 525 [4]
242 529 [8]
290 478 [7]
38 730 [3]
295 476 [8]
172 600 [8]
32 740 [0]
368 404 [1]
326 446 [8]
227 537 [1]
297 475 [8]
116 656 [2]
189 583 [0]
185 587 [9]
366 406 [0]
11 758 [8]
167 605 [4]
20 749 [4]
352 421 [8]
74 696 [5]
384 386 [7]
257 512 [4]
274 496 [8]
100 667 [6]
329 445 [0]
9 765 [6]
245 527 [2]
30 744 [1]
65 709 [3]
116 652 [8]
374 400 [0]
150 621 [3]
120 654 [2]
162 612 [3]
111 654 [1]
158 607 [9]
254 520 [4]
68 703 [3]
175 590 [8]
338 432 [6]
77 695 [7]
144 621 [9]
133 642 [4]
32 743 [0]
208 558 [9]
154 613 [4]
42 730 [3]
45 727 [3]
163 610 [2]
8 764 [3]
384 392 [0]
120 656 [2]
119 657 [9]
133 637 [6]
327 449 [6]
136 637 [3]
191 576 [9]
88 679 [4]
183 584 [3]
8 769 [2]
126 651 [4]
81 687 [9]
164 611 [2]
363 414 [1]
128 646 [8]
71 706 [1]
82 695 [2]
281 494 [1]
12 766 [2]
172 603 [8]
292 483 [3]
165 611 [2]
82 697 [3]
315 464 [4]
46 730 [3]
261 509 [2]
255 524 [7]
102 674 [6]
84 692 [3]
338 441 [0]
18 755 [6]
335 445 [0]
179 592 [9]
126 654 [0]
346 434 [1]
264 514 [7]
146 634 [9]
231 549 [0]
40 737 [6]
323 457 [7]
63 718 [3]
6 772 [7]
65 707 [2]
5 768 [8]
62 716 [3]
381 391 [9]
101 680 [9]
288 486 [7]
380 401 [5]
153 628 [8]
6 776 [7]
278 501 [2]
84 696 [5]
171 607 [9]
81 698 [9]
256 523 [6]
1 775 [9]
359 423 [0]
229 549 [4]
308 467 [5]
22 755 [6]
376 399 [7]
134 649 [3]
138 645 [4]
6 774 [7]
97 677 [6]
370 413 [5]
270 504 [9]
368 415 [0]
233 542 [8]
328 452 [0]
288 495 [8]
31 746 [9]
113 668 [2]
373 410 [0]
162 618 [3]
204 577 [2]
301 478 [4]
260 523 [6]
125 656 [8]
265 515 [3]
106 668 [2]
43 739 [6]
0 784 [0]
71 713 [1]
75 709 [3]
320 461 [6]
75 706 [3]
140 644 [9]
205 579 [4]
48 733 [6]
229 556 [3]
31 754 [0]
245 531 [3]
70 715 [7]
306 479 [8]
230 547 [1]
223 553 [9]
365 420 [8]
205 578 [2]
126 650 [2]
375 411 [0]
42 741 [3]
25 761 [9]
152 626 [1]
117 666 [9]
360 426 [1]
301 481 [0]
213 570 [9]
391 395 [1]
36 750 [5]
246 540 [2]
28 755 [9]
75 702 [2]
203 574 [9]
61 725 [0]
298 488 [4]
169 612 [3]
124 663 [3]
125 662 [9]
265 519 [9]
212 575 [0]
118 663 [3]
127 657 [9]
18 768 [1]
94 684 [6]
77 711 [7]
25 763 [2]
87 698 [9]
307 472 [9]
354 425 [3]
155 624 [2]
385 403 [1]
128 657 [9]
280 505 [3]
38 742 [9]
106 683 [3]
333 456 [3]
152 628 [9]
256 524 [9]
147 639 [3]
356 424 [9]
8 781 [0]
352 437 [6]
342 444 [3]
6 780 [7]
25 765 [6]
84 697 [9]
199 591 [0]
385 400 [5]
315 475 [4]
277 506 [0]
175 606 [3]
82 708 [3]
306 484 [0]
155 636 [2]
244 543 [6]
302 485 [0]
266 525 [5]
124 665 [2]
387 401 [5]
353 438 [0]
363 428 [1]
255 532 [7]
274 513 [4]
1 791 [0]
58 734 [0]
198 585 [8]
130 660 [9]
5 781 [6]
323 466 [7]
75 717 [0]
215 577 [2]
288 504 [0]
235 553 [4]
78 712 [7]
35 751 [6]
359 429 [4]
373 415 [4]
17 776 [5]
1 792 [4]
12 778 [2]
2 785 [6]
24 769 [9]
394 395 [8]
95 689 [4]
66 724 [3]
183 610 [3]
11 783 [0]
62 732 [9]
339 455 [1]
102 692 [6]
269 525 [4]
297 497 [3]
152 642 [4]
278 514 [7]
128 663 [3]
103 682 [9]
296 491 [7]
88 707 [2]
280 515 [0]
226 560 [9]
247 539 [9]
29 766 [2]
76 710 [3]
219 572 [4]
236 550 [9]
304 489 [0]
216 577 [2]
390 405 [1]
309 486 [7]
180 613 [9]
127 663 [3]
153 641 [8]
278 515 [2]
87 706 [6]
371 424 [1]
43 753 [0]
19 774 [3]
37 750 [5]
122 672 [2]
207 580 [6]
234 560 [9]
112 684 [2]
138 658 [9]
203 593 [8]
4 789 [3]
289 507 [4]
3 787 [6]
53 734 [9]
334 462 [5]
124 673 [9]
4 793 [0]
12 784 [1]
395 402 [1]
241 554 [2]
181 616 [4]
125 672 [2]
129 668 [2]
91 697 [9]
344 444 [9]
229 565 [3]
17 775 [9]
82 707 [3]
156 639 [3]
278 520 [2]
345 453 [1]
253 542 [5]
112 687 [9]
25 768 [6]
276 523 [6]
292 499 [7]
231 568 [0]
146 651 [4]
21 775 [9]
28 762 [9]
251 548 [4]
354 441 [3]
255 544 [9]
134 666 [9]
32 768 [0]
17 780 [5]
129 662 [9]
152 648 [7]
20 777 [2]
348 449 [3]
312 488 [0]
23 774 [3]
281 513 [4]
218 579 [4]
27 768 [7]
239 562 [8]
329 472 [0]
363 430 [2]
22 773 [2]
361 440 [1]
347 454 [1]
51 748 [4]
213 589 [9]
26 776 [8]
266 533 [5]
283 512 [7]
174 628 [0]
186 616 [3]
247 555 [8]
173 627 [2]
229 570 [8]
107 687 [9]
14 789 [0]
18 782 [3]
160 634 [9]
321 473 [4]
131 670 [2]
151 643 [7]
156 644 [9]
184 610 [9]
56 748 [6]
8 796 [3]
95 700 [9]
53 742 [9]
38 757 [9]
368 432 [6]
144 660 [9]
372 432 [6]
63 732 [9]
12 789 [3]
288 514 [7]
195 607 [9]
399 402 [7]
96 709 [9]
63 733 [3]
66 738 [1]
222 579 [4]
206 599 [0]
354 442 [3]
252 549 [4]
261 540 [4]
229 577 [4]
70 736 [0]
253 546 [2]
330 468 [7]
399 400 [7]
77 720 [8]
92 715 [7]
26 781 [8]
132 675 [2]
162 645 [4]
229 574 [4]
260 543 [7]
9 795 [3]
118 680 [9]
387 417 [3]
40 758 [8]
9 799 [9]
257 549 [4]
234 565 [3]
45 754 [3]
211 597 [7]
240 566 [9]
37 765 [6]
36 769 [2]
229 580 [6]
386 423 [7]
62 744 [3]
261 545 [8]
260 545 [7]
161 639 [3]
302 504 [3]
62 741 [6]
41 769 [3]
96 714 [9]
72 738 [1]
387 420 [8]
372 430 [2]
181 620 [8]
301 505 [4]
133 675 [6]
397 413 [5]
258 552 [8]
389 421 [7]
144 664 [9]
21 790 [1]
126 685 [0]
64 744 [1]
364 447 [1]
275 528 [0]
187 624 [2]
190 612 [3]
70 732 [9]
209 602 [3]
185 627 [7]
27 779 [9]
66 740 [6]
164 640 [8]
43 766 [2]
338 475 [8]
67 746 [9]
70 734 [9]
84 729 [2]
330 483 [3]
68 736 [9]
294 511 [8]
287 517 [6]
111 693 [1]
397 417 [0]
20 794 [7]
64 750 [1]
358 456 [3]
359 451 [4]
241 573 [9]
313 493 [5]
314 499 [5]
331 483 [3]
346 468 [1]
170 642 [4]
223 582 [9]
340 470 [3]
372 434 [8]
375 440 [1]
49 766 [2]
73 733 [9]
16 798 [1]
148 658 [8]
92 721 [3]
100 716 [1]
190 624 [3]
376 437 [6]
199 617 [9]
226 581 [9]
201 615 [2]
298 518 [4]
314 502 [5]
42 768 [3]
223 584 [8]
123 694 [3]
70 747 [2]
121 687 [9]
97 720 [6]
203 614 [1]
301 514 [7]
240 577 [2]
65 743 [9]
267 548 [4]
42 772 [3]
324 493 [5]
245 572 [4]
401 416 [5]
28 787 [9]
272 546 [2]
117 698 [9]
26 783 [8]
169 646 [3]
404 406 [1]
120 696 [2]
225 589 [7]
358 457 [3]
48 771 [2]
76 740 [3]
378 437 [6]
139 680 [9]
382 434 [3]
216 594 [8]
105 715 [4]
179 641 [4]
208 603 [9]
21 798 [1]
210 601 [6]
43 772 [6]
22 799 [9]
217 595 [9]
274 543 [6]
269 548 [4]
397 424 [0]
191 628 [9]
363 458 [1]
30 792 [4]
149 673 [9]
278 544 [9]
364 451 [1]
41 782 [3]
56 767 [6]
314 505 [5]
397 426 [0]
182 641 [4]
176 647 [9]
102 722 [6]
60 761 [9]
234 590 [9]
236 588 [9]
113 702 [2]
59 762 [6]
410 414 [1]
386 430 [7]
290 531 [3]
188 629 [0]
315 509 [2]
300 515 [9]
162 663 [3]
307 518 [3]
159 666 [9]
163 662 [9]
387 438 [0]
165 652 [8]
284 541 [2]
201 625 [3]
159 667 [6]
56 770 [6]
145 681 [0]
24 796 [3]
220 606 [0]
46 777 [2]
391 435 [1]
312 510 [4]
150 674 [3]
75 743 [9]
267 556 [3]
304 515 [3]
169 656 [2]
172 655 [8]
192 632 [4]
158 660 [9]
120 705 [4]
169 659 [7]
161 667 [6]
66 756 [6]
372 456 [3]
293 531 [3]
218 608 [4]
122 697 [6]
161 658 [9]
356 473 [0]
42 787 [3]
230 590 [8]
411 418 [2]
98 729 [2]
221 608 [4]
120 700 [2]
85 738 [1]
301 528 [0]
209 616 [4]
37 783 [9]
261 565 [3]
40 790 [6]
194 636 [7]
282 546 [2]
245 576 [8]
401 422 [5]
286 540 [4]
38 792 [4]
326 495 [8]
176 654 [9]
26 795 [8]
159 669 [4]
328 493 [0]
377 453 [5]
251 575 [4]
292 539 [9]
120 711 [2]
119 712 [7]
171 660 [9]
389 434 [7]
342 486 [3]
322 500 [5]
49 779 [3]
56 766 [2]
394 438 [8]
41 791 [3]
62 770 [5]
170 653 [9]
326 497 [3]
174 649 [3]
187 641 [4]
76 747 [2]
284 545 [8]
148 676 [8]
368 464 [9]
117 706 [9]
249 579 [4]
88 745 [4]
85 748 [4]
410 423 [0]
336 497 [3]
400 433 [3]
204 620 [2]
144 687 [9]
361 470 [3]
73 761 [9]
139 695 [2]
167 667 [6]
162 670 [2]
36 789 [9]
252 575 [7]
137 698 [9]
90 745 [4]
392 443 [8]
276 550 [9]
46 786 [8]
408 427 [5]
260 575 [7]
288 547 [1]
280 555 [1]
407 426 [1]
123 713 [3]
201 632 [2]
159 675 [2]
118 709 [3]
95 732 [9]
81 746 [9]
43 790 [3]
90 740 [6]
180 656 [9]
97 731 [6]
208 620 [8]
261 576 [8]
277 560 [9]
293 544 [9]
352 485 [0]
254 579 [4]
397 438 [2]
407 431 [1]
376 462 [0]
406 429 [3]
140 696 [5]
59 770 [6]
150 686 [2]
132 707 [2]
231 608 [4]
45 785 [3]
186 650 [3]
72 758 [8]
77 754 [7]
353 487 [0]
236 595 [9]
401 432 [5]
145 694 [2]
33 799 [9]
115 717 [5]
343 495 [7]
211 631 [7]
147 693 [4]
333 509 [2]
88 751 [3]
240 600 [3]
66 773 [2]
316 526 [0]
239 604 [0]
298 545 [4]
243 596 [4]
363 477 [8]
106 728 [3]
49 786 [8]
196 648 [7]
335 509 [2]
246 596 [2]
183 652 [8]
123 719 [3]
109 726 [2]
205 637 [4]
211 634 [9]
254 589 [4]
269 572 [4]
110 726 [2]
173 663 [3]
91 751 [3]
136 700 [3]
405 441 [1]
414 428 [1]
118 719 [9]
114 723 [6]
91 746 [9]
55 788 [7]
143 700 [3]
392 454 [1]
157 690 [8]
178 669 [0]
310 534 [3]
289 558 [4]
206 632 [9]
200 645 [4]
268 576 [8]
416 431 [0]
409 434 [4]
335 512 [0]
334 511 [5]
59 789 [6]
378 462 [9]
146 700 [2]
415 433 [3]
175 664 [9]
377 471 [5]
249 595 [7]
386 462 [7]
349 499 [7]
406 440 [1]
186 660 [3]
171 674 [4]
307 533 [2]
54 792 [1]
58 788 [3]
351 495 [5]
139 701 [2]
134 713 [7]
54 796 [1]
244 606 [0]
358 488 [4]
203 644 [9]
311 536 [3]
107 734 [5]
367 479 [0]
75 776 [0]
178 673 [9]
184 658 [9]
198 651 [4]
198 644 [9]
304 544 [9]
97 745 [4]
216 636 [2]
210 638 [2]
170 682 [9]
194 651 [7]
389 459 [7]
344 505 [3]
213 639 [9]
139 710 [3]
370 482 [5]
93 757 [2]
322 526 [4]
284 565 [3]
74 776 [3]
57 787 [1]
187 664 [2]
195 649 [3]
61 793 [0]
105 749 [4]
258 596 [9]
272 582 [0]
52 799 [9]
202 650 [2]
64 784 [1]
394 461 [6]
192 663 [3]
243 610 [4]
78 777 [2]
322 533 [2]
395 460 [1]
325 530 [5]
296 556 [3]
78 778 [2]
294 553 [9]
213 640 [9]
244 608 [4]
371 478 [7]
121 726 [2]
318 537 [1]
145 712 [7]
258 599 [9]
296 554 [2]
367 490 [0]
289 565 [3]
291 567 [0]
338 513 [4]
154 702 [2]
350 499 [7]
382 476 [8]
215 634 [9]
274 585 [8]
223 636 [2]
247 612 [8]
99 758 [8]
279 571 [9]
129 721 [9]
424 435 [1]
112 745 [4]
232 623 [4]
131 729 [2]
344 516 [2]
272 583 [5]
187 669 [2]
360 500 [1]
194 659 [7]
390 471 [8]
162 699 [0]
189 672 [2]
242 619 [7]
412 445 [4]
89 763 [2]
397 457 [3]
301 556 [3]
281 576 [8]
339 520 [2]
107 755 [5]
350 508 [4]
115 747 [2]
362 497 [3]
160 702 [2]
72 781 [9]
316 537 [1]
174 686 [2]
82 771 [2]
230 623 [9]
164 689 [4]
307 554 [2]
329 527 [7]
243 616 [4]
336 523 [6]
423 433 [3]
160 704 [2]
111 753 [1]
304 560 [9]
405 459 [1]
167 688 [4]
426 431 [7]
167 693 [4]
217 645 [4]
103 759 [5]
103 753 [9]
83 780 [2]
240 623 [2]
198 667 [6]
81 784 [3]
164 701 [2]
170 693 [9]
334 528 [0]
104 759 [2]
256 609 [6]
145 714 [2]
250 616 [4]
82 784 [3]
184 673 [9]
83 781 [2]
328 538 [0]
372 494 [1]
127 737 [3]
405 458 [1]
73 794 [7]
121 746 [9]
353 511 [3]
263 600 [3]
288 577 [2]
79 786 [8]
105 758 [4]
96 768 [9]
399 468 [7]
112 756 [0]
336 532 [7]
338 530 [5]
399 469 [7]
381 484 [3]
82 787 [3]
269 600 [4]
350 510 [9]
424 446 [8]
205 662 [9]
300 566 [9]
138 733 [0]
133 738 [6]
335 536 [0]
342 529 [3]
127 741 [3]
179 683 [9]
122 747 [2]
181 682 [9]
93 779 [9]
73 799 [9]
207 661 [4]
117 755 [0]
227 645 [4]
370 502 [5]
345 528 [0]
79 792 [4]
295 574 [4]
392 474 [8]
344 526 [3]
82 791 [3]
411 455 [1]
168 705 [4]
434 436 [3]
194 679 [7]
273 593 [6]
174 697 [2]
387 486 [0]
250 619 [7]
390 484 [0]
409 465 [8]
305 569 [5]
87 778 [2]
89 776 [1]
383 492 [0]
114 761 [9]
71 795 [1]
167 708 [3]
191 684 [9]
200 675 [2]
167 699 [4]
82 790 [3]
269 606 [4]
356 516 [2]
80 793 [2]
298 577 [4]
419 456 [1]
132 744 [0]
203 664 [9]
103 774 [9]
105 772 [4]
226 651 [4]
396 481 [0]
289 586 [4]
201 672 [2]
220 658 [9]
98 780 [0]
169 700 [9]
307 567 [4]
173 705 [4]
189 680 [9]
276 602 [3]
91 778 [2]
318 560 [9]
354 515 [3]
148 728 [8]
171 708 [3]
237 642 [4]
120 760 [7]
419 461 [6]
163 708 [3]
292 586 [2]
205 673 [9]
108 773 [2]
166 706 [9]
150 729 [2]
390 488 [3]
237 645 [4]
137 736 [9]
145 735 [2]
321 552 [8]
218 660 [4]
249 634 [9]
203 671 [9]
129 752 [4]
92 788 [3]
369 511 [3]
409 474 [8]
296 588 [0]
131 753 [0]
198 684 [2]
438 443 [8]
214 668 [2]
299 578 [7]
229 653 [4]
228 657 [9]
164 719 [2]
237 647 [2]
233 653 [9]
140 737 [9]
243 640 [4]
361 525 [9]
117 760 [7]
116 771 [2]
99 788 [8]
121 764 [2]
143 741 [3]
257 630 [4]
268 619 [7]
319 568 [4]
270 608 [4]
255 633 [7]
285 603 [0]
363 521 [3]
157 729 [8]
188 698 [0]
170 716 [9]
133 746 [9]
268 621 [0]
318 571 [1]
188 694 [0]
167 720 [8]
295 592 [9]
119 771 [2]
336 554 [7]
370 513 [4]
239 647 [4]
165 716 [9]
428 458 [4]
278 605 [7]
309 577 [7]
431 460 [1]
130 761 [9]
184 705 [4]
96 793 [9]
215 676 [8]
172 710 [8]
203 685 [3]
156 731 [4]
153 739 [8]
387 505 [0]
147 739 [6]
157 733 [8]
320 573 [9]
313 580 [6]
352 539 [9]
404 489 [0]
345 546 [2]
415 478 [0]
434 455 [1]
304 587 [9]
202 693 [4]
222 673 [9]
313 582 [0]
230 661 [4]
138 758 [8]
224 672 [2]
253 643 [7]
152 742 [2]
423 469 [7]
314 575 [5]
251 646 [0]
439 458 [7]
348 549 [0]
285 609 [6]
172 726 [8]
179 717 [2]
125 771 [2]
208 686 [4]
394 504 [8]
183 712 [7]
135 764 [2]
149 748 [4]
163 734 [2]
126 771 [2]
169 722 [9]
172 728 [8]
308 585 [5]
387 513 [4]
209 687 [9]
449 451 [0]
203 695 [2]
197 701 [2]
266 627 [5]
384 516 [2]
155 743 [2]
218 680 [4]
411 490 [0]
438 463 [3]
162 730 [3]
269 628 [4]
260 642 [4]
103 797 [9]
433 469 [7]
377 521 [3]
237 662 [9]
430 469 [7]
173 730 [3]
297 606 [2]
266 630 [5]
393 510 [0]
204 695 [2]
313 588 [2]
336 564 [7]
114 781 [6]
284 620 [2]
322 575 [7]
335 562 [8]
288 616 [4]
332 563 [1]
386 518 [7]
272 627 [5]
312 593 [8]
391 507 [6]
301 597 [7]
339 564 [2]
374 528 [0]
278 628 [2]
290 616 [4]
241 661 [4]
175 729 [2]
257 645 [4]
142 765 [4]
202 705 [4]
182 723 [2]
200 705 [4]
365 540 [7]
249 659 [7]
334 572 [4]
192 716 [4]
259 640 [8]
412 496 [8]
330 574 [7]
191 708 [9]
104 795 [2]
323 586 [7]
430 479 [2]
400 508 [1]
265 640 [8]
443 466 [8]
212 693 [4]
355 547 [8]
363 547 [1]
433 475 [3]
134 774 [2]
258 650 [9]
167 744 [4]
245 657 [9]
141 761 [8]
187 724 [2]
337 572 [4]
319 588 [4]
421 490 [8]
232 679 [4]
440 468 [1]
177 735 [0]
140 772 [0]
451 458 [3]
171 737 [4]
265 647 [0]
282 628 [2]
302 606 [4]
134 769 [2]
150 753 [9]
416 492 [4]
140 770 [5]
453 456 [3]
353 559 [0]
446 466 [8]
357 548 [4]
108 795 [9]
126 785 [2]
319 594 [4]
224 680 [9]
253 653 [5]
175 736 [3]
238 671 [4]
149 755 [1]
442 462 [9]
151 763 [2]
252 658 [9]
140 774 [0]
238 672 [2]
246 668 [2]
454 456 [1]
132 779 [9]
168 737 [9]
193 720 [8]
346 567 [1]
141 774 [8]
267 644 [9]
348 564 [3]
188 720 [0]
286 625 [3]
137 779 [9]
300 611 [2]
333 581 [2]
117 790 [9]
390 527 [0]
130 787 [0]
192 725 [4]
392 525 [9]
218 695 [4]
221 687 [9]
226 682 [9]
243 670 [4]
367 547 [0]
262 652 [8]
134 782 [2]
268 650 [2]
345 573 [1]
164 752 [4]
447 468 [7]
252 659 [7]
232 682 [4]
437 481 [0]
194 722 [7]
277 637 [4]
427 489 [0]
314 600 [5]
289 627 [4]
149 770 [5]
298 621 [4]
390 525 [9]
249 666 [9]
337 578 [4]
260 655 [7]
324 592 [9]
227 691 [2]
262 657 [9]
361 556 [3]
163 758 [8]
165 756 [0]
356 565 [3]
413 508 [5]
137 775 [9]
429 492 [0]
126 796 [3]
145 777 [2]
301 621 [0]
384 538 [0]
457 465 [8]
151 762 [9]
257 662 [9]
331 592 [9]
367 556 [3]
176 745 [4]
147 777 [2]
308 612 [5]
238 686 [0]
290 634 [9]
442 482 [0]
438 485 [0]
154 771 [2]
231 690 [4]
161 762 [2]
239 686 [0]
153 763 [2]
165 759 [5]
282 644 [9]
311 612 [3]
160 764 [2]
332 594 [8]
192 732 [9]
450 472 [3]
146 778 [2]
278 642 [4]
205 722 [0]
189 736 [2]
366 561 [7]
372 552 [8]
222 703 [2]
440 487 [1]
309 611 [7]
405 523 [6]
312 616 [4]
286 638 [2]
398 526 [4]
120 799 [9]
412 516 [2]
232 692 [4]
159 767 [8]
421 506 [0]
132 797 [0]
342 584 [3]
310 615 [3]
405 524 [1]
292 633 [4]
319 606 [4]
423 506 [0]
298 627 [4]
376 549 [4]
396 534 [6]
164 766 [2]
291 639 [3]
334 592 [9]
128 796 [3]
380 548 [4]
369 554 [2]
372 558 [0]
383 547 [1]
130 799 [9]
275 656 [5]
393 538 [0]
219 708 [3]
190 742 [0]
243 685 [4]
195 737 [0]
430 502 [2]
240 687 [9]
387 542 [3]
356 574 [2]
289 640 [4]
184 746 [9]
263 670 [0]
156 775 [9]
373 553 [7]
314 617 [5]
181 750 [5]
279 655 [7]
317 613 [4]
443 489 [0]
283 647 [4]
163 772 [0]
369 562 [8]
232 703 [0]
384 549 [2]
264 667 [6]
364 564 [1]
184 749 [4]
275 661 [5]
393 541 [1]
166 761 [9]
329 600 [3]
311 621 [4]
312 618 [7]
141 796 [3]
149 788 [1]
148 787 [8]
145 788 [4]
192 741 [4]
191 744 [9]
265 672 [2]
408 529 [5]
436 501 [0]
269 661 [4]
186 742 [3]
327 608 [4]
439 499 [7]
244 694 [0]
267 664 [5]
452 486 [0]
151 784 [3]
366 568 [4]
444 494 [1]
441 498 [5]
153 786 [8]
171 764 [4]
462 473 [4]
378 561 [7]
255 684 [2]
330 605 [7]
220 717 [2]
458 478 [3]
294 641 [4]
310 626 [3]
141 799 [9]
425 515 [0]
152 788 [0]
180 760 [7]
403 537 [1]
394 546 [2]
359 574 [7]
325 613 [4]
395 547 [1]
207 733 [2]
420 522 [1]
156 787 [0]
204 739 [2]
463 480 [3]
319 615 [4]
250 691 [2]
200 744 [2]
233 707 [2]
256 684 [2]
347 598 [1]
374 571 [0]
283 658 [9]
293 648 [7]
163 780 [2]
445 500 [5]
240 701 [2]
464 482 [9]
466 480 [3]
163 781 [2]
429 512 [5]
401 538 [5]
341 601 [1]
158 786 [8]
216 728 [2]
197 750 [5]
434 513 [4]
159 786 [8]
415 527 [5]
173 765 [6]
150 788 [9]
275 673 [9]
164 782 [2]
326 619 [7]
144 796 [9]
471 478 [8]
143 797 [3]
426 519 [9]
312 630 [6]
379 571 [7]
236 712 [9]
419 531 [3]
176 765 [9]
215 726 [8]
144 798 [9]
418 533 [2]
173 769 [2]
439 512 [7]
385 559 [5]
456 495 [3]
410 538 [4]
352 599 [0]
161 792 [4]
334 619 [7]
305 641 [5]
156 793 [4]
205 746 [9]
229 725 [4]
459 495 [8]
395 557 [1]
250 704 [5]
416 538 [0]
227 723 [2]
232 718 [2]
253 694 [5]
427 528 [0]
225 726 [2]
315 636 [4]
321 626 [4]
179 768 [9]
168 779 [9]
268 686 [2]
219 733 [4]
430 526 [2]
459 497 [3]
182 772 [2]
446 511 [8]
198 757 [2]
271 683 [7]
333 619 [7]
285 665 [7]
471 482 [8]
205 748 [4]
416 534 [7]
171 782 [4]
287 671 [4]
447 511 [6]
167 787 [4]
230 726 [2]
364 589 [1]
204 752 [2]
425 533 [2]
186 763 [2]
425 530 [5]
417 542 [0]
469 490 [7]
354 601 [3]
382 572 [4]
235 725 [0]
311 642 [4]
208 748 [4]
250 711 [0]
309 652 [8]
215 737 [8]
398 561 [7]
293 665 [4]
210 753 [0]
455 506 [0]
468 492 [7]
263 693 [4]
164 797 [2]
445 515 [3]
439 521 [3]
240 724 [0]
276 688 [3]
282 680 [9]
429 535 [0]
460 504 [1]
478 482 [4]
319 643 [4]
301 656 [7]
354 611 [3]
259 706 [2]
423 538 [4]
329 636 [2]
472 493 [5]
201 762 [2]
306 654 [5]
167 799 [4]
201 765 [2]
206 758 [8]
224 742 [0]
318 644 [9]
248 716 [8]
329 637 [4]
274 686 [7]
204 763 [2]
422 545 [8]
180 784 [9]
437 530 [6]
451 516 [2]
328 635 [0]
464 501 [9]
405 560 [9]
355 613 [8]
221 747 [2]
342 626 [3]
327 636 [2]
375 591 [2]
312 649 [3]
302 667 [6]
243 726 [4]
301 668 [2]
325 644 [9]
295 670 [4]
220 747 [2]
439 531 [3]
366 597 [7]
249 717 [7]
342 624 [3]
259 709 [2]
385 586 [5]
208 759 [5]
238 733 [0]
243 724 [4]
190 779 [9]
273 698 [9]
342 625 [3]
282 689 [4]
371 600 [3]
294 678 [5]
368 604 [0]
475 497 [3]
304 664 [9]
342 631 [3]
440 533 [1]
260 706 [7]
320 647 [7]
322 650 [2]
343 627 [7]
376 599 [0]
182 791 [2]
338 637 [4]
361 614 [1]
326 647 [2]
218 757 [4]
274 701 [2]
391 577 [2]
297 674 [2]
243 728 [4]
329 641 [4]
438 537 [1]
286 690 [0]
343 633 [7]
371 605 [7]
450 526 [3]
326 651 [4]
204 773 [2]
290 687 [9]
221 754 [2]
448 529 [8]
373 597 [7]
344 629 [4]
198 777 [2]
326 649 [3]
229 749 [4]
253 718 [2]
194 784 [7]
205 773 [2]
265 713 [7]
376 602 [3]
397 574 [7]
204 765 [2]
422 556 [3]
396 580 [6]
256 719 [4]
192 788 [4]
368 612 [3]
289 692 [4]
369 608 [4]
404 572 [4]
335 642 [4]
475 507 [6]
441 539 [9]
316 667 [6]
208 775 [9]
231 752 [4]
327 656 [6]
448 535 [0]
404 579 [4]
365 611 [7]
263 718 [2]
255 723 [7]
399 577 [2]
373 611 [2]
292 690 [2]
349 631 [5]
281 696 [5]
372 610 [2]
463 522 [1]
391 587 [9]
219 767 [8]
347 639 [3]
488 498 [5]
263 716 [7]
423 561 [7]
311 668 [2]
241 743 [2]
448 539 [9]
276 711 [0]
219 768 [0]
308 679 [4]
364 623 [1]
210 775 [9]
389 591 [7]
478 509 [2]
408 577 [5]
296 692 [0]
464 522 [1]
375 607 [9]
270 716 [2]
284 700 [2]
415 573 [9]
456 525 [9]
262 727 [0]
246 740 [2]
358 629 [2]
219 766 [2]
467 523 [6]
297 691 [2]
295 696 [5]
387 604 [0]
390 597 [4]
193 799 [8]
454 538 [1]
239 749 [4]
229 759 [4]
220 773 [2]
272 713 [7]
196 793 [4]
253 733 [5]
392 596 [2]
474 514 [7]
429 565 [3]
285 702 [2]
283 704 [5]
246 749 [4]
302 693 [4]
470 525 [9]
362 629 [4]
490 498 [5]
308 685 [5]
460 528 [0]
385 603 [5]
461 530 [6]
243 749 [4]
289 706 [4]
472 522 [1]
190 798 [9]
362 632 [4]
263 728 [7]
452 542 [4]
230 764 [4]
240 754 [5]
209 786 [8]
222 775 [9]
356 640 [8]
450 550 [3]
477 523 [6]
298 698 [4]
411 582 [7]
218 778 [4]
239 762 [0]
338 663 [3]
269 725 [4]
391 603 [7]
310 687 [9]
481 521 [0]
355 642 [8]
419 583 [1]
462 540 [0]
312 683 [7]
396 599 [0]
214 789 [0]
265 738 [1]
492 511 [0]
216 783 [4]
434 565 [3]
467 536 [0]
439 560 [9]
239 765 [6]
315 689 [4]
316 688 [3]
197 798 [9]
398 607 [9]
433 570 [8]
464 541 [9]
249 752 [4]
290 711 [7]
244 762 [0]
345 661 [1]
303 699 [0]
372 630 [6]
418 588 [2]
471 528 [0]
301 703 [2]
247 751 [8]
397 605 [7]
466 539 [9]
418 582 [2]
348 660 [9]
439 569 [7]
378 628 [9]
439 566 [7]
224 776 [9]
308 696 [5]
228 779 [9]
412 595 [2]
325 685 [0]
481 529 [0]
320 683 [7]
473 535 [2]
223 783 [4]
430 573 [2]
264 747 [2]
499 512 [7]
245 764 [2]
302 705 [4]
249 763 [2]
287 725 [4]
343 669 [7]
238 770 [5]
363 650 [2]
254 759 [4]
422 586 [5]
235 774 [4]
497 509 [2]
289 722 [4]
442 571 [0]
278 736 [2]
284 730 [3]
485 529 [0]
255 752 [4]
321 691 [4]
367 648 [7]
496 519 [8]
427 586 [2]
501 510 [4]
368 648 [7]
477 539 [9]
501 515 [0]
319 693 [4]
501 513 [4]
434 581 [2]
222 791 [2]
294 719 [4]
483 534 [3]
336 679 [4]
315 698 [4]
273 745 [4]
455 563 [1]
493 525 [9]
319 695 [4]
268 741 [9]
291 728 [0]
424 595 [0]
300 715 [7]
352 668 [2]
389 631 [7]
219 794 [7]
261 756 [3]
386 635 [7]
257 765 [4]
417 605 [7]
481 541 [0]
274 746 [9]
384 633 [5]
469 548 [7]
267 756 [5]
389 634 [9]
309 710 [7]
378 638 [2]
247 777 [2]
433 591 [3]
484 540 [0]
383 636 [2]
237 784 [3]
293 727 [0]
440 582 [1]
278 747 [2]
423 595 [7]
361 659 [7]
276 745 [4]
413 613 [4]
440 581 [1]
296 723 [2]
277 750 [5]
465 554 [8]
287 741 [4]
329 699 [0]
500 521 [3]
417 604 [7]
450 571 [3]
282 738 [1]
350 679 [4]
421 608 [4]
447 577 [2]
441 586 [2]
251 776 [2]
351 674 [5]
317 713 [7]
468 562 [7]
404 619 [7]
256 770 [5]
399 632 [7]
423 608 [4]
422 604 [5]
284 748 [4]
301 724 [7]
510 522 [1]
280 748 [4]
238 790 [4]
504 529 [8]
372 654 [7]
472 554 [2]
461 569 [6]
257 772 [4]
317 717 [0]
299 728 [7]
489 546 [2]
494 541 [1]
451 584 [8]
337 698 [9]
356 676 [3]
463 572 [4]
467 567 [2]
502 530 [3]
246 791 [2]
333 704 [5]
418 617 [2]
243 790 [4]
481 556 [0]
260 770 [7]
361 674 [2]
475 557 [8]
396 642 [4]
472 566 [9]
365 666 [7]
448 583 [7]
298 741 [4]
302 737 [0]
423 611 [2]
505 534 [0]
264 776 [2]
364 676 [1]
385 655 [7]
377 656 [5]
273 760 [7]
473 568 [0]
295 746 [9]
418 623 [2]
393 646 [2]
455 581 [1]
417 619 [7]
486 555 [1]
365 669 [7]
339 703 [0]
375 667 [6]
398 644 [9]
387 648 [7]
350 688 [3]
271 767 [7]
449 588 [5]
384 659 [7]
259 782 [2]
337 707 [2]
462 575 [7]
245 797 [2]
255 790 [7]
482 561 [7]
503 535 [6]
467 576 [8]
313 730 [3]
355 688 [8]
319 724 [4]
463 583 [3]
481 565 [0]
341 701 [2]
373 666 [9]
427 617 [9]
425 622 [0]
335 712 [7]
515 525 [9]
370 677 [5]
523 524 [6]
288 754 [5]
277 771 [2]
368 680 [9]
323 721 [7]
376 672 [2]
470 571 [3]
423 618 [7]
379 669 [7]
465 583 [8]
455 588 [1]
270 779 [9]
402 648 [7]
507 543 [6]
275 773 [2]
256 790 [4]
438 605 [7]
514 535 [7]
327 719 [6]
312 732 [9]
469 577 [7]
411 637 [4]
513 539 [9]
288 759 [5]
501 544 [9]
499 550 [7]
517 536 [6]
461 593 [6]
468 579 [7]
408 639 [5]
319 731 [4]
259 796 [3]
508 547 [1]
430 618 [2]
413 636 [2]
379 673 [9]
444 612 [3]
366 691 [0]
352 700 [5]
339 719 [0]
526 532 [0]
496 555 [8]
281 778 [2]
267 792 [5]
305 754 [5]
474 585 [8]
361 698 [9]
509 548 [2]
506 553 [0]
376 679 [4]
449 609 [6]
326 731 [4]
291 766 [2]
439 618 [7]
260 798 [7]
283 775 [9]
482 575 [5]
472 588 [2]
396 659 [7]
390 665 [7]
317 746 [9]
335 728 [0]
386 677 [7]
473 590 [8]
377 679 [4]
411 650 [2]
346 710 [1]
347 717 [8]
287 775 [9]
454 605 [1]
471 593 [8]
484 580 [6]
437 619 [7]
330 735 [7]
471 594 [8]
374 686 [5]
495 570 [8]
382 676 [7]
296 770 [5]
461 605 [6]
448 612 [3]
477 586 [8]
422 644 [9]
302 762 [4]
488 580 [6]
412 651 [4]
308 761 [5]
399 670 [7]
314 748 [5]
276 784 [9]
332 735 [2]
368 694 [7]
346 716 [1]
456 614 [1]
458 608 [4]
453 613 [4]
394 671 [8]
473 589 [8]
409 662 [9]
519 552 [8]
282 785 [4]
517 555 [6]
523 544 [6]
324 741 [5]
350 718 [2]
374 691 [7]
456 613 [4]
269 797 [4]
343 723 [7]
413 654 [5]
421 645 [4]
370 705 [5]
358 715 [7]
441 632 [2]
524 547 [1]
326 750 [5]
424 652 [8]
529 546 [2]
419 650 [2]
374 704 [5]
408 663 [5]
307 767 [8]
329 750 [5]
377 702 [2]
537 542 [1]
288 786 [8]
368 704 [5]
489 585 [0]
460 620 [1]
493 587 [9]
341 735 [1]
422 653 [9]
405 670 [1]
326 751 [3]
483 598 [1]
523 559 [6]
363 712 [7]
533 545 [8]
418 664 [2]
284 794 [7]
532 550 [0]
523 554 [6]
353 730 [3]
377 706 [5]
482 601 [6]
484 599 [0]
392 689 [4]
521 562 [3]
421 663 [3]
509 568 [2]
352 727 [0]
289 791 [4]
410 675 [2]
374 709 [3]
487 598 [1]
323 763 [7]
397 689 [4]
347 737 [8]
521 565 [3]
354 725 [3]
308 774 [5]
432 655 [6]
528 554 [0]
291 793 [4]
358 725 [5]
386 695 [7]
371 718 [2]
337 745 [4]
401 681 [5]
476 614 [1]
477 613 [8]
431 659 [7]
481 604 [0]
499 592 [9]
297 787 [2]
524 563 [1]
292 796 [3]
492 597 [2]
460 632 [1]
473 619 [7]
387 707 [2]
416 678 [5]
325 762 [7]
462 633 [0]
323 768 [7]
489 606 [0]
309 787 [7]
420 676 [8]
455 641 [1]
319 768 [4]
385 709 [5]
495 596 [2]
299 791 [7]
401 696 [5]
451 644 [9]
510 580 [6]
324 766 [2]
473 624 [3]
506 591 [0]
519 578 [9]
416 679 [4]
430 668 [2]
419 674 [1]
443 650 [2]
434 665 [0]
363 729 [2]
305 787 [5]
474 621 [8]
369 724 [7]
430 671 [2]
503 598 [1]
348 749 [4]
313 789 [0]
357 745 [4]
443 652 [8]
480 622 [3]
430 665 [2]
531 566 [3]
441 656 [5]
385 718 [2]
304 796 [3]
471 633 [8]
530 567 [5]
371 726 [2]
412 690 [2]
307 798 [0]
374 731 [4]
475 630 [8]
491 614 [1]
506 599 [0]
444 662 [9]
455 651 [1]
474 630 [6]
457 644 [9]
397 702 [2]
367 732 [0]
376 731 [4]
392 715 [7]
461 646 [6]
470 637 [3]
459 643 [7]
406 701 [2]
423 682 [2]
310 793 [3]
353 747 [2]
350 753 [4]
493 615 [5]
546 562 [2]
431 675 [2]
418 691 [2]
450 659 [7]
461 643 [6]
413 697 [5]
411 694 [5]
345 766 [2]
445 666 [9]
460 651 [1]
366 741 [4]
508 598 [1]
412 700 [0]
514 598 [1]
319 789 [4]
370 743 [5]
461 652 [6]
518 595 [3]
364 750 [5]
548 566 [4]
436 678 [5]
415 699 [0]
471 643 [7]
365 742 [7]
550 564 [0]
405 711 [1]
479 637 [8]
414 698 [9]
402 714 [2]
356 756 [4]
372 740 [4]
521 590 [3]
558 559 [0]
481 631 [0]
414 696 [5]
554 564 [2]
435 682 [1]
454 663 [1]
349 771 [2]
505 615 [6]
511 609 [6]
537 583 [1]
372 742 [7]
382 734 [5]
436 684 [2]
412 708 [3]
323 792 [7]
410 707 [2]
351 768 [5]
326 793 [4]
461 664 [6]
534 586 [5]
508 617 [9]
453 665 [7]
384 736 [5]
548 578 [4]
554 572 [4]
425 699 [0]
330 792 [7]
560 567 [9]
340 780 [7]
325 798 [4]
326 797 [4]
378 750 [5]
504 622 [2]
364 765 [1]
545 584 [8]
333 797 [0]
371 759 [5]
363 760 [7]
369 762 [0]
391 740 [0]
498 633 [5]
516 616 [2]
384 749 [4]
532 601 [6]
527 607 [9]
422 704 [5]
491 643 [7]
495 635 [1]
543 592 [9]
338 798 [0]
524 612 [3]
351 778 [5]
511 623 [2]
456 676 [3]
436 701 [2]
338 792 [4]
367 771 [2]
369 770 [5]
380 759 [5]
549 590 [8]
362 773 [2]
472 668 [2]
556 580 [3]
436 705 [4]
533 608 [4]
506 634 [0]
565 576 [3]
519 617 [9]
400 742 [0]
479 663 [8]
380 757 [5]
372 763 [2]
391 744 [7]
521 614 [3]
503 640 [8]
479 656 [8]
507 631 [6]
427 714 [2]
556 585 [3]
453 686 [5]
476 666 [9]
564 572 [4]
532 608 [4]
430 716 [2]
489 657 [9]
559 587 [9]
464 682 [9]
424 723 [2]
539 608 [4]
495 647 [8]
388 755 [4]
441 707 [2]
494 654 [1]
380 769 [2]
406 743 [0]
495 654 [8]
517 627 [6]
540 610 [0]
442 701 [2]
426 717 [7]
395 750 [5]
411 734 [5]
574 577 [2]
464 680 [9]
491 660 [9]
449 697 [5]
510 642 [4]
536 616 [4]
558 594 [8]
561 587 [7]
500 646 [5]
504 647 [2]
570 578 [8]
436 718 [2]
399 751 [7]
562 592 [9]
444 705 [4]
436 719 [0]
569 582 [5]
446 704 [5]
476 680 [9]
496 658 [9]
531 620 [3]
401 750 [5]
409 748 [4]
479 678 [5]
563 592 [9]
415 734 [8]
370 780 [5]
456 702 [2]
503 655 [7]
363 789 [1]
515 637 [4]
534 620 [8]
533 624 [2]
436 722 [2]
383 772 [5]
500 653 [5]
559 601 [6]
578 580 [6]
570 591 [8]
576 585 [8]
369 785 [7]
413 741 [5]
516 646 [2]
517 645 [6]
573 589 [9]
446 714 [2]
535 625 [3]
533 622 [2]
561 597 [7]
551 612 [3]
424 734 [5]
429 729 [2]
385 771 [2]
425 739 [6]
501 663 [3]
362 795 [7]
468 692 [7]
485 678 [5]
517 646 [6]
375 785 [5]
535 629 [2]
493 674 [5]
453 707 [2]
514 653 [7]
556 609 [3]
373 795 [0]
557 610 [1]
393 776 [0]
572 596 [4]
520 649 [3]
388 777 [2]
383 781 [5]
393 777 [2]
465 697 [8]
581 589 [1]
542 622 [7]
514 657 [9]
485 687 [9]
423 750 [5]
424 749 [4]
429 744 [0]
379 795 [7]
485 689 [0]
583 592 [9]
490 683 [2]
377 791 [5]
427 749 [4]
542 634 [9]
557 614 [1]
404 773 [2]
419 758 [8]
429 748 [4]
457 712 [7]
458 712 [7]
434 741 [2]
499 671 [7]
516 655 [2]
474 696 [5]
544 635 [1]
379 794 [7]
405 770 [5]
410 763 [2]
405 771 [2]
569 613 [4]
587 595 [9]
571 604 [7]
557 617 [9]
528 655 [0]
544 639 [3]
544 638 [2]
572 610 [4]
497 682 [3]
500 677 [5]
456 729 [2]
469 716 [7]
562 623 [8]
535 645 [4]
410 773 [2]
484 702 [2]
390 789 [7]
401 780 [5]
530 651 [5]
584 598 [1]
421 757 [8]
518 660 [3]
411 768 [7]
451 730 [3]
564 618 [5]
508 679 [4]
421 758 [8]
419 769 [1]
431 757 [0]
550 639 [3]
431 759 [5]
506 684 [0]
498 690 [5]
570 615 [8]
538 652 [8]
392 793 [5]
416 775 [9]
446 745 [4]
390 794 [7]
483 708 [3]
475 717 [8]
509 679 [2]
404 781 [1]
531 662 [3]
505 688 [3]
536 655 [7]
444 744 [5]
408 780 [5]
442 752 [4]
475 711 [8]
511 681 [2]
545 650 [2]
551 644 [3]
428 768 [0]
550 646 [0]
443 748 [4]
439 755 [7]
570 626 [8]
522 675 [1]
566 631 [9]
547 648 [7]
420 772 [8]
503 689 [4]
486 704 [5]
500 693 [5]
576 617 [8]
499 693 [7]
516 684 [2]
442 751 [7]
469 726 [7]
568 632 [0]
548 653 [4]
553 648 [7]
520 681 [0]
493 701 [2]
562 635 [1]
490 704 [5]
436 761 [9]
563 640 [8]
600 603 [3]
594 609 [8]
513 682 [4]
596 599 [0]
519 685 [9]
482 715 [7]
526 673 [9]
466 739 [6]
590 615 [8]
513 692 [4]
582 623 [0]
401 799 [5]
438 760 [7]
563 643 [1]
454 747 [2]
417 782 [7]
561 643 [7]
511 696 [5]
512 695 [2]
551 649 [3]
524 684 [2]
543 665 [6]
445 756 [7]
445 764 [0]
555 654 [1]
435 775 [1]
502 708 [3]
456 747 [2]
417 794 [7]
604 607 [9]
490 716 [5]
409 794 [7]
532 674 [5]
469 743 [7]
499 713 [7]
548 664 [4]
557 655 [7]
597 615 [6]
455 753 [1]
425 783 [5]
525 688 [9]
525 689 [4]
571 643 [7]
435 774 [1]
510 700 [5]
471 736 [8]
599 618 [0]
501 714 [2]
427 785 [5]
597 621 [0]
479 731 [8]
593 626 [8]
552 667 [6]
595 622 [2]
506 714 [0]
573 639 [3]
478 737 [5]
466 750 [5]
463 757 [3]
549 673 [9]
600 623 [3]
610 614 [1]
478 739 [6]
428 796 [3]
504 716 [5]
489 735 [0]
487 735 [5]
550 669 [8]
505 724 [0]
515 714 [2]
432 798 [6]
568 661 [1]
426 797 [7]
594 637 [8]
613 618 [4]
544 679 [4]
553 677 [1]
427 799 [9]
533 693 [2]
448 784 [0]
465 759 [8]
494 738 [1]
505 728 [0]
599 634 [9]
587 646 [9]
593 635 [1]
509 725 [2]
551 683 [3]
584 648 [7]
450 779 [3]
498 737 [5]
536 694 [5]
500 731 [5]
470 767 [8]
483 754 [3]
466 766 [2]
538 694 [5]
442 796 [3]
507 723 [6]
463 767 [8]
594 636 [8]
574 664 [9]
468 763 [2]
563 670 [1]
518 721 [3]
593 646 [8]
614 625 [1]
566 672 [2]
586 653 [9]
473 767 [8]
485 755 [0]
520 720 [8]
551 689 [3]
522 713 [1]
509 724 [2]
580 661 [6]
590 643 [8]
489 752 [4]
454 789 [1]
469 769 [7]
473 762 [8]
517 727 [0]
617 628 [9]
516 727 [0]
482 756 [7]
567 677 [1]
578 662 [9]
550 696 [5]
454 788 [1]
575 672 [2]
469 773 [7]
622 625 [3]
604 643 [7]
590 650 [8]
545 695 [8]
445 797 [7]
467 777 [2]
452 798 [0]
552 693 [8]
538 713 [7]
621 630 [6]
508 745 [4]
570 681 [8]
453 794 [7]
559 696 [5]
608 647 [4]
576 671 [8]
533 721 [2]
527 730 [3]
490 759 [5]
545 714 [8]
599 660 [0]
472 780 [7]
597 661 [1]
602 658 [9]
498 757 [5]
482 779 [9]
581 676 [5]
611 652 [8]
541 722 [1]
504 754 [5]
626 632 [1]
479 785 [8]
475 781 [8]
536 729 [2]
581 684 [2]
597 660 [9]
480 786 [8]
600 666 [9]
590 675 [8]
620 639 [3]
586 673 [9]
495 773 [2]
619 649 [7]
546 722 [2]
589 680 [9]
487 783 [0]
552 718 [8]
585 677 [8]
505 757 [8]
473 790 [8]
480 792 [3]
503 769 [6]
493 774 [5]
542 725 [5]
609 663 [6]
630 637 [6]
564 709 [3]
518 756 [3]
584 688 [8]
585 684 [2]
612 663 [3]
550 717 [8]
601 675 [6]
488 783 [5]
549 727 [0]
572 700 [4]
588 690 [0]
496 778 [8]
609 666 [6]
508 772 [1]
516 760 [7]
560 721 [9]
575 707 [2]
583 691 [8]
492 785 [5]
595 686 [1]
524 759 [5]
590 693 [8]
530 754 [5]
524 755 [5]
532 744 [8]
603 681 [0]
593 692 [8]
584 699 [0]
604 676 [5]
567 710 [3]
539 747 [2]
524 757 [5]
588 698 [9]
509 779 [2]
587 701 [2]
498 791 [5]
532 757 [0]
579 710 [3]
635 652 [8]
630 659 [7]
563 722 [1]
625 666 [3]
495 797 [8]
518 769 [3]
550 737 [5]
591 703 [0]
599 696 [0]
526 770 [5]
578 718 [2]
630 666 [9]
556 739 [3]
526 763 [2]
594 704 [8]
607 691 [9]
514 783 [7]
608 684 [4]
625 676 [3]
536 761 [9]
577 726 [2]
579 724 [4]
564 739 [6]
618 685 [0]
557 746 [9]
551 753 [3]
601 703 [6]
540 756 [8]
599 697 [0]
553 753 [0]
622 684 [2]
627 679 [4]
574 731 [4]
538 764 [5]
567 741 [0]
646 662 [9]
651 652 [8]
520 781 [8]
584 720 [8]
641 669 [4]
566 739 [6]
558 754 [0]
620 692 [8]
517 796 [3]
549 764 [0]
530 776 [5]
537 777 [2]
578 730 [3]
633 683 [0]
635 681 [1]
627 689 [4]
573 739 [6]
605 712 [7]
598 720 [1]
615 704 [5]
645 675 [4]
533 788 [2]
651 671 [4]
631 690 [1]
536 784 [2]
600 718 [2]
572 752 [4]
634 690 [9]
532 785 [8]
617 709 [9]
639 686 [3]
550 770 [5]
538 791 [0]
626 704 [5]
650 680 [2]
655 670 [7]
543 788 [6]
662 669 [9]
658 674 [9]
597 736 [0]
620 712 [7]
555 770 [5]
582 751 [0]
620 714 [2]
622 712 [7]
628 706 [0]
541 795 [1]
545 791 [8]
610 726 [2]
664 671 [9]
613 719 [4]
601 737 [6]
622 716 [0]
642 688 [4]
614 719 [1]
627 703 [8]
616 723 [4]
595 736 [8]
569 771 [2]
579 752 [4]
643 697 [7]
624 718 [2]
602 740 [3]
549 792 [4]
562 782 [8]
613 731 [4]
547 792 [1]
618 725 [1]
631 715 [7]
665 676 [5]
667 678 [6]
629 721 [0]
579 763 [2]
555 787 [1]
576 768 [8]
590 762 [8]
563 785 [1]
616 738 [1]
565 782 [3]
564 783 [8]
639 717 [3]
558 790 [8]
613 744 [4]
630 720 [8]
672 685 [2]
650 709 [2]
603 748 [4]
594 757 [8]
586 773 [2]
625 727 [3]
588 772 [1]
574 787 [1]
580 784 [6]
637 719 [4]
670 694 [0]
673 692 [9]
654 711 [0]
624 741 [3]
590 774 [8]
604 762 [0]
591 775 [9]
581 786 [8]
648 715 [7]
636 732 [2]
681 688 [3]
628 742 [0]
607 762 [9]
634 737 [9]
575 795 [1]
610 760 [7]
673 699 [9]
587 778 [9]
591 781 [1]
623 751 [0]
645 729 [4]
606 769 [2]
684 691 [2]
610 766 [2]
618 758 [8]
661 715 [7]
655 722 [7]
624 754 [3]
620 760 [7]
655 725 [7]
671 707 [2]
658 716 [9]
637 738 [1]
648 735 [7]
691 692 [0]
607 777 [9]
596 790 [2]
593 785 [8]
647 740 [0]
626 756 [1]
609 778 [6]
654 734 [0]
643 746 [9]
674 715 [7]
639 751 [3]
680 703 [9]
635 756 [1]
646 747 [2]
683 708 [3]
647 745 [4]
690 699 [0]
635 761 [1]
600 788 [3]
658 730 [3]
689 707 [4]
632 765 [6]
656 742 [0]
653 740 [9]
688 714 [2]
682 720 [8]
699 705 [0]
667 738 [6]
656 749 [4]
618 789 [1]
629 779 [9]
682 727 [0]
657 753 [9]
632 779 [9]
623 780 [8]
630 783 [6]
705 708 [3]
624 789 [3]
681 726 [2]
684 732 [2]
625 793 [3]
702 717 [2]
635 783 [1]
638 783 [2]
673 740 [9]
681 733 [8]
698 721 [9]
678 743 [5]
674 744 [8]
644 784 [9]
702 718 [2]
713 716 [7]
672 758 [8]
632 790 [8]
711 720 [8]
700 733 [0]
709 723 [2]
642 794 [4]
677 751 [8]
655 782 [7]
665 772 [0]
711 726 [2]
635 795 [1]
664 774 [9]
664 776 [9]
677 764 [0]
685 757 [1]
691 752 [4]
702 738 [2]
688 759 [5]
713 735 [7]
716 732 [9]
668 781 [2]
685 765 [6]
717 733 [0]
707 745 [4]
670 782 [0]
710 743 [3]
678 770 [5]
694 760 [7]
677 778 [2]
721 727 [0]
668 794 [2]
705 757 [4]
694 767 [8]
682 782 [0]
712 751 [7]
709 755 [3]
711 755 [1]
733 735 [0]
701 767 [2]
707 760 [7]
722 747 [2]
710 760 [7]
719 753 [0]
674 797 [1]
731 740 [4]
694 780 [0]
722 752 [4]
681 786 [8]
703 773 [2]
719 758 [8]
691 787 [0]
732 747 [2]
706 775 [9]
689 795 [4]
697 788 [0]
727 761 [0]
692 795 [1]
710 780 [3]
743 747 [2]
707 778 [2]
729 765 [6]
742 753 [1]
740 751 [5]
748 749 [4]
715 776 [7]
706 794 [7]
724 777 [2]
734 767 [8]
727 775 [0]
736 766 [2]
699 798 [0]
709 793 [3]
730 776 [3]
738 769 [1]
744 766 [2]
716 793 [1]
728 785 [0]
752 761 [4]
738 782 [1]
740 780 [1]
753 769 [2]
748 774 [4]
733 794 [7]
763 766 [2]
756 767 [8]
739 796 [3]
736 799 [9]
743 793 [0]
754 786 [8]
755 787 [1]
772 777 [2]
771 782 [2]
771 785 [2]
751 799 [9]
767 791 [8]
764 797 [0]
773 790 [2]
781 786 [8]
764 798 [8]
786 791 [8]
789 792 [4]
783 798 [8]
795 797 [0]
