30
2
7
2
0
3
26
5
8
10
15
17
4
21
22
27
6
9
11
13
16
18
23
25
19
1
12
14
20
28
29
24
0 2 [0]
0 3 [0]
1 2 [0]
2 3 [0]
2 4 [0]
2 5 [0]
3 4 [0]
4 5 [0]
2 7 [0]
3 6 [1]
4 6 [1]
5 8 [0]
5 7 [1]
2 12 [0]
4 9 [1]
5 10 [0]
6 9 [0]
4 10 [1]
7 8 [1]
2 14 [0]
6 11 [1]
6 13 [0]
4 15 [1]
5 15 [0]
7 12 [1]
9 11 [0]
7 14 [0]
6 16 [0]
5 17 [0]
2 21 [0]
2 22 [0]
11 13 [0]
5 21 [0]
7 20 [0]
9 19 [0]
2 27 [0]
13 16 [0]
5 26 [0]
11 19 [1]
7 24 [0]
15 17 [0]
13 18 [1]
14 20 [0]
16 18 [0]
7 29 [0]
7 28 [1]
13 23 [1]
11 25 [1]
16 23 [0]
14 24 [1]
13 25 [1]
15 26 [1]
21 22 [0]
20 28 [0]
21 27 [0]
20 29 [0]
