1000
8
500
0
1
2
3
4
5
6
7
8
9
10
12
20
45
78
277
605
719
775
937
910
852
972
413
553
664
106
119
165
473
804
178
240
335
349
383
570
710
777
332
638
338
866
109
141
214
233
318
334
411
839
427
441
957
645
784
794
803
880
437
744
469
626
858
809
989
975
706
746
763
805
898
58
228
246
284
530
687
807
969
402
31
118
552
867
918
997
883
47
125
962
151
164
461
505
554
701
555
641
823
559
870
83
101
215
463
583
688
841
376
446
121
130
166
684
851
819
879
953
616
740
967
848
490
576
635
649
995
875
447
13
14
16
17
59
904
96
198
257
449
575
667
930
699
561
981
27
28
35
53
82
189
621
643
623
758
207
377
390
693
979
431
726
752
146
428
479
515
986
528
659
683
822
845
873
503
655
737
864
38
56
87
108
398
129
131
225
890
571
887
640
974
272
329
343
409
420
472
491
902
508
760
859
712
790
980
162
236
950
977
358
535
865
702
724
939
110
128
135
256
305
556
585
892
696
565
572
679
723
806
882
243
832
952
136
767
169
186
202
258
399
933
993
542
998
439
589
971
518
810
830
827
265
538
886
598
536
588
611
633
133
370
965
205
354
750
671
876
50
64
75
86
98
102
116
123
161
861
227
279
493
311
567
319
372
594
614
742
139
158
229
533
566
685
941
948
293
584
716
925
768
273
321
325
445
546
978
791
104
264
755
365
622
935
477
481
547
893
627
751
91
175
204
262
521
847
260
442
607
909
270
155
314
654
167
313
467
976
176
187
210
217
261
298
544
299
389
835
394
785
885
595
776
76
103
344
353
426
488
700
478
531
757
524
666
600
625
630
681
170
290
732
903
40
142
568
877
63
24
143
306
386
450
590
603
938
781
869
416
355
360
606
901
574
157
378
406
739
239
271
715
808
891
959
15
18
137
232
268
296
300
705
927
558
889
906
970
868
320
504
721
942
404
968
30
124
212
340
695
274
453
492
213
316
899
862
52
183
292
307
619
915
983
499
963
615
920
21
26
43
203
230
242
385
397
539
985
854
248
465
831
250
285
932
251
269
412
788
680
400
408
772
81
673
741
921
49
61
72
199
263
348
414
482
519
802
596
722
302
438
569
917
68
115
156
310
675
362
395
916
134
160
218
770
800
850
69
70
138
276
345
631
434
462
936
647
931
286
582
747
765
668
946
717
73
132
185
226
494
511
452
780
907
874
275
817
369
419
709
150
923
425
195
312
815
224
294
359
367
738
982
474
545
833
422
573
579
945
418
451
22
29
32
41
171
676
799
620
77
326
454
476
529
637
280
323
926
429
464
856
42
85
127
154
295
403
423
562
821
955
961
919
209
244
381
495
663
704
734
836
211
220
231
853
537
557
665
720
648
761
289
373
629
66
197
201
644
787
878
678
415
351
812
460
657
914
39
74
433
520
534
541
92
112
181
222
247
686
996
330
580
990
814
223
496
387
838
97
111
140
347
498
506
617
564
182
237
527
849
145
333
929
352
900
396
599
516
999
424
602
610
728
729
991
44
94
249
550
748
928
632
753
60
88
122
206
405
964
577
281
512
532
624
786
587
783
346
911
526
672
733
840
855
771
798
99
177
191
736
636
179
356
417
639
480
764
793
940
905
507
769
828
430
563
148
152
252
513
283
401
912
958
646
196
444
486
652
308
388
456
795
25
34
84
184
391
884
193
208
235
331
105
149
601
661
703
730
826
984
987
973
254
287
301
843
238
304
745
364
443
393
743
994
470
484
54
192
382
612
713
896
163
234
324
656
689
824
120
168
371
543
628
797
11
23
57
62
174
221
259
560
662
459
754
79
80
100
113
188
267
357
392
522
825
549
924
818
834
895
421
435
540
863
960
468
114
172
682
266
650
669
871
337
551
779
816
846
190
282
692
735
820
988
888
291
634
731
144
153
375
36
48
55
180
245
303
618
947
339
90
147
159
466
711
219
241
278
944
317
384
440
677
691
789
436
489
342
951
956
368
502
509
592
766
670
698
253
658
510
578
778
756
200
651
782
216
255
363
707
966
366
374
604
458
725
749
857
593
773
796
872
37
315
46
126
327
432
497
860
894
613
881
660
586
642
792
19
65
89
95
328
336
949
801
954
350
525
548
708
913
697
33
51
93
288
653
407
471
591
714
813
897
762
837
107
194
361
483
727
774
829
844
934
380
448
694
117
297
523
581
597
718
908
759
842
341
410
457
485
608
514
674
992
475
922
173
309
322
379
609
517
943
811
501
67
71
455
487
690
0 1 [0]
0 2 [2]
1 2 [0]
1 3 [2]
0 5 [6]
0 3 [2]
2 3 [0]
0 7 [0]
1 6 [6]
2 5 [6]
1 4 [6]
2 4 [1]
3 4 [0]
0 8 [6]
1 7 [6]
2 6 [6]
2 7 [6]
4 5 [0]
1 9 [0]
2 8 [1]
0 4 [6]
5 6 [0]
4 6 [1]
3 8 [1]
4 7 [1]
1 5 [6]
2 9 [1]
5 7 [1]
6 7 [0]
2 10 [1]
4 8 [1]
3 9 [1]
0 14 [5]
2 12 [0]
4 9 [1]
3 5 [6]
3 6 [6]
5 9 [1]
4 11 [3]
7 8 [0]
1 8 [6]
0 9 [6]
0 10 [0]
4 10 [1]
0 16 [5]
6 10 [1]
1 14 [5]
5 10 [1]
1 10 [5]
2 13 [1]
3 7 [6]
6 9 [1]
2 11 [4]
5 12 [1]
0 17 [1]
2 14 [1]
3 11 [3]
6 11 [3]
1 15 [1]
4 12 [1]
5 8 [4]
7 9 [7]
8 9 [0]
1 17 [5]
6 8 [4]
6 12 [1]
7 11 [2]
0 11 [7]
0 13 [5]
1 18 [1]
7 12 [5]
0 19 [5]
1 13 [5]
2 16 [1]
2 17 [5]
5 11 [3]
9 10 [0]
5 15 [7]
1 12 [5]
5 16 [7]
1 20 [5]
2 18 [1]
6 15 [0]
8 13 [4]
8 11 [2]
9 13 [4]
1 21 [3]
1 16 [5]
10 12 [0]
5 17 [1]
7 15 [7]
8 14 [4]
1 22 [7]
2 20 [1]
8 10 [7]
0 22 [1]
6 18 [7]
4 20 [1]
9 12 [1]
2 22 [4]
2 15 [1]
1 19 [4]
9 15 [0]
7 10 [7]
10 14 [0]
4 21 [7]
0 25 [5]
4 19 [2]
1 24 [5]
8 12 [1]
5 20 [1]
6 19 [2]
3 19 [3]
2 19 [4]
7 18 [7]
10 13 [2]
5 13 [7]
9 16 [4]
3 23 [4]
2 24 [0]
9 11 [6]
8 15 [3]
10 16 [2]
0 21 [5]
6 13 [7]
5 14 [7]
8 18 [0]
4 15 [7]
5 22 [3]
8 19 [6]
1 26 [0]
0 26 [1]
7 13 [7]
2 25 [0]
13 14 [0]
9 14 [4]
10 17 [0]
7 19 [6]
8 16 [4]
7 14 [7]
2 27 [1]
1 28 [5]
4 25 [4]
0 24 [5]
2 23 [4]
4 18 [7]
8 21 [3]
8 17 [4]
9 18 [2]
8 22 [3]
4 26 [4]
4 23 [3]
0 29 [1]
10 20 [4]
0 23 [7]
6 21 [7]
14 16 [0]
5 21 [4]
9 17 [4]
6 22 [3]
10 21 [6]
8 23 [2]
7 21 [3]
6 20 [1]
10 15 [6]
2 28 [1]
9 21 [2]
0 32 [1]
6 23 [3]
0 27 [5]
8 24 [3]
7 20 [5]
12 20 [0]
1 30 [1]
7 23 [2]
14 17 [1]
10 22 [0]
4 29 [7]
0 33 [7]
2 31 [1]
9 20 [4]
16 17 [0]
7 26 [3]
5 24 [4]
1 25 [7]
5 25 [3]
9 22 [2]
13 16 [4]
15 18 [0]
4 22 [7]
1 27 [5]
0 28 [5]
1 33 [4]
10 18 [6]
11 23 [0]
7 25 [2]
9 19 [6]
2 33 [4]
10 25 [6]
9 24 [2]
8 25 [2]
5 26 [4]
4 32 [7]
9 26 [2]
5 28 [5]
0 37 [7]
6 31 [5]
1 29 [7]
10 27 [0]
8 26 [3]
1 31 [5]
4 34 [4]
2 36 [4]
5 33 [0]
2 29 [7]
2 35 [1]
9 23 [6]
6 29 [3]
5 29 [4]
2 37 [6]
3 36 [3]
5 34 [3]
8 27 [4]
6 33 [0]
13 24 [2]
8 31 [3]
3 33 [3]
2 30 [7]
5 30 [4]
5 27 [7]
0 34 [5]
10 29 [6]
8 29 [2]
10 30 [6]
0 40 [1]
9 25 [6]
2 38 [5]
10 24 [6]
4 31 [5]
4 36 [3]
1 32 [1]
7 33 [0]
8 28 [4]
8 32 [2]
0 39 [1]
2 34 [4]
9 31 [4]
7 30 [3]
5 36 [3]
7 34 [3]
0 41 [1]
5 31 [5]
9 30 [2]
6 32 [3]
1 35 [5]
5 32 [4]
8 30 [3]
8 34 [2]
2 40 [1]
10 26 [6]
1 40 [1]
14 27 [1]
3 37 [3]
16 27 [2]
4 39 [4]
6 30 [7]
1 42 [7]
6 37 [3]
0 42 [1]
0 38 [5]
5 39 [4]
4 37 [3]
10 28 [6]
6 36 [2]
0 43 [5]
5 35 [4]
4 41 [7]
1 44 [0]
6 39 [3]
9 36 [2]
13 27 [0]
15 30 [5]
0 44 [1]
7 36 [2]
12 31 [2]
14 24 [7]
1 43 [1]
7 31 [7]
1 45 [5]
2 44 [4]
8 38 [4]
16 28 [2]
7 37 [2]
6 41 [3]
8 35 [4]
21 26 [0]
5 38 [4]
8 33 [6]
1 39 [7]
9 33 [6]
4 44 [4]
2 45 [1]
14 28 [5]
8 40 [3]
9 39 [6]
10 32 [6]
11 36 [1]
4 45 [1]
0 49 [1]
2 47 [1]
11 37 [5]
8 41 [0]
8 39 [2]
9 34 [6]
9 40 [2]
10 39 [6]
1 41 [7]
14 35 [1]
0 50 [5]
4 46 [2]
7 43 [4]
10 40 [6]
8 36 [6]
10 34 [6]
5 41 [4]
16 35 [6]
0 51 [1]
1 49 [1]
3 48 [3]
6 45 [5]
5 42 [4]
2 42 [7]
10 35 [6]
8 37 [6]
10 41 [6]
22 29 [0]
0 46 [7]
6 42 [3]
2 50 [1]
5 44 [4]
1 50 [1]
2 46 [4]
9 37 [6]
5 43 [4]
8 42 [2]
6 47 [5]
5 48 [3]
7 46 [2]
10 43 [6]
13 40 [2]
5 46 [2]
6 44 [3]
1 47 [5]
2 52 [7]
10 44 [6]
6 46 [2]
4 43 [7]
10 38 [6]
22 32 [7]
8 44 [2]
2 48 [4]
5 49 [0]
8 43 [3]
7 47 [7]
27 28 [0]
6 49 [3]
10 45 [4]
4 48 [3]
4 52 [0]
7 49 [3]
1 51 [4]
4 47 [5]
2 53 [1]
6 48 [2]
12 45 [5]
16 38 [3]
7 45 [5]
3 51 [3]
7 48 [2]
2 51 [4]
2 56 [1]
7 51 [6]
11 46 [1]
9 49 [2]
9 45 [4]
10 42 [6]
5 51 [2]
8 47 [3]
14 38 [6]
8 49 [3]
2 57 [4]
0 59 [0]
1 53 [5]
10 47 [2]
5 50 [4]
5 54 [2]
0 54 [5]
25 34 [0]
10 50 [6]
1 59 [5]
2 54 [4]
8 46 [6]
4 49 [7]
9 51 [6]
9 47 [4]
14 40 [7]
1 60 [7]
0 61 [1]
3 55 [3]
0 56 [5]
0 60 [1]
29 32 [0]
5 52 [4]
9 52 [2]
2 58 [1]
22 39 [5]
12 47 [2]
2 55 [4]
9 46 [6]
8 50 [3]
1 54 [7]
7 52 [3]
2 59 [1]
4 55 [3]
8 48 [6]
6 57 [3]
5 55 [3]
9 48 [6]
5 58 [1]
8 52 [3]
3 57 [3]
7 54 [2]
5 53 [1]
16 40 [7]
28 35 [0]
1 61 [1]
21 43 [7]
2 62 [4]
7 55 [2]
8 54 [2]
1 63 [1]
1 58 [5]
4 57 [3]
7 57 [6]
0 57 [7]
9 55 [6]
7 58 [7]
27 35 [4]
8 51 [6]
20 45 [0]
8 53 [4]
6 52 [7]
1 64 [1]
16 50 [2]
1 65 [7]
2 63 [1]
4 62 [3]
13 50 [3]
22 41 [3]
22 44 [1]
2 60 [4]
10 56 [6]
15 52 [4]
6 61 [3]
8 59 [4]
22 42 [0]
2 64 [1]
8 57 [2]
27 38 [0]
0 66 [1]
4 58 [5]
4 60 [4]
9 59 [4]
1 67 [3]
3 62 [3]
10 52 [6]
5 60 [3]
8 56 [4]
10 58 [3]
28 38 [2]
0 63 [5]
8 55 [6]
0 69 [1]
2 67 [3]
10 53 [6]
0 67 [7]
4 65 [2]
6 60 [3]
9 54 [6]
0 68 [1]
0 64 [5]
6 58 [5]
26 43 [0]
0 62 [7]
9 61 [2]
1 68 [1]
3 67 [6]
8 60 [2]
12 58 [6]
10 54 [6]
14 56 [6]
5 61 [4]
5 66 [4]
4 67 [6]
5 59 [7]
2 65 [4]
7 61 [3]
3 65 [3]
0 70 [1]
7 62 [2]
1 69 [1]
4 68 [7]
7 65 [6]
1 71 [3]
8 62 [2]
9 57 [6]
0 65 [5]
5 63 [4]
4 61 [7]
0 72 [1]
6 67 [6]
32 41 [0]
0 71 [7]
5 64 [4]
3 71 [2]
1 73 [1]
8 63 [3]
4 66 [4]
1 72 [1]
14 59 [1]
0 73 [1]
1 66 [7]
1 74 [7]
0 75 [5]
9 60 [6]
6 66 [3]
16 56 [3]
16 53 [6]
0 74 [1]
10 63 [2]
21 49 [5]
4 72 [4]
13 63 [2]
6 70 [3]
8 64 [4]
8 66 [2]
8 68 [2]
9 67 [6]
29 42 [5]
17 59 [0]
10 66 [6]
2 71 [3]
8 69 [2]
7 70 [3]
14 63 [7]
2 75 [1]
5 72 [4]
6 71 [6]
5 68 [4]
9 62 [6]
16 59 [6]
1 75 [1]
0 77 [1]
4 74 [4]
1 70 [1]
6 72 [3]
1 76 [1]
5 67 [6]
7 68 [3]
6 69 [3]
5 69 [4]
9 70 [2]
5 74 [4]
7 69 [3]
10 69 [0]
9 68 [2]
8 65 [6]
5 70 [4]
13 64 [3]
5 75 [0]
7 67 [6]
25 54 [1]
9 65 [6]
23 57 [0]
20 58 [2]
8 70 [2]
9 69 [2]
4 77 [4]
9 72 [2]
0 76 [5]
2 78 [1]
3 79 [4]
8 74 [2]
0 81 [1]
28 53 [7]
6 73 [3]
5 71 [6]
16 64 [2]
1 82 [5]
9 74 [6]
27 56 [0]
4 78 [1]
8 73 [2]
7 73 [3]
6 74 [3]
27 53 [3]
1 78 [5]
7 71 [6]
36 48 [0]
1 83 [1]
33 51 [0]
6 78 [5]
9 73 [2]
19 65 [0]
27 50 [7]
0 85 [5]
4 81 [7]
8 71 [6]
6 79 [3]
7 78 [1]
5 76 [4]
1 77 [1]
2 82 [1]
9 71 [6]
2 84 [4]
0 86 [5]
4 79 [3]
6 80 [3]
23 62 [1]
0 79 [7]
5 77 [4]
10 76 [6]
16 63 [7]
10 70 [6]
8 76 [3]
4 80 [3]
22 60 [5]
9 78 [5]
0 80 [1]
8 77 [2]
21 61 [5]
8 75 [4]
35 53 [0]
7 79 [2]
1 86 [1]
7 80 [2]
21 68 [5]
0 89 [7]
10 73 [6]
6 83 [1]
2 86 [1]
8 79 [2]
13 76 [2]
12 78 [5]
2 88 [0]
21 69 [0]
2 87 [1]
5 85 [3]
7 83 [7]
11 79 [1]
5 81 [4]
8 80 [2]
14 76 [2]
7 84 [3]
5 82 [4]
8 83 [4]
4 84 [4]
28 56 [0]
7 81 [3]
0 84 [5]
36 55 [4]
9 81 [2]
11 80 [1]
5 84 [3]
4 88 [4]
0 87 [5]
16 76 [7]
4 83 [5]
8 81 [3]
0 92 [1]
3 90 [4]
10 77 [6]
1 85 [7]
1 91 [1]
5 83 [5]
16 75 [2]
22 66 [5]
38 56 [0]
2 85 [7]
9 79 [6]
1 93 [0]
6 85 [3]
8 82 [4]
8 86 [4]
2 91 [1]
1 89 [4]
9 80 [6]
29 66 [5]
8 85 [2]
10 83 [2]
5 86 [4]
0 94 [1]
4 89 [2]
3 89 [3]
2 90 [4]
0 96 [1]
1 88 [7]
7 89 [2]
9 83 [4]
5 88 [3]
0 91 [5]
8 89 [6]
5 92 [4]
6 89 [2]
7 90 [2]
10 81 [6]
12 83 [2]
6 88 [3]
4 90 [3]
8 88 [2]
2 96 [1]
0 98 [5]
4 94 [4]
27 64 [7]
21 72 [5]
0 93 [5]
6 90 [2]
22 77 [3]
20 78 [3]
3 93 [3]
8 87 [4]
2 93 [4]
9 84 [6]
21 73 [5]
1 92 [7]
1 95 [4]
5 91 [4]
2 94 [4]
4 92 [4]
5 93 [2]
0 99 [1]
10 84 [6]
3 95 [3]
14 87 [6]
5 96 [5]
2 98 [1]
6 92 [3]
4 95 [2]
22 74 [5]
8 94 [2]
0 102 [5]
7 95 [6]
1 96 [5]
5 94 [3]
1 94 [7]
23 79 [1]
10 87 [6]
4 99 [4]
6 94 [3]
9 88 [6]
5 98 [4]
6 95 [2]
48 55 [0]
9 95 [6]
5 99 [0]
16 82 [6]
10 94 [6]
23 80 [1]
13 91 [2]
8 90 [6]
9 89 [6]
16 86 [2]
4 101 [5]
8 97 [2]
4 97 [4]
1 97 [7]
9 90 [6]
2 99 [4]
2 102 [1]
5 101 [5]
6 100 [2]
8 98 [4]
9 97 [6]
10 96 [6]
7 93 [6]
1 104 [1]
16 87 [3]
5 97 [4]
6 97 [3]
1 106 [1]
0 107 [4]
9 92 [6]
8 99 [2]
1 101 [5]
4 100 [3]
2 104 [1]
8 93 [6]
1 99 [7]
10 97 [6]
21 81 [5]
8 96 [4]
5 103 [5]
10 92 [6]
0 103 [5]
6 99 [3]
29 77 [0]
9 100 [6]
4 105 [3]
9 96 [4]
8 101 [3]
8 95 [6]
16 91 [2]
2 106 [1]
7 100 [2]
19 89 [1]
27 75 [7]
22 88 [5]
0 110 [1]
49 61 [0]
27 76 [7]
9 101 [4]
22 85 [3]
8 100 [2]
2 109 [1]
2 105 [4]
4 106 [1]
5 102 [4]
25 84 [2]
2 108 [1]
0 112 [1]
1 111 [7]
26 81 [5]
27 82 [3]
7 105 [2]
2 107 [3]
0 105 [7]
1 107 [4]
3 107 [3]
27 86 [1]
17 96 [3]
28 82 [3]
4 109 [1]
0 108 [5]
10 101 [2]
5 105 [3]
39 74 [0]
5 104 [4]
2 110 [1]
27 87 [3]
19 95 [0]
22 92 [6]
8 102 [4]
5 107 [2]
9 99 [6]
29 85 [5]
50 64 [0]
32 77 [5]
8 103 [3]
0 115 [1]
8 107 [6]
7 101 [7]
8 105 [2]
8 104 [3]
1 115 [0]
4 112 [7]
7 109 [1]
8 108 [0]
16 98 [2]
13 103 [2]
0 117 [4]
5 112 [4]
6 111 [3]
49 68 [0]
11 100 [6]
6 106 [5]
27 91 [7]
8 110 [4]
7 106 [5]
16 102 [2]
34 84 [0]
16 96 [6]
4 111 [4]
8 111 [0]
16 103 [2]
12 101 [6]
2 116 [1]
22 97 [0]
10 103 [6]
35 82 [3]
57 62 [0]
1 119 [5]
4 113 [3]
3 117 [3]
7 107 [6]
5 115 [7]
5 111 [4]
6 109 [5]
7 113 [2]
16 104 [2]
9 111 [6]
2 118 [1]
49 72 [0]
8 113 [2]
6 112 [3]
9 112 [6]
12 109 [6]
10 105 [6]
22 99 [5]
6 114 [2]
8 114 [6]
10 112 [6]
9 107 [6]
9 109 [4]
2 117 [3]
2 119 [1]
45 78 [0]
0 123 [5]
10 106 [7]
1 122 [4]
5 118 [5]
8 115 [2]
7 114 [2]
4 120 [3]
2 122 [7]
6 118 [7]
10 108 [6]
14 103 [7]
4 119 [1]
1 118 [5]
5 117 [2]
9 115 [0]
11 113 [0]
6 119 [1]
11 114 [5]
5 116 [4]
12 106 [7]
0 120 [1]
8 118 [4]
38 87 [7]
2 120 [4]
1 124 [1]
4 122 [4]
6 120 [3]
36 90 [4]
4 115 [7]
2 123 [1]
10 109 [7]
10 110 [6]
9 117 [6]
7 120 [2]
42 85 [0]
50 75 [7]
10 111 [6]
1 121 [5]
16 108 [3]
1 127 [7]
0 128 [5]
5 123 [4]
23 100 [0]
2 125 [1]
0 127 [1]
1 120 [7]
14 108 [6]
33 93 [2]
8 116 [4]
9 113 [6]
5 120 [3]
2 127 [7]
0 129 [5]
16 110 [3]
8 121 [3]
10 119 [7]
27 102 [0]
9 114 [6]
20 106 [3]
4 126 [3]
5 122 [3]
25 105 [1]
8 120 [2]
4 121 [5]
7 117 [6]
8 123 [0]
1 130 [5]
6 122 [3]
7 124 [3]
9 118 [4]
9 122 [0]
12 119 [6]
8 117 [6]
1 125 [5]
20 109 [2]
7 119 [5]
27 98 [7]
6 126 [0]
2 129 [1]
3 126 [3]
2 126 [4]
7 118 [7]
8 122 [2]
12 118 [6]
2 124 [1]
2 131 [1]
5 126 [2]
0 132 [1]
5 124 [4]
61 72 [0]
10 121 [2]
0 126 [7]
0 134 [5]
8 126 [0]
9 121 [4]
16 116 [2]
6 121 [7]
4 125 [5]
7 126 [2]
8 127 [3]
7 121 [7]
27 108 [3]
8 124 [3]
53 82 [0]
9 124 [2]
1 134 [1]
21 115 [5]
6 130 [7]
5 127 [4]
8 125 [3]
23 113 [0]
6 127 [3]
10 120 [6]
6 125 [7]
2 133 [1]
7 130 [7]
27 103 [7]
6 124 [7]
1 137 [1]
28 110 [7]
39 97 [2]
27 104 [7]
44 94 [0]
48 90 [0]
39 92 [7]
0 133 [5]
9 125 [4]
50 86 [4]
11 126 [1]
10 128 [0]
0 139 [7]
1 138 [1]
69 70 [0]
7 125 [7]
7 132 [3]
2 136 [1]
22 112 [5]
64 75 [0]
8 131 [3]
12 121 [6]
20 119 [3]
4 130 [5]
0 138 [1]
8 128 [4]
0 135 [5]
10 131 [0]
8 130 [4]
8 129 [4]
0 136 [5]
6 132 [3]
16 123 [2]
23 114 [5]
8 134 [2]
5 133 [4]
0 142 [5]
10 130 [2]
8 132 [2]
2 139 [1]
2 141 [0]
5 138 [4]
9 132 [2]
6 137 [0]
9 134 [2]
56 87 [0]
5 134 [4]
12 125 [6]
9 130 [4]
0 144 [7]
1 143 [1]
5 139 [4]
6 138 [7]
7 137 [3]
27 110 [7]
15 124 [5]
34 105 [5]
7 134 [3]
50 91 [3]
51 93 [0]
10 135 [6]
5 140 [4]
7 138 [0]
14 128 [3]
8 133 [4]
10 129 [6]
14 131 [6]
2 142 [1]
6 140 [3]
2 143 [1]
8 139 [4]
8 135 [4]
69 73 [5]
16 128 [3]
8 136 [4]
5 143 [4]
0 148 [1]
60 88 [0]
4 137 [7]
1 140 [7]
8 138 [2]
8 137 [3]
16 129 [3]
8 140 [2]
9 137 [2]
50 98 [4]
10 132 [6]
22 122 [5]
2 147 [4]
31 118 [0]
14 135 [3]
14 129 [6]
2 146 [1]
9 141 [4]
39 111 [0]
16 131 [3]
10 140 [6]
27 123 [7]
14 133 [3]
27 116 [7]
2 149 [4]
8 143 [0]
4 144 [3]
0 150 [1]
45 106 [0]
16 133 [2]
1 146 [5]
4 148 [3]
8 144 [6]
9 143 [2]
38 108 [7]
10 142 [6]
6 144 [2]
50 102 [4]
10 136 [6]
6 141 [5]
8 142 [3]
2 151 [1]
3 147 [3]
7 144 [2]
9 144 [6]
9 142 [2]
4 145 [4]
15 137 [2]
1 145 [7]
10 137 [6]
50 104 [0]
8 146 [4]
2 152 [0]
10 138 [6]
0 154 [1]
2 148 [4]
5 145 [4]
45 109 [4]
4 147 [3]
30 124 [0]
16 136 [3]
9 140 [6]
18 137 [0]
7 141 [7]
38 110 [7]
6 147 [2]
21 134 [5]
8 145 [2]
39 112 [0]
7 149 [5]
1 148 [7]
2 154 [0]
7 147 [2]
4 149 [3]
4 152 [4]
10 146 [6]
1 155 [1]
4 153 [0]
6 148 [3]
7 150 [3]
1 151 [5]
33 117 [7]
0 156 [1]
13 142 [2]
5 149 [3]
29 127 [1]
16 139 [2]
9 148 [6]
51 107 [1]
1 150 [7]
6 152 [3]
8 148 [2]
13 143 [2]
1 156 [1]
10 141 [7]
16 142 [7]
21 132 [5]
6 150 [3]
9 150 [2]
6 153 [2]
5 154 [4]
1 157 [1]
79 80 [0]
5 150 [4]
8 149 [2]
12 141 [6]
10 143 [6]
10 150 [6]
6 154 [3]
2 158 [1]
11 144 [5]
8 150 [2]
9 151 [4]
4 151 [5]
1 152 [7]
2 157 [1]
0 155 [5]
9 145 [6]
10 145 [6]
0 160 [1]
64 91 [6]
8 147 [6]
75 86 [0]
0 162 [1]
5 157 [5]
27 128 [7]
6 151 [7]
10 152 [6]
16 146 [6]
27 135 [0]
8 151 [3]
7 153 [2]
8 152 [2]
1 154 [7]
0 157 [5]
8 155 [3]
0 163 [5]
5 158 [4]
20 141 [2]
12 151 [6]
28 133 [2]
0 158 [5]
28 128 [7]
14 142 [7]
1 163 [7]
7 157 [7]
28 136 [7]
49 115 [6]
14 143 [7]
5 155 [4]
10 148 [6]
10 149 [6]
8 157 [0]
7 151 [7]
5 156 [4]
9 156 [6]
11 153 [1]
3 159 [3]
5 161 [4]
2 164 [1]
7 159 [0]
0 161 [5]
4 159 [3]
38 128 [7]
24 143 [0]
1 166 [5]
7 160 [3]
22 145 [5]
8 153 [6]
4 156 [7]
9 152 [6]
27 133 [7]
6 159 [2]
13 155 [0]
2 165 [1]
56 110 [2]
9 153 [6]
4 165 [5]
5 160 [4]
2 167 [1]
2 163 [4]
9 160 [2]
38 131 [7]
51 117 [7]
27 136 [7]
2 168 [4]
42 127 [1]
1 164 [5]
8 158 [4]
50 116 [4]
4 163 [3]
28 135 [7]
38 129 [7]
8 160 [2]
6 165 [5]
0 171 [7]
7 164 [7]
64 104 [6]
1 165 [5]
5 163 [3]
7 165 [5]
47 125 [0]
2 169 [1]
1 170 [1]
7 163 [2]
13 157 [2]
0 167 [5]
38 135 [5]
0 173 [4]
7 166 [0]
2 170 [1]
10 163 [0]
8 161 [4]
4 164 [5]
27 146 [6]
38 133 [2]
8 159 [6]
10 157 [6]
75 98 [3]
27 139 [7]
16 155 [2]
25 149 [1]
1 173 [3]
8 162 [4]
8 166 [4]
0 169 [5]
28 146 [7]
8 167 [3]
9 166 [4]
4 171 [7]
4 166 [5]
4 168 [3]
5 170 [7]
8 164 [3]
22 148 [5]
0 170 [5]
5 168 [3]
8 168 [2]
10 166 [6]
38 136 [2]
5 167 [4]
1 168 [7]
0 177 [1]
2 175 [1]
6 168 [3]
9 164 [4]
12 165 [0]
16 161 [7]
7 168 [2]
75 102 [0]
6 172 [2]
1 177 [0]
50 123 [5]
5 173 [2]
10 168 [6]
10 162 [6]
9 163 [6]
3 173 [2]
14 157 [7]
1 176 [1]
2 173 [3]
75 104 [3]
0 179 [1]
7 172 [2]
8 171 [2]
76 103 [0]
10 169 [6]
1 171 [7]
22 152 [5]
14 162 [3]
2 176 [1]
6 166 [7]
2 174 [4]
2 178 [1]
80 100 [0]
7 173 [0]
5 171 [4]
0 175 [5]
10 170 [6]
3 174 [3]
16 162 [3]
79 100 [5]
7 174 [2]
8 169 [4]
0 174 [7]
0 176 [5]
10 171 [6]
21 160 [0]
4 178 [1]
5 177 [3]
8 174 [6]
40 142 [0]
9 173 [6]
21 156 [5]
8 172 [2]
0 181 [1]
12 164 [6]
13 167 [3]
1 182 [7]
36 147 [4]
9 174 [6]
49 134 [6]
6 174 [3]
68 115 [0]
2 177 [4]
35 146 [0]
34 149 [1]
6 178 [1]
14 170 [2]
29 154 [1]
89 95 [0]
83 101 [0]
5 175 [4]
86 98 [0]
0 185 [1]
4 177 [4]
1 183 [1]
5 176 [4]
16 167 [2]
16 169 [0]
13 170 [2]
2 179 [4]
6 177 [3]
2 184 [4]
5 181 [4]
56 128 [2]
3 180 [3]
16 170 [2]
39 145 [0]
45 141 [2]
14 169 [3]
39 140 [7]
4 180 [3]
1 179 [7]
0 187 [5]
4 183 [7]
8 177 [2]
8 176 [3]
56 129 [7]
4 179 [4]
6 182 [3]
1 187 [5]
2 186 [1]
11 172 [5]
5 180 [3]
9 179 [6]
20 165 [3]
6 179 [3]
50 139 [0]
25 163 [1]
4 181 [4]
27 155 [7]
8 179 [2]
7 180 [2]
8 182 [2]
7 183 [3]
9 181 [6]
56 131 [3]
7 178 [5]
4 182 [4]
6 181 [3]
2 187 [1]
16 175 [2]
0 186 [5]
13 175 [3]
0 184 [7]
4 184 [3]
5 182 [4]
9 182 [6]
10 181 [0]
56 135 [2]
4 188 [3]
0 192 [5]
9 183 [2]
9 177 [6]
5 183 [4]
13 176 [3]
5 184 [3]
27 162 [0]
2 189 [1]
79 113 [5]
0 191 [1]
27 158 [7]
2 183 [7]
10 183 [6]
79 114 [7]
7 184 [2]
8 183 [3]
16 176 [2]
8 186 [3]
8 180 [6]
6 185 [3]
56 136 [2]
80 113 [1]
87 108 [0]
7 188 [2]
27 161 [7]
23 172 [0]
80 114 [1]
1 189 [5]
7 185 [3]
9 180 [6]
22 171 [2]
10 178 [7]
2 194 [0]
6 190 [2]
5 187 [4]
9 185 [2]
48 147 [1]
75 116 [7]
2 191 [4]
6 191 [3]
28 169 [7]
4 193 [3]
7 190 [2]
12 178 [6]
4 190 [3]
9 188 [2]
75 123 [5]
2 196 [4]
8 187 [3]
23 174 [1]
10 182 [6]
0 197 [1]
8 188 [2]
2 192 [4]
2 193 [4]
1 198 [5]
9 184 [6]
4 191 [4]
7 192 [2]
1 191 [7]
11 188 [6]
5 189 [1]
1 194 [4]
0 194 [5]
1 192 [7]
0 193 [5]
0 199 [1]
98 102 [0]
3 194 [3]
47 151 [2]
38 162 [0]
5 192 [3]
9 191 [6]
13 187 [0]
8 190 [6]
69 132 [0]
7 194 [6]
5 194 [2]
10 185 [6]
20 178 [3]
1 199 [1]
27 167 [7]
8 189 [4]
2 198 [1]
8 191 [2]
0 201 [1]
36 159 [7]
5 197 [7]
7 193 [2]
27 175 [0]
42 154 [6]
8 192 [2]
10 193 [6]
4 195 [7]
0 198 [5]
1 195 [7]
5 198 [4]
14 186 [3]
4 196 [4]
83 121 [1]
1 196 [7]
92 112 [0]
0 203 [1]
15 183 [4]
6 195 [3]
5 195 [4]
27 170 [7]
16 186 [3]
8 197 [2]
32 171 [2]
6 196 [3]
68 134 [3]
73 132 [0]
8 195 [2]
9 190 [6]
50 155 [0]
16 187 [2]
1 197 [7]
7 195 [3]
1 203 [1]
6 197 [3]
2 200 [4]
5 201 [0]
8 196 [2]
11 190 [5]
9 195 [2]
53 146 [7]
3 200 [3]
22 179 [5]
4 200 [3]
1 206 [7]
0 202 [5]
2 205 [1]
4 203 [7]
5 200 [2]
6 201 [0]
7 200 [2]
5 203 [4]
2 206 [4]
8 200 [0]
6 200 [2]
70 138 [0]
9 199 [2]
10 192 [6]
8 194 [6]
50 158 [0]
6 199 [3]
97 111 [0]
9 193 [6]
22 181 [5]
25 184 [2]
7 199 [3]
0 204 [5]
49 160 [4]
9 194 [6]
38 169 [2]
1 201 [7]
4 206 [4]
2 207 [1]
0 210 [5]
69 138 [0]
27 176 [7]
8 198 [4]
8 202 [4]
88 122 [0]
0 209 [1]
0 205 [5]
4 199 [7]
47 164 [0]
2 209 [7]
49 156 [6]
5 206 [3]
8 203 [3]
8 201 [2]
21 185 [5]
10 195 [6]
16 189 [6]
9 196 [6]
85 127 [0]
10 196 [6]
41 171 [0]
0 211 [1]
7 203 [3]
5 208 [3]
33 173 [7]
10 203 [6]
1 207 [5]
100 113 [0]
27 186 [0]
5 204 [4]
2 210 [1]
83 130 [0]
10 197 [6]
2 212 [7]
1 213 [1]
2 208 [4]
8 206 [2]
5 205 [4]
48 159 [7]
16 198 [6]
28 186 [7]
10 198 [6]
1 212 [1]
5 210 [4]
6 209 [3]
10 205 [6]
6 206 [3]
4 208 [3]
100 114 [4]
9 200 [6]
21 195 [6]
2 214 [5]
98 116 [6]
23 188 [5]
50 161 [5]
36 180 [4]
50 167 [6]
8 205 [4]
9 208 [6]
13 204 [3]
1 209 [7]
25 192 [1]
10 201 [6]
7 208 [2]
17 198 [3]
1 217 [1]
87 129 [2]
5 213 [4]
5 209 [4]
10 208 [0]
102 116 [0]
2 217 [7]
27 189 [3]
8 207 [4]
14 198 [7]
4 215 [5]
14 202 [3]
8 211 [2]
34 184 [1]
0 218 [1]
5 215 [7]
0 220 [5]
16 204 [2]
2 211 [7]
5 211 [4]
56 162 [2]
6 211 [3]
8 213 [0]
1 215 [5]
2 219 [4]
5 216 [2]
75 139 [3]
9 206 [6]
8 210 [3]
16 202 [0]
21 199 [5]
2 216 [4]
4 218 [4]
14 205 [3]
0 217 [5]
39 181 [0]
7 212 [3]
87 131 [4]
25 193 [7]
22 196 [5]
2 221 [4]
16 205 [2]
9 212 [2]
16 207 [6]
39 182 [2]
8 215 [3]
8 212 [3]
4 216 [3]
7 213 [3]
13 210 [2]
51 173 [1]
10 214 [7]
69 150 [5]
3 221 [3]
21 203 [0]
9 214 [4]
28 189 [3]
9 213 [2]
0 223 [1]
22 197 [5]
6 216 [2]
7 216 [2]
64 155 [6]
6 212 [7]
68 156 [4]
0 224 [1]
6 214 [5]
3 219 [3]
50 175 [3]
102 123 [0]
106 119 [0]
80 144 [1]
6 220 [3]
0 226 [0]
5 217 [4]
8 218 [2]
38 186 [2]
6 213 [7]
4 219 [3]
11 216 [5]
0 227 [5]
4 223 [4]
5 218 [4]
56 169 [2]
79 144 [4]
8 219 [6]
9 218 [3]
12 215 [6]
10 215 [2]
68 160 [3]
4 224 [4]
7 218 [3]
6 222 [0]
7 219 [2]
6 219 [2]
34 193 [1]
15 212 [6]
22 201 [5]
16 210 [2]
2 225 [1]
0 221 [7]
8 217 [3]
7 214 [7]
27 202 [7]
2 220 [7]
7 215 [7]
10 213 [6]
5 220 [4]
6 224 [3]
8 220 [2]
4 222 [4]
6 221 [3]
8 216 [6]
7 221 [2]
9 222 [6]
5 222 [4]
9 216 [6]
48 180 [7]
2 228 [1]
0 230 [1]
29 197 [5]
0 231 [1]
15 213 [5]
1 224 [7]
2 229 [1]
1 230 [1]
5 223 [4]
7 226 [3]
2 231 [7]
5 224 [4]
13 217 [3]
57 174 [0]
25 208 [1]
10 224 [6]
20 214 [2]
6 228 [5]
0 229 [5]
1 228 [5]
8 224 [2]
1 232 [1]
80 153 [1]
7 224 [3]
1 234 [7]
8 227 [4]
28 205 [2]
16 217 [2]
10 225 [6]
55 180 [0]
6 226 [3]
0 236 [5]
5 231 [4]
10 226 [6]
5 227 [4]
75 158 [3]
79 153 [4]
2 233 [1]
9 221 [6]
4 228 [1]
8 229 [4]
27 207 [3]
9 226 [2]
64 167 [6]
22 209 [6]
36 200 [1]
90 147 [0]
8 225 [4]
28 202 [7]
27 204 [7]
29 209 [5]
5 229 [4]
10 228 [3]
5 228 [5]
10 222 [6]
97 140 [1]
9 223 [6]
10 223 [6]
5 230 [4]
5 234 [3]
14 225 [3]
64 175 [6]
0 234 [5]
22 211 [6]
2 236 [1]
10 230 [6]
2 238 [4]
98 139 [3]
7 230 [3]
2 239 [1]
4 237 [3]
2 235 [4]
7 234 [2]
38 202 [2]
4 230 [7]
4 234 [3]
75 161 [7]
1 239 [1]
8 231 [2]
9 233 [4]
4 238 [3]
5 237 [4]
8 234 [2]
4 235 [3]
30 212 [3]
35 207 [0]
28 207 [5]
0 242 [1]
5 238 [3]
34 208 [1]
5 235 [3]
97 145 [1]
8 232 [3]
10 233 [7]
2 240 [1]
9 232 [2]
16 227 [2]
4 232 [7]
21 218 [5]
6 233 [5]
1 242 [1]
0 239 [5]
56 186 [2]
16 225 [3]
23 221 [1]
6 232 [7]
4 240 [1]
29 211 [5]
8 237 [2]
1 237 [7]
0 238 [5]
30 213 [2]
0 244 [1]
38 205 [2]
85 154 [6]
7 239 [3]
7 232 [3]
2 244 [4]
6 237 [3]
43 203 [0]
12 228 [6]
54 192 [0]
64 176 [6]
2 241 [4]
1 246 [0]
6 241 [3]
7 233 [7]
53 189 [5]
7 240 [0]
8 239 [3]
10 237 [2]
15 232 [2]
3 241 [3]
8 236 [4]
2 246 [1]
4 241 [3]
3 245 [3]
8 238 [2]
0 243 [5]
49 199 [7]
22 220 [0]
9 234 [6]
1 248 [1]
4 245 [0]
0 248 [1]
7 242 [3]
8 241 [6]
10 239 [6]
22 222 [5]
7 241 [2]
10 240 [0]
0 249 [1]
9 239 [2]
0 250 [1]
109 141 [0]
9 235 [6]
21 224 [5]
10 234 [6]
22 223 [5]
20 228 [2]
121 130 [0]
1 250 [7]
2 249 [7]
111 140 [0]
10 235 [6]
42 209 [6]
87 162 [2]
6 240 [5]
5 242 [4]
36 216 [1]
10 236 [6]
0 251 [1]
1 244 [7]
5 247 [4]
13 239 [2]
18 232 [4]
22 231 [0]
6 247 [3]
1 252 [4]
5 244 [4]
4 242 [7]
10 243 [6]
14 236 [3]
42 211 [4]
80 172 [1]
6 244 [3]
9 238 [6]
1 251 [1]
50 204 [3]
0 254 [1]
7 245 [2]
27 227 [7]
69 185 [0]
105 149 [0]
10 238 [6]
36 219 [7]
4 251 [7]
6 249 [0]
90 159 [6]
4 246 [5]
16 236 [3]
21 230 [6]
20 233 [2]
8 243 [4]
9 247 [2]
2 254 [4]
8 248 [3]
5 246 [5]
6 246 [5]
4 253 [0]
0 257 [5]
10 247 [6]
4 249 [4]
14 243 [3]
1 249 [7]
64 187 [6]
5 249 [4]
2 252 [4]
4 254 [4]
0 258 [1]
12 240 [6]
10 242 [6]
7 248 [3]
79 172 [7]
56 202 [2]
73 185 [7]
5 254 [3]
2 257 [5]
98 158 [3]
5 250 [4]
4 255 [3]
8 245 [6]
45 214 [0]
8 251 [3]
10 249 [6]
2 253 [4]
4 248 [7]
129 131 [0]
7 250 [3]
4 252 [4]
20 240 [3]
29 231 [5]
9 245 [6]
61 199 [6]
5 251 [4]
7 246 [7]
25 234 [1]
14 239 [7]
6 253 [2]
0 261 [5]
6 255 [2]
25 235 [1]
0 256 [5]
2 255 [4]
6 252 [3]
8 250 [3]
39 222 [0]
8 252 [2]
0 262 [5]
1 260 [1]
5 255 [2]
10 252 [0]
16 243 [3]
7 253 [2]
21 242 [7]
8 255 [6]
1 257 [5]
7 254 [2]
1 261 [1]
38 225 [7]
27 229 [7]
128 135 [0]
66 197 [0]
2 260 [1]
102 161 [3]
42 220 [4]
1 263 [1]
8 256 [4]
7 255 [2]
10 254 [5]
10 248 [6]
25 238 [1]
2 261 [1]
8 254 [2]
12 246 [6]
39 223 [2]
0 265 [0]
0 260 [5]
3 259 [3]
98 161 [6]
2 259 [4]
2 264 [1]
8 258 [4]
91 175 [0]
1 264 [1]
0 259 [7]
10 250 [6]
4 263 [7]
10 251 [6]
8 253 [6]
9 252 [6]
53 207 [7]
48 219 [1]
84 184 [0]
66 201 [0]
7 259 [2]
20 246 [2]
2 265 [1]
6 259 [3]
9 253 [6]
1 268 [0]
5 260 [4]
5 257 [7]
7 263 [7]
27 243 [2]
5 261 [4]
27 236 [7]
0 269 [1]
4 267 [3]
11 255 [5]
82 189 [0]
80 190 [1]
5 262 [4]
1 269 [1]
115 156 [0]
2 270 [0]
10 256 [6]
79 190 [7]
14 257 [1]
6 263 [3]
79 188 [5]
8 264 [4]
8 261 [3]
1 270 [1]
8 265 [4]
2 271 [1]
4 269 [7]
7 266 [2]
5 264 [4]
16 257 [6]
14 256 [3]
49 218 [6]
29 244 [6]
1 271 [1]
10 257 [6]
21 250 [2]
42 231 [0]
64 204 [6]
5 269 [4]
106 165 [0]
34 235 [5]
21 251 [2]
9 263 [2]
22 252 [0]
22 247 [5]
9 259 [6]
1 273 [1]
13 262 [3]
43 230 [2]
2 272 [1]
0 270 [5]
14 258 [3]
16 260 [2]
0 276 [1]
1 275 [7]
1 274 [1]
7 267 [2]
9 267 [6]
21 248 [0]
100 172 [4]
99 177 [0]
0 275 [1]
13 260 [3]
2 273 [1]
0 271 [5]
8 266 [2]
16 261 [2]
1 276 [1]
8 267 [2]
0 272 [5]
8 269 [3]
17 257 [3]
13 261 [2]
34 238 [5]
11 266 [5]
45 233 [4]
57 221 [5]
39 237 [0]
0 273 [5]
5 274 [4]
8 268 [3]
14 265 [3]
4 268 [7]
9 268 [2]
7 269 [3]
9 271 [2]
16 264 [2]
16 262 [2]
2 277 [1]
64 210 [6]
5 271 [4]
64 217 [0]
8 273 [4]
56 225 [4]
38 236 [7]
127 154 [0]
6 268 [7]
84 193 [5]
9 266 [6]
0 280 [1]
7 274 [3]
36 245 [7]
7 275 [3]
6 276 [3]
10 272 [0]
7 268 [7]
8 271 [3]
5 273 [4]
50 227 [5]
4 277 [1]
2 281 [0]
13 270 [2]
38 243 [2]
16 265 [2]
23 259 [1]
99 179 [5]
5 279 [4]
6 278 [2]
1 283 [7]
8 272 [4]
3 278 [3]
2 278 [4]
119 165 [0]
6 275 [3]
7 277 [5]
6 271 [7]
9 275 [6]
0 279 [5]
9 276 [2]
5 276 [4]
4 278 [3]
9 274 [2]
8 274 [3]
7 271 [7]
8 275 [2]
4 282 [2]
0 286 [1]
1 285 [1]
58 228 [0]
9 277 [5]
39 247 [0]
114 172 [0]
16 270 [2]
18 268 [0]
7 276 [3]
0 285 [1]
43 242 [7]
27 260 [0]
6 274 [7]
121 166 [6]
7 278 [2]
2 284 [1]
100 188 [5]
34 254 [5]
1 280 [7]
120 168 [0]
106 178 [4]
6 277 [1]
4 280 [7]
68 218 [3]
48 241 [1]
15 274 [5]
6 280 [3]
14 272 [3]
8 281 [6]
4 281 [4]
1 281 [7]
82 207 [2]
21 263 [5]
2 283 [4]
10 280 [6]
8 280 [2]
36 253 [1]
1 284 [5]
0 290 [5]
6 281 [3]
6 282 [2]
0 289 [1]
23 267 [0]
1 290 [1]
13 271 [2]
7 282 [2]
8 279 [4]
28 256 [7]
10 275 [6]
99 191 [7]
36 255 [1]
16 272 [3]
42 244 [0]
10 276 [6]
2 290 [0]
5 287 [3]
6 283 [3]
8 282 [6]
27 258 [7]
21 269 [2]
0 287 [5]
112 181 [0]
111 182 [5]
5 288 [2]
6 284 [5]
8 283 [2]
43 248 [2]
1 288 [4]
28 258 [7]
10 283 [0]
2 287 [4]
0 294 [1]
134 160 [0]
5 285 [4]
1 286 [7]
2 288 [3]
23 266 [5]
1 292 [1]
7 287 [2]
5 284 [5]
3 288 [3]
100 190 [4]
6 289 [3]
44 249 [6]
0 295 [1]
12 277 [6]
4 291 [0]
27 261 [7]
5 286 [4]
6 286 [3]
43 250 [2]
91 204 [7]
8 285 [3]
38 256 [7]
8 288 [6]
8 286 [2]
12 284 [6]
88 206 [2]
130 166 [0]
43 251 [5]
9 281 [6]
2 293 [1]
7 286 [3]
85 209 [2]
8 287 [2]
9 284 [4]
84 208 [5]
5 292 [0]
6 291 [2]
139 158 [0]
10 287 [6]
1 289 [7]
20 277 [3]
9 282 [6]
10 284 [3]
144 153 [0]
8 290 [3]
38 258 [2]
85 211 [2]
11 282 [5]
7 284 [7]
0 293 [5]
2 289 [7]
1 296 [1]
5 289 [4]
48 245 [5]
9 283 [6]
27 264 [7]
5 294 [4]
119 178 [2]
27 265 [7]
7 292 [3]
5 290 [4]
8 289 [2]
56 243 [0]
83 215 [1]
73 226 [7]
7 291 [2]
2 298 [1]
4 296 [0]
1 298 [1]
6 294 [0]
148 152 [0]
69 226 [5]
28 265 [2]
27 273 [7]
1 299 [1]
8 293 [3]
113 188 [0]
1 300 [1]
0 297 [4]
10 285 [6]
2 292 [7]
9 292 [2]
107 194 [0]
7 288 [6]
75 227 [0]
8 294 [3]
10 292 [6]
10 286 [6]
5 293 [4]
2 297 [3]
2 299 [1]
1 294 [7]
1 302 [1]
2 301 [4]
0 298 [5]
3 297 [2]
1 295 [7]
8 292 [3]
7 297 [6]
5 297 [2]
27 270 [7]
6 295 [3]
58 246 [0]
8 296 [3]
2 295 [7]
0 299 [5]
13 290 [2]
38 265 [2]
9 296 [2]
75 229 [1]
9 294 [2]
8 291 [6]
55 245 [5]
10 289 [6]
22 280 [3]
4 294 [7]
10 290 [6]
4 302 [7]
9 297 [0]
9 291 [6]
20 284 [2]
147 159 [0]
0 301 [5]
14 290 [2]
8 299 [3]
5 298 [4]
85 220 [2]
0 308 [1]
30 274 [4]
1 306 [1]
21 285 [2]
6 302 [7]
22 281 [5]
5 299 [4]
8 300 [3]
48 253 [5]
3 303 [3]
2 307 [1]
5 301 [3]
8 298 [3]
0 304 [5]
29 280 [0]
1 307 [1]
7 303 [2]
22 283 [5]
7 296 [3]
4 303 [3]
10 294 [6]
0 305 [5]
7 301 [2]
22 289 [6]
9 300 [2]
1 310 [1]
8 301 [2]
9 302 [2]
4 304 [3]
10 301 [6]
4 300 [7]
5 302 [4]
5 304 [3]
3 309 [2]
49 263 [7]
15 292 [5]
25 287 [1]
32 280 [5]
7 302 [3]
43 269 [5]
0 313 [5]
8 305 [4]
1 309 [3]
27 279 [7]
0 309 [4]
23 291 [7]
4 310 [7]
56 256 [2]
2 309 [3]
13 298 [2]
2 308 [4]
8 304 [2]
9 306 [2]
1 314 [1]
38 272 [7]
4 308 [3]
5 306 [4]
5 310 [4]
92 223 [7]
50 262 [3]
151 164 [0]
10 305 [6]
13 299 [2]
0 311 [5]
4 312 [7]
7 309 [0]
16 298 [2]
2 313 [1]
56 258 [2]
101 215 [0]
85 231 [2]
5 307 [4]
8 306 [3]
2 315 [4]
16 299 [2]
10 307 [6]
27 290 [7]
132 185 [0]
7 307 [3]
6 308 [3]
3 315 [3]
10 306 [6]
8 308 [2]
1 316 [1]
9 307 [2]
9 303 [6]
18 296 [4]
8 307 [3]
4 315 [3]
8 311 [4]
14 305 [3]
0 314 [5]
9 304 [6]
1 312 [7]
27 293 [7]
50 270 [0]
0 315 [7]
10 304 [6]
8 310 [2]
21 294 [5]
5 311 [4]
9 310 [2]
6 315 [2]
1 320 [7]
6 312 [3]
13 306 [2]
2 318 [1]
7 315 [2]
8 314 [3]
45 277 [6]
5 313 [4]
18 300 [4]
8 312 [2]
7 312 [3]
3 317 [3]
56 265 [2]
9 308 [6]
2 317 [4]
1 321 [1]
33 288 [2]
9 312 [2]
84 235 [5]
5 319 [7]
0 324 [1]
10 308 [6]
2 321 [1]
9 309 [6]
1 323 [7]
61 263 [2]
0 323 [1]
0 319 [5]
109 214 [1]
0 325 [4]
7 318 [7]
5 316 [4]
87 236 [2]
6 317 [2]
27 299 [7]
1 325 [5]
7 317 [2]
5 321 [4]
10 316 [6]
0 321 [5]
64 262 [0]
34 287 [5]
7 316 [3]
25 301 [1]
0 322 [7]
50 273 [3]
0 327 [7]
11 315 [1]
3 322 [2]
48 278 [1]
9 318 [4]
2 322 [3]
8 316 [3]
14 306 [7]
16 311 [2]
4 324 [3]
64 264 [2]
21 302 [5]
122 206 [0]
10 312 [6]
5 324 [3]
50 279 [5]
8 315 [6]
13 313 [3]
6 318 [5]
102 227 [3]
8 321 [3]
16 313 [2]
6 316 [7]
29 295 [5]
10 320 [6]
3 327 [3]
2 324 [4]
13 314 [3]
7 320 [3]
98 229 [3]
64 260 [6]
25 304 [1]
43 285 [2]
3 328 [2]
4 327 [4]
98 227 [6]
24 306 [4]
7 324 [2]
8 319 [4]
8 323 [0]
9 322 [0]
15 316 [5]
9 320 [2]
85 244 [2]
8 317 [6]
4 320 [7]
2 329 [1]
56 272 [0]
1 324 [7]
16 314 [2]
6 323 [3]
10 323 [6]
2 331 [4]
6 327 [0]
1 328 [4]
2 327 [4]
21 312 [6]
6 320 [7]
4 326 [4]
4 330 [3]
7 327 [2]
8 324 [2]
8 326 [2]
0 329 [5]
64 270 [6]
1 326 [7]
4 328 [2]
5 325 [4]
7 328 [6]
16 319 [2]
5 326 [4]
2 332 [1]
97 237 [1]
22 308 [5]
7 322 [6]
5 331 [3]
6 330 [0]
6 328 [2]
21 310 [5]
42 289 [6]
124 212 [0]
8 325 [3]
2 335 [1]
4 333 [4]
2 334 [1]
33 297 [7]
4 332 [1]
6 332 [5]
27 311 [7]
34 304 [5]
4 331 [3]
1 332 [5]
9 324 [6]
1 338 [7]
5 330 [4]
11 327 [1]
15 320 [4]
7 331 [2]
20 318 [2]
4 335 [1]
112 222 [6]
51 288 [4]
7 334 [7]
2 339 [3]
2 338 [1]
8 327 [6]
1 336 [4]
1 333 [7]
16 325 [2]
8 329 [4]
1 340 [1]
2 340 [7]
3 339 [3]
18 320 [4]
112 223 [7]
7 335 [0]
4 336 [2]
3 336 [3]
5 333 [4]
36 303 [4]
10 326 [6]
10 332 [7]
8 328 [6]
9 328 [6]
4 338 [1]
38 305 [7]
50 293 [1]
42 295 [6]
94 249 [0]
8 333 [2]
12 332 [6]
0 344 [5]
7 337 [2]
6 336 [2]
22 323 [0]
0 345 [1]
3 342 [3]
6 337 [2]
6 334 [5]
148 196 [1]
7 338 [7]
10 329 [6]
9 330 [6]
8 337 [2]
75 264 [6]
69 276 [7]
6 335 [5]
4 342 [3]
6 340 [3]
7 339 [6]
2 343 [1]
7 332 [7]
9 337 [6]
109 233 [1]
10 330 [6]
3 341 [2]
70 276 [5]
2 341 [3]
9 331 [6]
4 339 [3]
27 313 [7]
80 266 [1]
5 339 [3]
9 334 [4]
9 339 [6]
5 341 [2]
2 342 [4]
7 341 [2]
11 337 [7]
75 273 [6]
0 343 [5]
9 333 [6]
27 314 [7]
22 326 [0]
16 329 [3]
79 267 [5]
90 253 [5]
25 324 [1]
5 344 [4]
6 338 [5]
69 275 [5]
10 333 [6]
7 336 [6]
33 309 [7]
51 297 [1]
8 342 [6]
4 346 [4]
0 350 [7]
12 338 [3]
79 266 [7]
1 348 [1]
7 340 [3]
8 336 [6]
6 342 [2]
48 303 [5]
5 346 [2]
30 316 [4]
49 302 [0]
8 340 [3]
6 346 [2]
73 275 [4]
37 315 [0]
7 345 [3]
91 260 [1]
27 325 [7]
0 351 [1]
2 346 [4]
2 349 [1]
2 351 [7]
8 339 [6]
3 350 [3]
111 237 [5]
1 345 [1]
27 319 [7]
91 262 [0]
9 345 [0]
10 344 [6]
1 346 [7]
4 349 [1]
36 317 [1]
129 225 [0]
12 335 [3]
6 345 [3]
5 345 [4]
1 354 [5]
4 351 [4]
20 335 [3]
6 349 [5]
78 277 [0]
1 350 [4]
27 321 [7]
8 343 [4]
20 332 [2]
29 326 [0]
10 338 [3]
8 341 [6]
141 214 [0]
2 350 [3]
15 340 [5]
131 225 [0]
8 346 [2]
5 347 [4]
6 347 [3]
4 350 [2]
9 341 [6]
22 330 [5]
6 348 [3]
25 331 [1]
5 352 [4]
69 286 [7]
6 351 [3]
2 354 [1]
1 355 [1]
29 323 [5]
8 347 [2]
7 348 [3]
0 353 [5]
70 286 [5]
2 355 [1]
20 334 [4]
86 273 [0]
16 343 [6]
13 344 [2]
9 348 [2]
0 354 [5]
4 348 [7]
1 351 [7]
10 343 [6]
55 303 [1]
132 226 [2]
1 352 [7]
8 352 [0]
4 352 [4]
32 323 [5]
14 343 [3]
22 333 [5]
0 355 [5]
14 344 [2]
51 309 [4]
19 336 [0]
8 351 [2]
10 345 [6]
119 240 [2]
75 279 [0]
7 349 [7]
2 358 [1]
9 352 [6]
12 349 [6]
50 311 [2]
9 346 [6]
10 352 [0]
8 354 [4]
5 353 [4]
105 254 [5]
1 360 [1]
16 344 [2]
64 298 [6]
2 356 [4]
33 322 [7]
80 282 [1]
9 347 [6]
56 305 [2]
4 359 [7]
1 362 [1]
10 353 [2]
0 362 [1]
50 313 [0]
176 187 [0]
10 347 [6]
0 358 [5]
2 360 [1]
7 350 [6]
32 326 [5]
5 354 [4]
7 357 [2]
0 364 [0]
3 361 [3]
50 314 [6]
4 357 [3]
8 350 [6]
1 356 [7]
4 356 [4]
9 356 [0]
2 363 [3]
6 359 [0]
23 337 [5]
9 350 [6]
6 356 [3]
61 302 [6]
34 331 [5]
48 317 [1]
49 310 [6]
0 360 [5]
2 361 [3]
5 361 [6]
9 355 [2]
112 247 [7]
8 356 [2]
8 355 [3]
1 361 [4]
8 357 [2]
2 365 [1]
10 351 [6]
45 318 [4]
10 355 [6]
1 359 [7]
1 365 [1]
13 355 [2]
4 364 [3]
2 366 [4]
104 264 [0]
177 191 [0]
75 293 [3]
91 270 [0]
13 353 [2]
10 358 [6]
5 359 [4]
137 232 [0]
139 229 [6]
5 364 [0]
8 361 [6]
10 359 [6]
8 359 [2]
14 353 [2]
100 266 [4]
4 363 [3]
19 350 [1]
5 365 [0]
8 362 [2]
8 358 [4]
10 360 [2]
0 369 [1]
9 359 [2]
147 219 [5]
10 354 [6]
5 363 [2]
8 363 [6]
27 344 [7]
5 362 [4]
88 281 [5]
80 291 [1]
8 360 [3]
128 243 [1]
39 330 [2]
6 363 [2]
8 364 [2]
38 329 [4]
2 370 [1]
20 349 [3]
7 363 [2]
16 354 [2]
100 267 [5]
2 371 [0]
6 367 [7]
4 362 [7]
9 364 [0]
5 366 [2]
4 366 [3]
13 360 [2]
51 322 [1]
50 319 [0]
1 373 [7]
6 368 [2]
6 366 [2]
8 366 [0]
79 291 [7]
10 364 [6]
50 321 [3]
11 363 [5]
0 373 [1]
16 358 [3]
7 361 [6]
21 348 [5]
3 368 [3]
30 340 [0]
2 368 [4]
8 367 [2]
4 368 [3]
7 366 [2]
1 367 [7]
0 370 [5]
8 368 [6]
8 365 [3]
14 355 [7]
5 367 [4]
9 361 [6]
141 233 [6]
1 376 [5]
8 369 [2]
11 366 [5]
0 372 [5]
7 371 [2]
0 378 [5]
22 351 [5]
5 373 [4]
4 371 [3]
6 369 [3]
50 325 [3]
64 314 [6]
0 371 [7]
36 342 [1]
4 367 [7]
98 279 [3]
10 369 [6]
22 352 [5]
5 370 [4]
7 369 [3]
175 204 [0]
5 371 [3]
1 371 [7]
27 353 [7]
2 378 [1]
113 267 [7]
6 371 [3]
9 369 [2]
114 266 [0]
36 339 [4]
29 351 [5]
1 378 [1]
2 374 [4]
9 371 [0]
68 310 [2]
102 279 [3]
14 360 [7]
3 375 [3]
27 354 [7]
5 374 [2]
38 343 [7]
2 379 [2]
6 375 [2]
7 374 [2]
33 341 [7]
5 372 [4]
8 373 [2]
93 288 [0]
28 354 [2]
6 374 [2]
4 375 [3]
8 370 [4]
0 381 [1]
0 375 [7]
2 373 [7]
1 382 [0]
10 367 [6]
5 378 [0]
64 313 [6]
45 334 [4]
85 295 [5]
0 379 [4]
22 356 [5]
10 373 [2]
21 362 [5]
1 377 [5]
16 365 [2]
3 379 [2]
2 377 [1]
24 355 [5]
9 375 [2]
0 380 [5]
24 360 [5]
8 372 [4]
7 375 [2]
128 256 [2]
0 385 [1]
2 383 [1]
23 357 [5]
1 380 [4]
86 293 [6]
45 338 [2]
2 380 [3]
7 378 [7]
4 376 [5]
21 359 [5]
9 376 [4]
11 374 [5]
27 358 [5]
56 329 [4]
5 381 [4]
39 347 [2]
176 210 [1]
5 377 [4]
100 282 [4]
5 376 [5]
3 380 [2]
10 371 [6]
11 375 [1]
158 229 [0]
0 382 [5]
5 380 [2]
14 370 [3]
8 376 [3]
1 387 [7]
0 387 [1]
1 386 [1]
4 383 [1]
2 386 [7]
8 380 [6]
2 382 [4]
186 202 [0]
16 372 [2]
8 374 [6]
0 389 [5]
0 388 [1]
8 375 [6]
1 381 [7]
8 377 [4]
48 342 [0]
8 382 [6]
25 364 [1]
2 381 [7]
7 376 [7]
2 384 [4]
5 382 [3]
6 381 [3]
10 378 [2]
3 384 [3]
1 390 [5]
98 293 [3]
0 391 [5]
100 291 [4]
7 382 [2]
1 389 [1]
39 352 [1]
135 256 [0]
7 385 [3]
8 384 [6]
51 341 [1]
7 379 [6]
6 384 [2]
147 241 [4]
2 389 [1]
4 385 [4]
2 391 [0]
75 311 [0]
10 383 [3]
16 377 [3]
21 367 [5]
7 384 [2]
2 390 [1]
2 388 [4]
6 383 [5]
12 376 [6]
5 385 [4]
9 379 [6]
55 339 [1]
9 386 [3]
4 391 [0]
176 217 [4]
5 390 [4]
21 369 [5]
174 221 [0]
9 380 [6]
5 386 [4]
4 387 [4]
1 394 [1]
1 395 [7]
5 388 [3]
1 388 [7]
6 387 [3]
75 321 [6]
0 395 [1]
6 388 [3]
0 397 [5]
187 210 [0]
9 388 [6]
27 370 [7]
8 386 [3]
2 394 [1]
13 378 [2]
124 274 [2]
0 398 [5]
5 389 [4]
8 388 [2]
0 393 [5]
12 383 [3]
10 386 [6]
197 201 [0]
36 363 [5]
14 378 [7]
105 287 [7]
0 394 [5]
4 392 [3]
27 365 [7]
0 400 [1]
22 373 [5]
8 392 [0]
28 370 [2]
7 391 [2]
4 393 [3]
9 391 [6]
8 389 [3]
75 325 [6]
129 272 [2]
10 385 [6]
7 392 [2]
75 319 [1]
2 398 [1]
5 393 [3]
8 394 [0]
8 390 [4]
1 400 [1]
9 387 [6]
122 281 [1]
1 402 [5]
77 326 [0]
38 358 [7]
8 393 [2]
34 364 [0]
10 393 [2]
181 222 [0]
10 387 [6]
5 395 [4]
4 400 [4]
7 397 [3]
0 399 [5]
5 396 [3]
4 396 [4]
8 396 [0]
1 396 [7]
27 377 [5]
10 388 [6]
0 403 [1]
152 252 [0]
1 404 [7]
9 396 [6]
137 268 [0]
2 402 [1]
8 395 [2]
36 368 [1]
13 389 [3]
0 406 [5]
1 405 [7]
4 395 [7]
5 397 [4]
27 372 [7]
4 402 [0]
20 383 [3]
105 301 [7]
16 389 [2]
8 399 [4]
2 401 [4]
14 386 [7]
29 373 [5]
38 370 [7]
1 407 [3]
9 393 [6]
2 406 [1]
1 406 [1]
25 382 [1]
1 408 [0]
5 400 [4]
0 408 [1]
2 407 [3]
13 394 [2]
7 402 [7]
61 348 [6]
10 400 [2]
5 405 [3]
6 401 [3]
9 401 [6]
16 394 [2]
6 405 [3]
2 409 [1]
7 404 [3]
9 402 [4]
1 403 [7]
185 226 [0]
8 400 [3]
29 381 [6]
2 405 [4]
24 386 [4]
8 401 [2]
2 403 [7]
0 412 [0]
6 403 [3]
10 396 [6]
0 407 [5]
21 385 [6]
16 390 [6]
51 361 [1]
2 404 [1]
1 412 [1]
3 407 [3]
3 410 [2]
6 402 [5]
10 397 [6]
9 404 [2]
5 407 [2]
16 398 [3]
22 387 [5]
10 404 [6]
56 358 [2]
69 345 [3]
117 297 [0]
0 409 [5]
10 398 [6]
2 411 [1]
35 377 [0]
84 331 [7]
1 414 [1]
5 406 [4]
2 413 [1]
8 404 [3]
22 388 [5]
2 410 [3]
8 405 [2]
10 402 [3]
48 368 [5]
1 415 [7]
102 311 [3]
12 402 [2]
10 406 [2]
14 399 [3]
0 415 [1]
80 337 [0]
4 413 [5]
27 390 [6]
10 401 [6]
5 410 [2]
86 325 [6]
6 404 [7]
49 362 [6]
8 410 [6]
1 417 [7]
25 391 [2]
8 408 [3]
178 240 [0]
1 416 [1]
14 398 [6]
1 413 [5]
10 409 [6]
4 408 [7]
2 416 [1]
6 413 [5]
33 379 [7]
25 393 [1]
0 418 [5]
9 405 [6]
1 419 [0]
7 407 [6]
5 415 [4]
6 414 [3]
0 419 [1]
36 384 [1]
42 373 [2]
76 344 [4]
98 319 [3]
21 400 [0]
27 394 [7]
5 412 [4]
21 395 [5]
8 409 [4]
20 402 [2]
2 420 [7]
6 411 [5]
89 328 [5]
15 404 [4]
6 417 [3]
8 412 [3]
4 412 [7]
27 389 [7]
4 415 [4]
0 422 [1]
7 410 [6]
22 396 [5]
14 409 [6]
95 328 [0]
2 417 [4]
6 415 [3]
7 414 [3]
21 397 [6]
10 408 [6]
0 423 [1]
2 423 [4]
9 414 [2]
7 413 [5]
127 295 [3]
180 245 [0]
5 416 [4]
8 415 [2]
7 411 [7]
0 424 [1]
27 398 [3]
9 416 [0]
0 420 [5]
7 419 [3]
1 425 [1]
50 372 [1]
9 413 [4]
13 406 [2]
34 391 [1]
1 418 [7]
0 425 [1]
27 399 [7]
9 418 [2]
5 418 [4]
6 418 [3]
18 404 [5]
8 417 [2]
14 406 [7]
115 310 [2]
6 422 [7]
39 387 [2]
7 421 [2]
8 418 [2]
42 381 [5]
10 412 [6]
9 419 [2]
6 419 [3]
22 401 [5]
16 409 [3]
4 421 [3]
7 418 [3]
13 416 [3]
181 247 [1]
2 427 [5]
76 353 [4]
8 419 [2]
4 418 [7]
8 421 [2]
21 408 [2]
6 424 [3]
4 422 [7]
97 333 [5]
89 336 [7]
147 278 [5]
14 416 [7]
1 422 [1]
0 429 [1]
43 385 [4]
1 423 [7]
53 377 [7]
26 400 [5]
20 411 [4]
5 422 [4]
211 220 [0]
95 336 [7]
148 283 [0]
2 428 [1]
0 426 [5]
109 318 [5]
0 430 [1]
29 403 [5]
0 432 [5]
6 423 [3]
8 422 [2]
8 420 [4]
4 424 [4]
8 424 [2]
9 417 [6]
10 422 [6]
34 393 [7]
10 416 [6]
90 342 [5]
12 413 [7]
5 424 [4]
203 230 [0]
9 422 [2]
68 362 [4]
48 384 [1]
174 259 [0]
5 428 [4]
6 427 [5]
21 412 [2]
128 305 [2]
14 420 [6]
26 408 [0]
88 346 [1]
1 428 [5]
10 424 [6]
6 425 [3]
0 433 [1]
28 399 [7]
2 431 [1]
0 434 [1]
7 427 [7]
3 432 [3]
64 365 [6]
10 419 [6]
8 425 [2]
5 426 [4]
7 425 [3]
9 421 [6]
9 425 [2]
2 430 [4]
6 430 [0]
10 420 [6]
1 434 [1]
9 427 [4]
152 283 [1]
10 426 [6]
38 398 [3]
79 357 [5]
137 296 [1]
1 429 [7]
54 382 [1]
1 431 [5]
4 429 [4]
5 430 [3]
8 430 [2]
5 429 [4]
69 369 [5]
4 430 [4]
51 380 [7]
1 430 [7]
6 429 [3]
2 432 [4]
9 430 [0]
4 435 [4]
9 424 [6]
38 399 [2]
8 429 [2]
4 432 [3]
7 432 [2]
8 431 [0]
175 262 [0]
135 305 [0]
24 416 [0]
1 438 [1]
43 397 [2]
5 431 [4]
2 437 [1]
6 432 [2]
21 414 [5]
8 428 [4]
8 433 [0]
4 433 [4]
10 425 [6]
100 337 [4]
2 436 [4]
137 300 [6]
5 433 [4]
3 436 [3]
6 433 [3]
9 433 [6]
22 415 [5]
2 439 [1]
14 426 [2]
8 435 [2]
1 442 [5]
6 434 [3]
208 235 [0]
5 438 [0]
5 434 [4]
211 231 [1]
7 436 [6]
4 436 [3]
53 390 [7]
10 434 [6]
2 442 [1]
7 434 [3]
176 261 [7]
22 417 [5]
2 441 [1]
6 436 [2]
23 421 [5]
106 338 [2]
7 435 [2]
21 418 [5]
1 444 [7]
7 438 [3]
33 407 [5]
97 347 [1]
22 424 [0]
2 440 [4]
73 369 [4]
75 365 [6]
8 432 [6]
3 440 [3]
186 258 [2]
6 438 [3]
87 358 [2]
0 442 [5]
16 428 [6]
103 344 [0]
109 334 [5]
0 448 [4]
8 440 [6]
6 437 [5]
0 443 [5]
43 400 [5]
6 440 [2]
2 447 [0]
1 448 [3]
143 306 [0]
154 295 [0]
1 447 [5]
112 330 [7]
29 415 [5]
9 438 [2]
4 438 [7]
1 449 [5]
10 437 [3]
0 445 [5]
9 437 [4]
2 444 [4]
9 435 [6]
4 443 [3]
8 436 [6]
49 395 [6]
33 410 [7]
2 449 [1]
203 248 [0]
1 450 [1]
21 425 [5]
8 439 [4]
5 442 [4]
7 437 [7]
43 408 [2]
119 332 [4]
5 443 [3]
20 427 [2]
1 446 [5]
0 452 [1]
8 444 [2]
6 441 [5]
0 451 [1]
4 444 [4]
27 426 [7]
5 448 [6]
126 327 [0]
29 423 [1]
2 450 [1]
209 244 [0]
6 444 [3]
10 443 [0]
79 375 [7]
203 251 [0]
5 445 [4]
3 448 [3]
9 441 [4]
75 372 [7]
16 439 [2]
7 441 [7]
7 448 [6]
8 447 [3]
1 453 [1]
9 446 [3]
188 267 [0]
22 433 [5]
198 257 [0]
4 446 [5]
9 447 [4]
4 447 [5]
8 445 [4]
45 411 [4]
119 335 [2]
22 429 [0]
5 446 [5]
14 439 [3]
148 308 [1]
6 451 [0]
10 447 [2]
0 455 [7]
100 357 [3]
203 250 [5]
3 455 [3]
4 454 [7]
10 446 [2]
29 429 [1]
114 337 [3]
27 428 [3]
8 450 [3]
16 442 [0]
9 443 [6]
1 455 [3]
82 377 [2]
4 455 [6]
1 451 [7]
5 454 [7]
20 437 [2]
4 451 [4]
5 449 [7]
129 329 [5]
12 447 [6]
103 353 [0]
5 450 [4]
141 318 [3]
21 438 [5]
45 413 [2]
83 376 [1]
2 455 [2]
28 431 [0]
7 446 [7]
219 241 [0]
6 447 [7]
5 451 [4]
202 258 [0]
99 356 [5]
43 412 [5]
111 347 [2]
10 450 [2]
10 444 [6]
51 407 [5]
2 459 [4]
27 431 [3]
8 453 [0]
6 452 [3]
10 451 [6]
0 456 [5]
16 445 [2]
51 410 [7]
7 451 [3]
0 460 [1]
7 447 [7]
2 460 [7]
137 320 [5]
5 453 [4]
2 457 [3]
199 263 [0]
8 448 [6]
2 456 [4]
9 451 [2]
5 457 [2]
6 453 [7]
7 452 [3]
1 454 [7]
90 368 [5]
2 461 [5]
9 448 [6]
5 458 [2]
35 428 [0]
28 428 [7]
0 462 [1]
117 341 [5]
9 452 [2]
20 441 [2]
7 453 [3]
6 458 [0]
4 460 [4]
12 446 [6]
7 457 [6]
9 455 [6]
5 456 [3]
39 424 [1]
14 449 [1]
9 453 [2]
8 454 [2]
124 340 [0]
1 456 [7]
2 458 [4]
10 449 [6]
0 465 [5]
3 459 [3]
4 461 [1]
9 456 [6]
4 458 [3]
10 456 [6]
1 465 [5]
6 460 [3]
68 395 [3]
5 455 [6]
204 262 [0]
32 429 [5]
8 456 [2]
0 459 [7]
0 467 [5]
28 439 [2]
7 458 [2]
1 461 [5]
6 455 [6]
5 463 [5]
1 460 [7]
35 431 [0]
119 349 [2]
85 381 [2]
7 455 [6]
6 459 [0]
16 449 [3]
10 452 [6]
15 453 [5]
107 361 [7]
104 365 [3]
5 464 [4]
147 317 [5]
7 462 [3]
1 463 [5]
11 458 [1]
122 346 [1]
222 247 [0]
155 314 [0]
25 443 [1]
17 449 [3]
6 464 [0]
9 461 [3]
1 462 [7]
8 460 [2]
10 454 [6]
9 462 [2]
2 469 [1]
216 255 [0]
8 457 [6]
6 462 [3]
22 444 [5]
14 450 [7]
5 462 [4]
4 464 [4]
2 470 [0]
1 471 [3]
8 461 [3]
1 464 [7]
3 466 [3]
8 458 [6]
190 282 [0]
8 464 [2]
230 242 [0]
21 451 [5]
203 269 [5]
39 433 [1]
8 465 [2]
27 439 [7]
36 436 [1]
4 466 [3]
82 390 [2]
6 466 [2]
3 471 [2]
8 463 [3]
9 459 [6]
7 466 [2]
183 292 [0]
10 463 [2]
4 468 [3]
2 472 [1]
7 461 [7]
10 460 [6]
22 454 [3]
5 471 [2]
79 392 [5]
5 467 [4]
2 471 [3]
176 299 [0]
2 473 [1]
0 471 [5]
27 442 [7]
36 440 [1]
4 473 [5]
4 470 [3]
7 463 [7]
61 414 [0]
7 468 [2]
113 357 [7]
34 443 [0]
115 362 [5]
0 478 [5]
8 468 [2]
7 471 [0]
10 462 [6]
5 470 [3]
22 456 [5]
21 452 [5]
145 333 [0]
84 391 [5]
5 474 [7]
12 461 [6]
176 298 [7]
6 473 [5]
1 473 [5]
10 469 [3]
38 439 [2]
27 445 [7]
129 343 [2]
1 477 [1]
7 470 [2]
0 475 [4]
92 387 [7]
7 465 [3]
2 475 [3]
5 475 [0]
7 473 [1]
10 470 [6]
6 469 [5]
24 450 [3]
167 313 [0]
221 259 [0]
8 466 [6]
3 475 [2]
8 470 [2]
1 480 [0]
5 476 [4]
66 415 [0]
101 376 [0]
10 465 [6]
12 463 [6]
53 428 [2]
2 479 [1]
8 474 [3]
9 469 [4]
173 309 [0]
0 477 [5]
6 474 [3]
8 475 [6]
9 474 [2]
23 459 [1]
16 467 [2]
13 467 [3]
9 468 [6]
7 469 [7]
1 481 [1]
8 476 [3]
1 483 [4]
1 476 [7]
180 303 [1]
1 482 [1]
4 476 [4]
8 472 [4]
11 468 [5]
53 431 [7]
9 470 [6]
4 474 [7]
5 477 [4]
22 464 [0]
2 484 [4]
5 481 [4]
2 480 [4]
0 481 [5]
6 480 [3]
87 398 [4]
21 465 [0]
1 486 [7]
8 479 [0]
22 460 [5]
140 347 [0]
5 478 [4]
5 479 [4]
1 487 [2]
10 472 [6]
8 480 [2]
8 477 [3]
7 475 [6]
10 478 [6]
85 403 [4]
107 380 [7]
30 453 [0]
9 480 [6]
0 484 [5]
14 472 [3]
5 484 [0]
0 487 [7]
48 440 [1]
32 454 [5]
3 483 [3]
3 487 [6]
4 486 [4]
7 483 [6]
10 474 [6]
2 485 [3]
5 483 [2]
2 489 [4]
3 485 [2]
20 469 [2]
106 383 [2]
13 478 [2]
6 482 [3]
16 472 [3]
23 468 [6]
4 484 [3]
78 413 [3]
73 419 [4]
100 392 [7]
3 489 [3]
7 482 [3]
9 483 [6]
2 487 [3]
8 481 [3]
10 476 [6]
183 307 [2]
5 485 [2]
0 493 [5]
88 405 [7]
203 285 [5]
29 464 [5]
97 396 [1]
4 489 [0]
5 488 [7]
6 487 [6]
0 488 [5]
20 473 [3]
9 482 [2]
7 484 [2]
69 419 [5]
4 490 [5]
0 494 [1]
1 492 [1]
8 484 [2]
10 484 [6]
16 478 [2]
29 460 [5]
147 342 [5]
2 491 [1]
14 478 [2]
16 479 [6]
21 474 [5]
6 486 [3]
10 479 [6]
16 477 [2]
0 496 [5]
8 486 [2]
1 490 [5]
0 491 [5]
0 495 [1]
25 470 [1]
56 439 [2]
16 481 [2]
0 497 [7]
219 278 [0]
6 489 [2]
32 464 [5]
8 483 [6]
33 457 [7]
173 322 [5]
7 489 [2]
6 492 [0]
8 490 [3]
22 476 [3]
145 352 [1]
5 487 [6]
50 445 [3]
7 485 [6]
2 497 [4]
7 492 [3]
9 490 [3]
61 438 [6]
69 425 [0]
9 484 [6]
8 485 [6]
5 495 [0]
93 407 [5]
0 500 [0]
232 268 [0]
79 421 [5]
51 448 [1]
7 487 [6]
0 501 [7]
27 467 [7]
2 499 [7]
1 499 [1]
4 497 [3]
5 496 [4]
6 495 [0]
36 458 [1]
10 491 [6]
9 492 [2]
119 383 [7]
5 493 [4]
9 487 [6]
10 486 [6]
10 490 [2]
5 490 [7]
8 491 [4]
21 482 [0]
2 501 [3]
9 494 [6]
8 492 [3]
6 494 [3]
133 370 [0]
69 434 [4]
6 490 [7]
1 495 [7]
10 488 [6]
10 494 [6]
7 490 [7]
1 500 [3]
7 494 [3]
4 496 [4]
3 501 [2]
33 471 [0]
1 504 [7]
2 503 [1]
3 502 [0]
9 496 [6]
27 478 [7]
76 426 [3]
70 434 [4]
2 500 [6]
6 497 [2]
8 493 [4]
10 496 [6]
4 502 [3]
27 479 [3]
227 279 [0]
108 398 [0]
113 392 [7]
7 497 [2]
64 442 [0]
6 501 [2]
6 498 [3]
8 499 [3]
195 312 [0]
5 498 [4]
15 492 [5]
16 491 [0]
28 479 [0]
74 433 [0]
22 480 [5]
27 481 [2]
4 504 [0]
51 457 [5]
8 498 [2]
7 501 [6]
9 499 [2]
10 498 [6]
2 505 [1]
33 475 [7]
5 499 [4]
22 486 [5]
2 502 [4]
85 423 [5]
7 499 [3]
34 470 [7]
36 466 [7]
43 465 [2]
6 504 [7]
8 502 [0]
9 501 [6]
4 500 [6]
4 499 [7]
6 502 [2]
2 508 [1]
8 497 [6]
2 509 [4]
4 507 [4]
8 503 [4]
5 500 [6]
1 505 [5]
27 477 [7]
7 502 [2]
3 509 [4]
181 330 [1]
5 503 [4]
5 501 [6]
0 511 [1]
47 461 [4]
1 512 [7]
8 505 [3]
178 335 [3]
32 476 [5]
2 507 [4]
9 498 [6]
115 395 [3]
8 506 [2]
15 499 [5]
35 479 [0]
79 435 [6]
8 500 [6]
48 466 [1]
2 513 [7]
147 368 [5]
82 431 [2]
1 507 [7]
9 500 [6]
5 506 [4]
8 501 [6]
8 504 [3]
6 510 [2]
2 514 [3]
2 510 [4]
4 509 [3]
99 417 [5]
3 510 [3]
50 467 [6]
8 509 [2]
2 515 [1]
6 509 [2]
3 514 [2]
8 507 [2]
7 510 [0]
5 510 [2]
34 484 [7]
7 504 [7]
7 509 [2]
9 505 [4]
2 512 [4]
10 503 [6]
7 505 [7]
241 278 [0]
0 520 [1]
27 493 [7]
6 511 [3]
10 504 [6]
8 508 [4]
57 459 [5]
8 513 [0]
5 516 [3]
0 517 [7]
7 511 [3]
6 512 [3]
1 519 [1]
1 513 [7]
5 514 [2]
9 506 [6]
2 518 [1]
8 512 [2]
8 514 [0]
14 508 [3]
9 511 [2]
3 517 [2]
10 506 [6]
6 513 [3]
9 507 [6]
27 488 [7]
2 517 [3]
16 503 [3]
15 504 [4]
4 519 [4]
12 505 [6]
7 514 [0]
0 518 [5]
22 495 [6]
14 503 [6]
8 516 [0]
29 495 [0]
10 508 [6]
30 492 [4]
1 516 [7]
8 510 [6]
4 516 [4]
0 525 [4]
10 515 [6]
100 421 [4]
9 510 [6]
0 526 [1]
3 523 [3]
69 452 [5]
75 445 [6]
18 504 [5]
0 521 [5]
36 489 [1]
10 511 [6]
9 512 [6]
22 500 [5]
1 526 [0]
51 475 [1]
109 411 [1]
8 515 [4]
16 508 [3]
0 523 [4]
9 519 [0]
9 513 [6]
0 524 [5]
1 528 [1]
232 296 [1]
103 426 [6]
4 522 [3]
10 513 [6]
6 520 [3]
99 430 [1]
213 316 [0]
7 519 [3]
5 520 [4]
0 529 [1]
50 477 [3]
83 446 [1]
7 517 [6]
5 523 [2]
1 525 [4]
8 518 [4]
8 520 [2]
7 522 [2]
28 503 [7]
122 405 [5]
4 527 [3]
2 528 [1]
3 525 [3]
4 525 [2]
16 515 [6]
77 454 [3]
9 516 [6]
2 525 [4]
86 445 [0]
2 530 [5]
9 517 [6]
117 410 [5]
6 526 [0]
8 522 [2]
2 526 [4]
7 525 [6]
9 523 [6]
53 479 [2]
73 452 [7]
6 527 [3]
27 503 [0]
5 524 [4]
51 483 [7]
10 524 [6]
8 526 [2]
91 442 [0]
143 386 [5]
22 507 [5]
113 421 [1]
5 526 [3]
22 512 [5]
50 481 [3]
22 513 [5]
0 535 [5]
33 501 [1]
9 526 [6]
39 496 [2]
250 285 [0]
9 520 [6]
14 518 [3]
127 403 [5]
179 356 [0]
69 462 [0]
157 378 [0]
1 527 [7]
0 534 [1]
7 523 [6]
5 531 [4]
16 518 [2]
0 531 [5]
1 530 [5]
8 528 [4]
2 533 [1]
5 527 [4]
38 491 [7]
1 529 [7]
2 535 [1]
5 528 [4]
51 485 [1]
64 467 [6]
4 529 [4]
13 521 [3]
8 527 [2]
232 300 [5]
39 498 [2]
22 516 [0]
6 532 [3]
35 503 [0]
5 529 [4]
2 532 [4]
0 537 [1]
5 534 [3]
2 536 [1]
208 331 [0]
16 521 [2]
9 530 [3]
13 524 [2]
100 435 [4]
36 502 [1]
227 311 [1]
109 427 [1]
0 539 [1]
21 519 [0]
2 538 [1]
1 532 [7]
10 530 [2]
9 525 [6]
4 532 [4]
0 541 [1]
145 396 [2]
0 536 [5]
6 530 [5]
22 520 [6]
5 537 [4]
16 524 [2]
219 317 [7]
8 534 [2]
42 495 [0]
4 534 [4]
5 533 [4]
238 304 [0]
8 535 [4]
9 534 [6]
0 538 [5]
10 527 [6]
61 482 [6]
27 515 [3]
6 534 [3]
10 528 [6]
7 530 [7]
10 529 [6]
10 535 [0]
2 543 [0]
8 533 [4]
19 525 [1]
8 537 [2]
129 409 [7]
36 509 [4]
39 506 [0]
36 510 [1]
2 544 [1]
1 544 [1]
13 531 [2]
2 537 [7]
6 537 [3]
4 543 [3]
7 540 [2]
64 477 [6]
9 532 [6]
4 540 [3]
16 531 [2]
101 446 [0]
0 542 [5]
199 348 [0]
16 528 [3]
10 531 [6]
28 518 [2]
0 548 [1]
50 493 [5]
12 530 [6]
5 539 [4]
27 521 [7]
188 357 [3]
245 303 [0]
1 546 [1]
8 536 [4]
0 544 [5]
4 541 [4]
83 463 [3]
6 543 [3]
9 540 [6]
7 539 [3]
109 437 [3]
113 435 [1]
35 515 [0]
8 538 [4]
7 543 [2]
23 522 [5]
8 542 [4]
5 541 [4]
148 401 [1]
28 515 [7]
8 540 [2]
0 543 [1]
6 545 [0]
8 541 [2]
233 318 [0]
0 550 [1]
5 543 [3]
0 546 [5]
14 538 [3]
5 547 [4]
38 508 [7]
0 547 [5]
8 544 [0]
20 530 [2]
14 531 [2]
212 340 [0]
10 536 [6]
47 505 [0]
173 379 [1]
227 319 [6]
8 545 [2]
1 552 [5]
14 536 [3]
4 549 [3]
152 401 [1]
22 529 [0]
22 526 [5]
1 548 [4]
109 441 [3]
4 548 [2]
79 468 [7]
16 535 [3]
16 536 [2]
22 532 [5]
76 478 [0]
77 476 [1]
2 548 [4]
3 548 [3]
5 545 [4]
7 548 [2]
8 547 [3]
10 545 [2]
2 552 [1]
5 546 [4]
10 539 [6]
80 468 [1]
4 552 [1]
1 555 [5]
75 481 [6]
107 448 [7]
2 553 [1]
9 541 [6]
2 550 [4]
129 420 [7]
6 550 [0]
4 545 [7]
7 549 [0]
33 523 [7]
39 516 [1]
9 548 [0]
33 517 [1]
8 546 [3]
13 544 [3]
2 554 [1]
9 543 [6]
8 550 [2]
154 403 [0]
4 554 [1]
4 553 [1]
2 555 [1]
27 524 [7]
0 557 [1]
48 510 [5]
38 518 [2]
4 550 [4]
75 477 [6]
126 432 [2]
27 528 [3]
143 416 [2]
14 542 [3]
1 553 [5]
8 549 [2]
6 551 [2]
2 557 [7]
22 537 [6]
10 543 [6]
5 550 [4]
1 554 [5]
0 560 [7]
1 559 [5]
7 553 [7]
8 552 [3]
7 551 [2]
10 550 [6]
1 558 [1]
0 561 [5]
0 556 [5]
8 551 [2]
29 529 [0]
256 305 [0]
60 500 [1]
2 560 [0]
0 562 [1]
1 561 [5]
2 559 [1]
16 544 [2]
4 558 [7]
178 383 [7]
7 555 [1]
5 552 [5]
11 551 [5]
27 536 [7]
8 555 [3]
2 561 [1]
6 552 [5]
23 540 [5]
2 562 [7]
268 296 [0]
9 555 [4]
16 546 [2]
101 463 [3]
0 563 [1]
7 558 [7]
0 565 [5]
8 554 [3]
39 520 [2]
6 559 [7]
8 557 [0]
16 547 [2]
12 553 [7]
27 538 [7]
27 531 [7]
35 528 [2]
10 556 [0]
32 529 [5]
12 552 [6]
6 560 [3]
76 488 [0]
3 560 [3]
8 558 [3]
6 557 [3]
12 554 [6]
9 553 [4]
6 555 [7]
157 406 [3]
7 552 [7]
9 551 [6]
5 557 [4]
29 537 [5]
233 334 [4]
27 533 [7]
9 554 [4]
6 562 [3]
69 494 [5]
4 559 [5]
73 494 [7]
8 556 [4]
28 538 [2]
5 564 [4]
6 563 [3]
2 566 [1]
27 535 [7]
51 517 [1]
7 560 [2]
2 568 [1]
9 561 [4]
14 556 [3]
268 300 [5]
1 562 [7]
8 559 [3]
141 427 [3]
8 563 [0]
12 559 [2]
5 563 [3]
1 563 [7]
4 563 [4]
6 558 [7]
93 471 [7]
21 545 [5]
2 570 [1]
51 514 [7]
9 559 [4]
1 564 [7]
0 567 [5]
4 569 [7]
8 565 [4]
20 553 [2]
12 555 [6]
27 546 [7]
39 534 [0]
5 561 [7]
7 559 [7]
8 561 [4]
0 568 [5]
192 382 [0]
0 574 [5]
50 521 [6]
0 573 [5]
83 490 [1]
8 564 [2]
5 566 [4]
176 394 [7]
6 569 [4]
9 560 [6]
51 523 [1]
184 391 [0]
4 570 [1]
53 515 [7]
240 335 [0]
27 542 [7]
1 574 [1]
14 561 [1]
56 518 [2]
38 536 [2]
2 574 [1]
28 542 [7]
23 549 [5]
5 569 [4]
1 577 [7]
154 423 [1]
8 566 [4]
9 563 [6]
17 561 [2]
38 538 [2]
141 437 [0]
8 571 [0]
6 573 [0]
124 453 [6]
9 564 [6]
7 569 [3]
15 558 [6]
22 557 [0]
99 480 [5]
8 567 [4]
9 568 [2]
16 561 [2]
106 473 [6]
117 457 [5]
85 495 [2]
10 564 [6]
9 569 [2]
38 535 [7]
18 558 [4]
5 575 [7]
69 511 [5]
61 519 [6]
0 579 [1]
0 575 [5]
188 392 [1]
1 573 [7]
3 578 [3]
27 547 [7]
10 565 [6]
8 573 [0]
1 575 [5]
42 537 [0]
109 469 [3]
6 570 [5]
53 528 [2]
113 468 [1]
43 539 [2]
38 542 [2]
141 441 [3]
6 576 [7]
9 573 [2]
12 570 [3]
5 573 [4]
23 560 [1]
13 568 [2]
31 552 [2]
6 577 [0]
0 582 [1]
5 574 [4]
2 577 [4]
3 581 [2]
0 584 [5]
2 578 [4]
73 511 [7]
8 572 [4]
10 568 [6]
1 582 [1]
14 571 [6]
0 585 [5]
8 574 [3]
9 574 [2]
0 581 [4]
4 576 [5]
16 567 [2]
8 577 [0]
216 366 [7]
4 577 [4]
4 578 [3]
39 541 [7]
5 578 [2]
0 586 [0]
10 576 [2]
2 584 [1]
8 578 [6]
2 581 [3]
9 577 [6]
60 526 [0]
6 578 [2]
5 582 [3]
16 571 [3]
8 576 [3]
1 579 [7]
10 571 [6]
10 570 [7]
287 301 [0]
0 588 [0]
5 581 [2]
4 580 [4]
6 579 [3]
10 572 [6]
5 576 [7]
147 436 [5]
5 579 [4]
5 584 [7]
14 568 [7]
5 580 [4]
1 583 [5]
9 580 [6]
10 579 [0]
240 349 [6]
186 399 [4]
8 579 [2]
10 573 [6]
9 576 [4]
7 576 [7]
8 582 [4]
10 580 [6]
20 570 [3]
216 374 [1]
4 579 [7]
14 575 [1]
22 563 [5]
103 488 [0]
8 583 [4]
10 575 [6]
16 568 [7]
9 582 [0]
64 521 [6]
8 584 [3]
1 591 [4]
10 582 [6]
1 590 [1]
107 483 [7]
2 586 [4]
7 582 [3]
56 536 [2]
3 586 [3]
2 589 [1]
119 473 [7]
2 591 [3]
6 587 [3]
9 578 [6]
10 583 [2]
203 385 [5]
27 566 [7]
5 583 [5]
5 586 [2]
148 444 [1]
143 450 [0]
2 587 [4]
7 581 [6]
21 573 [0]
8 586 [6]
273 321 [0]
6 586 [2]
13 574 [7]
98 493 [3]
16 575 [3]
12 576 [6]
10 585 [6]
21 569 [5]
7 586 [2]
1 587 [7]
4 587 [4]
17 575 [3]
14 574 [7]
92 496 [7]
44 550 [2]
74 520 [2]
9 581 [6]
296 300 [0]
56 538 [2]
97 498 [1]
8 588 [4]
0 591 [5]
2 595 [1]
90 502 [5]
117 475 [5]
8 587 [2]
3 591 [3]
8 585 [4]
1 595 [1]
11 586 [1]
0 598 [5]
3 592 [3]
2 592 [4]
5 591 [2]
8 590 [3]
1 596 [1]
102 493 [3]
90 509 [5]
292 307 [0]
2 597 [4]
4 593 [3]
2 593 [4]
5 590 [4]
0 594 [5]
4 592 [3]
0 600 [5]
1 599 [7]
179 417 [3]
203 397 [0]
3 597 [2]
50 547 [3]
4 596 [7]
56 542 [2]
8 592 [6]
5 593 [2]
45 553 [2]
21 579 [2]
28 565 [7]
47 554 [2]
27 567 [7]
38 556 [7]
12 583 [6]
7 592 [2]
8 589 [4]
272 329 [0]
0 597 [4]
7 593 [2]
9 593 [2]
88 512 [5]
14 585 [3]
9 587 [6]
5 594 [4]
24 574 [5]
4 599 [4]
8 595 [3]
38 565 [7]
39 564 [2]
0 602 [1]
76 524 [3]
280 323 [0]
97 506 [1]
219 384 [7]
11 593 [7]
5 597 [2]
7 591 [6]
16 588 [2]
42 557 [2]
5 595 [4]
10 588 [6]
238 364 [7]
47 555 [2]
4 601 [3]
16 589 [0]
14 588 [3]
227 372 [6]
1 603 [1]
6 596 [3]
202 399 [0]
4 602 [4]
79 522 [5]
14 589 [3]
5 601 [3]
7 596 [3]
77 529 [5]
10 590 [6]
8 594 [4]
2 601 [4]
2 605 [5]
9 596 [2]
8 593 [6]
117 485 [5]
22 580 [5]
28 572 [7]
6 602 [3]
75 533 [3]
5 599 [4]
64 544 [6]
47 559 [2]
1 606 [1]
129 472 [7]
4 605 [0]
2 607 [5]
5 600 [4]
5 604 [2]
8 601 [2]
22 587 [5]
8 599 [2]
1 607 [1]
2 606 [1]
7 601 [2]
5 602 [4]
2 604 [4]
8 598 [4]
8 603 [0]
10 601 [6]
0 611 [0]
2 609 [2]
6 605 [5]
13 595 [2]
263 348 [0]
0 610 [1]
14 590 [7]
206 405 [0]
3 609 [2]
10 602 [0]
9 597 [6]
99 507 [1]
14 598 [3]
6 604 [2]
16 594 [2]
8 602 [2]
56 556 [2]
38 572 [2]
38 571 [7]
40 568 [4]
5 603 [4]
5 608 [2]
2 608 [3]
74 534 [5]
7 604 [2]
16 595 [2]
199 414 [6]
91 521 [1]
3 608 [2]
24 590 [3]
147 466 [1]
97 516 [1]
9 605 [5]
16 598 [3]
9 599 [6]
33 581 [1]
10 599 [6]
2 613 [4]
188 421 [6]
36 578 [1]
203 412 [0]
13 600 [2]
112 496 [7]
8 608 [6]
16 600 [2]
141 469 [6]
10 600 [6]
5 607 [4]
50 567 [0]
4 613 [2]
1 616 [0]
9 606 [2]
7 605 [5]
9 602 [6]
14 603 [7]
21 596 [5]
272 343 [2]
0 612 [5]
74 541 [7]
8 606 [3]
2 612 [4]
8 610 [2]
27 584 [7]
255 363 [0]
124 492 [6]
230 385 [3]
8 604 [6]
0 613 [7]
0 614 [5]
79 540 [7]
4 615 [7]
5 610 [4]
10 603 [6]
6 610 [3]
3 613 [3]
7 612 [2]
9 610 [6]
14 606 [2]
0 620 [5]
1 612 [7]
5 612 [3]
11 604 [5]
276 345 [0]
10 611 [6]
7 608 [6]
39 580 [0]
1 619 [1]
22 599 [5]
6 613 [2]
1 621 [5]
6 616 [0]
27 595 [6]
8 614 [4]
5 617 [3]
8 612 [2]
10 606 [6]
27 588 [7]
111 506 [5]
255 366 [7]
7 609 [6]
75 547 [6]
1 622 [1]
27 589 [7]
2 621 [1]
56 565 [2]
8 611 [4]
8 615 [0]
5 614 [4]
126 497 [5]
12 605 [6]
267 357 [0]
5 619 [4]
22 602 [5]
9 609 [6]
87 535 [2]
2 615 [7]
3 618 [3]
28 589 [7]
5 615 [4]
2 622 [1]
11 613 [1]
4 616 [5]
244 381 [0]
159 466 [0]
164 461 [0]
16 607 [2]
7 618 [2]
7 615 [3]
97 527 [1]
186 439 [6]
2 624 [4]
5 621 [3]
38 588 [2]
6 620 [3]
13 606 [2]
9 617 [6]
10 610 [6]
20 605 [3]
2 623 [1]
9 615 [2]
48 578 [7]
6 617 [3]
103 524 [1]
5 622 [4]
75 546 [6]
129 491 [2]
8 619 [3]
8 613 [6]
88 532 [5]
38 589 [2]
25 601 [1]
56 571 [0]
1 620 [7]
10 616 [2]
2 619 [7]
4 620 [7]
5 623 [1]
28 598 [2]
14 611 [3]
188 435 [6]
5 620 [4]
1 627 [1]
100 522 [7]
8 621 [4]
1 623 [5]
10 619 [2]
36 592 [1]
2 626 [1]
230 397 [2]
9 616 [4]
7 619 [3]
255 374 [1]
0 629 [1]
7 616 [7]
56 572 [2]
33 591 [0]
0 625 [5]
8 620 [2]
8 622 [0]
38 585 [7]
10 620 [6]
16 614 [2]
9 619 [2]
2 627 [1]
36 593 [1]
2 629 [7]
117 514 [0]
309 322 [0]
10 615 [6]
24 603 [0]
86 546 [6]
0 632 [1]
27 598 [7]
8 618 [6]
4 628 [4]
80 551 [1]
5 627 [0]
1 624 [7]
0 627 [5]
4 624 [4]
7 626 [7]
9 618 [6]
238 393 [4]
10 617 [6]
51 581 [1]
6 624 [3]
5 625 [4]
15 619 [4]
27 600 [7]
61 569 [6]
12 616 [6]
27 607 [7]
122 512 [5]
167 467 [0]
78 553 [0]
98 533 [3]
2 628 [4]
5 630 [0]
8 627 [3]
148 486 [1]
8 623 [4]
0 628 [5]
15 615 [5]
24 606 [5]
5 631 [7]
1 635 [5]
113 522 [7]
10 626 [3]
38 598 [2]
5 628 [3]
22 610 [5]
6 626 [5]
33 597 [7]
6 628 [3]
8 629 [2]
129 508 [2]
7 628 [2]
0 636 [1]
1 629 [7]
2 636 [4]
4 634 [3]
174 459 [0]
10 628 [0]
0 637 [1]
165 473 [0]
5 629 [4]
13 625 [0]
6 629 [3]
27 611 [2]
111 527 [5]
2 632 [4]
0 633 [5]
140 498 [0]
25 612 [1]
1 638 [5]
4 635 [5]
1 631 [1]
185 452 [7]
9 626 [4]
9 624 [6]
4 632 [4]
48 592 [5]
2 638 [4]
1 639 [7]
5 635 [5]
5 632 [3]
9 631 [2]
196 444 [0]
6 631 [3]
1 632 [7]
100 540 [4]
2 639 [4]
27 614 [7]
75 566 [3]
147 489 [5]
7 631 [3]
10 625 [6]
6 634 [2]
117 523 [3]
1 641 [7]
2 640 [1]
4 638 [1]
8 632 [2]
8 635 [3]
9 634 [6]
10 633 [6]
16 625 [2]
56 585 [2]
13 630 [2]
16 621 [6]
9 628 [6]
8 634 [6]
0 644 [1]
9 635 [4]
22 620 [2]
85 557 [2]
1 636 [7]
2 641 [1]
5 636 [3]
49 596 [0]
3 642 [3]
16 627 [2]
8 633 [4]
56 589 [0]
50 595 [6]
56 588 [2]
16 623 [6]
1 637 [7]
8 637 [2]
6 636 [3]
4 637 [4]
94 550 [5]
233 411 [0]
140 506 [5]
8 636 [2]
137 504 [5]
2 643 [1]
10 630 [6]
12 635 [2]
1 646 [0]
6 641 [7]
10 631 [6]
85 562 [5]
10 635 [2]
6 642 [2]
0 648 [1]
2 642 [4]
16 630 [2]
0 647 [1]
5 643 [4]
10 632 [6]
2 645 [1]
6 639 [3]
8 639 [2]
6 638 [5]
8 641 [3]
198 449 [2]
1 647 [1]
0 642 [7]
7 635 [7]
50 594 [0]
1 643 [5]
75 567 [0]
51 597 [1]
33 609 [7]
4 641 [5]
27 623 [3]
6 644 [3]
14 633 [3]
9 636 [6]
7 642 [2]
8 643 [4]
28 623 [3]
22 624 [5]
38 611 [2]
39 610 [0]
100 551 [4]
27 621 [3]
318 334 [0]
1 644 [7]
2 646 [4]
8 640 [4]
7 638 [7]
1 652 [1]
294 359 [0]
70 582 [5]
12 638 [3]
69 582 [5]
10 637 [6]
9 641 [4]
11 642 [1]
8 644 [2]
122 532 [0]
113 540 [1]
3 651 [3]
5 649 [7]
8 646 [6]
147 502 [5]
45 605 [4]
56 598 [2]
6 649 [5]
6 646 [3]
1 649 [5]
16 640 [3]
27 622 [7]
6 647 [3]
8 642 [6]
10 640 [6]
1 654 [1]
7 649 [7]
100 549 [7]
9 647 [2]
22 629 [5]
5 647 [4]
10 646 [6]
6 651 [2]
2 655 [1]
6 648 [3]
2 651 [4]
23 634 [7]
27 630 [0]
258 399 [0]
14 640 [3]
7 647 [3]
2 648 [7]
5 648 [4]
1 657 [7]
0 657 [1]
8 648 [2]
5 651 [2]
4 649 [5]
4 651 [3]
6 652 [2]
1 653 [4]
9 645 [4]
20 638 [2]
29 629 [0]
22 637 [0]
5 654 [7]
219 440 [0]
9 650 [6]
36 618 [0]
51 608 [1]
7 645 [7]
3 653 [3]
12 641 [6]
83 576 [0]
4 652 [3]
2 653 [3]
0 654 [5]
27 633 [7]
1 659 [5]
9 651 [6]
10 644 [6]
8 650 [2]
8 649 [4]
5 653 [2]
267 392 [0]
12 649 [6]
4 657 [0]
8 653 [6]
0 656 [5]
9 646 [6]
41 620 [3]
4 658 [3]
97 564 [1]
2 656 [4]
2 659 [1]
10 652 [6]
219 436 [7]
99 563 [1]
75 584 [3]
9 649 [4]
145 516 [1]
2 661 [4]
3 660 [2]
6 657 [3]
39 617 [0]
7 656 [2]
2 657 [7]
10 647 [6]
233 427 [3]
113 549 [1]
87 571 [0]
294 367 [3]
5 659 [4]
1 663 [7]
2 658 [4]
1 656 [7]
6 658 [2]
0 663 [1]
5 656 [3]
98 566 [3]
152 513 [7]
20 645 [7]
64 595 [6]
8 651 [6]
0 660 [5]
8 654 [3]
179 480 [6]
7 658 [2]
8 657 [2]
8 658 [0]
0 665 [1]
8 656 [2]
11 650 [5]
5 657 [4]
7 653 [6]
4 660 [2]
29 637 [5]
48 618 [5]
22 639 [5]
2 660 [4]
2 664 [1]
8 655 [4]
6 660 [2]
4 664 [1]
1 667 [5]
3 662 [3]
56 611 [1]
114 551 [3]
6 662 [3]
8 660 [6]
22 646 [5]
2 662 [4]
83 583 [3]
2 667 [5]
0 668 [1]
6 663 [3]
5 661 [3]
0 662 [7]
50 614 [1]
233 437 [0]
22 648 [6]
75 594 [0]
88 577 [5]
7 661 [2]
164 505 [2]
13 654 [3]
10 655 [6]
0 671 [5]
5 666 [4]
7 664 [5]
9 656 [6]
8 661 [2]
22 644 [5]
1 664 [7]
0 666 [5]
7 662 [2]
16 654 [2]
2 670 [3]
11 660 [1]
102 567 [1]
5 667 [7]
139 533 [7]
0 667 [5]
5 663 [4]
203 465 [5]
8 665 [0]
1 671 [1]
27 643 [3]
0 672 [1]
4 670 [3]
2 665 [7]
6 668 [3]
53 621 [7]
5 665 [4]
16 655 [3]
2 671 [1]
55 618 [1]
6 665 [3]
32 637 [5]
16 659 [3]
111 564 [5]
1 673 [1]
10 659 [6]
50 622 [3]
14 655 [6]
44 632 [5]
8 668 [3]
1 675 [0]
86 584 [6]
6 670 [0]
12 664 [6]
42 629 [2]
1 668 [1]
5 668 [4]
3 674 [2]
0 676 [1]
9 664 [4]
53 623 [0]
9 662 [6]
5 672 [0]
64 607 [6]
10 661 [6]
7 669 [2]
38 640 [4]
215 463 [0]
106 570 [2]
23 650 [5]
2 672 [4]
7 668 [3]
1 678 [7]
4 675 [7]
263 414 [2]
0 678 [1]
22 657 [5]
8 667 [4]
9 668 [2]
7 670 [2]
22 652 [5]
2 674 [3]
8 669 [2]
76 600 [3]
4 676 [7]
3 677 [0]
4 672 [4]
5 675 [4]
88 587 [5]
50 627 [3]
1 672 [7]
7 673 [3]
5 671 [4]
0 681 [5]
1 680 [1]
5 676 [4]
0 680 [1]
5 674 [2]
8 673 [3]
238 443 [7]
13 666 [2]
183 499 [0]
98 584 [2]
8 674 [0]
10 666 [6]
14 667 [1]
16 666 [7]
29 648 [5]
25 656 [1]
5 673 [4]
5 678 [4]
27 655 [0]
185 494 [4]
4 680 [7]
6 678 [3]
8 676 [2]
283 401 [0]
17 667 [3]
4 673 [7]
0 679 [5]
335 349 [0]
1 676 [7]
9 673 [2]
196 486 [2]
8 670 [6]
10 668 [6]
221 459 [5]
11 669 [5]
28 655 [7]
8 675 [2]
6 677 [2]
27 659 [0]
7 677 [2]
25 661 [4]
29 657 [5]
16 667 [3]
33 653 [0]
179 507 [6]
2 683 [1]
23 662 [1]
9 675 [2]
10 671 [6]
2 685 [1]
20 664 [3]
16 671 [2]
90 592 [5]
36 651 [5]
7 674 [6]
9 672 [6]
199 482 [6]
1 687 [5]
272 409 [0]
299 389 [0]
14 671 [3]
5 683 [4]
47 641 [2]
8 678 [2]
309 379 [4]
101 583 [0]
0 689 [5]
1 688 [5]
2 687 [1]
128 556 [7]
5 680 [4]
10 673 [6]
5 685 [4]
8 682 [6]
7 680 [3]
6 682 [2]
56 633 [0]
135 556 [0]
2 689 [4]
8 680 [3]
8 679 [4]
158 533 [0]
8 677 [6]
22 663 [6]
319 372 [0]
29 663 [5]
2 690 [2]
0 690 [2]
8 684 [3]
112 580 [7]
35 655 [2]
272 420 [0]
64 622 [6]
3 690 [2]
9 684 [4]
4 684 [5]
35 659 [2]
128 565 [0]
36 658 [1]
10 678 [6]
1 690 [3]
3 691 [3]
22 672 [5]
5 690 [0]
9 686 [6]
5 686 [4]
42 648 [2]
10 679 [6]
9 687 [3]
2 694 [3]
0 696 [0]
4 692 [3]
7 689 [6]
2 693 [1]
10 680 [6]
137 558 [6]
4 689 [3]
13 681 [2]
185 511 [4]
10 684 [2]
56 640 [4]
6 691 [2]
2 695 [1]
7 690 [2]
6 684 [7]
1 695 [1]
10 681 [6]
23 669 [5]
14 681 [2]
53 643 [7]
344 353 [0]
75 622 [2]
1 689 [7]
64 627 [6]
175 521 [1]
1 697 [7]
295 403 [0]
7 684 [7]
11 682 [5]
299 394 [7]
22 676 [0]
0 694 [4]
27 671 [7]
5 688 [5]
0 699 [5]
5 694 [6]
1 693 [5]
10 683 [6]
8 691 [0]
8 688 [3]
9 690 [6]
83 616 [0]
91 607 [1]
21 673 [2]
1 694 [4]
8 689 [2]
16 681 [2]
16 683 [3]
26 673 [5]
2 698 [0]
1 699 [5]
8 692 [6]
7 691 [2]
12 688 [0]
22 678 [5]
4 690 [6]
10 688 [2]
3 694 [2]
122 577 [5]
10 687 [3]
6 692 [2]
317 384 [0]
3 698 [3]
7 692 [2]
7 687 [7]
129 571 [5]
322 379 [0]
4 698 [3]
8 694 [6]
260 442 [0]
75 627 [6]
10 686 [6]
2 699 [1]
2 701 [1]
8 695 [2]
9 694 [6]
82 621 [0]
135 565 [0]
128 572 [1]
69 631 [7]
4 697 [2]
2 697 [4]
50 654 [0]
7 697 [6]
2 702 [5]
8 690 [6]
76 625 [3]
131 571 [5]
9 689 [6]
103 600 [1]
140 564 [0]
0 697 [7]
151 554 [1]
7 695 [3]
12 687 [6]
0 704 [1]
0 700 [5]
8 693 [4]
9 697 [6]
76 630 [1]
257 449 [0]
28 671 [7]
6 698 [2]
42 665 [2]
7 698 [2]
0 702 [5]
1 701 [5]
36 670 [1]
9 692 [6]
27 681 [7]
0 708 [7]
151 555 [2]
32 676 [5]
6 695 [7]
219 489 [5]
233 469 [6]
8 696 [4]
8 701 [3]
5 700 [4]
20 687 [2]
45 664 [0]
2 706 [1]
2 703 [4]
2 704 [7]
2 708 [4]
4 701 [5]
209 495 [0]
142 568 [0]
105 601 [5]
8 702 [4]
0 709 [1]
10 700 [6]
135 572 [3]
186 518 [6]
15 695 [5]
23 682 [5]
66 644 [0]
276 434 [5]
4 707 [3]
8 703 [2]
8 697 [6]
8 699 [4]
5 699 [7]
48 658 [5]
8 698 [6]
0 712 [5]
7 703 [2]
27 685 [7]
10 696 [6]
29 678 [5]
88 624 [5]
1 704 [7]
98 614 [3]
126 586 [1]
255 458 [0]
22 686 [5]
0 713 [5]
14 696 [3]
6 704 [3]
10 703 [6]
27 683 [3]
248 465 [0]
2 710 [1]
13 700 [2]
14 699 [1]
2 707 [4]
128 585 [5]
1 708 [4]
28 679 [7]
1 713 [7]
2 712 [1]
4 708 [2]
3 708 [3]
5 707 [2]
14 700 [0]
36 677 [1]
97 617 [1]
9 701 [4]
33 674 [7]
77 637 [1]
4 711 [3]
7 701 [7]
2 713 [7]
6 707 [2]
16 693 [6]
10 699 [6]
355 360 [0]
80 634 [1]
25 689 [1]
154 562 [0]
9 705 [2]
102 614 [3]
8 705 [3]
14 702 [3]
7 707 [2]
4 705 [7]
69 647 [5]
294 422 [0]
3 711 [3]
3 714 [3]
8 709 [2]
79 634 [4]
1 709 [7]
1 715 [1]
16 702 [0]
2 716 [0]
5 713 [3]
17 699 [2]
9 709 [2]
295 423 [6]
0 717 [1]
10 702 [6]
6 709 [3]
41 676 [1]
164 554 [2]
7 709 [3]
8 711 [6]
12 701 [6]
6 711 [2]
53 659 [7]
83 635 [1]
10 706 [3]
7 705 [3]
0 714 [5]
223 496 [0]
9 706 [4]
10 710 [3]
19 697 [4]
7 711 [2]
27 693 [3]
35 683 [2]
2 714 [4]
226 494 [0]
7 706 [7]
3 718 [3]
7 714 [2]
6 710 [5]
0 720 [1]
227 493 [1]
7 708 [6]
5 714 [2]
10 712 [0]
5 717 [7]
7 715 [4]
199 519 [6]
12 710 [7]
0 718 [4]
48 670 [5]
2 719 [1]
2 718 [3]
11 707 [5]
9 708 [6]
8 713 [2]
1 721 [1]
12 706 [6]
4 719 [1]
7 717 [3]
38 679 [7]
5 715 [4]
2 715 [1]
64 654 [6]
49 675 [6]
8 712 [4]
1 722 [1]
10 715 [2]
4 721 [7]
1 717 [7]
5 716 [4]
6 719 [5]
5 718 [2]
48 677 [1]
176 544 [0]
82 643 [0]
51 674 [1]
20 706 [2]
9 715 [2]
158 566 [0]
8 715 [3]
204 521 [7]
359 367 [0]
94 632 [5]
6 717 [3]
27 700 [0]
2 724 [1]
18 705 [4]
39 686 [2]
8 717 [2]
117 608 [5]
6 722 [7]
43 680 [5]
36 691 [1]
8 716 [4]
6 715 [7]
186 542 [6]
9 717 [2]
16 712 [3]
103 625 [1]
111 617 [5]
0 723 [5]
1 728 [7]
4 725 [2]
0 728 [1]
2 720 [7]
14 712 [3]
8 721 [0]
6 720 [3]
25 703 [1]
30 695 [0]
79 650 [7]
5 720 [4]
0 724 [5]
1 729 [7]
9 721 [2]
20 710 [2]
0 729 [1]
8 720 [2]
35 693 [2]
5 726 [4]
2 725 [4]
7 719 [5]
7 721 [3]
318 411 [2]
80 650 [1]
104 622 [5]
1 727 [4]
22 704 [6]
1 726 [5]
87 640 [5]
7 722 [3]
29 704 [5]
0 733 [5]
1 732 [1]
9 718 [6]
4 729 [4]
6 725 [2]
4 722 [7]
83 649 [1]
143 590 [0]
60 672 [1]
103 630 [1]
0 734 [1]
6 721 [7]
16 716 [2]
100 634 [4]
5 727 [2]
7 725 [2]
109 626 [3]
36 698 [1]
8 723 [4]
13 715 [7]
21 709 [5]
8 724 [4]
9 727 [6]
11 725 [5]
4 728 [4]
2 730 [4]
12 719 [6]
4 733 [4]
5 729 [4]
0 732 [5]
0 736 [1]
5 728 [4]
6 728 [3]
56 679 [2]
8 730 [2]
6 729 [3]
10 728 [6]
4 731 [3]
99 639 [0]
8 728 [2]
8 726 [4]
8 729 [2]
2 737 [5]
0 739 [0]
147 592 [7]
8 731 [2]
10 729 [6]
8 725 [6]
6 731 [2]
2 733 [4]
25 713 [1]
7 730 [2]
20 719 [3]
10 723 [6]
8 732 [3]
99 636 [5]
7 727 [6]
366 374 [0]
7 731 [2]
276 462 [5]
15 721 [4]
48 691 [1]
38 702 [0]
10 724 [6]
302 438 [0]
1 739 [1]
1 733 [7]
1 740 [5]
5 732 [4]
188 549 [4]
14 724 [3]
38 696 [7]
8 727 [6]
2 736 [4]
2 739 [1]
4 738 [4]
7 735 [2]
126 613 [1]
1 734 [7]
4 735 [3]
9 728 [6]
27 716 [7]
21 722 [5]
36 707 [5]
68 675 [0]
121 616 [6]
2 734 [7]
1 741 [1]
53 683 [7]
6 734 [3]
16 724 [3]
70 668 [5]
8 736 [0]
6 738 [4]
18 721 [5]
4 736 [4]
1 736 [7]
8 737 [4]
76 666 [0]
13 732 [2]
51 694 [1]
318 427 [6]
334 411 [0]
145 599 [2]
93 653 [1]
5 741 [0]
9 731 [6]
1 738 [7]
263 482 [4]
272 472 [3]
8 738 [2]
42 704 [6]
10 730 [6]
0 747 [1]
4 743 [3]
5 738 [4]
10 737 [6]
0 742 [5]
2 744 [1]
203 539 [5]
2 746 [1]
1 747 [7]
5 743 [3]
85 663 [2]
9 733 [6]
5 739 [4]
0 743 [5]
90 658 [5]
10 732 [6]
178 570 [4]
211 537 [3]
10 739 [6]
357 392 [0]
0 748 [1]
4 740 [5]
8 735 [6]
38 712 [7]
2 748 [4]
202 542 [6]
149 601 [0]
10 740 [6]
0 745 [5]
80 669 [1]
85 665 [2]
9 735 [6]
341 410 [0]
14 737 [6]
11 735 [5]
143 603 [5]
5 742 [4]
9 736 [6]
7 741 [3]
27 724 [5]
8 741 [2]
45 706 [6]
1 751 [5]
5 747 [7]
12 740 [2]
9 741 [2]
4 741 [7]
56 696 [2]
4 745 [3]
1 750 [5]
343 409 [0]
4 749 [3]
6 740 [7]
5 745 [3]
53 693 [7]
2 750 [1]
7 739 [7]
9 740 [4]
27 726 [3]
48 698 [7]
14 732 [7]
1 753 [7]
100 650 [4]
2 752 [1]
36 711 [7]
8 742 [4]
33 714 [0]
28 726 [7]
2 751 [1]
6 749 [2]
2 753 [0]
5 750 [1]
9 746 [4]
79 669 [7]
4 746 [1]
22 733 [5]
23 731 [1]
0 750 [5]
2 749 [4]
25 730 [7]
0 751 [5]
16 737 [3]
22 729 [5]
5 748 [4]
4 748 [4]
5 752 [4]
2 755 [1]
3 754 [3]
109 645 [3]
10 741 [6]
4 753 [4]
8 749 [6]
6 748 [3]
1 755 [1]
6 746 [5]
76 681 [1]
317 440 [6]
8 747 [2]
9 744 [4]
7 749 [2]
1 752 [5]
9 747 [2]
8 750 [4]
7 744 [7]
0 757 [5]
28 723 [7]
9 743 [6]
6 753 [3]
0 759 [4]
3 756 [3]
8 751 [3]
10 743 [6]
327 432 [0]
10 746 [3]
13 739 [7]
8 752 [0]
2 758 [1]
5 755 [7]
9 745 [6]
10 750 [0]
7 746 [7]
56 702 [2]
16 742 [2]
2 754 [4]
75 685 [3]
90 670 [7]
0 761 [1]
5 756 [2]
10 744 [0]
8 753 [2]
0 754 [7]
38 723 [7]
79 682 [7]
10 745 [6]
119 638 [4]
5 753 [3]
318 441 [2]
0 762 [5]
2 756 [4]
21 741 [5]
140 617 [5]
229 533 [0]
80 682 [7]
22 734 [0]
348 414 [0]
343 420 [4]
1 762 [4]
5 758 [4]
6 754 [3]
2 760 [1]
8 755 [4]
10 747 [6]
35 726 [2]
4 756 [3]
9 754 [0]
10 753 [2]
272 491 [0]
27 737 [0]
114 650 [6]
21 738 [5]
181 580 [3]
10 748 [6]
237 527 [0]
3 759 [2]
2 759 [3]
6 756 [2]
3 762 [2]
0 765 [5]
252 513 [0]
51 714 [7]
11 749 [1]
20 744 [2]
8 758 [4]
2 763 [1]
5 759 [2]
20 746 [2]
27 732 [7]
5 757 [4]
0 767 [0]
377 390 [0]
16 751 [2]
2 762 [3]
28 737 [2]
54 713 [7]
8 760 [4]
16 750 [2]
9 759 [0]
36 725 [1]
39 728 [1]
29 734 [5]
45 719 [4]
39 729 [0]
211 557 [7]
3 766 [4]
7 762 [6]
5 762 [2]
100 669 [4]
103 666 [1]
230 539 [0]
50 716 [3]
25 743 [1]
2 761 [7]
1 769 [7]
6 761 [3]
13 757 [2]
8 756 [6]
2 764 [4]
325 445 [0]
2 767 [1]
51 718 [1]
294 474 [3]
0 771 [5]
16 755 [2]
2 768 [1]
9 756 [6]
8 761 [2]
0 770 [1]
131 640 [2]
25 745 [1]
105 661 [5]
279 493 [0]
83 688 [1]
7 765 [3]
26 741 [5]
9 763 [4]
4 763 [1]
2 766 [4]
1 770 [1]
1 764 [7]
344 426 [6]
198 575 [4]
9 764 [0]
356 417 [0]
141 626 [6]
8 765 [0]
10 763 [3]
0 772 [1]
10 757 [6]
0 768 [5]
4 766 [3]
14 757 [2]
6 764 [3]
1 765 [7]
9 765 [0]
4 770 [7]
8 766 [6]
16 758 [3]
8 764 [2]
1 772 [1]
5 765 [4]
16 752 [6]
8 767 [3]
2 769 [4]
126 642 [7]
4 772 [7]
8 768 [4]
49 722 [0]
80 692 [4]
8 762 [6]
10 760 [6]
6 771 [3]
4 773 [3]
2 771 [4]
4 769 [4]
7 763 [7]
5 768 [4]
8 770 [2]
28 750 [7]
51 727 [7]
69 709 [5]
23 754 [1]
1 776 [1]
34 745 [1]
5 774 [2]
5 770 [4]
7 772 [0]
1 771 [7]
16 760 [3]
76 700 [3]
82 693 [2]
5 771 [3]
2 774 [3]
8 769 [2]
27 752 [3]
2 773 [4]
4 771 [4]
1 774 [4]
56 723 [2]
353 426 [0]
313 467 [0]
2 778 [3]
4 775 [1]
7 773 [6]
2 777 [1]
28 752 [7]
5 773 [2]
3 774 [3]
326 454 [0]
221 560 [5]
10 765 [6]
9 770 [2]
12 763 [6]
385 397 [0]
73 709 [4]
34 743 [5]
272 508 [2]
10 772 [0]
263 519 [4]
56 724 [2]
27 755 [7]
20 763 [2]
2 781 [7]
5 778 [3]
8 772 [3]
9 774 [0]
98 685 [6]
173 609 [1]
114 669 [3]
1 781 [1]
9 769 [6]
2 782 [3]
378 406 [0]
6 778 [2]
7 770 [3]
206 577 [1]
103 681 [1]
5 776 [4]
4 778 [3]
6 780 [3]
28 758 [3]
1 785 [1]
100 682 [4]
16 768 [2]
6 775 [5]
69 717 [5]
53 726 [7]
7 779 [2]
9 771 [6]
16 767 [0]
8 778 [0]
12 775 [6]
0 787 [1]
7 775 [5]
2 784 [1]
8 773 [6]
9 778 [6]
10 777 [3]
8 776 [3]
6 779 [2]
6 782 [2]
8 774 [6]
0 788 [1]
27 758 [3]
22 761 [5]
3 782 [3]
2 785 [1]
9 773 [6]
6 777 [5]
8 779 [2]
11 773 [5]
5 782 [2]
4 782 [3]
2 783 [4]
87 702 [2]
101 688 [0]
141 645 [3]
5 781 [4]
0 785 [5]
11 779 [1]
1 788 [1]
115 675 [0]
232 558 [5]
10 781 [2]
0 791 [5]
13 776 [2]
4 783 [4]
27 757 [7]
22 764 [5]
1 783 [7]
85 704 [2]
9 780 [2]
9 783 [2]
44 748 [6]
8 781 [3]
3 789 [3]
6 786 [3]
100 692 [4]
2 786 [4]
6 783 [3]
70 717 [5]
33 759 [7]
21 772 [2]
2 790 [1]
5 788 [4]
8 783 [2]
9 784 [4]
267 522 [4]
126 660 [0]
36 756 [1]
60 733 [1]
281 512 [0]
1 793 [7]
151 641 [2]
1 786 [7]
75 716 [3]
4 786 [4]
7 780 [3]
16 776 [2]
50 742 [0]
3 792 [4]
6 789 [6]
8 787 [2]
199 596 [6]
1 787 [7]
14 781 [7]
227 567 [1]
0 790 [5]
20 775 [6]
27 768 [7]
29 761 [5]
5 791 [4]
7 789 [2]
8 782 [6]
22 769 [5]
8 785 [3]
10 780 [6]
6 787 [3]
20 777 [0]
2 795 [0]
5 792 [2]
10 787 [2]
229 566 [2]
45 746 [0]
8 790 [4]
215 583 [0]
4 792 [2]
1 797 [7]
152 646 [1]
2 792 [4]
6 792 [6]
8 788 [3]
10 788 [6]
13 785 [3]
22 771 [5]
38 760 [7]
114 682 [3]
2 797 [4]
2 793 [4]
0 799 [1]
8 791 [3]
183 615 [6]
0 792 [7]
0 798 [1]
4 788 [7]
5 795 [3]
4 796 [3]
10 790 [0]
341 457 [2]
0 795 [5]
148 652 [1]
4 797 [3]
5 796 [2]
26 772 [5]
0 800 [1]
9 786 [6]
27 767 [7]
16 785 [2]
90 711 [1]
21 780 [5]
107 694 [7]
6 796 [6]
28 767 [7]
4 795 [3]
180 618 [1]
44 753 [5]
2 796 [4]
6 793 [3]
8 793 [2]
6 797 [3]
5 798 [4]
265 538 [0]
8 789 [6]
103 700 [0]
36 766 [1]
1 795 [7]
2 798 [4]
7 797 [2]
0 797 [1]
9 795 [6]
50 751 [3]
1 802 [1]
14 790 [3]
48 756 [5]
11 792 [1]
6 795 [3]
6 794 [5]
1 804 [5]
7 792 [6]
5 797 [3]
112 686 [7]
24 781 [0]
7 796 [2]
38 767 [2]
53 752 [0]
85 720 [2]
2 804 [1]
4 802 [4]
121 684 [1]
1 801 [4]
1 798 [7]
20 784 [2]
11 796 [0]
8 799 [4]
9 794 [4]
364 443 [0]
6 798 [3]
4 801 [2]
9 798 [6]
10 797 [6]
9 792 [6]
1 799 [7]
3 801 [3]
23 779 [5]
105 703 [0]
1 800 [7]
5 799 [4]
8 800 [2]
7 794 [7]
2 805 [1]
82 726 [2]
86 716 [6]
42 761 [0]
9 793 [6]
400 408 [0]
7 802 [3]
6 803 [5]
5 800 [4]
16 791 [2]
6 804 [5]
2 808 [1]
1 808 [1]
22 783 [5]
155 654 [0]
36 773 [1]
7 803 [1]
9 801 [6]
7 800 [3]
2 807 [1]
149 661 [0]
216 593 [7]
27 776 [7]
189 621 [0]
128 679 [1]
9 800 [2]
7 804 [7]
0 806 [5]
51 759 [1]
21 788 [2]
192 612 [7]
6 802 [3]
9 796 [6]
10 795 [6]
2 810 [1]
80 731 [1]
2 809 [1]
1 807 [5]
5 808 [4]
0 813 [0]
6 807 [5]
0 811 [5]
281 532 [0]
9 802 [2]
27 785 [7]
87 724 [2]
0 812 [1]
6 808 [4]
1 811 [2]
7 801 [6]
79 731 [7]
48 766 [5]
22 787 [5]
93 714 [7]
189 623 [7]
4 805 [5]
45 763 [6]
284 530 [0]
130 684 [7]
9 805 [4]
36 778 [7]
0 814 [1]
10 805 [3]
64 751 [6]
10 799 [6]
80 735 [4]
177 636 [3]
8 801 [6]
0 810 [5]
3 813 [3]
5 811 [6]
10 806 [6]
2 811 [3]
3 811 [2]
20 794 [2]
22 795 [5]
343 472 [2]
1 817 [7]
4 814 [4]
5 813 [2]
179 639 [0]
0 817 [1]
8 806 [4]
6 812 [3]
69 747 [2]
7 811 [6]
106 710 [2]
36 782 [1]
53 758 [7]
5 814 [4]
4 815 [7]
7 805 [7]
8 808 [3]
9 808 [2]
70 747 [5]
259 560 [0]
64 755 [0]
6 809 [5]
6 814 [3]
1 812 [7]
7 813 [2]
9 807 [4]
297 523 [0]
267 549 [4]
51 762 [7]
98 716 [6]
10 807 [3]
4 812 [4]
22 793 [5]
43 772 [5]
0 821 [5]
147 670 [0]
50 768 [3]
2 812 [7]
12 807 [2]
85 734 [2]
7 807 [7]
109 706 [6]
1 821 [1]
4 818 [3]
227 594 [1]
7 815 [3]
256 565 [1]
10 812 [6]
8 812 [2]
10 809 [3]
344 478 [1]
8 810 [4]
22 799 [2]
1 815 [7]
56 767 [2]
7 809 [7]
6 816 [2]
7 817 [3]
0 824 [1]
384 440 [0]
10 808 [6]
8 816 [6]
6 815 [3]
9 815 [2]
45 775 [4]
7 816 [2]
1 824 [7]
20 803 [2]
9 816 [6]
19 801 [5]
2 822 [1]
8 815 [2]
51 774 [1]
1 819 [5]
22 798 [5]
36 789 [7]
27 791 [7]
49 770 [6]
341 485 [0]
2 824 [7]
403 423 [0]
8 818 [2]
9 817 [2]
83 740 [0]
2 823 [1]
8 819 [4]
10 817 [6]
20 805 [2]
11 816 [0]
8 817 [2]
20 804 [3]
216 604 [7]
7 818 [2]
14 810 [3]
4 820 [3]
4 819 [5]
8 820 [6]
21 802 [5]
256 572 [1]
16 810 [2]
1 822 [5]
13 808 [2]
2 827 [1]
1 828 [0]
7 820 [2]
309 517 [0]
1 823 [5]
10 819 [2]
327 497 [0]
20 807 [2]
9 814 [6]
409 420 [0]
1 829 [4]
0 830 [1]
4 826 [3]
8 822 [4]
348 482 [4]
2 821 [7]
10 814 [6]
6 821 [3]
8 823 [3]
7 824 [3]
11 820 [5]
20 809 [2]
48 778 [5]
10 815 [6]
10 822 [6]
1 831 [7]
60 771 [1]
6 819 [7]
2 830 [1]
189 643 [4]
2 826 [4]
0 831 [1]
0 827 [5]
4 823 [5]
75 751 [6]
7 825 [0]
4 825 [3]
50 776 [6]
7 819 [7]
36 796 [1]
6 828 [0]
359 474 [1]
2 829 [3]
344 488 [1]
6 823 [7]
2 828 [4]
8 824 [2]
5 826 [3]
3 829 [3]
0 835 [5]
7 826 [2]
99 736 [5]
8 825 [2]
100 735 [0]
9 820 [6]
38 790 [7]
343 491 [2]
8 826 [2]
1 835 [0]
32 799 [5]
107 727 [7]
4 828 [4]
69 765 [5]
82 752 [0]
10 826 [0]
9 823 [4]
386 450 [0]
21 815 [5]
76 757 [3]
356 480 [6]
257 575 [4]
27 810 [0]
0 832 [5]
0 836 [1]
135 696 [0]
48 789 [1]
105 730 [5]
8 828 [2]
5 833 [4]
16 822 [2]
2 835 [1]
1 838 [7]
22 812 [5]
9 824 [6]
0 838 [1]
41 799 [6]
3 837 [2]
28 810 [2]
0 840 [1]
64 776 [6]
294 545 [1]
82 758 [2]
14 827 [0]
353 488 [0]
28 806 [7]
7 831 [3]
50 791 [2]
4 834 [3]
68 770 [3]
22 814 [5]
5 837 [2]
2 837 [3]
8 830 [4]
322 517 [3]
0 837 [5]
6 833 [3]
6 836 [3]
94 748 [5]
298 544 [0]
137 705 [1]
2 839 [1]
98 742 [3]
8 835 [2]
7 834 [2]
9 828 [6]
129 712 [2]
8 833 [2]
8 829 [6]
38 806 [7]
4 840 [4]
4 833 [7]
7 837 [6]
9 829 [6]
8 834 [2]
102 742 [3]
361 483 [0]
9 833 [2]
5 835 [4]
8 832 [4]
388 456 [0]
23 816 [5]
197 644 [3]
347 498 [0]
1 844 [4]
201 644 [0]
16 827 [2]
2 836 [7]
33 811 [1]
158 685 [2]
56 790 [2]
85 761 [2]
4 838 [4]
14 830 [3]
3 844 [0]
94 753 [5]
6 838 [3]
227 614 [6]
10 831 [6]
171 676 [0]
5 838 [4]
3 842 [2]
2 842 [3]
5 843 [3]
23 825 [5]
2 845 [1]
16 830 [2]
1 840 [7]
10 832 [6]
1 848 [5]
2 844 [3]
14 832 [3]
49 800 [4]
10 833 [6]
2 843 [4]
69 780 [5]
5 842 [2]
166 684 [0]
25 824 [1]
4 841 [5]
45 805 [0]
6 839 [5]
0 843 [5]
10 841 [6]
128 723 [6]
200 651 [0]
8 837 [6]
0 850 [1]
13 835 [2]
5 841 [5]
16 832 [3]
25 826 [1]
8 844 [6]
7 843 [2]
6 846 [2]
33 813 [0]
149 703 [0]
151 701 [2]
8 841 [3]
27 822 [0]
0 847 [5]
147 698 [7]
7 846 [2]
347 506 [7]
9 838 [6]
12 841 [6]
343 508 [2]
141 706 [6]
16 835 [2]
27 827 [7]
4 850 [7]
5 849 [4]
21 831 [0]
8 846 [6]
0 853 [1]
86 768 [6]
172 682 [0]
6 849 [3]
7 841 [7]
39 814 [2]
0 854 [1]
2 852 [1]
1 854 [7]
196 652 [0]
9 840 [6]
22 828 [5]
0 855 [1]
93 762 [1]
421 435 [0]
109 744 [3]
341 514 [1]
4 849 [4]
1 849 [7]
4 852 [1]
7 850 [0]
4 848 [5]
28 827 [7]
9 842 [6]
8 845 [4]
35 822 [2]
28 822 [7]
5 853 [3]
1 850 [1]
7 851 [5]
79 779 [7]
147 711 [4]
9 849 [6]
8 851 [3]
9 844 [6]
6 850 [3]
21 833 [5]
5 850 [4]
137 721 [5]
20 839 [2]
60 798 [1]
10 843 [6]
233 626 [6]
295 562 [2]
2 858 [1]
10 848 [2]
73 780 [7]
4 851 [5]
80 779 [1]
8 850 [2]
2 859 [1]
0 861 [5]
7 854 [3]
121 740 [6]
6 848 [7]
305 556 [0]
104 755 [5]
9 848 [4]
109 746 [6]
2 855 [4]
10 845 [6]
16 845 [3]
90 766 [5]
9 846 [6]
22 840 [5]
56 806 [2]
7 848 [7]
11 846 [5]
8 853 [2]
1 862 [5]
2 857 [4]
16 847 [2]
4 855 [4]
263 596 [7]
6 852 [5]
5 854 [4]
13 847 [3]
10 851 [2]
51 811 [1]
51 813 [7]
4 857 [3]
27 830 [7]
22 836 [0]
0 859 [5]
6 851 [7]
1 856 [7]
4 856 [4]
356 507 [1]
265 598 [1]
5 857 [2]
29 836 [5]
38 827 [0]
5 856 [4]
4 854 [7]
10 849 [6]
22 838 [5]
6 857 [2]
211 648 [6]
9 852 [4]
6 856 [3]
245 618 [4]
0 860 [7]
99 764 [6]
5 861 [5]
6 860 [0]
27 832 [7]
8 856 [2]
2 860 [4]
7 857 [2]
12 848 [6]
2 865 [1]
1 866 [5]
410 457 [0]
198 667 [2]
7 860 [6]
2 864 [1]
8 859 [4]
75 791 [6]
260 607 [6]
294 573 [6]
164 701 [2]
181 686 [1]
8 860 [6]
11 857 [5]
56 810 [2]
99 769 [1]
427 441 [0]
344 524 [1]
23 846 [5]
2 867 [5]
281 587 [1]
98 768 [6]
25 843 [1]
6 858 [5]
47 823 [0]
8 862 [3]
4 866 [1]
38 832 [2]
12 852 [6]
159 711 [0]
0 865 [5]
4 863 [3]
1 868 [1]
10 854 [6]
9 855 [6]
325 546 [0]
2 869 [1]
1 870 [5]
2 862 [7]
10 858 [3]
1 869 [1]
68 800 [0]
348 519 [7]
5 862 [4]
8 864 [4]
5 867 [5]
7 863 [2]
7 858 [7]
209 663 [4]
8 861 [4]
8 865 [4]
7 866 [7]
294 579 [0]
9 862 [2]
302 569 [4]
1 867 [5]
8 863 [2]
2 872 [3]
350 525 [0]
10 865 [3]
109 763 [6]
20 852 [3]
27 845 [3]
16 859 [0]
0 874 [1]
344 531 [1]
6 862 [7]
4 872 [3]
6 870 [7]
8 868 [0]
2 873 [1]
43 831 [2]
21 850 [5]
14 859 [3]
4 867 [5]
7 870 [7]
5 872 [6]
6 866 [5]
0 877 [5]
86 791 [6]
16 861 [0]
293 584 [0]
297 581 [4]
2 876 [5]
407 471 [0]
7 871 [2]
1 876 [1]
8 867 [3]
7 868 [3]
22 856 [3]
311 567 [0]
9 868 [2]
197 678 [4]
211 665 [7]
0 878 [1]
4 870 [5]
39 838 [2]
4 868 [7]
88 786 [5]
8 871 [2]
9 870 [4]
10 869 [6]
10 862 [0]
35 845 [7]
1 879 [5]
8 869 [3]
8 872 [0]
28 845 [7]
2 877 [1]
6 872 [2]
233 645 [2]
10 864 [6]
8 873 [4]
7 867 [7]
7 872 [2]
0 876 [5]
27 847 [7]
6 868 [7]
12 866 [6]
16 865 [3]
12 867 [2]
1 875 [5]
22 853 [6]
14 864 [3]
12 870 [6]
0 882 [5]
7 875 [1]
277 605 [0]
21 854 [7]
190 692 [3]
33 842 [7]
34 843 [7]
15 862 [5]
8 870 [4]
22 855 [5]
53 822 [7]
409 472 [1]
10 873 [6]
11 872 [7]
107 774 [1]
100 779 [4]
15 868 [4]
16 864 [3]
10 866 [3]
357 522 [4]
9 875 [4]
87 790 [0]
7 874 [3]
141 744 [0]
0 885 [5]
2 883 [1]
9 874 [2]
56 827 [2]
4 881 [2]
6 879 [7]
106 777 [2]
10 875 [2]
0 886 [5]
2 884 [4]
1 878 [7]
7 879 [1]
10 876 [6]
56 830 [0]
9 871 [6]
0 881 [5]
8 875 [4]
20 866 [2]
3 881 [3]
6 881 [2]
8 879 [4]
10 877 [0]
12 875 [6]
6 878 [3]
29 853 [5]
51 829 [1]
5 875 [7]
2 881 [4]
4 884 [4]
5 883 [5]
32 856 [5]
51 837 [1]
9 877 [2]
8 877 [3]
6 875 [7]
8 878 [2]
2 885 [1]
8 876 [4]
45 839 [4]
4 879 [5]
203 680 [5]
337 551 [0]
16 873 [6]
129 760 [2]
1 883 [5]
14 869 [7]
1 889 [1]
29 856 [5]
56 832 [2]
39 849 [0]
10 874 [6]
13 877 [2]
18 868 [4]
7 884 [2]
8 883 [3]
27 864 [2]
305 585 [1]
69 817 [5]
23 863 [5]
2 890 [1]
4 888 [3]
10 882 [6]
178 710 [4]
4 883 [5]
16 876 [2]
9 879 [4]
28 864 [7]
99 793 [0]
30 862 [6]
358 535 [0]
0 893 [5]
11 881 [1]
9 884 [0]
109 784 [0]
114 779 [0]
1 891 [1]
14 876 [3]
51 842 [0]
429 464 [0]
36 857 [1]
8 882 [4]
297 597 [5]
2 891 [1]
5 885 [4]
73 817 [4]
7 880 [7]
6 883 [5]
51 844 [1]
6 889 [7]
21 874 [0]
27 861 [7]
1 893 [1]
27 865 [7]
410 485 [1]
0 896 [5]
8 888 [0]
219 677 [0]
8 885 [3]
6 888 [2]
10 887 [0]
0 897 [5]
89 801 [5]
157 739 [6]
12 883 [2]
7 888 [2]
0 892 [5]
7 883 [7]
95 801 [1]
80 816 [1]
13 885 [2]
8 886 [4]
24 869 [5]
14 877 [7]
23 871 [5]
8 891 [3]
11 888 [5]
43 854 [2]
45 852 [2]
0 894 [5]
350 548 [0]
7 889 [3]
198 699 [0]
8 889 [3]
6 894 [6]
14 886 [3]
42 853 [5]
50 847 [3]
5 891 [4]
16 877 [7]
2 894 [4]
60 840 [0]
4 889 [7]
80 820 [1]
7 894 [2]
31 867 [2]
8 893 [3]
2 898 [1]
4 894 [3]
27 873 [0]
1 901 [7]
0 902 [1]
8 890 [4]
5 897 [6]
7 895 [2]
79 816 [7]
4 895 [3]
10 892 [6]
2 896 [4]
20 880 [2]
9 891 [2]
2 897 [3]
1 897 [4]
16 885 [2]
16 887 [3]
136 767 [0]
3 897 [3]
10 891 [6]
9 888 [6]
109 794 [3]
13 891 [2]
2 902 [1]
38 859 [7]
79 818 [7]
1 898 [5]
6 891 [7]
215 688 [1]
14 887 [3]
1 896 [7]
5 896 [3]
28 876 [2]
1 904 [5]
122 783 [0]
53 845 [7]
359 545 [0]
192 713 [0]
8 895 [2]
22 878 [5]
1 903 [1]
49 850 [6]
93 813 [1]
10 896 [6]
8 896 [2]
14 892 [3]
357 549 [6]
0 901 [5]
281 624 [1]
2 903 [1]
8 899 [0]
2 905 [0]
9 898 [3]
18 889 [4]
276 631 [7]
14 890 [3]
28 873 [7]
9 899 [3]
0 903 [5]
6 899 [7]
4 900 [4]
5 899 [4]
122 786 [1]
1 900 [7]
1 906 [1]
79 825 [5]
16 893 [0]
212 695 [2]
0 904 [5]
10 899 [6]
25 884 [2]
16 890 [3]
36 872 [1]
5 900 [4]
6 898 [5]
7 899 [3]
106 804 [4]
2 908 [3]
4 906 [7]
8 902 [3]
28 882 [7]
330 580 [0]
27 876 [7]
8 900 [2]
35 873 [2]
222 686 [6]
38 865 [7]
6 905 [3]
10 901 [3]
1 909 [1]
50 861 [5]
64 847 [2]
10 898 [3]
253 658 [0]
292 619 [5]
109 803 [3]
7 898 [7]
2 909 [1]
8 901 [3]
0 908 [4]
9 901 [2]
5 903 [4]
12 898 [6]
2 911 [4]
5 908 [2]
45 866 [2]
177 736 [5]
2 910 [1]
10 903 [6]
1 905 [7]
27 886 [7]
0 914 [0]
229 685 [2]
0 913 [7]
319 594 [0]
8 903 [3]
3 908 [2]
426 488 [0]
31 883 [6]
13 901 [2]
371 543 [0]
15 899 [5]
9 900 [6]
8 905 [2]
4 910 [1]
6 907 [3]
0 916 [5]
2 914 [4]
1 915 [1]
10 900 [6]
7 906 [3]
60 855 [1]
5 904 [7]
8 904 [4]
266 650 [0]
28 886 [2]
4 913 [2]
6 911 [3]
7 910 [5]
9 908 [6]
14 903 [0]
209 704 [4]
8 906 [3]
9 904 [4]
7 907 [3]
1 916 [1]
109 809 [0]
6 912 [3]
5 909 [4]
2 912 [4]
147 766 [5]
9 907 [2]
79 834 [7]
3 913 [3]
8 911 [2]
1 911 [7]
2 913 [4]
309 609 [4]
5 911 [3]
47 870 [0]
1 917 [1]
27 885 [7]
34 884 [1]
4 916 [7]
5 915 [4]
109 805 [0]
27 893 [7]
20 898 [2]
8 912 [2]
9 911 [6]
16 904 [6]
129 790 [2]
16 902 [3]
17 904 [0]
4 917 [4]
199 722 [4]
6 910 [5]
40 877 [4]
2 918 [1]
1 921 [7]
4 918 [5]
25 896 [1]
38 882 [2]
12 910 [7]
10 912 [6]
14 901 [7]
259 662 [1]
1 914 [7]
119 804 [2]
85 836 [2]
5 914 [4]
14 904 [5]
6 914 [3]
2 922 [3]
83 841 [1]
2 915 [7]
4 920 [7]
1 918 [5]
100 820 [4]
7 917 [3]
8 916 [2]
0 923 [1]
18 906 [4]
8 914 [2]
100 818 [7]
3 922 [2]
291 634 [0]
5 920 [4]
141 784 [3]
10 915 [2]
436 489 [0]
7 915 [3]
385 539 [1]
38 887 [7]
8 915 [3]
0 926 [1]
7 913 [6]
6 920 [7]
0 922 [4]
53 873 [5]
6 917 [3]
5 917 [4]
9 915 [2]
190 735 [7]
191 736 [0]
9 912 [6]
16 909 [2]
22 900 [5]
1 919 [7]
2 919 [7]
8 920 [3]
0 928 [5]
7 921 [3]
9 917 [2]
276 647 [5]
410 514 [4]
6 919 [3]
38 890 [4]
2 925 [1]
9 913 [6]
7 922 [6]
9 920 [2]
5 922 [6]
8 918 [3]
1 927 [1]
2 920 [7]
432 497 [0]
8 922 [6]
1 929 [0]
33 897 [0]
7 920 [3]
444 486 [0]
10 914 [6]
5 921 [4]
454 476 [0]
20 910 [3]
38 886 [2]
24 901 [5]
93 837 [1]
8 923 [2]
4 924 [3]
1 930 [5]
8 921 [2]
30 899 [4]
322 609 [0]
1 923 [7]
9 923 [2]
83 848 [1]
79 846 [7]
5 923 [4]
6 923 [3]
7 918 [7]
12 918 [2]
4 921 [7]
4 928 [4]
100 825 [7]
113 818 [1]
22 905 [5]
7 923 [3]
4 929 [3]
247 686 [0]
0 932 [1]
7 924 [2]
19 913 [1]
174 754 [0]
2 930 [1]
21 907 [5]
5 929 [3]
211 720 [7]
8 924 [2]
2 928 [4]
5 925 [4]
1 934 [4]
8 927 [0]
15 920 [0]
141 794 [3]
0 930 [5]
6 926 [3]
22 914 [5]
5 931 [4]
0 936 [1]
397 539 [0]
5 928 [4]
10 920 [6]
283 646 [7]
256 679 [1]
8 926 [2]
105 826 [5]
6 931 [3]
1 936 [1]
3 934 [3]
10 921 [6]
107 829 [1]
114 816 [0]
7 927 [3]
38 892 [7]
8 929 [0]
21 916 [0]
92 838 [7]
1 935 [1]
128 806 [3]
27 903 [7]
6 928 [3]
100 834 [4]
7 931 [0]
9 929 [0]
266 669 [3]
0 933 [5]
91 847 [1]
9 927 [2]
0 939 [1]
113 825 [1]
22 912 [5]
2 934 [3]
1 931 [1]
5 935 [0]
9 931 [2]
38 902 [7]
6 927 [7]
5 936 [0]
7 934 [6]
327 613 [1]
0 941 [1]
5 934 [2]
10 931 [6]
5 932 [4]
288 653 [0]
39 900 [7]
121 819 [1]
8 934 [6]
2 940 [4]
2 939 [1]
21 921 [5]
5 930 [7]
8 930 [4]
56 886 [2]
455 487 [0]
7 932 [3]
10 926 [6]
4 937 [1]
16 925 [2]
1 942 [1]
21 917 [5]
232 705 [6]
179 764 [7]
7 936 [3]
8 932 [3]
56 887 [4]
85 853 [2]
209 734 [0]
27 909 [7]
141 803 [0]
10 928 [6]
2 941 [1]
18 927 [4]
66 878 [4]
45 898 [0]
453 492 [0]
344 600 [1]
6 936 [3]
0 945 [1]
1 945 [7]
8 935 [3]
2 944 [4]
50 893 [3]
56 890 [4]
101 841 [0]
6 940 [3]
16 930 [3]
8 939 [4]
79 863 [7]
97 849 [5]
0 943 [7]
0 946 [1]
5 938 [4]
9 936 [2]
6 942 [7]
0 948 [1]
179 769 [1]
6 937 [5]
69 874 [5]
51 897 [1]
10 932 [6]
1 940 [7]
3 943 [2]
105 843 [7]
29 914 [5]
109 839 [1]
2 943 [3]
7 942 [3]
10 939 [0]
4 945 [4]
17 930 [2]
7 937 [5]
8 941 [4]
8 938 [3]
189 758 [2]
56 892 [2]
54 896 [0]
2 948 [1]
3 944 [3]
1 949 [7]
6 944 [2]
100 846 [4]
14 933 [3]
5 946 [7]
7 944 [2]
107 844 [1]
73 874 [4]
22 926 [0]
4 944 [3]
31 918 [3]
0 952 [5]
26 921 [5]
256 696 [1]
10 936 [6]
130 819 [0]
80 871 [1]
21 932 [2]
4 949 [2]
7 946 [0]
87 865 [2]
8 942 [3]
9 942 [2]
4 942 [7]
2 950 [1]
433 520 [0]
3 947 [3]
383 570 [0]
1 953 [5]
29 919 [6]
5 945 [4]
10 938 [6]
12 937 [6]
0 955 [5]
8 945 [2]
4 951 [0]
8 947 [2]
0 950 [5]
9 940 [6]
3 949 [3]
6 946 [3]
33 922 [7]
22 929 [5]
7 949 [6]
9 947 [6]
7 943 [6]
8 946 [2]
141 809 [6]
7 947 [2]
14 939 [3]
9 945 [2]
6 951 [2]
9 946 [2]
79 871 [7]
5 948 [4]
6 949 [2]
64 893 [6]
2 951 [4]
3 951 [3]
4 954 [2]
8 950 [4]
9 943 [6]
10 942 [6]
477 481 [0]
16 939 [3]
0 959 [5]
8 951 [6]
178 777 [4]
83 875 [0]
14 938 [7]
27 925 [7]
1 954 [4]
29 926 [5]
2 958 [0]
1 959 [1]
4 956 [3]
7 953 [7]
51 908 [1]
3 954 [3]
8 952 [3]
421 540 [3]
2 959 [1]
7 954 [2]
10 945 [6]
98 861 [6]
15 942 [4]
2 956 [4]
6 954 [2]
24 938 [0]
10 946 [6]
3 956 [3]
0 961 [1]
255 707 [7]
4 953 [5]
83 879 [1]
1 962 [5]
355 606 [6]
114 846 [3]
8 949 [6]
1 955 [7]
32 926 [5]
102 861 [0]
59 904 [0]
7 957 [7]
4 960 [0]
8 956 [0]
8 953 [3]
2 955 [7]
20 937 [7]
6 956 [2]
6 955 [3]
347 617 [7]
49 916 [6]
10 953 [2]
2 963 [7]
6 959 [4]
185 780 [4]
111 849 [5]
2 962 [1]
318 645 [0]
21 945 [4]
372 594 [0]
10 950 [6]
461 505 [0]
16 948 [2]
9 953 [4]
16 950 [3]
7 960 [2]
4 963 [7]
433 534 [5]
14 950 [3]
6 958 [3]
27 933 [7]
22 940 [5]
403 562 [2]
100 863 [4]
27 941 [7]
19 949 [0]
28 933 [7]
80 888 [1]
6 957 [5]
2 965 [1]
176 785 [7]
8 954 [6]
84 884 [7]
8 958 [2]
14 952 [3]
1 968 [1]
9 954 [6]
5 964 [4]
9 960 [6]
121 848 [6]
1 961 [7]
27 935 [7]
165 804 [4]
366 604 [0]
1 969 [1]
5 965 [4]
6 964 [3]
9 957 [4]
7 963 [7]
0 965 [5]
8 959 [3]
8 962 [4]
344 625 [1]
332 638 [0]
109 858 [3]
8 960 [2]
6 961 [3]
171 799 [4]
2 964 [4]
9 959 [2]
2 961 [7]
9 962 [3]
1 970 [1]
16 952 [3]
5 966 [2]
79 888 [4]
8 963 [3]
4 962 [5]
13 959 [2]
2 969 [1]
106 866 [6]
121 851 [1]
5 963 [4]
2 966 [4]
1 964 [7]
284 687 [1]
6 962 [7]
7 966 [2]
268 705 [0]
27 939 [0]
1 967 [5]
7 959 [3]
9 958 [6]
38 933 [2]
6 966 [2]
2 972 [1]
151 823 [2]
2 971 [1]
282 692 [0]
44 928 [2]
10 958 [6]
8 964 [2]
75 893 [6]
9 963 [2]
7 968 [3]
27 948 [7]
344 630 [1]
227 742 [6]
10 959 [6]
100 871 [4]
50 925 [0]
2 974 [1]
4 972 [5]
4 967 [5]
6 970 [7]
345 631 [0]
7 962 [7]
9 967 [4]
69 907 [7]
113 863 [0]
11 966 [5]
4 973 [3]
7 970 [0]
154 821 [2]
386 590 [4]
6 972 [7]
15 963 [5]
2 975 [1]
211 761 [0]
374 604 [0]
64 909 [6]
8 971 [4]
2 977 [5]
10 969 [3]
87 887 [0]
10 967 [6]
2 973 [4]
221 754 [4]
256 723 [1]
9 964 [6]
8 968 [3]
4 968 [7]
20 957 [2]
9 968 [2]
0 980 [5]
7 973 [2]
6 967 [7]
12 962 [6]
73 907 [4]
255 725 [7]
324 656 [0]
6 969 [5]
43 932 [5]
1 978 [1]
8 966 [6]
2 979 [5]
0 981 [5]
6 975 [5]
5 973 [3]
0 976 [5]
433 541 [7]
6 968 [7]
16 965 [2]
4 970 [7]
45 937 [0]
200 782 [0]
149 826 [7]
0 977 [5]
14 965 [3]
238 745 [0]
15 968 [5]
12 969 [6]
7 969 [7]
2 980 [1]
233 744 [6]
238 743 [4]
8 973 [2]
173 811 [0]
12 972 [7]
7 972 [5]
10 968 [6]
61 917 [6]
2 981 [1]
272 712 [0]
50 935 [3]
10 975 [0]
0 985 [1]
1 983 [1]
2 983 [7]
310 675 [0]
130 851 [0]
12 967 [6]
423 562 [0]
14 971 [3]
22 958 [5]
1 979 [5]
51 934 [5]
263 722 [5]
4 982 [7]
8 978 [3]
126 860 [5]
27 952 [7]
8 974 [4]
8 979 [0]
10 977 [3]
16 971 [2]
327 660 [7]
197 787 [3]
68 916 [3]
5 978 [4]
14 974 [3]
36 947 [4]
6 982 [3]
114 871 [3]
9 975 [4]
379 609 [0]
5 979 [4]
166 819 [6]
36 951 [1]
23 960 [5]
8 981 [4]
201 787 [1]
2 986 [1]
10 973 [6]
7 975 [7]
8 982 [2]
129 859 [2]
29 961 [6]
93 897 [1]
2 984 [4]
1 982 [1]
10 974 [6]
14 977 [3]
4 987 [4]
18 968 [5]
4 984 [3]
2 989 [1]
5 982 [4]
20 969 [2]
8 984 [2]
1 991 [0]
0 991 [1]
5 984 [3]
8 980 [4]
38 952 [2]
9 983 [2]
109 880 [3]
18 970 [4]
386 603 [5]
20 972 [2]
13 976 [3]
5 983 [4]
36 956 [1]
16 974 [3]
0 993 [1]
16 977 [3]
48 944 [1]
2 987 [4]
50 941 [3]
7 984 [2]
7 983 [3]
5 981 [7]
14 980 [0]
16 978 [7]
5 985 [4]
16 976 [2]
9 981 [4]
8 983 [3]
51 943 [0]
382 612 [0]
479 515 [0]
28 965 [2]
181 814 [0]
7 985 [3]
4 988 [3]
38 950 [7]
5 986 [4]
356 639 [0]
5 987 [3]
396 599 [0]
14 981 [0]
1 995 [5]
6 990 [3]
7 987 [2]
203 788 [5]
10 980 [6]
69 923 [5]
5 992 [0]
9 988 [6]
3 992 [2]
20 975 [2]
7 988 [2]
56 939 [2]
16 979 [6]
277 719 [2]
4 990 [4]
25 973 [7]
27 971 [7]
16 981 [2]
100 895 [4]
317 677 [5]
0 994 [5]
27 965 [7]
5 990 [4]
407 591 [1]
88 911 [1]
6 991 [3]
48 947 [5]
69 931 [5]
121 879 [1]
2 997 [1]
17 981 [2]
5 991 [4]
50 948 [3]
305 696 [1]
6 995 [5]
28 971 [7]
4 994 [3]
199 802 [4]
10 985 [6]
8 991 [2]
296 705 [3]
10 986 [6]
5 997 [5]
7 995 [7]
55 947 [0]
8 988 [6]
186 810 [6]
10 989 [3]
91 909 [1]
0 998 [5]
10 987 [6]
7 989 [7]
15 983 [5]
10 994 [0]
9 995 [4]
7 997 [5]
27 977 [0]
11 988 [5]
38 965 [2]
494 511 [0]
5 996 [4]
64 935 [6]
255 749 [1]
8 993 [4]
141 858 [6]
7 992 [6]
16 986 [3]
8 995 [3]
10 996 [6]
21 985 [7]
27 979 [0]
4 997 [5]
10 990 [6]
75 925 [3]
85 919 [2]
8 992 [6]
8 999 [6]
36 966 [5]
4 999 [4]
5 995 [7]
10 991 [6]
438 569 [0]
56 952 [0]
179 828 [1]
8 997 [3]
6 997 [5]
5 999 [4]
38 971 [0]
478 531 [0]
9 994 [6]
188 818 [4]
14 993 [3]
27 976 [7]
8 998 [4]
132 874 [4]
25 984 [1]
99 905 [0]
128 882 [1]
502 509 [0]
20 989 [2]
195 815 [1]
12 997 [2]
344 666 [1]
38 974 [7]
34 973 [5]
130 879 [3]
27 978 [7]
27 986 [3]
186 827 [6]
25 987 [1]
12 995 [6]
317 691 [5]
126 881 [1]
9 999 [6]
38 977 [7]
14 998 [3]
324 689 [5]
129 887 [5]
35 979 [0]
341 674 [1]
75 935 [6]
166 851 [0]
233 784 [2]
22 990 [5]
86 925 [6]
22 996 [5]
131 887 [2]
22 991 [5]
297 718 [0]
282 735 [1]
135 882 [1]
264 755 [0]
474 545 [0]
410 608 [4]
75 941 [3]
216 796 [7]
45 972 [2]
126 894 [5]
128 892 [2]
129 890 [7]
25 994 [1]
28 986 [7]
70 946 [5]
290 732 [0]
291 731 [0]
131 890 [2]
161 861 [0]
186 830 [6]
98 925 [2]
35 986 [2]
100 924 [7]
38 980 [7]
97 929 [1]
50 976 [6]
424 602 [0]
87 939 [2]
137 889 [5]
75 948 [3]
344 681 [1]
477 547 [0]
22 999 [5]
188 834 [4]
56 971 [2]
141 880 [6]
94 928 [5]
31 997 [4]
34 994 [5]
439 589 [0]
28 993 [7]
481 547 [0]
233 794 [0]
56 974 [0]
43 985 [2]
38 993 [2]
115 916 [3]
39 991 [0]
39 990 [0]
272 760 [0]
33 992 [7]
27 998 [7]
28 998 [7]
203 831 [5]
424 610 [3]
122 911 [1]
340 695 [0]
294 738 [3]
83 953 [1]
87 950 [5]
113 924 [7]
39 996 [2]
39 999 [0]
89 949 [7]
129 902 [2]
53 986 [2]
79 960 [7]
117 922 [5]
64 976 [6]
450 590 [0]
90 951 [0]
107 934 [7]
98 941 [6]
233 803 [6]
51 992 [1]
56 980 [2]
137 906 [6]
89 954 [1]
104 935 [5]
209 836 [0]
99 940 [0]
85 961 [2]
463 583 [0]
233 809 [6]
127 919 [2]
442 607 [0]
98 948 [6]
304 745 [0]
95 954 [1]
56 993 [2]
83 967 [1]
350 697 [7]
75 978 [0]
450 603 [5]
56 998 [2]
353 700 [1]
277 775 [2]
417 639 [0]
204 847 [7]
176 885 [6]
148 912 [1]
471 591 [0]
215 841 [7]
185 874 [4]
82 979 [2]
256 806 [1]
211 853 [0]
263 802 [5]
281 783 [1]
152 912 [1]
384 677 [5]
281 786 [1]
109 957 [3]
87 980 [2]
80 988 [1]
86 978 [6]
137 927 [6]
363 707 [0]
377 693 [3]
87 977 [5]
184 884 [3]
233 839 [0]
216 857 [7]
525 548 [0]
150 923 [0]
121 953 [3]
145 929 [0]
113 960 [1]
384 691 [3]
154 919 [0]
243 832 [0]
534 541 [0]
83 995 [1]
197 878 [3]
427 645 [6]
248 831 [1]
201 878 [4]
190 888 [7]
139 941 [2]
188 895 [6]
230 854 [5]
410 674 [1]
137 942 [5]
231 853 [0]
179 905 [1]
122 964 [5]
143 938 [5]
130 953 [3]
139 948 [5]
125 962 [0]
267 818 [6]
361 727 [1]
299 785 [6]
109 975 [6]
192 896 [6]
185 907 [4]
147 944 [5]
275 817 [0]
100 988 [4]
485 608 [0]
105 984 [5]
216 872 [7]
469 626 [0]
444 652 [0]
383 710 [5]
105 987 [5]
97 999 [1]
233 858 [6]
141 957 [3]
533 566 [0]
133 965 [1]
359 738 [0]
382 713 [6]
109 989 [0]
158 941 [2]
112 990 [7]
282 820 [1]
318 784 [2]
344 757 [1]
147 956 [4]
147 951 [5]
354 750 [0]
129 974 [5]
367 738 [0]
343 760 [5]
232 868 [6]
267 834 [6]
148 958 [1]
131 974 [2]
112 996 [7]
117 992 [5]
154 955 [2]
129 980 [2]
317 789 [5]
137 970 [5]
233 880 [6]
255 857 [7]
213 899 [2]
225 890 [0]
295 821 [2]
188 924 [4]
378 739 [6]
318 794 [6]
186 933 [0]
325 791 [2]
407 714 [1]
141 975 [6]
536 588 [0]
232 889 [5]
318 803 [6]
149 973 [7]
198 930 [2]
272 859 [0]
287 843 [0]
180 947 [4]
277 852 [3]
149 984 [7]
299 835 [0]
202 933 [6]
149 987 [7]
361 774 [1]
393 743 [0]
141 989 [6]
565 572 [0]
486 652 [0]
256 882 [1]
266 871 [0]
203 932 [5]
556 585 [0]
232 906 [5]
145 999 [2]
297 842 [5]
167 976 [0]
183 963 [6]
536 611 [0]
348 802 [7]
356 793 [1]
463 688 [1]
265 886 [3]
324 824 [0]
532 624 [0]
431 726 [0]
503 655 [0]
495 663 [0]
232 927 [0]
318 839 [2]
351 812 [0]
383 777 [4]
183 983 [0]
371 797 [7]
267 895 [6]
386 781 [2]
536 633 [5]
181 990 [5]
543 628 [0]
206 964 [5]
334 839 [3]
500 672 [1]
272 902 [0]
190 988 [7]
581 597 [0]
181 996 [1]
437 744 [0]
357 818 [6]
250 932 [0]
186 993 [0]
458 725 [0]
356 828 [1]
236 950 [0]
241 944 [7]
528 659 [0]
357 825 [6]
524 666 [0]
277 910 [3]
299 885 [6]
186 998 [6]
357 834 [6]
361 829 [5]
359 833 [0]
258 933 [1]
327 860 [7]
290 903 [1]
243 952 [1]
267 924 [6]
305 892 [1]
268 927 [6]
588 611 [0]
412 788 [0]
202 993 [6]
232 970 [5]
343 859 [5]
318 880 [6]
280 926 [6]
202 998 [6]
292 915 [0]
327 881 [7]
297 908 [0]
458 749 [1]
276 931 [7]
483 727 [0]
528 683 [4]
276 936 [2]
459 754 [0]
233 975 [6]
236 977 [2]
277 937 [2]
553 664 [0]
427 784 [6]
530 687 [0]
533 685 [6]
230 985 [2]
295 919 [6]
427 794 [0]
407 813 [1]
222 996 [3]
233 989 [6]
278 944 [0]
557 665 [0]
588 633 [5]
560 662 [0]
255 966 [6]
327 894 [1]
389 835 [0]
403 821 [2]
358 865 [6]
600 625 [0]
586 642 [0]
600 630 [7]
452 780 [0]
525 708 [6]
450 781 [2]
500 733 [1]
478 757 [0]
427 803 [6]
238 994 [4]
294 945 [1]
247 996 [0]
423 821 [6]
611 633 [0]
503 737 [4]
480 764 [0]
565 679 [1]
343 902 [2]
323 926 [0]
411 839 [0]
566 685 [0]
357 895 [6]
352 900 [0]
258 993 [6]
284 969 [0]
295 955 [6]
386 869 [5]
309 943 [5]
548 708 [0]
277 972 [7]
346 911 [0]
355 901 [4]
295 961 [6]
333 929 [0]
356 905 [1]
601 661 [0]
350 913 [5]
621 643 [0]
508 760 [0]
322 943 [5]
480 793 [1]
391 884 [0]
507 769 [0]
557 720 [0]
318 957 [2]
473 804 [0]
469 809 [2]
294 982 [3]
292 983 [5]
570 710 [0]
336 949 [0]
357 924 [6]
421 863 [7]
313 976 [1]
342 951 [0]
361 934 [5]
432 860 [3]
465 831 [0]
356 940 [1]
342 956 [7]
550 748 [0]
581 718 [3]
407 897 [6]
601 703 [3]
427 880 [5]
474 833 [1]
325 978 [0]
395 916 [0]
401 912 [0]
597 718 [0]
596 722 [0]
464 856 [0]
532 786 [2]
330 990 [1]
450 869 [2]
386 938 [5]
605 719 [0]
403 919 [4]
469 858 [2]
432 894 [1]
582 747 [0]
363 966 [1]
399 933 [0]
601 730 [7]
341 992 [4]
530 807 [0]
500 840 [1]
659 683 [0]
359 982 [1]
581 759 [5]
570 777 [0]
522 825 [0]
582 765 [3]
367 982 [1]
442 909 [3]
578 778 [0]
597 759 [7]
614 742 [0]
616 740 [0]
438 917 [1]
500 855 [1]
497 860 [0]
403 955 [6]
592 766 [0]
377 979 [0]
452 907 [1]
401 958 [2]
661 703 [0]
593 773 [0]
403 961 [4]
677 691 [0]
521 847 [0]
405 964 [0]
595 776 [0]
385 985 [1]
477 893 [0]
627 751 [0]
423 955 [6]
605 775 [7]
397 985 [7]
562 821 [0]
427 957 [0]
665 720 [0]
423 961 [4]
480 905 [1]
393 994 [0]
421 960 [0]
450 938 [2]
661 730 [1]
655 737 [0]
497 894 [1]
491 902 [0]
475 922 [0]
462 936 [0]
441 957 [0]
679 723 [0]
540 863 [0]
672 733 [0]
410 992 [4]
552 867 [0]
480 940 [6]
538 886 [0]
581 842 [5]
559 870 [0]
645 784 [0]
644 787 [0]
703 730 [0]
651 782 [0]
525 913 [7]
704 734 [0]
467 976 [0]
597 842 [5]
558 889 [0]
565 882 [0]
556 892 [3]
605 852 [7]
469 989 [4]
571 887 [0]
517 943 [0]
499 963 [0]
558 906 [2]
641 823 [0]
677 789 [7]
479 986 [2]
549 924 [0]
725 749 [0]
552 918 [4]
585 892 [0]
550 928 [7]
691 789 [0]
626 858 [0]
679 806 [3]
710 777 [0]
719 775 [0]
613 881 [0]
540 960 [1]
530 969 [4]
597 908 [7]
689 824 [0]
672 840 [2]
516 999 [0]
607 909 [0]
605 910 [3]
655 864 [1]
715 808 [0]
546 978 [0]
644 878 [4]
672 855 [0]
714 813 [0]
558 970 [2]
619 915 [0]
684 851 [0]
542 998 [0]
704 836 [1]
603 938 [0]
561 981 [0]
605 937 [0]
552 997 [4]
735 820 [0]
622 935 [0]
589 971 [0]
618 947 [0]
763 805 [0]
771 798 [0]
734 836 [0]
770 800 [0]
733 840 [0]
647 931 [0]
616 967 [1]
605 972 [7]
733 855 [0]
667 930 [0]
794 803 [0]
762 837 [0]
737 864 [0]
774 829 [0]
715 891 [7]
668 946 [0]
774 844 [2]
718 908 [0]
719 910 [3]
810 830 [0]
716 925 [0]
649 995 [0]
781 869 [0]
818 834 [0]
741 921 [0]
822 845 [0]
829 844 [0]
794 880 [7]
686 996 [0]
803 880 [0]
780 907 [0]
740 967 [0]
775 937 [0]
818 895 [1]
845 873 [0]
738 982 [0]
729 991 [0]
735 988 [7]
834 895 [0]
793 940 [0]
743 994 [0]
821 955 [0]
832 952 [0]
867 918 [0]
889 906 [0]
809 989 [0]
826 984 [0]
826 987 [6]
889 970 [0]
912 958 [0]
951 956 [0]
