800
10
2
7
400
0
1
3
5
10
4
8
19
11
13
16
23
17
6
18
12
15
31
20
43
55
54
90
46
22
35
62
44
32
28
39
67
34
9
25
21
60
14
41
27
52
36
30
38
26
47
58
86
61
50
64
66
37
57
72
42
114
59
143
139
48
127
92
24
40
56
65
82
186
111
33
53
68
74
115
69
76
75
73
77
104
87
29
147
45
133
63
49
84
89
132
118
91
97
71
107
108
70
128
172
106
94
117
85
51
81
95
98
123
152
203
80
150
141
140
100
224
153
268
121
110
151
102
99
120
162
166
159
169
165
79
103
137
96
175
116
122
78
93
136
88
113
221
83
164
124
149
215
177
160
125
189
226
157
182
158
129
176
154
109
184
119
236
174
181
148
134
130
146
126
163
170
217
200
199
195
198
131
155
187
112
144
214
245
193
259
197
101
206
168
191
210
173
179
287
216
223
208
167
202
294
247
204
248
227
233
196
178
138
142
230
276
242
161
321
332
185
270
241
275
251
135
183
319
258
220
313
234
228
201
246
326
192
292
222
190
282
207
156
254
205
290
250
229
289
145
213
105
218
237
212
261
257
304
280
256
211
238
225
209
243
180
239
310
284
295
286
271
344
232
235
330
302
315
249
171
283
342
309
348
293
279
291
300
388
231
350
303
386
341
351
381
362
406
252
298
307
269
343
219
311
305
569
439
458
363
414
244
274
356
372
379
328
337
389
194
354
316
322
323
334
462
376
297
357
390
366
561
378
296
365
398
331
369
349
499
262
285
336
320
367
188
263
265
299
267
281
434
346
468
399
318
353
438
387
314
317
340
396
301
407
324
493
472
264
368
404
255
430
278
260
325
530
338
277
426
253
360
500
445
329
377
453
266
385
403
537
542
417
397
413
370
482
442
571
374
373
410
423
359
395
391
435
424
273
371
312
335
509
333
456
358
375
411
418
533
425
515
501
436
678
416
401
308
380
345
528
427
408
529
448
535
429
492
383
547
288
393
510
522
420
676
364
447
511
446
466
443
392
384
516
412
496
519
552
667
738
494
444
612
524
405
441
498
488
580
484
306
382
476
614
361
440
487
598
347
454
538
652
461
394
504
460
240
327
449
451
584
545
422
556
481
437
352
355
613
477
523
467
536
517
555
486
452
798
432
655
503
640
563
455
339
421
490
469
433
415
478
471
593
626
570
495
459
497
475
507
543
592
562
521
565
576
585
474
409
465
457
272
428
768
796
739
564
550
450
526
532
601
559
558
594
609
663
479
637
470
525
688
505
534
483
708
502
683
551
644
784
649
520
681
603
600
623
582
751
639
544
635
756
518
595
587
646
662
531
419
583
463
480
622
625
666
630
621
597
615
590
473
568
632
765
685
618
599
506
553
648
402
714
620
692
513
539
608
647
740
602
658
674
715
631
566
548
578
718
624
741
567
560
721
629
779
698
588
690
634
737
699
673
549
727
682
464
541
722
546
489
606
769
753
657
514
653
586
773
703
591
775
706
628
617
508
679
627
689
485
687
755
709
650
680
589
573
581
684
691
607
527
730
776
664
574
577
726
610
540
557
746
643
491
660
604
762
697
788
572
554
596
790
700
733
717
702
735
713
716
732
636
747
743
710
579
724
777
772
665
752
761
763
766
736
799
744
760
694
670
782
771
785
728
767
701
734
654
711
720
791
786
754
781
668
794
642
780
707
575
672
758
719
795
797
764
677
778
671
651
745
793
731
787
774
748
749
656
742
723
616
783
638
792
789
705
757
431
659
675
645
729
759
661
712
605
696
725
619
693
704
669
641
686
633
770
695
512
611
750
0 1 [0]
0 2 [0]
0 4 [0]
1 3 [0]
0 6 [0]
3 5 [0]
3 6 [0]
2 7 [0]
0 10 [0]
1 11 [0]
0 3 [9]
0 5 [7]
4 8 [0]
0 13 [0]
1 9 [3]
2 4 [7]
2 12 [0]
4 10 [0]
2 3 [9]
3 10 [1]
1 6 [7]
5 10 [0]
2 6 [7]
0 19 [0]
3 16 [0]
0 20 [0]
1 12 [7]
0 21 [0]
7 14 [0]
3 15 [4]
0 15 [7]
6 17 [0]
6 18 [0]
11 13 [0]
1 24 [0]
2 19 [4]
12 15 [0]
10 16 [1]
8 19 [0]
7 21 [0]
4 17 [7]
5 24 [0]
13 16 [0]
4 22 [3]
4 18 [7]
11 19 [0]
12 18 [0]
4 27 [0]
5 19 [7]
3 25 [3]
1 31 [0]
2 30 [0]
5 20 [7]
6 27 [0]
7 26 [0]
1 25 [7]
7 19 [7]
4 26 [3]
9 25 [0]
3 32 [0]
0 28 [7]
11 17 [7]
12 20 [3]
8 25 [3]
1 28 [7]
7 23 [7]
12 22 [3]
3 35 [0]
6 32 [0]
2 36 [0]
8 30 [0]
17 18 [3]
13 22 [3]
11 28 [0]
0 36 [3]
7 25 [7]
16 23 [0]
0 32 [7]
17 23 [0]
10 23 [7]
4 37 [0]
12 26 [3]
1 37 [3]
0 38 [3]
0 34 [7]
19 23 [0]
17 22 [3]
5 38 [0]
10 33 [0]
12 28 [3]
9 34 [0]
7 33 [3]
3 37 [3]
1 43 [0]
5 39 [0]
1 40 [3]
2 35 [7]
22 23 [0]
16 26 [3]
17 25 [3]
3 39 [3]
15 31 [0]
21 25 [0]
20 23 [3]
9 29 [8]
3 44 [0]
4 40 [3]
2 46 [0]
18 30 [0]
4 41 [3]
11 29 [8]
8 40 [3]
10 38 [3]
16 32 [3]
20 31 [0]
23 26 [3]
10 39 [3]
5 48 [0]
17 36 [0]
7 39 [7]
19 32 [3]
23 28 [3]
25 26 [3]
16 39 [0]
14 41 [0]
2 54 [0]
6 50 [0]
15 41 [0]
23 33 [0]
6 47 [3]
22 35 [0]
12 46 [0]
7 44 [7]
3 52 [3]
0 59 [0]
28 32 [0]
1 51 [8]
6 56 [0]
15 47 [0]
25 37 [0]
16 47 [0]
20 43 [0]
6 58 [0]
7 57 [0]
24 40 [0]
26 38 [0]
30 36 [0]
13 45 [8]
7 51 [8]
23 44 [0]
29 38 [0]
1 62 [4]
28 39 [0]
4 60 [3]
27 41 [0]
30 38 [0]
22 46 [0]
11 49 [8]
8 57 [3]
2 64 [3]
1 66 [3]
32 39 [0]
10 58 [3]
6 66 [0]
7 66 [0]
18 55 [0]
26 47 [0]
20 45 [8]
7 63 [3]
14 58 [1]
5 69 [0]
6 68 [0]
5 66 [3]
14 60 [0]
7 60 [7]
7 64 [3]
3 68 [3]
2 70 [3]
9 57 [9]
3 69 [3]
14 53 [8]
4 72 [0]
6 70 [0]
0 73 [3]
32 44 [0]
9 68 [0]
15 55 [7]
10 64 [3]
16 59 [3]
10 69 [0]
17 62 [0]
22 57 [0]
27 52 [0]
38 41 [0]
13 67 [0]
18 59 [3]
30 42 [8]
9 72 [0]
11 70 [0]
5 73 [3]
21 60 [0]
22 50 [9]
39 44 [0]
6 69 [8]
4 76 [3]
3 77 [3]
2 82 [0]
6 78 [0]
6 79 [0]
19 66 [0]
6 80 [0]
11 75 [0]
13 73 [0]
23 63 [0]
33 53 [0]
17 66 [3]
8 76 [3]
9 70 [8]
4 84 [0]
36 52 [0]
0 80 [8]
32 48 [8]
10 75 [3]
29 60 [0]
36 45 [8]
1 80 [8]
40 41 [8]
12 78 [0]
2 80 [8]
0 87 [3]
4 78 [8]
10 81 [0]
6 77 [8]
15 68 [8]
7 82 [3]
2 87 [3]
17 72 [3]
10 84 [0]
18 76 [0]
37 57 [0]
41 44 [9]
7 88 [0]
36 50 [9]
36 51 [8]
40 56 [0]
1 92 [3]
41 52 [3]
27 70 [0]
35 62 [0]
2 92 [3]
26 63 [8]
22 66 [9]
43 55 [0]
23 72 [3]
6 84 [8]
14 83 [1]
15 84 [0]
16 83 [0]
17 82 [0]
36 63 [0]
14 77 [8]
16 84 [0]
47 52 [1]
40 52 [8]
28 73 [0]
8 85 [8]
34 67 [0]
44 48 [9]
21 79 [1]
24 73 [4]
2 97 [3]
3 99 [0]
12 90 [0]
11 83 [8]
41 53 [8]
4 99 [0]
37 66 [0]
2 93 [8]
13 85 [6]
11 85 [8]
47 58 [0]
21 83 [1]
24 80 [1]
44 62 [0]
27 78 [1]
39 67 [0]
2 105 [0]
10 97 [0]
27 80 [0]
44 63 [0]
23 76 [8]
33 69 [5]
46 58 [3]
26 74 [8]
33 71 [4]
40 60 [8]
5 104 [0]
10 99 [0]
6 95 [8]
2 104 [3]
54 55 [0]
0 110 [0]
11 99 [0]
31 71 [8]
50 61 [0]
51 60 [0]
41 61 [9]
44 58 [9]
49 63 [0]
2 109 [1]
20 84 [8]
19 94 [0]
36 77 [0]
25 80 [8]
23 91 [0]
42 72 [0]
50 64 [0]
34 79 [1]
27 86 [1]
14 99 [1]
55 60 [0]
38 69 [8]
1 111 [3]
0 116 [0]
24 92 [0]
29 87 [0]
21 96 [0]
56 62 [0]
18 97 [3]
11 104 [3]
4 106 [8]
6 104 [8]
22 89 [8]
58 60 [1]
12 99 [8]
55 56 [8]
2 114 [3]
6 112 [1]
4 116 [0]
38 74 [8]
6 113 [1]
9 112 [0]
53 68 [0]
0 118 [3]
52 61 [8]
56 65 [0]
27 93 [1]
20 102 [0]
22 92 [8]
2 121 [0]
15 108 [0]
60 63 [0]
5 110 [8]
13 109 [1]
12 112 [0]
14 109 [1]
35 89 [0]
4 121 [0]
15 109 [1]
56 61 [8]
21 105 [0]
5 113 [8]
9 118 [0]
24 97 [6]
47 79 [1]
28 92 [8]
46 74 [8]
31 98 [0]
57 72 [0]
6 115 [8]
15 113 [1]
30 100 [0]
4 118 [8]
23 99 [8]
55 66 [9]
64 66 [0]
31 91 [8]
20 111 [0]
46 85 [0]
41 86 [4]
41 82 [8]
6 124 [1]
28 95 [8]
0 123 [8]
43 86 [3]
19 113 [0]
28 103 [1]
28 104 [0]
24 104 [4]
4 120 [8]
20 104 [8]
1 123 [8]
16 108 [8]
7 117 [8]
51 81 [0]
49 84 [0]
56 73 [4]
3 131 [0]
14 120 [0]
2 124 [8]
7 127 [1]
24 107 [4]
24 105 [6]
25 111 [0]
47 89 [0]
51 85 [0]
46 90 [0]
40 95 [1]
10 127 [0]
27 110 [0]
52 85 [0]
7 131 [0]
52 86 [0]
60 78 [0]
56 80 [2]
51 83 [4]
37 100 [1]
14 125 [0]
3 128 [8]
32 99 [8]
0 138 [1]
9 129 [1]
50 90 [0]
11 121 [8]
35 97 [8]
21 119 [1]
44 96 [1]
52 88 [1]
46 96 [0]
35 99 [8]
7 132 [3]
68 74 [0]
32 109 [1]
27 107 [8]
4 139 [0]
21 121 [1]
3 141 [0]
47 96 [1]
4 140 [0]
33 111 [0]
55 86 [3]
58 86 [0]
54 90 [0]
69 76 [0]
15 131 [0]
2 145 [0]
71 72 [4]
21 126 [0]
65 82 [0]
61 86 [0]
21 125 [1]
20 126 [1]
17 131 [0]
51 93 [4]
73 75 [0]
49 98 [1]
53 94 [1]
0 140 [8]
40 104 [4]
53 96 [0]
7 142 [0]
19 129 [1]
3 142 [4]
13 128 [8]
31 118 [0]
19 127 [3]
58 91 [0]
8 133 [8]
0 150 [0]
20 130 [0]
47 103 [0]
73 77 [0]
1 141 [8]
8 139 [3]
37 109 [4]
50 92 [8]
43 99 [8]
1 150 [0]
8 143 [0]
19 132 [0]
26 125 [0]
51 100 [0]
75 76 [0]
1 147 [3]
22 121 [8]
12 132 [8]
16 128 [8]
2 147 [3]
6 147 [0]
54 99 [0]
60 85 [8]
38 107 [8]
72 73 [8]
14 135 [4]
4 148 [1]
11 143 [0]
58 96 [0]
52 94 [8]
31 114 [9]
6 140 [8]
34 119 [1]
19 136 [0]
67 88 [0]
61 93 [1]
5 151 [0]
44 112 [0]
53 102 [1]
42 114 [0]
9 139 [8]
10 142 [4]
23 134 [0]
64 93 [0]
71 86 [0]
41 108 [8]
34 115 [8]
4 154 [0]
37 121 [0]
42 116 [0]
51 103 [4]
11 146 [1]
35 115 [8]
18 141 [0]
32 127 [0]
9 149 [1]
17 142 [0]
22 137 [0]
3 155 [1]
66 93 [0]
75 83 [1]
34 117 [8]
0 160 [0]
1 151 [8]
15 144 [1]
54 98 [8]
63 93 [4]
76 85 [0]
1 156 [4]
60 100 [1]
24 136 [1]
20 133 [8]
16 146 [0]
52 110 [0]
16 142 [4]
1 153 [8]
2 152 [8]
60 103 [0]
39 124 [0]
40 122 [1]
75 87 [1]
18 144 [1]
32 123 [8]
9 155 [0]
68 96 [0]
18 143 [3]
18 146 [1]
42 115 [8]
65 99 [1]
66 90 [9]
1 165 [0]
33 133 [0]
36 129 [1]
20 142 [4]
0 159 [8]
36 130 [1]
17 149 [1]
7 152 [8]
62 101 [4]
2 157 [8]
17 151 [0]
71 97 [0]
5 161 [4]
66 103 [1]
34 137 [0]
42 129 [0]
63 108 [0]
78 93 [0]
1 162 [8]
57 114 [1]
62 110 [0]
23 148 [1]
0 164 [8]
54 110 [8]
4 167 [1]
2 170 [1]
5 167 [1]
18 154 [1]
84 89 [0]
55 110 [8]
35 137 [1]
14 158 [1]
59 114 [0]
15 159 [0]
33 141 [0]
4 162 [8]
6 167 [1]
41 134 [0]
78 97 [0]
86 89 [0]
48 127 [0]
43 131 [1]
0 174 [1]
29 147 [0]
36 140 [0]
81 95 [0]
4 173 [0]
5 172 [0]
18 159 [0]
53 124 [0]
38 135 [4]
62 107 [8]
26 152 [0]
18 160 [0]
17 161 [0]
28 150 [0]
4 166 [8]
5 165 [8]
49 128 [1]
70 108 [0]
71 107 [0]
3 174 [1]
45 133 [0]
62 108 [8]
6 173 [0]
14 165 [0]
89 90 [0]
62 116 [1]
4 174 [1]
2 169 [8]
87 88 [4]
64 116 [0]
0 180 [0]
8 172 [0]
14 166 [0]
65 107 [8]
35 145 [0]
7 165 [8]
6 175 [0]
15 166 [0]
17 164 [0]
77 104 [0]
84 96 [1]
6 174 [1]
6 176 [0]
79 103 [0]
49 129 [4]
68 113 [1]
29 149 [4]
67 107 [8]
2 181 [0]
52 131 [0]
36 146 [1]
17 167 [0]
19 165 [0]
69 115 [0]
81 103 [0]
33 150 [1]
38 147 [0]
77 108 [0]
46 135 [4]
0 177 [8]
31 147 [8]
65 120 [1]
9 176 [1]
44 138 [4]
10 177 [0]
19 168 [0]
26 160 [1]
84 102 [1]
48 139 [0]
91 97 [0]
28 152 [8]
46 138 [4]
38 146 [4]
65 122 [1]
3 186 [0]
74 115 [0]
44 144 [1]
23 167 [0]
27 163 [0]
75 115 [0]
10 179 [1]
2 187 [1]
22 169 [0]
87 104 [0]
17 173 [1]
50 141 [1]
0 192 [0]
1 191 [0]
12 179 [1]
10 178 [4]
76 115 [1]
69 123 [0]
45 147 [0]
84 107 [1]
67 126 [0]
74 119 [0]
76 116 [1]
8 184 [1]
95 98 [0]
74 111 [8]
4 185 [4]
4 190 [0]
33 161 [0]
65 129 [0]
53 135 [6]
14 172 [8]
64 126 [4]
18 169 [8]
16 172 [8]
7 189 [0]
30 166 [0]
63 133 [0]
92 104 [0]
25 170 [1]
2 190 [4]
84 111 [1]
52 145 [0]
57 132 [8]
0 189 [8]
3 193 [1]
2 196 [0]
7 191 [0]
70 128 [0]
22 175 [1]
58 132 [8]
6 191 [1]
21 171 [6]
12 183 [4]
51 144 [4]
76 122 [1]
57 143 [0]
66 134 [0]
0 194 [6]
28 168 [4]
91 109 [0]
78 122 [0]
34 165 [1]
30 169 [1]
6 193 [1]
94 106 [0]
36 165 [0]
99 102 [0]
88 113 [0]
19 181 [1]
64 136 [1]
28 174 [0]
7 194 [1]
19 182 [1]
40 162 [0]
17 184 [1]
41 161 [0]
85 117 [0]
72 128 [2]
30 168 [4]
59 143 [0]
66 136 [0]
48 153 [1]
0 203 [0]
77 126 [0]
57 142 [4]
36 166 [1]
65 137 [1]
60 144 [0]
1 202 [1]
55 141 [8]
4 194 [6]
45 160 [0]
20 184 [1]
0 204 [1]
9 194 [2]
13 193 [0]
40 166 [0]
63 139 [4]
12 195 [0]
21 186 [0]
26 181 [0]
39 168 [0]
59 148 [0]
31 175 [1]
0 208 [0]
12 196 [0]
31 171 [6]
66 141 [1]
91 111 [6]
15 194 [0]
26 183 [0]
44 161 [4]
9 199 [1]
83 122 [4]
91 118 [0]
84 126 [0]
15 195 [0]
57 152 [1]
33 177 [0]
11 198 [1]
36 170 [4]
35 174 [1]
75 131 [4]
61 150 [0]
94 117 [0]
49 156 [6]
75 137 [0]
51 157 [4]
1 203 [8]
1 210 [1]
39 173 [0]
7 201 [4]
50 162 [0]
7 204 [1]
81 131 [0]
12 199 [1]
6 202 [4]
53 159 [1]
16 197 [0]
1 212 [0]
17 195 [1]
7 206 [0]
28 185 [0]
50 163 [0]
97 115 [1]
2 203 [8]
84 128 [1]
98 114 [1]
55 159 [0]
1 213 [0]
53 161 [0]
25 185 [4]
97 118 [0]
4 210 [1]
99 115 [1]
50 164 [1]
107 108 [0]
38 171 [6]
61 155 [0]
10 206 [0]
3 213 [0]
46 162 [8]
7 205 [4]
2 215 [0]
13 204 [0]
46 171 [0]
51 166 [0]
94 123 [0]
17 194 [6]
62 155 [0]
8 208 [1]
84 133 [0]
18 200 [0]
34 184 [0]
66 151 [1]
11 206 [1]
12 202 [4]
67 145 [6]
7 212 [0]
10 209 [0]
92 127 [0]
71 142 [6]
99 120 [0]
13 207 [0]
71 149 [0]
20 196 [4]
86 130 [4]
85 131 [4]
44 175 [1]
22 199 [0]
10 207 [4]
4 216 [1]
89 132 [0]
91 130 [0]
98 123 [0]
58 162 [1]
97 125 [0]
11 203 [8]
59 162 [1]
87 136 [0]
11 212 [0]
57 165 [1]
24 199 [0]
32 191 [0]
60 162 [1]
61 162 [0]
62 161 [0]
27 197 [0]
51 171 [2]
41 183 [0]
88 136 [0]
28 190 [6]
6 212 [6]
7 217 [1]
60 161 [4]
47 178 [0]
16 209 [0]
63 162 [0]
87 137 [1]
35 188 [2]
26 195 [4]
15 207 [4]
0 226 [0]
21 201 [4]
66 159 [1]
50 176 [0]
8 217 [1]
15 208 [4]
4 223 [0]
9 218 [0]
60 166 [1]
55 168 [4]
50 173 [4]
1 222 [4]
97 126 [4]
22 201 [4]
28 198 [1]
78 146 [3]
68 160 [0]
6 222 [0]
10 218 [0]
80 147 [1]
43 186 [0]
10 219 [0]
18 211 [0]
93 136 [0]
18 210 [1]
85 138 [6]
11 217 [1]
94 131 [4]
4 219 [6]
89 140 [1]
19 211 [0]
92 138 [0]
1 225 [4]
63 161 [6]
63 166 [1]
60 169 [1]
47 179 [4]
6 220 [4]
80 150 [0]
91 140 [0]
53 177 [1]
110 121 [0]
55 175 [1]
70 161 [0]
94 138 [0]
15 213 [4]
74 154 [4]
115 116 [1]
89 138 [6]
16 217 [0]
29 200 [4]
61 172 [0]
21 208 [4]
17 215 [1]
96 137 [0]
49 178 [6]
66 163 [4]
36 193 [4]
79 155 [0]
5 221 [8]
17 213 [4]
46 187 [1]
81 149 [4]
0 230 [4]
102 126 [6]
21 214 [0]
41 194 [0]
59 172 [4]
7 227 [1]
58 173 [4]
89 147 [0]
47 185 [4]
50 180 [6]
61 176 [0]
10 227 [0]
66 167 [4]
45 192 [0]
22 209 [6]
9 222 [6]
20 211 [6]
2 236 [0]
13 225 [0]
39 198 [1]
116 122 [0]
27 203 [8]
97 140 [1]
28 206 [4]
44 186 [8]
115 119 [4]
102 136 [0]
62 171 [6]
14 225 [0]
72 166 [1]
95 138 [6]
34 205 [0]
56 182 [1]
93 146 [0]
91 142 [6]
103 137 [0]
87 153 [0]
27 213 [0]
11 221 [8]
97 139 [4]
100 140 [0]
43 197 [1]
8 233 [0]
78 157 [6]
78 163 [0]
44 193 [4]
40 197 [4]
19 221 [1]
28 214 [0]
27 209 [6]
118 123 [1]
15 223 [4]
27 216 [0]
70 173 [0]
25 212 [6]
54 185 [4]
0 239 [4]
67 175 [1]
2 237 [4]
79 165 [0]
115 129 [0]
3 241 [0]
26 212 [6]
17 227 [0]
30 210 [4]
39 201 [4]
55 185 [4]
89 156 [0]
59 186 [0]
2 239 [4]
27 214 [4]
48 197 [0]
68 177 [1]
84 158 [4]
4 238 [4]
94 153 [0]
117 126 [4]
83 164 [0]
10 236 [1]
77 169 [1]
84 164 [0]
63 181 [4]
2 246 [0]
47 197 [4]
21 223 [4]
37 205 [6]
44 205 [0]
2 247 [0]
12 231 [6]
49 200 [0]
8 237 [4]
87 157 [5]
45 200 [4]
66 183 [0]
17 224 [8]
29 216 [4]
43 202 [4]
88 158 [3]
61 183 [6]
60 189 [1]
27 223 [0]
24 220 [6]
50 196 [4]
122 124 [4]
94 156 [0]
118 132 [0]
66 185 [0]
8 243 [0]
27 218 [6]
14 231 [6]
16 235 [0]
70 181 [0]
6 239 [6]
84 166 [1]
8 244 [0]
87 164 [1]
25 226 [1]
61 187 [4]
10 238 [4]
20 233 [0]
102 151 [0]
16 237 [0]
115 137 [1]
91 158 [4]
0 254 [0]
8 246 [0]
29 225 [0]
83 171 [0]
53 197 [4]
97 157 [0]
26 222 [6]
17 233 [4]
7 243 [4]
42 207 [6]
72 179 [4]
2 253 [0]
71 178 [6]
95 159 [1]
39 215 [1]
102 149 [4]
117 134 [4]
112 144 [0]
10 242 [4]
70 182 [4]
28 222 [6]
60 190 [6]
58 192 [6]
98 154 [4]
61 196 [0]
112 145 [0]
94 159 [4]
2 251 [4]
71 182 [4]
56 197 [4]
20 236 [1]
76 178 [4]
9 249 [0]
15 237 [6]
21 236 [1]
12 245 [1]
39 219 [0]
30 222 [6]
127 128 [4]
21 234 [4]
109 151 [0]
107 149 [4]
10 249 [1]
2 259 [0]
33 228 [0]
23 238 [0]
40 217 [4]
110 151 [0]
36 225 [0]
55 206 [0]
64 192 [6]
0 262 [0]
8 250 [4]
119 139 [4]
45 211 [6]
88 168 [6]
11 251 [0]
88 174 [0]
84 174 [4]
106 156 [0]
59 199 [4]
3 260 [0]
9 254 [0]
57 202 [4]
102 161 [0]
109 154 [0]
122 135 [6]
70 188 [5]
1 258 [4]
130 134 [0]
23 235 [6]
88 177 [0]
111 153 [1]
64 197 [4]
55 211 [0]
21 240 [5]
34 233 [0]
53 214 [0]
68 195 [4]
66 202 [0]
47 219 [2]
27 235 [6]
13 249 [6]
82 186 [0]
122 146 [0]
7 255 [6]
2 260 [6]
40 229 [0]
126 139 [4]
8 255 [6]
108 156 [6]
4 266 [0]
10 260 [0]
78 190 [2]
50 220 [0]
95 170 [5]
16 251 [4]
10 257 [4]
107 164 [0]
1 264 [6]
96 175 [0]
44 226 [1]
25 244 [2]
69 198 [4]
56 209 [6]
54 211 [6]
76 196 [0]
6 264 [2]
17 253 [2]
52 216 [4]
126 146 [0]
11 262 [0]
114 155 [4]
84 183 [6]
94 173 [6]
124 149 [0]
15 252 [6]
1 266 [6]
68 202 [4]
2 266 [6]
3 271 [0]
6 262 [6]
132 141 [1]
107 163 [4]
19 249 [6]
6 266 [2]
29 243 [2]
4 271 [0]
63 212 [0]
93 182 [0]
108 163 [4]
123 152 [0]
38 233 [4]
44 225 [6]
65 211 [0]
130 146 [0]
3 267 [6]
60 216 [0]
30 244 [2]
54 221 [1]
8 262 [6]
44 224 [8]
8 269 [0]
6 271 [0]
17 259 [1]
103 168 [6]
80 197 [0]
98 179 [0]
78 194 [5]
19 254 [4]
6 272 [0]
53 225 [0]
26 248 [4]
4 270 [4]
44 230 [4]
106 172 [0]
127 152 [0]
36 237 [6]
7 266 [6]
90 185 [4]
88 192 [0]
43 233 [4]
138 142 [0]
106 168 [6]
98 183 [0]
130 147 [4]
65 215 [1]
43 232 [6]
140 141 [0]
23 259 [0]
67 215 [0]
0 282 [0]
139 143 [0]
120 162 [0]
71 205 [6]
134 148 [0]
80 203 [0]
122 157 [4]
84 195 [4]
87 190 [6]
42 235 [6]
45 239 [0]
70 212 [2]
63 217 [4]
50 230 [4]
104 176 [4]
87 193 [4]
95 183 [6]
2 277 [6]
21 264 [0]
93 192 [0]
93 190 [2]
17 266 [2]
125 160 [0]
126 160 [0]
84 202 [0]
73 207 [6]
1 284 [1]
131 155 [0]
23 257 [6]
53 227 [6]
129 158 [0]
76 205 [6]
36 251 [0]
131 156 [0]
95 190 [2]
74 207 [6]
60 226 [1]
8 280 [0]
62 222 [4]
124 164 [0]
48 240 [0]
39 243 [6]
13 273 [2]
49 239 [0]
106 180 [2]
75 207 [6]
32 257 [0]
50 239 [0]
90 199 [0]
83 200 [6]
126 163 [0]
1 287 [1]
104 181 [4]
18 272 [0]
88 202 [0]
16 270 [4]
97 188 [5]
7 277 [6]
139 147 [4]
54 233 [4]
116 175 [0]
141 150 [0]
51 236 [4]
0 285 [6]
64 226 [1]
61 231 [0]
6 286 [0]
46 246 [0]
6 282 [4]
106 182 [4]
86 206 [0]
93 194 [5]
112 180 [0]
47 240 [5]
35 255 [2]
47 241 [4]
109 184 [0]
58 229 [6]
30 257 [6]
38 253 [2]
4 283 [6]
3 291 [0]
95 199 [0]
2 291 [1]
62 228 [4]
103 185 [6]
4 284 [6]
7 286 [1]
3 292 [0]
5 290 [0]
94 201 [0]
68 223 [4]
138 151 [6]
44 247 [4]
2 290 [4]
9 287 [0]
39 257 [0]
90 202 [4]
33 259 [4]
74 222 [0]
1 294 [1]
133 163 [0]
0 297 [0]
111 186 [0]
1 295 [1]
75 221 [1]
124 167 [6]
17 281 [0]
27 271 [0]
101 197 [0]
64 228 [6]
139 155 [4]
147 151 [0]
110 184 [4]
112 187 [0]
16 283 [0]
66 231 [2]
59 240 [0]
130 165 [4]
10 283 [6]
93 205 [2]
128 172 [0]
93 203 [4]
124 172 [4]
134 167 [0]
34 265 [2]
147 153 [1]
39 258 [4]
140 156 [6]
143 155 [4]
111 185 [6]
64 232 [6]
90 208 [4]
95 202 [6]
30 273 [0]
23 274 [6]
119 184 [0]
26 272 [5]
22 282 [0]
9 295 [0]
25 275 [4]
37 261 [6]
98 202 [4]
83 221 [0]
71 227 [6]
12 286 [6]
33 271 [0]
87 211 [6]
56 242 [6]
2 296 [6]
5 293 [6]
24 275 [6]
134 171 [0]
121 178 [6]
102 197 [6]
129 176 [0]
43 260 [2]
77 222 [6]
107 195 [4]
116 187 [3]
118 189 [0]
43 264 [0]
66 241 [0]
101 206 [0]
9 294 [4]
32 269 [6]
78 226 [3]
82 224 [1]
18 283 [6]
3 305 [0]
12 296 [0]
37 271 [0]
94 208 [6]
111 193 [4]
79 230 [0]
141 168 [0]
72 233 [4]
99 204 [6]
54 249 [6]
47 256 [6]
115 195 [0]
73 233 [4]
14 290 [6]
96 208 [6]
0 309 [1]
70 241 [0]
99 212 [0]
114 193 [4]
64 241 [6]
147 160 [4]
65 247 [0]
151 161 [0]
125 186 [1]
44 266 [2]
58 252 [2]
109 204 [0]
110 203 [0]
120 193 [0]
123 190 [0]
130 183 [0]
129 178 [6]
1 307 [6]
125 189 [0]
46 266 [2]
6 306 [2]
86 228 [0]
130 184 [0]
132 182 [0]
52 256 [6]
127 188 [0]
18 297 [0]
131 184 [0]
46 267 [2]
85 224 [6]
68 241 [6]
71 245 [0]
31 279 [6]
97 219 [0]
37 272 [7]
104 212 [0]
138 178 [0]
38 273 [5]
0 317 [0]
17 300 [0]
150 161 [6]
92 224 [1]
8 303 [6]
56 262 [0]
135 183 [0]
17 301 [0]
13 305 [0]
124 191 [3]
19 293 [6]
108 206 [4]
105 213 [0]
49 264 [5]
145 172 [2]
4 315 [0]
17 302 [0]
56 259 [4]
54 263 [2]
24 289 [6]
51 263 [5]
78 239 [2]
12 308 [0]
2 318 [0]
21 299 [0]
69 251 [0]
3 311 [6]
46 270 [4]
96 219 [5]
77 237 [6]
136 183 [2]
4 317 [0]
3 312 [6]
52 269 [0]
72 245 [4]
102 219 [0]
120 201 [0]
40 279 [2]
146 171 [5]
55 265 [2]
155 164 [3]
31 285 [6]
105 218 [0]
127 196 [0]
6 311 [6]
59 262 [2]
7 315 [1]
29 289 [6]
41 283 [0]
58 266 [0]
76 242 [6]
154 170 [0]
100 224 [0]
121 203 [0]
37 285 [2]
23 302 [0]
159 166 [0]
121 200 [4]
2 323 [0]
128 193 [4]
123 198 [4]
77 248 [0]
58 261 [6]
123 203 [0]
63 257 [6]
6 314 [6]
139 188 [0]
23 304 [0]
30 297 [0]
18 303 [6]
45 277 [5]
90 231 [6]
138 187 [2]
125 199 [3]
79 245 [3]
80 240 [7]
124 203 [0]
32 296 [0]
37 287 [4]
77 247 [4]
3 321 [4]
159 169 [0]
162 166 [0]
59 264 [5]
70 253 [5]
20 306 [2]
143 186 [0]
107 222 [0]
69 260 [0]
31 294 [4]
66 257 [6]
54 273 [2]
37 286 [6]
131 198 [0]
163 166 [0]
148 181 [0]
97 231 [2]
34 296 [0]
136 192 [2]
47 283 [0]
14 314 [2]
154 176 [0]
121 209 [0]
72 253 [5]
60 271 [0]
72 259 [0]
78 247 [6]
6 321 [4]
147 178 [6]
120 209 [2]
22 310 [0]
21 306 [5]
148 179 [6]
13 314 [6]
163 170 [0]
53 279 [2]
9 325 [0]
28 306 [0]
44 290 [0]
165 169 [0]
58 276 [0]
108 220 [6]
113 221 [0]
7 322 [6]
20 309 [6]
24 309 [2]
9 324 [2]
92 237 [6]
31 298 [6]
4 332 [0]
10 326 [0]
27 303 [6]
10 320 [6]
13 317 [6]
7 328 [1]
73 263 [0]
25 305 [6]
92 238 [6]
106 230 [0]
137 199 [0]
82 252 [2]
165 166 [6]
98 237 [2]
97 234 [6]
83 254 [0]
118 213 [6]
160 177 [0]
4 334 [0]
25 313 [0]
122 210 [6]
73 260 [5]
106 232 [0]
56 276 [6]
116 222 [0]
14 322 [2]
1 331 [6]
20 317 [2]
167 172 [0]
157 182 [0]
128 209 [2]
103 230 [6]
136 201 [2]
43 292 [4]
40 297 [2]
133 207 [0]
11 323 [6]
53 287 [0]
19 315 [6]
158 182 [0]
84 250 [6]
64 270 [6]
2 339 [0]
63 273 [5]
53 282 [6]
74 265 [2]
89 253 [0]
118 224 [0]
155 187 [0]
13 326 [4]
75 268 [0]
32 311 [0]
64 277 [2]
27 314 [2]
162 181 [0]
21 320 [2]
159 178 [6]
3 334 [6]
66 278 [0]
7 337 [0]
23 321 [0]
0 338 [6]
127 211 [6]
35 303 [6]
9 333 [2]
68 276 [0]
133 211 [0]
57 288 [0]
44 295 [6]
83 255 [7]
95 250 [0]
15 326 [4]
98 247 [0]
105 240 [0]
30 310 [6]
2 344 [0]
33 311 [2]
129 214 [3]
123 223 [0]
107 233 [6]
137 207 [2]
0 340 [6]
20 325 [2]
1 340 [6]
42 305 [0]
71 274 [2]
49 292 [6]
46 299 [2]
76 269 [2]
92 250 [6]
0 348 [0]
19 323 [6]
23 325 [0]
7 339 [2]
41 305 [2]
123 225 [0]
72 270 [6]
127 221 [0]
87 262 [0]
114 229 [6]
7 336 [6]
157 190 [2]
150 194 [5]
52 292 [6]
1 349 [0]
30 318 [2]
6 344 [0]
13 331 [6]
54 296 [0]
141 207 [2]
4 340 [6]
67 281 [2]
137 211 [2]
34 313 [4]
9 342 [0]
21 328 [2]
34 317 [0]
60 287 [4]
70 275 [6]
80 271 [0]
91 255 [5]
109 242 [0]
81 271 [0]
6 346 [0]
62 290 [0]
16 332 [4]
72 278 [2]
173 179 [0]
57 289 [6]
8 338 [6]
16 330 [6]
166 182 [4]
15 335 [2]
147 202 [4]
17 330 [6]
25 328 [0]
4 343 [6]
58 289 [6]
54 299 [0]
37 310 [6]
77 270 [6]
4 347 [2]
7 347 [0]
67 287 [0]
10 345 [0]
33 322 [0]
119 236 [0]
97 256 [2]
79 276 [0]
152 203 [0]
174 181 [0]
121 228 [6]
59 290 [6]
12 339 [5]
8 348 [0]
48 308 [0]
152 204 [0]
102 252 [2]
89 267 [0]
126 225 [5]
40 314 [2]
26 328 [2]
75 275 [6]
97 260 [0]
125 232 [0]
133 218 [6]
81 270 [6]
50 305 [2]
34 319 [4]
41 314 [2]
14 339 [5]
69 284 [5]
11 345 [2]
22 332 [4]
29 324 [5]
144 214 [0]
145 213 [0]
151 205 [2]
44 312 [2]
49 304 [6]
174 183 [2]
125 234 [0]
168 191 [0]
89 265 [5]
106 247 [6]
22 335 [2]
22 338 [0]
1 359 [0]
11 349 [0]
172 188 [0]
172 184 [4]
85 276 [0]
66 295 [0]
143 214 [4]
94 262 [5]
177 182 [2]
82 272 [7]
63 296 [2]
88 273 [0]
7 352 [2]
5 357 [0]
102 255 [5]
10 352 [0]
33 324 [5]
26 330 [6]
106 254 [2]
168 192 [2]
15 341 [6]
152 206 [4]
35 325 [2]
156 207 [0]
7 356 [0]
135 228 [0]
165 192 [6]
78 278 [7]
164 193 [6]
119 242 [2]
149 215 [0]
154 210 [0]
9 353 [2]
100 258 [6]
7 355 [2]
58 307 [0]
70 295 [0]
138 221 [6]
2 361 [2]
32 331 [2]
27 339 [0]
75 291 [0]
41 321 [4]
2 358 [6]
177 190 [0]
4 357 [6]
57 304 [6]
130 232 [5]
105 261 [1]
95 268 [4]
86 275 [6]
35 327 [5]
157 204 [6]
34 334 [0]
149 219 [0]
150 212 [6]
83 283 [2]
167 202 [0]
20 349 [0]
21 348 [0]
168 194 [7]
51 318 [0]
111 258 [0]
74 293 [2]
122 242 [6]
0 364 [6]
1 364 [6]
50 321 [0]
53 316 [2]
131 238 [2]
11 358 [2]
95 270 [6]
30 340 [2]
142 230 [0]
34 336 [2]
112 253 [7]
4 362 [6]
39 331 [2]
2 365 [6]
14 357 [2]
124 244 [5]
39 334 [0]
133 238 [2]
123 250 [0]
157 210 [6]
178 196 [0]
173 201 [0]
93 279 [2]
68 306 [0]
154 217 [3]
79 295 [0]
165 209 [0]
88 281 [5]
168 206 [0]
111 264 [0]
5 370 [0]
2 373 [0]
44 329 [2]
3 366 [6]
167 208 [0]
12 361 [2]
23 352 [0]
24 349 [2]
122 251 [2]
32 343 [0]
57 316 [2]
6 363 [6]
187 188 [1]
94 277 [5]
16 354 [6]
60 316 [0]
73 303 [0]
144 227 [5]
90 280 [6]
10 360 [6]
6 371 [0]
17 360 [0]
16 359 [2]
20 351 [6]
75 300 [2]
45 332 [0]
66 309 [2]
5 366 [6]
152 221 [4]
153 224 [0]
111 266 [0]
129 245 [3]
142 235 [0]
125 252 [0]
16 362 [0]
23 355 [0]
59 319 [0]
75 303 [0]
168 210 [0]
40 336 [2]
42 330 [6]
6 373 [0]
107 267 [5]
127 248 [4]
59 318 [2]
100 274 [5]
74 305 [0]
121 256 [2]
90 289 [0]
31 342 [6]
176 197 [6]
136 241 [2]
61 316 [2]
125 255 [0]
1 379 [0]
1 373 [6]
0 374 [6]
166 208 [6]
17 357 [6]
6 368 [6]
183 196 [1]
47 331 [2]
140 240 [0]
23 351 [6]
17 364 [0]
102 274 [5]
174 203 [4]
141 238 [2]
36 343 [2]
7 374 [0]
55 326 [0]
3 372 [6]
98 283 [0]
25 354 [2]
128 253 [0]
3 379 [0]
128 254 [0]
69 311 [2]
163 217 [2]
7 369 [6]
6 374 [2]
1 375 [6]
107 274 [2]
37 346 [0]
87 296 [0]
6 375 [2]
12 365 [6]
173 210 [0]
157 226 [0]
23 359 [2]
89 293 [2]
0 382 [2]
181 201 [2]
36 346 [2]
6 372 [6]
41 339 [5]
177 202 [6]
113 271 [2]
100 286 [0]
0 386 [0]
144 242 [0]
135 251 [0]
135 244 [7]
39 345 [2]
74 310 [2]
23 357 [6]
10 377 [0]
74 306 [7]
170 217 [0]
49 332 [6]
136 249 [2]
28 360 [0]
3 385 [0]
56 327 [5]
148 240 [0]
190 198 [0]
123 260 [5]
84 299 [5]
159 226 [4]
31 358 [0]
79 310 [0]
35 348 [6]
79 305 [5]
104 285 [0]
16 371 [2]
117 267 [5]
190 197 [2]
11 372 [6]
121 268 [0]
176 214 [0]
95 288 [7]
18 373 [0]
167 224 [0]
67 322 [2]
2 383 [6]
191 198 [2]
12 377 [2]
70 316 [5]
111 275 [6]
177 215 [0]
7 385 [0]
110 276 [6]
73 314 [5]
79 306 [7]
41 351 [0]
37 353 [2]
63 324 [5]
22 371 [0]
2 391 [0]
126 267 [0]
0 387 [6]
107 281 [5]
195 198 [0]
21 373 [0]
195 199 [0]
34 355 [5]
95 298 [2]
9 386 [0]
2 393 [0]
130 259 [6]
124 264 [7]
73 317 [5]
1 395 [0]
8 388 [0]
30 366 [0]
124 270 [2]
36 355 [5]
75 317 [5]
0 391 [6]
92 305 [0]
62 333 [2]
51 344 [2]
130 260 [7]
63 327 [7]
171 224 [2]
175 220 [2]
34 364 [0]
57 341 [0]
90 302 [6]
117 272 [9]
9 387 [2]
87 309 [2]
43 349 [6]
98 294 [6]
2 397 [0]
60 337 [2]
65 334 [0]
6 387 [6]
16 377 [6]
45 347 [7]
159 240 [0]
195 202 [2]
199 200 [0]
90 303 [6]
130 270 [0]
175 225 [0]
143 251 [6]
163 232 [5]
4 394 [2]
66 335 [0]
191 210 [0]
16 379 [6]
115 281 [5]
46 350 [6]
20 382 [0]
32 370 [0]
49 353 [0]
9 391 [2]
68 334 [0]
112 290 [0]
7 389 [6]
30 373 [0]
3 399 [1]
51 345 [7]
19 382 [2]
107 296 [0]
106 295 [2]
54 347 [2]
161 242 [0]
115 282 [6]
3 395 [6]
102 297 [5]
11 391 [2]
63 336 [5]
96 303 [5]
40 359 [5]
112 293 [0]
111 294 [0]
147 253 [5]
182 221 [2]
90 309 [6]
181 219 [5]
109 297 [0]
58 346 [2]
12 388 [6]
84 322 [0]
112 292 [2]
35 369 [2]
123 284 [0]
7 400 [0]
158 249 [0]
2 399 [6]
32 373 [2]
154 247 [6]
122 278 [7]
1 407 [0]
10 398 [0]
1 401 [6]
11 395 [2]
136 270 [2]
0 408 [0]
150 258 [0]
116 290 [2]
80 323 [5]
65 342 [2]
0 403 [6]
107 300 [2]
47 360 [2]
82 321 [6]
2 401 [6]
114 293 [2]
77 326 [6]
90 317 [2]
12 398 [0]
2 408 [0]
174 236 [0]
15 389 [6]
141 264 [5]
58 347 [5]
128 276 [6]
116 292 [2]
156 254 [0]
112 299 [0]
47 364 [0]
52 359 [0]
179 226 [6]
53 358 [0]
6 399 [6]
7 398 [6]
8 401 [2]
116 295 [0]
37 372 [2]
199 210 [2]
11 401 [0]
56 356 [0]
190 222 [0]
58 348 [6]
197 216 [0]
43 370 [0]
6 405 [2]
69 344 [0]
75 339 [0]
19 389 [6]
34 378 [2]
110 302 [2]
194 213 [7]
189 226 [0]
10 405 [0]
1 408 [6]
57 358 [0]
108 305 [2]
59 354 [2]
176 233 [6]
23 393 [0]
41 375 [0]
111 305 [0]
52 362 [2]
172 244 [0]
196 220 [0]
101 313 [2]
187 226 [3]
187 229 [0]
159 252 [5]
25 389 [2]
16 401 [0]
184 233 [0]
200 217 [0]
173 239 [5]
22 393 [2]
137 273 [7]
93 325 [0]
59 357 [2]
1 415 [2]
90 329 [0]
10 409 [0]
25 394 [0]
154 265 [0]
100 319 [0]
27 386 [6]
180 239 [0]
75 343 [2]
84 336 [0]
98 322 [0]
6 412 [2]
103 315 [2]
108 312 [0]
74 339 [7]
171 249 [0]
3 415 [2]
153 268 [0]
63 356 [2]
56 360 [5]
2 413 [6]
16 403 [2]
73 349 [0]
48 374 [0]
21 401 [0]
15 400 [7]
160 259 [3]
13 403 [6]
83 339 [0]
25 395 [2]
156 261 [5]
2 421 [0]
122 301 [0]
180 243 [0]
175 245 [3]
196 221 [6]
191 230 [2]
184 238 [2]
20 404 [0]
120 302 [2]
14 410 [0]
144 280 [0]
2 416 [6]
86 333 [5]
8 417 [0]
104 321 [0]
46 377 [2]
146 274 [5]
203 223 [0]
48 373 [5]
47 379 [0]
26 395 [5]
44 380 [2]
19 400 [7]
147 272 [7]
75 346 [5]
46 381 [0]
90 337 [0]
112 306 [9]
54 371 [2]
4 421 [2]
52 373 [2]
81 344 [2]
86 340 [2]
134 292 [2]
23 403 [2]
34 388 [6]
36 386 [6]
144 277 [7]
201 228 [0]
148 272 [9]
50 377 [2]
196 233 [0]
138 286 [5]
84 340 [5]
5 422 [2]
69 361 [0]
152 278 [0]
176 254 [0]
107 318 [5]
62 362 [6]
28 403 [0]
195 234 [2]
145 277 [9]
52 379 [0]
208 223 [0]
87 344 [0]
111 320 [0]
18 411 [2]
17 409 [5]
142 289 [0]
87 342 [2]
0 432 [0]
104 328 [0]
74 353 [5]
19 414 [0]
5 428 [0]
44 389 [0]
129 304 [0]
3 428 [2]
108 320 [5]
79 349 [5]
27 404 [2]
75 359 [0]
117 315 [2]
71 358 [5]
145 289 [0]
102 330 [2]
10 419 [5]
11 421 [2]
197 232 [5]
209 225 [0]
109 326 [0]
111 324 [0]
177 258 [0]
71 359 [5]
2 427 [6]
17 416 [2]
22 411 [2]
55 381 [0]
12 424 [0]
23 411 [2]
164 267 [5]
112 317 [7]
43 393 [0]
66 368 [2]
48 386 [2]
112 324 [0]
9 425 [2]
173 261 [2]
12 425 [0]
7 430 [0]
18 419 [0]
25 406 [6]
80 357 [0]
96 341 [0]
156 281 [0]
187 250 [0]
188 249 [0]
131 299 [7]
12 426 [0]
49 389 [0]
21 417 [0]
48 385 [5]
193 245 [0]
48 391 [0]
69 370 [0]
120 314 [5]
13 424 [2]
216 223 [0]
168 264 [7]
101 339 [0]
4 436 [0]
23 417 [0]
86 348 [6]
108 330 [2]
159 275 [6]
60 381 [0]
43 398 [0]
11 428 [2]
4 435 [2]
63 373 [5]
82 352 [7]
40 402 [0]
89 351 [2]
157 285 [0]
169 271 [2]
180 262 [0]
11 429 [2]
34 409 [0]
73 365 [5]
100 338 [5]
13 428 [2]
98 345 [0]
108 335 [0]
18 423 [2]
7 437 [0]
22 422 [0]
186 258 [0]
71 368 [5]
66 373 [5]
2 440 [2]
86 359 [0]
218 222 [5]
62 383 [0]
44 399 [2]
7 438 [0]
11 432 [2]
84 361 [0]
94 346 [5]
56 387 [2]
132 314 [0]
37 409 [0]
12 434 [0]
8 436 [2]
106 333 [7]
155 291 [0]
32 409 [5]
150 296 [0]
48 398 [0]
126 315 [5]
49 397 [0]
56 390 [0]
186 255 [5]
215 230 [2]
9 438 [0]
208 239 [0]
144 298 [5]
38 407 [2]
21 424 [2]
201 246 [0]
88 354 [5]
153 292 [2]
65 381 [2]
22 421 [5]
89 357 [2]
114 335 [0]
65 384 [0]
4 445 [0]
169 273 [7]
115 334 [0]
191 258 [0]
211 238 [0]
212 237 [0]
109 341 [0]
162 288 [0]
123 321 [6]
83 367 [0]
169 279 [2]
83 362 [5]
99 346 [5]
180 268 [2]
120 325 [5]
11 437 [2]
196 254 [1]
5 446 [0]
100 346 [5]
6 445 [0]
19 432 [0]
25 421 [5]
130 319 [2]
6 439 [6]
26 420 [5]
158 287 [6]
188 263 [0]
204 247 [0]
158 294 [0]
1 451 [0]
193 259 [0]
204 248 [0]
209 243 [0]
143 307 [2]
90 360 [2]
98 347 [7]
139 308 [5]
100 350 [2]
7 446 [0]
114 339 [0]
126 322 [5]
4 447 [2]
74 374 [5]
15 431 [7]
126 320 [7]
92 362 [0]
1 453 [0]
66 386 [2]
16 438 [0]
46 408 [0]
88 366 [0]
0 448 [6]
171 283 [0]
39 414 [2]
8 447 [0]
218 237 [0]
43 406 [6]
37 413 [5]
164 291 [0]
185 270 [0]
102 354 [0]
155 301 [0]
66 388 [2]
175 272 [9]
197 259 [0]
67 387 [2]
6 448 [2]
148 303 [5]
97 352 [7]
48 402 [7]
2 455 [0]
38 417 [2]
12 443 [2]
8 449 [0]
18 439 [0]
49 406 [2]
30 427 [0]
0 455 [2]
11 444 [2]
85 372 [0]
115 343 [0]
130 326 [2]
68 390 [0]
129 329 [0]
134 317 [7]
87 366 [5]
198 261 [0]
210 249 [0]
205 254 [0]
71 388 [0]
103 351 [5]
76 383 [0]
15 442 [2]
214 245 [0]
7 453 [0]
32 428 [0]
228 231 [1]
227 233 [0]
72 383 [5]
0 461 [0]
3 458 [0]
91 370 [0]
52 409 [0]
58 400 [3]
58 403 [0]
33 421 [7]
46 413 [2]
178 283 [0]
84 377 [0]
0 459 [2]
59 402 [0]
45 411 [5]
31 431 [0]
228 234 [0]
120 337 [5]
173 284 [5]
61 399 [2]
134 329 [0]
51 407 [5]
121 342 [0]
225 238 [0]
63 398 [2]
14 444 [5]
226 232 [5]
176 288 [0]
6 458 [0]
33 431 [0]
138 326 [0]
3 459 [2]
22 437 [5]
150 314 [0]
81 378 [5]
223 241 [0]
39 424 [2]
60 403 [2]
13 452 [0]
85 380 [0]
109 351 [5]
19 444 [2]
7 459 [0]
78 388 [0]
137 324 [5]
217 247 [2]
56 405 [5]
21 440 [5]
185 281 [0]
179 287 [0]
230 236 [0]
232 235 [0]
233 234 [0]
0 465 [2]
21 441 [5]
95 367 [5]
211 256 [0]
11 454 [2]
79 382 [7]
166 297 [5]
97 366 [5]
79 389 [0]
149 314 [5]
59 404 [5]
102 366 [0]
15 451 [2]
185 283 [0]
2 467 [0]
92 377 [0]
88 374 [7]
12 455 [2]
53 416 [0]
209 260 [0]
133 336 [0]
97 368 [5]
118 350 [2]
75 395 [0]
82 386 [2]
82 383 [5]
80 388 [2]
210 258 [2]
64 404 [2]
72 393 [5]
8 460 [2]
200 271 [0]
74 397 [0]
44 425 [2]
148 321 [2]
225 243 [3]
70 394 [7]
106 363 [2]
81 385 [5]
207 264 [0]
162 307 [2]
12 460 [0]
165 307 [0]
157 308 [7]
4 466 [2]
190 282 [0]
133 337 [2]
7 463 [2]
182 290 [0]
175 295 [2]
22 451 [0]
228 245 [0]
17 454 [2]
83 390 [0]
9 462 [2]
212 261 [0]
101 365 [7]
204 269 [0]
92 379 [2]
38 436 [0]
10 458 [6]
65 409 [0]
90 384 [0]
96 378 [0]
149 320 [5]
204 270 [0]
36 431 [7]
54 418 [2]
63 402 [9]
6 462 [6]
185 284 [5]
164 309 [2]
45 430 [0]
11 458 [6]
21 449 [5]
169 304 [2]
227 248 [0]
1 468 [6]
53 415 [7]
126 348 [2]
130 346 [0]
164 312 [0]
224 250 [2]
134 335 [7]
185 286 [5]
2 468 [6]
206 271 [0]
5 472 [0]
95 377 [5]
61 411 [5]
182 288 [7]
104 373 [0]
227 245 [5]
37 435 [5]
56 416 [5]
45 427 [5]
37 438 [2]
220 258 [0]
10 466 [2]
41 432 [5]
180 291 [7]
14 459 [5]
37 439 [2]
7 469 [2]
237 242 [0]
0 479 [0]
209 268 [2]
206 273 [0]
22 452 [5]
112 362 [5]
61 418 [0]
217 262 [0]
189 290 [0]
152 321 [6]
23 454 [2]
229 250 [0]
140 333 [7]
31 449 [0]
218 255 [7]
177 303 [0]
40 438 [2]
65 410 [5]
113 362 [5]
16 458 [6]
7 474 [0]
2 479 [0]
11 470 [0]
12 464 [5]
78 403 [0]
165 311 [5]
21 455 [5]
141 340 [0]
6 476 [0]
17 465 [0]
4 476 [2]
161 321 [0]
140 337 [5]
197 278 [7]
40 443 [0]
156 320 [7]
73 405 [5]
76 407 [0]
203 280 [0]
118 360 [5]
10 471 [2]
96 386 [2]
90 392 [2]
113 366 [5]
7 475 [2]
34 448 [2]
192 292 [0]
197 282 [5]
193 286 [5]
73 402 [9]
45 434 [5]
6 479 [0]
3 482 [0]
231 249 [5]
11 468 [6]
166 312 [7]
11 474 [0]
19 466 [0]
197 283 [5]
100 385 [0]
105 371 [9]
76 409 [0]
84 397 [5]
66 420 [0]
54 432 [0]
34 447 [5]
222 264 [0]
31 453 [2]
63 424 [0]
15 472 [0]
20 467 [0]
108 374 [5]
26 461 [0]
139 348 [0]
85 395 [7]
97 388 [2]
118 369 [0]
235 251 [1]
124 363 [0]
193 292 [2]
32 451 [5]
123 365 [0]
89 392 [7]
2 484 [2]
19 464 [5]
80 400 [8]
242 246 [0]
51 428 [9]
207 274 [7]
39 447 [2]
130 359 [0]
207 282 [0]
105 375 [9]
81 406 [2]
62 425 [2]
111 376 [2]
204 278 [7]
218 272 [0]
5 480 [5]
102 386 [2]
69 415 [7]
234 252 [5]
74 412 [5]
199 285 [7]
56 430 [5]
0 492 [0]
223 269 [0]
63 422 [7]
2 488 [2]
195 297 [0]
0 490 [2]
21 464 [7]
23 465 [5]
57 436 [0]
12 481 [0]
115 376 [2]
150 338 [5]
23 470 [0]
199 294 [0]
161 325 [7]
141 345 [7]
208 280 [5]
1 493 [0]
60 434 [0]
39 453 [2]
167 320 [7]
130 355 [9]
120 369 [5]
172 317 [5]
44 448 [2]
189 300 [5]
39 450 [5]
204 291 [0]
109 386 [0]
205 290 [0]
207 281 [7]
35 455 [5]
155 333 [7]
149 344 [2]
36 460 [0]
94 402 [0]
175 321 [0]
202 294 [0]
6 485 [5]
127 367 [2]
36 461 [0]
28 469 [0]
126 366 [5]
185 310 [2]
170 320 [7]
57 438 [2]
27 465 [5]
7 485 [5]
132 363 [2]
154 344 [0]
244 254 [0]
123 370 [5]
20 478 [0]
28 470 [0]
15 481 [2]
171 318 [9]
180 311 [7]
101 398 [0]
17 482 [0]
73 419 [7]
38 461 [0]
40 452 [7]
210 282 [7]
181 318 [0]
149 350 [0]
135 357 [7]
212 286 [1]
162 338 [0]
63 437 [0]
57 443 [0]
130 361 [9]
1 497 [2]
9 486 [5]
125 375 [0]
12 483 [5]
165 335 [0]
145 347 [8]
180 312 [9]
74 427 [0]
221 273 [7]
5 491 [5]
45 449 [7]
147 349 [5]
125 377 [0]
205 297 [0]
154 343 [5]
64 438 [0]
183 319 [0]
108 394 [0]
232 268 [2]
201 300 [1]
145 356 [1]
200 297 [5]
243 254 [5]
243 252 [7]
155 342 [5]
11 492 [0]
4 499 [0]
55 446 [2]
157 341 [5]
104 399 [0]
201 302 [0]
216 287 [0]
4 497 [2]
112 392 [0]
58 446 [0]
177 327 [0]
91 408 [5]
20 482 [2]
218 277 [9]
150 355 [0]
14 491 [0]
174 324 [7]
29 469 [7]
92 413 [0]
138 367 [0]
88 410 [7]
9 489 [7]
167 331 [7]
147 356 [2]
198 307 [0]
5 498 [2]
115 388 [2]
172 327 [7]
49 457 [0]
230 276 [0]
64 437 [5]
224 276 [6]
21 480 [5]
17 487 [2]
29 470 [7]
170 327 [9]
210 296 [0]
94 405 [7]
36 463 [7]
148 354 [5]
12 493 [2]
193 309 [5]
0 507 [0]
62 439 [6]
232 266 [9]
191 311 [5]
68 432 [7]
76 426 [5]
156 351 [0]
203 304 [0]
8 500 [0]
98 403 [7]
144 355 [9]
8 498 [2]
126 375 [7]
14 495 [0]
103 406 [0]
212 295 [2]
30 474 [5]
14 493 [2]
12 498 [0]
79 431 [0]
106 404 [0]
105 405 [0]
4 500 [6]
189 319 [2]
50 456 [5]
1 510 [0]
241 270 [0]
144 366 [1]
183 328 [0]
126 385 [0]
242 262 [7]
59 452 [0]
151 360 [0]
187 317 [7]
64 447 [0]
110 396 [5]
221 290 [0]
69 442 [0]
23 483 [5]
23 489 [0]
164 339 [9]
21 491 [0]
67 440 [5]
184 323 [5]
5 505 [2]
228 277 [7]
83 429 [0]
122 390 [0]
184 326 [2]
53 452 [7]
19 494 [0]
222 290 [1]
180 324 [9]
17 494 [2]
129 377 [7]
101 413 [0]
165 349 [0]
57 452 [5]
51 456 [7]
90 419 [5]
222 292 [0]
166 343 [5]
34 476 [5]
87 428 [0]
198 317 [0]
180 327 [8]
129 381 [5]
56 454 [5]
43 467 [5]
33 475 [7]
75 433 [7]
23 490 [2]
114 402 [0]
22 485 [9]
34 477 [5]
228 288 [0]
10 500 [6]
241 275 [0]
107 404 [5]
6 505 [5]
185 332 [0]
34 483 [0]
45 463 [9]
59 453 [5]
245 268 [4]
166 346 [5]
221 291 [5]
11 500 [6]
73 437 [7]
221 296 [0]
131 380 [7]
12 506 [0]
229 289 [0]
51 467 [0]
251 260 [7]
242 276 [0]
257 261 [0]
96 422 [0]
135 383 [0]
244 274 [0]
187 331 [0]
13 503 [2]
248 269 [1]
192 326 [0]
88 421 [9]
241 278 [0]
34 485 [0]
221 293 [5]
27 492 [0]
212 300 [7]
70 449 [0]
101 418 [0]
173 341 [5]
53 459 [7]
139 375 [5]
40 473 [7]
13 502 [5]
214 299 [7]
70 445 [5]
50 468 [2]
83 428 [9]
54 467 [0]
233 281 [7]
74 442 [5]
147 372 [2]
213 301 [7]
151 366 [5]
34 488 [0]
249 273 [0]
3 514 [5]
188 325 [9]
131 382 [9]
168 354 [0]
22 495 [5]
242 280 [0]
189 328 [5]
181 342 [0]
216 302 [5]
33 483 [7]
243 277 [3]
214 304 [5]
146 372 [5]
89 429 [5]
129 387 [7]
208 310 [5]
26 498 [0]
153 364 [7]
162 355 [7]
145 372 [7]
177 340 [7]
172 350 [2]
136 389 [0]
6 519 [0]
247 278 [0]
209 315 [1]
141 379 [5]
198 320 [7]
151 375 [0]
1 523 [2]
62 459 [5]
0 524 [2]
104 422 [0]
221 300 [5]
248 276 [2]
56 463 [7]
199 327 [0]
251 275 [0]
247 272 [8]
218 304 [5]
63 457 [7]
115 407 [5]
160 362 [5]
77 445 [5]
7 518 [2]
161 366 [0]
108 412 [7]
94 427 [7]
263 265 [0]
133 395 [0]
252 275 [1]
7 515 [6]
10 513 [5]
59 470 [0]
117 412 [0]
34 493 [2]
65 457 [7]
4 520 [5]
99 421 [9]
2 526 [2]
34 496 [0]
232 291 [7]
66 462 [2]
4 524 [2]
18 510 [2]
120 403 [7]
11 514 [5]
127 400 [3]
178 351 [1]
219 311 [0]
178 353 [0]
2 529 [0]
114 417 [0]
10 512 [9]
150 374 [7]
172 359 [0]
86 440 [5]
140 384 [7]
70 454 [7]
157 369 [5]
91 433 [7]
6 524 [2]
129 403 [0]
160 367 [5]
48 484 [0]
50 477 [5]
88 444 [0]
129 398 [5]
31 502 [0]
244 282 [7]
3 528 [2]
76 450 [7]
56 470 [7]
220 313 [0]
54 479 [0]
76 457 [0]
165 363 [5]
30 498 [5]
1 531 [2]
25 504 [5]
254 272 [8]
133 394 [7]
7 526 [2]
216 319 [0]
88 447 [0]
221 309 [5]
123 407 [5]
152 383 [0]
71 457 [7]
10 523 [2]
171 357 [7]
232 296 [7]
189 347 [0]
256 280 [0]
118 411 [7]
228 307 [1]
172 358 [7]
185 351 [1]
65 465 [7]
42 495 [0]
254 282 [1]
76 454 [7]
126 404 [7]
234 303 [0]
58 474 [5]
20 508 [9]
36 496 [5]
144 384 [9]
38 494 [5]
221 311 [5]
222 306 [9]
198 340 [0]
192 346 [0]
3 535 [0]
35 503 [0]
171 367 [0]
104 431 [3]
134 397 [7]
8 528 [2]
124 407 [7]
105 424 [9]
230 308 [0]
260 278 [0]
14 520 [5]
32 507 [0]
3 530 [6]
178 352 [9]
203 331 [5]
57 477 [5]
29 503 [7]
263 270 [7]
248 292 [0]
9 531 [0]
59 476 [5]
206 334 [0]
184 351 [5]
169 364 [7]
250 290 [0]
215 320 [5]
188 353 [0]
247 294 [0]
75 459 [7]
243 291 [7]
225 315 [1]
88 446 [7]
187 345 [9]
52 490 [0]
28 514 [0]
34 508 [0]
195 340 [7]
4 536 [2]
217 318 [7]
26 511 [5]
162 373 [7]
3 533 [6]
265 270 [7]
33 502 [7]
79 456 [7]
63 480 [0]
79 464 [0]
237 299 [7]
32 509 [2]
108 430 [5]
80 458 [5]
221 323 [0]
70 467 [7]
46 496 [2]
126 411 [7]
128 417 [0]
4 541 [0]
253 292 [0]
78 460 [7]
241 303 [1]
222 316 [7]
43 501 [2]
1 540 [5]
82 462 [2]
261 284 [1]
213 324 [9]
79 467 [0]
163 383 [0]
255 292 [0]
123 424 [0]
262 285 [0]
7 540 [0]
107 435 [5]
234 313 [0]
267 281 [0]
109 434 [5]
1 545 [2]
194 354 [0]
94 447 [7]
2 541 [5]
162 381 [5]
139 402 [7]
188 352 [8]
132 414 [2]
118 426 [5]
84 465 [0]
239 310 [0]
125 417 [7]
115 431 [3]
108 439 [2]
189 360 [0]
243 306 [0]
12 532 [5]
70 480 [0]
6 544 [0]
43 507 [0]
252 298 [0]
144 406 [0]
51 492 [7]
26 519 [5]
62 489 [0]
10 541 [0]
123 419 [9]
8 537 [6]
242 304 [5]
24 527 [0]
25 526 [0]
127 424 [0]
39 507 [5]
207 345 [0]
3 549 [0]
88 464 [0]
28 522 [2]
106 446 [0]
140 407 [5]
90 457 [5]
85 460 [7]
78 465 [9]
114 438 [0]
26 521 [5]
140 412 [0]
35 515 [2]
54 491 [7]
268 282 [2]
179 366 [7]
40 513 [0]
6 547 [0]
35 518 [0]
34 512 [7]
81 463 [9]
134 414 [5]
175 371 [7]
177 376 [0]
95 453 [5]
95 452 [7]
70 477 [7]
111 438 [5]
165 382 [7]
6 543 [5]
87 467 [0]
194 357 [3]
213 334 [7]
41 506 [7]
206 348 [0]
174 373 [7]
146 401 [7]
95 458 [2]
139 411 [5]
21 534 [0]
2 547 [6]
188 367 [0]
49 501 [5]
208 342 [5]
35 520 [0]
206 349 [0]
180 369 [7]
274 282 [0]
88 459 [9]
18 536 [2]
209 338 [9]
268 286 [2]
275 281 [0]
157 392 [7]
40 517 [0]
271 286 [0]
146 404 [7]
154 396 [7]
188 360 [9]
21 531 [5]
168 380 [9]
133 418 [7]
202 349 [7]
39 512 [7]
72 486 [0]
134 417 [7]
83 475 [0]
5 551 [2]
93 465 [0]
2 557 [0]
71 488 [0]
72 487 [0]
147 407 [5]
12 540 [7]
25 529 [5]
48 512 [0]
65 488 [7]
195 358 [7]
87 464 [9]
59 499 [2]
95 466 [0]
69 492 [0]
29 525 [7]
136 425 [0]
257 304 [0]
157 399 [5]
20 536 [5]
10 546 [5]
84 478 [0]
115 447 [0]
1 561 [0]
171 388 [3]
24 531 [7]
268 292 [2]
15 540 [7]
68 485 [9]
164 391 [7]
225 337 [0]
2 558 [2]
50 505 [7]
50 507 [5]
219 343 [0]
237 326 [0]
21 542 [0]
22 541 [0]
52 511 [0]
168 395 [0]
268 288 [7]
261 302 [0]
223 341 [0]
249 315 [0]
78 477 [9]
36 523 [5]
136 419 [9]
216 339 [9]
214 350 [0]
49 512 [3]
265 299 [0]
63 502 [0]
36 529 [0]
33 525 [7]
117 441 [7]
235 330 [0]
39 524 [2]
280 284 [1]
131 434 [0]
179 381 [5]
163 395 [7]
71 487 [7]
56 502 [7]
176 389 [0]
202 363 [0]
194 364 [8]
163 396 [7]
193 364 [9]
89 472 [5]
267 299 [0]
196 361 [9]
174 385 [7]
212 345 [9]
163 404 [0]
4 563 [0]
35 532 [0]
229 329 [9]
37 530 [0]
44 523 [0]
99 468 [0]
240 327 [0]
127 435 [5]
187 373 [7]
146 412 [9]
146 422 [0]
261 307 [0]
7 559 [2]
66 497 [5]
7 557 [5]
64 500 [5]
7 562 [0]
67 502 [0]
61 503 [5]
46 518 [5]
177 392 [0]
222 340 [7]
21 543 [5]
156 407 [7]
33 537 [0]
180 381 [9]
279 291 [0]
137 426 [7]
201 369 [0]
242 328 [0]
5 560 [5]
116 447 [7]
10 561 [0]
47 519 [5]
54 515 [2]
193 378 [0]
33 531 [7]
246 326 [0]
228 337 [7]
50 522 [0]
55 517 [0]
54 516 [2]
70 502 [0]
73 499 [0]
75 497 [0]
94 471 [7]
279 293 [0]
19 548 [5]
93 480 [0]
151 422 [0]
99 467 [7]
179 394 [0]
36 532 [5]
217 351 [5]
17 555 [2]
99 475 [0]
206 368 [0]
16 556 [2]
23 546 [5]
259 310 [5]
7 561 [6]
145 421 [8]
183 382 [9]
53 513 [9]
5 570 [0]
125 450 [0]
236 339 [0]
192 374 [9]
214 356 [5]
76 494 [5]
34 536 [5]
257 313 [5]
19 551 [5]
48 528 [0]
122 447 [7]
232 344 [0]
113 458 [5]
175 396 [5]
269 307 [0]
7 567 [2]
124 453 [0]
3 574 [0]
29 548 [0]
194 374 [9]
192 385 [0]
204 372 [1]
236 336 [5]
19 553 [5]
5 567 [5]
258 319 [0]
148 423 [7]
90 488 [0]
33 545 [0]
73 505 [0]
117 454 [7]
205 366 [7]
50 523 [5]
232 346 [0]
286 287 [5]
27 544 [7]
12 562 [5]
247 332 [0]
41 538 [0]
29 541 [9]
284 295 [0]
237 333 [9]
3 567 [9]
237 341 [1]
16 558 [5]
35 542 [2]
93 487 [0]
60 520 [0]
85 495 [0]
102 478 [0]
220 352 [8]
87 486 [7]
220 353 [7]
212 359 [9]
249 331 [0]
162 409 [9]
148 425 [7]
2 576 [2]
286 295 [0]
41 540 [0]
243 329 [9]
2 579 [0]
161 413 [7]
231 350 [0]
234 347 [0]
147 429 [5]
287 295 [0]
25 557 [0]
149 426 [7]
3 579 [0]
106 476 [0]
118 464 [0]
135 447 [0]
89 494 [0]
0 583 [0]
30 553 [0]
110 473 [0]
290 293 [0]
287 294 [2]
194 389 [0]
146 428 [9]
10 568 [5]
15 569 [0]
242 333 [9]
280 304 [0]
206 371 [7]
152 425 [7]
92 486 [7]
12 573 [0]
234 351 [0]
165 420 [0]
114 466 [5]
139 441 [5]
256 329 [0]
235 350 [0]
262 314 [9]
182 394 [9]
260 325 [0]
3 580 [2]
43 543 [0]
3 583 [0]
99 487 [0]
112 474 [0]
126 451 [9]
151 430 [5]
90 494 [2]
155 431 [0]
256 330 [0]
55 526 [5]
26 553 [7]
87 491 [9]
2 585 [0]
85 502 [0]
126 461 [0]
206 381 [0]
284 302 [1]
0 585 [2]
181 407 [0]
36 552 [0]
108 480 [0]
205 374 [9]
111 477 [0]
257 331 [0]
276 313 [0]
286 303 [0]
216 366 [7]
290 294 [5]
127 455 [7]
81 508 [0]
95 487 [7]
213 369 [7]
20 570 [0]
264 319 [7]
245 338 [7]
227 362 [1]
4 584 [2]
59 531 [0]
220 361 [9]
15 570 [5]
140 445 [5]
13 572 [5]
63 520 [7]
211 370 [9]
133 450 [7]
291 300 [0]
7 582 [2]
16 569 [6]
227 355 [9]
80 502 [9]
59 525 [7]
227 357 [7]
286 298 [7]
246 344 [1]
254 329 [9]
58 529 [5]
98 487 [7]
239 344 [9]
229 356 [7]
248 343 [1]
222 371 [0]
233 360 [0]
151 435 [7]
267 317 [9]
2 586 [5]
20 568 [5]
284 310 [0]
149 445 [0]
157 428 [9]
124 461 [9]
67 522 [5]
32 558 [5]
7 588 [0]
285 310 [0]
118 470 [7]
32 563 [0]
37 558 [0]
15 581 [0]
4 592 [0]
107 489 [0]
235 354 [7]
280 316 [0]
193 394 [9]
97 492 [7]
23 571 [2]
282 314 [0]
219 377 [0]
3 589 [5]
22 575 [0]
260 329 [8]
94 503 [0]
49 539 [9]
154 443 [0]
170 419 [8]
205 383 [9]
127 466 [5]
21 577 [0]
38 553 [7]
148 441 [9]
275 316 [7]
251 340 [7]
181 410 [7]
195 396 [7]
293 296 [9]
241 356 [1]
243 348 [7]
72 520 [7]
0 599 [0]
108 484 [7]
213 386 [0]
155 439 [5]
50 549 [0]
105 494 [0]
235 364 [0]
35 559 [5]
58 536 [5]
179 420 [0]
158 432 [9]
39 555 [5]
38 554 [7]
252 339 [8]
113 477 [9]
262 338 [0]
103 497 [0]
148 443 [9]
26 574 [0]
72 523 [5]
279 312 [9]
102 493 [5]
25 570 [5]
59 536 [5]
124 477 [0]
140 461 [0]
226 368 [7]
233 359 [9]
74 520 [7]
198 396 [7]
62 531 [9]
3 599 [0]
4 598 [0]
251 350 [1]
56 539 [7]
40 555 [7]
16 581 [5]
36 566 [0]
103 490 [9]
263 332 [7]
198 404 [0]
12 581 [9]
151 444 [7]
12 585 [5]
119 474 [9]
39 561 [2]
210 383 [9]
92 503 [7]
110 486 [7]
0 603 [0]
235 359 [9]
256 338 [9]
98 505 [0]
148 448 [7]
152 444 [7]
258 345 [0]
131 464 [8]
198 406 [0]
118 479 [7]
41 558 [5]
192 403 [9]
261 342 [1]
43 562 [0]
88 517 [0]
66 532 [7]
96 509 [0]
3 597 [5]
298 307 [0]
124 481 [0]
9 589 [7]
142 454 [9]
171 425 [9]
56 550 [0]
19 587 [0]
59 542 [5]
62 542 [2]
67 534 [5]
82 517 [7]
17 589 [0]
42 564 [0]
25 576 [5]
66 540 [0]
276 330 [0]
123 483 [0]
134 472 [0]
71 528 [7]
268 338 [0]
26 573 [7]
106 494 [7]
9 593 [5]
15 592 [0]
189 409 [9]
171 428 [8]
210 390 [7]
89 511 [7]
52 555 [0]
4 601 [2]
195 413 [0]
61 547 [0]
247 352 [9]
65 538 [5]
63 545 [0]
68 535 [5]
69 539 [0]
28 573 [7]
145 463 [0]
44 559 [5]
105 495 [8]
248 361 [0]
2 607 [0]
110 492 [7]
233 376 [0]
296 313 [0]
41 563 [5]
227 381 [1]
131 469 [9]
28 574 [7]
199 402 [8]
28 576 [5]
65 544 [0]
148 452 [9]
106 504 [0]
134 476 [0]
177 433 [0]
102 501 [7]
198 412 [0]
78 523 [9]
212 398 [0]
40 563 [7]
7 601 [2]
258 352 [0]
135 476 [0]
231 380 [0]
57 554 [0]
12 594 [5]
117 491 [3]
11 598 [2]
166 445 [0]
217 394 [0]
51 557 [3]
6 601 [5]
213 399 [0]
44 568 [0]
4 603 [5]
269 343 [0]
42 569 [2]
251 362 [0]
178 435 [0]
253 360 [0]
201 403 [9]
284 322 [7]
18 591 [5]
224 390 [0]
34 580 [0]
168 446 [0]
125 480 [9]
164 443 [7]
32 580 [2]
22 587 [5]
15 594 [5]
155 460 [0]
168 447 [0]
277 338 [0]
192 415 [8]
65 543 [7]
271 344 [0]
46 565 [5]
16 600 [0]
32 584 [0]
3 608 [5]
127 482 [7]
92 519 [5]
127 484 [5]
111 505 [0]
237 370 [9]
247 369 [0]
305 311 [0]
280 337 [0]
45 572 [0]
286 331 [0]
47 570 [0]
167 441 [9]
68 540 [9]
195 422 [0]
302 315 [0]
75 542 [0]
99 518 [0]
138 471 [8]
179 438 [0]
191 427 [0]
12 606 [0]
3 610 [5]
8 610 [0]
213 405 [0]
238 371 [9]
206 412 [0]
14 595 [9]
300 319 [0]
231 388 [0]
88 524 [7]
299 312 [8]
130 482 [7]
115 497 [7]
19 598 [2]
53 557 [9]
194 426 [0]
125 495 [0]
286 325 [9]
4 614 [2]
138 474 [8]
257 355 [8]
2 612 [6]
111 504 [5]
285 336 [0]
239 382 [0]
229 392 [0]
153 461 [7]
5 614 [2]
52 569 [0]
292 322 [7]
86 535 [0]
45 571 [5]
97 524 [0]
1 621 [0]
85 537 [0]
299 315 [9]
57 559 [7]
0 621 [2]
25 591 [7]
84 539 [0]
292 330 [1]
265 355 [3]
143 480 [0]
133 483 [7]
230 384 [9]
244 371 [8]
237 377 [9]
35 583 [5]
2 616 [5]
111 506 [7]
76 539 [9]
18 606 [0]
133 484 [7]
21 603 [0]
269 347 [8]
232 392 [0]
6 611 [7]
13 607 [5]
283 342 [0]
83 535 [7]
59 566 [0]
139 481 [5]
1 622 [2]
108 510 [7]
44 576 [5]
126 490 [9]
238 388 [0]
2 624 [0]
135 491 [0]
246 379 [1]
154 472 [0]
37 582 [7]
54 567 [5]
12 609 [5]
176 451 [0]
78 549 [0]
242 378 [7]
202 416 [9]
179 442 [7]
61 562 [5]
26 602 [0]
57 564 [7]
197 422 [9]
16 607 [5]
29 590 [9]
81 542 [5]
292 329 [7]
61 560 [7]
153 476 [0]
209 412 [8]
101 520 [8]
94 530 [5]
4 626 [0]
113 517 [0]
32 593 [5]
193 430 [7]
220 410 [0]
274 356 [0]
29 602 [0]
245 381 [5]
127 497 [7]
314 317 [0]
3 626 [2]
211 411 [9]
17 605 [9]
79 544 [9]
7 623 [2]
264 368 [0]
229 396 [7]
160 463 [9]
78 547 [7]
137 488 [7]
302 330 [0]
19 608 [5]
191 435 [7]
22 611 [0]
0 628 [5]
24 609 [0]
30 598 [5]
5 619 [9]
186 440 [7]
215 409 [9]
210 415 [9]
7 625 [2]
113 521 [0]
197 430 [7]
267 359 [8]
6 619 [9]
224 403 [7]
150 477 [7]
108 527 [0]
21 607 [7]
145 491 [0]
6 630 [0]
15 621 [0]
96 533 [7]
215 421 [0]
4 627 [5]
223 413 [0]
179 448 [9]
8 626 [2]
235 401 [0]
299 338 [0]
36 601 [0]
193 439 [5]
93 541 [3]
3 629 [5]
108 522 [7]
292 338 [7]
11 621 [5]
23 605 [9]
229 408 [0]
27 603 [7]
12 620 [5]
178 459 [0]
246 382 [9]
29 609 [0]
259 379 [0]
316 322 [0]
6 627 [5]
13 616 [9]
30 602 [7]
65 574 [0]
16 623 [0]
26 606 [7]
11 626 [2]
203 436 [0]
68 569 [2]
114 526 [0]
9 631 [0]
145 487 [8]
35 600 [5]
42 591 [7]
243 390 [7]
211 420 [9]
54 579 [7]
88 549 [3]
247 393 [0]
12 623 [5]
212 429 [0]
269 364 [8]
66 575 [0]
111 530 [0]
286 350 [5]
190 442 [9]
225 407 [9]
13 619 [9]
293 348 [0]
153 489 [0]
93 549 [0]
234 408 [0]
114 523 [5]
185 448 [9]
83 552 [7]
99 536 [7]
200 433 [9]
256 379 [7]
179 458 [5]
40 595 [7]
28 609 [5]
0 643 [0]
21 622 [0]
45 589 [9]
214 420 [9]
6 638 [0]
16 619 [9]
188 448 [8]
156 480 [8]
85 552 [7]
273 371 [0]
186 453 [5]
190 446 [9]
322 323 [0]
141 499 [5]
313 325 [7]
283 353 [9]
5 641 [0]
22 624 [0]
27 614 [5]
48 591 [7]
6 635 [5]
107 531 [9]
2 645 [0]
37 610 [0]
42 605 [0]
284 356 [7]
235 403 [9]
36 604 [7]
187 453 [7]
5 633 [9]
66 574 [7]
41 601 [5]
312 335 [0]
199 448 [0]
19 629 [0]
242 406 [0]
46 597 [5]
191 448 [9]
233 414 [1]
107 537 [5]
235 414 [0]
35 609 [5]
242 407 [0]
105 541 [3]
205 435 [9]
105 545 [0]
35 615 [0]
90 555 [5]
183 467 [0]
65 580 [5]
128 513 [9]
247 394 [9]
18 627 [5]
63 578 [9]
85 566 [0]
66 585 [0]
75 567 [9]
141 510 [0]
309 342 [0]
299 352 [0]
252 390 [9]
303 348 [0]
1 641 [9]
266 385 [0]
138 512 [1]
194 455 [3]
100 552 [0]
19 633 [0]
215 437 [0]
270 382 [0]
252 392 [8]
2 648 [2]
41 604 [7]
275 378 [0]
4 649 [0]
321 332 [0]
303 350 [0]
284 361 [8]
11 640 [2]
185 468 [0]
196 457 [0]
221 432 [0]
117 537 [0]
307 347 [0]
49 596 [9]
14 633 [7]
223 424 [7]
287 362 [5]
102 543 [9]
297 357 [0]
88 561 [5]
222 423 [9]
53 602 [0]
297 358 [0]
204 451 [0]
45 603 [7]
52 596 [7]
320 336 [0]
9 647 [0]
88 559 [9]
55 601 [0]
133 514 [9]
289 358 [9]
105 548 [3]
222 425 [9]
83 564 [9]
224 425 [7]
96 557 [3]
114 537 [5]
109 538 [9]
309 348 [0]
35 622 [0]
197 453 [7]
323 334 [0]
36 621 [0]
73 584 [0]
153 504 [0]
249 408 [0]
153 495 [9]
7 645 [5]
317 340 [0]
101 557 [0]
279 370 [9]
27 626 [5]
252 406 [0]
248 403 [7]
246 403 [9]
85 564 [9]
244 414 [0]
283 367 [9]
10 649 [0]
17 640 [2]
210 449 [0]
255 404 [0]
191 468 [0]
299 361 [0]
135 516 [9]
209 443 [8]
293 358 [9]
149 502 [9]
42 613 [5]
271 380 [9]
65 588 [7]
161 500 [0]
21 633 [7]
296 365 [0]
183 470 [8]
237 424 [0]
157 495 [9]
24 631 [7]
89 573 [0]
148 506 [8]
235 418 [9]
280 381 [1]
231 431 [0]
283 379 [0]
8 655 [0]
135 528 [0]
127 527 [9]
155 501 [7]
46 610 [7]
171 484 [8]
322 333 [8]
1 657 [5]
285 370 [8]
77 586 [0]
79 581 [3]
98 565 [0]
141 522 [0]
28 630 [5]
144 519 [0]
0 659 [5]
39 620 [5]
48 607 [9]
44 615 [5]
106 549 [9]
17 638 [9]
10 645 [9]
83 582 [0]
35 625 [5]
130 535 [0]
173 492 [0]
101 555 [9]
328 337 [0]
246 410 [9]
178 485 [3]
202 464 [0]
240 422 [4]
2 662 [2]
99 567 [0]
266 400 [0]
78 589 [0]
42 625 [0]
228 439 [0]
209 450 [8]
111 556 [0]
23 639 [5]
113 554 [0]
31 631 [5]
332 335 [0]
293 365 [9]
304 356 [7]
229 429 [9]
22 646 [0]
133 535 [0]
226 435 [7]
10 653 [5]
189 470 [9]
3 656 [9]
100 559 [9]
6 657 [5]
262 402 [4]
190 470 [8]
68 591 [9]
143 518 [7]
6 663 [0]
1 668 [0]
4 665 [0]
91 575 [3]
318 342 [9]
233 427 [9]
83 578 [8]
202 459 [8]
186 476 [7]
245 417 [7]
110 550 [9]
178 489 [3]
7 663 [0]
150 520 [0]
127 538 [5]
180 490 [0]
69 594 [7]
316 354 [0]
94 567 [9]
212 451 [8]
43 623 [5]
13 658 [0]
84 578 [9]
318 353 [0]
159 503 [9]
327 344 [0]
143 521 [7]
119 553 [0]
276 396 [0]
144 520 [8]
64 605 [3]
227 438 [7]
190 483 [0]
127 539 [7]
68 596 [9]
297 376 [0]
3 661 [9]
40 626 [7]
4 670 [0]
248 417 [9]
198 476 [0]
44 630 [0]
296 378 [0]
63 611 [0]
257 409 [8]
64 610 [0]
76 598 [0]
87 578 [9]
141 533 [0]
97 568 [9]
98 576 [0]
196 478 [0]
280 387 [7]
42 633 [0]
10 665 [0]
13 662 [0]
17 653 [5]
6 664 [5]
260 415 [0]
141 525 [9]
196 471 [8]
130 545 [0]
230 438 [7]
295 380 [0]
234 433 [8]
51 615 [9]
116 552 [7]
218 457 [0]
258 408 [9]
261 415 [0]
17 659 [0]
198 478 [0]
8 659 [9]
12 664 [0]
70 597 [9]
2 669 [5]
48 621 [7]
198 469 [9]
86 585 [5]
190 478 [8]
123 553 [0]
139 537 [0]
41 628 [7]
313 363 [0]
109 558 [9]
164 504 [9]
234 443 [0]
284 393 [0]
263 414 [0]
53 618 [7]
104 574 [0]
26 652 [0]
113 556 [9]
69 609 [0]
141 537 [0]
281 388 [9]
99 570 [9]
311 359 [8]
33 636 [9]
88 588 [3]
162 510 [7]
253 426 [0]
68 602 [9]
43 631 [5]
135 544 [0]
16 654 [9]
173 507 [0]
296 384 [0]
69 602 [9]
10 661 [9]
2 678 [0]
213 459 [8]
133 542 [5]
78 602 [0]
7 669 [5]
44 637 [0]
269 409 [3]
76 605 [0]
254 418 [9]
3 676 [2]
288 393 [0]
141 531 [9]
9 665 [7]
45 637 [0]
18 664 [0]
49 624 [9]
82 591 [9]
63 612 [7]
152 527 [3]
227 446 [9]
166 509 [7]
239 443 [0]
84 589 [9]
70 610 [3]
279 404 [0]
112 562 [9]
103 577 [3]
34 649 [0]
312 371 [0]
59 617 [7]
154 522 [7]
324 350 [9]
200 474 [9]
60 617 [7]
10 674 [0]
222 453 [9]
91 593 [0]
110 569 [5]
52 625 [7]
266 417 [1]
10 670 [5]
155 521 [9]
255 430 [0]
1 679 [5]
182 504 [0]
58 628 [0]
111 575 [0]
64 615 [7]
245 434 [7]
162 517 [7]
136 550 [0]
71 606 [9]
334 343 [9]
93 584 [9]
150 529 [7]
47 632 [7]
227 459 [0]
206 471 [9]
170 516 [0]
203 474 [9]
198 479 [9]
36 643 [7]
121 566 [0]
2 685 [0]
24 654 [9]
51 636 [0]
261 426 [0]
45 635 [7]
282 405 [0]
139 541 [7]
320 367 [0]
239 440 [8]
106 582 [0]
108 580 [0]
300 388 [0]
308 380 [0]
306 382 [0]
153 530 [5]
23 660 [5]
83 597 [9]
332 357 [0]
232 449 [8]
304 378 [7]
87 595 [7]
2 682 [5]
303 386 [0]
18 666 [5]
161 529 [0]
310 380 [0]
30 653 [7]
223 459 [8]
232 450 [8]
36 647 [7]
162 529 [0]
255 436 [0]
174 510 [7]
34 650 [7]
26 656 [9]
97 586 [9]
21 671 [0]
180 504 [8]
341 351 [0]
85 604 [3]
116 573 [3]
187 496 [9]
201 482 [9]
53 640 [0]
18 675 [0]
120 564 [9]
143 543 [7]
29 661 [3]
215 478 [0]
178 516 [0]
20 674 [0]
56 638 [0]
53 638 [3]
52 637 [5]
275 414 [5]
123 571 [0]
233 452 [9]
171 523 [0]
127 560 [7]
231 463 [0]
152 534 [9]
247 448 [0]
193 502 [0]
236 450 [9]
0 686 [9]
302 393 [0]
156 530 [9]
269 418 [8]
245 441 [9]
108 578 [9]
270 425 [0]
28 668 [0]
6 690 [0]
18 678 [0]
253 443 [0]
44 647 [5]
6 685 [5]
12 679 [5]
295 393 [8]
264 433 [0]
2 695 [0]
57 633 [7]
273 424 [0]
301 396 [0]
291 407 [0]
96 602 [0]
46 652 [0]
21 677 [0]
12 677 [9]
274 424 [0]
73 617 [9]
307 384 [8]
42 657 [0]
34 665 [0]
230 462 [7]
146 553 [0]
156 540 [3]
209 490 [0]
168 522 [9]
114 586 [0]
4 691 [5]
74 626 [0]
172 521 [7]
271 421 [8]
331 369 [0]
101 591 [8]
265 427 [8]
236 455 [9]
269 431 [0]
272 428 [0]
240 460 [0]
7 694 [0]
44 657 [0]
314 387 [0]
57 641 [3]
98 594 [9]
141 551 [9]
246 446 [9]
98 604 [0]
265 437 [0]
298 404 [0]
195 500 [7]
0 693 [9]
247 446 [9]
237 456 [9]
307 388 [7]
94 599 [9]
154 540 [8]
33 660 [9]
4 699 [0]
277 426 [0]
194 506 [3]
75 621 [7]
124 570 [9]
31 672 [0]
142 561 [0]
8 690 [5]
53 651 [0]
174 521 [9]
56 648 [0]
70 625 [9]
198 506 [0]
96 599 [9]
317 387 [0]
0 695 [9]
139 566 [0]
105 600 [0]
243 454 [8]
139 559 [7]
97 605 [3]
13 687 [5]
203 502 [0]
323 374 [8]
313 393 [0]
4 702 [0]
131 567 [8]
163 543 [0]
70 627 [9]
106 600 [0]
329 377 [0]
2 699 [5]
141 565 [0]
84 619 [3]
130 568 [8]
328 379 [0]
93 614 [0]
20 687 [0]
155 543 [9]
25 682 [0]
78 620 [9]
101 605 [1]
352 355 [0]
181 517 [9]
28 678 [2]
278 430 [0]
270 429 [9]
301 407 [0]
13 690 [5]
306 402 [1]
143 566 [0]
53 649 [7]
197 503 [9]
282 418 [9]
124 576 [9]
149 551 [9]
113 587 [9]
308 401 [0]
27 675 [7]
71 629 [9]
105 605 [0]
220 481 [9]
27 678 [5]
84 617 [9]
142 569 [0]
63 639 [9]
79 623 [9]
316 388 [7]
3 703 [5]
101 602 [8]
170 532 [9]
254 449 [8]
109 593 [9]
119 593 [0]
144 568 [0]
193 519 [0]
48 657 [7]
114 591 [7]
159 544 [9]
108 595 [9]
341 364 [8]
43 670 [0]
97 609 [7]
2 706 [5]
51 653 [9]
21 685 [7]
25 683 [5]
238 475 [0]
290 423 [0]
313 391 [9]
280 434 [0]
317 397 [0]
89 625 [0]
328 377 [9]
180 534 [0]
133 572 [9]
217 497 [0]
214 501 [0]
86 629 [0]
12 696 [7]
10 700 [5]
281 434 [0]
104 611 [0]
215 493 [7]
119 587 [9]
267 448 [0]
137 571 [7]
243 473 [0]
74 642 [0]
11 705 [0]
3 704 [9]
176 531 [9]
348 359 [9]
153 563 [0]
0 711 [5]
233 475 [8]
83 634 [0]
318 399 [0]
112 597 [8]
57 651 [9]
273 444 [0]
263 445 [9]
100 617 [0]
73 641 [3]
166 551 [0]
36 672 [9]
21 689 [7]
250 464 [3]
254 455 [8]
215 502 [0]
26 685 [7]
1 717 [0]
3 710 [5]
141 574 [3]
2 711 [5]
349 369 [0]
106 603 [9]
27 684 [7]
79 639 [0]
47 664 [7]
114 604 [0]
284 434 [0]
147 569 [2]
143 568 [7]
277 441 [0]
4 710 [5]
2 712 [5]
40 670 [9]
206 512 [1]
31 683 [5]
333 378 [8]
331 385 [3]
266 453 [0]
275 444 [0]
126 584 [9]
59 655 [5]
49 671 [0]
105 615 [0]
2 713 [5]
36 677 [7]
259 452 [9]
56 661 [3]
170 551 [0]
220 501 [0]
321 400 [0]
76 636 [9]
253 469 [0]
96 626 [0]
131 583 [8]
207 507 [8]
140 582 [0]
2 715 [5]
155 558 [9]
270 445 [7]
267 447 [8]
161 552 [9]
315 407 [0]
58 657 [7]
217 496 [9]
36 679 [7]
115 600 [7]
6 717 [0]
3 720 [0]
213 510 [0]
58 658 [7]
280 443 [0]
147 567 [9]
96 618 [9]
97 617 [9]
45 675 [3]
20 703 [0]
83 633 [8]
3 721 [0]
112 604 [8]
329 392 [3]
5 719 [0]
191 525 [8]
52 667 [5]
4 711 [9]
14 703 [7]
213 512 [0]
2 723 [0]
254 471 [0]
165 551 [9]
163 554 [8]
21 697 [7]
95 621 [9]
106 616 [3]
281 441 [3]
255 470 [0]
320 397 [8]
39 679 [7]
345 380 [0]
176 542 [7]
250 466 [9]
226 491 [8]
79 638 [8]
40 686 [0]
34 692 [0]
337 389 [0]
55 666 [5]
297 429 [0]
291 435 [0]
54 665 [7]
66 660 [0]
35 684 [7]
312 411 [3]
81 642 [3]
175 543 [9]
341 386 [0]
70 657 [0]
186 534 [7]
14 706 [7]
29 695 [3]
294 424 [9]
273 450 [4]
75 643 [9]
360 367 [0]
196 522 [9]
151 574 [3]
2 721 [5]
67 661 [0]
74 651 [3]
168 557 [3]
264 456 [8]
223 496 [9]
104 624 [0]
356 372 [0]
183 545 [0]
97 622 [9]
281 444 [3]
238 490 [0]
69 656 [3]
227 502 [0]
216 513 [0]
221 501 [7]
217 503 [9]
331 398 [0]
272 457 [0]
0 724 [5]
59 671 [0]
22 708 [0]
42 681 [7]
69 661 [0]
167 560 [3]
9 714 [7]
281 449 [0]
199 531 [0]
248 482 [0]
270 453 [7]
9 722 [0]
2 729 [0]
10 713 [8]
6 725 [0]
101 622 [8]
128 603 [0]
184 538 [9]
329 402 [0]
337 394 [0]
55 669 [7]
212 510 [9]
324 407 [0]
266 466 [0]
314 418 [0]
318 414 [0]
351 381 [0]
308 420 [4]
183 546 [3]
50 678 [5]
0 728 [5]
179 546 [8]
94 630 [9]
317 416 [0]
355 378 [0]
26 700 [7]
263 467 [3]
358 375 [0]
215 519 [0]
15 719 [0]
249 477 [8]
293 433 [8]
83 643 [8]
19 715 [0]
246 480 [8]
36 698 [0]
106 628 [0]
223 511 [0]
199 527 [8]
174 551 [9]
130 596 [8]
100 625 [9]
261 473 [0]
180 547 [8]
170 557 [8]
48 687 [0]
120 615 [0]
55 671 [9]
6 720 [9]
175 560 [0]
193 533 [9]
15 713 [7]
315 412 [8]
200 535 [0]
48 681 [7]
2 734 [0]
264 472 [0]
238 498 [0]
138 598 [0]
144 592 [0]
340 396 [0]
318 410 [8]
300 428 [8]
128 600 [9]
191 546 [0]
17 720 [0]
147 590 [0]
281 448 [8]
244 490 [3]
96 632 [9]
259 470 [8]
246 482 [9]
213 515 [9]
171 559 [8]
1 737 [0]
12 726 [0]
11 722 [5]
134 595 [9]
158 580 [0]
1 732 [5]
80 649 [9]
74 661 [3]
167 571 [0]
255 481 [3]
59 680 [0]
49 681 [9]
2 737 [0]
24 706 [9]
18 721 [0]
188 551 [0]
212 527 [0]
132 601 [7]
44 696 [0]
284 456 [0]
220 511 [9]
127 606 [7]
155 577 [8]
58 683 [0]
101 632 [8]
289 443 [9]
183 550 [8]
15 721 [5]
28 708 [5]
100 638 [3]
163 579 [0]
298 436 [8]
255 483 [4]
45 694 [3]
219 520 [3]
180 555 [8]
12 731 [0]
33 710 [0]
362 381 [0]
299 441 [3]
2 739 [2]
182 553 [8]
331 403 [9]
60 683 [0]
20 718 [5]
338 400 [6]
21 723 [0]
115 622 [7]
26 718 [0]
130 606 [8]
201 540 [3]
64 673 [7]
89 649 [7]
36 709 [0]
45 691 [9]
147 598 [0]
250 491 [4]
70 666 [9]
41 697 [7]
4 739 [2]
351 394 [0]
0 740 [5]
207 529 [9]
63 673 [9]
262 476 [8]
11 735 [0]
44 695 [7]
228 518 [0]
250 487 [9]
12 735 [0]
5 742 [0]
341 406 [0]
125 613 [9]
302 437 [8]
59 681 [7]
373 374 [0]
357 390 [0]
119 629 [0]
166 582 [0]
55 686 [7]
92 649 [7]
89 659 [0]
10 733 [5]
178 570 [0]
183 565 [0]
188 560 [0]
172 571 [5]
242 507 [0]
111 638 [0]
218 523 [8]
223 518 [8]
6 734 [9]
294 446 [9]
12 728 [9]
282 464 [3]
351 389 [9]
364 380 [5]
44 698 [7]
284 466 [0]
18 732 [0]
121 629 [0]
31 714 [5]
55 690 [5]
128 622 [0]
64 677 [9]
231 519 [0]
151 590 [9]
112 630 [8]
208 534 [8]
110 631 [9]
372 379 [0]
281 470 [0]
22 720 [9]
307 436 [8]
283 462 [7]
357 388 [7]
39 708 [5]
160 583 [9]
251 501 [0]
265 484 [3]
210 534 [8]
279 470 [3]
332 420 [0]
131 612 [9]
134 610 [8]
336 408 [8]
70 683 [0]
4 749 [0]
30 723 [0]
70 676 [7]
25 721 [7]
321 431 [1]
217 536 [0]
19 725 [9]
263 482 [8]
170 575 [8]
97 654 [3]
98 653 [3]
51 703 [0]
303 442 [9]
107 640 [7]
238 513 [3]
112 634 [8]
173 581 [0]
158 587 [9]
235 519 [0]
359 395 [0]
224 523 [7]
14 733 [7]
59 696 [0]
12 743 [0]
10 745 [0]
49 697 [9]
250 497 [8]
213 534 [8]
262 490 [3]
341 407 [7]
315 432 [8]
257 499 [0]
47 702 [7]
46 701 [9]
21 735 [0]
221 535 [0]
263 484 [9]
255 498 [3]
223 525 [8]
48 699 [9]
278 474 [4]
366 390 [0]
313 443 [0]
225 527 [4]
153 594 [9]
153 604 [0]
21 736 [0]
52 705 [0]
88 669 [0]
246 503 [8]
68 686 [3]
136 614 [7]
163 586 [8]
154 596 [8]
15 743 [0]
152 606 [0]
262 488 [8]
220 529 [9]
282 473 [3]
15 736 [7]
80 675 [3]
63 693 [3]
312 441 [6]
13 746 [0]
27 723 [9]
119 640 [0]
21 731 [7]
229 527 [3]
242 514 [3]
63 687 [9]
114 638 [7]
293 463 [3]
177 583 [0]
348 412 [0]
53 704 [3]
198 554 [8]
133 618 [9]
339 421 [0]
250 510 [0]
150 611 [0]
272 489 [0]
294 459 [8]
25 729 [7]
262 499 [0]
251 508 [3]
24 738 [0]
328 434 [0]
125 629 [8]
130 623 [9]
197 556 [9]
310 452 [0]
56 706 [0]
201 552 [9]
130 632 [0]
11 742 [9]
131 623 [8]
204 558 [0]
172 591 [0]
380 383 [0]
127 633 [3]
258 497 [8]
81 673 [9]
365 398 [0]
187 568 [8]
202 553 [8]
199 557 [8]
222 542 [0]
269 487 [8]
235 521 [8]
4 755 [5]
338 426 [0]
310 446 [8]
131 633 [1]
175 590 [0]
144 621 [0]
269 496 [0]
289 473 [3]
34 724 [7]
22 734 [9]
284 481 [0]
218 544 [3]
6 760 [0]
7 759 [0]
1 760 [5]
65 701 [0]
265 501 [0]
244 522 [0]
280 486 [0]
376 381 [9]
187 579 [0]
187 570 [9]
204 562 [0]
241 525 [0]
174 584 [9]
88 679 [0]
108 650 [9]
38 720 [9]
100 667 [0]
263 496 [8]
191 573 [3]
95 663 [9]
191 576 [0]
279 488 [0]
323 444 [0]
30 730 [7]
35 727 [5]
314 445 [8]
36 724 [7]
80 688 [0]
36 732 [0]
164 596 [8]
362 406 [0]
116 652 [0]
176 592 [0]
218 550 [0]
192 568 [8]
201 559 [8]
77 682 [9]
261 507 [0]
20 749 [0]
142 627 [0]
105 660 [4]
208 552 [9]
48 714 [7]
33 727 [9]
52 710 [7]
3 767 [0]
4 761 [5]
28 735 [7]
30 731 [9]
189 581 [0]
274 496 [0]
201 566 [3]
295 476 [0]
4 767 [0]
104 667 [0]
150 621 [0]
76 688 [7]
5 761 [5]
88 676 [7]
227 537 [7]
54 710 [7]
4 758 [9]
81 687 [3]
172 600 [0]
65 707 [0]
8 764 [0]
189 583 [0]
354 410 [8]
368 404 [0]
297 475 [0]
328 436 [8]
185 587 [0]
5 768 [0]
366 406 [1]
167 605 [1]
74 696 [3]
257 512 [4]
158 607 [8]
124 641 [8]
47 717 [9]
9 765 [0]
374 400 [0]
97 677 [0]
288 486 [0]
111 654 [9]
106 668 [0]
35 732 [7]
208 558 [8]
338 432 [4]
329 445 [0]
270 504 [0]
164 611 [0]
182 584 [9]
77 695 [3]
38 730 [7]
102 674 [0]
165 611 [0]
1 775 [0]
84 692 [0]
352 421 [3]
327 449 [0]
183 584 [9]
384 392 [0]
154 613 [9]
290 478 [8]
243 525 [8]
82 695 [0]
8 769 [0]
133 637 [7]
120 654 [3]
71 706 [0]
363 414 [0]
32 740 [5]
75 702 [0]
68 703 [7]
281 494 [3]
365 404 [9]
62 716 [0]
11 758 [9]
94 684 [0]
133 642 [3]
229 549 [0]
384 386 [8]
256 523 [0]
81 698 [0]
82 697 [0]
42 730 [7]
261 509 [9]
308 467 [4]
307 472 [0]
179 592 [8]
315 464 [0]
116 656 [8]
6 774 [0]
38 742 [0]
84 696 [0]
126 654 [0]
242 529 [9]
152 628 [0]
328 452 [0]
162 618 [0]
256 524 [0]
245 527 [8]
203 574 [3]
346 434 [0]
48 733 [0]
326 446 [9]
335 445 [1]
113 668 [0]
45 727 [9]
162 612 [7]
169 612 [0]
381 391 [9]
163 610 [8]
320 461 [0]
18 755 [9]
43 739 [0]
255 524 [3]
301 478 [3]
171 607 [4]
32 743 [7]
359 423 [0]
136 637 [9]
278 501 [3]
338 441 [3]
254 520 [8]
264 514 [4]
117 666 [0]
323 457 [3]
30 744 [9]
380 401 [2]
128 646 [9]
46 730 [7]
373 410 [0]
42 741 [0]
65 709 [9]
292 483 [8]
370 413 [0]
260 523 [0]
153 628 [3]
71 713 [0]
204 577 [3]
120 656 [8]
172 603 [9]
231 549 [4]
40 737 [7]
175 606 [3]
138 645 [1]
127 657 [0]
223 553 [8]
245 531 [8]
140 644 [0]
376 399 [9]
233 542 [9]
31 746 [7]
126 650 [8]
119 657 [8]
70 715 [0]
128 657 [0]
126 651 [8]
301 481 [3]
103 682 [0]
6 772 [7]
365 420 [0]
35 751 [0]
226 560 [0]
25 761 [0]
391 395 [0]
205 578 [3]
6 780 [0]
230 547 [9]
236 550 [0]
375 411 [0]
22 755 [9]
0 784 [2]
152 626 [9]
244 543 [0]
2 785 [0]
125 662 [0]
277 506 [4]
368 415 [4]
207 580 [0]
302 485 [0]
354 425 [8]
296 491 [0]
274 513 [0]
288 495 [4]
155 624 [8]
12 766 [9]
118 663 [7]
146 634 [8]
265 515 [8]
356 424 [8]
306 479 [3]
205 579 [4]
385 403 [0]
333 456 [0]
360 426 [3]
101 680 [8]
125 656 [8]
352 437 [0]
246 540 [3]
394 395 [0]
63 718 [9]
127 663 [0]
3 787 [0]
84 697 [9]
28 755 [7]
306 484 [0]
6 776 [8]
28 762 [0]
75 706 [9]
78 712 [0]
37 750 [3]
213 570 [8]
235 553 [3]
91 697 [3]
129 662 [0]
385 400 [6]
212 575 [4]
18 768 [5]
255 532 [4]
359 429 [3]
266 525 [0]
292 499 [0]
353 438 [0]
363 428 [0]
77 711 [3]
5 781 [5]
1 791 [0]
75 717 [0]
17 775 [0]
278 514 [0]
265 519 [8]
134 649 [9]
373 415 [4]
198 585 [9]
180 613 [0]
36 750 [7]
229 556 [8]
280 505 [8]
278 515 [0]
75 709 [9]
95 689 [9]
87 706 [0]
147 639 [7]
62 732 [0]
281 513 [0]
31 754 [9]
298 488 [8]
87 698 [9]
342 444 [8]
155 636 [3]
247 539 [8]
339 455 [0]
309 486 [0]
88 707 [0]
76 710 [9]
219 572 [4]
61 725 [9]
27 768 [0]
25 763 [7]
63 732 [0]
253 542 [0]
280 515 [0]
390 405 [0]
183 610 [3]
203 593 [0]
21 775 [0]
334 462 [0]
288 504 [4]
344 444 [8]
354 442 [0]
53 734 [9]
216 577 [3]
283 512 [1]
124 663 [9]
387 401 [8]
17 780 [0]
124 665 [8]
152 642 [3]
82 708 [7]
234 560 [3]
124 673 [0]
304 489 [4]
160 634 [3]
181 616 [0]
25 765 [7]
129 668 [0]
151 643 [3]
218 579 [0]
297 497 [3]
323 466 [8]
348 449 [0]
269 525 [3]
118 680 [0]
330 468 [0]
130 660 [8]
371 424 [3]
106 683 [9]
82 707 [9]
53 742 [3]
25 768 [5]
17 776 [5]
95 700 [3]
199 591 [8]
315 475 [8]
1 792 [5]
8 781 [9]
253 546 [0]
45 754 [0]
12 778 [9]
138 658 [3]
229 570 [0]
66 724 [9]
134 666 [0]
368 432 [0]
399 400 [1]
77 720 [3]
24 769 [7]
128 663 [9]
215 577 [8]
12 784 [5]
58 734 [9]
43 753 [5]
347 454 [0]
345 453 [3]
395 402 [4]
399 402 [0]
361 440 [0]
329 472 [0]
26 776 [0]
37 765 [0]
251 548 [3]
70 732 [0]
19 774 [9]
229 565 [8]
231 568 [3]
363 430 [9]
372 430 [0]
51 748 [3]
4 789 [9]
321 473 [8]
153 641 [8]
195 607 [0]
122 672 [8]
278 520 [4]
266 533 [3]
22 773 [7]
184 610 [8]
14 789 [0]
229 574 [0]
11 783 [9]
275 528 [0]
241 554 [8]
288 514 [1]
354 441 [8]
102 692 [9]
156 639 [8]
255 544 [4]
107 687 [9]
312 488 [3]
8 796 [0]
9 795 [0]
29 766 [9]
289 507 [8]
112 684 [8]
66 738 [0]
111 693 [0]
20 777 [7]
38 757 [9]
63 733 [9]
294 511 [0]
222 579 [4]
252 549 [4]
96 709 [0]
125 672 [8]
146 651 [8]
32 768 [5]
186 616 [3]
261 540 [4]
213 589 [3]
261 545 [0]
27 779 [0]
301 505 [0]
372 434 [0]
73 733 [0]
23 774 [9]
4 793 [9]
148 658 [0]
229 577 [0]
223 584 [0]
144 660 [3]
260 543 [4]
132 675 [0]
40 758 [9]
56 748 [3]
234 565 [8]
112 687 [8]
70 734 [3]
276 523 [8]
240 566 [1]
173 627 [8]
65 743 [0]
161 639 [8]
64 744 [0]
156 644 [8]
144 664 [0]
62 741 [5]
260 545 [3]
181 620 [8]
43 766 [0]
131 670 [8]
18 782 [9]
257 549 [3]
70 736 [3]
152 648 [9]
239 562 [8]
359 451 [0]
42 768 [0]
72 738 [0]
96 714 [0]
387 420 [3]
216 594 [0]
404 406 [0]
190 612 [8]
397 413 [0]
389 421 [0]
12 789 [9]
174 628 [8]
364 447 [0]
208 603 [0]
121 687 [3]
211 597 [3]
247 555 [9]
209 602 [0]
210 601 [0]
133 675 [3]
170 642 [0]
387 417 [8]
372 432 [8]
36 769 [7]
223 582 [8]
330 483 [0]
92 721 [0]
313 493 [7]
314 499 [0]
68 736 [9]
206 599 [8]
66 740 [7]
287 517 [9]
164 640 [9]
340 470 [4]
397 417 [0]
358 456 [0]
346 468 [0]
92 715 [7]
302 504 [8]
300 515 [0]
162 645 [8]
226 581 [8]
169 646 [0]
185 627 [3]
267 548 [0]
62 744 [9]
378 437 [0]
100 716 [0]
16 798 [2]
201 615 [0]
298 518 [0]
84 729 [3]
26 781 [9]
165 652 [0]
9 799 [9]
123 694 [0]
324 493 [0]
338 475 [4]
190 624 [3]
401 416 [0]
331 483 [3]
64 750 [3]
41 769 [7]
241 573 [3]
229 580 [8]
158 660 [0]
225 589 [4]
26 783 [9]
386 423 [9]
49 766 [3]
21 790 [7]
304 515 [0]
161 658 [0]
122 697 [0]
386 430 [3]
258 552 [9]
364 451 [4]
301 514 [4]
358 457 [4]
187 624 [8]
375 440 [4]
126 685 [8]
314 502 [4]
37 783 [0]
269 548 [3]
245 572 [3]
217 595 [8]
97 720 [3]
120 700 [0]
67 746 [7]
274 543 [3]
70 747 [3]
59 762 [0]
376 437 [8]
245 576 [0]
363 458 [0]
188 629 [4]
179 641 [1]
56 766 [0]
28 787 [7]
43 772 [7]
191 628 [3]
176 647 [0]
46 777 [0]
314 505 [4]
182 641 [0]
105 715 [3]
42 772 [9]
20 794 [9]
240 577 [6]
326 497 [0]
113 702 [8]
389 434 [0]
397 424 [3]
120 696 [8]
148 676 [0]
382 434 [8]
117 698 [9]
199 617 [8]
272 546 [6]
203 614 [7]
21 798 [5]
315 509 [0]
307 518 [0]
76 740 [9]
163 662 [0]
209 616 [0]
312 510 [3]
387 438 [0]
218 608 [0]
201 625 [0]
278 544 [4]
220 606 [0]
261 565 [0]
267 556 [3]
391 435 [0]
276 550 [0]
397 426 [3]
252 575 [0]
102 722 [3]
293 531 [3]
75 743 [9]
401 422 [4]
24 796 [7]
251 575 [1]
97 731 [0]
372 456 [0]
230 590 [8]
48 771 [9]
60 761 [7]
169 659 [0]
187 641 [0]
282 546 [0]
139 680 [9]
284 541 [3]
56 770 [3]
284 545 [0]
42 787 [0]
326 495 [8]
59 770 [0]
411 418 [0]
66 756 [7]
290 531 [8]
356 473 [0]
30 792 [7]
194 636 [0]
45 785 [0]
72 758 [0]
95 732 [3]
286 540 [4]
176 654 [0]
377 453 [0]
149 673 [8]
41 782 [7]
81 746 [3]
22 799 [9]
85 738 [7]
26 795 [9]
328 493 [9]
98 729 [3]
144 687 [0]
361 470 [0]
77 754 [0]
171 660 [0]
322 500 [9]
170 653 [8]
174 649 [9]
62 770 [0]
56 767 [9]
117 706 [9]
115 717 [0]
301 528 [3]
76 747 [9]
249 579 [4]
234 590 [8]
192 632 [8]
204 620 [8]
394 438 [0]
236 588 [8]
169 656 [8]
407 426 [0]
254 579 [0]
88 745 [0]
150 674 [9]
410 414 [9]
159 667 [7]
120 705 [8]
410 423 [0]
145 681 [8]
120 711 [3]
162 663 [9]
36 789 [9]
172 655 [7]
159 666 [9]
109 726 [0]
288 547 [0]
408 427 [0]
90 745 [0]
137 698 [0]
183 652 [0]
400 433 [2]
280 555 [0]
406 429 [0]
90 740 [5]
162 670 [3]
392 443 [0]
180 656 [0]
136 700 [0]
110 726 [0]
336 497 [3]
123 713 [0]
260 575 [1]
342 486 [8]
208 620 [8]
150 686 [0]
368 464 [4]
118 709 [9]
159 669 [8]
186 650 [0]
85 748 [3]
91 746 [0]
261 576 [0]
49 779 [9]
139 695 [3]
277 560 [0]
161 667 [9]
401 432 [4]
293 544 [0]
352 485 [0]
38 792 [7]
106 728 [3]
343 495 [0]
221 608 [9]
376 462 [0]
49 786 [3]
40 790 [9]
66 773 [0]
407 431 [1]
132 707 [0]
145 694 [0]
243 596 [0]
292 539 [8]
119 712 [8]
378 462 [0]
307 533 [0]
118 719 [3]
236 595 [9]
43 790 [7]
269 572 [0]
201 632 [8]
33 799 [9]
41 791 [9]
240 600 [1]
46 786 [9]
333 509 [0]
231 608 [3]
97 745 [0]
198 644 [0]
159 675 [8]
316 526 [0]
175 664 [3]
298 545 [0]
73 761 [9]
147 693 [3]
167 667 [9]
353 487 [3]
397 438 [8]
107 734 [3]
57 787 [0]
195 649 [0]
140 696 [8]
335 509 [0]
173 663 [8]
123 719 [3]
171 674 [0]
211 634 [0]
211 631 [3]
414 428 [3]
246 596 [3]
405 441 [0]
254 589 [3]
367 479 [0]
406 440 [0]
114 723 [9]
206 632 [8]
409 434 [3]
392 454 [0]
194 651 [1]
200 645 [1]
203 644 [0]
335 512 [0]
178 669 [0]
249 595 [3]
289 558 [0]
239 604 [4]
389 459 [0]
59 789 [0]
377 471 [0]
363 477 [8]
349 499 [0]
386 462 [0]
415 433 [0]
88 751 [9]
371 478 [0]
210 638 [1]
284 565 [0]
344 505 [0]
139 701 [9]
55 788 [7]
129 721 [0]
121 726 [3]
74 776 [0]
157 690 [3]
205 637 [8]
184 658 [8]
358 488 [4]
187 664 [0]
322 526 [3]
304 544 [3]
91 751 [9]
296 556 [0]
310 534 [8]
215 634 [3]
196 648 [8]
370 482 [0]
143 700 [9]
194 659 [0]
164 689 [0]
54 792 [7]
334 511 [8]
416 431 [6]
268 576 [9]
58 788 [7]
397 457 [0]
244 606 [4]
178 673 [3]
146 700 [8]
351 495 [8]
296 554 [4]
272 583 [0]
167 688 [0]
244 608 [3]
192 663 [0]
232 623 [0]
272 582 [1]
311 536 [8]
134 713 [8]
64 784 [7]
294 553 [8]
89 763 [3]
394 461 [0]
322 533 [0]
338 513 [4]
54 796 [5]
216 636 [3]
325 530 [0]
186 660 [9]
202 650 [3]
154 702 [0]
187 669 [0]
329 527 [0]
301 556 [0]
281 576 [0]
198 651 [8]
243 610 [4]
367 490 [0]
258 596 [3]
382 476 [0]
105 749 [4]
112 745 [1]
78 777 [3]
139 710 [9]
93 757 [8]
350 499 [9]
395 460 [4]
103 753 [3]
247 612 [0]
274 585 [0]
279 571 [9]
424 435 [0]
174 686 [0]
350 510 [0]
99 758 [3]
423 433 [4]
360 500 [0]
75 776 [9]
412 445 [3]
170 682 [8]
52 799 [9]
213 639 [8]
162 699 [0]
167 693 [1]
145 712 [4]
131 729 [1]
230 623 [8]
291 567 [3]
213 640 [8]
223 636 [3]
336 523 [3]
145 714 [3]
350 508 [4]
289 565 [8]
339 520 [3]
316 537 [9]
82 771 [9]
72 781 [9]
242 619 [1]
263 600 [0]
104 759 [0]
105 758 [0]
318 537 [8]
170 693 [0]
217 645 [1]
243 616 [4]
61 793 [9]
426 431 [6]
96 768 [0]
127 737 [0]
405 459 [0]
390 471 [3]
78 778 [8]
79 786 [0]
288 577 [0]
164 701 [0]
256 609 [0]
381 484 [0]
307 554 [4]
184 673 [8]
258 599 [8]
300 566 [0]
167 699 [0]
273 593 [0]
328 538 [0]
240 623 [3]
411 455 [0]
392 474 [0]
73 794 [0]
121 746 [0]
205 662 [0]
353 511 [3]
304 560 [3]
399 468 [0]
362 497 [8]
112 756 [0]
207 661 [0]
336 532 [0]
338 530 [0]
87 778 [3]
344 516 [8]
82 787 [0]
269 600 [0]
295 574 [0]
71 795 [3]
189 672 [8]
203 664 [3]
424 446 [0]
103 759 [8]
250 616 [4]
179 683 [8]
160 702 [8]
334 528 [8]
138 733 [0]
133 738 [0]
83 780 [8]
107 755 [9]
399 469 [3]
405 458 [8]
181 682 [8]
115 747 [9]
370 502 [0]
82 790 [0]
91 778 [3]
122 747 [3]
117 755 [0]
169 700 [3]
227 645 [0]
83 781 [8]
160 704 [8]
321 552 [0]
82 784 [7]
111 753 [9]
194 679 [0]
201 672 [0]
250 619 [4]
345 528 [0]
372 494 [8]
390 484 [0]
305 569 [0]
409 465 [0]
89 776 [9]
198 667 [9]
168 705 [1]
81 784 [9]
191 684 [0]
93 779 [3]
269 606 [0]
166 706 [3]
383 492 [0]
289 586 [0]
127 741 [7]
335 536 [4]
200 675 [1]
80 793 [3]
137 736 [3]
387 486 [3]
140 737 [0]
354 515 [8]
307 567 [3]
189 680 [8]
203 671 [3]
173 705 [0]
98 780 [0]
205 673 [0]
270 608 [0]
390 488 [0]
344 526 [8]
434 436 [8]
133 746 [0]
150 729 [0]
237 642 [0]
342 529 [8]
132 744 [3]
419 456 [4]
174 697 [8]
79 792 [8]
298 577 [4]
92 788 [0]
120 760 [0]
369 511 [0]
396 481 [3]
356 516 [8]
163 708 [9]
117 760 [3]
419 461 [1]
105 772 [4]
73 799 [9]
292 586 [3]
220 658 [3]
299 578 [4]
172 710 [0]
229 653 [0]
237 645 [0]
171 708 [3]
218 660 [4]
82 791 [9]
318 560 [4]
164 719 [0]
188 694 [1]
409 474 [0]
167 708 [8]
165 716 [3]
114 761 [9]
296 588 [0]
148 728 [8]
363 521 [0]
145 735 [4]
438 443 [3]
226 651 [8]
214 668 [3]
103 774 [8]
249 634 [3]
276 602 [8]
156 731 [0]
99 788 [0]
237 647 [3]
167 720 [0]
370 513 [4]
285 603 [0]
228 657 [3]
121 764 [3]
278 605 [6]
428 458 [3]
129 752 [8]
233 653 [3]
239 647 [3]
361 525 [3]
336 554 [0]
257 630 [3]
108 773 [9]
198 684 [8]
314 575 [1]
309 577 [4]
188 698 [4]
345 546 [0]
304 587 [0]
352 539 [0]
243 640 [8]
431 460 [0]
143 741 [7]
162 730 [0]
387 505 [0]
131 753 [8]
434 455 [3]
266 627 [0]
308 585 [0]
404 489 [0]
415 478 [0]
147 739 [7]
152 742 [0]
169 722 [3]
157 729 [8]
255 633 [6]
170 716 [8]
295 592 [8]
268 619 [8]
319 568 [8]
230 661 [4]
222 673 [0]
116 771 [8]
208 686 [1]
224 672 [0]
202 693 [1]
423 469 [4]
163 734 [0]
439 458 [0]
96 793 [8]
126 771 [0]
203 685 [9]
184 705 [8]
253 643 [1]
335 562 [0]
320 573 [4]
138 758 [1]
318 571 [8]
301 597 [0]
172 726 [0]
394 504 [0]
203 695 [0]
268 621 [9]
322 575 [1]
119 771 [8]
391 507 [0]
215 676 [7]
157 733 [8]
285 609 [4]
272 627 [0]
135 764 [0]
130 761 [8]
179 717 [3]
104 795 [0]
183 712 [4]
204 695 [0]
237 662 [0]
103 797 [0]
384 516 [0]
387 513 [0]
449 451 [0]
266 630 [4]
209 687 [4]
438 463 [0]
411 490 [0]
269 628 [4]
153 739 [9]
155 743 [3]
218 680 [3]
348 549 [4]
197 701 [3]
260 642 [0]
241 661 [0]
257 645 [0]
313 580 [9]
377 521 [4]
355 547 [0]
374 528 [0]
433 469 [0]
393 510 [0]
332 563 [8]
172 728 [3]
313 582 [8]
336 564 [3]
339 564 [0]
430 469 [4]
125 771 [8]
175 729 [0]
313 588 [3]
330 574 [0]
114 781 [9]
357 548 [0]
182 723 [0]
149 748 [8]
141 761 [3]
251 646 [8]
253 653 [0]
278 628 [0]
173 730 [3]
108 795 [3]
224 680 [3]
319 588 [0]
297 606 [4]
386 518 [3]
191 708 [8]
284 620 [3]
149 755 [3]
412 496 [0]
171 737 [0]
433 475 [0]
202 705 [1]
188 720 [0]
221 687 [0]
259 640 [9]
416 492 [0]
265 640 [3]
323 586 [0]
443 466 [0]
451 458 [0]
453 456 [0]
212 693 [4]
312 593 [4]
365 540 [4]
454 456 [0]
334 572 [4]
290 616 [4]
245 657 [8]
288 616 [6]
117 790 [3]
300 611 [0]
187 724 [0]
421 490 [0]
258 650 [3]
302 606 [3]
134 769 [8]
446 466 [0]
140 772 [0]
150 753 [9]
177 735 [0]
348 564 [0]
353 559 [0]
442 462 [8]
249 659 [4]
192 716 [4]
252 659 [1]
168 737 [8]
319 594 [0]
430 479 [4]
252 658 [3]
400 508 [5]
346 567 [0]
337 572 [4]
200 705 [8]
238 671 [4]
262 652 [0]
151 763 [0]
238 672 [4]
277 637 [0]
286 625 [3]
167 744 [3]
314 600 [0]
282 628 [4]
175 736 [3]
141 774 [0]
337 578 [0]
260 655 [0]
232 679 [4]
142 765 [8]
267 644 [4]
333 581 [1]
137 775 [3]
194 722 [0]
134 782 [0]
151 762 [3]
226 682 [8]
265 647 [4]
440 468 [8]
134 774 [8]
289 627 [0]
193 720 [3]
130 787 [0]
392 525 [0]
218 695 [4]
140 774 [3]
243 670 [4]
232 682 [3]
427 489 [1]
345 573 [0]
437 481 [0]
363 547 [8]
140 770 [8]
447 468 [3]
246 668 [4]
390 525 [3]
120 799 [0]
262 657 [0]
137 779 [3]
126 785 [8]
153 763 [3]
278 642 [0]
324 592 [4]
132 779 [9]
227 691 [3]
165 756 [0]
356 565 [0]
390 527 [4]
192 725 [4]
413 508 [0]
309 611 [1]
268 650 [3]
429 492 [0]
126 796 [0]
145 777 [0]
384 538 [0]
367 547 [8]
257 662 [3]
457 465 [0]
298 621 [3]
438 485 [0]
311 612 [0]
249 666 [8]
361 556 [6]
308 612 [4]
147 777 [0]
442 482 [0]
398 526 [0]
160 764 [0]
164 752 [8]
231 690 [3]
189 736 [0]
239 686 [0]
292 633 [0]
319 606 [0]
301 621 [4]
334 592 [0]
342 584 [0]
450 472 [4]
161 762 [3]
373 553 [0]
331 592 [3]
367 556 [3]
205 722 [0]
421 506 [0]
440 487 [0]
232 692 [3]
240 687 [0]
290 634 [3]
149 770 [8]
369 554 [4]
366 561 [0]
186 742 [0]
310 615 [3]
222 703 [3]
412 516 [0]
238 686 [4]
286 638 [4]
192 732 [4]
405 524 [0]
159 767 [3]
298 627 [4]
376 549 [4]
163 758 [8]
176 745 [8]
269 661 [0]
184 746 [0]
283 647 [0]
219 708 [3]
291 639 [0]
383 547 [0]
317 613 [0]
396 534 [0]
166 761 [3]
393 538 [0]
181 750 [0]
275 656 [0]
380 548 [3]
128 796 [7]
369 562 [0]
243 685 [3]
165 759 [8]
311 621 [0]
372 552 [8]
132 797 [3]
405 523 [4]
146 778 [8]
364 564 [4]
145 788 [0]
443 489 [1]
423 506 [4]
372 558 [3]
359 574 [0]
154 771 [8]
329 600 [4]
312 616 [6]
279 655 [0]
263 670 [1]
156 775 [3]
332 594 [8]
384 549 [1]
356 574 [4]
264 667 [3]
312 618 [4]
282 644 [8]
267 664 [4]
393 541 [1]
314 617 [4]
310 626 [0]
458 478 [0]
294 641 [1]
430 502 [4]
327 608 [1]
190 742 [4]
192 741 [3]
149 788 [0]
265 672 [0]
436 501 [0]
387 542 [8]
408 529 [0]
289 640 [8]
130 799 [8]
366 568 [3]
150 788 [0]
173 765 [0]
325 613 [0]
439 499 [0]
164 766 [8]
462 473 [3]
444 494 [0]
452 486 [0]
191 744 [3]
153 786 [0]
378 561 [0]
232 703 [4]
171 764 [4]
441 498 [0]
330 605 [4]
152 788 [0]
143 797 [0]
255 684 [1]
220 717 [3]
144 796 [0]
275 661 [4]
425 515 [0]
195 737 [8]
394 546 [0]
403 537 [0]
293 648 [0]
176 765 [0]
215 726 [0]
233 707 [1]
184 749 [8]
240 701 [0]
429 512 [0]
144 798 [0]
173 769 [0]
319 615 [8]
244 694 [4]
420 522 [0]
148 787 [8]
401 538 [4]
204 739 [0]
463 480 [0]
141 799 [3]
163 772 [8]
158 786 [0]
163 781 [0]
207 733 [4]
256 684 [4]
180 760 [4]
283 658 [3]
151 784 [9]
250 691 [3]
347 598 [0]
374 571 [0]
312 630 [3]
395 547 [3]
445 500 [0]
464 482 [0]
141 796 [9]
434 513 [0]
168 779 [0]
253 694 [0]
321 626 [0]
216 728 [3]
305 641 [1]
156 787 [4]
466 480 [1]
197 750 [1]
159 786 [3]
385 559 [4]
415 527 [6]
426 519 [3]
156 793 [0]
471 478 [0]
326 619 [4]
379 571 [0]
416 534 [0]
419 531 [0]
341 601 [8]
352 599 [0]
315 636 [0]
163 780 [8]
285 665 [1]
205 746 [0]
225 726 [0]
418 533 [0]
227 723 [1]
275 673 [3]
333 619 [0]
200 744 [8]
410 538 [4]
439 512 [1]
364 589 [0]
161 792 [0]
171 782 [0]
205 748 [0]
311 642 [0]
395 557 [1]
232 718 [3]
229 725 [0]
250 704 [0]
334 619 [1]
382 572 [0]
459 495 [0]
164 782 [8]
167 787 [1]
456 495 [4]
427 528 [0]
179 768 [8]
208 748 [0]
430 526 [0]
198 757 [1]
459 497 [0]
219 733 [4]
236 712 [8]
446 511 [0]
471 482 [4]
271 683 [3]
263 693 [1]
447 511 [0]
425 530 [3]
425 533 [0]
354 601 [3]
416 538 [4]
301 656 [1]
186 763 [9]
469 490 [0]
287 671 [1]
417 542 [0]
230 726 [3]
204 752 [3]
235 725 [0]
274 686 [0]
478 482 [0]
215 737 [8]
164 797 [0]
455 506 [0]
282 680 [0]
182 772 [8]
268 686 [8]
293 665 [4]
398 561 [3]
201 762 [0]
366 597 [0]
439 521 [3]
445 515 [3]
180 784 [0]
206 758 [0]
240 724 [0]
429 535 [0]
460 504 [0]
472 493 [0]
423 538 [4]
354 611 [0]
306 654 [5]
312 649 [4]
319 643 [3]
250 711 [4]
405 560 [1]
318 644 [4]
210 753 [3]
329 637 [0]
329 636 [1]
375 591 [0]
328 635 [3]
464 501 [1]
204 763 [0]
320 647 [0]
220 747 [0]
243 724 [0]
437 530 [0]
422 545 [0]
248 716 [3]
259 709 [0]
355 613 [0]
468 492 [8]
208 759 [1]
302 667 [0]
190 779 [0]
204 765 [0]
391 577 [1]
243 726 [0]
167 799 [3]
295 670 [4]
327 636 [6]
325 644 [0]
342 624 [3]
224 742 [3]
309 652 [8]
343 627 [0]
342 625 [3]
301 668 [1]
249 717 [4]
260 706 [4]
238 733 [0]
371 600 [0]
385 586 [0]
451 516 [4]
475 497 [0]
304 664 [4]
273 698 [1]
276 688 [8]
397 574 [1]
182 791 [0]
368 604 [1]
439 531 [3]
259 706 [8]
282 689 [3]
201 765 [8]
373 597 [4]
253 718 [4]
338 637 [0]
198 777 [0]
218 757 [0]
243 728 [4]
326 649 [0]
297 674 [4]
361 614 [0]
404 572 [0]
286 690 [0]
221 747 [8]
342 631 [3]
371 605 [0]
396 580 [0]
344 629 [3]
322 650 [4]
326 647 [3]
274 701 [1]
342 626 [8]
329 641 [6]
450 526 [0]
204 773 [0]
281 696 [0]
326 651 [0]
448 529 [0]
343 633 [1]
440 533 [4]
205 773 [0]
422 556 [0]
255 723 [0]
256 719 [4]
265 713 [1]
376 599 [4]
349 631 [0]
263 716 [1]
311 668 [1]
290 687 [3]
399 577 [4]
289 692 [0]
456 525 [0]
369 608 [4]
294 678 [9]
441 539 [1]
194 784 [3]
376 602 [4]
475 507 [0]
391 587 [4]
365 611 [6]
229 749 [4]
335 642 [6]
231 752 [0]
375 607 [1]
404 579 [0]
448 535 [0]
221 754 [8]
368 612 [3]
438 537 [8]
241 743 [0]
373 611 [0]
192 788 [4]
389 591 [4]
292 690 [3]
263 718 [4]
408 577 [1]
246 740 [0]
347 639 [0]
488 498 [0]
372 610 [4]
208 775 [3]
285 702 [0]
464 522 [1]
253 733 [1]
358 629 [0]
463 522 [3]
392 596 [0]
297 691 [0]
283 704 [1]
296 692 [0]
308 679 [1]
490 498 [0]
284 700 [4]
448 539 [1]
415 573 [1]
270 716 [3]
219 766 [4]
327 656 [6]
364 623 [3]
467 523 [0]
390 597 [3]
219 767 [4]
196 793 [1]
295 696 [0]
362 629 [0]
276 711 [4]
272 713 [6]
316 667 [8]
478 509 [4]
229 759 [4]
454 538 [0]
239 749 [4]
263 728 [1]
387 604 [1]
460 528 [4]
423 561 [8]
385 603 [4]
262 727 [4]
210 775 [8]
362 632 [0]
230 764 [0]
240 754 [0]
429 565 [0]
474 514 [6]
461 530 [3]
308 685 [1]
472 522 [0]
197 798 [0]
470 525 [0]
269 725 [1]
193 799 [3]
219 768 [9]
190 798 [8]
220 773 [3]
243 749 [4]
355 642 [0]
411 582 [4]
289 706 [3]
452 542 [4]
391 603 [4]
471 528 [0]
302 693 [4]
246 749 [4]
312 683 [4]
396 599 [4]
209 786 [4]
450 550 [0]
224 776 [0]
418 582 [0]
477 523 [0]
216 783 [1]
218 778 [4]
222 775 [3]
298 698 [4]
239 762 [0]
249 752 [0]
310 687 [4]
372 630 [0]
419 583 [0]
492 511 [0]
320 683 [0]
434 565 [4]
439 560 [4]
467 536 [0]
430 573 [0]
433 570 [0]
239 765 [0]
316 688 [0]
356 640 [8]
214 789 [1]
439 566 [0]
464 541 [0]
338 663 [4]
290 711 [4]
481 521 [3]
247 751 [8]
244 762 [0]
466 539 [1]
462 540 [4]
497 509 [0]
265 738 [3]
303 699 [4]
255 752 [0]
302 705 [0]
412 595 [0]
223 783 [1]
418 588 [1]
301 703 [4]
348 660 [0]
238 770 [0]
422 586 [0]
397 605 [6]
439 569 [0]
315 689 [4]
398 607 [4]
473 535 [1]
308 696 [6]
378 628 [4]
264 747 [0]
501 510 [0]
321 691 [0]
345 661 [6]
363 650 [0]
235 774 [4]
254 759 [0]
287 725 [1]
442 571 [0]
343 669 [1]
289 722 [3]
325 685 [4]
284 730 [0]
294 719 [1]
219 794 [1]
481 529 [4]
427 586 [1]
336 679 [0]
367 648 [0]
496 519 [0]
228 779 [8]
485 529 [1]
278 736 [1]
501 513 [1]
501 515 [0]
319 693 [4]
249 763 [4]
315 698 [3]
261 756 [0]
378 638 [1]
245 764 [8]
477 539 [1]
483 534 [0]
222 791 [4]
499 512 [6]
423 595 [0]
469 548 [1]
455 563 [0]
268 741 [9]
319 695 [4]
300 715 [3]
424 595 [0]
434 581 [4]
361 659 [0]
296 723 [1]
368 648 [4]
383 636 [1]
276 745 [0]
440 581 [0]
450 571 [0]
500 521 [0]
440 582 [0]
417 604 [1]
493 525 [4]
267 756 [0]
404 619 [0]
481 541 [1]
384 633 [6]
309 710 [4]
291 728 [4]
484 540 [0]
274 746 [4]
293 727 [4]
386 635 [3]
389 631 [4]
273 745 [6]
301 724 [0]
465 554 [6]
257 765 [3]
447 577 [1]
256 770 [0]
472 554 [0]
278 747 [1]
352 668 [6]
251 776 [0]
441 586 [0]
247 777 [3]
389 634 [4]
372 654 [1]
238 790 [0]
351 674 [3]
417 605 [6]
299 728 [1]
257 772 [0]
421 608 [0]
237 784 [8]
282 738 [9]
317 713 [0]
468 562 [0]
413 613 [4]
433 591 [6]
365 666 [0]
448 583 [0]
284 748 [0]
329 699 [4]
280 748 [4]
422 604 [6]
510 522 [0]
243 790 [0]
273 760 [0]
277 750 [6]
350 679 [4]
423 611 [0]
467 567 [0]
377 656 [1]
489 546 [0]
418 617 [0]
451 584 [0]
463 572 [0]
365 669 [1]
317 717 [1]
399 632 [4]
423 608 [4]
417 619 [0]
287 741 [8]
502 530 [4]
361 674 [1]
494 541 [1]
260 770 [6]
246 791 [0]
462 575 [0]
481 556 [0]
504 529 [4]
271 767 [0]
503 535 [0]
449 588 [1]
461 569 [8]
475 557 [6]
302 737 [0]
337 698 [4]
387 648 [4]
505 534 [0]
396 642 [1]
364 676 [0]
515 525 [0]
356 676 [8]
393 646 [1]
264 776 [1]
486 555 [0]
418 623 [0]
473 568 [0]
423 618 [0]
245 797 [0]
288 754 [0]
339 703 [0]
341 701 [0]
375 667 [0]
472 566 [4]
298 741 [3]
455 581 [6]
373 666 [4]
319 724 [0]
384 659 [0]
482 561 [0]
333 704 [6]
323 721 [0]
427 617 [0]
455 588 [1]
385 655 [4]
259 782 [3]
501 544 [0]
337 707 [1]
295 746 [4]
312 732 [1]
470 571 [4]
398 644 [3]
256 790 [0]
350 688 [8]
313 730 [3]
255 790 [1]
467 576 [3]
463 583 [0]
355 688 [3]
370 677 [0]
408 639 [0]
523 524 [0]
468 579 [1]
411 637 [0]
499 550 [0]
514 535 [0]
376 672 [1]
465 583 [1]
438 605 [6]
481 565 [3]
277 771 [1]
379 669 [1]
402 648 [0]
507 543 [0]
413 636 [1]
496 555 [0]
275 773 [3]
425 622 [4]
270 779 [3]
368 680 [4]
513 539 [0]
469 577 [6]
327 719 [6]
430 618 [4]
288 759 [6]
335 712 [6]
517 536 [0]
319 731 [4]
259 796 [0]
346 710 [0]
390 665 [1]
444 612 [0]
379 673 [4]
396 659 [1]
508 547 [1]
291 766 [0]
509 548 [0]
377 679 [1]
461 593 [3]
260 798 [0]
352 700 [6]
482 575 [1]
437 619 [2]
526 532 [0]
267 792 [0]
305 754 [0]
454 605 [0]
506 553 [0]
376 679 [4]
474 585 [0]
276 784 [0]
439 618 [3]
281 778 [1]
361 698 [1]
411 650 [0]
449 609 [3]
326 731 [4]
366 691 [4]
346 716 [0]
473 589 [0]
283 775 [4]
382 676 [4]
317 746 [0]
477 586 [0]
368 694 [1]
314 748 [1]
473 590 [0]
484 580 [0]
302 762 [0]
471 593 [0]
448 612 [4]
472 588 [4]
335 728 [1]
386 677 [1]
339 719 [6]
374 691 [0]
394 671 [0]
287 775 [3]
495 570 [0]
296 770 [0]
269 797 [0]
421 645 [0]
374 686 [6]
461 605 [0]
282 785 [0]
413 654 [0]
523 544 [0]
422 644 [1]
343 723 [1]
350 718 [0]
488 580 [0]
308 761 [0]
324 741 [4]
458 608 [3]
330 735 [4]
412 651 [6]
471 594 [4]
456 614 [0]
347 717 [6]
453 613 [4]
332 735 [3]
399 670 [1]
408 663 [0]
524 547 [0]
519 552 [0]
517 555 [0]
409 662 [1]
358 715 [0]
456 613 [4]
441 632 [1]
419 650 [6]
529 546 [1]
422 653 [1]
363 712 [1]
326 751 [0]
533 545 [0]
368 704 [6]
307 767 [4]
352 727 [0]
537 542 [0]
326 750 [4]
341 735 [4]
354 725 [1]
489 585 [6]
288 786 [6]
377 702 [1]
424 652 [4]
386 695 [0]
405 670 [6]
460 620 [1]
370 705 [6]
509 568 [4]
401 681 [0]
523 559 [0]
392 689 [1]
284 794 [4]
521 562 [0]
418 664 [1]
528 554 [1]
482 601 [0]
523 554 [6]
337 745 [1]
377 706 [1]
347 737 [0]
289 791 [4]
421 663 [0]
484 599 [1]
374 704 [6]
493 587 [4]
483 598 [3]
374 709 [1]
410 675 [0]
297 787 [1]
532 550 [3]
487 598 [0]
329 750 [6]
521 565 [0]
325 762 [0]
524 563 [0]
323 763 [1]
432 655 [0]
397 689 [1]
353 730 [4]
308 774 [6]
291 793 [4]
371 718 [0]
358 725 [6]
431 659 [0]
477 613 [0]
476 614 [0]
495 596 [0]
499 592 [0]
324 766 [1]
299 791 [1]
481 604 [6]
305 787 [0]
460 632 [0]
492 597 [3]
369 724 [0]
363 729 [1]
385 709 [0]
443 650 [1]
323 768 [3]
510 580 [4]
473 619 [2]
416 678 [0]
416 679 [0]
462 633 [0]
474 621 [0]
489 606 [0]
319 768 [8]
387 707 [1]
455 641 [0]
430 665 [1]
420 676 [0]
292 796 [8]
401 696 [0]
473 624 [0]
530 567 [0]
451 644 [3]
371 726 [1]
519 578 [1]
348 749 [1]
430 668 [1]
419 674 [6]
443 652 [4]
353 747 [0]
367 732 [1]
434 665 [1]
397 702 [1]
309 787 [4]
313 789 [0]
357 745 [0]
459 643 [0]
480 622 [0]
457 644 [1]
430 671 [1]
310 793 [0]
412 690 [1]
506 591 [6]
441 656 [6]
531 566 [6]
461 643 [0]
503 598 [3]
374 731 [0]
475 630 [0]
491 614 [0]
474 630 [1]
506 599 [0]
455 651 [0]
508 598 [0]
411 694 [1]
471 633 [2]
423 682 [1]
366 741 [0]
365 742 [0]
392 715 [0]
470 637 [0]
350 753 [4]
385 718 [4]
444 662 [1]
546 562 [0]
304 796 [8]
376 731 [1]
431 675 [3]
461 646 [3]
418 691 [1]
460 651 [0]
406 701 [4]
450 659 [2]
414 696 [1]
413 697 [1]
514 598 [0]
356 756 [0]
412 700 [0]
414 698 [0]
521 590 [1]
345 766 [1]
493 615 [4]
319 789 [4]
518 595 [0]
481 631 [1]
461 652 [0]
307 798 [8]
415 699 [0]
436 678 [0]
550 564 [0]
370 743 [1]
548 566 [0]
445 666 [4]
372 742 [1]
402 714 [0]
405 711 [0]
372 740 [4]
323 792 [1]
479 637 [0]
558 559 [0]
453 665 [0]
435 682 [1]
410 707 [1]
351 768 [0]
364 750 [6]
454 663 [3]
471 643 [6]
436 684 [1]
349 771 [1]
340 780 [1]
330 792 [0]
382 734 [6]
325 798 [0]
363 760 [0]
412 708 [3]
326 793 [4]
511 609 [4]
554 564 [6]
537 583 [4]
508 617 [0]
425 699 [1]
461 664 [1]
422 704 [0]
504 622 [0]
548 578 [0]
384 736 [6]
534 586 [6]
554 572 [0]
505 615 [6]
326 797 [4]
560 567 [0]
545 584 [0]
338 792 [0]
371 759 [0]
364 765 [1]
351 778 [1]
495 635 [1]
516 616 [0]
384 749 [0]
532 601 [0]
527 607 [0]
491 643 [0]
378 750 [6]
479 656 [0]
369 762 [4]
543 592 [0]
391 740 [4]
456 676 [3]
519 617 [0]
556 580 [0]
524 612 [0]
391 744 [1]
333 797 [6]
498 633 [6]
511 623 [3]
367 771 [0]
453 686 [0]
549 590 [0]
521 614 [4]
507 631 [1]
372 763 [4]
362 773 [4]
472 668 [0]
338 798 [4]
369 770 [1]
533 608 [0]
556 585 [0]
565 576 [0]
532 608 [1]
400 742 [0]
479 663 [0]
564 572 [6]
442 701 [0]
380 757 [6]
503 640 [0]
436 701 [6]
495 647 [1]
427 714 [3]
426 717 [1]
395 750 [0]
411 734 [0]
464 680 [1]
476 666 [3]
517 627 [1]
380 759 [6]
430 716 [0]
449 697 [0]
464 682 [0]
489 657 [0]
500 646 [0]
506 634 [6]
424 723 [0]
436 705 [6]
539 608 [0]
559 587 [1]
388 755 [4]
570 578 [0]
415 734 [0]
540 610 [0]
380 769 [1]
401 750 [0]
569 582 [0]
574 577 [0]
561 587 [3]
491 660 [0]
370 780 [1]
363 789 [0]
510 642 [0]
536 616 [0]
558 594 [0]
504 647 [1]
500 653 [0]
406 743 [4]
369 785 [0]
436 718 [0]
562 592 [0]
441 707 [6]
399 751 [4]
494 654 [6]
436 719 [0]
563 592 [0]
495 654 [6]
496 658 [1]
444 705 [6]
383 772 [1]
446 704 [6]
515 637 [4]
479 678 [0]
533 624 [0]
531 620 [6]
385 771 [1]
476 680 [1]
413 741 [4]
503 655 [0]
424 734 [1]
533 622 [4]
456 702 [1]
436 722 [1]
578 580 [1]
468 692 [0]
534 620 [6]
559 601 [0]
570 591 [0]
375 785 [1]
362 795 [4]
453 707 [1]
561 597 [3]
576 585 [0]
446 714 [1]
465 697 [0]
516 646 [0]
517 645 [0]
573 589 [0]
485 678 [0]
409 748 [6]
535 625 [3]
517 646 [1]
429 729 [6]
388 777 [0]
535 629 [1]
551 612 [3]
514 653 [0]
501 663 [4]
542 622 [4]
557 610 [1]
425 739 [4]
556 609 [3]
393 776 [0]
520 649 [0]
373 795 [1]
377 791 [1]
458 712 [0]
572 596 [2]
383 781 [6]
557 614 [0]
393 777 [1]
499 671 [1]
457 712 [2]
493 674 [4]
514 657 [0]
485 687 [0]
581 589 [2]
516 655 [1]
474 696 [2]
379 794 [0]
424 749 [0]
485 689 [0]
410 763 [1]
429 744 [1]
490 683 [1]
405 770 [0]
434 741 [0]
571 604 [0]
379 795 [1]
542 634 [0]
583 592 [1]
557 617 [2]
429 748 [0]
421 757 [0]
500 677 [1]
390 789 [0]
411 768 [0]
421 758 [0]
544 635 [0]
423 750 [6]
419 758 [2]
497 682 [1]
451 730 [0]
530 651 [0]
404 773 [4]
564 618 [0]
587 595 [0]
405 771 [6]
427 749 [6]
544 639 [0]
544 638 [2]
572 610 [2]
584 598 [2]
410 773 [1]
518 660 [6]
392 793 [0]
469 716 [0]
562 623 [0]
390 794 [1]
404 781 [1]
570 615 [1]
535 645 [6]
401 780 [6]
528 655 [4]
508 679 [0]
408 780 [0]
431 757 [0]
550 639 [0]
498 690 [1]
431 759 [0]
538 652 [0]
569 613 [8]
509 679 [3]
456 729 [6]
483 708 [0]
420 772 [0]
499 693 [0]
475 711 [6]
486 704 [2]
416 775 [1]
484 702 [6]
500 693 [0]
503 689 [1]
531 662 [0]
505 688 [0]
490 704 [0]
493 701 [0]
444 744 [6]
419 769 [6]
536 655 [3]
469 726 [0]
547 648 [0]
596 599 [0]
551 644 [0]
511 681 [3]
442 752 [1]
428 768 [0]
570 626 [0]
506 684 [6]
545 650 [1]
482 715 [0]
562 635 [0]
566 631 [0]
442 751 [4]
513 682 [2]
550 646 [1]
443 748 [6]
446 745 [6]
439 755 [4]
436 761 [1]
475 717 [6]
526 673 [0]
576 617 [6]
438 760 [1]
401 799 [0]
516 684 [0]
551 649 [0]
568 632 [0]
417 782 [1]
553 648 [0]
520 681 [0]
594 609 [0]
563 640 [0]
600 603 [0]
522 675 [6]
548 653 [2]
519 685 [0]
456 747 [1]
466 739 [0]
513 692 [0]
582 623 [0]
590 615 [0]
445 756 [4]
512 695 [0]
454 747 [6]
455 753 [0]
524 684 [0]
543 665 [0]
561 643 [4]
555 654 [0]
409 794 [6]
435 775 [0]
445 764 [1]
502 708 [0]
510 700 [1]
597 615 [0]
490 716 [6]
417 794 [1]
479 731 [2]
563 643 [6]
532 674 [6]
557 655 [1]
511 696 [6]
499 713 [1]
471 736 [6]
525 688 [0]
548 664 [2]
425 783 [6]
501 714 [0]
571 643 [1]
435 774 [6]
478 737 [1]
595 622 [0]
599 618 [0]
604 607 [6]
597 621 [0]
573 639 [6]
427 785 [6]
469 743 [6]
552 667 [0]
593 626 [0]
463 757 [0]
525 689 [6]
550 669 [2]
506 714 [1]
478 739 [4]
487 735 [0]
549 673 [0]
466 750 [6]
544 679 [0]
600 623 [0]
428 796 [0]
426 797 [1]
610 614 [1]
489 735 [2]
504 716 [6]
465 759 [2]
427 799 [1]
593 635 [1]
463 767 [0]
432 798 [0]
515 714 [1]
568 661 [2]
594 637 [1]
448 784 [0]
468 763 [1]
613 618 [1]
553 677 [2]
533 693 [6]
500 731 [1]
494 738 [0]
507 723 [2]
599 634 [0]
587 646 [0]
509 725 [0]
509 724 [1]
551 683 [0]
522 713 [0]
584 648 [3]
505 724 [6]
450 779 [6]
536 694 [6]
498 737 [1]
594 636 [6]
473 762 [2]
566 672 [0]
538 694 [6]
574 664 [0]
466 766 [6]
586 653 [0]
593 646 [0]
563 670 [6]
505 728 [6]
469 769 [1]
590 643 [6]
483 754 [2]
485 755 [0]
545 695 [2]
473 767 [2]
614 625 [3]
482 756 [4]
442 796 [4]
516 727 [0]
469 773 [1]
470 767 [6]
489 752 [2]
445 797 [1]
467 777 [0]
517 727 [0]
552 693 [0]
617 628 [0]
520 720 [5]
518 721 [6]
550 696 [0]
590 650 [6]
567 677 [2]
578 662 [6]
551 689 [6]
453 794 [0]
576 671 [0]
604 643 [0]
622 625 [0]
580 661 [6]
575 672 [0]
454 788 [6]
454 789 [6]
452 798 [0]
621 630 [0]
490 759 [2]
570 681 [1]
508 745 [0]
472 780 [1]
533 721 [0]
608 647 [0]
597 660 [0]
559 696 [2]
527 730 [0]
538 713 [6]
581 676 [1]
545 714 [0]
586 673 [0]
620 639 [0]
626 632 [1]
597 661 [2]
602 658 [0]
498 757 [6]
475 781 [6]
611 652 [0]
541 722 [0]
504 754 [6]
505 757 [2]
581 684 [0]
482 779 [4]
599 660 [6]
473 790 [2]
480 786 [0]
550 717 [0]
600 666 [1]
590 675 [2]
619 649 [0]
493 774 [1]
546 722 [0]
585 677 [6]
630 637 [1]
589 680 [0]
487 783 [0]
479 785 [6]
488 783 [0]
552 718 [1]
536 729 [6]
584 688 [0]
609 663 [0]
564 709 [0]
503 769 [1]
542 725 [6]
496 778 [0]
480 792 [2]
518 756 [0]
495 773 [6]
609 666 [0]
585 684 [6]
516 760 [0]
549 727 [0]
492 785 [0]
572 700 [5]
588 690 [0]
612 663 [3]
601 675 [2]
524 755 [0]
567 710 [2]
583 691 [6]
560 721 [0]
604 676 [1]
575 707 [0]
508 772 [2]
532 744 [6]
584 699 [0]
590 693 [0]
595 686 [2]
530 754 [0]
603 681 [0]
588 698 [0]
593 692 [1]
563 722 [1]
524 757 [6]
539 747 [2]
532 757 [0]
579 710 [0]
509 779 [1]
524 759 [6]
635 652 [3]
587 701 [2]
625 666 [0]
630 659 [2]
550 737 [6]
518 769 [6]
591 703 [0]
608 684 [2]
556 739 [0]
526 763 [6]
498 791 [6]
540 756 [0]
578 718 [0]
630 666 [0]
536 761 [0]
599 696 [2]
594 704 [0]
607 691 [0]
526 770 [2]
495 797 [6]
514 783 [2]
520 781 [0]
625 676 [0]
538 764 [0]
599 697 [6]
564 739 [0]
618 685 [0]
579 724 [0]
577 726 [0]
557 746 [0]
551 753 [0]
584 720 [0]
601 703 [0]
566 739 [0]
530 776 [0]
553 753 [0]
622 684 [0]
627 679 [0]
646 662 [0]
567 741 [0]
651 652 [6]
641 669 [0]
574 731 [5]
620 692 [0]
549 764 [0]
578 730 [5]
537 777 [0]
558 754 [2]
627 689 [0]
635 681 [0]
517 796 [3]
605 712 [0]
633 683 [2]
573 739 [6]
645 675 [0]
533 788 [0]
615 704 [2]
536 784 [1]
651 671 [0]
550 770 [2]
532 785 [6]
572 752 [0]
634 690 [0]
600 718 [6]
598 720 [6]
639 686 [0]
631 690 [6]
555 770 [2]
626 704 [0]
650 680 [0]
579 752 [0]
595 736 [0]
662 669 [0]
655 670 [6]
658 674 [0]
597 736 [0]
582 751 [0]
622 712 [0]
620 712 [2]
617 709 [8]
628 706 [0]
620 714 [0]
538 791 [6]
627 703 [5]
541 795 [0]
610 726 [0]
642 688 [6]
664 671 [2]
543 788 [6]
613 719 [6]
616 723 [0]
614 719 [6]
569 771 [0]
665 676 [0]
624 718 [0]
545 791 [6]
643 697 [2]
602 740 [0]
549 792 [2]
562 782 [0]
622 716 [6]
601 737 [6]
547 792 [6]
618 725 [2]
631 715 [0]
558 790 [0]
563 785 [0]
667 678 [3]
555 787 [6]
579 763 [6]
564 783 [2]
630 720 [0]
629 721 [0]
613 731 [6]
590 762 [0]
576 768 [8]
603 748 [2]
594 757 [2]
565 782 [6]
625 727 [6]
637 719 [2]
672 685 [2]
650 709 [0]
586 773 [0]
616 738 [6]
574 787 [0]
639 717 [6]
588 772 [2]
613 744 [6]
580 784 [0]
670 694 [0]
624 741 [0]
673 692 [0]
654 711 [0]
590 774 [2]
604 762 [0]
591 775 [0]
581 786 [0]
587 778 [2]
636 732 [0]
681 688 [0]
648 715 [6]
575 795 [0]
634 737 [0]
628 742 [2]
673 699 [0]
610 760 [2]
658 716 [0]
591 781 [2]
645 729 [0]
637 738 [0]
684 691 [0]
623 751 [1]
607 762 [6]
606 769 [0]
661 715 [0]
618 758 [2]
610 766 [2]
655 722 [1]
620 760 [0]
655 725 [0]
624 754 [2]
626 756 [0]
648 735 [0]
691 692 [0]
671 707 [5]
593 785 [6]
596 790 [0]
609 778 [0]
647 740 [0]
680 703 [5]
654 734 [0]
643 746 [0]
690 699 [0]
674 715 [0]
607 777 [5]
658 730 [2]
639 751 [0]
683 708 [0]
635 756 [0]
600 788 [6]
647 745 [2]
635 761 [0]
689 707 [0]
632 765 [0]
656 742 [0]
653 740 [6]
646 747 [6]
688 714 [0]
682 720 [2]
667 738 [0]
623 780 [2]
656 749 [0]
699 705 [2]
618 789 [0]
681 726 [0]
629 779 [0]
682 727 [0]
657 753 [0]
632 779 [0]
630 783 [0]
705 708 [0]
624 789 [2]
684 732 [0]
698 721 [0]
702 717 [0]
673 740 [6]
702 718 [0]
635 783 [2]
625 793 [2]
681 733 [6]
674 744 [2]
638 783 [0]
678 743 [1]
632 790 [2]
644 784 [0]
713 716 [0]
672 758 [0]
677 751 [2]
711 720 [0]
635 795 [2]
700 733 [0]
642 794 [0]
709 723 [5]
665 772 [0]
711 726 [2]
664 776 [0]
677 764 [0]
685 757 [0]
691 752 [0]
655 782 [6]
664 774 [5]
702 738 [6]
678 770 [0]
716 732 [0]
721 727 [0]
713 735 [0]
668 781 [0]
688 759 [2]
717 733 [0]
685 765 [0]
670 782 [0]
710 743 [0]
694 760 [0]
677 778 [0]
707 745 [5]
668 794 [0]
705 757 [0]
694 767 [2]
682 782 [0]
709 755 [0]
712 751 [2]
711 755 [0]
681 786 [0]
733 735 [0]
701 767 [0]
710 760 [0]
731 740 [0]
722 747 [2]
674 797 [2]
707 760 [7]
719 753 [2]
703 773 [0]
719 758 [0]
691 787 [0]
722 752 [5]
732 747 [1]
706 775 [0]
694 780 [7]
707 778 [0]
697 788 [0]
689 795 [2]
692 795 [2]
743 747 [0]
727 761 [5]
715 776 [2]
729 765 [0]
710 780 [4]
742 753 [0]
699 798 [0]
748 749 [0]
740 751 [6]
724 777 [0]
736 766 [0]
734 767 [1]
706 794 [2]
709 793 [2]
730 776 [0]
738 769 [1]
727 775 [6]
716 793 [0]
744 766 [2]
752 761 [0]
728 785 [0]
740 780 [0]
753 769 [0]
748 774 [0]
756 767 [0]
738 782 [6]
763 766 [0]
733 794 [5]
736 799 [0]
739 796 [0]
754 786 [0]
743 793 [7]
755 787 [5]
772 777 [0]
771 782 [0]
771 785 [0]
751 799 [6]
764 797 [0]
773 790 [0]
767 791 [7]
764 798 [6]
781 786 [1]
786 791 [0]
783 798 [0]
789 792 [0]
795 797 [0]
