500
2
250
17
180
181
52
156
175
116
66
30
117
157
189
19
420
61
178
60
192
241
42
271
219
90
102
193
119
84
118
237
91
18
151
62
150
279
106
276
405
21
277
125
263
23
209
134
194
208
107
124
228
195
342
304
72
172
229
7
22
63
12
73
92
299
0
1
36
93
199
375
132
265
37
10
80
76
28
50
29
51
74
300
283
301
88
89
6
3
14
287
286
354
395
4
8
53
58
56
69
13
131
59
188
54
16
44
140
31
103
39
114
48
27
65
38
100
123
111
34
5
256
98
338
26
94
396
196
316
317
115
153
222
164
137
41
95
99
136
197
285
110
9
167
86
335
128
464
40
334
200
87
166
465
309
201
35
135
49
154
20
252
253
129
25
46
146
280
64
101
47
239
302
281
112
142
303
355
329
337
173
202
160
203
33
480
294
185
233
385
97
184
161
384
232
295
416
417
481
411
433
345
96
344
71
282
120
452
453
455
432
454
410
485
328
458
336
459
498
499
305
369
484
448
457
461
376
437
223
143
165
255
145
182
254
227
183
226
258
113
358
359
236
210
177
261
144
176
211
55
15
204
179
240
105
341
270
24
221
109
138
205
315
399
314
398
430
325
370
104
190
371
415
191
220
414
324
126
78
330
435
331
108
45
43
434
372
217
412
321
387
242
79
127
216
386
442
67
440
243
443
373
413
85
362
168
174
472
473
326
441
421
438
139
320
439
490
491
346
340
347
431
260
310
428
218
429
259
366
141
152
367
379
378
409
262
388
311
389
238
467
466
147
155
284
365
489
364
488
377
308
353
451
450
401
352
400
460
496
497
333
332
408
486
487
397
339
483
257
482
122
163
422
246
186
213
68
212
244
247
245
475
474
380
187
130
381
478
479
423
158
148
57
273
360
235
272
159
361
463
234
462
477
198
149
476
162
11
2
133
81
170
77
82
215
225
266
446
291
293
171
32
214
224
274
296
248
350
289
297
290
207
249
349
306
307
374
264
312
206
83
275
449
313
393
348
392
470
471
426
427
351
288
292
267
407
356
357
402
418
406
424
425
419
403
495
494
447
394
469
70
75
121
468
298
493
391
456
444
436
445
368
343
383
278
382
322
404
492
390
323
269
268
319
327
169
231
251
230
363
318
0 1 [1]
0 4 [1]
0 8 [1]
3 6 [1]
4 8 [1]
2 11 [0]
4 11 [1]
3 14 [1]
6 14 [0]
7 22 [1]
0 36 [0]
1 36 [0]
5 34 [1]
10 37 [1]
16 44 [0]
0 59 [0]
8 53 [0]
0 69 [1]
15 55 [1]
16 54 [0]
25 46 [1]
27 48 [1]
12 63 [0]
4 70 [1]
28 50 [1]
29 50 [1]
29 51 [1]
13 69 [1]
22 63 [1]
12 73 [0]
43 45 [1]
10 80 [0]
27 65 [1]
1 93 [1]
47 48 [0]
6 89 [0]
30 66 [0]
44 54 [0]
38 65 [1]
12 92 [1]
28 76 [1]
29 75 [1]
18 91 [1]
28 83 [1]
53 58 [1]
47 65 [0]
56 58 [1]
48 65 [1]
37 80 [1]
9 110 [1]
26 94 [0]
51 74 [0]
56 69 [1]
50 75 [1]
4 121 [1]
36 93 [0]
0 131 [1]
1 132 [1]
50 83 [1]
31 103 [0]
2 133 [0]
41 95 [0]
38 100 [1]
41 99 [1]
16 126 [0]
39 103 [0]
31 112 [0]
13 131 [1]
11 133 [0]
34 111 [1]
70 75 [0]
30 117 [0]
47 101 [1]
0 149 [1]
29 121 [1]
66 85 [0]
39 114 [0]
45 108 [1]
39 115 [0]
25 129 [1]
63 92 [1]
76 80 [1]
8 149 [1]
49 110 [0]
77 82 [0]
48 112 [0]
38 123 [1]
48 114 [0]
64 101 [1]
73 92 [1]
54 112 [0]
73 93 [0]
65 101 [1]
18 151 [1]
35 135 [1]
31 140 [0]
31 142 [0]
51 121 [1]
20 154 [1]
46 129 [1]
9 167 [1]
41 136 [0]
88 89 [0]
41 137 [1]
6 173 [0]
66 116 [0]
66 117 [0]
50 133 [1]
49 135 [1]
44 140 [0]
79 108 [1]
65 123 [1]
65 122 [1]
59 131 [0]
34 155 [1]
46 146 [1]
70 121 [1]
90 102 [0]
46 147 [1]
54 140 [0]
95 99 [0]
75 121 [1]
31 165 [0]
17 180 [0]
0 199 [0]
0 198 [1]
17 181 [1]
69 131 [1]
18 182 [0]
84 118 [1]
32 171 [1]
84 119 [1]
49 154 [1]
78 126 [1]
57 148 [0]
79 127 [1]
19 189 [0]
52 156 [0]
31 177 [0]
52 157 [1]
62 150 [1]
62 151 [1]
98 114 [1]
81 133 [0]
0 215 [1]
103 112 [0]
82 133 [0]
1 215 [1]
53 162 [1]
53 163 [1]
83 133 [1]
103 114 [0]
103 115 [0]
30 189 [0]
15 204 [1]
56 162 [1]
58 162 [1]
56 163 [1]
58 163 [1]
16 205 [0]
66 157 [1]
100 123 [1]
112 114 [0]
69 158 [1]
52 175 [1]
69 159 [1]
69 162 [1]
95 136 [0]
107 124 [1]
23 209 [1]
52 181 [1]
69 163 [1]
111 123 [1]
111 122 [1]
99 136 [0]
28 206 [1]
33 203 [0]
36 199 [0]
35 201 [0]
7 229 [1]
118 119 [0]
99 137 [1]
60 178 [0]
61 178 [0]
91 151 [1]
54 188 [1]
52 189 [1]
53 188 [1]
72 172 [0]
18 226 [0]
110 135 [1]
103 142 [0]
24 221 [1]
32 214 [1]
122 123 [1]
103 143 [0]
59 188 [1]
109 138 [0]
77 170 [0]
88 160 [0]
89 160 [0]
88 161 [0]
81 170 [0]
82 170 [0]
60 192 [1]
112 140 [0]
86 167 [1]
87 166 [1]
112 142 [0]
83 171 [1]
44 211 [0]
103 153 [0]
13 246 [1]
55 204 [1]
5 256 [1]
89 173 [0]
110 154 [1]
25 239 [0]
55 211 [1]
17 250 [1]
103 165 [0]
69 198 [1]
115 153 [1]
20 252 [0]
30 242 [0]
135 137 [1]
20 253 [1]
117 157 [0]
91 183 [0]
38 238 [1]
68 212 [1]
97 184 [1]
68 213 [1]
129 154 [1]
42 241 [0]
27 257 [1]
23 262 [0]
47 239 [0]
23 263 [0]
87 200 [1]
31 255 [0]
87 201 [1]
34 253 [1]
83 206 [1]
3 286 [1]
34 256 [1]
116 175 [0]
116 174 [0]
3 287 [1]
88 203 [0]
77 215 [0]
93 199 [0]
89 202 [0]
34 257 [1]
141 152 [0]
6 286 [1]
104 190 [1]
24 270 [1]
102 193 [0]
79 216 [1]
18 278 [1]
99 197 [1]
18 277 [0]
32 264 [1]
82 215 [0]
21 277 [0]
0 299 [1]
60 241 [1]
137 164 [1]
14 287 [0]
37 265 [1]
107 195 [1]
147 155 [0]
65 238 [1]
64 238 [1]
133 170 [0]
44 260 [1]
133 171 [1]
61 243 [0]
25 280 [1]
7 298 [1]
148 158 [0]
117 189 [0]
66 242 [0]
143 165 [1]
143 164 [1]
90 218 [0]
90 219 [0]
110 201 [0]
119 193 [0]
68 245 [1]
102 210 [0]
42 271 [0]
68 244 [1]
107 208 [1]
68 247 [1]
91 226 [0]
130 187 [0]
38 280 [1]
34 284 [1]
34 285 [1]
32 288 [0]
144 176 [1]
158 162 [0]
22 298 [1]
131 188 [1]
102 219 [0]
79 242 [1]
102 218 [0]
84 237 [1]
22 299 [1]
32 290 [1]
108 216 [0]
103 222 [0]
41 285 [1]
46 280 [1]
25 302 [1]
91 236 [0]
145 182 [1]
60 268 [1]
91 237 [0]
134 194 [0]
85 242 [1]
145 183 [0]
48 281 [0]
60 269 [1]
15 315 [1]
57 273 [0]
109 221 [0]
32 297 [1]
156 175 [0]
91 243 [0]
51 283 [0]
6 329 [0]
135 201 [1]
17 318 [0]
17 319 [1]
156 181 [0]
107 229 [1]
157 181 [1]
101 238 [1]
12 328 [0]
16 324 [0]
101 239 [1]
69 272 [1]
168 174 [1]
26 316 [1]
6 337 [0]
134 209 [1]
31 311 [1]
127 216 [0]
138 205 [0]
26 317 [1]
14 329 [0]
17 327 [1]
130 213 [0]
64 280 [0]
32 312 [1]
105 240 [1]
161 184 [0]
5 339 [1]
157 189 [1]
149 198 [0]
24 325 [1]
37 313 [1]
47 302 [0]
48 302 [0]
51 300 [0]
49 302 [0]
124 228 [1]
163 188 [1]
124 229 [1]
49 303 [1]
71 282 [0]
51 301 [1]
98 256 [1]
144 211 [1]
118 237 [0]
119 237 [0]
39 317 [1]
54 303 [0]
83 275 [1]
59 299 [0]
137 223 [1]
26 333 [1]
9 352 [1]
118 243 [0]
180 181 [0]
42 320 [0]
63 299 [0]
160 202 [0]
119 243 [0]
8 355 [0]
144 218 [1]
110 252 [0]
160 203 [0]
26 338 [0]
143 223 [1]
67 299 [0]
166 200 [1]
14 354 [0]
34 333 [1]
178 192 [0]
14 355 [0]
55 314 [1]
127 242 [0]
113 258 [1]
178 193 [0]
145 227 [1]
73 299 [0]
29 345 [0]
186 188 [1]
40 334 [0]
81 292 [0]
74 300 [0]
152 223 [1]
173 202 [0]
81 293 [1]
153 222 [1]
88 286 [1]
74 301 [1]
89 286 [1]
72 304 [0]
72 305 [0]
7 369 [0]
1 375 [1]
52 326 [0]
18 359 [0]
95 285 [0]
12 368 [1]
101 280 [1]
148 234 [0]
129 253 [1]
145 236 [1]
106 276 [1]
61 321 [0]
179 204 [1]
42 341 [0]
106 279 [1]
99 285 [1]
18 366 [0]
20 364 [1]
62 323 [1]
156 230 [0]
66 319 [1]
164 222 [1]
176 211 [0]
177 210 [1]
164 223 [1]
42 346 [0]
125 263 [1]
88 301 [0]
35 353 [1]
76 313 [1]
63 328 [0]
92 299 [1]
22 369 [0]
93 299 [0]
112 281 [0]
80 313 [1]
24 370 [1]
41 352 [1]
158 235 [1]
0 394 [1]
66 327 [0]
176 219 [0]
176 218 [1]
110 285 [1]
51 345 [0]
10 385 [0]
171 224 [0]
111 284 [1]
132 265 [1]
134 262 [0]
87 309 [0]
145 254 [1]
186 213 [1]
4 394 [1]
4 395 [1]
187 213 [0]
140 260 [1]
169 231 [1]
145 255 [1]
172 229 [0]
125 277 [0]
194 208 [0]
73 328 [0]
120 282 [0]
55 347 [1]
18 383 [1]
8 395 [0]
16 386 [0]
49 355 [0]
144 260 [1]
193 210 [0]
145 259 [1]
106 298 [1]
144 261 [1]
32 374 [1]
202 203 [1]
154 252 [0]
11 394 [1]
156 251 [0]
78 330 [1]
14 395 [0]
54 355 [0]
155 253 [1]
53 355 [0]
183 226 [0]
183 227 [0]
9 400 [1]
72 337 [0]
180 230 [0]
78 331 [1]
21 390 [1]
37 374 [1]
191 220 [0]
9 401 [1]
181 230 [0]
21 391 [1]
193 219 [0]
190 221 [0]
35 377 [1]
15 399 [1]
25 389 [1]
15 398 [1]
112 303 [0]
71 344 [0]
29 385 [0]
16 399 [0]
57 360 [0]
30 386 [0]
41 377 [1]
185 233 [1]
57 361 [0]
169 250 [1]
183 236 [0]
179 240 [1]
110 309 [0]
165 255 [1]
171 248 [1]
178 241 [0]
169 251 [1]
86 335 [0]
121 301 [1]
178 243 [0]
148 273 [1]
26 396 [0]
112 311 [1]
195 228 [1]
132 291 [1]
133 293 [1]
146 280 [1]
21 405 [1]
66 362 [0]
150 279 [1]
69 361 [1]
151 279 [1]
193 237 [0]
151 278 [1]
193 236 [0]
66 363 [1]
180 250 [0]
147 284 [0]
159 272 [0]
63 369 [0]
63 368 [1]
186 246 [1]
99 332 [1]
177 255 [1]
115 317 [1]
192 241 [1]
94 338 [1]
109 324 [0]
186 247 [1]
188 245 [1]
13 422 [1]
188 247 [1]
13 423 [1]
98 338 [1]
50 385 [0]
182 254 [1]
218 219 [0]
193 243 [0]
39 397 [1]
24 414 [1]
214 224 [0]
49 388 [1]
177 261 [1]
98 339 [1]
132 306 [1]
132 307 [1]
155 284 [0]
19 420 [0]
24 415 [1]
49 389 [1]
108 331 [1]
87 353 [1]
215 225 [0]
96 344 [0]
96 345 [0]
54 386 [0]
183 258 [1]
116 327 [0]
41 401 [1]
44 399 [0]
204 240 [1]
171 275 [1]
105 341 [0]
171 274 [1]
210 236 [0]
85 362 [0]
178 269 [1]
1 447 [1]
73 375 [0]
115 332 [1]
61 387 [0]
115 333 [1]
107 343 [1]
126 324 [0]
179 270 [1]
107 342 [0]
140 310 [1]
140 311 [1]
151 299 [1]
79 373 [1]
105 347 [1]
105 346 [1]
114 338 [1]
55 398 [1]
55 399 [1]
212 244 [0]
207 249 [0]
126 330 [0]
212 245 [0]
126 331 [0]
228 229 [1]
171 288 [0]
212 247 [0]
127 331 [0]
139 320 [0]
31 428 [1]
192 268 [1]
213 247 [0]
213 246 [0]
19 440 [0]
23 437 [0]
92 368 [1]
19 441 [0]
138 324 [0]
170 292 [0]
191 270 [0]
193 269 [1]
29 433 [0]
161 301 [0]
128 335 [0]
7 456 [1]
138 325 [0]
171 293 [1]
210 255 [1]
21 444 [1]
62 404 [1]
23 445 [1]
124 343 [1]
93 375 [0]
2 468 [0]
113 358 [0]
198 272 [1]
88 384 [0]
113 359 [1]
2 469 [0]
209 262 [0]
211 260 [1]
4 469 [1]
150 323 [1]
151 322 [1]
4 468 [1]
9 465 [1]
236 237 [0]
104 370 [1]
151 323 [1]
104 371 [1]
28 448 [0]
172 304 [0]
172 305 [0]
43 434 [1]
157 319 [1]
28 449 [1]
82 394 [0]
116 362 [0]
21 456 [1]
11 468 [0]
185 294 [1]
109 370 [0]
230 250 [1]
237 243 [0]
116 363 [0]
109 371 [0]
108 373 [1]
42 439 [0]
109 372 [0]
61 420 [0]
206 275 [0]
230 251 [0]
227 254 [1]
42 438 [0]
231 250 [1]
215 266 [0]
197 285 [1]
97 385 [1]
171 312 [1]
156 327 [0]
226 258 [1]
227 258 [1]
8 476 [1]
227 259 [1]
184 301 [0]
55 431 [1]
5 483 [1]
219 269 [1]
134 355 [0]
94 396 [0]
135 355 [0]
220 270 [0]
219 271 [0]
225 266 [0]
244 247 [0]
236 255 [1]
221 270 [0]
94 397 [1]
69 422 [1]
245 247 [0]
52 441 [0]
129 364 [1]
10 485 [0]
10 484 [0]
169 327 [1]
207 290 [0]
180 318 [0]
199 299 [0]
224 274 [0]
61 438 [0]
126 372 [0]
7 493 [1]
112 388 [1]
181 319 [1]
223 277 [0]
173 328 [0]
175 326 [0]
250 251 [1]
59 443 [0]
167 335 [0]
175 327 [0]
214 288 [0]
61 440 [0]
40 464 [1]
71 432 [1]
38 467 [1]
252 253 [0]
40 465 [1]
132 374 [1]
85 420 [0]
67 440 [0]
99 408 [1]
132 375 [1]
141 366 [0]
235 272 [0]
85 421 [1]
20 488 [1]
138 370 [0]
148 360 [0]
27 482 [1]
241 268 [1]
67 442 [0]
173 337 [0]
201 309 [0]
241 269 [1]
67 443 [0]
130 381 [0]
110 400 [1]
143 367 [1]
134 376 [0]
145 366 [1]
27 483 [1]
103 409 [1]
28 484 [0]
214 297 [0]
196 316 [1]
135 377 [1]
147 365 [0]
114 397 [1]
135 376 [1]
241 271 [0]
137 376 [1]
126 386 [0]
224 288 [0]
33 480 [0]
46 466 [1]
97 416 [1]
33 481 [0]
97 417 [1]
26 487 [1]
127 386 [0]
254 259 [1]
78 435 [1]
137 377 [1]
34 482 [1]
176 340 [0]
121 395 [1]
206 312 [0]
34 483 [1]
141 378 [0]
152 367 [1]
204 315 [1]
239 280 [0]
158 360 [1]
238 280 [1]
50 469 [1]
129 389 [1]
57 463 [0]
141 379 [0]
155 365 [0]
159 361 [0]
179 341 [0]
205 315 [0]
171 351 [0]
37 485 [0]
76 448 [0]
176 347 [1]
115 408 [1]
76 449 [1]
71 454 [1]
133 394 [0]
232 295 [0]
71 455 [1]
80 448 [0]
96 432 [1]
233 294 [1]
197 332 [1]
97 433 [1]
197 333 [1]
205 324 [0]
168 362 [1]
204 325 [1]
152 378 [1]
53 476 [1]
205 325 [0]
91 440 [0]
165 366 [1]
152 379 [0]
69 463 [1]
228 304 [1]
48 483 [1]
102 429 [0]
43 490 [1]
151 382 [1]
165 367 [1]
50 484 [0]
200 334 [1]
229 304 [0]
43 491 [1]
229 305 [0]
46 489 [1]
45 490 [1]
86 450 [1]
195 342 [0]
45 491 [1]
40 496 [1]
195 343 [1]
253 285 [1]
252 285 [0]
86 451 [1]
40 497 [1]
70 469 [0]
87 451 [1]
269 271 [1]
248 293 [1]
239 302 [0]
108 434 [1]
182 359 [0]
154 389 [1]
68 475 [1]
188 355 [0]
248 296 [0]
75 469 [0]
161 384 [0]
137 408 [1]
65 482 [1]
69 477 [1]
216 331 [0]
96 452 [0]
182 366 [0]
96 453 [0]
86 464 [1]
96 454 [1]
208 342 [0]
87 465 [1]
96 455 [1]
87 464 [1]
143 409 [1]
151 404 [1]
276 279 [1]
131 423 [1]
201 353 [1]
150 404 [1]
207 349 [0]
85 473 [0]
231 327 [0]
267 292 [1]
211 347 [1]
219 340 [0]
125 436 [1]
126 435 [0]
153 408 [1]
126 434 [0]
190 370 [0]
190 371 [0]
125 437 [0]
63 499 [0]
107 456 [1]
80 484 [0]
100 467 [1]
187 380 [0]
250 318 [0]
125 444 [1]
184 384 [0]
140 428 [1]
88 481 [0]
167 401 [1]
228 342 [0]
260 310 [1]
274 296 [0]
228 343 [1]
134 437 [0]
77 494 [0]
120 452 [0]
144 428 [1]
164 408 [1]
286 287 [0]
144 429 [1]
120 453 [1]
164 409 [1]
188 386 [0]
189 386 [0]
110 465 [1]
137 437 [1]
264 312 [0]
139 438 [0]
250 327 [1]
111 466 [1]
134 444 [1]
279 299 [1]
279 298 [1]
251 327 [0]
264 313 [1]
139 439 [1]
132 446 [1]
111 467 [1]
132 447 [1]
98 483 [1]
240 341 [0]
281 302 [0]
290 293 [1]
283 300 [0]
291 293 [1]
283 301 [0]
292 293 [0]
163 422 [0]
226 358 [0]
98 487 [1]
289 297 [0]
227 359 [1]
226 359 [0]
275 312 [0]
290 297 [0]
240 347 [1]
286 301 [1]
116 472 [0]
256 333 [1]
116 473 [0]
217 372 [0]
223 367 [1]
134 456 [1]
123 467 [1]
221 370 [0]
151 440 [0]
128 464 [1]
196 396 [0]
134 457 [0]
221 371 [0]
128 465 [0]
179 415 [1]
213 380 [0]
221 372 [0]
196 397 [1]
111 482 [1]
185 410 [1]
235 360 [0]
134 461 [0]
135 461 [1]
235 361 [0]
256 339 [1]
135 460 [1]
137 460 [1]
290 307 [0]
108 490 [1]
248 350 [0]
114 483 [1]
298 299 [1]
249 349 [0]
291 306 [1]
108 491 [1]
248 351 [0]
229 369 [0]
184 416 [1]
293 306 [1]
207 392 [0]
106 493 [1]
223 378 [1]
300 301 [1]
133 469 [0]
279 323 [1]
122 482 [0]
177 428 [1]
191 414 [0]
205 399 [0]
177 429 [1]
191 415 [0]
130 478 [1]
130 479 [0]
148 462 [0]
186 423 [1]
215 394 [1]
148 463 [0]
270 341 [0]
211 399 [1]
146 466 [1]
271 340 [0]
188 423 [1]
306 307 [0]
147 466 [0]
254 359 [1]
146 467 [1]
242 373 [1]
258 358 [0]
232 384 [0]
178 438 [0]
167 450 [1]
253 364 [1]
258 359 [1]
215 403 [0]
285 333 [1]
129 488 [1]
271 346 [0]
184 433 [0]
233 385 [1]
253 365 [1]
129 489 [1]
204 415 [1]
255 366 [1]
215 407 [1]
149 476 [0]
148 477 [0]
274 351 [0]
246 380 [0]
312 313 [1]
282 344 [0]
225 403 [0]
242 386 [0]
283 345 [0]
217 412 [0]
242 387 [0]
189 440 [0]
188 442 [0]
166 465 [1]
189 442 [0]
222 409 [1]
189 441 [0]
222 408 [1]
217 413 [1]
167 465 [1]
188 443 [0]
173 458 [1]
273 360 [0]
316 317 [1]
272 361 [0]
158 476 [0]
304 329 [0]
220 414 [0]
205 430 [0]
204 430 [1]
158 477 [0]
147 489 [0]
204 431 [1]
285 352 [1]
264 374 [1]
163 474 [1]
162 476 [0]
289 350 [0]
290 349 [0]
265 375 [0]
265 374 [1]
286 354 [1]
168 472 [1]
290 350 [0]
210 429 [1]
168 473 [1]
214 426 [0]
154 488 [1]
305 337 [0]
287 354 [0]
249 392 [0]
304 337 [0]
233 410 [1]
293 349 [1]
270 372 [0]
277 366 [0]
150 492 [1]
293 350 [1]
233 411 [1]
296 350 [0]
174 472 [0]
209 436 [1]
319 327 [1]
304 342 [0]
174 473 [0]
218 429 [0]
297 350 [0]
175 473 [0]
232 416 [1]
296 351 [0]
232 417 [0]
291 357 [0]
317 333 [1]
194 456 [1]
194 457 [0]
224 426 [0]
224 427 [0]
209 444 [1]
209 445 [1]
306 349 [0]
277 378 [0]
206 449 [1]
242 413 [1]
173 485 [0]
303 355 [0]
278 382 [0]
277 383 [1]
223 437 [1]
278 383 [1]
308 353 [0]
215 447 [0]
321 341 [0]
188 475 [1]
188 474 [1]
166 496 [1]
242 421 [0]
200 464 [1]
290 374 [1]
208 456 [1]
332 333 [0]
170 494 [0]
329 337 [0]
187 478 [1]
208 457 [0]
277 390 [1]
246 422 [0]
246 423 [0]
281 388 [1]
173 498 [1]
240 431 [1]
329 342 [0]
225 446 [0]
198 476 [0]
267 407 [1]
241 438 [0]
307 374 [1]
276 405 [1]
286 395 [1]
202 480 [1]
290 392 [0]
243 440 [0]
270 414 [0]
203 480 [1]
197 486 [1]
329 355 [0]
203 481 [0]
229 456 [1]
308 377 [0]
267 419 [1]
270 415 [0]
340 346 [0]
285 400 [1]
313 374 [1]
341 346 [0]
340 347 [1]
213 475 [0]
202 485 [0]
260 428 [1]
261 429 [1]
261 428 [1]
327 363 [1]
302 388 [1]
302 389 [1]
303 388 [1]
213 479 [0]
346 347 [1]
321 372 [0]
291 402 [0]
292 402 [0]
325 370 [0]
324 372 [0]
293 402 [0]
234 462 [0]
200 497 [1]
234 463 [0]
200 496 [1]
301 395 [1]
263 436 [1]
307 393 [0]
262 437 [0]
263 437 [0]
274 427 [0]
328 375 [0]
322 382 [1]
294 411 [1]
294 410 [1]
322 383 [1]
321 387 [0]
215 494 [0]
263 445 [1]
308 401 [0]
295 416 [1]
314 398 [0]
292 419 [0]
266 446 [0]
235 476 [1]
316 396 [1]
314 399 [0]
316 397 [1]
356 357 [0]
295 417 [0]
341 372 [0]
233 481 [1]
277 437 [0]
317 397 [1]
266 447 [0]
315 399 [0]
289 427 [0]
289 426 [0]
331 386 [0]
358 359 [0]
292 425 [0]
245 475 [0]
277 444 [1]
360 361 [0]
249 471 [0]
296 427 [0]
297 426 [0]
322 404 [1]
322 405 [1]
229 499 [0]
353 377 [1]
321 412 [0]
301 433 [0]
366 367 [1]
282 452 [0]
321 413 [1]
283 453 [0]
282 453 [1]
338 397 [1]
291 446 [0]
282 455 [1]
310 428 [1]
257 482 [0]
299 440 [0]
332 408 [0]
348 392 [1]
257 483 [0]
370 371 [0]
325 415 [1]
348 393 [1]
299 443 [0]
253 489 [1]
256 487 [1]
366 378 [0]
372 373 [1]
315 430 [0]
367 379 [1]
366 379 [0]
280 467 [1]
354 395 [0]
272 476 [1]
355 395 [0]
265 485 [0]
284 466 [1]
352 400 [0]
352 401 [0]
301 453 [0]
325 430 [0]
308 450 [0]
320 438 [0]
308 451 [0]
357 402 [0]
320 439 [0]
321 438 [1]
321 439 [1]
290 470 [0]
312 449 [0]
357 403 [0]
267 494 [1]
313 449 [1]
356 407 [1]
382 383 [1]
330 435 [1]
331 435 [1]
326 441 [0]
276 493 [1]
276 492 [1]
279 492 [1]
383 390 [1]
294 480 [1]
309 465 [0]
356 419 [1]
357 418 [1]
356 418 [1]
350 427 [0]
307 471 [0]
345 433 [0]
306 471 [0]
377 401 [0]
347 431 [1]
307 470 [0]
294 485 [1]
356 424 [1]
341 439 [0]
356 425 [1]
372 412 [0]
372 413 [1]
373 413 [1]
328 458 [0]
292 494 [0]
329 457 [1]
383 405 [1]
298 493 [0]
336 458 [1]
396 397 [1]
336 459 [1]
390 405 [1]
391 405 [1]
385 410 [1]
344 452 [0]
398 399 [0]
345 453 [0]
326 473 [0]
335 464 [1]
342 457 [0]
344 454 [1]
335 465 [0]
345 455 [0]
384 416 [1]
387 413 [1]
384 417 [1]
385 417 [0]
380 422 [0]
305 499 [0]
353 451 [0]
357 446 [0]
372 434 [0]
373 434 [1]
387 420 [0]
404 405 [1]
387 421 [1]
403 407 [1]
355 457 [0]
376 437 [0]
328 485 [0]
355 461 [0]
348 470 [1]
332 486 [1]
385 433 [0]
348 471 [1]
333 486 [1]
402 418 [1]
333 487 [0]
349 471 [0]
331 491 [1]
339 483 [0]
406 418 [1]
361 463 [0]
412 413 [1]
338 487 [1]
407 419 [1]
328 499 [0]
402 425 [0]
386 442 [0]
414 415 [0]
406 424 [0]
334 496 [1]
406 425 [0]
334 497 [1]
416 417 [1]
336 498 [1]
362 472 [1]
337 499 [0]
362 473 [1]
337 498 [1]
376 461 [0]
377 460 [1]
420 421 [0]
418 425 [1]
418 424 [1]
419 425 [0]
391 456 [1]
403 446 [0]
424 425 [0]
356 495 [1]
401 450 [0]
364 488 [0]
426 427 [0]
357 495 [1]
380 474 [1]
365 489 [0]
381 474 [1]
380 478 [1]
381 478 [1]
375 485 [0]
381 479 [0]
420 440 [0]
392 470 [0]
420 441 [0]
393 470 [0]
392 471 [0]
393 471 [0]
384 481 [0]
385 481 [0]
369 499 [0]
434 435 [1]
385 484 [0]
385 485 [0]
438 439 [0]
436 444 [1]
436 445 [1]
440 442 [0]
391 493 [1]
433 453 [0]
432 454 [1]
442 443 [0]
432 455 [1]
433 455 [0]
411 480 [1]
411 481 [1]
446 447 [0]
420 473 [0]
410 485 [1]
404 492 [1]
405 492 [1]
422 474 [1]
405 493 [1]
417 481 [0]
403 495 [1]
444 456 [1]
407 494 [1]
450 451 [0]
407 495 [1]
452 453 [0]
453 455 [0]
441 473 [0]
451 464 [1]
458 459 [0]
462 463 [0]
434 490 [1]
435 491 [1]
434 491 [1]
464 465 [1]
448 484 [0]
466 467 [0]
468 469 [0]
462 477 [0]
463 477 [1]
474 475 [1]
456 493 [1]
474 479 [1]
474 478 [1]
475 479 [1]
458 498 [1]
459 498 [1]
459 499 [0]
458 499 [0]
465 496 [1]
480 481 [1]
464 497 [1]
480 485 [1]
498 499 [0]
