32
3
3
17
5
0
8
11
6
16
14
9
12
24
10
21
4
2
28
7
19
27
18
20
31
23
30
22
25
1
15
29
13
26
0 5 [0]
2 10 [2]
5 8 [0]
1 15 [0]
6 11 [0]
5 13 [0]
8 11 [0]
8 12 [1]
9 12 [0]
6 16 [0]
5 17 [0]
8 14 [1]
9 14 [0]
4 21 [0]
1 25 [0]
11 13 [2]
11 16 [1]
8 20 [0]
11 15 [2]
10 17 [1]
4 24 [0]
14 16 [0]
1 29 [0]
2 28 [0]
10 21 [0]
14 19 [0]
15 16 [2]
9 23 [2]
13 21 [1]
7 28 [0]
6 27 [0]
4 30 [1]
8 27 [0]
12 24 [0]
10 24 [2]
16 19 [0]
6 29 [2]
11 27 [0]
18 20 [0]
13 26 [0]
12 27 [2]
17 24 [1]
20 23 [1]
18 27 [0]
19 28 [0]
21 25 [1]
16 30 [2]
19 31 [2]
21 30 [1]
20 31 [0]
20 30 [1]
23 28 [1]
23 30 [0]
23 31 [1]
25 29 [0]
22 31 [0]
25 31 [0]
27 31 [2]
