32
3
6
11
13
0
26
5
17
10
21
4
2
28
23
7
12
9
14
19
8
27
3
20
18
22
31
30
25
1
15
29
16
24
0 5 [0]
2 10 [1]
5 8 [1]
1 15 [2]
6 11 [0]
5 13 [2]
8 11 [1]
8 12 [2]
9 12 [2]
6 16 [2]
8 14 [2]
9 14 [0]
5 17 [0]
11 13 [2]
4 21 [2]
1 25 [2]
11 16 [2]
4 24 [0]
10 17 [1]
8 20 [0]
11 15 [2]
2 28 [0]
14 16 [0]
10 21 [1]
15 16 [0]
1 29 [1]
14 19 [2]
9 23 [1]
6 27 [1]
10 24 [0]
13 21 [2]
7 28 [0]
16 19 [0]
8 27 [0]
4 30 [2]
6 29 [1]
18 20 [2]
12 24 [0]
11 27 [1]
12 27 [2]
13 26 [1]
17 24 [0]
20 23 [2]
18 27 [1]
16 30 [0]
19 28 [1]
21 25 [2]
20 30 [2]
19 31 [0]
20 31 [2]
22 31 [0]
23 30 [2]
23 28 [2]
21 30 [2]
23 31 [2]
25 29 [1]
25 31 [1]
27 31 [1]
