32
3
11
26
0
5
17
24
21
4
12
10
8
14
2
3
7
9
19
31
28
23
20
18
27
30
25
13
15
1
29
22
16
6
0 5 [2]
2 10 [2]
5 8 [1]
1 15 [1]
6 11 [0]
5 13 [2]
8 11 [1]
8 12 [0]
9 12 [2]
6 16 [0]
8 14 [1]
9 14 [1]
5 17 [2]
11 13 [2]
4 21 [0]
1 25 [1]
11 16 [1]
4 24 [0]
10 17 [1]
8 20 [0]
11 15 [2]
2 28 [0]
14 16 [1]
10 21 [1]
15 16 [0]
1 29 [1]
14 19 [1]
9 23 [2]
6 27 [0]
10 24 [1]
13 21 [2]
7 28 [0]
16 19 [1]
8 27 [0]
4 30 [2]
6 29 [2]
18 20 [0]
12 24 [0]
11 27 [0]
12 27 [0]
13 26 [2]
17 24 [0]
20 23 [0]
18 27 [0]
16 30 [0]
19 28 [0]
21 25 [2]
20 30 [2]
19 31 [0]
20 31 [1]
22 31 [1]
23 30 [2]
23 28 [0]
21 30 [2]
23 31 [1]
25 29 [1]
25 31 [1]
27 31 [1]
