20
4
16
1
4
11
2
8
3
6
7
15
12
9
18
5
13
17
14
10
0
19
0 1 [1]
0 3 [2]
1 2 [2]
2 3 [0]
0 4 [3]
1 5 [1]
0 7 [2]
1 4 [0]
3 5 [3]
1 7 [0]
2 4 [2]
4 5 [1]
2 5 [3]
0 10 [2]
4 6 [0]
1 8 [2]
2 6 [0]
3 6 [1]
2 8 [3]
3 7 [1]
2 9 [1]
3 10 [2]
6 7 [0]
3 9 [3]
4 8 [2]
5 7 [2]
0 13 [1]
4 10 [3]
5 8 [3]
5 10 [1]
7 8 [1]
0 12 [0]
6 10 [2]
2 11 [1]
7 9 [3]
7 10 [2]
8 9 [1]
3 11 [0]
2 12 [1]
5 9 [0]
1 13 [1]
0 16 [1]
1 16 [0]
4 11 [1]
2 13 [3]
6 9 [3]
9 10 [0]
5 11 [1]
0 17 [1]
9 11 [1]
4 14 [3]
6 11 [0]
4 16 [3]
5 14 [0]
7 12 [3]
5 13 [3]
7 11 [0]
10 12 [0]
7 14 [2]
5 16 [1]
8 12 [1]
2 17 [3]
7 13 [2]
0 19 [1]
4 17 [3]
10 14 [1]
7 16 [0]
9 14 [0]
4 18 [1]
3 18 [3]
6 15 [1]
7 15 [2]
12 13 [2]
4 19 [3]
3 19 [2]
8 15 [1]
11 15 [0]
6 18 [3]
10 17 [1]
9 17 [0]
7 18 [3]
13 15 [2]
13 14 [2]
9 18 [3]
8 19 [2]
11 17 [3]
12 18 [2]
11 18 [1]
13 17 [0]
15 16 [0]
12 19 [0]
15 18 [2]
17 18 [0]
15 19 [0]
