32
3
1
13
3
0
5
17
26
10
21
4
24
30
2
28
7
14
19
9
23
20
12
8
18
27
31
22
25
6
29
11
16
15
0 5 [2]
2 10 [0]
5 8 [0]
1 15 [2]
6 11 [0]
5 13 [2]
8 11 [0]
8 12 [2]
9 12 [0]
6 16 [1]
8 14 [0]
9 14 [0]
5 17 [2]
11 13 [0]
4 21 [0]
1 25 [2]
11 16 [0]
4 24 [0]
10 17 [1]
8 20 [1]
11 15 [0]
2 28 [0]
14 16 [1]
10 21 [0]
15 16 [0]
1 29 [2]
14 19 [0]
9 23 [1]
6 27 [0]
10 24 [1]
13 21 [2]
7 28 [0]
16 19 [1]
8 27 [0]
4 30 [0]
6 29 [2]
18 20 [1]
12 24 [2]
11 27 [0]
12 27 [2]
13 26 [2]
17 24 [1]
20 23 [1]
18 27 [0]
16 30 [1]
19 28 [2]
21 25 [2]
20 30 [2]
19 31 [1]
20 31 [1]
22 31 [1]
23 30 [2]
23 28 [2]
21 30 [0]
23 31 [1]
25 29 [2]
25 31 [1]
27 31 [0]
