20
4
16
10
7
6
3
5
4
2
14
9
17
11
18
15
13
12
8
1
19
0
0 1 [3]
0 3 [1]
1 2 [2]
2 3 [0]
0 4 [2]
1 5 [1]
0 7 [3]
1 4 [2]
3 5 [0]
1 7 [3]
2 4 [2]
4 5 [0]
2 5 [0]
0 10 [1]
4 6 [0]
1 8 [1]
2 6 [0]
3 6 [0]
2 8 [2]
3 7 [2]
2 9 [3]
3 10 [1]
6 7 [2]
3 9 [0]
4 8 [2]
5 7 [2]
0 13 [0]
4 10 [2]
5 8 [1]
5 10 [2]
7 8 [3]
0 12 [0]
6 10 [1]
2 11 [3]
7 9 [0]
7 10 [2]
8 9 [1]
3 11 [3]
2 12 [2]
5 9 [1]
1 13 [3]
0 16 [0]
1 16 [3]
4 11 [3]
2 13 [2]
6 9 [0]
9 10 [0]
5 11 [3]
0 17 [0]
9 11 [1]
4 14 [1]
6 11 [3]
4 16 [2]
5 14 [1]
7 12 [3]
5 13 [1]
7 11 [3]
10 12 [0]
7 14 [0]
5 16 [2]
8 12 [2]
2 17 [3]
7 13 [3]
0 19 [1]
4 17 [3]
10 14 [0]
7 16 [3]
9 14 [3]
4 18 [1]
3 18 [3]
6 15 [3]
7 15 [3]
12 13 [0]
4 19 [2]
3 19 [1]
8 15 [1]
11 15 [2]
6 18 [3]
10 17 [0]
9 17 [3]
7 18 [3]
13 15 [0]
13 14 [2]
9 18 [1]
8 19 [0]
11 17 [1]
12 18 [1]
11 18 [1]
13 17 [2]
15 16 [0]
12 19 [0]
15 18 [1]
17 18 [0]
15 19 [0]
