1600
12
41
180
320
353
414
958
1287
1533
800
322
72
196
456
27
83
261
47
150
218
119
224
698
305
169
703
435
101
274
87
135
92
343
380
12
262
30
278
113
5
1312
156
171
515
133
256
277
102
387
129
533
276
713
1320
444
50
327
67
474
170
89
157
650
57
319
429
185
537
70
118
225
1224
104
215
0
95
76
582
212
201
100
249
34
64
989
254
684
547
62
49
452
138
38
8
705
177
16
146
65
402
231
241
1
541
791
9
403
672
121
202
356
287
501
136
128
798
819
405
273
390
203
404
638
592
74
73
660
71
518
337
340
33
21
335
187
93
60
26
48
913
195
897
386
182
167
219
505
357
281
44
538
385
11
24
227
7
107
397
66
333
142
449
754
634
299
497
925
332
35
140
271
55
600
108
953
79
751
725
618
36
510
247
744
378
577
6
973
164
68
144
374
293
85
192
664
303
149
616
159
115
525
173
870
461
147
90
570
80
205
393
289
110
455
88
763
105
181
655
158
132
42
52
408
175
680
111
106
640
486
653
148
373
410
709
434
997
1078
22
145
364
234
602
665
606
825
253
1044
103
1215
239
495
906
1020
409
920
282
344
272
342
459
513
371
860
527
325
530
130
1112
605
1140
552
835
396
535
206
1337
524
810
683
886
313
574
629
681
508
580
389
270
696
338
323
383
236
976
151
631
661
360
1049
485
339
938
2
624
359
186
770
450
1065
59
607
69
566
1486
18
394
1031
857
493
489
54
523
823
887
37
178
882
40
834
471
426
306
562
97
849
242
1103
127
295
641
1406
632
134
644
355
285
123
528
756
208
1246
480
900
659
1076
576
304
587
567
176
777
473
425
391
420
948
692
82
23
771
604
494
609
372
448
230
1141
500
399
685
788
31
1256
822
184
667
614
29
499
345
711
1093
520
112
1388
880
1009
56
346
243
194
300
392
697
122
1351
488
370
160
952
220
13
1165
879
891
469
936
828
296
1077
379
174
223
328
99
586
1245
191
1094
990
1314
216
908
623
710
779
972
1321
445
457
1115
719
682
889
347
481
1052
572
859
575
596
78
39
291
263
418
126
454
238
630
131
45
367
693
193
654
411
590
553
1380
384
75
686
255
314
28
804
1317
197
210
288
617
1155
496
837
63
316
540
563
267
283
862
246
143
1259
58
546
498
381
183
251
478
294
382
783
1110
421
1480
152
125
124
400
43
915
1041
1152
188
221
747
1308
264
179
730
1196
503
237
428
894
1176
460
841
375
416
1262
235
479
645
940
257
266
735
1192
286
162
847
960
543
312
1074
1540
1124
259
1132
213
824
1043
155
161
1485
526
809
812
109
565
1082
10
116
687
851
482
550
228
244
204
165
1010
803
1139
472
198
832
430
439
424
368
838
331
292
957
555
309
1437
1175
642
466
260
626
628
899
153
1304
1195
258
970
137
781
1451
1525
365
438
689
861
350
678
475
1002
695
816
189
302
4
1101
1012
1149
813
91
1219
1135
564
511
548
51
961
729
1120
963
284
775
1281
413
556
815
214
1193
1254
172
334
417
265
398
290
1242
981
1197
675
1418
951
1119
32
594
560
217
476
669
362
268
911
308
352
939
326
996
1180
1114
708
168
229
1005
1035
1204
1057
1154
1390
986
772
330
84
944
269
166
759
96
61
245
120
1018
622
1449
1220
477
621
1345
778
863
534
226
1107
15
19
1189
733
679
1113
869
969
728
643
613
1070
1272
1322
842
852
1022
864
1241
1117
748
561
888
714
433
830
752
817
491
1384
321
975
1042
843
718
1356
280
463
734
1001
608
571
1073
1264
1185
209
1479
919
467
854
1299
795
1335
1419
431
545
611
636
512
1004
1420
1015
462
875
1184
578
663
531
395
468
668
845
826
363
1432
549
1127
591
844
1521
699
649
867
207
750
514
1358
1025
366
222
412
406
865
423
907
516
1309
1257
297
317
792
77
369
785
760
1457
492
802
558
1248
1188
796
581
1338
704
1355
1379
377
1424
232
701
1460
1523
1130
743
671
419
635
3
965
738
1183
878
651
700
539
1329
1198
1258
732
1163
507
559
904
773
1067
946
1410
762
966
603
1297
532
652
1504
1330
757
551
248
1027
275
1148
1332
1453
749
896
677
985
1325
1422
876
1019
717
361
1391
856
673
1104
776
25
1199
94
348
1100
250
354
731
872
846
633
688
1170
1108
720
881
1143
1090
916
820
702
1572
199
1244
988
163
1118
1086
1590
233
1179
544
780
542
805
1136
978
1003
922
979
808
1459
707
1237
898
1099
1305
1098
1360
1585
86
1239
801
599
464
998
971
1594
774
994
1045
1400
569
1016
674
739
648
789
1318
676
836
1268
307
921
1134
1033
1534
1581
1171
529
14
114
1007
1111
1382
1491
910
1402
1577
1063
341
1106
1064
1365
933
1233
840
1203
1333
1263
1225
1597
200
557
487
1463
1286
716
758
982
432
619
765
504
536
853
1373
1293
401
932
1500
20
1456
490
1378
358
522
745
376
657
1006
992
484
1474
1137
987
1079
589
1227
746
1279
909
1051
1228
848
821
1501
46
315
442
1454
336
1381
827
1411
1524
53
901
190
1393
995
794
1307
1483
1519
1518
782
1438
1032
1235
318
427
1291
1339
407
724
1290
1121
1024
1131
1181
1030
139
877
1353
440
1444
1302
415
736
1217
884
453
883
727
1478
858
1208
949
1270
786
81
1222
1050
1564
912
885
955
1344
694
483
1231
1442
753
446
1153
1205
1151
942
1546
388
627
436
1266
1084
1569
1301
1075
1200
1446
1494
1316
1008
1517
931
1346
1210
893
831
1092
1473
637
1157
1186
1477
1284
1392
1232
1503
943
329
1147
1294
1547
1357
903
458
1252
1048
1269
1303
349
1334
1421
1216
1567
1506
871
950
868
806
1490
917
974
1105
993
892
1319
1047
98
465
579
1095
866
1122
1401
1298
1404
839
1046
769
573
1372
1538
1146
1439
1255
977
797
1011
1036
1405
1561
422
1511
1531
298
1194
593
1172
1177
1173
662
141
715
1212
1166
1370
1566
451
1565
502
923
1037
1487
1386
1413
1425
1579
554
1059
945
991
1116
742
929
927
818
595
1326
706
1088
519
1549
761
1435
1174
252
1080
584
1498
1429
764
890
956
1261
1276
1427
1313
874
1354
1445
1397
902
1071
1162
1347
833
1190
1598
1448
829
959
1058
1271
568
601
1426
1223
324
1513
1574
1097
1430
1516
962
1164
517
1580
598
1323
1062
1396
1530
240
610
1021
767
1341
1054
1484
506
967
1466
947
1280
1359
1452
1467
1340
1578
1508
1288
741
1133
1369
937
855
1394
1283
1055
1142
1544
1202
1443
470
926
1462
784
964
1522
1085
1352
740
1495
1550
1482
670
1247
612
984
1529
1249
980
1455
1374
1539
1026
1366
1221
924
1583
1563
1349
1398
1129
1492
1295
690
1562
1507
1289
1461
1450
1497
1362
799
588
1532
1434
1226
1367
1250
721
1213
787
1331
154
1464
1029
1306
1573
351
1526
1109
1251
1465
1159
1273
117
1541
1576
1441
722
211
723
1596
1182
1409
1168
1515
1158
1469
691
1277
1376
1407
1191
1552
1471
656
1556
1399
625
1234
1038
1559
441
1060
1327
17
1509
1275
1267
1599
766
1371
620
597
811
1336
301
1389
1496
1013
1238
1368
983
1403
1592
1476
1586
1377
1571
737
1584
509
968
1440
1145
1229
1207
1570
1415
1575
807
1527
1138
1160
1034
1428
1230
1296
1292
437
583
1588
1348
1040
1408
615
1560
1436
1593
1417
1240
793
1528
954
310
1537
918
1493
1557
1000
1328
1553
1568
1087
1416
1542
1510
666
521
1072
1472
1023
1282
1555
1209
1595
712
1028
1315
1274
585
1554
1150
1499
999
1187
1069
1551
1514
1260
1488
1364
941
1423
1300
1383
873
647
1096
1489
1169
1350
1278
755
1387
934
1363
1053
1061
914
1548
1091
1475
1361
1089
1481
1310
768
1589
1324
1128
1265
1536
658
1412
1211
1545
1206
1458
1582
1447
279
1433
1161
1431
1414
1014
1123
1102
1167
1201
1470
1125
1543
895
1512
1214
1081
1126
790
311
930
814
1017
1502
1311
850
928
1342
1156
1558
1520
1253
1068
1178
1218
1285
1385
1144
1056
1535
1243
1343
1587
447
1591
443
1083
726
905
935
1505
639
1039
1066
1395
1375
1468
646
1236
15 19 [0]
11 24 [0]
8 38 [0]
21 33 [0]
26 48 [0]
38 42 [4]
26 60 [0]
42 52 [0]
0 95 [0]
34 64 [0]
23 82 [0]
27 83 [0]
49 62 [0]
7 107 [0]
39 78 [0]
5 113 [0]
10 116 [0]
14 114 [0]
73 74 [0]
60 93 [0]
61 96 [0]
16 146 [0]
22 145 [0]
60 99 [5]
76 95 [0]
42 132 [0]
35 140 [0]
38 138 [0]
45 131 [0]
70 118 [0]
16 177 [0]
7 183 [5]
47 150 [0]
65 146 [0]
68 144 [0]
38 175 [4]
0 215 [0]
37 178 [0]
106 111 [0]
87 135 [0]
92 135 [0]
96 135 [5]
68 164 [0]
13 220 [0]
7 227 [0]
16 208 [10]
90 147 [0]
1 241 [0]
89 157 [0]
124 125 [0]
4 241 [0]
24 227 [0]
89 170 [0]
128 136 [0]
72 196 [0]
12 262 [0]
115 159 [0]
85 192 [0]
125 152 [0]
26 246 [5]
93 187 [0]
34 249 [0]
80 205 [0]
137 147 [0]
132 158 [0]
30 262 [0]
100 201 [0]
12 279 [3]
4 302 [0]
61 245 [0]
30 278 [0]
47 261 [0]
38 268 [0]
27 273 [7]
155 161 [0]
104 215 [0]
24 291 [5]
132 184 [5]
121 202 [0]
79 241 [4]
44 281 [0]
55 271 [0]
156 171 [0]
113 211 [9]
39 291 [0]
47 286 [1]
119 218 [0]
15 321 [7]
28 314 [0]
118 225 [0]
119 224 [0]
83 261 [0]
100 249 [0]
167 182 [0]
21 335 [0]
111 248 [11]
46 315 [0]
87 274 [0]
120 245 [0]
35 332 [0]
150 218 [0]
165 204 [0]
95 273 [8]
33 340 [0]
101 274 [0]
57 319 [0]
50 327 [0]
85 293 [0]
63 316 [0]
102 277 [0]
167 219 [0]
100 286 [5]
62 318 [6]
133 256 [0]
143 246 [0]
113 278 [0]
12 380 [0]
89 301 [3]
67 327 [0]
72 322 [0]
11 385 [0]
156 239 [4]
168 229 [0]
174 223 [0]
66 333 [0]
110 289 [0]
56 346 [0]
93 308 [0]
183 220 [1]
197 210 [0]
123 285 [0]
188 221 [0]
140 271 [0]
9 403 [0]
18 394 [0]
45 367 [0]
201 212 [0]
87 325 [4]
84 330 [0]
60 357 [4]
133 282 [4]
72 348 [0]
127 295 [0]
131 285 [6]
101 321 [5]
72 350 [5]
99 328 [0]
11 417 [0]
183 251 [0]
92 343 [0]
166 269 [0]
194 243 [0]
94 348 [0]
80 359 [10]
43 400 [0]
179 264 [0]
77 369 [0]
162 286 [0]
204 244 [0]
187 259 [5]
149 303 [0]
159 292 [0]
186 262 [1]
223 227 [5]
184 271 [5]
75 384 [0]
136 315 [6]
158 296 [5]
52 408 [0]
66 397 [0]
216 241 [5]
70 392 [10]
65 402 [0]
134 327 [1]
113 351 [9]
57 412 [0]
228 244 [0]
231 241 [0]
169 305 [0]
142 333 [0]
46 422 [11]
85 396 [10]
27 456 [0]
9 476 [0]
102 387 [0]
189 302 [0]
50 444 [0]
194 300 [0]
52 431 [11]
197 293 [0]
57 439 [5]
210 288 [0]
30 461 [4]
49 452 [0]
107 397 [0]
172 334 [0]
11 497 [4]
145 364 [0]
33 476 [0]
129 387 [0]
0 516 [0]
136 375 [5]
164 345 [5]
144 374 [0]
56 458 [7]
148 373 [0]
187 335 [0]
257 266 [0]
87 426 [1]
124 400 [0]
29 499 [0]
160 370 [0]
256 277 [0]
18 507 [9]
101 435 [0]
30 502 [6]
138 399 [10]
182 357 [6]
67 474 [0]
151 380 [1]
83 449 [7]
1 541 [0]
14 529 [0]
54 489 [0]
88 455 [0]
126 418 [0]
164 369 [11]
186 359 [0]
36 510 [0]
18 528 [0]
267 283 [0]
156 386 [7]
223 328 [0]
174 379 [0]
263 291 [0]
170 384 [5]
27 518 [7]
202 356 [0]
62 500 [10]
201 357 [8]
98 465 [0]
183 381 [0]
269 289 [6]
110 455 [0]
152 406 [8]
182 386 [0]
255 314 [0]
93 475 [0]
54 523 [0]
126 454 [0]
44 538 [0]
6 577 [0]
175 408 [0]
241 341 [11]
222 366 [0]
21 561 [6]
136 444 [7]
71 518 [0]
243 346 [0]
138 452 [0]
142 449 [0]
49 543 [5]
203 390 [0]
211 379 [4]
205 393 [0]
234 364 [0]
49 541 [8]
51 548 [0]
167 430 [0]
58 546 [0]
250 354 [0]
35 565 [0]
268 328 [11]
70 537 [0]
203 404 [0]
147 461 [0]
62 547 [0]
71 528 [10]
232 380 [0]
215 393 [4]
16 587 [10]
185 429 [0]
272 342 [0]
297 317 [0]
272 344 [0]
9 598 [9]
211 400 [4]
104 514 [0]
236 383 [0]
277 335 [7]
292 331 [0]
11 609 [10]
2 624 [0]
32 594 [0]
282 344 [0]
268 362 [0]
10 613 [9]
112 520 [0]
18 613 [11]
177 455 [4]
83 547 [2]
231 402 [0]
222 412 [0]
69 566 [0]
52 580 [10]
27 600 [7]
136 501 [0]
15 612 [10]
3 635 [0]
281 357 [0]
245 384 [9]
115 525 [0]
285 355 [0]
218 422 [6]
250 390 [11]
83 559 [0]
29 614 [0]
287 356 [0]
85 553 [5]
170 474 [0]
68 572 [5]
289 356 [4]
308 328 [11]
133 515 [0]
69 573 [8]
80 570 [0]
22 626 [6]
123 528 [0]
295 356 [10]
196 456 [0]
217 435 [5]
36 618 [0]
202 444 [7]
55 600 [0]
76 582 [0]
97 562 [0]
270 389 [0]
90 570 [0]
130 530 [0]
308 352 [0]
323 338 [0]
66 590 [5]
129 533 [0]
273 390 [0]
104 552 [1]
237 428 [0]
255 407 [3]
59 607 [0]
74 592 [0]
293 374 [0]
227 438 [0]
119 547 [2]
198 472 [0]
261 399 [1]
78 584 [2]
78 596 [0]
109 565 [0]
22 651 [11]
202 470 [3]
69 607 [0]
294 382 [0]
337 340 [0]
230 448 [0]
273 405 [0]
305 370 [10]
263 418 [0]
265 417 [0]
289 393 [0]
223 455 [5]
24 653 [1]
99 586 [0]
171 515 [0]
290 398 [0]
164 525 [4]
87 602 [1]
238 454 [0]
300 392 [0]
129 563 [5]
325 357 [1]
217 476 [0]
15 679 [0]
173 525 [0]
21 678 [0]
63 637 [7]
323 383 [0]
305 390 [7]
57 650 [0]
108 600 [0]
59 644 [5]
272 433 [11]
71 631 [1]
8 705 [0]
235 479 [0]
285 419 [9]
82 621 [11]
164 551 [11]
168 545 [7]
112 600 [5]
185 537 [0]
343 380 [0]
219 505 [0]
337 377 [6]
260 466 [0]
251 478 [0]
274 456 [8]
105 618 [1]
71 660 [0]
7 722 [2]
30 701 [0]
306 426 [0]
73 660 [0]
15 712 [5]
239 495 [0]
121 606 [1]
322 412 [0]
220 509 [4]
126 603 [8]
185 542 [11]
337 399 [10]
57 682 [10]
237 503 [0]
141 592 [9]
182 553 [5]
206 535 [0]
237 502 [2]
212 521 [3]
176 567 [0]
280 463 [0]
318 427 [0]
106 640 [0]
319 429 [0]
334 417 [0]
285 460 [6]
170 577 [4]
80 663 [11]
119 636 [0]
362 388 [2]
247 510 [0]
315 442 [0]
65 689 [5]
217 539 [3]
362 393 [6]
226 534 [0]
75 686 [0]
131 630 [0]
203 554 [9]
278 483 [6]
87 674 [11]
338 418 [0]
368 390 [0]
126 626 [11]
149 616 [0]
273 483 [9]
134 632 [0]
323 443 [4]
47 720 [0]
123 635 [9]
142 622 [6]
294 478 [0]
94 674 [6]
335 435 [7]
52 720 [9]
314 456 [10]
82 692 [0]
171 603 [0]
159 616 [0]
289 481 [5]
217 560 [0]
134 644 [0]
228 550 [0]
110 658 [7]
183 585 [10]
307 474 [11]
196 585 [9]
151 631 [0]
373 410 [0]
37 743 [9]
264 520 [6]
7 768 [8]
135 652 [0]
203 574 [1]
287 501 [0]
11 775 [0]
92 696 [4]
232 547 [0]
111 680 [0]
375 416 [0]
368 424 [0]
121 672 [0]
23 771 [0]
212 582 [0]
299 497 [0]
287 510 [4]
248 551 [0]
0 790 [8]
373 424 [6]
280 514 [3]
9 791 [0]
138 651 [6]
340 450 [10]
25 776 [0]
148 653 [0]
342 459 [0]
69 728 [11]
171 623 [10]
116 687 [0]
141 662 [0]
365 438 [0]
146 654 [5]
148 648 [9]
278 517 [11]
85 712 [8]
237 567 [6]
151 651 [9]
196 610 [6]
157 650 [0]
276 533 [0]
391 420 [0]
281 529 [6]
158 655 [0]
74 735 [5]
398 417 [0]
391 425 [0]
182 633 [11]
268 548 [8]
406 412 [0]
69 745 [3]
66 747 [5]
332 481 [5]
31 788 [0]
122 697 [0]
372 448 [0]
135 684 [2]
354 466 [3]
249 570 [4]
339 485 [0]
0 824 [5]
157 661 [1]
123 697 [0]
66 750 [6]
347 481 [0]
172 649 [8]
131 687 [11]
79 751 [0]
267 563 [0]
72 758 [11]
338 492 [11]
28 804 [0]
164 658 [7]
323 503 [6]
197 626 [11]
140 692 [5]
181 655 [0]
234 602 [0]
107 721 [2]
56 772 [11]
183 655 [0]
332 506 [3]
345 499 [0]
335 510 [4]
193 654 [0]
240 610 [0]
205 637 [3]
88 763 [0]
184 667 [0]
314 535 [0]
325 527 [0]
123 718 [11]
327 521 [3]
63 784 [4]
96 759 [0]
175 680 [0]
312 543 [0]
325 530 [0]
337 518 [0]
393 457 [5]
141 715 [0]
192 664 [0]
316 540 [0]
344 504 [9]
187 666 [2]
90 758 [9]
9 842 [0]
147 709 [1]
370 488 [0]
408 442 [9]
190 660 [6]
159 697 [5]
59 799 [2]
357 505 [0]
395 468 [0]
424 439 [0]
136 717 [11]
277 576 [1]
309 555 [0]
177 677 [11]
333 526 [0]
81 786 [0]
311 555 [1]
105 763 [0]
238 630 [0]
66 797 [9]
263 600 [5]
1 860 [1]
77 792 [0]
430 439 [0]
75 787 [4]
135 734 [0]
201 658 [8]
135 736 [6]
169 703 [0]
233 630 [8]
359 512 [11]
40 834 [0]
99 764 [2]
11 861 [0]
102 766 [11]
124 743 [8]
168 708 [0]
73 794 [6]
381 498 [0]
304 576 [0]
358 522 [0]
134 742 [7]
177 705 [0]
371 513 [0]
187 695 [0]
192 691 [2]
193 693 [0]
260 626 [0]
80 795 [6]
221 660 [5]
47 839 [6]
313 574 [0]
234 653 [10]
115 773 [11]
365 516 [8]
10 874 [2]
29 858 [3]
304 587 [0]
293 593 [3]
56 837 [1]
27 868 [6]
185 705 [7]
426 471 [0]
425 473 [0]
232 655 [11]
399 500 [0]
63 837 [0]
445 457 [0]
193 701 [8]
91 813 [0]
26 867 [6]
226 679 [0]
288 617 [0]
433 471 [11]
271 633 [11]
263 635 [8]
102 798 [7]
179 730 [0]
36 866 [9]
361 548 [3]
259 655 [0]
38 879 [10]
137 781 [0]
249 658 [8]
272 636 [11]
109 812 [0]
40 882 [0]
224 698 [0]
241 681 [1]
385 538 [0]
149 765 [9]
37 887 [0]
148 771 [5]
386 528 [10]
166 759 [0]
303 614 [5]
128 798 [0]
395 531 [0]
52 868 [3]
79 842 [6]
113 815 [5]
147 774 [9]
347 582 [10]
196 734 [5]
396 535 [0]
119 807 [9]
124 805 [3]
212 712 [2]
211 722 [0]
232 701 [0]
299 634 [0]
295 641 [0]
167 764 [3]
222 705 [0]
254 684 [0]
2 938 [0]
255 686 [0]
293 643 [6]
411 530 [0]
249 695 [5]
181 763 [0]
46 890 [11]
97 849 [0]
238 699 [9]
131 804 [11]
83 863 [5]
347 598 [2]
140 796 [6]
397 546 [5]
45 901 [3]
422 525 [3]
33 907 [6]
323 618 [10]
194 749 [8]
455 494 [5]
176 777 [0]
461 489 [10]
53 901 [0]
378 577 [0]
186 770 [0]
207 750 [0]
43 915 [0]
428 530 [0]
48 913 [0]
10 946 [8]
208 756 [0]
270 696 [0]
303 664 [0]
3 965 [0]
221 747 [0]
356 609 [10]
389 580 [0]
413 556 [0]
397 562 [10]
87 879 [10]
452 507 [0]
459 513 [0]
334 633 [3]
333 639 [7]
294 671 [8]
24 943 [9]
186 787 [2]
310 660 [2]
431 545 [0]
151 821 [3]
454 511 [11]
72 904 [0]
10 961 [9]
6 973 [0]
386 586 [5]
372 609 [0]
342 631 [2]
489 493 [0]
131 848 [3]
176 796 [9]
128 844 [6]
359 624 [0]
362 612 [10]
118 865 [0]
43 934 [10]
459 518 [1]
274 709 [4]
48 935 [7]
375 609 [6]
67 919 [0]
238 746 [3]
333 644 [10]
426 562 [0]
100 888 [0]
276 713 [0]
134 850 [4]
273 712 [2]
247 744 [0]
357 627 [9]
68 923 [3]
43 944 [9]
445 542 [8]
94 892 [10]
433 562 [11]
59 931 [3]
393 601 [3]
489 504 [8]
49 948 [10]
149 847 [0]
193 804 [1]
355 644 [0]
266 735 [0]
411 590 [0]
174 816 [11]
305 698 [0]
85 907 [11]
148 845 [11]
62 937 [9]
189 816 [0]
405 600 [4]
184 822 [0]
468 527 [11]
277 726 [8]
188 818 [2]
337 661 [10]
162 847 [0]
255 747 [6]
179 829 [2]
138 867 [0]
51 961 [0]
385 621 [6]
411 599 [3]
44 968 [2]
505 506 [3]
79 931 [9]
139 877 [0]
241 775 [0]
75 938 [0]
435 584 [6]
12 1008 [6]
360 661 [0]
437 580 [7]
23 992 [8]
342 680 [10]
101 922 [0]
387 632 [1]
237 782 [7]
164 861 [0]
84 944 [0]
350 678 [0]
142 875 [6]
214 815 [0]
186 837 [6]
198 832 [0]
93 929 [9]
362 669 [0]
169 862 [1]
79 953 [0]
432 592 [6]
376 657 [0]
338 696 [0]
387 646 [2]
227 803 [0]
175 860 [10]
92 944 [5]
213 824 [0]
63 971 [3]
517 518 [3]
196 844 [0]
404 638 [0]
80 959 [3]
179 854 [9]
173 870 [0]
168 871 [2]
151 888 [11]
499 543 [6]
133 906 [4]
465 579 [0]
487 557 [0]
498 546 [0]
359 679 [11]
201 843 [0]
68 974 [3]
149 891 [5]
485 551 [9]
335 700 [11]
92 955 [6]
196 853 [11]
471 568 [8]
432 619 [7]
257 787 [4]
153 899 [0]
87 965 [0]
64 989 [0]
419 635 [0]
447 607 [4]
439 610 [4]
219 833 [3]
345 711 [0]
284 775 [0]
511 548 [0]
474 583 [3]
178 882 [0]
367 693 [0]
256 804 [5]
108 953 [0]
478 579 [2]
436 627 [0]
464 599 [0]
505 553 [5]
60 1002 [0]
56 1009 [0]
411 654 [0]
507 559 [0]
121 938 [1]
370 693 [1]
346 715 [7]
137 927 [4]
359 702 [9]
45 1018 [9]
234 837 [0]
207 867 [0]
379 688 [8]
403 672 [0]
511 564 [0]
18 1056 [4]
34 1041 [5]
135 940 [5]
253 825 [0]
361 717 [0]
8 1062 [9]
23 1055 [2]
123 952 [6]
418 658 [10]
399 685 [0]
44 1032 [9]
192 888 [6]
354 731 [0]
32 1051 [7]
389 688 [9]
356 729 [0]
280 802 [3]
80 1000 [8]
231 848 [6]
297 792 [0]
392 697 [0]
356 724 [6]
455 631 [10]
419 671 [0]
325 759 [6]
267 812 [11]
190 901 [0]
242 849 [0]
162 928 [1]
121 968 [2]
10 1082 [0]
195 897 [0]
134 947 [2]
474 612 [9]
6 1081 [7]
7 1079 [6]
118 978 [11]
477 621 [0]
494 604 [0]
22 1078 [0]
330 772 [0]
510 581 [11]
494 609 [0]
540 563 [0]
39 1062 [2]
4 1101 [0]
542 560 [7]
501 600 [4]
137 970 [0]
195 913 [0]
246 862 [0]
466 642 [0]
287 811 [3]
215 886 [1]
350 755 [5]
160 952 [0]
316 791 [5]
101 1011 [6]
164 943 [9]
410 705 [4]
342 763 [10]
314 799 [4]
198 917 [2]
68 1046 [3]
410 709 [0]
114 1007 [0]
376 745 [0]
322 800 [0]
378 744 [0]
164 953 [1]
295 821 [8]
59 1065 [0]
216 908 [0]
296 828 [0]
479 645 [0]
367 749 [8]
45 1070 [9]
92 1026 [9]
486 640 [0]
399 724 [3]
151 976 [0]
438 689 [0]
109 1017 [1]
132 990 [0]
188 940 [11]
129 1001 [0]
380 750 [0]
407 724 [0]
515 617 [5]
128 997 [1]
333 800 [7]
473 656 [7]
450 680 [2]
322 812 [5]
80 1047 [3]
501 633 [11]
518 611 [6]
468 668 [0]
164 971 [11]
430 701 [8]
10 1119 [9]
164 973 [0]
120 1018 [0]
435 703 [0]
452 686 [5]
486 653 [0]
106 1030 [9]
157 982 [11]
99 1041 [1]
398 739 [7]
434 709 [0]
553 590 [0]
251 884 [7]
107 1025 [6]
177 964 [9]
283 862 [0]
98 1047 [0]
239 906 [0]
476 669 [0]
185 960 [5]
6 1133 [3]
42 1101 [6]
160 979 [8]
76 1061 [8]
103 1044 [0]
433 714 [0]
205 940 [0]
512 636 [0]
114 1030 [5]
393 753 [9]
6 1141 [5]
32 1119 [0]
163 988 [0]
415 736 [0]
385 758 [6]
27 1124 [1]
454 696 [0]
412 738 [2]
475 678 [0]
81 1065 [3]
369 785 [0]
560 594 [0]
567 587 [0]
323 830 [11]
545 611 [0]
507 650 [0]
318 837 [7]
430 724 [7]
499 653 [5]
203 954 [2]
303 857 [10]
382 783 [0]
124 1036 [2]
328 837 [1]
139 1030 [0]
331 838 [0]
568 601 [0]
500 667 [6]
575 596 [0]
381 784 [4]
247 917 [9]
261 900 [1]
220 952 [0]
239 926 [8]
455 714 [6]
425 747 [6]
356 812 [5]
370 803 [11]
165 1010 [0]
546 620 [4]
79 1092 [9]
527 643 [6]
483 694 [0]
126 1040 [4]
273 895 [8]
459 710 [0]
13 1165 [0]
226 945 [4]
33 1142 [3]
444 734 [0]
268 911 [0]
571 608 [0]
402 775 [0]
249 926 [9]
433 744 [6]
390 788 [10]
16 1165 [10]
395 782 [4]
532 652 [0]
49 1125 [2]
382 795 [9]
327 859 [10]
521 666 [0]
172 1014 [1]
363 826 [0]
508 681 [0]
378 809 [0]
38 1150 [2]
359 829 [8]
531 663 [0]
364 823 [5]
66 1121 [9]
390 805 [11]
257 940 [0]
463 734 [0]
155 1043 [0]
390 803 [0]
485 703 [1]
313 886 [0]
446 753 [0]
431 761 [10]
343 856 [0]
384 807 [4]
192 1000 [8]
3 1186 [4]
355 845 [9]
282 920 [0]
378 818 [3]
449 754 [0]
574 629 [0]
504 692 [8]
234 963 [6]
92 1103 [1]
368 838 [0]
530 670 [8]
385 820 [11]
104 1095 [6]
19 1189 [0]
106 1094 [0]
493 707 [9]
430 776 [3]
293 906 [1]
169 1041 [1]
350 861 [0]
71 1131 [6]
146 1064 [11]
236 976 [0]
269 944 [0]
183 1026 [4]
430 780 [3]
337 865 [6]
578 636 [3]
148 1062 [7]
479 729 [9]
375 841 [0]
45 1166 [2]
547 669 [0]
597 620 [0]
196 1021 [6]
178 1030 [3]
313 899 [6]
121 1094 [5]
308 911 [0]
179 1032 [7]
140 1076 [10]
450 770 [0]
562 655 [5]
469 744 [5]
45 1169 [10]
551 661 [9]
128 1087 [2]
179 1034 [10]
151 1068 [4]
201 1022 [0]
25 1199 [0]
405 819 [0]
171 1046 [6]
598 627 [0]
0 1222 [6]
113 1113 [5]
187 1039 [7]
246 978 [3]
383 843 [11]
283 938 [0]
258 970 [0]
307 921 [0]
127 1103 [0]
592 638 [0]
371 860 [0]
396 835 [0]
547 684 [0]
36 1193 [0]
126 1102 [10]
468 753 [4]
229 1005 [0]
568 661 [8]
347 884 [7]
198 1032 [7]
347 889 [0]
228 1002 [9]
254 977 [6]
539 700 [0]
431 797 [4]
378 855 [3]
402 831 [6]
498 733 [9]
537 696 [1]
578 663 [0]
425 811 [7]
130 1112 [0]
162 1078 [0]
254 989 [0]
277 966 [0]
370 866 [7]
219 1017 [8]
158 1086 [9]
65 1177 [9]
284 963 [0]
611 636 [0]
48 1199 [11]
292 957 [0]
38 1201 [2]
47 1202 [6]
473 777 [0]
61 1184 [7]
626 628 [0]
302 950 [2]
389 854 [11]
501 745 [6]
613 643 [0]
15 1235 [2]
304 951 [11]
537 715 [6]
241 1010 [5]
567 685 [0]
332 925 [0]
36 1217 [9]
238 1017 [10]
158 1092 [3]
171 1083 [8]
580 681 [0]
365 895 [1]
308 944 [8]
430 832 [0]
121 1130 [6]
433 830 [0]
197 1063 [3]
340 922 [11]
181 1077 [5]
310 954 [0]
514 750 [0]
326 939 [0]
137 1122 [2]
101 1164 [6]
599 666 [1]
522 745 [0]
602 665 [0]
46 1212 [11]
599 657 [4]
504 765 [0]
293 965 [11]
590 669 [11]
406 865 [0]
606 665 [0]
18 1251 [2]
329 943 [0]
474 788 [10]
356 909 [6]
446 825 [3]
580 689 [6]
547 728 [0]
472 801 [3]
607 667 [0]
339 938 [0]
390 886 [1]
562 710 [0]
163 1118 [0]
614 667 [0]
389 890 [7]
591 680 [11]
203 1074 [5]
386 897 [0]
499 783 [1]
528 756 [0]
314 964 [4]
150 1134 [11]
191 1094 [0]
300 975 [9]
444 834 [1]
113 1168 [11]
92 1194 [6]
31 1256 [0]
472 814 [1]
423 865 [0]
144 1143 [11]
289 992 [9]
352 939 [0]
479 803 [11]
593 698 [6]
631 661 [0]
359 926 [8]
94 1199 [0]
492 802 [0]
633 654 [8]
57 1235 [6]
15 1274 [5]
321 975 [0]
99 1187 [4]
533 756 [1]
253 1044 [0]
344 945 [3]
29 1258 [9]
630 665 [0]
124 1168 [4]
512 777 [9]
256 1036 [6]
460 841 [0]
555 737 [10]
201 1090 [11]
536 765 [0]
275 1027 [0]
81 1222 [0]
223 1070 [9]
42 1259 [0]
366 932 [2]
227 1067 [11]
471 834 [0]
338 961 [6]
498 803 [11]
24 1274 [8]
62 1245 [10]
141 1166 [0]
491 817 [0]
551 757 [0]
561 748 [0]
149 1154 [6]
537 767 [9]
72 1236 [11]
91 1219 [0]
629 681 [0]
568 741 [1]
87 1224 [8]
95 1209 [3]
148 1162 [3]
254 1051 [6]
380 926 [9]
59 1252 [8]
503 808 [3]
295 1018 [11]
515 790 [3]
551 763 [11]
5 1312 [0]
58 1259 [0]
576 731 [9]
577 739 [9]
103 1215 [0]
655 659 [5]
467 854 [0]
428 894 [0]
542 780 [0]
627 694 [1]
544 780 [0]
86 1239 [0]
400 922 [3]
632 691 [7]
186 1135 [6]
71 1254 [0]
5 1322 [0]
104 1224 [0]
511 807 [10]
229 1095 [4]
231 1094 [10]
409 920 [0]
423 907 [0]
431 889 [9]
461 870 [0]
73 1253 [8]
346 975 [9]
479 844 [8]
252 1080 [0]
541 791 [0]
228 1102 [1]
401 932 [0]
482 851 [0]
496 837 [0]
498 826 [9]
524 810 [0]
629 704 [11]
287 1036 [9]
542 791 [11]
623 703 [10]
526 809 [0]
228 1104 [3]
464 867 [7]
453 883 [0]
60 1271 [3]
500 826 [9]
471 854 [11]
453 884 [0]
462 875 [0]
507 819 [11]
224 1102 [3]
60 1272 [6]
281 1055 [3]
543 791 [5]
218 1121 [11]
188 1152 [0]
369 964 [5]
337 995 [6]
573 769 [0]
42 1291 [9]
618 725 [0]
106 1229 [8]
132 1205 [9]
247 1092 [9]
33 1303 [9]
17 1327 [0]
213 1132 [0]
242 1103 [0]
535 810 [0]
403 937 [3]
175 1165 [5]
632 703 [1]
634 703 [7]
523 823 [0]
287 1049 [1]
542 805 [0]
1 1341 [9]
649 699 [0]
182 1164 [3]
391 957 [6]
343 1000 [9]
40 1299 [11]
250 1100 [0]
493 857 [0]
390 954 [2]
488 852 [11]
671 674 [6]
6 1343 [7]
451 897 [9]
93 1252 [9]
14 1336 [0]
2 1344 [3]
34 1310 [8]
100 1250 [3]
177 1167 [2]
500 843 [9]
600 748 [6]
382 967 [2]
66 1282 [8]
86 1261 [5]
129 1221 [9]
137 1219 [7]
473 874 [8]
334 1019 [3]
469 891 [0]
558 802 [0]
464 887 [9]
458 903 [0]
430 930 [1]
503 847 [11]
410 948 [5]
667 688 [8]
5 1354 [11]
600 758 [6]
313 1052 [0]
420 948 [0]
666 699 [5]
132 1229 [8]
375 986 [9]
335 1033 [6]
390 978 [11]
550 813 [9]
230 1141 [0]
556 815 [0]
643 728 [0]
296 1077 [0]
418 950 [7]
333 1034 [2]
619 750 [2]
604 771 [0]
321 1050 [4]
484 889 [3]
467 907 [3]
581 796 [0]
608 768 [1]
152 1223 [2]
327 1051 [11]
125 1253 [1]
476 901 [2]
480 900 [0]
117 1259 [4]
596 776 [8]
140 1239 [11]
147 1225 [9]
376 1006 [0]
259 1124 [0]
439 938 [6]
619 765 [0]
187 1187 [8]
640 743 [11]
643 736 [2]
312 1074 [0]
467 919 [0]
39 1338 [9]
273 1103 [10]
527 860 [0]
552 835 [0]
588 799 [0]
648 739 [0]
90 1292 [8]
671 705 [6]
212 1175 [5]
634 754 [0]
63 1323 [2]
49 1336 [3]
34 1351 [10]
536 853 [0]
391 993 [7]
166 1220 [8]
117 1273 [0]
259 1132 [0]
366 1025 [0]
486 900 [5]
209 1185 [0]
543 850 [1]
114 1277 [0]
506 884 [0]
590 795 [9]
593 792 [10]
519 870 [3]
465 929 [0]
470 926 [0]
54 1332 [9]
561 834 [11]
215 1177 [9]
534 863 [0]
383 1007 [9]
561 828 [9]
599 801 [0]
1 1389 [3]
288 1101 [11]
550 851 [0]
682 719 [0]
378 1017 [7]
143 1259 [0]
392 1001 [9]
341 1063 [0]
418 980 [4]
609 784 [2]
576 817 [11]
469 936 [0]
130 1265 [7]
238 1162 [2]
9 1387 [2]
195 1202 [3]
214 1193 [0]
650 757 [0]
332 1065 [10]
260 1146 [2]
360 1049 [0]
162 1238 [10]
647 754 [8]
34 1375 [2]
387 1020 [4]
233 1179 [0]
193 1218 [10]
130 1275 [8]
166 1244 [7]
595 818 [0]
400 1008 [7]
192 1217 [9]
224 1189 [5]
432 982 [0]
671 743 [0]
558 849 [9]
626 790 [1]
376 1040 [1]
78 1330 [8]
159 1256 [5]
374 1043 [0]
420 989 [10]
179 1230 [10]
489 923 [8]
97 1317 [6]
497 925 [0]
284 1129 [10]
671 748 [3]
275 1148 [0]
516 907 [0]
216 1197 [11]
394 1031 [0]
502 923 [0]
698 727 [6]
172 1254 [0]
252 1174 [0]
35 1389 [2]
11 1413 [3]
518 901 [6]
409 1020 [0]
618 809 [0]
524 905 [4]
129 1295 [9]
205 1215 [2]
572 859 [0]
606 825 [0]
31 1393 [3]
422 1011 [0]
517 907 [10]
575 859 [0]
591 844 [0]
314 1116 [2]
191 1245 [0]
648 789 [0]
663 764 [10]
511 919 [8]
618 814 [7]
681 757 [9]
647 792 [1]
292 1146 [2]
391 1044 [5]
150 1291 [11]
345 1089 [4]
199 1244 [0]
280 1157 [4]
546 893 [7]
323 1117 [11]
152 1289 [4]
360 1080 [8]
538 905 [7]
630 808 [3]
537 908 [10]
241 1204 [0]
127 1314 [0]
348 1100 [0]
619 822 [8]
323 1119 [6]
0 1444 [6]
225 1224 [0]
561 888 [0]
226 1217 [2]
93 1352 [3]
547 901 [6]
258 1195 [0]
230 1221 [2]
42 1410 [11]
208 1246 [0]
239 1215 [0]
293 1156 [7]
425 1018 [11]
594 852 [8]
575 872 [8]
379 1077 [0]
153 1304 [0]
467 988 [2]
245 1211 [1]
461 991 [3]
567 886 [0]
266 1192 [0]
59 1394 [8]
158 1293 [9]
115 1341 [3]
65 1395 [2]
464 998 [0]
478 980 [4]
97 1357 [8]
66 1387 [8]
559 904 [0]
408 1048 [3]
220 1239 [8]
78 1379 [9]
33 1427 [9]
360 1096 [4]
156 1312 [0]
165 1292 [10]
214 1254 [7]
160 1299 [9]
699 761 [10]
113 1352 [9]
12 1459 [11]
608 855 [10]
54 1411 [3]
653 813 [6]
385 1082 [0]
101 1368 [9]
122 1351 [0]
506 967 [0]
685 788 [0]
28 1441 [4]
389 1083 [4]
538 928 [8]
716 758 [0]
101 1373 [11]
530 934 [7]
476 993 [2]
104 1363 [3]
119 1356 [5]
20 1456 [0]
329 1147 [0]
484 992 [0]
725 751 [0]
732 743 [1]
462 1015 [0]
475 1002 [0]
286 1192 [0]
381 1087 [10]
28 1442 [7]
430 1045 [7]
337 1130 [6]
274 1204 [5]
633 846 [0]
385 1087 [8]
15 1455 [10]
195 1275 [2]
307 1171 [5]
452 1021 [9]
413 1067 [3]
238 1245 [1]
154 1331 [0]
134 1340 [2]
72 1413 [6]
399 1084 [3]
452 1033 [11]
710 779 [0]
325 1162 [7]
74 1413 [9]
499 981 [11]
243 1247 [2]
500 981 [11]
683 810 [0]
447 1044 [4]
44 1446 [9]
357 1132 [0]
602 890 [3]
288 1198 [8]
42 1451 [6]
568 926 [1]
387 1108 [0]
327 1165 [10]
185 1306 [3]
235 1262 [0]
478 1013 [4]
548 946 [3]
523 964 [2]
473 1016 [8]
520 976 [0]
118 1380 [5]
58 1438 [7]
66 1425 [3]
70 1425 [11]
112 1388 [0]
480 1014 [4]
392 1100 [8]
129 1366 [9]
7 1484 [3]
543 960 [0]
403 1091 [2]
102 1397 [11]
18 1486 [0]
259 1238 [10]
346 1151 [3]
616 878 [11]
402 1097 [9]
403 1095 [9]
503 995 [7]
541 962 [9]
239 1260 [7]
36 1463 [9]
379 1126 [10]
217 1290 [2]
157 1346 [6]
428 1080 [2]
642 866 [2]
57 1453 [0]
567 938 [0]
695 816 [0]
141 1370 [1]
555 957 [0]
676 836 [0]
486 1015 [11]
668 845 [0]
424 1085 [4]
197 1317 [0]
160 1346 [7]
497 1016 [11]
450 1065 [0]
250 1262 [3]
512 1004 [0]
649 867 [0]
24 1482 [3]
739 769 [5]
123 1384 [11]
274 1244 [0]
20 1500 [0]
127 1383 [4]
111 1405 [3]
128 1390 [0]
267 1253 [1]
340 1177 [9]
92 1425 [6]
702 820 [0]
578 941 [1]
173 1346 [9]
357 1160 [2]
715 801 [5]
426 1092 [8]
356 1168 [3]
327 1199 [0]
667 857 [0]
606 913 [1]
628 899 [0]
503 1015 [8]
59 1462 [8]
651 878 [0]
673 856 [0]
685 833 [2]
433 1092 [4]
74 1452 [3]
216 1314 [0]
672 852 [0]
444 1086 [11]
421 1110 [0]
623 908 [0]
589 938 [3]
290 1242 [0]
84 1447 [1]
37 1487 [8]
673 849 [9]
274 1249 [11]
481 1052 [0]
3 1522 [5]
48 1479 [6]
485 1049 [0]
410 1116 [3]
688 846 [0]
50 1476 [3]
57 1479 [0]
726 810 [4]
344 1186 [3]
412 1118 [7]
687 851 [0]
50 1482 [9]
367 1168 [4]
281 1253 [7]
686 846 [8]
502 1037 [0]
10 1523 [8]
665 876 [9]
614 920 [0]
206 1337 [0]
429 1109 [3]
760 785 [0]
220 1315 [4]
721 820 [0]
46 1501 [0]
324 1223 [0]
591 947 [10]
524 1017 [4]
744 792 [6]
67 1478 [6]
241 1297 [11]
572 968 [4]
370 1170 [8]
689 861 [0]
463 1080 [10]
19 1522 [10]
323 1223 [7]
343 1208 [6]
576 966 [9]
461 1090 [11]
203 1338 [6]
693 859 [1]
318 1235 [0]
95 1454 [6]
297 1257 [0]
759 784 [10]
567 979 [8]
725 821 [9]
49 1498 [9]
550 1003 [3]
649 899 [8]
273 1276 [9]
133 1414 [3]
659 900 [0]
205 1351 [5]
113 1446 [6]
29 1529 [2]
233 1316 [10]
718 843 [0]
143 1413 [2]
215 1341 [9]
37 1514 [4]
118 1433 [8]
582 979 [11]
244 1314 [11]
744 819 [4]
205 1350 [7]
55 1500 [9]
534 1025 [3]
575 989 [5]
305 1253 [3]
598 960 [4]
231 1331 [3]
754 802 [6]
647 919 [1]
603 966 [0]
167 1393 [9]
683 886 [0]
752 817 [0]
176 1389 [7]
599 971 [0]
266 1297 [3]
304 1257 [9]
692 879 [6]
264 1308 [0]
457 1115 [0]
208 1362 [2]
371 1197 [6]
677 896 [0]
392 1178 [1]
370 1200 [7]
155 1411 [7]
474 1099 [11]
717 856 [0]
290 1280 [4]
134 1436 [4]
535 1034 [8]
439 1130 [8]
541 1024 [6]
694 871 [11]
596 973 [5]
307 1268 [0]
178 1387 [4]
758 815 [7]
4 1563 [4]
179 1390 [9]
698 878 [0]
53 1524 [0]
52 1517 [3]
356 1219 [0]
475 1100 [3]
548 1027 [3]
785 789 [6]
65 1506 [9]
93 1479 [6]
700 878 [8]
551 1027 [0]
66 1506 [9]
600 978 [11]
80 1491 [9]
752 830 [0]
347 1229 [4]
190 1393 [0]
569 1016 [0]
645 940 [0]
518 1066 [7]
11 1567 [9]
89 1488 [3]
253 1332 [9]
91 1491 [7]
766 812 [10]
547 1039 [2]
344 1237 [9]
698 882 [1]
165 1417 [10]
729 857 [6]
521 1072 [0]
34 1550 [3]
95 1492 [9]
20 1571 [1]
631 953 [10]
247 1342 [7]
484 1110 [3]
227 1368 [2]
145 1443 [2]
446 1153 [9]
250 1341 [5]
291 1299 [9]
113 1476 [9]
257 1342 [1]
720 881 [0]
714 888 [0]
731 872 [0]
120 1481 [1]
348 1250 [5]
178 1416 [7]
477 1122 [4]
653 943 [3]
721 878 [5]
257 1347 [2]
274 1327 [9]
519 1088 [0]
524 1079 [9]
359 1239 [9]
331 1267 [10]
770 833 [8]
168 1438 [2]
751 848 [9]
608 1001 [0]
411 1191 [4]
637 970 [2]
537 1065 [1]
719 889 [1]
727 883 [0]
223 1385 [10]
480 1123 [4]
417 1188 [3]
225 1381 [6]
472 1139 [0]
562 1049 [5]
520 1093 [0]
554 1059 [0]
72 1541 [6]
407 1207 [1]
679 926 [10]
166 1444 [2]
113 1497 [9]
798 819 [0]
640 967 [7]
154 1464 [0]
263 1349 [4]
360 1247 [8]
348 1261 [5]
254 1358 [0]
710 908 [0]
346 1264 [9]
809 812 [0]
591 1028 [1]
545 1072 [5]
695 923 [4]
80 1540 [0]
488 1133 [2]
572 1052 [0]
258 1358 [8]
228 1389 [10]
158 1465 [2]
780 835 [9]
202 1412 [2]
125 1497 [4]
562 1060 [7]
222 1397 [10]
559 1067 [2]
642 980 [4]
297 1325 [7]
698 931 [6]
264 1362 [4]
120 1506 [4]
472 1153 [2]
610 1021 [0]
562 1058 [7]
575 1048 [7]
68 1558 [7]
241 1385 [2]
563 1068 [1]
152 1480 [0]
216 1408 [4]
54 1576 [2]
550 1079 [7]
145 1483 [9]
167 1462 [3]
611 1011 [4]
55 1576 [2]
645 985 [3]
568 1054 [8]
415 1217 [1]
548 1084 [2]
403 1224 [7]
280 1356 [0]
460 1176 [0]
61 1568 [5]
392 1243 [1]
459 1174 [7]
600 1026 [3]
301 1336 [0]
543 1089 [10]
239 1392 [3]
121 1513 [9]
622 1018 [0]
692 948 [0]
264 1368 [10]
500 1141 [0]
220 1415 [4]
282 1358 [11]
223 1410 [8]
216 1417 [4]
267 1373 [3]
571 1073 [0]
602 1036 [3]
173 1460 [11]
749 896 [0]
512 1122 [4]
161 1485 [0]
424 1216 [2]
259 1379 [8]
565 1082 [0]
182 1456 [6]
304 1343 [1]
766 883 [1]
496 1155 [0]
230 1414 [4]
500 1146 [7]
499 1147 [7]
592 1056 [8]
665 978 [9]
446 1205 [0]
349 1303 [0]
576 1076 [0]
365 1277 [10]
290 1358 [3]
551 1092 [4]
186 1461 [2]
410 1237 [9]
232 1424 [0]
661 984 [8]
223 1424 [9]
687 963 [9]
117 1541 [0]
164 1484 [3]
118 1540 [5]
785 873 [1]
239 1416 [8]
746 907 [4]
591 1064 [7]
146 1506 [9]
104 1552 [3]
763 891 [5]
189 1470 [1]
496 1161 [10]
479 1179 [3]
402 1253 [2]
677 985 [0]
669 988 [7]
171 1487 [6]
366 1288 [10]
192 1461 [2]
173 1479 [6]
370 1291 [3]
386 1272 [6]
699 956 [10]
450 1213 [2]
183 1477 [7]
153 1512 [1]
413 1248 [3]
94 1562 [5]
455 1202 [7]
684 982 [11]
589 1079 [0]
719 947 [2]
631 1029 [8]
821 848 [0]
540 1119 [9]
507 1163 [0]
86 1585 [0]
826 845 [0]
199 1469 [0]
260 1410 [3]
806 868 [0]
579 1095 [0]
253 1415 [8]
496 1170 [8]
305 1369 [6]
339 1325 [9]
331 1338 [8]
287 1378 [6]
496 1178 [1]
505 1166 [9]
549 1127 [0]
653 1017 [7]
640 1026 [2]
773 904 [0]
291 1385 [10]
444 1233 [11]
416 1262 [0]
189 1482 [4]
132 1542 [8]
541 1135 [0]
192 1485 [0]
517 1164 [0]
468 1209 [5]
142 1535 [7]
204 1474 [7]
531 1145 [5]
460 1217 [7]
215 1464 [3]
349 1334 [0]
613 1070 [0]
91 1584 [10]
480 1200 [8]
149 1523 [11]
583 1100 [0]
223 1453 [8]
771 904 [9]
525 1155 [0]
708 970 [9]
817 859 [9]
438 1241 [8]
209 1479 [0]
312 1369 [4]
222 1459 [2]
402 1286 [6]
786 893 [11]
655 1031 [10]
674 1016 [0]
729 961 [0]
561 1128 [1]
466 1222 [2]
467 1213 [5]
537 1154 [0]
101 1588 [9]
552 1140 [0]
418 1266 [7]
385 1301 [9]
515 1169 [3]
673 1018 [7]
232 1460 [1]
401 1293 [0]
413 1281 [0]
842 852 [0]
493 1197 [6]
415 1268 [5]
478 1215 [0]
228 1460 [8]
477 1220 [0]
695 1002 [0]
728 969 [0]
197 1498 [2]
463 1226 [10]
450 1239 [9]
503 1196 [0]
564 1135 [0]
534 1155 [9]
203 1486 [10]
529 1171 [0]
157 1532 [9]
403 1295 [3]
780 919 [2]
436 1266 [0]
738 965 [0]
510 1191 [2]
409 1286 [9]
321 1384 [0]
125 1577 [3]
709 997 [0]
210 1488 [10]
198 1506 [2]
561 1143 [2]
494 1206 [4]
478 1220 [9]
362 1336 [10]
523 1185 [11]
494 1204 [11]
458 1252 [0]
823 887 [0]
710 993 [7]
153 1551 [5]
136 1568 [2]
483 1231 [0]
776 929 [10]
848 861 [7]
650 1063 [11]
343 1363 [3]
515 1199 [0]
548 1167 [1]
817 889 [9]
343 1367 [9]
336 1381 [0]
415 1302 [0]
605 1112 [0]
379 1329 [9]
290 1422 [3]
371 1335 [11]
591 1127 [0]
846 872 [0]
793 919 [5]
800 919 [5]
462 1254 [8]
367 1349 [4]
766 953 [2]
528 1192 [6]
174 1543 [10]
403 1315 [2]
203 1511 [9]
287 1430 [9]
544 1179 [0]
454 1260 [10]
264 1456 [3]
401 1313 [11]
851 864 [8]
831 893 [0]
365 1349 [4]
230 1492 [2]
337 1376 [3]
613 1104 [7]
184 1534 [8]
627 1097 [0]
279 1447 [0]
480 1246 [0]
762 966 [0]
191 1528 [4]
437 1292 [0]
291 1433 [10]
336 1393 [0]
503 1222 [7]
128 1595 [2]
299 1420 [6]
672 1054 [9]
359 1363 [4]
132 1592 [8]
768 953 [8]
406 1317 [9]
276 1456 [11]
448 1283 [2]
175 1548 [7]
422 1302 [11]
757 976 [9]
659 1076 [0]
734 1001 [0]
493 1241 [11]
358 1378 [0]
717 1019 [0]
820 916 [0]
684 1050 [6]
258 1472 [5]
723 1009 [4]
645 1090 [3]
399 1329 [9]
514 1224 [0]
384 1349 [4]
801 929 [5]
758 982 [0]
668 1069 [1]
177 1558 [2]
647 1096 [0]
571 1169 [1]
220 1520 [1]
207 1529 [5]
629 1109 [8]
605 1140 [0]
818 927 [0]
309 1437 [0]
407 1339 [0]
734 1008 [4]
525 1218 [7]
281 1455 [3]
643 1103 [11]
618 1121 [9]
428 1316 [7]
411 1329 [8]
195 1549 [9]
396 1351 [0]
236 1508 [8]
578 1170 [2]
274 1471 [9]
779 972 [0]
361 1391 [0]
395 1346 [4]
170 1578 [9]
431 1313 [10]
862 884 [7]
600 1150 [8]
628 1126 [1]
347 1397 [2]
377 1379 [0]
232 1523 [1]
739 1016 [1]
772 986 [0]
175 1575 [8]
584 1174 [0]
181 1576 [2]
287 1461 [3]
594 1162 [4]
405 1347 [9]
826 934 [1]
285 1470 [4]
372 1382 [8]
293 1457 [11]
578 1184 [0]
579 1182 [1]
322 1440 [6]
384 1380 [0]
444 1320 [0]
828 936 [0]
615 1139 [10]
423 1336 [5]
402 1356 [0]
593 1172 [0]
219 1542 [2]
445 1321 [0]
564 1201 [1]
463 1295 [10]
368 1392 [2]
505 1251 [2]
667 1095 [7]
405 1356 [0]
407 1353 [11]
240 1530 [0]
593 1177 [0]
879 891 [0]
338 1428 [7]
606 1157 [3]
199 1572 [0]
476 1288 [4]
868 900 [8]
753 1009 [3]
312 1456 [7]
617 1155 [0]
872 891 [8]
797 977 [0]
193 1572 [8]
340 1428 [2]
201 1571 [3]
555 1215 [6]
673 1104 [0]
883 887 [3]
689 1077 [11]
489 1280 [8]
173 1599 [2]
751 1022 [6]
834 943 [8]
839 938 [8]
761 1015 [10]
288 1490 [7]
574 1202 [8]
535 1242 [6]
703 1082 [5]
285 1498 [7]
410 1372 [3]
649 1131 [4]
593 1194 [0]
808 979 [0]
453 1331 [0]
767 1021 [0]
233 1554 [1]
794 995 [0]
677 1106 [4]
336 1454 [0]
197 1584 [4]
474 1317 [5]
855 937 [0]
874 913 [3]
440 1353 [0]
637 1157 [0]
523 1260 [4]
363 1432 [0]
200 1597 [0]
885 912 [0]
391 1401 [7]
192 1597 [9]
471 1318 [8]
391 1403 [4]
750 1049 [11]
377 1424 [0]
777 1020 [5]
683 1114 [6]
577 1220 [6]
711 1093 [0]
234 1564 [3]
556 1240 [10]
564 1230 [10]
605 1194 [3]
558 1248 [0]
847 960 [0]
797 1011 [0]
512 1290 [4]
429 1377 [3]
744 1062 [3]
409 1396 [7]
343 1464 [9]
379 1423 [4]
389 1414 [4]
673 1135 [3]
791 1018 [0]
803 1010 [0]
398 1414 [1]
473 1333 [8]
282 1528 [8]
236 1576 [8]
769 1046 [0]
589 1227 [0]
510 1298 [3]
642 1175 [0]
772 1034 [5]
527 1280 [8]
868 950 [0]
283 1527 [10]
649 1169 [1]
536 1281 [7]
433 1383 [1]
418 1400 [3]
403 1407 [3]
224 1597 [11]
703 1115 [10]
456 1365 [11]
708 1114 [0]
233 1590 [0]
264 1558 [1]
407 1415 [1]
523 1293 [8]
558 1258 [2]
636 1177 [4]
473 1344 [8]
676 1141 [8]
516 1309 [0]
687 1131 [7]
229 1594 [7]
621 1196 [9]
720 1108 [0]
413 1412 [1]
531 1288 [10]
848 976 [3]
298 1531 [0]
532 1297 [0]
476 1350 [5]
692 1128 [4]
709 1114 [6]
319 1501 [6]
833 989 [9]
689 1132 [9]
536 1293 [1]
586 1245 [0]
671 1152 [8]
714 1114 [3]
534 1294 [4]
493 1338 [9]
569 1257 [2]
474 1350 [3]
719 1115 [0]
460 1367 [4]
662 1173 [0]
632 1200 [8]
324 1513 [0]
869 969 [0]
400 1428 [10]
488 1351 [0]
568 1271 [0]
426 1405 [8]
273 1556 [3]
610 1224 [9]
698 1140 [4]
733 1107 [4]
885 955 [0]
905 935 [0]
233 1598 [5]
869 963 [8]
821 1018 [2]
400 1432 [8]
507 1326 [10]
545 1291 [4]
505 1327 [2]
868 974 [0]
300 1536 [4]
453 1389 [1]
604 1233 [8]
417 1418 [9]
890 956 [0]
846 999 [1]
564 1276 [4]
253 1588 [8]
464 1372 [5]
903 943 [0]
285 1553 [4]
629 1209 [7]
268 1570 [10]
729 1120 [0]
861 985 [3]
431 1419 [0]
269 1574 [4]
308 1538 [4]
462 1387 [1]
455 1387 [7]
470 1378 [11]
333 1510 [8]
379 1469 [4]
821 1025 [4]
632 1218 [1]
477 1366 [10]
461 1383 [8]
677 1166 [10]
763 1084 [9]
634 1219 [0]
927 929 [0]
813 1037 [4]
506 1352 [0]
688 1170 [0]
742 1116 [0]
535 1313 [7]
867 987 [4]
585 1274 [0]
612 1247 [0]
625 1234 [0]
558 1300 [1]
420 1431 [4]
541 1313 [9]
524 1337 [0]
308 1544 [4]
540 1316 [7]
672 1184 [0]
708 1145 [10]
303 1554 [8]
732 1124 [8]
748 1117 [0]
670 1192 [4]
474 1389 [3]
824 1043 [0]
366 1490 [10]
490 1378 [0]
539 1329 [0]
924 940 [4]
882 983 [7]
486 1377 [8]
383 1482 [8]
550 1316 [2]
514 1358 [0]
675 1197 [0]
743 1130 [0]
692 1178 [1]
741 1133 [0]
852 1022 [0]
731 1137 [4]
491 1384 [0]
822 1048 [7]
583 1292 [0]
543 1327 [10]
351 1526 [0]
602 1264 [11]
667 1208 [3]
872 995 [4]
613 1265 [1]
776 1104 [0]
673 1203 [4]
624 1250 [2]
815 1060 [10]
576 1297 [9]
448 1434 [2]
525 1350 [7]
892 993 [0]
626 1250 [10]
839 1046 [0]
843 1042 [0]
913 971 [11]
864 1022 [0]
420 1458 [4]
788 1090 [8]
332 1546 [9]
705 1180 [0]
857 1031 [0]
818 1065 [8]
880 1009 [0]
365 1525 [0]
774 1114 [7]
398 1487 [4]
659 1225 [8]
501 1379 [6]
754 1135 [0]
703 1182 [9]
294 1588 [10]
841 1042 [9]
783 1110 [0]
428 1457 [8]
943 950 [1]
732 1163 [0]
876 1019 [0]
586 1308 [6]
442 1454 [0]
396 1489 [7]
420 1473 [8]
581 1308 [8]
346 1542 [4]
497 1399 [2]
603 1297 [0]
428 1470 [1]
835 1055 [8]
345 1546 [3]
299 1598 [3]
421 1480 [0]
922 979 [0]
382 1510 [10]
430 1467 [4]
425 1467 [2]
828 1067 [8]
717 1187 [1]
725 1179 [11]
510 1390 [6]
696 1207 [8]
754 1150 [8]
394 1507 [2]
333 1574 [3]
415 1496 [1]
470 1443 [0]
586 1319 [7]
708 1203 [7]
435 1472 [9]
369 1542 [0]
449 1456 [9]
556 1355 [3]
409 1505 [4]
543 1370 [2]
630 1285 [10]
912 1002 [2]
607 1302 [3]
670 1247 [0]
412 1494 [4]
805 1110 [3]
581 1338 [0]
698 1222 [6]
598 1323 [0]
738 1183 [0]
733 1189 [0]
325 1593 [8]
689 1231 [2]
606 1313 [7]
831 1092 [0]
351 1573 [0]
860 1054 [7]
522 1392 [10]
922 1003 [0]
730 1196 [0]
906 1020 [0]
830 1092 [4]
719 1199 [8]
431 1491 [2]
715 1212 [0]
692 1232 [8]
530 1387 [7]
943 984 [0]
574 1355 [11]
368 1555 [10]
477 1448 [4]
553 1380 [0]
388 1546 [0]
721 1213 [0]
503 1429 [2]
679 1245 [11]
939 996 [0]
399 1531 [7]
527 1405 [3]
660 1271 [9]
657 1268 [5]
960 969 [9]
507 1424 [1]
596 1341 [2]
674 1262 [3]
842 1092 [4]
805 1136 [0]
479 1458 [10]
606 1324 [7]
408 1524 [9]
803 1139 [0]
653 1282 [7]
966 976 [9]
707 1237 [0]
352 1590 [7]
490 1456 [0]
478 1462 [4]
955 982 [10]
380 1567 [6]
684 1263 [11]
492 1457 [0]
607 1333 [9]
487 1463 [0]
382 1557 [10]
496 1446 [7]
848 1092 [10]
580 1362 [8]
754 1195 [0]
610 1340 [1]
472 1469 [10]
686 1259 [8]
453 1497 [0]
763 1181 [9]
869 1078 [6]
466 1479 [8]
466 1484 [4]
870 1082 [0]
372 1578 [2]
828 1118 [8]
915 1041 [0]
417 1536 [1]
672 1276 [9]
605 1345 [6]
734 1216 [4]
862 1089 [10]
526 1426 [4]
822 1127 [9]
866 1095 [0]
911 1044 [6]
813 1149 [0]
707 1250 [0]
709 1247 [8]
976 981 [6]
383 1573 [8]
882 1075 [8]
971 988 [6]
621 1345 [0]
648 1318 [0]
817 1148 [3]
606 1352 [7]
922 1036 [10]
865 1099 [7]
569 1400 [0]
971 998 [0]
721 1250 [0]
741 1220 [10]
801 1168 [0]
506 1466 [0]
746 1227 [0]
902 1071 [0]
457 1509 [4]
700 1268 [6]
832 1141 [6]
698 1276 [6]
464 1510 [1]
650 1325 [0]
745 1230 [1]
900 1075 [8]
944 1032 [2]
469 1499 [4]
754 1215 [1]
416 1554 [10]
624 1355 [9]
549 1432 [0]
978 1003 [0]
685 1293 [8]
869 1113 [0]
786 1192 [7]
796 1188 [0]
626 1353 [7]
690 1295 [0]
779 1201 [10]
551 1426 [5]
659 1318 [8]
765 1212 [11]
669 1308 [9]
601 1378 [11]
785 1195 [8]
913 1071 [3]
732 1258 [0]
620 1371 [0]
988 992 [4]
560 1431 [1]
953 1029 [2]
738 1250 [5]
561 1421 [4]
613 1378 [2]
953 1036 [9]
676 1318 [0]
752 1234 [5]
413 1578 [4]
850 1140 [4]
582 1406 [1]
672 1312 [7]
937 1049 [8]
469 1524 [3]
732 1257 [2]
994 998 [4]
898 1099 [0]
606 1382 [9]
992 1006 [0]
621 1367 [10]
423 1571 [5]
393 1599 [2]
455 1538 [3]
823 1175 [6]
441 1559 [0]
649 1350 [1]
716 1286 [0]
460 1536 [10]
846 1146 [10]
531 1461 [5]
945 1059 [0]
609 1384 [11]
480 1514 [4]
608 1386 [4]
522 1473 [10]
733 1270 [2]
485 1523 [9]
519 1480 [2]
579 1430 [0]
526 1485 [0]
907 1103 [9]
613 1391 [7]
740 1271 [1]
946 1067 [0]
724 1290 [0]
977 1036 [1]
791 1220 [0]
451 1565 [0]
717 1293 [4]
961 1049 [6]
605 1406 [5]
451 1566 [0]
959 1058 [0]
975 1042 [0]
795 1220 [7]
574 1438 [3]
717 1291 [4]
633 1380 [8]
470 1550 [0]
545 1475 [1]
569 1442 [5]
477 1545 [1]
825 1196 [0]
625 1399 [0]
881 1143 [0]
700 1318 [6]
746 1279 [0]
616 1407 [2]
458 1567 [0]
681 1343 [4]
601 1426 [0]
663 1363 [1]
679 1344 [2]
916 1108 [4]
526 1502 [1]
653 1372 [3]
497 1527 [2]
550 1471 [10]
1003 1020 [9]
706 1326 [0]
713 1320 [0]
793 1240 [0]
650 1384 [0]
879 1153 [7]
654 1378 [3]
448 1581 [8]
573 1454 [11]
627 1409 [1]
786 1250 [0]
497 1529 [3]
532 1504 [1]
632 1406 [0]
694 1344 [0]
957 1072 [10]
671 1357 [10]
801 1239 [0]
1005 1035 [0]
928 1110 [1]
822 1211 [4]
489 1542 [7]
861 1177 [2]
987 1044 [9]
704 1338 [0]
582 1459 [11]
840 1203 [0]
648 1386 [5]
879 1165 [0]
728 1306 [10]
927 1114 [4]
936 1103 [0]
929 1116 [0]
624 1418 [6]
641 1406 [0]
551 1493 [0]
998 1045 [4]
487 1560 [1]
893 1152 [7]
913 1135 [0]
991 1059 [0]
757 1292 [0]
618 1430 [3]
566 1486 [0]
552 1489 [7]
463 1589 [1]
939 1114 [7]
454 1596 [4]
738 1308 [8]
747 1308 [0]
921 1134 [0]
780 1274 [1]
758 1296 [1]
696 1358 [11]
775 1281 [0]
786 1270 [0]
772 1273 [10]
851 1200 [2]
680 1370 [3]
950 1105 [1]
861 1195 [3]
841 1211 [10]
638 1410 [11]
704 1355 [0]
875 1184 [0]
878 1183 [0]
977 1082 [2]
857 1204 [11]
545 1511 [4]
961 1102 [1]
489 1570 [7]
858 1208 [0]
987 1079 [0]
502 1565 [0]
729 1333 [7]
808 1254 [7]
862 1203 [3]
658 1412 [0]
894 1176 [0]
951 1119 [0]
594 1474 [7]
622 1449 [0]
569 1497 [0]
599 1472 [1]
496 1574 [2]
542 1519 [4]
840 1233 [0]
523 1547 [8]
763 1308 [0]
718 1356 [0]
997 1078 [0]
498 1573 [4]
973 1091 [7]
510 1560 [8]
705 1367 [3]
848 1228 [0]
798 1272 [0]
669 1399 [10]
485 1591 [4]
634 1441 [2]
822 1256 [0]
832 1244 [3]
882 1193 [6]
949 1124 [7]
885 1189 [2]
622 1458 [1]
892 1179 [10]
972 1103 [6]
963 1120 [0]
704 1379 [4]
990 1094 [0]
882 1194 [8]
898 1184 [2]
547 1531 [9]
679 1396 [10]
710 1373 [3]
957 1119 [9]
757 1330 [0]
986 1096 [5]
529 1557 [1]
523 1562 [2]
592 1487 [9]
754 1332 [11]
886 1195 [6]
528 1551 [4]
579 1500 [11]
964 1117 [10]
907 1179 [2]
509 1584 [0]
675 1418 [0]
795 1299 [0]
522 1570 [1]
749 1338 [7]
919 1166 [4]
517 1580 [0]
978 1114 [7]
993 1105 [0]
516 1576 [5]
914 1184 [1]
803 1291 [7]
798 1294 [9]
884 1217 [0]
524 1576 [8]
699 1392 [4]
660 1433 [8]
893 1210 [0]
569 1529 [11]
642 1451 [10]
836 1268 [0]
572 1526 [4]
864 1241 [0]
908 1188 [9]
941 1163 [1]
566 1530 [8]
841 1257 [8]
991 1116 [0]
664 1432 [6]
767 1341 [0]
960 1146 [2]
637 1473 [0]
697 1409 [4]
671 1434 [5]
678 1429 [4]
645 1463 [7]
569 1542 [1]
611 1490 [4]
878 1228 [4]
1012 1101 [0]
560 1547 [2]
781 1321 [11]
978 1136 [0]
899 1214 [1]
722 1384 [10]
700 1409 [5]
1043 1065 [6]
615 1500 [1]
970 1142 [4]
744 1364 [8]
618 1494 [9]
998 1111 [4]
1007 1111 [0]
624 1484 [8]
804 1317 [0]
805 1315 [1]
952 1164 [2]
906 1213 [2]
867 1247 [5]
778 1345 [0]
987 1137 [0]
608 1510 [5]
607 1512 [4]
656 1471 [0]
551 1572 [2]
625 1500 [0]
882 1242 [6]
1044 1082 [6]
903 1217 [11]
544 1581 [4]
795 1335 [0]
835 1291 [3]
986 1135 [8]
554 1579 [0]
898 1237 [0]
1052 1078 [0]
990 1141 [6]
1031 1097 [8]
988 1150 [1]
1020 1111 [9]
876 1255 [10]
755 1387 [0]
624 1510 [7]
951 1187 [5]
561 1581 [2]
747 1390 [9]
924 1221 [0]
1024 1121 [0]
806 1330 [10]
811 1336 [0]
567 1575 [4]
731 1406 [9]
951 1197 [4]
654 1490 [7]
785 1360 [7]
614 1535 [1]
1036 1112 [3]
1032 1108 [4]
890 1261 [0]
670 1482 [0]
906 1243 [4]
856 1288 [5]
854 1299 [0]
557 1597 [0]
1024 1131 [0]
609 1537 [4]
829 1318 [5]
969 1181 [2]
574 1572 [9]
925 1222 [9]
949 1208 [0]
561 1588 [5]
759 1392 [2]
940 1215 [0]
887 1269 [8]
691 1469 [0]
710 1442 [7]
975 1183 [3]
799 1362 [0]
1012 1149 [0]
722 1441 [0]
842 1322 [0]
723 1441 [0]
707 1459 [0]
933 1233 [0]
684 1471 [3]
1033 1134 [0]
568 1590 [5]
692 1470 [4]
819 1344 [6]
1063 1106 [0]
1064 1106 [0]
719 1450 [4]
1019 1149 [3]
762 1410 [0]
712 1459 [1]
699 1465 [5]
719 1448 [2]
640 1528 [8]
751 1414 [7]
840 1333 [0]
716 1455 [0]
956 1215 [7]
644 1529 [2]
996 1180 [0]
710 1459 [8]
619 1547 [10]
607 1562 [2]
598 1580 [0]
981 1197 [0]
704 1469 [5]
642 1528 [10]
833 1347 [0]
786 1394 [0]
643 1529 [10]
723 1456 [0]
713 1468 [2]
811 1371 [0]
759 1413 [4]
1009 1166 [7]
1064 1117 [2]
592 1584 [2]
603 1576 [5]
802 1383 [1]
668 1507 [5]
874 1313 [0]
909 1279 [0]
700 1477 [10]
610 1578 [1]
761 1429 [0]
697 1483 [3]
1041 1152 [0]
984 1208 [0]
658 1536 [0]
1034 1160 [0]
673 1511 [10]
751 1441 [2]
753 1442 [0]
886 1300 [7]
835 1350 [7]
713 1477 [6]
1055 1142 [0]
831 1366 [0]
810 1384 [11]
635 1559 [5]
684 1504 [11]
749 1453 [0]
870 1327 [2]
809 1391 [3]
797 1405 [7]
1086 1118 [0]
614 1586 [4]
765 1430 [11]
727 1478 [0]
739 1462 [11]
970 1233 [7]
695 1508 [4]
827 1381 [0]
863 1345 [0]
1025 1173 [10]
1067 1138 [0]
1030 1181 [0]
1057 1154 [0]
942 1258 [4]
839 1372 [0]
983 1227 [1]
1020 1186 [3]
917 1286 [10]
804 1406 [6]
795 1419 [0]
709 1498 [3]
760 1457 [0]
709 1499 [7]
688 1518 [4]
1095 1122 [0]
1049 1166 [7]
998 1210 [5]
949 1270 [0]
699 1521 [0]
782 1438 [0]
1107 1113 [4]
1034 1183 [5]
1054 1165 [2]
772 1444 [2]
1075 1137 [10]
981 1242 [0]
740 1484 [0]
693 1523 [8]
853 1373 [0]
1007 1208 [5]
947 1280 [0]
861 1358 [8]
950 1276 [0]
939 1282 [5]
980 1249 [0]
638 1584 [2]
877 1353 [0]
725 1504 [11]
970 1256 [11]
831 1399 [1]
984 1247 [0]
977 1255 [0]
781 1451 [0]
988 1244 [0]
717 1514 [1]
1071 1162 [0]
1090 1143 [0]
907 1317 [9]
692 1540 [6]
891 1341 [2]
740 1495 [0]
1020 1213 [2]
878 1356 [3]
927 1308 [2]
827 1411 [0]
1082 1145 [10]
1035 1204 [0]
805 1425 [5]
876 1356 [7]
699 1531 [10]
1012 1223 [4]
725 1507 [2]
839 1404 [0]
1024 1215 [3]
784 1462 [0]
880 1356 [9]
1076 1168 [7]
938 1299 [11]
1038 1210 [1]
959 1289 [1]
643 1598 [10]
683 1565 [7]
1111 1136 [4]
927 1326 [0]
883 1371 [1]
1069 1187 [0]
795 1452 [10]
788 1459 [8]
689 1559 [10]
818 1432 [10]
1123 1132 [1]
832 1419 [8]
894 1359 [4]
993 1257 [10]
1057 1204 [0]
707 1550 [5]
936 1319 [7]
1042 1215 [11]
788 1470 [4]
728 1536 [1]
710 1547 [7]
1042 1220 [7]
843 1420 [7]
1032 1235 [0]
880 1388 [0]
747 1520 [1]
1030 1233 [5]
729 1536 [1]
676 1593 [1]
765 1501 [5]
1050 1222 [0]
975 1293 [2]
919 1350 [1]
673 1594 [6]
702 1572 [0]
1075 1200 [0]
1108 1157 [5]
1114 1161 [1]
1120 1145 [10]
829 1448 [0]
931 1346 [0]
755 1521 [1]
1103 1164 [7]
846 1424 [7]
1108 1170 [0]
734 1537 [5]
1051 1228 [0]
772 1496 [10]
759 1513 [4]
744 1531 [3]
938 1332 [9]
1051 1230 [1]
719 1553 [4]
944 1339 [2]
983 1302 [1]
1040 1244 [0]
837 1450 [4]
834 1455 [2]
1107 1173 [4]
802 1480 [8]
1093 1195 [11]
972 1321 [0]
1081 1214 [0]
806 1490 [0]
724 1571 [1]
897 1392 [9]
763 1523 [11]
876 1422 [0]
933 1365 [0]
710 1587 [10]
707 1588 [0]
902 1397 [0]
782 1518 [0]
1048 1252 [0]
1025 1270 [4]
796 1500 [6]
995 1307 [0]
707 1595 [1]
823 1473 [3]
990 1314 [0]
791 1508 [9]
891 1411 [3]
937 1369 [0]
1117 1184 [8]
781 1525 [0]
737 1571 [0]
1137 1162 [11]
990 1317 [1]
730 1568 [10]
841 1460 [8]
1110 1195 [11]
985 1325 [0]
770 1532 [2]
834 1471 [7]
1136 1166 [10]
1007 1294 [10]
910 1402 [0]
1131 1181 [0]
764 1549 [5]
717 1592 [0]
713 1595 [3]
1048 1269 [0]
929 1379 [10]
857 1454 [8]
870 1444 [9]
1107 1211 [1]
936 1377 [4]
737 1584 [0]
821 1501 [0]
959 1362 [1]
953 1358 [6]
950 1372 [0]
1032 1291 [0]
1008 1316 [0]
944 1378 [2]
959 1367 [1]
819 1500 [6]
1000 1328 [0]
1058 1271 [0]
901 1428 [1]
1051 1279 [0]
851 1475 [5]
991 1337 [7]
937 1394 [0]
966 1364 [1]
1052 1273 [4]
1136 1186 [10]
985 1340 [5]
807 1527 [0]
1029 1306 [0]
858 1478 [0]
845 1489 [1]
878 1453 [7]
1073 1264 [0]
1055 1283 [0]
845 1484 [10]
887 1444 [3]
860 1473 [3]
1070 1272 [0]
1157 1186 [0]
948 1384 [11]
951 1391 [3]
1106 1240 [1]
1084 1266 [0]
1173 1177 [0]
786 1563 [0]
1115 1233 [3]
1035 1308 [9]
989 1358 [0]
1135 1219 [0]
787 1566 [1]
780 1566 [5]
946 1410 [0]
1151 1205 [0]
861 1488 [5]
1049 1306 [8]
1117 1241 [0]
999 1356 [5]
915 1440 [10]
780 1574 [5]
1099 1256 [8]
844 1521 [0]
1047 1319 [0]
1006 1356 [2]
1042 1324 [1]
774 1594 [0]
1159 1213 [11]
908 1458 [10]
867 1494 [4]
940 1424 [8]
1168 1197 [10]
1002 1362 [10]
1042 1321 [9]
1021 1352 [1]
1155 1217 [7]
986 1390 [0]
1075 1301 [0]
828 1541 [4]
871 1506 [0]
1123 1254 [1]
1010 1363 [5]
807 1575 [0]
924 1453 [5]
1058 1320 [11]
1025 1358 [0]
942 1442 [0]
1062 1323 [0]
870 1509 [2]
1019 1362 [5]
926 1462 [0]
995 1393 [0]
1035 1348 [5]
1026 1366 [0]
963 1423 [5]
822 1565 [7]
969 1415 [5]
872 1511 [10]
1095 1298 [0]
1054 1341 [0]
963 1431 [1]
1139 1256 [11]
919 1479 [0]
1141 1253 [1]
1127 1261 [10]
1150 1242 [5]
1119 1278 [5]
1017 1380 [10]
910 1491 [0]
981 1409 [10]
1181 1219 [2]
1098 1305 [0]
1099 1305 [0]
844 1557 [5]
889 1512 [10]
836 1568 [1]
943 1461 [1]
1087 1318 [1]
917 1490 [0]
959 1448 [0]
968 1440 [0]
1058 1349 [1]
960 1444 [7]
903 1506 [1]
1121 1290 [0]
947 1466 [0]
1088 1326 [0]
1112 1293 [9]
882 1522 [2]
1024 1381 [10]
1053 1363 [0]
1112 1301 [3]
969 1445 [4]
1004 1420 [0]
1061 1363 [0]
1080 1337 [7]
1105 1319 [0]
1175 1240 [10]
964 1462 [0]
1206 1220 [1]
967 1453 [5]
1064 1365 [0]
1188 1231 [4]
932 1500 [0]
1070 1360 [2]
1016 1416 [1]
1103 1320 [1]
1015 1420 [0]
1018 1408 [5]
1077 1347 [2]
1188 1248 [0]
1124 1311 [1]
907 1524 [4]
979 1459 [0]
929 1501 [11]
890 1549 [11]
879 1553 [4]
1147 1294 [0]
920 1518 [3]
1045 1400 [0]
943 1503 [0]
954 1491 [1]
1209 1237 [1]
899 1544 [4]
1173 1273 [1]
931 1517 [0]
1185 1264 [0]
1089 1361 [0]
1013 1432 [5]
1073 1379 [3]
918 1537 [0]
1198 1258 [0]
1012 1442 [2]
921 1534 [2]
1098 1360 [0]
1187 1262 [10]
858 1599 [1]
1222 1228 [10]
914 1548 [0]
1151 1302 [8]
949 1506 [11]
1213 1251 [7]
961 1498 [4]
869 1594 [2]
1144 1321 [10]
908 1552 [4]
1100 1359 [5]
951 1516 [4]
896 1564 [4]
898 1566 [5]
1030 1444 [0]
912 1564 [0]
976 1491 [9]
962 1516 [0]
995 1483 [0]
1148 1332 [0]
1232 1242 [2]
925 1545 [7]
1136 1334 [10]
1006 1474 [0]
966 1514 [1]
1070 1403 [5]
1064 1417 [1]
916 1562 [5]
1223 1259 [2]
1191 1290 [0]
1208 1275 [1]
1202 1283 [0]
1137 1348 [1]
902 1583 [6]
1225 1263 [0]
1028 1459 [1]
931 1556 [1]
1242 1244 [7]
977 1511 [1]
1159 1331 [0]
1173 1314 [7]
931 1559 [1]
946 1541 [5]
1029 1464 [0]
1111 1382 [0]
1076 1408 [4]
1247 1249 [7]
1156 1342 [0]
975 1513 [10]
1118 1370 [10]
980 1517 [0]
1195 1304 [0]
1095 1404 [0]
1007 1493 [1]
1133 1369 [0]
948 1549 [7]
1063 1430 [11]
952 1549 [7]
1045 1453 [6]
921 1581 [2]
1200 1304 [2]
913 1583 [3]
1013 1496 [0]
1162 1347 [0]
939 1566 [4]
984 1529 [0]
1041 1465 [4]
1127 1382 [2]
912 1590 [5]
1116 1397 [1]
997 1511 [3]
995 1519 [0]
1136 1377 [0]
1152 1360 [3]
965 1544 [5]
1197 1318 [7]
1088 1429 [0]
1119 1388 [11]
1108 1408 [0]
937 1583 [6]
1075 1446 [0]
1122 1401 [0]
1112 1403 [8]
1088 1435 [4]
1037 1487 [0]
952 1569 [7]
1008 1517 [0]
1230 1296 [0]
1097 1430 [0]
1129 1398 [0]
1198 1329 [0]
1088 1432 [10]
1036 1480 [2]
1064 1457 [6]
1205 1321 [7]
1190 1347 [0]
1237 1299 [2]
1110 1419 [9]
1202 1329 [5]
968 1571 [0]
1248 1286 [6]
1267 1275 [0]
1154 1390 [0]
963 1581 [7]
1032 1518 [0]
1239 1301 [5]
1000 1553 [0]
982 1570 [1]
972 1576 [4]
1124 1422 [3]
1215 1338 [11]
1191 1358 [5]
1210 1346 [0]
1000 1557 [0]
982 1567 [10]
1263 1291 [5]
1164 1396 [1]
1192 1363 [10]
1082 1469 [10]
1255 1306 [1]
971 1594 [0]
1026 1539 [0]
1092 1473 [0]
1257 1309 [0]
1058 1507 [1]
1222 1344 [1]
1005 1557 [5]
1225 1337 [9]
1269 1303 [0]
1160 1410 [0]
1264 1310 [1]
1105 1469 [1]
1263 1303 [10]
1168 1409 [0]
1105 1471 [1]
972 1595 [4]
1103 1471 [7]
1176 1400 [3]
1235 1338 [4]
1245 1331 [4]
1163 1419 [2]
1145 1440 [0]
1146 1439 [0]
1221 1366 [0]
1292 1296 [0]
1154 1433 [1]
1282 1305 [1]
1234 1351 [4]
1215 1371 [8]
1272 1322 [0]
1261 1322 [4]
1125 1470 [0]
1117 1469 [10]
1263 1333 [0]
1117 1474 [2]
1191 1407 [0]
1270 1319 [11]
1055 1544 [0]
1045 1547 [10]
1073 1524 [2]
1276 1326 [1]
1051 1550 [0]
1238 1368 [0]
1085 1522 [0]
1032 1575 [1]
1174 1435 [0]
1023 1585 [1]
1001 1598 [10]
1137 1474 [0]
1099 1509 [0]
1223 1379 [10]
1078 1527 [8]
1175 1437 [0]
1077 1535 [10]
1261 1345 [4]
1050 1564 [0]
1074 1540 [0]
1024 1592 [1]
1060 1559 [0]
1069 1551 [0]
1063 1549 [5]
1247 1374 [1]
1232 1392 [0]
1278 1350 [0]
1179 1439 [10]
1257 1365 [6]
1163 1459 [6]
1297 1330 [2]
1291 1339 [0]
1027 1595 [1]
1280 1345 [10]
1106 1528 [1]
1185 1446 [4]
1194 1441 [1]
1216 1421 [0]
1296 1337 [8]
1091 1548 [0]
1280 1359 [0]
1063 1577 [0]
1313 1326 [1]
1070 1567 [4]
1223 1426 [0]
1111 1537 [1]
1092 1556 [1]
1175 1465 [10]
1130 1523 [0]
1277 1376 [0]
1124 1523 [8]
1140 1511 [3]
1181 1476 [1]
1196 1459 [3]
1226 1434 [0]
1136 1516 [5]
1299 1361 [1]
1291 1367 [0]
1197 1460 [3]
1186 1477 [0]
1173 1479 [4]
1124 1540 [0]
1229 1432 [5]
1185 1481 [1]
1312 1349 [9]
1079 1588 [1]
1163 1494 [4]
1220 1449 [0]
1071 1598 [1]
1229 1440 [0]
1076 1585 [8]
1097 1574 [0]
1327 1344 [1]
1158 1515 [0]
1231 1442 [0]
1183 1482 [5]
1174 1498 [1]
1280 1384 [10]
1086 1590 [0]
1284 1392 [0]
1140 1529 [8]
1283 1394 [0]
1188 1488 [1]
1111 1563 [0]
1237 1436 [0]
1164 1516 [0]
1326 1354 [1]
1109 1573 [0]
1168 1515 [0]
1098 1585 [0]
1146 1538 [0]
1277 1407 [0]
1204 1471 [10]
1199 1480 [8]
1258 1421 [10]
1197 1490 [2]
1147 1547 [0]
1250 1448 [1]
1322 1369 [10]
1276 1427 [0]
1249 1455 [7]
1302 1403 [1]
1276 1420 [10]
1139 1566 [2]
1199 1498 [5]
1249 1456 [0]
1138 1575 [0]
1131 1580 [0]
1297 1415 [0]
1293 1424 [4]
1174 1549 [1]
1194 1531 [0]
1165 1558 [1]
1283 1443 [1]
1319 1409 [1]
1356 1366 [10]
1204 1524 [2]
1280 1452 [0]
1262 1466 [4]
1238 1496 [8]
1160 1575 [7]
1270 1465 [1]
1252 1486 [8]
1148 1592 [5]
1227 1515 [0]
1302 1444 [0]
1257 1478 [4]
1277 1469 [0]
1325 1422 [0]
1349 1398 [0]
1257 1489 [1]
1280 1467 [0]
1305 1440 [0]
1286 1463 [0]
1289 1461 [0]
1263 1485 [7]
1247 1503 [0]
1334 1421 [0]
1334 1410 [10]
1284 1473 [0]
1263 1486 [8]
1351 1397 [2]
1364 1388 [4]
1257 1494 [4]
1276 1479 [10]
1283 1482 [6]
1183 1574 [5]
1181 1586 [1]
1185 1574 [10]
1258 1503 [10]
1260 1514 [0]
1207 1570 [0]
1270 1509 [1]
1314 1467 [2]
1332 1453 [0]
1295 1492 [0]
1284 1503 [0]
1242 1539 [10]
1256 1527 [4]
1227 1563 [0]
1255 1538 [0]
1301 1494 [1]
1354 1445 [0]
1365 1436 [1]
1379 1423 [1]
1337 1458 [4]
1239 1560 [0]
1316 1494 [0]
1204 1596 [10]
1290 1513 [0]
1279 1532 [0]
1239 1575 [0]
1225 1597 [0]
1298 1518 [11]
1242 1578 [4]
1277 1552 [7]
1266 1569 [0]
1282 1555 [0]
1268 1593 [1]
1397 1465 [1]
1288 1574 [1]
1408 1456 [1]
1284 1579 [0]
1301 1569 [0]
1397 1466 [6]
1382 1491 [0]
1386 1487 [0]
1370 1503 [5]
1306 1573 [0]
1281 1594 [7]
1352 1530 [10]
1391 1486 [9]
1398 1492 [0]
1299 1586 [5]
1322 1561 [4]
1362 1532 [0]
1329 1570 [5]
1357 1547 [0]
1345 1553 [5]
1439 1459 [10]
1372 1538 [0]
1450 1461 [0]
1377 1525 [10]
1330 1578 [5]
1396 1530 [0]
1459 1466 [5]
1394 1539 [6]
1411 1524 [0]
1370 1566 [0]
1448 1486 [8]
1356 1576 [5]
1453 1488 [1]
1380 1554 [10]
1430 1516 [0]
1411 1531 [11]
1380 1571 [4]
1461 1497 [0]
1365 1593 [1]
1398 1562 [0]
1436 1521 [5]
1377 1586 [0]
1405 1561 [0]
1434 1532 [0]
1390 1573 [10]
1413 1565 [1]
1402 1577 [0]
1462 1522 [0]
1454 1529 [0]
1442 1546 [0]
1425 1565 [1]
1473 1517 [2]
1403 1592 [0]
1485 1508 [4]
1459 1540 [3]
1484 1522 [0]
1470 1543 [0]
1449 1564 [2]
1508 1516 [1]
1454 1576 [0]
1518 1519 [0]
1441 1596 [8]
1478 1559 [1]
1458 1582 [0]
1511 1531 [0]
1448 1598 [0]
1499 1572 [1]
1513 1574 [0]
1540 1551 [10]
1541 1576 [0]
1565 1579 [1]
1563 1583 [0]
1572 1593 [0]
