32
3
11
3
5
0
13
26
24
10
21
4
17
28
2
9
12
8
14
19
7
27
18
20
23
30
31
22
25
1
15
29
16
6
0 5 [0]
2 10 [1]
5 8 [1]
1 15 [0]
6 11 [0]
5 13 [0]
8 11 [1]
8 12 [0]
9 12 [2]
6 16 [0]
8 14 [2]
9 14 [0]
5 17 [0]
11 13 [2]
4 21 [0]
1 25 [0]
11 16 [1]
4 24 [0]
10 17 [1]
8 20 [2]
11 15 [2]
2 28 [0]
14 16 [1]
10 21 [0]
15 16 [0]
1 29 [1]
14 19 [2]
9 23 [2]
6 27 [0]
10 24 [0]
13 21 [2]
7 28 [0]
16 19 [1]
8 27 [2]
4 30 [2]
6 29 [2]
18 20 [2]
12 24 [1]
11 27 [0]
12 27 [2]
13 26 [0]
17 24 [0]
20 23 [2]
18 27 [0]
16 30 [0]
19 28 [0]
21 25 [2]
20 30 [0]
19 31 [1]
20 31 [1]
22 31 [0]
23 30 [0]
23 28 [2]
21 30 [2]
23 31 [1]
25 29 [1]
25 31 [0]
27 31 [1]
