800
10
400
7
2
0
1
3
5
10
4
8
19
11
13
16
23
17
6
18
12
15
31
20
43
55
54
90
46
22
35
62
44
32
28
39
67
34
9
25
21
60
14
41
27
52
36
30
38
26
47
58
86
61
50
64
66
37
57
72
42
114
59
143
139
48
127
92
24
40
56
65
82
186
111
33
53
68
74
115
69
76
75
73
77
104
87
29
147
45
133
63
49
84
89
132
118
91
97
71
107
108
70
128
172
106
94
117
85
51
81
95
98
123
80
203
152
150
141
140
100
224
153
268
121
110
151
102
99
120
162
166
159
169
165
79
103
137
96
175
116
122
78
93
136
88
113
221
83
164
124
149
215
177
160
125
189
226
157
182
158
129
176
154
109
184
119
236
174
181
148
134
130
146
126
163
170
217
200
199
195
198
131
155
187
112
144
214
245
193
259
197
101
206
168
191
210
173
179
216
287
223
208
167
202
294
247
204
248
227
233
196
178
230
276
138
142
242
161
321
332
185
270
241
275
251
135
183
319
258
220
313
234
228
201
246
326
192
292
222
190
282
207
156
254
205
290
250
229
289
145
213
105
218
237
212
261
257
304
280
256
211
238
225
209
243
180
239
310
284
295
286
271
344
232
235
330
302
315
249
171
283
342
309
348
293
279
291
300
388
231
350
303
386
341
351
381
362
406
252
298
307
269
343
219
311
305
569
439
458
363
414
244
274
356
372
379
328
337
389
194
354
316
322
323
334
462
376
297
357
390
366
561
378
296
365
398
331
369
349
499
262
285
336
320
367
188
263
265
434
267
281
299
346
468
399
318
353
438
387
314
317
340
396
301
407
324
493
472
264
368
404
255
430
278
260
325
530
338
277
426
253
360
500
445
329
377
453
266
385
403
537
542
417
397
571
370
482
442
413
374
373
410
423
359
395
391
435
424
273
371
312
335
509
333
456
358
375
411
418
533
425
515
501
436
678
416
401
308
380
345
528
427
408
529
448
535
429
492
383
547
288
393
510
522
420
676
364
447
511
446
466
443
392
384
516
412
496
519
552
667
738
494
444
612
524
405
441
498
488
580
484
306
382
476
614
361
440
487
598
347
454
538
652
461
394
504
460
240
327
449
451
584
545
422
556
481
437
352
355
613
477
523
467
536
517
555
486
452
798
432
655
503
640
563
455
339
421
490
469
433
415
478
471
593
626
570
495
459
497
475
507
543
592
562
521
565
576
585
474
409
465
457
272
428
768
796
739
564
550
450
526
532
601
559
558
594
609
663
479
637
470
525
688
505
534
483
708
502
683
551
644
784
649
520
681
603
600
623
582
751
639
544
635
756
518
595
587
646
662
531
419
583
463
480
622
625
666
630
621
597
615
590
473
568
632
765
685
618
599
506
553
648
402
714
620
692
513
539
608
647
740
602
658
674
715
631
566
548
578
718
624
741
634
560
721
629
779
698
588
690
567
737
699
673
549
727
682
464
541
722
546
489
606
769
753
657
514
653
586
773
703
591
775
706
628
617
508
679
627
689
485
687
755
709
650
680
589
573
581
684
691
726
527
730
776
664
574
577
607
610
540
557
746
643
491
660
604
762
697
788
572
752
596
790
700
733
717
702
735
713
716
732
636
747
743
710
579
724
777
772
665
554
761
763
766
736
799
744
760
694
670
782
771
785
728
767
701
734
654
711
720
791
786
754
781
668
794
642
780
707
575
672
758
719
795
797
764
677
778
671
651
745
793
731
787
774
748
749
656
742
723
616
783
638
792
789
705
757
431
659
675
645
729
759
661
712
605
696
725
619
693
704
669
641
686
633
770
695
512
611
750
0 1 [0]
0 2 [0]
0 3 [2]
1 3 [0]
2 3 [5]
2 4 [2]
3 5 [0]
2 7 [0]
0 6 [5]
1 6 [5]
2 6 [5]
4 8 [0]
1 9 [7]
3 6 [7]
0 4 [5]
4 10 [0]
0 5 [2]
5 10 [0]
1 12 [7]
1 11 [5]
2 12 [5]
0 15 [7]
0 13 [5]
3 10 [5]
0 10 [5]
2 19 [5]
3 15 [7]
6 17 [0]
0 21 [7]
0 20 [7]
7 14 [7]
6 18 [0]
11 13 [0]
4 17 [7]
3 16 [5]
0 19 [5]
4 18 [7]
7 19 [2]
8 19 [0]
12 15 [0]
5 19 [5]
1 25 [7]
4 22 [7]
5 20 [7]
13 16 [0]
10 16 [7]
11 19 [0]
12 18 [0]
3 25 [7]
0 28 [7]
7 21 [7]
1 24 [1]
1 28 [7]
12 20 [8]
6 27 [1]
9 25 [0]
4 26 [8]
12 22 [8]
7 25 [7]
5 24 [1]
8 25 [8]
1 31 [7]
0 32 [7]
11 17 [7]
7 23 [5]
0 34 [7]
10 23 [7]
3 32 [7]
13 22 [7]
12 26 [8]
4 27 [8]
6 32 [8]
16 23 [0]
9 29 [0]
2 30 [7]
17 23 [0]
11 29 [1]
12 28 [8]
3 35 [7]
2 35 [7]
11 28 [8]
17 22 [7]
1 37 [7]
17 18 [7]
7 26 [7]
9 34 [0]
0 36 [7]
3 37 [8]
3 39 [7]
4 37 [8]
8 30 [8]
0 38 [7]
2 36 [7]
19 23 [7]
15 31 [0]
21 25 [0]
16 26 [8]
5 39 [7]
7 33 [1]
5 38 [8]
1 40 [1]
1 43 [7]
22 23 [7]
18 30 [8]
17 25 [8]
7 39 [7]
10 33 [1]
3 44 [7]
4 40 [1]
16 32 [8]
20 23 [7]
20 31 [0]
10 39 [7]
25 26 [1]
2 46 [7]
10 38 [8]
4 41 [8]
6 47 [8]
1 51 [1]
23 26 [8]
19 32 [7]
8 40 [1]
7 44 [7]
14 41 [0]
23 33 [1]
6 50 [1]
15 41 [8]
22 35 [0]
3 52 [7]
16 39 [8]
23 28 [8]
13 45 [1]
12 46 [8]
5 48 [1]
2 54 [7]
7 51 [1]
28 32 [0]
11 49 [1]
6 56 [1]
17 36 [8]
25 37 [1]
20 43 [0]
0 59 [7]
24 40 [0]
26 38 [0]
6 58 [8]
1 62 [7]
30 36 [0]
20 45 [1]
4 60 [8]
28 39 [0]
16 47 [8]
9 57 [1]
22 46 [0]
27 41 [0]
30 38 [0]
14 53 [0]
7 60 [7]
15 55 [8]
15 47 [8]
1 66 [7]
6 66 [1]
10 58 [8]
14 58 [1]
26 47 [0]
23 44 [8]
18 55 [8]
7 57 [7]
14 60 [0]
29 38 [0]
6 68 [1]
8 57 [1]
7 63 [1]
6 69 [1]
5 66 [8]
2 70 [1]
2 64 [7]
32 44 [0]
6 70 [1]
3 69 [1]
18 59 [1]
3 68 [1]
9 68 [1]
5 69 [1]
30 42 [0]
10 64 [8]
32 39 [6]
27 52 [0]
5 73 [1]
38 41 [1]
4 72 [8]
7 64 [7]
21 60 [0]
11 70 [1]
16 59 [1]
22 50 [1]
3 77 [1]
0 80 [1]
9 70 [0]
4 78 [8]
1 80 [1]
9 72 [1]
13 67 [8]
0 73 [1]
7 66 [7]
36 45 [0]
6 77 [1]
10 69 [1]
17 66 [1]
2 80 [1]
39 44 [1]
6 78 [0]
6 79 [0]
41 44 [1]
17 62 [8]
33 53 [0]
6 80 [0]
23 63 [1]
13 73 [1]
11 75 [1]
10 75 [1]
4 76 [1]
40 41 [1]
36 52 [0]
4 84 [1]
22 57 [1]
36 51 [0]
32 48 [1]
17 72 [1]
19 66 [1]
36 50 [1]
6 84 [1]
29 60 [0]
2 82 [1]
10 81 [1]
8 76 [1]
14 77 [0]
15 68 [1]
12 78 [0]
8 85 [1]
0 87 [1]
41 52 [2]
37 57 [0]
11 83 [8]
18 76 [1]
41 53 [0]
10 84 [1]
40 52 [0]
2 87 [1]
7 82 [1]
40 56 [0]
26 63 [0]
11 85 [1]
35 62 [0]
22 66 [1]
24 73 [0]
2 93 [8]
7 88 [8]
43 55 [0]
13 85 [1]
44 48 [1]
23 76 [1]
14 83 [8]
16 83 [8]
17 82 [1]
1 92 [1]
47 52 [1]
27 70 [0]
15 84 [1]
16 84 [1]
2 92 [7]
34 67 [0]
6 95 [8]
23 72 [1]
41 61 [1]
3 99 [8]
21 79 [0]
36 63 [0]
44 58 [1]
12 90 [8]
28 73 [1]
37 66 [0]
31 71 [0]
4 99 [8]
33 69 [0]
47 58 [0]
20 84 [1]
39 67 [0]
44 62 [0]
21 83 [0]
24 80 [8]
40 60 [1]
27 78 [8]
26 74 [0]
33 71 [8]
2 105 [5]
25 80 [0]
44 63 [0]
10 97 [1]
46 58 [1]
2 97 [1]
54 55 [0]
27 80 [0]
10 99 [8]
11 99 [1]
6 104 [1]
4 106 [1]
5 104 [1]
50 61 [0]
2 109 [8]
49 63 [0]
22 89 [0]
0 110 [8]
2 104 [1]
19 94 [1]
38 74 [0]
42 72 [0]
50 64 [0]
12 99 [0]
51 60 [0]
23 91 [1]
36 77 [0]
27 86 [1]
38 69 [0]
34 79 [0]
14 99 [0]
5 110 [8]
11 104 [1]
55 60 [8]
24 92 [0]
29 87 [0]
18 97 [1]
55 56 [1]
56 61 [0]
6 112 [0]
5 113 [8]
1 111 [1]
58 60 [1]
21 96 [0]
6 113 [0]
56 62 [1]
0 116 [8]
52 61 [1]
4 116 [8]
22 92 [1]
2 114 [7]
53 68 [0]
56 65 [0]
46 74 [1]
6 115 [1]
27 93 [8]
13 109 [0]
23 99 [8]
4 118 [1]
31 91 [1]
24 97 [0]
16 108 [1]
60 63 [0]
4 120 [8]
15 108 [8]
41 82 [0]
0 123 [1]
14 109 [0]
20 102 [0]
35 89 [0]
20 104 [8]
4 121 [8]
1 123 [1]
2 121 [1]
7 117 [1]
15 109 [0]
28 95 [0]
28 92 [1]
55 66 [1]
0 118 [1]
41 86 [1]
47 79 [8]
9 118 [0]
24 104 [0]
2 124 [8]
57 72 [0]
9 112 [5]
56 73 [0]
64 66 [0]
15 113 [0]
6 124 [0]
31 98 [0]
19 113 [8]
51 81 [0]
12 112 [0]
11 121 [8]
3 128 [1]
20 111 [1]
30 100 [0]
46 85 [0]
49 84 [0]
35 97 [0]
28 104 [1]
24 107 [8]
21 105 [5]
28 103 [0]
32 99 [0]
3 131 [8]
46 90 [0]
51 85 [0]
14 120 [0]
24 105 [6]
35 99 [0]
27 107 [0]
40 95 [8]
25 111 [1]
56 80 [8]
47 89 [0]
43 86 [1]
0 138 [0]
7 131 [8]
27 110 [0]
37 100 [8]
51 83 [5]
52 85 [0]
9 129 [0]
60 78 [0]
7 127 [7]
14 125 [0]
13 128 [8]
8 133 [1]
0 140 [1]
52 88 [8]
68 74 [0]
21 119 [8]
44 96 [0]
50 92 [0]
32 109 [0]
10 127 [1]
16 128 [1]
33 111 [0]
1 141 [1]
52 86 [1]
22 121 [0]
54 90 [0]
4 140 [8]
40 104 [0]
58 86 [0]
3 142 [0]
12 132 [1]
21 121 [0]
69 76 [0]
47 96 [8]
46 96 [0]
72 73 [0]
43 99 [0]
6 140 [8]
71 72 [0]
3 141 [1]
61 86 [0]
65 82 [0]
38 107 [0]
49 98 [8]
55 86 [1]
2 145 [5]
52 94 [0]
73 75 [0]
19 129 [8]
21 125 [0]
60 85 [0]
20 126 [0]
7 132 [1]
17 131 [0]
50 90 [1]
4 139 [1]
7 142 [5]
73 77 [0]
31 118 [1]
53 94 [8]
34 115 [1]
75 76 [0]
58 91 [0]
35 115 [1]
19 132 [1]
31 114 [1]
0 150 [1]
34 117 [0]
20 130 [0]
9 139 [1]
41 108 [0]
4 148 [8]
19 127 [1]
47 103 [8]
53 96 [8]
1 150 [1]
51 93 [5]
1 147 [1]
10 142 [0]
54 98 [0]
6 147 [1]
8 139 [1]
2 147 [1]
37 109 [5]
20 133 [1]
15 131 [0]
1 151 [8]
14 135 [5]
21 126 [5]
34 119 [0]
19 136 [8]
2 152 [1]
42 114 [0]
61 93 [8]
58 96 [8]
54 99 [0]
32 123 [0]
5 151 [8]
1 153 [8]
67 88 [0]
23 134 [0]
11 146 [0]
1 156 [0]
8 143 [1]
42 115 [0]
16 142 [0]
53 102 [8]
4 154 [8]
3 155 [8]
64 93 [8]
26 125 [8]
51 100 [5]
2 157 [8]
42 116 [0]
9 149 [0]
37 121 [8]
18 141 [0]
71 86 [0]
11 143 [1]
0 160 [8]
66 93 [8]
18 143 [1]
22 137 [0]
60 100 [0]
16 146 [0]
51 103 [5]
0 159 [8]
7 152 [1]
1 162 [8]
44 112 [0]
52 110 [0]
76 85 [8]
18 144 [0]
0 164 [8]
17 142 [0]
63 93 [5]
39 124 [0]
40 122 [8]
60 103 [0]
66 90 [1]
75 83 [5]
18 146 [0]
17 149 [0]
5 161 [0]
4 162 [8]
36 129 [8]
15 144 [0]
54 110 [0]
65 99 [8]
75 87 [5]
71 97 [0]
24 136 [8]
55 110 [0]
17 151 [8]
32 127 [1]
33 133 [8]
68 96 [5]
1 165 [8]
20 142 [0]
62 107 [0]
4 166 [8]
62 108 [0]
62 101 [0]
4 167 [0]
23 148 [0]
66 103 [8]
78 93 [0]
9 155 [5]
5 167 [0]
2 170 [8]
57 114 [4]
59 114 [0]
84 89 [0]
34 137 [0]
5 165 [8]
36 130 [5]
14 158 [0]
18 154 [0]
65 107 [8]
0 174 [8]
63 108 [3]
2 169 [8]
48 127 [0]
35 137 [0]
62 110 [0]
67 107 [0]
7 165 [8]
29 147 [0]
81 95 [0]
33 141 [8]
15 159 [0]
41 134 [5]
4 173 [0]
3 174 [8]
49 128 [8]
0 177 [8]
6 167 [0]
36 140 [0]
38 135 [5]
4 174 [8]
70 108 [0]
71 107 [0]
45 133 [0]
5 172 [1]
42 129 [5]
31 147 [1]
62 116 [0]
18 160 [0]
18 159 [0]
26 152 [0]
89 90 [1]
8 172 [1]
0 180 [0]
77 104 [0]
14 165 [0]
28 150 [0]
17 164 [8]
6 175 [0]
79 103 [0]
53 124 [5]
43 131 [0]
64 116 [8]
14 166 [0]
6 174 [0]
6 176 [0]
17 161 [0]
87 88 [5]
78 97 [5]
28 152 [0]
2 181 [8]
69 115 [0]
17 167 [0]
15 166 [0]
19 165 [8]
86 89 [0]
35 145 [5]
33 150 [8]
74 111 [0]
46 135 [5]
49 129 [5]
68 113 [5]
29 149 [5]
38 147 [8]
48 139 [0]
44 138 [5]
9 176 [0]
6 173 [0]
19 168 [0]
10 177 [8]
91 97 [0]
52 131 [5]
65 120 [8]
84 96 [5]
10 178 [0]
16 172 [1]
77 108 [8]
74 115 [0]
4 185 [0]
0 189 [8]
2 187 [8]
46 138 [5]
10 179 [0]
14 172 [0]
81 103 [5]
36 146 [5]
17 173 [0]
23 167 [0]
18 169 [0]
87 104 [0]
57 132 [0]
84 107 [3]
75 115 [0]
45 147 [0]
65 122 [8]
8 184 [8]
2 190 [5]
1 191 [0]
0 192 [5]
58 132 [0]
38 146 [5]
76 115 [8]
95 98 [0]
50 141 [8]
26 160 [8]
22 169 [0]
4 190 [0]
84 102 [5]
0 194 [0]
69 123 [8]
3 186 [1]
3 193 [0]
53 135 [6]
44 144 [0]
63 133 [0]
92 104 [0]
76 116 [5]
6 191 [0]
55 141 [0]
64 126 [5]
4 194 [0]
2 196 [0]
70 128 [0]
30 166 [8]
27 163 [5]
7 189 [8]
74 119 [5]
7 191 [8]
21 171 [6]
65 129 [5]
12 179 [0]
6 193 [0]
94 106 [0]
84 111 [8]
57 143 [8]
78 122 [0]
22 175 [0]
12 183 [5]
19 181 [8]
67 126 [0]
19 182 [8]
17 184 [0]
88 113 [0]
30 169 [8]
99 102 [0]
7 194 [0]
28 168 [5]
64 136 [8]
85 117 [0]
72 128 [0]
59 143 [0]
34 165 [0]
33 161 [6]
30 168 [5]
51 144 [6]
25 170 [0]
36 165 [8]
48 153 [8]
1 202 [0]
52 145 [6]
36 166 [0]
0 203 [1]
57 142 [5]
28 174 [0]
66 136 [8]
0 204 [0]
63 139 [0]
91 109 [5]
65 137 [8]
40 162 [8]
91 111 [8]
1 203 [1]
20 184 [0]
76 122 [5]
13 193 [0]
2 203 [1]
41 161 [5]
77 126 [5]
66 134 [5]
21 186 [1]
0 208 [0]
7 201 [5]
91 118 [0]
31 171 [5]
66 141 [8]
60 144 [5]
11 198 [0]
12 195 [0]
40 166 [8]
31 175 [0]
44 161 [5]
57 152 [8]
35 174 [0]
1 210 [0]
75 131 [5]
7 204 [5]
83 122 [0]
94 117 [0]
49 156 [6]
46 162 [0]
9 194 [6]
15 195 [0]
59 148 [5]
17 195 [0]
84 128 [8]
7 205 [5]
45 160 [5]
12 196 [0]
12 199 [0]
1 212 [0]
51 157 [5]
16 197 [0]
7 206 [8]
61 150 [0]
36 170 [5]
26 183 [5]
98 114 [8]
4 210 [0]
11 203 [8]
1 213 [0]
107 108 [0]
25 185 [5]
26 181 [5]
97 115 [8]
39 168 [5]
84 126 [5]
50 162 [8]
53 159 [8]
38 171 [6]
9 199 [0]
6 202 [0]
8 208 [0]
10 206 [0]
3 213 [0]
15 194 [6]
13 204 [0]
67 145 [5]
55 159 [0]
94 123 [8]
10 207 [0]
81 131 [6]
99 115 [8]
11 206 [0]
28 185 [5]
33 177 [5]
92 127 [0]
99 120 [0]
17 194 [6]
66 151 [8]
10 209 [0]
2 215 [8]
7 212 [5]
71 142 [6]
39 173 [5]
34 184 [0]
13 207 [0]
18 200 [0]
75 137 [5]
4 216 [0]
89 132 [0]
98 123 [0]
50 163 [5]
85 131 [6]
20 196 [0]
44 175 [0]
97 118 [4]
53 161 [6]
50 164 [8]
12 202 [0]
58 162 [8]
84 133 [8]
28 190 [5]
51 171 [4]
1 222 [0]
11 212 [0]
4 219 [0]
59 162 [8]
6 212 [5]
46 171 [6]
88 136 [0]
57 165 [8]
35 188 [6]
61 155 [5]
86 130 [5]
62 155 [0]
61 162 [8]
60 162 [0]
8 217 [0]
51 166 [5]
60 161 [5]
91 130 [5]
1 225 [0]
5 221 [8]
0 226 [8]
7 217 [8]
21 201 [5]
15 207 [5]
97 125 [5]
4 223 [0]
62 161 [5]
71 149 [5]
22 201 [5]
66 159 [8]
50 173 [5]
10 218 [0]
11 217 [0]
97 126 [5]
24 199 [5]
27 197 [5]
41 183 [5]
93 136 [0]
60 166 [0]
85 138 [6]
26 195 [5]
10 219 [0]
22 199 [0]
19 211 [0]
47 178 [5]
43 186 [1]
80 150 [0]
16 209 [0]
0 230 [0]
63 161 [6]
47 179 [5]
110 121 [0]
15 208 [0]
6 220 [0]
78 146 [6]
32 191 [5]
55 168 [0]
44 186 [1]
87 136 [5]
60 169 [0]
87 137 [5]
27 203 [0]
17 215 [0]
11 221 [8]
55 175 [0]
94 131 [6]
96 137 [0]
15 213 [5]
6 222 [5]
16 217 [0]
63 162 [5]
59 172 [8]
89 138 [6]
18 211 [5]
28 198 [0]
49 178 [6]
9 218 [5]
21 208 [5]
29 200 [5]
50 176 [5]
7 227 [5]
92 138 [5]
17 213 [0]
102 126 [6]
81 149 [5]
61 172 [0]
80 147 [8]
18 210 [0]
9 222 [5]
22 209 [5]
58 173 [5]
20 211 [5]
89 147 [8]
74 154 [5]
115 116 [5]
68 160 [5]
50 180 [6]
47 185 [5]
36 193 [5]
66 163 [5]
63 166 [5]
10 227 [0]
89 140 [8]
70 161 [6]
94 138 [6]
66 167 [5]
2 236 [8]
116 122 [0]
97 139 [0]
53 177 [5]
115 119 [5]
91 140 [8]
0 239 [0]
2 237 [5]
95 138 [6]
91 142 [6]
19 221 [8]
21 214 [5]
100 140 [0]
103 137 [0]
62 171 [6]
8 233 [0]
17 224 [8]
41 194 [6]
118 123 [8]
46 187 [0]
2 239 [0]
79 155 [6]
72 166 [8]
40 197 [5]
28 206 [5]
4 238 [0]
78 157 [6]
27 209 [6]
13 225 [0]
102 136 [5]
54 185 [5]
79 165 [0]
3 241 [0]
25 212 [5]
17 227 [0]
67 175 [0]
45 192 [6]
34 205 [5]
44 193 [0]
30 210 [5]
61 176 [5]
97 140 [8]
55 185 [5]
8 237 [0]
39 198 [0]
39 201 [5]
26 212 [6]
15 223 [0]
14 225 [6]
59 186 [0]
10 236 [8]
27 214 [5]
93 146 [6]
56 182 [5]
83 164 [0]
27 213 [6]
27 216 [5]
117 126 [5]
43 197 [0]
10 238 [0]
78 163 [6]
87 153 [8]
2 246 [5]
115 129 [5]
37 205 [6]
47 197 [5]
21 223 [5]
2 247 [5]
63 181 [5]
28 214 [0]
12 231 [6]
17 233 [0]
84 158 [5]
6 239 [5]
118 132 [0]
48 197 [5]
45 200 [5]
7 243 [5]
60 189 [0]
50 196 [5]
122 124 [0]
24 220 [6]
8 243 [0]
89 156 [6]
70 173 [6]
87 157 [5]
8 244 [0]
10 242 [0]
14 231 [6]
61 183 [5]
27 218 [6]
43 202 [0]
68 177 [5]
88 158 [6]
102 151 [0]
29 216 [5]
25 226 [0]
2 251 [5]
44 205 [5]
49 200 [5]
91 158 [5]
8 246 [0]
77 169 [5]
0 254 [5]
83 171 [4]
26 222 [5]
94 153 [5]
60 190 [5]
28 222 [5]
53 197 [5]
27 223 [5]
2 253 [0]
117 134 [5]
70 181 [5]
16 235 [0]
84 164 [5]
61 187 [5]
112 144 [0]
72 179 [5]
94 156 [6]
66 183 [5]
39 215 [0]
66 185 [5]
71 178 [6]
42 207 [6]
15 237 [5]
70 182 [5]
98 154 [5]
115 137 [5]
127 128 [8]
56 197 [5]
58 192 [5]
20 233 [0]
16 237 [0]
20 236 [0]
8 250 [0]
84 166 [5]
102 149 [5]
30 222 [5]
21 236 [0]
97 157 [5]
87 164 [5]
10 249 [0]
95 159 [5]
1 258 [0]
29 225 [6]
21 234 [5]
110 151 [0]
112 145 [4]
71 182 [5]
94 159 [5]
2 259 [8]
0 262 [0]
2 260 [0]
7 255 [0]
61 196 [5]
70 188 [4]
45 211 [6]
88 168 [6]
40 217 [5]
11 251 [0]
76 178 [6]
109 154 [0]
122 135 [1]
59 199 [5]
84 174 [5]
23 235 [5]
3 260 [6]
130 134 [0]
64 192 [6]
57 202 [5]
8 255 [6]
107 149 [5]
9 249 [6]
12 245 [0]
1 264 [0]
39 219 [6]
64 197 [5]
119 139 [5]
23 238 [0]
13 249 [0]
16 251 [0]
109 151 [6]
10 257 [0]
111 153 [8]
1 266 [6]
106 156 [6]
82 186 [0]
68 195 [5]
2 266 [0]
9 254 [5]
19 249 [0]
55 206 [0]
27 235 [6]
36 225 [6]
33 228 [6]
78 190 [4]
102 161 [6]
44 224 [0]
88 174 [6]
4 266 [6]
95 170 [6]
126 139 [5]
10 260 [6]
54 211 [5]
108 156 [6]
3 267 [0]
21 240 [9]
96 175 [0]
6 264 [6]
17 253 [6]
55 211 [5]
126 146 [0]
56 209 [6]
53 214 [5]
69 198 [5]
34 233 [5]
44 226 [0]
88 177 [6]
124 149 [0]
66 202 [5]
6 266 [6]
52 216 [5]
7 266 [0]
19 254 [0]
47 219 [6]
84 183 [6]
114 155 [5]
4 270 [0]
3 271 [0]
123 152 [0]
122 146 [6]
68 202 [5]
107 163 [5]
15 252 [6]
4 271 [0]
94 173 [6]
44 225 [5]
130 146 [0]
78 194 [4]
17 259 [0]
108 163 [5]
38 233 [5]
6 262 [6]
40 229 [6]
25 244 [6]
50 220 [5]
8 269 [0]
54 221 [0]
106 172 [0]
29 243 [6]
103 168 [6]
8 262 [6]
26 248 [5]
44 230 [5]
107 164 [5]
2 277 [0]
36 237 [6]
138 142 [0]
76 196 [6]
30 244 [6]
90 185 [5]
140 141 [0]
63 212 [6]
6 272 [9]
88 192 [4]
60 216 [5]
11 262 [6]
127 152 [8]
132 141 [8]
106 168 [6]
134 148 [0]
93 182 [6]
0 282 [5]
6 271 [5]
71 205 [6]
23 259 [0]
120 162 [0]
139 143 [0]
80 203 [0]
65 211 [6]
43 232 [5]
17 266 [6]
42 235 [6]
7 277 [0]
93 190 [4]
98 179 [6]
80 197 [6]
43 233 [0]
67 215 [0]
95 183 [6]
125 160 [0]
53 227 [5]
53 225 [6]
50 230 [5]
130 147 [5]
87 190 [6]
65 215 [5]
0 285 [0]
23 257 [0]
63 217 [5]
1 284 [0]
93 192 [4]
21 264 [4]
131 155 [0]
16 270 [0]
122 157 [6]
73 207 [6]
129 158 [0]
84 195 [5]
4 283 [0]
60 226 [0]
87 193 [5]
8 280 [0]
98 183 [6]
1 287 [0]
139 147 [0]
4 284 [0]
124 164 [0]
104 176 [5]
70 212 [6]
75 207 [6]
126 163 [0]
97 188 [4]
76 205 [6]
39 243 [5]
74 207 [6]
62 222 [5]
45 239 [6]
83 200 [6]
141 150 [0]
131 156 [4]
116 175 [0]
93 194 [9]
95 190 [6]
35 255 [4]
36 251 [5]
106 180 [6]
13 273 [6]
54 233 [5]
51 236 [5]
2 290 [5]
126 160 [6]
104 181 [5]
2 291 [0]
109 184 [0]
18 272 [9]
106 182 [5]
47 241 [5]
7 286 [5]
6 282 [5]
10 283 [0]
49 239 [6]
84 202 [6]
103 185 [1]
3 291 [0]
138 151 [6]
3 292 [0]
1 294 [0]
30 257 [6]
5 290 [0]
58 229 [6]
62 228 [5]
44 247 [5]
50 239 [6]
32 257 [5]
112 180 [4]
1 295 [0]
88 202 [6]
47 240 [9]
68 223 [5]
38 253 [4]
111 186 [0]
6 286 [5]
46 246 [5]
0 297 [0]
48 240 [9]
90 199 [0]
124 167 [1]
33 259 [5]
86 206 [5]
64 226 [8]
101 197 [0]
5 293 [0]
2 296 [0]
112 187 [0]
93 205 [4]
64 228 [5]
17 281 [6]
139 155 [5]
128 172 [0]
61 231 [6]
90 202 [5]
94 201 [6]
26 272 [3]
9 287 [5]
133 163 [5]
95 199 [6]
124 172 [5]
110 184 [6]
93 203 [5]
140 156 [6]
39 258 [5]
134 167 [1]
130 165 [6]
119 184 [0]
64 232 [6]
143 155 [5]
12 286 [5]
74 222 [6]
16 283 [0]
95 202 [6]
83 221 [0]
43 260 [6]
75 221 [5]
39 257 [5]
87 211 [6]
111 185 [6]
129 176 [0]
66 231 [6]
34 265 [6]
37 261 [6]
27 271 [6]
71 227 [6]
23 274 [0]
121 178 [6]
25 275 [5]
77 222 [6]
24 275 [5]
56 242 [5]
18 283 [5]
90 208 [0]
102 197 [6]
147 151 [8]
101 206 [0]
98 202 [6]
30 273 [4]
59 240 [9]
43 264 [6]
9 294 [5]
3 305 [0]
147 153 [8]
1 307 [0]
134 171 [4]
32 269 [6]
22 282 [5]
94 208 [6]
82 224 [8]
111 193 [5]
0 309 [0]
99 204 [6]
33 271 [6]
64 241 [5]
72 233 [5]
54 249 [5]
107 195 [5]
96 208 [6]
116 187 [6]
47 256 [6]
9 295 [6]
14 290 [5]
8 303 [0]
78 226 [6]
37 272 [3]
99 212 [4]
114 193 [5]
19 293 [0]
129 178 [1]
125 189 [0]
46 267 [6]
3 311 [0]
130 183 [1]
109 204 [1]
73 233 [6]
79 230 [6]
147 160 [5]
3 312 [6]
118 189 [5]
66 241 [5]
38 273 [4]
37 271 [6]
52 256 [6]
115 195 [5]
138 178 [0]
127 188 [4]
44 266 [4]
12 296 [6]
141 168 [6]
125 186 [5]
97 219 [4]
31 279 [6]
0 317 [0]
65 247 [5]
68 241 [6]
49 264 [4]
150 161 [6]
85 224 [5]
54 263 [6]
58 252 [6]
46 266 [4]
110 203 [5]
151 161 [6]
70 241 [6]
78 239 [4]
105 213 [0]
135 183 [0]
51 263 [4]
92 224 [8]
96 219 [4]
17 301 [6]
56 262 [4]
4 315 [0]
123 190 [6]
136 183 [1]
56 259 [5]
120 193 [6]
2 318 [0]
130 184 [6]
46 270 [5]
77 237 [6]
6 306 [4]
24 289 [6]
146 171 [4]
6 314 [6]
4 317 [6]
124 191 [6]
131 184 [4]
31 285 [6]
102 219 [4]
59 262 [4]
86 228 [5]
108 206 [6]
72 245 [5]
132 182 [5]
7 315 [5]
105 218 [0]
37 285 [4]
104 212 [6]
145 172 [6]
18 297 [6]
100 224 [0]
17 300 [5]
3 321 [0]
17 302 [5]
59 264 [4]
12 308 [4]
71 245 [6]
40 279 [6]
6 311 [6]
159 166 [0]
155 164 [6]
29 289 [6]
2 323 [0]
13 305 [0]
21 299 [6]
45 277 [9]
63 257 [6]
55 265 [6]
76 242 [6]
123 203 [4]
138 187 [1]
80 240 [3]
70 253 [9]
58 261 [6]
120 201 [6]
159 169 [0]
139 188 [4]
121 200 [6]
162 166 [0]
148 179 [1]
58 266 [4]
69 251 [6]
127 196 [5]
13 314 [6]
90 231 [6]
18 303 [6]
123 198 [6]
131 198 [0]
148 181 [0]
14 314 [4]
136 192 [4]
121 203 [5]
37 287 [5]
97 231 [4]
52 269 [4]
72 253 [4]
128 193 [5]
7 322 [0]
23 302 [0]
37 286 [6]
154 176 [0]
120 209 [4]
10 320 [6]
125 199 [6]
154 170 [6]
143 186 [0]
41 283 [6]
79 245 [6]
121 209 [4]
13 317 [6]
54 273 [4]
165 166 [9]
66 257 [6]
78 247 [6]
77 247 [6]
23 304 [0]
6 321 [0]
124 203 [5]
1 331 [0]
163 170 [0]
69 260 [4]
30 297 [6]
147 178 [6]
77 248 [6]
31 294 [0]
165 169 [0]
113 221 [0]
9 324 [4]
19 315 [0]
32 296 [6]
9 325 [4]
20 306 [4]
108 220 [6]
7 328 [0]
4 332 [0]
34 296 [6]
72 259 [5]
21 306 [9]
10 326 [0]
92 237 [6]
107 222 [6]
163 166 [6]
20 309 [5]
73 263 [4]
160 177 [0]
27 303 [6]
31 298 [6]
3 334 [0]
118 213 [6]
47 283 [6]
92 238 [6]
73 260 [4]
136 201 [1]
60 271 [6]
4 334 [0]
83 254 [4]
97 234 [6]
0 338 [0]
122 210 [6]
25 305 [6]
20 317 [6]
53 279 [6]
44 290 [5]
157 182 [0]
64 270 [5]
116 222 [4]
58 276 [5]
22 310 [5]
103 230 [6]
13 326 [0]
158 182 [0]
74 265 [4]
82 252 [6]
56 276 [5]
43 292 [5]
0 340 [0]
24 309 [6]
98 237 [6]
84 250 [6]
1 340 [0]
2 339 [9]
155 187 [0]
27 314 [4]
14 322 [6]
106 230 [6]
11 323 [6]
137 199 [6]
159 178 [6]
40 297 [4]
25 313 [5]
7 336 [0]
28 306 [9]
128 209 [6]
53 282 [6]
106 232 [4]
4 340 [6]
23 321 [0]
7 337 [0]
137 207 [4]
64 277 [4]
35 303 [6]
150 194 [4]
63 273 [9]
53 287 [5]
20 325 [6]
127 211 [6]
167 172 [6]
2 344 [0]
9 333 [4]
89 253 [9]
44 295 [5]
71 274 [4]
75 268 [8]
46 299 [6]
15 326 [5]
7 339 [9]
21 320 [6]
133 207 [6]
8 338 [6]
107 233 [6]
72 270 [5]
30 310 [6]
83 255 [9]
4 343 [0]
49 292 [6]
157 190 [4]
16 332 [0]
0 348 [0]
30 318 [4]
67 281 [6]
137 211 [4]
52 292 [5]
23 325 [6]
129 214 [6]
133 211 [6]
87 262 [4]
66 278 [4]
105 240 [7]
19 323 [6]
91 255 [9]
92 250 [6]
162 181 [6]
33 311 [4]
1 349 [0]
118 224 [8]
32 311 [6]
114 229 [6]
76 269 [4]
95 250 [6]
16 330 [0]
34 313 [5]
98 247 [6]
17 330 [5]
109 242 [1]
173 179 [0]
80 271 [4]
34 317 [4]
13 331 [6]
70 275 [6]
60 287 [5]
68 276 [5]
42 305 [6]
123 223 [6]
6 346 [6]
57 289 [6]
41 305 [6]
77 270 [6]
123 225 [4]
57 288 [9]
12 339 [9]
72 278 [4]
141 207 [6]
37 310 [6]
54 299 [6]
7 347 [0]
119 236 [0]
40 314 [4]
21 328 [6]
121 228 [6]
126 225 [4]
6 344 [5]
102 252 [4]
58 289 [6]
152 203 [0]
89 265 [4]
174 181 [0]
166 182 [6]
10 345 [6]
15 335 [4]
54 296 [6]
8 348 [0]
127 221 [8]
14 339 [9]
41 314 [4]
29 324 [4]
147 202 [6]
89 267 [4]
59 290 [6]
75 275 [6]
62 290 [5]
144 214 [0]
145 213 [0]
81 271 [4]
133 218 [6]
81 270 [6]
9 342 [6]
174 183 [1]
34 319 [5]
97 256 [6]
168 191 [0]
67 287 [5]
82 272 [3]
7 352 [4]
69 284 [6]
22 332 [5]
177 182 [3]
49 304 [6]
106 247 [6]
44 312 [4]
63 296 [4]
26 328 [6]
1 359 [6]
4 347 [4]
2 358 [0]
94 262 [4]
125 234 [1]
33 322 [4]
33 324 [4]
35 325 [4]
125 232 [4]
22 338 [4]
97 260 [9]
22 335 [4]
4 357 [0]
50 305 [6]
25 328 [6]
79 276 [6]
172 184 [5]
143 214 [5]
119 242 [1]
11 345 [4]
151 205 [4]
5 357 [0]
7 355 [4]
165 192 [1]
156 207 [0]
135 228 [0]
164 193 [6]
7 356 [0]
152 204 [6]
9 353 [6]
26 330 [6]
2 361 [4]
149 215 [0]
172 188 [4]
100 258 [6]
15 341 [6]
168 192 [4]
0 364 [0]
78 278 [9]
48 308 [9]
152 206 [6]
138 221 [1]
1 364 [4]
102 255 [9]
106 254 [6]
130 232 [4]
86 275 [5]
4 362 [0]
83 283 [4]
85 276 [6]
41 321 [5]
157 204 [1]
2 365 [0]
112 253 [3]
150 212 [4]
66 295 [6]
177 190 [4]
11 349 [6]
95 268 [5]
32 331 [6]
27 339 [3]
167 202 [0]
57 304 [6]
3 366 [0]
88 273 [3]
122 242 [6]
10 360 [6]
154 210 [1]
105 261 [4]
30 340 [4]
70 295 [6]
35 327 [9]
10 352 [4]
5 366 [0]
168 194 [9]
142 230 [0]
124 244 [9]
149 219 [4]
75 291 [6]
95 270 [6]
144 227 [1]
93 279 [4]
131 238 [4]
157 210 [1]
74 293 [6]
51 318 [4]
88 281 [9]
58 307 [6]
34 334 [6]
178 196 [0]
0 374 [0]
57 316 [6]
168 206 [0]
1 373 [6]
100 274 [4]
90 280 [5]
3 372 [0]
165 209 [4]
2 373 [0]
53 316 [4]
5 370 [6]
20 349 [6]
167 208 [0]
79 295 [4]
11 358 [4]
94 277 [9]
6 368 [6]
34 336 [6]
39 331 [6]
21 348 [6]
50 321 [5]
1 375 [6]
7 369 [0]
133 238 [6]
153 224 [0]
154 217 [6]
14 357 [6]
102 274 [4]
111 258 [6]
40 336 [4]
6 363 [6]
59 318 [4]
136 241 [1]
16 354 [6]
17 360 [6]
107 267 [4]
173 201 [4]
152 221 [5]
111 264 [4]
24 349 [4]
123 250 [6]
20 351 [6]
122 251 [1]
42 330 [6]
44 329 [4]
176 197 [1]
25 354 [6]
127 248 [5]
31 342 [5]
129 245 [6]
1 379 [0]
168 210 [2]
23 351 [0]
125 252 [4]
39 334 [6]
166 208 [6]
111 266 [4]
163 217 [4]
16 359 [6]
7 374 [0]
75 300 [6]
17 357 [6]
135 244 [9]
3 379 [0]
60 316 [6]
0 382 [4]
73 303 [6]
12 361 [4]
107 274 [4]
98 283 [4]
157 226 [0]
181 201 [4]
6 371 [4]
41 339 [9]
66 309 [6]
183 196 [4]
32 343 [6]
173 210 [0]
68 306 [9]
121 256 [4]
61 316 [6]
47 331 [6]
84 299 [4]
187 188 [9]
87 296 [4]
37 346 [4]
75 303 [6]
174 203 [5]
90 289 [5]
45 332 [5]
23 352 [9]
141 238 [4]
128 253 [9]
74 305 [4]
16 362 [0]
113 271 [4]
6 373 [4]
12 365 [6]
59 319 [6]
2 383 [0]
17 364 [4]
177 202 [1]
6 374 [4]
135 251 [0]
136 249 [4]
56 327 [3]
0 386 [0]
69 311 [4]
142 235 [9]
6 372 [6]
55 326 [5]
70 316 [4]
144 242 [4]
0 387 [0]
100 286 [4]
170 217 [0]
36 343 [6]
10 377 [6]
123 260 [9]
6 375 [4]
140 240 [3]
23 355 [9]
39 345 [4]
36 346 [4]
23 357 [6]
79 306 [3]
3 385 [6]
23 359 [6]
117 267 [4]
73 314 [4]
79 305 [4]
49 332 [6]
128 254 [6]
89 293 [4]
121 268 [0]
74 306 [9]
125 255 [9]
12 377 [6]
148 240 [2]
104 285 [4]
74 310 [6]
79 310 [4]
35 348 [6]
130 259 [1]
191 198 [1]
117 272 [2]
63 324 [4]
37 353 [4]
190 197 [4]
11 372 [0]
0 391 [0]
177 215 [0]
107 281 [4]
190 198 [4]
95 288 [3]
110 276 [6]
159 226 [6]
7 385 [0]
31 358 [4]
63 327 [3]
195 198 [0]
16 371 [4]
2 391 [0]
195 199 [0]
36 355 [9]
16 377 [6]
73 317 [4]
95 298 [4]
28 360 [4]
111 275 [6]
6 387 [6]
45 347 [3]
124 270 [1]
2 393 [0]
171 224 [4]
75 317 [4]
8 388 [0]
1 395 [6]
176 214 [6]
7 389 [0]
124 264 [9]
115 281 [4]
22 371 [4]
9 387 [6]
67 322 [6]
18 373 [4]
34 355 [9]
21 373 [4]
43 349 [6]
167 224 [6]
3 395 [6]
195 202 [1]
130 260 [9]
199 200 [0]
62 333 [4]
163 232 [4]
98 294 [1]
90 302 [5]
2 397 [0]
63 336 [4]
96 303 [4]
41 351 [6]
90 303 [6]
143 251 [5]
191 210 [0]
130 270 [1]
51 344 [4]
175 225 [4]
2 399 [0]
175 220 [1]
87 309 [6]
126 267 [9]
1 401 [6]
3 399 [6]
34 364 [4]
30 366 [6]
9 386 [6]
46 350 [6]
92 305 [6]
40 359 [9]
2 401 [0]
102 297 [4]
16 379 [6]
60 337 [6]
161 242 [0]
0 403 [0]
147 253 [9]
107 296 [4]
181 219 [9]
9 391 [4]
58 346 [4]
115 282 [6]
51 345 [9]
66 335 [4]
65 334 [4]
7 398 [0]
159 240 [3]
57 341 [6]
32 370 [4]
112 290 [4]
49 353 [4]
6 399 [6]
90 309 [6]
7 400 [0]
80 323 [4]
154 247 [1]
4 394 [4]
84 322 [4]
12 388 [6]
30 373 [4]
116 290 [4]
106 295 [4]
136 270 [1]
11 391 [6]
90 317 [6]
68 334 [4]
0 408 [0]
112 292 [4]
1 407 [0]
107 300 [4]
82 321 [6]
10 398 [0]
116 292 [4]
32 373 [4]
122 278 [9]
141 264 [9]
1 408 [6]
156 254 [0]
174 236 [0]
182 221 [6]
194 213 [3]
54 347 [9]
77 326 [6]
35 369 [6]
2 408 [0]
111 294 [5]
176 233 [1]
19 382 [4]
199 210 [1]
47 360 [4]
158 249 [4]
20 382 [9]
128 276 [6]
179 226 [1]
190 222 [0]
159 252 [4]
116 295 [4]
15 389 [6]
11 395 [6]
110 302 [4]
123 284 [4]
65 342 [6]
58 347 [9]
108 305 [4]
59 354 [4]
58 348 [6]
112 293 [9]
150 258 [6]
197 216 [1]
8 401 [4]
15 400 [5]
114 293 [6]
2 413 [0]
189 226 [0]
109 297 [9]
52 359 [4]
37 372 [6]
10 405 [4]
74 339 [3]
173 239 [4]
19 389 [0]
1 415 [9]
59 357 [4]
200 217 [0]
75 339 [3]
172 244 [4]
13 403 [6]
184 233 [1]
56 356 [4]
2 416 [0]
34 378 [6]
12 398 [6]
11 401 [4]
101 313 [4]
3 415 [9]
19 400 [2]
43 370 [4]
180 239 [0]
187 226 [6]
22 393 [4]
137 273 [9]
69 344 [6]
57 358 [9]
103 315 [4]
41 375 [4]
171 249 [0]
53 358 [9]
56 360 [4]
187 229 [4]
47 364 [9]
112 306 [2]
63 356 [4]
16 403 [6]
23 393 [4]
112 299 [9]
6 405 [4]
196 220 [4]
90 329 [4]
153 268 [0]
147 272 [3]
84 336 [4]
98 322 [4]
27 386 [6]
111 305 [6]
75 346 [4]
52 362 [6]
25 389 [6]
6 412 [4]
191 230 [4]
16 401 [4]
180 243 [0]
148 272 [2]
86 333 [4]
73 349 [4]
2 421 [9]
120 302 [4]
196 221 [1]
46 377 [4]
83 339 [2]
144 277 [3]
75 343 [4]
145 277 [2]
25 395 [4]
26 395 [4]
20 404 [6]
160 259 [6]
100 319 [6]
48 373 [4]
81 344 [4]
184 238 [4]
48 374 [4]
21 401 [4]
8 417 [6]
10 409 [9]
156 261 [9]
93 325 [9]
86 340 [4]
134 292 [4]
23 403 [6]
5 422 [4]
175 245 [6]
84 340 [4]
154 265 [9]
74 353 [4]
25 394 [9]
14 410 [4]
44 380 [4]
144 280 [4]
146 274 [9]
108 312 [9]
107 318 [4]
34 388 [6]
196 233 [0]
2 427 [0]
54 371 [4]
52 373 [4]
201 228 [0]
36 386 [6]
195 234 [4]
208 223 [0]
50 377 [4]
62 362 [6]
176 254 [4]
10 419 [4]
79 349 [9]
27 404 [4]
0 432 [9]
122 301 [9]
108 320 [4]
47 379 [6]
102 330 [4]
104 321 [6]
203 223 [6]
17 409 [9]
18 411 [4]
138 286 [9]
19 414 [0]
197 232 [9]
104 328 [4]
4 421 [9]
209 225 [0]
152 278 [9]
145 289 [0]
129 304 [4]
46 381 [6]
168 264 [3]
164 267 [9]
66 368 [4]
87 342 [6]
90 337 [6]
142 289 [0]
177 258 [1]
109 326 [4]
82 352 [3]
87 344 [6]
48 385 [4]
111 320 [4]
28 403 [4]
22 411 [4]
7 430 [0]
52 379 [6]
120 314 [9]
193 245 [0]
117 315 [4]
75 359 [9]
9 425 [4]
71 358 [9]
173 261 [4]
112 317 [9]
3 428 [9]
69 361 [9]
188 249 [2]
4 435 [6]
108 330 [4]
25 406 [6]
12 426 [6]
11 421 [9]
71 359 [9]
73 365 [4]
17 416 [4]
49 389 [4]
18 419 [4]
216 223 [0]
131 299 [9]
111 324 [4]
156 281 [3]
159 275 [6]
23 411 [4]
63 373 [9]
43 393 [4]
5 428 [9]
80 357 [4]
96 341 [4]
12 425 [4]
169 271 [4]
187 250 [4]
44 389 [6]
23 417 [6]
101 339 [2]
100 338 [9]
21 417 [4]
48 386 [6]
86 348 [6]
12 424 [4]
2 440 [4]
69 370 [9]
71 368 [9]
48 391 [9]
66 373 [4]
55 381 [6]
13 424 [6]
94 346 [4]
44 399 [6]
56 387 [4]
32 409 [9]
11 429 [4]
7 437 [4]
112 324 [3]
126 315 [4]
186 255 [4]
180 262 [3]
7 438 [0]
89 351 [4]
34 409 [9]
88 354 [9]
22 421 [9]
11 428 [9]
4 436 [6]
38 407 [4]
201 246 [0]
89 357 [9]
15 431 [2]
18 423 [4]
43 398 [6]
98 347 [3]
106 333 [9]
60 381 [6]
9 438 [6]
13 428 [9]
84 361 [3]
0 448 [0]
211 238 [0]
169 279 [4]
25 421 [9]
21 424 [4]
4 445 [6]
175 272 [2]
62 383 [4]
86 359 [4]
83 362 [4]
218 222 [9]
37 409 [3]
212 237 [0]
99 346 [9]
155 291 [9]
132 314 [4]
8 436 [4]
130 319 [4]
100 346 [9]
40 402 [2]
49 397 [9]
150 296 [4]
204 247 [0]
215 230 [1]
5 446 [4]
100 350 [4]
144 298 [9]
123 321 [6]
153 292 [6]
90 360 [4]
208 239 [9]
188 263 [0]
158 287 [1]
157 285 [9]
169 273 [3]
74 374 [9]
11 432 [9]
1 451 [4]
65 381 [6]
193 259 [0]
204 248 [0]
186 258 [6]
48 398 [4]
108 335 [9]
209 243 [0]
12 434 [6]
97 352 [3]
98 345 [9]
6 445 [6]
56 390 [4]
114 335 [9]
22 422 [9]
6 439 [6]
191 258 [4]
7 446 [0]
171 283 [0]
109 341 [4]
120 325 [9]
87 366 [4]
37 413 [4]
196 254 [4]
83 367 [9]
180 268 [4]
1 453 [6]
126 320 [9]
26 420 [9]
0 455 [9]
218 237 [0]
67 387 [6]
115 334 [4]
103 351 [4]
148 303 [4]
4 447 [4]
16 438 [6]
185 270 [0]
197 259 [0]
114 339 [3]
139 308 [9]
33 421 [3]
11 437 [4]
43 406 [6]
126 322 [9]
130 326 [4]
2 455 [9]
88 366 [9]
58 400 [7]
143 307 [6]
46 408 [4]
6 448 [4]
85 372 [4]
158 294 [1]
48 402 [2]
65 384 [9]
12 443 [4]
205 254 [0]
38 417 [4]
214 245 [0]
164 291 [4]
11 444 [4]
8 447 [4]
162 288 [3]
0 459 [9]
227 233 [0]
134 317 [9]
102 354 [4]
71 388 [4]
7 453 [0]
92 362 [6]
66 386 [6]
19 432 [9]
39 414 [6]
30 427 [9]
173 284 [4]
3 458 [0]
120 337 [4]
0 461 [4]
49 406 [4]
61 399 [4]
228 234 [0]
51 407 [9]
63 398 [4]
66 388 [6]
226 232 [4]
3 459 [9]
225 238 [0]
32 428 [9]
198 261 [4]
81 378 [4]
31 431 [2]
15 442 [4]
68 390 [4]
79 382 [3]
121 342 [4]
115 343 [4]
109 351 [4]
59 404 [4]
52 409 [3]
72 383 [9]
97 366 [4]
155 301 [9]
33 431 [7]
46 413 [4]
58 403 [4]
217 247 [1]
91 370 [9]
84 377 [9]
18 439 [6]
0 465 [9]
45 411 [9]
179 287 [0]
95 367 [4]
8 449 [4]
7 459 [9]
211 256 [0]
39 424 [4]
230 236 [1]
232 235 [0]
19 444 [4]
70 394 [3]
14 444 [9]
176 288 [3]
129 329 [9]
166 297 [4]
78 388 [4]
150 314 [9]
76 383 [9]
138 326 [4]
228 231 [9]
22 437 [9]
10 458 [0]
36 431 [7]
157 308 [3]
223 241 [4]
210 249 [9]
60 403 [4]
59 402 [2]
185 281 [3]
1 468 [0]
80 388 [4]
97 368 [9]
2 467 [4]
64 404 [4]
2 468 [0]
178 283 [9]
133 336 [4]
106 363 [4]
162 307 [4]
148 321 [1]
7 463 [9]
56 405 [9]
137 324 [9]
21 440 [9]
88 374 [3]
53 415 [3]
209 260 [2]
225 243 [3]
175 295 [4]
21 441 [9]
133 337 [4]
233 234 [4]
190 282 [0]
134 335 [3]
63 402 [2]
134 329 [3]
79 389 [4]
149 314 [9]
102 366 [4]
92 379 [6]
210 258 [4]
6 458 [6]
212 261 [0]
92 377 [4]
182 288 [3]
182 290 [4]
149 320 [9]
227 245 [1]
165 307 [4]
44 425 [4]
11 454 [4]
75 395 [9]
118 350 [4]
4 466 [4]
207 264 [3]
13 452 [9]
82 383 [9]
82 386 [6]
169 304 [4]
180 291 [3]
85 380 [9]
72 393 [9]
227 248 [0]
81 385 [9]
74 397 [9]
101 365 [9]
15 451 [9]
12 455 [9]
200 271 [4]
14 459 [9]
41 432 [9]
6 462 [6]
7 469 [9]
54 418 [4]
37 438 [4]
37 435 [4]
61 411 [4]
218 255 [2]
10 466 [4]
83 390 [9]
165 311 [4]
164 309 [4]
9 462 [6]
185 283 [9]
11 458 [0]
8 460 [4]
5 472 [6]
228 245 [4]
220 258 [0]
53 416 [9]
185 284 [9]
105 371 [2]
197 278 [3]
96 378 [9]
204 270 [4]
38 436 [4]
90 384 [4]
126 348 [4]
156 320 [3]
45 430 [4]
229 250 [0]
21 455 [9]
40 438 [4]
65 409 [3]
113 362 [4]
65 410 [9]
21 449 [9]
0 479 [9]
224 250 [6]
80 400 [1]
45 434 [4]
12 464 [3]
17 454 [4]
152 321 [6]
185 286 [9]
189 290 [4]
104 373 [9]
95 377 [9]
7 474 [9]
140 337 [4]
45 427 [9]
51 428 [2]
2 479 [9]
12 460 [4]
56 416 [9]
206 271 [4]
206 273 [3]
161 321 [0]
22 451 [9]
140 333 [9]
7 475 [9]
204 269 [9]
16 458 [6]
105 375 [2]
118 360 [9]
73 402 [2]
37 439 [6]
113 366 [9]
61 418 [4]
22 452 [9]
96 386 [4]
209 268 [4]
197 282 [4]
112 362 [9]
231 249 [3]
193 286 [4]
192 292 [0]
177 303 [4]
11 470 [4]
207 274 [3]
141 340 [9]
204 278 [3]
84 397 [9]
130 346 [9]
3 482 [6]
31 453 [4]
164 312 [3]
11 468 [6]
34 447 [4]
34 448 [4]
97 388 [4]
90 392 [4]
23 454 [4]
2 484 [0]
166 312 [3]
73 405 [9]
69 415 [3]
19 464 [3]
130 355 [2]
5 480 [4]
76 407 [4]
6 479 [9]
217 262 [9]
15 472 [6]
118 369 [4]
237 242 [9]
63 422 [3]
81 406 [4]
203 280 [4]
197 283 [9]
19 466 [4]
193 292 [4]
207 282 [0]
17 465 [9]
85 395 [9]
161 325 [3]
222 264 [3]
102 386 [4]
10 471 [9]
31 449 [9]
4 476 [4]
76 409 [3]
89 392 [9]
78 403 [9]
56 430 [4]
39 447 [4]
0 490 [9]
2 488 [0]
124 363 [9]
155 333 [3]
108 374 [9]
21 464 [3]
6 476 [4]
207 281 [3]
62 425 [4]
171 318 [2]
150 338 [9]
130 359 [3]
208 280 [4]
40 443 [9]
0 492 [0]
11 474 [9]
242 246 [0]
39 450 [3]
7 485 [4]
123 365 [4]
32 451 [9]
199 285 [9]
130 361 [2]
111 376 [4]
172 317 [4]
120 369 [9]
54 432 [9]
189 300 [4]
73 419 [2]
100 385 [9]
180 312 [2]
149 344 [4]
180 311 [3]
199 294 [1]
1 493 [0]
27 465 [3]
66 420 [9]
135 357 [3]
139 348 [6]
127 367 [4]
234 252 [9]
141 345 [9]
74 412 [9]
40 452 [3]
235 251 [9]
205 290 [0]
23 465 [9]
167 320 [3]
132 363 [4]
44 448 [4]
57 438 [4]
210 282 [4]
23 470 [4]
202 294 [0]
20 467 [9]
63 424 [9]
26 461 [9]
115 376 [4]
147 349 [4]
35 455 [9]
145 347 [7]
45 449 [3]
57 436 [9]
218 277 [2]
218 272 [7]
39 453 [4]
9 486 [9]
12 483 [4]
243 252 [3]
1 497 [9]
94 402 [2]
170 320 [9]
170 327 [2]
9 489 [3]
109 386 [4]
6 485 [3]
28 469 [9]
232 266 [2]
60 434 [6]
29 470 [2]
36 463 [3]
155 342 [9]
5 491 [3]
223 269 [9]
195 297 [9]
244 254 [3]
232 268 [4]
144 355 [2]
154 343 [9]
28 470 [3]
126 366 [9]
123 370 [9]
94 405 [3]
12 481 [9]
183 319 [0]
175 321 [6]
172 327 [3]
154 344 [4]
157 341 [4]
63 437 [3]
64 438 [4]
4 499 [6]
221 273 [3]
21 480 [3]
5 498 [4]
149 350 [4]
216 287 [0]
68 432 [3]
145 356 [3]
64 437 [9]
104 399 [4]
126 375 [3]
185 310 [9]
147 356 [4]
4 500 [6]
204 291 [9]
205 297 [3]
55 446 [4]
108 394 [3]
164 339 [2]
20 478 [9]
15 481 [9]
17 482 [6]
29 469 [3]
36 460 [9]
12 493 [6]
112 392 [3]
180 324 [2]
200 297 [9]
243 254 [9]
224 276 [6]
177 327 [2]
76 426 [4]
230 276 [0]
36 461 [9]
30 474 [3]
88 410 [3]
11 492 [4]
0 507 [9]
242 262 [3]
174 324 [9]
212 286 [9]
167 331 [9]
38 461 [9]
49 457 [3]
53 452 [3]
91 408 [9]
20 482 [4]
138 367 [3]
4 497 [9]
181 318 [9]
14 493 [4]
101 398 [9]
228 277 [3]
162 338 [9]
125 375 [3]
165 335 [3]
57 443 [9]
8 500 [6]
23 483 [4]
92 413 [4]
189 319 [1]
62 439 [6]
115 388 [6]
98 403 [9]
50 456 [4]
110 396 [9]
103 406 [4]
156 351 [9]
74 427 [9]
166 343 [4]
8 498 [4]
201 300 [9]
14 491 [2]
10 500 [6]
148 354 [9]
241 270 [0]
1 510 [4]
90 419 [3]
191 311 [9]
184 326 [4]
125 377 [9]
88 421 [2]
193 309 [9]
180 327 [7]
150 355 [3]
14 495 [9]
11 500 [6]
201 302 [9]
57 452 [3]
221 290 [4]
187 317 [9]
83 428 [2]
5 505 [9]
17 487 [4]
58 446 [9]
79 431 [1]
203 304 [4]
22 485 [3]
23 489 [3]
73 437 [3]
56 454 [9]
45 463 [2]
6 505 [4]
183 328 [3]
59 452 [3]
129 381 [4]
251 260 [3]
222 292 [0]
131 380 [3]
106 404 [9]
198 307 [9]
131 382 [2]
107 404 [9]
212 300 [9]
17 494 [4]
210 296 [9]
221 293 [4]
75 433 [3]
83 429 [3]
69 442 [9]
129 377 [9]
105 405 [7]
33 475 [3]
67 440 [9]
241 275 [0]
51 456 [9]
166 346 [9]
59 453 [4]
122 390 [9]
222 290 [9]
221 291 [4]
184 323 [9]
23 490 [9]
212 295 [9]
101 413 [3]
21 491 [3]
213 301 [3]
185 332 [0]
19 494 [4]
233 281 [3]
87 428 [3]
192 326 [0]
229 289 [0]
13 502 [4]
165 349 [9]
242 276 [0]
139 375 [9]
3 514 [4]
228 288 [2]
33 483 [3]
244 274 [0]
257 261 [0]
144 366 [9]
70 445 [9]
53 459 [3]
34 476 [9]
43 467 [9]
34 483 [3]
12 498 [4]
50 468 [4]
162 355 [3]
40 473 [2]
151 360 [9]
135 383 [2]
96 422 [3]
145 372 [3]
245 268 [6]
126 385 [3]
147 372 [4]
188 325 [7]
34 477 [9]
22 495 [9]
74 442 [9]
64 447 [9]
56 463 [2]
151 366 [4]
221 296 [9]
189 328 [9]
70 449 [3]
99 421 [2]
101 418 [3]
208 310 [9]
214 304 [4]
63 457 [3]
7 515 [0]
243 277 [2]
241 278 [3]
214 299 [9]
27 492 [9]
12 506 [3]
173 341 [9]
218 304 [1]
141 379 [4]
1 523 [4]
0 524 [4]
247 272 [7]
114 402 [2]
198 317 [9]
249 273 [2]
51 467 [3]
34 485 [3]
129 387 [9]
221 300 [4]
13 503 [9]
10 512 [2]
7 518 [9]
248 276 [4]
160 362 [4]
153 364 [3]
91 433 [3]
77 445 [9]
177 340 [9]
11 514 [3]
115 407 [4]
4 520 [4]
251 275 [0]
248 269 [9]
232 291 [3]
140 384 [3]
89 429 [9]
216 302 [9]
127 400 [7]
198 320 [9]
187 331 [9]
181 342 [4]
70 454 [3]
146 372 [9]
65 457 [3]
62 459 [9]
263 265 [0]
10 513 [4]
34 493 [4]
76 450 [3]
2 526 [9]
247 278 [3]
199 327 [2]
172 350 [4]
104 422 [3]
108 412 [3]
136 389 [4]
6 519 [4]
244 282 [3]
219 311 [0]
94 427 [9]
133 394 [3]
50 477 [9]
71 457 [3]
144 384 [2]
222 306 [2]
161 366 [3]
54 467 [9]
221 309 [4]
56 470 [3]
2 529 [0]
105 424 [2]
3 528 [6]
160 367 [9]
34 488 [9]
168 354 [9]
242 280 [9]
120 403 [9]
178 352 [2]
165 363 [4]
18 510 [4]
4 524 [4]
209 315 [0]
150 374 [9]
232 296 [3]
3 530 [6]
76 454 [3]
171 357 [2]
7 526 [9]
220 313 [0]
26 498 [9]
254 272 [7]
59 470 [3]
123 407 [9]
178 353 [3]
66 462 [6]
1 531 [4]
65 465 [3]
88 444 [3]
187 345 [3]
151 375 [9]
58 474 [3]
86 440 [9]
157 369 [9]
29 503 [3]
114 417 [4]
104 431 [1]
54 479 [4]
3 533 [6]
14 520 [3]
221 311 [4]
252 275 [9]
256 280 [0]
169 364 [3]
263 270 [3]
20 508 [3]
129 398 [9]
33 502 [3]
88 446 [3]
57 477 [9]
243 291 [3]
133 395 [9]
30 498 [9]
76 457 [3]
118 411 [9]
31 502 [4]
3 535 [6]
178 351 [9]
203 331 [4]
25 504 [9]
189 347 [3]
117 412 [3]
260 278 [0]
265 270 [3]
88 447 [3]
215 320 [9]
172 358 [9]
126 404 [9]
80 458 [4]
34 496 [9]
184 351 [4]
237 299 [3]
216 319 [4]
6 524 [4]
250 290 [0]
126 411 [3]
213 324 [3]
134 397 [3]
42 495 [3]
124 407 [9]
230 308 [2]
171 367 [2]
78 460 [3]
172 359 [9]
254 282 [7]
247 294 [0]
36 496 [9]
192 346 [3]
75 459 [3]
129 403 [3]
222 316 [3]
48 484 [9]
38 494 [9]
188 353 [0]
108 430 [9]
9 531 [3]
8 528 [4]
10 523 [4]
2 541 [4]
152 383 [3]
59 476 [9]
162 381 [4]
217 318 [9]
79 456 [3]
162 373 [9]
228 307 [9]
70 467 [3]
195 340 [9]
248 292 [4]
78 465 [2]
52 490 [9]
185 351 [9]
32 509 [4]
35 503 [9]
26 511 [9]
188 352 [8]
32 507 [9]
46 496 [4]
234 303 [9]
8 537 [6]
1 540 [3]
1 545 [4]
234 313 [0]
198 340 [9]
7 540 [4]
262 285 [0]
12 532 [9]
115 431 [7]
132 414 [4]
194 354 [0]
267 281 [0]
225 315 [0]
34 508 [3]
79 464 [7]
108 439 [4]
43 501 [4]
85 460 [3]
79 467 [2]
221 323 [9]
253 292 [3]
118 426 [9]
239 310 [0]
163 383 [3]
2 547 [0]
123 419 [2]
4 541 [4]
206 334 [9]
39 507 [9]
209 338 [2]
4 536 [4]
88 459 [2]
139 402 [2]
63 480 [2]
34 512 [7]
94 447 [3]
252 298 [0]
28 514 [3]
111 438 [4]
26 521 [3]
146 401 [3]
165 382 [3]
90 457 [9]
54 491 [2]
255 292 [3]
82 462 [4]
213 334 [3]
168 380 [3]
81 463 [2]
125 417 [3]
107 435 [9]
140 407 [9]
84 465 [3]
51 492 [9]
6 544 [4]
134 414 [9]
157 392 [3]
109 434 [9]
180 369 [3]
41 506 [3]
87 464 [2]
62 489 [3]
114 438 [4]
241 303 [9]
194 357 [2]
39 512 [7]
128 417 [9]
21 531 [3]
179 366 [9]
95 452 [3]
207 345 [2]
70 477 [3]
26 519 [9]
25 526 [3]
68 485 [2]
139 411 [9]
28 522 [4]
95 458 [4]
202 349 [9]
35 515 [4]
261 284 [9]
243 306 [7]
175 371 [3]
140 412 [3]
127 424 [9]
188 367 [0]
35 518 [3]
242 304 [9]
268 286 [4]
10 541 [4]
188 360 [7]
123 424 [9]
195 358 [3]
29 525 [2]
3 549 [4]
174 373 [3]
268 282 [6]
24 527 [7]
6 543 [9]
24 531 [3]
70 480 [2]
78 477 [2]
50 505 [3]
177 376 [9]
95 453 [9]
35 520 [3]
43 507 [9]
6 547 [4]
271 286 [0]
87 467 [3]
21 534 [3]
216 339 [2]
12 540 [3]
136 419 [7]
189 360 [9]
147 407 [4]
25 529 [4]
146 404 [9]
193 364 [3]
274 282 [3]
2 557 [4]
59 499 [4]
275 281 [3]
49 501 [9]
5 551 [4]
144 406 [9]
208 342 [9]
212 345 [2]
154 396 [9]
196 361 [2]
40 513 [2]
229 329 [2]
133 418 [9]
15 540 [3]
2 558 [9]
88 464 [7]
93 465 [2]
50 507 [3]
134 417 [3]
83 475 [2]
40 517 [3]
146 412 [3]
10 546 [4]
33 525 [3]
56 502 [3]
163 395 [3]
257 304 [0]
117 441 [3]
71 487 [3]
106 446 [3]
72 486 [3]
219 343 [0]
65 488 [9]
36 523 [9]
1 561 [0]
171 388 [3]
194 364 [7]
187 373 [3]
48 512 [7]
18 536 [9]
206 348 [9]
265 299 [0]
164 391 [3]
49 512 [1]
7 557 [4]
206 349 [9]
249 315 [0]
180 381 [3]
20 536 [9]
157 399 [9]
235 330 [0]
225 337 [3]
89 472 [4]
268 288 [3]
222 340 [3]
267 299 [0]
116 447 [3]
168 395 [3]
66 497 [3]
268 292 [6]
7 559 [9]
127 435 [9]
46 518 [3]
156 407 [3]
240 327 [0]
183 382 [2]
63 502 [2]
21 543 [3]
61 503 [3]
21 542 [4]
99 467 [3]
72 487 [9]
192 374 [2]
228 337 [3]
7 561 [0]
163 396 [9]
5 560 [4]
71 488 [3]
174 385 [3]
64 500 [4]
84 478 [3]
36 529 [9]
176 389 [9]
179 381 [9]
7 562 [9]
33 531 [2]
136 425 [3]
279 291 [0]
95 466 [3]
19 548 [4]
146 422 [2]
36 532 [3]
35 532 [9]
69 492 [9]
29 541 [7]
115 447 [9]
145 421 [7]
67 502 [3]
99 468 [9]
37 530 [4]
94 471 [3]
261 307 [3]
22 541 [3]
10 561 [0]
177 392 [3]
137 426 [9]
237 333 [2]
53 513 [2]
237 326 [9]
246 326 [0]
279 293 [0]
261 302 [9]
39 524 [9]
122 447 [3]
52 511 [9]
73 499 [4]
162 409 [2]
259 310 [4]
27 544 [2]
19 551 [4]
3 567 [4]
212 359 [2]
23 546 [3]
223 341 [9]
280 284 [9]
201 369 [3]
54 515 [4]
214 350 [9]
243 329 [2]
54 516 [4]
70 502 [2]
117 454 [3]
33 537 [4]
7 567 [4]
131 434 [9]
202 363 [9]
205 366 [3]
179 394 [2]
47 519 [9]
113 458 [4]
194 374 [7]
4 563 [9]
5 567 [4]
220 353 [3]
50 523 [9]
148 425 [3]
99 475 [2]
232 344 [0]
269 307 [0]
44 523 [9]
93 480 [7]
163 404 [9]
87 486 [3]
206 368 [3]
125 450 [2]
236 339 [2]
161 413 [3]
19 553 [4]
220 352 [2]
34 536 [9]
16 558 [9]
258 319 [0]
217 351 [9]
146 428 [2]
182 394 [2]
242 333 [3]
5 570 [9]
2 576 [9]
257 313 [9]
284 295 [0]
126 451 [2]
75 497 [3]
76 494 [9]
214 356 [9]
242 328 [9]
175 396 [9]
151 422 [3]
206 371 [3]
232 346 [2]
193 378 [9]
73 505 [2]
192 385 [3]
148 423 [3]
10 568 [4]
286 295 [0]
50 522 [9]
231 350 [0]
55 517 [9]
17 555 [9]
237 341 [3]
33 545 [3]
205 374 [2]
92 486 [3]
16 556 [4]
236 336 [9]
12 562 [9]
85 495 [3]
102 478 [2]
60 520 [3]
286 287 [9]
287 294 [4]
220 361 [2]
234 347 [2]
211 370 [2]
35 542 [4]
93 487 [3]
0 583 [4]
247 332 [4]
262 314 [0]
3 580 [4]
194 389 [0]
227 355 [2]
135 447 [2]
80 502 [2]
280 304 [0]
55 526 [9]
26 553 [3]
29 548 [2]
149 426 [9]
95 487 [3]
48 528 [9]
0 585 [9]
260 325 [0]
106 476 [3]
249 331 [2]
127 455 [3]
147 429 [9]
213 369 [3]
63 520 [2]
204 372 [9]
3 574 [3]
133 450 [3]
59 525 [3]
41 540 [2]
264 319 [3]
254 329 [3]
124 453 [9]
152 425 [9]
245 338 [3]
284 302 [0]
110 473 [7]
124 461 [3]
157 428 [2]
256 329 [2]
25 557 [2]
87 491 [7]
90 488 [4]
2 585 [9]
118 464 [7]
286 298 [3]
98 487 [3]
41 538 [9]
165 420 [3]
2 586 [4]
15 570 [9]
229 356 [3]
235 350 [3]
290 294 [4]
3 583 [4]
139 441 [9]
99 487 [3]
85 502 [2]
126 461 [2]
193 394 [2]
2 579 [4]
20 568 [3]
114 466 [9]
7 582 [9]
155 431 [8]
118 470 [2]
205 383 [2]
151 430 [9]
13 572 [3]
3 579 [3]
112 474 [7]
148 441 [3]
12 573 [3]
111 477 [3]
216 366 [9]
58 529 [9]
291 300 [0]
287 295 [9]
267 317 [0]
239 344 [0]
30 553 [3]
257 331 [3]
59 531 [3]
158 432 [2]
113 477 [2]
89 494 [3]
15 569 [6]
235 354 [3]
290 293 [9]
286 303 [3]
67 522 [4]
38 554 [2]
279 312 [2]
276 313 [4]
32 558 [3]
227 357 [9]
43 543 [9]
20 570 [9]
16 569 [0]
90 494 [4]
72 520 [2]
170 419 [7]
38 553 [3]
293 296 [2]
148 443 [3]
275 316 [3]
260 329 [0]
284 310 [0]
256 330 [9]
251 340 [3]
243 348 [3]
234 351 [9]
140 445 [9]
108 480 [2]
222 371 [2]
7 588 [4]
49 539 [2]
119 474 [2]
62 531 [4]
103 490 [2]
151 435 [9]
233 359 [3]
74 520 [2]
233 360 [3]
210 383 [3]
206 381 [9]
256 338 [2]
235 359 [2]
107 489 [7]
36 552 [9]
4 584 [4]
58 536 [9]
35 559 [3]
81 508 [7]
252 339 [8]
181 407 [9]
142 454 [2]
56 539 [2]
97 492 [9]
227 362 [9]
219 377 [2]
171 425 [2]
92 503 [3]
285 310 [3]
263 332 [3]
25 570 [9]
40 555 [3]
59 536 [3]
192 403 [3]
72 523 [9]
102 493 [9]
118 479 [2]
282 314 [3]
246 344 [9]
152 444 [3]
12 581 [3]
280 316 [3]
148 448 [3]
0 599 [4]
66 532 [3]
154 443 [3]
248 343 [9]
241 356 [9]
3 589 [4]
23 571 [6]
189 409 [2]
195 396 [9]
37 558 [3]
181 410 [3]
22 575 [2]
179 420 [2]
247 352 [2]
108 484 [3]
39 555 [9]
41 558 [3]
82 517 [3]
103 497 [2]
127 466 [9]
3 597 [4]
148 452 [2]
32 563 [9]
151 444 [3]
15 581 [3]
131 469 [2]
110 486 [3]
213 386 [3]
78 523 [2]
149 445 [9]
155 439 [9]
226 368 [9]
124 477 [2]
0 603 [9]
21 577 [2]
4 592 [9]
198 396 [9]
67 534 [3]
16 581 [3]
131 464 [7]
94 503 [3]
9 589 [2]
25 576 [9]
105 494 [7]
140 461 [3]
235 364 [7]
26 573 [2]
12 585 [9]
59 542 [4]
98 505 [2]
298 307 [0]
26 574 [2]
36 566 [3]
258 345 [2]
9 593 [9]
3 599 [4]
171 428 [8]
44 559 [3]
40 563 [3]
39 561 [6]
50 549 [2]
28 573 [3]
28 574 [2]
201 403 [3]
88 517 [2]
124 481 [2]
262 338 [0]
41 563 [9]
28 576 [9]
42 564 [3]
105 495 [7]
19 587 [4]
7 601 [9]
125 480 [7]
71 528 [9]
56 550 [3]
68 540 [7]
12 594 [9]
284 322 [3]
89 511 [9]
2 607 [4]
199 402 [7]
237 370 [2]
4 603 [4]
106 494 [3]
210 390 [9]
167 441 [2]
164 443 [3]
52 555 [9]
62 542 [4]
6 601 [4]
251 350 [9]
198 404 [9]
238 371 [2]
195 413 [3]
110 492 [3]
248 361 [2]
14 595 [2]
53 557 [7]
65 544 [2]
63 545 [3]
22 587 [3]
4 598 [4]
69 539 [2]
66 540 [7]
177 433 [2]
57 554 [7]
192 415 [7]
43 562 [9]
4 601 [9]
296 313 [3]
134 476 [2]
102 501 [3]
261 342 [9]
15 594 [9]
51 557 [7]
68 535 [9]
198 412 [3]
65 538 [9]
269 343 [0]
117 491 [7]
135 476 [2]
198 406 [9]
253 360 [0]
123 483 [2]
217 394 [2]
286 325 [2]
212 398 [3]
106 504 [3]
127 482 [4]
3 608 [4]
17 589 [3]
138 471 [7]
2 612 [0]
96 509 [3]
15 592 [9]
213 399 [3]
258 352 [7]
277 338 [0]
268 338 [9]
276 330 [9]
134 472 [9]
271 344 [0]
65 543 [3]
145 463 [8]
88 524 [3]
299 315 [2]
168 446 [2]
230 384 [2]
178 435 [3]
299 312 [7]
237 377 [2]
231 380 [7]
305 311 [0]
138 474 [7]
168 447 [2]
25 591 [3]
292 322 [3]
61 547 [9]
227 381 [9]
42 569 [6]
155 460 [2]
302 315 [0]
18 591 [3]
126 490 [2]
224 390 [4]
3 610 [3]
111 504 [3]
46 565 [9]
16 600 [4]
111 505 [3]
133 483 [2]
233 376 [9]
11 598 [4]
231 388 [0]
99 518 [2]
5 614 [4]
195 422 [2]
115 497 [3]
44 568 [3]
247 369 [3]
12 606 [3]
6 611 [2]
179 438 [3]
166 445 [9]
35 583 [2]
45 571 [9]
92 519 [9]
286 331 [3]
47 570 [3]
257 355 [7]
127 484 [9]
206 412 [2]
280 337 [3]
197 422 [2]
75 542 [9]
32 580 [9]
202 416 [3]
285 336 [0]
45 572 [7]
191 427 [3]
83 535 [3]
0 621 [4]
57 559 [3]
130 482 [3]
37 582 [3]
153 461 [3]
125 495 [2]
76 539 [2]
244 371 [7]
251 362 [9]
229 392 [2]
111 506 [2]
242 378 [3]
139 481 [9]
8 610 [3]
269 347 [7]
213 405 [7]
34 580 [9]
179 442 [3]
211 411 [2]
292 329 [3]
12 609 [9]
1 621 [4]
2 616 [4]
86 535 [9]
79 544 [2]
143 480 [3]
18 606 [2]
1 622 [4]
32 584 [9]
29 590 [2]
283 342 [0]
133 484 [3]
84 539 [2]
265 355 [8]
13 607 [3]
21 603 [3]
61 562 [3]
239 382 [7]
57 564 [3]
193 430 [3]
2 624 [4]
19 598 [4]
209 412 [7]
215 409 [2]
160 463 [7]
108 510 [9]
127 497 [3]
44 576 [9]
52 569 [6]
194 426 [2]
4 614 [4]
210 415 [2]
78 547 [3]
300 319 [9]
61 560 [2]
94 530 [9]
5 619 [2]
229 396 [3]
246 379 [3]
54 567 [3]
137 488 [3]
238 388 [3]
176 451 [2]
101 520 [7]
191 435 [3]
232 392 [7]
0 628 [4]
6 619 [2]
16 607 [3]
3 626 [9]
97 524 [3]
246 382 [2]
274 356 [0]
197 430 [3]
179 448 [3]
7 623 [9]
19 608 [4]
314 317 [0]
85 537 [9]
17 605 [2]
267 359 [7]
292 330 [9]
59 566 [3]
135 491 [1]
78 549 [7]
302 330 [0]
153 476 [3]
7 625 [9]
27 603 [3]
113 517 [2]
81 542 [9]
32 593 [9]
264 368 [0]
13 616 [2]
211 420 [2]
220 410 [3]
292 338 [3]
150 477 [3]
21 607 [2]
190 442 [2]
225 407 [2]
11 621 [4]
186 440 [9]
154 472 [9]
200 433 [2]
22 611 [7]
185 448 [2]
245 381 [9]
3 629 [4]
224 403 [9]
26 602 [3]
13 619 [2]
113 521 [2]
243 390 [3]
214 420 [3]
30 598 [9]
145 487 [7]
145 491 [1]
35 600 [3]
99 536 [3]
4 626 [9]
40 595 [2]
23 605 [2]
12 623 [4]
96 533 [3]
190 446 [2]
316 322 [0]
215 421 [2]
29 602 [2]
83 552 [3]
15 621 [3]
256 379 [3]
24 609 [3]
283 353 [2]
235 401 [2]
6 630 [4]
42 591 [2]
45 589 [7]
4 627 [3]
286 350 [3]
108 522 [9]
229 408 [2]
223 413 [3]
36 601 [3]
16 619 [2]
29 609 [3]
12 620 [3]
26 606 [2]
114 523 [9]
30 602 [3]
269 364 [7]
28 609 [3]
235 403 [2]
293 348 [0]
313 325 [3]
193 439 [9]
188 448 [7]
6 627 [2]
16 623 [4]
8 626 [9]
191 448 [3]
178 459 [7]
114 526 [3]
247 393 [2]
88 549 [7]
205 435 [2]
93 541 [7]
54 579 [2]
284 356 [3]
156 480 [8]
153 489 [7]
186 453 [4]
9 631 [3]
6 635 [4]
108 527 [7]
187 453 [3]
247 394 [2]
68 569 [4]
212 429 [2]
107 531 [2]
128 513 [2]
273 371 [0]
141 499 [4]
41 601 [3]
299 338 [7]
11 626 [9]
65 574 [2]
234 408 [2]
66 574 [2]
46 597 [2]
111 530 [4]
21 622 [3]
322 323 [0]
48 591 [2]
85 552 [3]
179 458 [9]
5 633 [2]
102 543 [2]
63 578 [2]
312 335 [0]
35 609 [3]
93 549 [7]
259 379 [9]
222 423 [2]
66 575 [7]
252 390 [2]
133 514 [7]
75 567 [2]
36 604 [2]
203 436 [9]
107 537 [9]
0 643 [4]
2 645 [3]
88 559 [2]
109 538 [2]
83 564 [2]
22 624 [3]
289 358 [2]
222 425 [2]
45 603 [2]
223 424 [3]
153 495 [2]
27 614 [9]
284 361 [7]
2 648 [4]
199 448 [3]
85 564 [2]
252 392 [7]
266 385 [0]
309 342 [0]
279 370 [2]
1 641 [6]
235 414 [3]
6 638 [2]
283 367 [2]
7 645 [3]
105 541 [1]
242 407 [3]
37 610 [2]
138 512 [5]
246 403 [3]
35 615 [3]
271 380 [2]
18 627 [3]
41 604 [2]
88 561 [9]
135 516 [2]
321 332 [0]
197 453 [3]
293 358 [2]
149 502 [2]
303 350 [0]
297 357 [0]
215 437 [2]
270 382 [2]
66 585 [3]
49 596 [7]
209 443 [7]
157 495 [2]
90 555 [9]
248 403 [3]
65 580 [9]
183 467 [7]
235 418 [2]
14 633 [7]
221 432 [2]
5 641 [2]
100 552 [3]
4 649 [4]
194 455 [8]
105 545 [7]
19 629 [4]
114 537 [4]
52 596 [2]
27 626 [9]
185 468 [3]
42 605 [7]
10 645 [2]
303 348 [0]
320 336 [0]
85 566 [7]
233 414 [9]
275 378 [3]
317 340 [0]
204 451 [2]
309 348 [0]
299 352 [8]
323 334 [0]
242 406 [9]
224 425 [9]
24 631 [2]
244 414 [0]
287 362 [9]
252 406 [0]
42 613 [9]
246 410 [2]
196 457 [7]
53 602 [2]
101 555 [2]
127 527 [2]
35 622 [2]
255 404 [0]
55 601 [9]
9 647 [3]
1 657 [4]
11 640 [9]
105 548 [8]
65 588 [2]
249 408 [7]
155 501 [3]
68 591 [2]
141 510 [3]
28 630 [3]
229 429 [2]
19 633 [2]
73 584 [3]
96 557 [7]
48 607 [2]
36 621 [3]
106 549 [7]
46 610 [3]
210 449 [2]
307 347 [7]
44 615 [3]
183 470 [7]
296 365 [0]
100 559 [2]
297 358 [7]
94 567 [7]
171 484 [7]
35 625 [3]
10 649 [4]
21 633 [7]
285 370 [7]
110 550 [2]
148 506 [7]
191 468 [3]
233 427 [2]
318 342 [2]
322 333 [7]
143 518 [3]
117 537 [9]
237 424 [2]
17 638 [2]
304 356 [3]
293 365 [2]
10 653 [4]
153 504 [3]
101 557 [8]
23 639 [4]
189 470 [2]
77 586 [2]
2 662 [4]
159 503 [2]
161 500 [3]
280 381 [3]
328 337 [0]
245 417 [3]
135 528 [2]
144 519 [2]
79 581 [7]
69 594 [2]
98 565 [2]
3 656 [3]
202 459 [7]
209 450 [8]
178 485 [8]
266 400 [0]
299 361 [8]
17 640 [9]
0 659 [3]
89 573 [7]
99 567 [7]
39 620 [3]
31 631 [3]
283 379 [3]
173 492 [3]
84 578 [2]
130 535 [3]
258 408 [2]
43 623 [3]
141 525 [2]
8 659 [2]
190 470 [7]
212 451 [7]
83 582 [7]
262 402 [1]
227 438 [3]
248 417 [3]
231 431 [5]
40 626 [3]
42 625 [3]
3 661 [6]
202 464 [8]
83 578 [7]
198 469 [2]
240 422 [5]
332 335 [3]
109 558 [2]
22 646 [3]
316 354 [0]
7 663 [9]
164 504 [3]
228 439 [9]
280 387 [3]
111 556 [3]
226 435 [3]
143 521 [3]
113 556 [3]
78 589 [7]
17 653 [3]
87 578 [2]
186 476 [9]
99 570 [2]
230 438 [3]
318 353 [0]
281 388 [2]
6 657 [3]
116 552 [3]
51 615 [2]
144 520 [7]
196 471 [7]
97 568 [2]
234 433 [7]
141 522 [3]
311 359 [7]
6 663 [4]
8 655 [9]
297 376 [0]
68 596 [7]
70 597 [2]
190 478 [7]
68 602 [2]
127 539 [2]
1 668 [3]
113 554 [1]
69 602 [2]
91 575 [1]
254 418 [2]
296 378 [0]
127 538 [9]
86 585 [3]
178 489 [8]
257 409 [7]
48 621 [2]
227 446 [2]
41 628 [2]
276 396 [3]
6 664 [3]
2 669 [3]
33 636 [7]
98 576 [2]
260 415 [1]
13 658 [4]
150 520 [2]
324 350 [2]
198 476 [2]
4 665 [3]
44 630 [3]
10 661 [2]
63 611 [1]
327 344 [7]
130 545 [2]
133 535 [9]
17 659 [2]
43 631 [3]
13 662 [4]
200 474 [2]
295 380 [2]
76 598 [3]
53 618 [2]
84 589 [7]
71 606 [7]
198 478 [2]
180 490 [7]
222 453 [3]
64 605 [7]
284 393 [2]
155 521 [7]
52 625 [3]
263 414 [2]
203 474 [2]
154 522 [3]
16 654 [2]
3 676 [4]
334 343 [2]
49 624 [2]
196 478 [7]
313 363 [9]
253 426 [0]
112 562 [2]
123 553 [7]
64 610 [2]
234 443 [2]
82 591 [2]
93 584 [3]
133 542 [9]
141 531 [2]
110 569 [4]
198 479 [7]
7 669 [3]
206 471 [2]
2 678 [0]
119 553 [7]
69 609 [3]
213 459 [7]
10 665 [3]
139 537 [4]
4 670 [3]
88 588 [7]
288 393 [0]
190 483 [7]
162 517 [3]
162 510 [3]
9 665 [2]
1 679 [4]
45 635 [2]
59 617 [2]
12 664 [3]
312 371 [0]
218 457 [7]
83 597 [7]
78 602 [7]
141 533 [9]
60 617 [3]
42 633 [7]
103 577 [7]
135 544 [7]
269 409 [8]
45 637 [2]
63 612 [3]
166 509 [3]
44 637 [3]
97 586 [7]
87 595 [2]
36 643 [2]
64 615 [3]
47 632 [3]
261 415 [7]
239 440 [7]
2 682 [4]
255 430 [0]
76 605 [1]
173 507 [2]
187 496 [2]
34 649 [3]
279 404 [2]
304 378 [3]
91 593 [3]
104 574 [7]
120 564 [2]
201 482 [3]
18 666 [4]
223 459 [7]
152 527 [7]
174 510 [3]
10 670 [3]
296 384 [7]
320 367 [0]
26 652 [9]
239 443 [7]
24 654 [7]
141 537 [9]
233 452 [2]
2 685 [4]
136 550 [2]
182 504 [2]
300 388 [0]
245 434 [9]
306 382 [0]
308 380 [0]
121 566 [7]
150 529 [9]
245 441 [2]
170 516 [3]
139 541 [2]
23 660 [3]
303 386 [0]
156 530 [3]
261 426 [2]
282 405 [2]
232 449 [7]
180 504 [7]
232 450 [8]
70 610 [7]
26 656 [7]
10 674 [4]
236 450 [2]
108 578 [7]
295 393 [2]
34 650 [2]
18 664 [3]
36 647 [3]
30 653 [3]
227 459 [7]
52 637 [3]
73 617 [2]
266 417 [8]
58 628 [2]
341 351 [0]
275 414 [9]
332 357 [3]
168 522 [2]
161 529 [2]
153 530 [9]
310 380 [2]
85 604 [7]
127 560 [2]
116 573 [7]
143 543 [3]
152 534 [2]
12 677 [2]
236 455 [2]
18 675 [2]
106 582 [2]
98 594 [2]
246 446 [2]
141 551 [2]
269 418 [7]
33 660 [7]
51 636 [7]
111 575 [7]
231 463 [8]
237 456 [2]
0 686 [6]
29 661 [1]
247 446 [2]
215 478 [2]
307 388 [0]
172 521 [2]
94 599 [2]
6 685 [4]
124 570 [2]
178 516 [2]
53 640 [3]
273 424 [0]
156 540 [1]
101 591 [8]
0 693 [6]
174 521 [2]
265 427 [7]
301 396 [0]
108 580 [3]
270 425 [2]
57 633 [7]
307 384 [7]
264 433 [8]
96 599 [7]
247 448 [3]
21 671 [2]
53 638 [7]
271 421 [7]
44 647 [3]
12 679 [3]
255 436 [8]
193 502 [7]
162 529 [3]
272 428 [0]
331 369 [0]
0 695 [6]
181 517 [2]
240 460 [0]
6 690 [3]
139 559 [3]
28 668 [2]
302 393 [7]
291 407 [2]
18 678 [4]
270 429 [2]
2 699 [4]
7 694 [4]
155 543 [2]
71 629 [7]
314 387 [0]
154 540 [1]
230 462 [9]
194 506 [1]
124 576 [2]
149 551 [2]
197 503 [2]
20 674 [3]
171 523 [7]
243 454 [7]
84 617 [7]
282 418 [2]
56 638 [7]
70 625 [2]
2 695 [6]
75 621 [2]
113 587 [7]
27 675 [7]
277 426 [0]
130 568 [7]
74 626 [3]
123 571 [9]
4 691 [3]
253 443 [8]
79 623 [2]
323 374 [7]
298 404 [2]
109 593 [2]
195 500 [3]
63 639 [2]
317 387 [8]
53 649 [2]
21 677 [7]
53 651 [7]
170 532 [7]
159 544 [2]
51 653 [7]
274 424 [7]
70 627 [7]
8 690 [4]
313 391 [2]
97 605 [1]
131 567 [7]
220 481 [7]
96 602 [7]
78 620 [2]
114 591 [2]
329 377 [0]
34 665 [2]
146 553 [7]
203 502 [2]
42 657 [2]
269 431 [5]
31 672 [2]
46 652 [9]
4 702 [3]
13 690 [3]
328 379 [0]
57 641 [7]
209 490 [7]
3 703 [4]
352 355 [0]
328 377 [7]
278 430 [0]
301 407 [0]
254 449 [7]
13 687 [3]
265 437 [8]
141 565 [2]
20 687 [3]
97 609 [2]
163 543 [2]
313 393 [2]
2 706 [4]
114 586 [2]
119 587 [7]
308 401 [0]
98 604 [7]
133 572 [7]
316 388 [2]
108 595 [2]
44 657 [3]
348 359 [2]
27 678 [4]
84 619 [1]
176 531 [7]
48 657 [2]
93 614 [3]
341 364 [7]
4 699 [4]
25 683 [3]
28 678 [4]
101 602 [7]
25 682 [3]
21 685 [3]
3 704 [6]
126 584 [2]
198 506 [7]
105 600 [8]
142 561 [9]
106 600 [2]
56 648 [2]
139 566 [2]
36 672 [7]
12 696 [2]
259 452 [2]
233 475 [7]
57 651 [7]
193 519 [2]
119 593 [2]
254 455 [7]
40 670 [7]
161 552 [2]
106 603 [2]
263 445 [7]
101 605 [8]
2 713 [4]
281 434 [0]
10 700 [3]
290 423 [2]
217 496 [3]
47 664 [2]
26 685 [3]
21 689 [3]
143 566 [2]
155 558 [7]
31 683 [4]
217 497 [2]
104 611 [1]
96 618 [7]
280 434 [3]
2 715 [4]
112 597 [7]
59 655 [3]
306 402 [5]
115 600 [2]
137 571 [9]
215 493 [9]
318 399 [0]
105 605 [5]
349 369 [0]
143 568 [2]
250 466 [2]
0 711 [3]
333 378 [7]
153 563 [2]
270 445 [3]
214 501 [3]
27 684 [2]
114 604 [2]
76 636 [7]
36 677 [7]
2 712 [3]
215 502 [2]
75 643 [7]
131 583 [7]
1 717 [3]
266 453 [0]
317 397 [7]
141 574 [7]
79 639 [2]
144 568 [7]
196 522 [2]
142 569 [9]
56 661 [7]
147 567 [2]
250 464 [8]
43 670 [2]
175 543 [2]
2 711 [3]
206 512 [8]
267 448 [7]
284 434 [2]
49 671 [7]
321 400 [5]
180 534 [8]
223 496 [2]
95 621 [2]
89 625 [2]
3 710 [3]
11 705 [2]
275 444 [2]
238 475 [7]
294 424 [3]
112 604 [8]
207 507 [7]
79 638 [1]
267 447 [8]
147 569 [4]
217 503 [2]
97 617 [7]
4 711 [3]
4 710 [3]
165 551 [2]
74 642 [7]
243 473 [8]
86 629 [3]
58 657 [3]
83 633 [8]
14 703 [2]
331 385 [7]
36 679 [2]
312 411 [8]
73 641 [1]
253 469 [1]
220 501 [2]
163 554 [8]
2 721 [4]
55 666 [4]
166 551 [2]
184 538 [2]
273 450 [1]
96 626 [2]
315 407 [2]
226 491 [1]
39 679 [3]
212 510 [2]
6 717 [3]
170 551 [7]
320 397 [7]
191 525 [7]
58 658 [2]
273 444 [8]
100 617 [7]
264 456 [8]
280 443 [2]
345 380 [0]
186 534 [3]
35 684 [3]
213 510 [2]
45 675 [1]
83 634 [7]
42 681 [3]
97 622 [2]
337 389 [0]
9 714 [3]
74 651 [7]
277 441 [8]
255 470 [1]
21 697 [2]
14 706 [2]
54 665 [2]
270 453 [3]
94 630 [2]
213 512 [5]
66 660 [2]
3 721 [4]
341 386 [0]
176 542 [3]
26 700 [2]
105 615 [8]
106 616 [1]
52 667 [9]
174 551 [7]
356 372 [0]
291 435 [2]
140 582 [2]
81 642 [1]
331 398 [0]
151 574 [7]
29 695 [1]
180 547 [2]
272 457 [0]
329 392 [8]
193 533 [3]
100 625 [2]
179 546 [8]
281 441 [8]
254 471 [7]
213 515 [2]
3 720 [3]
168 557 [8]
324 407 [0]
246 482 [3]
34 692 [3]
221 501 [3]
2 723 [3]
101 622 [7]
10 713 [3]
48 681 [2]
96 632 [7]
297 429 [7]
20 703 [3]
167 560 [8]
351 381 [0]
49 681 [2]
130 596 [8]
50 678 [9]
0 724 [3]
70 657 [7]
55 671 [2]
315 412 [7]
128 603 [2]
248 482 [3]
69 656 [7]
199 527 [8]
220 511 [2]
318 410 [7]
249 477 [7]
83 643 [1]
293 433 [8]
183 545 [2]
0 728 [3]
67 661 [7]
281 444 [8]
55 669 [2]
358 375 [0]
5 719 [3]
300 428 [8]
104 624 [2]
318 414 [2]
281 448 [7]
246 480 [8]
259 470 [7]
134 595 [7]
2 729 [3]
1 732 [3]
170 557 [8]
128 600 [2]
40 686 [7]
360 367 [7]
289 443 [2]
199 531 [7]
69 661 [7]
80 649 [2]
6 725 [2]
329 402 [5]
9 722 [3]
132 601 [2]
308 420 [8]
6 720 [2]
238 490 [7]
263 467 [8]
183 546 [8]
264 472 [0]
340 396 [0]
24 706 [2]
59 671 [7]
223 511 [2]
171 559 [8]
227 502 [7]
215 519 [3]
15 713 [2]
11 722 [3]
216 513 [7]
314 418 [7]
19 715 [4]
63 673 [2]
281 449 [8]
200 535 [3]
338 400 [0]
28 708 [3]
22 708 [3]
120 615 [7]
207 529 [2]
138 598 [2]
337 394 [7]
255 483 [1]
127 606 [2]
155 577 [8]
2 737 [4]
212 527 [1]
188 551 [1]
0 740 [4]
158 580 [3]
125 613 [2]
244 490 [8]
15 721 [3]
266 466 [8]
89 649 [2]
74 661 [7]
355 378 [8]
261 473 [8]
20 718 [3]
2 739 [9]
183 550 [7]
144 592 [2]
167 571 [3]
331 403 [7]
238 498 [7]
317 416 [8]
48 687 [2]
45 691 [7]
101 632 [7]
298 436 [7]
110 631 [7]
250 491 [1]
191 546 [8]
294 446 [2]
255 481 [8]
284 456 [2]
106 628 [7]
70 666 [2]
36 698 [3]
1 737 [4]
59 681 [2]
250 487 [7]
147 590 [2]
15 719 [2]
92 649 [3]
115 622 [2]
45 694 [7]
182 553 [7]
175 560 [7]
100 638 [1]
58 683 [3]
2 734 [3]
362 381 [0]
180 555 [7]
12 726 [3]
151 590 [7]
10 733 [3]
64 673 [2]
130 606 [7]
44 695 [7]
59 680 [2]
44 696 [7]
219 520 [8]
131 612 [2]
60 683 [3]
351 389 [2]
160 583 [7]
218 523 [7]
41 697 [2]
262 476 [8]
44 698 [3]
18 721 [3]
17 720 [2]
357 390 [0]
21 723 [7]
112 630 [7]
64 677 [7]
373 374 [0]
302 437 [7]
357 388 [2]
303 442 [2]
341 406 [3]
201 540 [1]
158 587 [7]
163 579 [8]
147 598 [3]
299 441 [8]
19 725 [2]
153 594 [2]
166 582 [2]
55 690 [3]
336 408 [7]
223 518 [7]
39 708 [3]
12 731 [2]
210 534 [7]
12 728 [2]
6 734 [2]
33 710 [7]
49 697 [7]
31 714 [3]
283 462 [2]
364 380 [8]
208 534 [7]
25 721 [3]
307 436 [7]
4 739 [9]
55 686 [2]
170 575 [8]
341 407 [2]
121 629 [7]
134 610 [8]
228 518 [8]
220 529 [2]
22 720 [2]
372 379 [0]
11 735 [3]
63 687 [7]
46 701 [2]
263 482 [7]
351 394 [7]
26 718 [2]
188 560 [1]
281 470 [1]
282 464 [8]
172 571 [9]
183 565 [7]
27 723 [7]
12 735 [3]
178 570 [7]
5 742 [3]
36 709 [2]
136 614 [3]
89 659 [1]
48 699 [2]
278 474 [1]
114 638 [7]
225 527 [1]
242 507 [7]
107 640 [3]
112 634 [7]
332 420 [2]
359 395 [0]
213 534 [7]
251 501 [2]
246 503 [7]
315 432 [7]
224 523 [3]
217 536 [2]
51 703 [7]
81 673 [7]
279 470 [8]
70 676 [9]
263 484 [8]
250 497 [7]
284 466 [7]
197 556 [2]
70 683 [2]
201 552 [2]
130 623 [7]
119 629 [7]
98 653 [7]
14 733 [2]
366 390 [0]
223 525 [7]
229 527 [1]
163 586 [7]
238 513 [8]
25 729 [7]
111 638 [7]
231 519 [7]
173 581 [8]
128 622 [2]
265 484 [8]
198 554 [8]
80 675 [1]
133 618 [2]
310 446 [7]
262 490 [8]
15 736 [3]
18 732 [3]
294 459 [7]
313 443 [2]
21 731 [7]
262 488 [8]
47 702 [2]
11 742 [2]
221 535 [3]
235 519 [7]
257 499 [3]
125 629 [7]
97 654 [1]
312 441 [8]
4 749 [3]
154 596 [1]
59 696 [7]
376 381 [2]
131 623 [7]
30 723 [7]
258 497 [7]
22 734 [2]
339 421 [0]
95 663 [2]
174 584 [2]
187 570 [2]
262 499 [0]
321 431 [1]
119 640 [2]
255 498 [8]
293 463 [8]
52 705 [7]
38 720 [7]
282 473 [8]
250 510 [2]
68 686 [1]
208 552 [2]
365 398 [0]
63 693 [1]
150 611 [1]
199 557 [8]
269 487 [7]
242 514 [8]
235 521 [8]
187 568 [7]
152 606 [7]
108 650 [7]
177 583 [7]
202 553 [8]
21 736 [2]
12 743 [3]
53 704 [1]
10 745 [3]
153 604 [7]
13 746 [3]
328 434 [2]
172 591 [7]
251 508 [8]
30 730 [2]
21 735 [2]
34 724 [2]
314 445 [7]
105 660 [1]
35 727 [3]
76 688 [3]
7 759 [3]
88 669 [8]
33 727 [2]
192 568 [8]
77 682 [7]
130 632 [7]
15 743 [2]
222 542 [2]
164 596 [1]
348 412 [7]
36 724 [2]
227 537 [3]
88 676 [3]
30 731 [7]
263 496 [8]
4 755 [3]
175 590 [7]
201 559 [7]
127 633 [7]
56 706 [2]
362 406 [0]
1 760 [3]
182 584 [2]
289 473 [8]
131 633 [8]
218 544 [8]
154 613 [2]
52 710 [2]
338 426 [5]
310 452 [7]
48 714 [2]
80 688 [2]
65 701 [7]
176 592 [2]
100 667 [3]
204 558 [7]
380 383 [8]
272 489 [0]
116 652 [3]
191 573 [8]
4 758 [3]
354 410 [7]
54 710 [2]
265 501 [7]
338 432 [1]
328 436 [7]
204 562 [7]
47 717 [2]
257 512 [5]
24 738 [9]
133 637 [2]
368 404 [0]
28 735 [2]
158 607 [1]
88 679 [7]
183 584 [2]
191 576 [7]
4 761 [3]
187 579 [8]
261 509 [2]
142 627 [8]
68 703 [2]
269 496 [7]
5 761 [3]
38 730 [2]
6 760 [2]
242 529 [2]
284 481 [7]
124 641 [8]
244 522 [7]
144 621 [7]
81 687 [7]
45 727 [2]
290 478 [7]
279 488 [7]
280 486 [8]
201 566 [8]
74 696 [7]
381 391 [2]
208 558 [7]
241 525 [7]
366 406 [2]
374 400 [0]
329 445 [0]
111 654 [7]
326 446 [2]
189 583 [7]
97 677 [1]
243 525 [8]
323 444 [7]
245 527 [8]
288 486 [1]
20 749 [2]
32 740 [3]
384 392 [0]
308 467 [1]
327 449 [0]
35 732 [2]
270 504 [2]
365 404 [0]
5 768 [9]
261 507 [7]
150 621 [2]
218 550 [7]
136 637 [2]
179 592 [7]
116 656 [1]
36 732 [2]
164 611 [8]
42 730 [2]
162 612 [3]
376 399 [2]
185 587 [7]
1 775 [4]
102 674 [7]
384 386 [7]
77 695 [1]
274 496 [7]
3 767 [3]
363 414 [0]
189 581 [7]
165 611 [8]
8 769 [4]
352 421 [5]
297 475 [8]
233 542 [3]
295 476 [7]
11 758 [2]
65 707 [7]
71 706 [7]
172 600 [2]
4 767 [3]
65 709 [2]
9 765 [3]
254 520 [8]
230 547 [2]
163 610 [8]
301 478 [8]
104 667 [9]
128 646 [2]
81 698 [7]
126 651 [8]
315 464 [1]
346 434 [0]
126 654 [8]
126 650 [8]
245 531 [7]
120 656 [1]
18 755 [3]
307 472 [2]
172 603 [2]
203 574 [7]
380 401 [2]
167 605 [8]
231 549 [1]
8 764 [2]
133 642 [7]
30 744 [2]
75 706 [2]
359 423 [0]
31 746 [3]
171 607 [1]
120 654 [1]
46 730 [3]
106 668 [1]
82 695 [7]
370 413 [0]
82 697 [7]
22 755 [3]
118 663 [2]
162 618 [7]
292 483 [7]
373 410 [0]
40 737 [2]
84 692 [2]
281 494 [8]
223 553 [7]
169 612 [3]
0 784 [9]
119 657 [7]
368 415 [8]
32 743 [3]
288 495 [1]
84 696 [1]
229 549 [8]
260 523 [8]
256 524 [7]
84 697 [7]
43 739 [9]
75 709 [7]
265 515 [7]
6 772 [3]
152 626 [3]
385 400 [0]
12 766 [2]
125 656 [8]
354 425 [7]
328 452 [8]
6 774 [2]
323 457 [8]
94 684 [7]
198 585 [2]
391 395 [0]
375 411 [0]
117 666 [2]
75 702 [7]
134 649 [7]
264 514 [5]
63 718 [2]
204 577 [8]
62 716 [3]
356 424 [7]
6 776 [3]
38 742 [7]
256 523 [7]
255 524 [8]
36 750 [7]
277 506 [1]
278 501 [8]
338 441 [8]
155 624 [7]
37 750 [7]
146 634 [7]
255 532 [1]
101 680 [8]
360 426 [7]
274 513 [1]
147 639 [2]
70 715 [2]
35 751 [9]
385 403 [0]
152 628 [7]
335 445 [8]
301 481 [8]
175 606 [7]
205 578 [8]
95 689 [7]
373 415 [1]
113 668 [1]
153 628 [7]
28 755 [3]
18 768 [9]
127 657 [2]
306 479 [5]
320 461 [8]
333 456 [0]
352 437 [0]
207 580 [2]
236 550 [7]
31 754 [2]
229 556 [7]
103 682 [7]
128 657 [7]
42 741 [2]
365 420 [7]
125 662 [7]
61 725 [7]
306 484 [0]
48 733 [7]
394 395 [1]
5 781 [3]
124 663 [2]
140 644 [2]
353 438 [0]
226 560 [7]
106 683 [2]
212 575 [5]
213 570 [7]
302 485 [1]
247 539 [8]
138 645 [8]
265 519 [8]
266 525 [1]
280 505 [8]
91 697 [7]
246 540 [1]
71 713 [7]
344 444 [7]
342 444 [7]
128 663 [2]
87 698 [7]
387 401 [8]
76 710 [7]
244 543 [8]
298 488 [7]
17 775 [3]
205 579 [1]
25 761 [2]
288 504 [1]
235 553 [8]
323 466 [7]
2 785 [3]
87 706 [7]
292 499 [3]
304 489 [1]
129 662 [7]
339 455 [0]
12 778 [2]
82 707 [7]
127 663 [3]
25 763 [2]
82 708 [3]
28 762 [2]
124 665 [1]
25 765 [3]
199 591 [8]
6 780 [2]
371 424 [7]
363 430 [2]
25 768 [3]
334 462 [0]
296 491 [5]
1 791 [3]
359 429 [8]
58 734 [7]
53 734 [7]
216 577 [8]
283 512 [5]
155 636 [8]
130 660 [8]
102 692 [7]
77 711 [7]
11 783 [3]
363 428 [8]
66 724 [7]
280 515 [2]
315 475 [8]
281 513 [1]
129 668 [8]
125 672 [1]
8 781 [3]
20 777 [2]
12 784 [4]
203 593 [2]
17 776 [3]
38 757 [7]
27 768 [3]
29 766 [7]
78 712 [8]
278 520 [1]
160 634 [7]
24 769 [2]
75 717 [7]
183 610 [8]
19 774 [2]
3 787 [3]
107 687 [7]
215 577 [1]
399 400 [0]
321 473 [8]
297 497 [8]
51 748 [1]
4 789 [2]
231 568 [8]
330 468 [2]
146 651 [8]
219 572 [5]
152 642 [1]
269 525 [8]
253 542 [2]
241 554 [1]
151 643 [7]
218 579 [1]
361 440 [0]
278 514 [5]
276 523 [2]
368 432 [8]
234 560 [8]
138 658 [8]
395 402 [5]
184 610 [1]
180 613 [7]
278 515 [8]
347 454 [0]
1 792 [3]
229 565 [7]
156 639 [8]
21 775 [2]
222 579 [1]
63 732 [7]
181 616 [8]
95 700 [7]
124 673 [7]
261 540 [1]
112 684 [8]
153 641 [1]
23 774 [2]
22 773 [3]
213 589 [1]
309 486 [7]
32 768 [9]
4 793 [3]
122 672 [1]
53 742 [7]
390 405 [7]
354 442 [7]
152 648 [7]
354 441 [7]
63 733 [7]
255 544 [1]
62 732 [3]
118 680 [7]
190 612 [2]
229 570 [7]
247 555 [2]
289 507 [7]
43 753 [3]
229 574 [1]
260 543 [1]
88 707 [1]
399 402 [1]
156 644 [8]
348 449 [7]
275 528 [2]
252 549 [1]
134 666 [7]
56 748 [7]
77 720 [7]
287 517 [2]
164 640 [2]
251 548 [8]
112 687 [8]
17 780 [2]
329 472 [7]
312 488 [8]
345 453 [8]
40 758 [7]
234 565 [7]
173 627 [8]
301 505 [1]
294 511 [2]
45 754 [7]
37 765 [3]
229 577 [1]
266 533 [8]
26 776 [2]
18 782 [2]
161 639 [7]
253 546 [5]
68 736 [7]
239 562 [7]
12 789 [2]
372 434 [2]
181 620 [7]
313 493 [3]
372 430 [2]
195 607 [8]
70 732 [7]
223 584 [2]
387 417 [7]
14 789 [7]
397 413 [0]
162 645 [1]
96 709 [7]
372 432 [8]
26 783 [7]
70 734 [1]
144 660 [8]
186 616 [7]
62 741 [3]
174 628 [7]
131 670 [8]
26 781 [7]
288 514 [6]
364 447 [0]
111 693 [1]
8 796 [9]
261 545 [7]
340 470 [1]
359 451 [1]
260 545 [8]
386 423 [2]
257 549 [1]
132 675 [1]
258 552 [2]
27 779 [3]
404 406 [2]
302 504 [7]
66 740 [3]
36 769 [2]
223 582 [7]
62 744 [2]
96 714 [7]
206 599 [7]
66 738 [9]
9 795 [2]
133 675 [1]
92 715 [2]
338 475 [1]
229 580 [2]
358 456 [0]
397 417 [0]
148 658 [7]
211 597 [8]
346 468 [0]
73 733 [7]
65 743 [7]
331 483 [8]
226 581 [1]
216 594 [7]
185 627 [8]
42 768 [3]
70 736 [7]
387 420 [8]
225 589 [1]
64 744 [2]
144 664 [8]
240 566 [6]
64 750 [7]
210 601 [7]
121 687 [7]
364 451 [1]
389 421 [8]
43 766 [3]
169 646 [2]
84 729 [1]
358 457 [1]
375 440 [1]
217 595 [7]
298 518 [8]
324 493 [0]
314 502 [1]
300 515 [7]
401 416 [0]
209 602 [1]
9 799 [2]
41 769 [3]
67 746 [2]
20 794 [2]
386 430 [2]
187 624 [7]
330 483 [8]
21 790 [2]
267 548 [1]
72 738 [9]
92 721 [2]
49 766 [7]
208 603 [7]
126 685 [7]
241 573 [8]
117 698 [7]
240 577 [6]
314 505 [1]
203 614 [3]
314 499 [0]
363 458 [0]
199 617 [8]
188 629 [1]
170 642 [8]
28 787 [2]
42 772 [2]
190 624 [8]
376 437 [8]
304 515 [2]
37 783 [7]
269 548 [1]
59 762 [2]
382 434 [8]
21 798 [9]
43 772 [2]
100 716 [1]
48 771 [7]
328 493 [2]
201 615 [8]
76 740 [2]
16 798 [9]
30 792 [7]
245 572 [8]
123 694 [1]
274 543 [8]
378 437 [8]
113 702 [1]
70 747 [7]
161 658 [8]
301 514 [5]
66 756 [2]
165 652 [3]
139 680 [2]
401 422 [1]
245 576 [7]
120 696 [1]
75 743 [7]
97 720 [7]
24 796 [3]
102 722 [7]
158 660 [8]
387 438 [0]
389 434 [2]
105 715 [8]
391 435 [0]
122 697 [1]
278 544 [1]
307 518 [8]
56 766 [7]
284 541 [1]
326 495 [7]
174 649 [7]
191 628 [8]
315 509 [2]
85 738 [3]
410 414 [7]
150 674 [7]
149 673 [7]
120 700 [1]
162 663 [2]
56 767 [7]
26 795 [7]
272 546 [0]
148 676 [3]
41 782 [2]
326 497 [7]
290 531 [8]
176 647 [7]
163 662 [7]
60 761 [2]
397 426 [2]
159 666 [7]
117 706 [7]
230 590 [8]
179 641 [8]
411 418 [0]
204 620 [8]
159 667 [3]
322 500 [7]
397 424 [8]
209 616 [5]
356 473 [1]
22 799 [2]
312 510 [8]
161 667 [2]
169 656 [1]
251 575 [1]
293 531 [8]
98 729 [1]
286 540 [1]
76 747 [7]
120 705 [1]
46 777 [2]
377 453 [0]
201 625 [8]
49 779 [2]
192 632 [8]
267 556 [8]
170 653 [7]
169 659 [1]
182 641 [8]
81 746 [7]
38 792 [7]
221 608 [7]
249 579 [5]
234 590 [8]
118 709 [7]
36 789 [7]
236 588 [7]
252 575 [5]
218 608 [8]
220 606 [8]
56 770 [1]
208 620 [7]
162 670 [1]
145 681 [8]
400 433 [9]
410 423 [0]
85 748 [1]
172 655 [3]
282 546 [8]
43 790 [2]
95 732 [7]
236 595 [7]
401 432 [1]
276 550 [7]
261 565 [7]
408 427 [0]
97 731 [1]
171 660 [1]
372 456 [7]
288 547 [0]
90 740 [3]
361 470 [5]
392 443 [0]
88 745 [1]
187 641 [8]
59 770 [7]
342 486 [7]
167 667 [2]
41 791 [2]
46 786 [2]
159 675 [1]
254 579 [1]
159 669 [1]
183 652 [2]
284 545 [7]
301 528 [8]
376 462 [0]
194 636 [5]
42 787 [7]
176 654 [8]
144 687 [8]
292 539 [8]
73 761 [7]
114 723 [7]
40 790 [7]
45 785 [7]
407 431 [6]
407 426 [7]
120 711 [1]
77 754 [7]
62 770 [7]
139 695 [7]
336 497 [8]
72 758 [7]
201 632 [8]
406 429 [7]
140 696 [1]
394 438 [8]
110 726 [7]
231 608 [1]
397 438 [7]
119 712 [8]
106 728 [1]
368 464 [5]
180 656 [5]
49 786 [7]
91 746 [7]
173 663 [7]
277 560 [5]
186 650 [2]
115 717 [7]
90 745 [2]
33 799 [7]
109 726 [1]
260 575 [6]
333 509 [0]
88 751 [7]
136 700 [1]
175 664 [7]
123 713 [7]
293 544 [8]
137 698 [7]
280 555 [7]
145 694 [1]
243 596 [1]
316 526 [8]
246 596 [1]
335 509 [0]
150 686 [1]
91 751 [2]
139 701 [7]
343 495 [8]
409 434 [8]
55 788 [2]
240 600 [5]
118 719 [1]
198 644 [7]
261 576 [7]
66 773 [2]
378 462 [7]
268 576 [2]
352 485 [6]
171 674 [1]
206 632 [7]
405 441 [0]
195 649 [2]
239 604 [1]
184 658 [7]
367 479 [8]
132 707 [7]
58 788 [2]
147 693 [1]
307 533 [7]
392 454 [1]
186 660 [7]
194 651 [5]
415 433 [0]
349 499 [0]
414 428 [8]
123 719 [1]
363 477 [8]
353 487 [8]
211 631 [8]
97 745 [1]
203 644 [2]
322 526 [8]
196 648 [8]
200 645 [8]
254 589 [1]
416 431 [0]
377 471 [1]
143 700 [2]
334 511 [7]
371 478 [1]
269 572 [5]
107 734 [7]
249 595 [8]
205 637 [7]
64 784 [3]
386 462 [2]
210 638 [8]
211 634 [1]
121 726 [7]
310 534 [8]
298 545 [7]
350 499 [2]
198 651 [8]
157 690 [7]
146 700 [8]
370 482 [0]
351 495 [8]
279 571 [2]
358 488 [1]
134 713 [8]
57 787 [7]
244 608 [1]
54 796 [9]
406 440 [7]
93 757 [1]
335 512 [0]
215 634 [7]
389 459 [8]
178 669 [5]
216 636 [8]
244 606 [1]
54 792 [2]
394 461 [0]
294 553 [8]
338 513 [1]
289 558 [7]
311 536 [8]
304 544 [8]
129 721 [7]
344 505 [8]
325 530 [0]
258 596 [1]
397 457 [1]
202 650 [8]
89 763 [7]
284 565 [8]
59 789 [7]
139 710 [7]
395 460 [1]
78 778 [1]
82 771 [7]
72 781 [7]
423 433 [1]
187 664 [8]
382 476 [0]
426 431 [6]
281 576 [8]
99 758 [1]
178 673 [8]
164 689 [7]
74 776 [7]
213 640 [7]
75 776 [7]
291 567 [1]
296 554 [5]
213 639 [8]
424 435 [0]
360 500 [0]
170 682 [7]
61 793 [7]
52 799 [2]
296 556 [8]
316 537 [7]
187 669 [8]
223 636 [8]
78 777 [1]
230 623 [7]
232 623 [8]
247 612 [2]
243 610 [1]
154 702 [1]
322 533 [7]
289 565 [7]
318 537 [7]
162 699 [7]
189 672 [1]
194 659 [5]
105 749 [5]
112 745 [8]
350 508 [1]
167 688 [7]
192 663 [7]
367 490 [8]
301 556 [8]
339 520 [5]
272 582 [6]
263 600 [1]
243 616 [5]
258 599 [8]
103 753 [7]
272 583 [6]
274 585 [8]
145 712 [5]
336 523 [8]
412 445 [8]
329 527 [5]
362 497 [8]
184 673 [7]
344 516 [7]
103 759 [1]
217 645 [8]
87 778 [7]
96 768 [2]
145 714 [8]
107 755 [7]
399 468 [0]
174 686 [8]
300 566 [1]
104 759 [1]
273 593 [1]
350 510 [7]
240 623 [5]
81 784 [2]
198 667 [2]
390 471 [8]
334 528 [7]
411 455 [1]
338 530 [0]
167 693 [8]
82 784 [3]
405 459 [5]
242 619 [5]
131 729 [8]
115 747 [7]
336 532 [8]
127 737 [2]
307 554 [5]
269 600 [8]
304 560 [8]
392 474 [5]
91 778 [1]
179 683 [7]
111 753 [2]
89 776 [7]
167 699 [8]
121 746 [7]
160 702 [1]
405 458 [7]
79 786 [1]
181 682 [7]
71 795 [1]
83 780 [1]
335 536 [1]
381 484 [7]
83 781 [1]
105 758 [5]
170 693 [8]
353 511 [8]
256 609 [7]
295 574 [1]
345 528 [0]
160 704 [8]
409 465 [0]
305 569 [0]
288 577 [6]
372 494 [7]
163 708 [7]
250 616 [5]
127 741 [2]
205 662 [7]
399 469 [8]
164 701 [1]
328 538 [7]
80 793 [1]
383 492 [0]
122 747 [1]
203 671 [1]
203 664 [7]
73 794 [7]
321 552 [2]
434 436 [7]
79 792 [1]
250 619 [5]
207 661 [5]
169 700 [1]
112 756 [7]
82 790 [7]
370 502 [1]
354 515 [7]
342 529 [7]
138 733 [8]
194 679 [1]
189 680 [7]
344 526 [8]
201 672 [8]
168 705 [8]
117 755 [7]
174 697 [1]
191 684 [8]
307 567 [1]
140 737 [7]
82 787 [7]
424 446 [8]
269 606 [1]
200 675 [8]
218 660 [1]
298 577 [1]
137 736 [1]
419 456 [5]
387 486 [8]
356 516 [7]
226 651 [8]
103 774 [1]
166 706 [7]
93 779 [7]
133 738 [9]
227 645 [8]
105 772 [1]
289 586 [1]
117 760 [7]
299 578 [1]
73 799 [7]
92 788 [7]
173 705 [8]
129 752 [1]
150 729 [1]
318 560 [1]
82 791 [7]
114 761 [7]
390 484 [8]
409 474 [0]
276 602 [8]
270 608 [8]
167 708 [7]
396 481 [8]
164 719 [1]
205 673 [8]
419 461 [5]
292 586 [8]
249 634 [1]
278 605 [6]
145 735 [1]
148 728 [8]
220 658 [8]
132 744 [7]
171 708 [8]
369 511 [7]
120 760 [1]
121 764 [1]
98 780 [1]
108 773 [7]
390 488 [8]
370 513 [5]
237 642 [5]
214 668 [8]
229 653 [1]
165 716 [1]
296 588 [1]
133 746 [7]
147 739 [3]
237 645 [5]
198 684 [8]
131 753 [8]
172 710 [7]
285 603 [1]
438 443 [8]
157 729 [8]
188 694 [5]
309 577 [1]
237 647 [8]
188 698 [1]
363 521 [8]
361 525 [5]
228 657 [8]
243 640 [7]
143 741 [3]
239 647 [8]
96 793 [1]
428 458 [8]
255 633 [0]
314 575 [5]
184 705 [8]
170 716 [8]
387 505 [1]
233 653 [8]
203 685 [2]
431 460 [0]
415 478 [0]
167 720 [8]
116 771 [1]
423 469 [1]
99 788 [7]
257 630 [8]
268 621 [7]
153 739 [2]
295 592 [8]
215 676 [3]
308 585 [1]
318 571 [7]
319 568 [8]
285 609 [8]
313 580 [2]
434 455 [8]
156 731 [5]
119 771 [8]
268 619 [1]
439 458 [0]
130 761 [8]
138 758 [8]
209 687 [1]
394 504 [0]
163 734 [8]
348 549 [1]
304 587 [8]
335 562 [1]
336 554 [5]
152 742 [1]
169 722 [7]
157 733 [1]
230 661 [8]
197 701 [8]
377 521 [1]
218 680 [1]
391 507 [1]
449 451 [0]
384 516 [0]
430 469 [1]
322 575 [5]
162 730 [7]
352 539 [6]
313 582 [7]
345 546 [5]
332 563 [7]
266 630 [1]
208 686 [8]
103 797 [1]
203 695 [1]
269 628 [1]
259 640 [2]
336 564 [8]
125 771 [1]
224 672 [1]
222 673 [8]
266 627 [5]
404 489 [5]
172 726 [7]
320 573 [5]
179 717 [8]
438 463 [1]
411 490 [1]
251 646 [7]
272 627 [0]
433 469 [0]
204 695 [5]
149 748 [8]
301 597 [1]
393 510 [0]
135 764 [1]
202 693 [8]
355 547 [1]
114 781 [7]
155 743 [8]
150 753 [7]
387 513 [1]
183 712 [5]
253 643 [5]
260 642 [6]
104 795 [7]
386 518 [8]
288 616 [0]
126 771 [8]
173 730 [8]
141 761 [1]
172 728 [1]
237 662 [8]
312 593 [1]
257 645 [5]
245 657 [8]
297 606 [1]
191 708 [7]
339 564 [5]
200 705 [8]
175 729 [1]
412 496 [0]
330 574 [1]
313 588 [8]
182 723 [8]
400 508 [4]
171 737 [1]
443 466 [0]
108 795 [1]
192 716 [1]
302 606 [1]
357 548 [1]
241 661 [5]
168 737 [8]
374 528 [7]
212 693 [5]
284 620 [8]
430 479 [1]
421 490 [0]
134 769 [7]
252 658 [1]
265 640 [8]
442 462 [7]
454 456 [1]
149 755 [7]
187 724 [8]
142 765 [8]
267 644 [1]
202 705 [8]
167 744 [8]
433 475 [4]
446 466 [0]
232 679 [1]
224 680 [7]
300 611 [5]
188 720 [5]
134 774 [8]
323 586 [1]
221 687 [7]
353 559 [1]
132 779 [2]
290 616 [5]
193 720 [8]
319 588 [8]
117 790 [7]
258 650 [8]
365 540 [5]
232 682 [1]
140 770 [1]
151 763 [1]
253 653 [5]
314 600 [1]
277 637 [1]
249 659 [5]
334 572 [5]
416 492 [8]
278 628 [5]
140 774 [1]
282 628 [8]
390 525 [8]
260 655 [8]
218 695 [5]
265 647 [1]
440 468 [8]
140 772 [1]
141 774 [1]
226 682 [7]
451 458 [7]
324 592 [1]
243 670 [5]
453 456 [8]
175 736 [1]
286 625 [8]
346 567 [1]
363 547 [7]
437 481 [0]
252 659 [5]
238 671 [5]
177 735 [1]
246 668 [1]
337 572 [5]
348 564 [8]
238 672 [5]
337 578 [1]
367 547 [7]
126 785 [8]
153 763 [1]
151 762 [7]
194 722 [1]
137 775 [7]
298 621 [8]
227 691 [8]
249 666 [8]
429 492 [0]
309 611 [5]
319 594 [7]
392 525 [5]
289 627 [1]
231 690 [1]
262 652 [8]
457 465 [0]
130 787 [8]
134 782 [8]
164 752 [1]
278 642 [6]
333 581 [5]
165 756 [2]
450 472 [1]
447 468 [8]
384 538 [1]
361 556 [8]
442 482 [0]
149 770 [8]
176 745 [8]
163 758 [8]
137 779 [7]
192 732 [1]
192 725 [5]
160 764 [8]
120 799 [1]
427 489 [5]
398 526 [8]
390 527 [5]
268 650 [7]
128 796 [2]
145 777 [1]
301 621 [1]
257 662 [8]
308 612 [1]
126 796 [2]
440 487 [0]
366 561 [0]
345 573 [6]
356 565 [8]
286 638 [5]
238 686 [5]
412 516 [0]
166 761 [1]
165 759 [1]
239 686 [5]
262 657 [1]
161 762 [8]
376 549 [1]
312 616 [6]
298 627 [1]
331 592 [8]
405 524 [0]
146 778 [8]
383 547 [0]
413 508 [5]
373 553 [5]
290 634 [8]
232 692 [8]
311 612 [7]
292 633 [5]
310 615 [8]
222 703 [8]
372 558 [8]
396 534 [1]
367 556 [8]
283 647 [1]
372 552 [7]
282 644 [7]
147 777 [7]
159 767 [1]
369 554 [5]
364 564 [5]
181 750 [8]
393 538 [1]
438 485 [5]
334 592 [8]
319 606 [8]
154 771 [1]
205 722 [8]
311 621 [8]
219 708 [8]
423 506 [1]
329 600 [1]
430 502 [1]
145 788 [1]
189 736 [1]
405 523 [5]
332 594 [7]
356 574 [1]
289 640 [7]
243 685 [8]
342 584 [7]
312 618 [5]
387 542 [7]
130 799 [8]
366 568 [1]
275 656 [1]
132 797 [1]
462 473 [1]
191 744 [8]
163 772 [8]
240 687 [6]
164 766 [1]
232 703 [1]
186 742 [7]
421 506 [6]
291 639 [8]
408 529 [0]
436 501 [0]
184 746 [1]
156 775 [8]
380 548 [5]
369 562 [8]
263 670 [5]
184 749 [8]
444 494 [0]
452 486 [0]
220 717 [1]
269 661 [5]
317 613 [8]
378 561 [0]
441 498 [0]
319 615 [8]
141 796 [2]
325 613 [8]
264 667 [8]
148 787 [8]
425 515 [0]
439 499 [2]
401 538 [1]
403 537 [0]
192 741 [8]
195 737 [7]
314 617 [5]
265 672 [5]
267 664 [5]
207 733 [1]
256 684 [1]
190 742 [5]
151 784 [2]
443 489 [6]
279 655 [7]
293 648 [8]
359 574 [5]
283 658 [1]
458 478 [8]
420 522 [0]
294 641 [8]
330 605 [5]
384 549 [6]
463 480 [0]
171 764 [5]
240 701 [0]
393 541 [6]
310 626 [7]
275 661 [5]
180 760 [1]
163 780 [8]
149 788 [1]
144 798 [2]
327 608 [6]
347 598 [0]
374 571 [0]
153 786 [1]
158 786 [1]
445 500 [0]
216 728 [8]
415 527 [0]
385 559 [1]
163 781 [8]
150 788 [7]
144 796 [7]
200 744 [8]
143 797 [7]
233 707 [8]
244 694 [5]
141 799 [1]
173 765 [7]
176 765 [7]
312 630 [5]
429 512 [0]
250 691 [1]
152 788 [7]
197 750 [8]
215 726 [1]
255 684 [5]
341 601 [8]
471 478 [0]
173 769 [8]
394 546 [6]
419 531 [0]
253 694 [6]
466 480 [5]
395 547 [8]
418 533 [0]
159 786 [1]
232 718 [1]
434 513 [1]
204 739 [7]
326 619 [5]
156 787 [5]
379 571 [7]
225 726 [1]
205 746 [1]
164 782 [1]
179 768 [7]
321 626 [7]
456 495 [1]
439 512 [0]
186 763 [7]
426 519 [8]
459 495 [0]
227 723 [8]
416 534 [5]
471 482 [1]
410 538 [8]
464 482 [5]
427 528 [0]
305 641 [5]
334 619 [0]
315 636 [1]
275 673 [8]
416 538 [1]
168 779 [8]
459 497 [0]
354 601 [8]
263 693 [0]
446 511 [0]
161 792 [1]
236 712 [8]
204 752 [8]
215 737 [7]
382 572 [6]
430 526 [1]
156 793 [5]
425 533 [0]
447 511 [0]
311 642 [5]
167 787 [8]
333 619 [0]
285 665 [5]
230 726 [8]
417 542 [0]
469 490 [0]
250 704 [5]
198 757 [8]
208 748 [8]
182 772 [1]
271 683 [8]
301 656 [6]
287 671 [8]
352 599 [6]
219 733 [5]
395 557 [5]
229 725 [5]
171 782 [5]
478 482 [1]
398 561 [2]
274 686 [5]
205 748 [5]
164 797 [1]
268 686 [1]
306 654 [0]
364 589 [6]
318 644 [1]
425 530 [8]
429 535 [0]
460 504 [0]
201 762 [1]
366 597 [1]
328 635 [8]
472 493 [0]
250 711 [1]
248 716 [8]
327 636 [0]
312 649 [1]
240 724 [0]
439 521 [8]
468 492 [8]
342 624 [1]
293 665 [5]
423 538 [1]
422 545 [0]
329 637 [1]
206 758 [8]
355 613 [0]
220 747 [1]
445 515 [8]
235 725 [5]
451 516 [1]
319 643 [1]
282 680 [1]
210 753 [8]
204 763 [1]
309 652 [7]
354 611 [0]
304 664 [1]
249 717 [1]
329 636 [5]
325 644 [1]
455 506 [6]
320 647 [1]
243 724 [1]
224 742 [1]
180 784 [8]
439 531 [8]
475 497 [0]
208 759 [8]
301 668 [5]
167 799 [8]
259 706 [8]
276 688 [7]
201 765 [8]
342 625 [8]
437 530 [8]
221 747 [1]
295 670 [5]
343 627 [1]
342 631 [1]
464 501 [5]
373 597 [5]
405 560 [6]
440 533 [1]
243 728 [5]
375 591 [5]
259 709 [8]
260 706 [5]
371 600 [1]
342 626 [8]
361 614 [0]
297 674 [1]
238 733 [1]
294 678 [3]
253 718 [5]
302 667 [7]
450 526 [0]
329 641 [0]
198 777 [8]
190 779 [8]
376 599 [1]
338 637 [1]
204 765 [8]
256 719 [5]
286 690 [1]
448 529 [0]
282 689 [1]
391 577 [5]
343 633 [5]
422 556 [0]
371 605 [0]
281 696 [6]
243 726 [1]
344 629 [1]
194 784 [8]
397 574 [5]
273 698 [5]
365 611 [0]
326 649 [7]
438 537 [7]
274 701 [5]
368 604 [5]
326 647 [8]
385 586 [5]
326 651 [1]
192 788 [1]
182 791 [1]
322 650 [1]
369 608 [1]
475 507 [0]
376 602 [1]
391 587 [5]
448 535 [0]
218 757 [5]
221 754 [1]
290 687 [1]
389 591 [1]
335 642 [6]
311 668 [5]
404 572 [5]
205 773 [8]
396 580 [8]
204 773 [8]
349 631 [1]
255 723 [6]
241 743 [1]
399 577 [5]
327 656 [0]
263 718 [1]
456 525 [1]
488 498 [0]
229 749 [5]
265 713 [5]
289 692 [8]
263 716 [5]
270 716 [1]
276 711 [1]
284 700 [1]
390 597 [1]
272 713 [0]
404 579 [5]
408 577 [6]
478 509 [1]
368 612 [8]
292 690 [8]
441 539 [5]
463 522 [5]
460 528 [1]
467 523 [0]
283 704 [5]
373 611 [0]
208 775 [8]
347 639 [5]
375 607 [6]
372 610 [5]
219 767 [5]
392 596 [6]
415 573 [0]
364 623 [5]
423 561 [7]
316 667 [7]
454 538 [0]
231 752 [5]
210 775 [8]
362 629 [1]
296 692 [1]
385 603 [1]
490 498 [5]
239 749 [5]
229 759 [5]
190 798 [7]
196 793 [8]
219 766 [5]
246 740 [8]
262 727 [1]
219 768 [8]
253 733 [5]
470 525 [0]
362 632 [8]
464 522 [6]
285 702 [5]
452 542 [1]
230 764 [1]
263 728 [5]
240 754 [0]
308 679 [6]
358 629 [5]
448 539 [5]
269 725 [5]
297 691 [5]
197 798 [2]
308 685 [5]
411 582 [5]
474 514 [0]
461 530 [8]
295 696 [5]
310 687 [1]
391 603 [1]
429 565 [5]
387 604 [5]
220 773 [8]
355 642 [0]
396 599 [1]
312 683 [1]
302 693 [5]
450 550 [0]
471 528 [1]
477 523 [0]
243 749 [5]
218 778 [5]
298 698 [1]
434 565 [8]
193 799 [8]
289 706 [1]
419 583 [0]
356 640 [8]
338 663 [1]
472 522 [8]
467 536 [0]
222 775 [8]
372 630 [1]
216 783 [8]
439 560 [1]
246 749 [1]
397 605 [6]
209 786 [5]
320 683 [1]
418 582 [5]
464 541 [0]
290 711 [1]
239 762 [1]
316 688 [8]
214 789 [8]
303 699 [1]
247 751 [7]
481 521 [4]
497 509 [1]
439 569 [0]
345 661 [0]
315 689 [8]
224 776 [7]
439 566 [1]
492 511 [5]
249 752 [5]
223 783 [8]
308 696 [0]
378 628 [1]
239 765 [8]
268 741 [7]
238 770 [5]
462 540 [5]
412 595 [5]
265 738 [8]
481 529 [1]
433 570 [4]
302 705 [5]
245 764 [8]
348 660 [1]
255 752 [5]
430 573 [5]
473 535 [5]
343 669 [5]
442 571 [0]
301 703 [5]
294 719 [8]
398 607 [5]
315 698 [1]
228 779 [8]
325 685 [1]
466 539 [5]
496 519 [0]
499 512 [0]
244 762 [5]
418 588 [5]
501 515 [0]
264 747 [5]
300 715 [1]
235 774 [5]
483 534 [0]
319 695 [5]
422 586 [6]
222 791 [1]
363 650 [1]
289 722 [8]
455 563 [0]
219 794 [5]
284 730 [1]
321 691 [8]
501 513 [5]
319 693 [5]
278 736 [5]
367 648 [1]
493 525 [1]
501 510 [8]
368 648 [1]
254 759 [5]
287 725 [8]
293 727 [1]
249 763 [5]
352 668 [0]
296 723 [5]
361 659 [0]
383 636 [6]
386 635 [8]
282 738 [2]
423 595 [1]
427 586 [6]
500 521 [1]
450 571 [1]
465 554 [0]
378 638 [5]
309 710 [5]
384 633 [0]
485 529 [6]
424 595 [5]
417 605 [6]
434 581 [5]
336 679 [5]
389 631 [1]
267 756 [1]
261 756 [8]
404 619 [6]
276 745 [8]
247 777 [8]
273 745 [6]
477 539 [6]
351 674 [1]
469 548 [6]
440 582 [5]
291 728 [5]
389 634 [1]
413 613 [1]
257 765 [8]
237 784 [8]
256 770 [5]
274 746 [5]
417 604 [5]
422 604 [6]
301 724 [5]
278 747 [5]
440 581 [6]
372 654 [5]
468 562 [8]
481 541 [6]
510 522 [0]
299 728 [5]
365 666 [1]
277 750 [0]
257 772 [1]
251 776 [8]
350 679 [1]
287 741 [8]
433 591 [6]
502 530 [1]
447 577 [6]
484 540 [6]
260 770 [0]
472 554 [5]
504 529 [1]
365 669 [0]
448 583 [5]
451 584 [0]
475 557 [0]
489 546 [0]
399 632 [1]
423 608 [5]
280 748 [5]
273 760 [6]
441 586 [6]
481 556 [0]
238 790 [1]
243 790 [1]
329 699 [5]
463 572 [0]
417 619 [0]
317 713 [5]
461 569 [7]
421 608 [6]
505 534 [0]
337 698 [1]
387 648 [1]
356 676 [7]
503 535 [1]
302 737 [1]
364 676 [0]
284 748 [5]
423 611 [0]
462 575 [5]
377 656 [6]
396 642 [6]
473 568 [0]
486 555 [0]
246 791 [1]
385 655 [1]
317 717 [5]
472 566 [1]
470 571 [1]
373 666 [5]
333 704 [0]
398 644 [1]
298 741 [1]
393 646 [5]
467 567 [6]
438 605 [6]
319 724 [1]
418 617 [5]
350 688 [8]
494 541 [6]
361 674 [6]
515 525 [1]
245 797 [8]
295 746 [1]
288 754 [6]
423 618 [5]
455 581 [0]
418 623 [5]
463 583 [0]
449 588 [6]
271 767 [5]
259 782 [8]
355 688 [4]
467 576 [4]
327 719 [0]
323 721 [1]
375 667 [8]
335 712 [0]
384 659 [0]
313 730 [1]
312 732 [6]
264 776 [1]
469 577 [0]
501 544 [5]
379 669 [0]
402 648 [0]
507 543 [0]
341 701 [5]
256 790 [1]
499 550 [8]
482 561 [7]
481 565 [4]
376 672 [5]
277 771 [6]
425 622 [5]
339 703 [6]
408 639 [5]
513 539 [0]
337 707 [5]
270 779 [8]
430 618 [1]
411 637 [1]
455 588 [6]
496 555 [1]
517 536 [0]
288 759 [0]
255 790 [5]
427 617 [6]
523 524 [5]
319 731 [1]
370 677 [6]
413 636 [6]
468 579 [5]
275 773 [8]
352 700 [0]
444 612 [0]
396 659 [6]
379 673 [1]
368 680 [5]
465 583 [6]
526 532 [0]
437 619 [0]
439 618 [1]
514 535 [6]
461 593 [5]
474 585 [0]
506 553 [0]
376 679 [1]
260 798 [8]
382 676 [1]
339 719 [0]
259 796 [7]
326 731 [1]
454 605 [0]
509 548 [5]
448 612 [1]
283 775 [1]
449 609 [5]
473 590 [0]
390 665 [5]
471 593 [0]
484 580 [0]
374 686 [0]
305 754 [5]
473 589 [0]
482 575 [6]
346 710 [5]
472 588 [5]
508 547 [6]
495 570 [0]
412 651 [0]
377 679 [5]
291 766 [5]
366 691 [5]
335 728 [6]
267 792 [6]
281 778 [5]
368 694 [5]
394 671 [0]
458 608 [1]
347 717 [6]
453 613 [1]
488 580 [0]
386 677 [5]
302 762 [1]
461 605 [0]
421 645 [0]
276 784 [7]
361 698 [6]
314 748 [6]
343 723 [5]
330 735 [1]
287 775 [8]
350 718 [1]
324 741 [5]
471 594 [5]
413 654 [6]
346 716 [5]
411 650 [5]
422 644 [5]
456 613 [1]
519 552 [0]
269 797 [5]
282 785 [1]
317 746 [5]
456 614 [1]
517 555 [0]
296 770 [0]
308 761 [6]
477 586 [6]
419 650 [0]
332 735 [1]
368 704 [6]
399 670 [5]
374 691 [5]
408 663 [5]
370 705 [6]
523 544 [5]
326 750 [5]
288 786 [6]
358 715 [5]
441 632 [5]
424 652 [1]
524 547 [1]
405 670 [0]
537 542 [0]
533 545 [1]
374 704 [0]
523 554 [0]
409 662 [6]
509 568 [5]
307 767 [5]
386 695 [5]
326 751 [7]
521 562 [0]
489 585 [0]
377 702 [5]
354 725 [5]
493 587 [1]
422 653 [6]
363 712 [5]
289 791 [1]
308 774 [6]
482 601 [1]
529 546 [5]
487 598 [0]
329 750 [0]
337 745 [5]
358 725 [0]
341 735 [5]
528 554 [6]
483 598 [5]
521 565 [0]
410 675 [6]
401 681 [5]
523 559 [4]
532 550 [5]
432 655 [0]
284 794 [5]
481 604 [6]
352 727 [6]
421 663 [5]
291 793 [5]
460 620 [6]
431 659 [0]
476 614 [0]
477 613 [0]
392 689 [6]
323 763 [5]
418 664 [6]
524 563 [5]
510 580 [1]
297 787 [5]
353 730 [5]
377 706 [5]
374 709 [5]
323 768 [8]
484 599 [5]
299 791 [5]
371 718 [5]
347 737 [6]
492 597 [5]
416 678 [0]
473 619 [9]
495 596 [0]
419 674 [4]
489 606 [0]
324 766 [5]
325 762 [5]
397 689 [5]
319 768 [7]
420 676 [0]
462 633 [0]
292 796 [7]
443 652 [1]
387 707 [5]
499 592 [8]
531 566 [0]
473 624 [0]
455 641 [0]
441 656 [0]
451 644 [5]
305 787 [5]
430 665 [5]
506 591 [0]
363 729 [5]
430 668 [6]
369 724 [5]
530 567 [5]
460 632 [6]
503 598 [5]
457 644 [6]
480 622 [0]
348 749 [5]
443 650 [6]
401 696 [0]
385 709 [5]
309 787 [5]
397 702 [5]
416 679 [5]
474 621 [6]
506 599 [0]
459 643 [0]
471 633 [9]
371 726 [5]
519 578 [5]
431 675 [7]
470 637 [0]
461 643 [6]
434 665 [5]
367 732 [5]
350 753 [1]
304 796 [8]
385 718 [5]
455 651 [0]
310 793 [5]
430 671 [6]
353 747 [5]
411 694 [6]
491 614 [6]
365 742 [5]
357 745 [5]
444 662 [5]
313 789 [5]
366 741 [1]
450 659 [9]
412 690 [6]
461 646 [5]
374 731 [6]
493 615 [1]
518 595 [0]
461 652 [0]
414 696 [5]
460 651 [0]
372 740 [1]
356 756 [8]
307 798 [8]
474 630 [0]
423 682 [5]
436 678 [0]
548 566 [0]
475 630 [6]
550 564 [0]
376 731 [5]
345 766 [6]
406 701 [5]
412 700 [6]
445 666 [1]
508 598 [6]
402 714 [0]
479 637 [0]
414 698 [1]
392 715 [5]
558 559 [0]
372 742 [5]
319 789 [1]
471 643 [0]
546 562 [6]
370 743 [6]
413 697 [5]
382 734 [0]
418 691 [6]
405 711 [0]
364 750 [0]
521 590 [6]
514 598 [6]
554 564 [0]
481 631 [6]
454 663 [5]
323 792 [5]
326 793 [1]
340 780 [6]
453 665 [6]
384 736 [6]
415 699 [6]
534 586 [0]
410 707 [6]
537 583 [1]
325 798 [8]
412 708 [5]
511 609 [5]
508 617 [0]
349 771 [5]
351 768 [8]
548 578 [0]
554 572 [0]
435 682 [5]
560 567 [0]
326 797 [1]
422 704 [0]
545 584 [0]
436 684 [6]
505 615 [6]
330 792 [5]
504 622 [5]
338 792 [6]
363 760 [5]
371 759 [0]
532 601 [0]
425 699 [5]
364 765 [5]
491 643 [0]
527 607 [0]
378 750 [0]
351 778 [5]
516 616 [0]
461 664 [6]
543 592 [0]
384 749 [0]
391 740 [5]
524 612 [0]
498 633 [0]
333 797 [6]
479 656 [9]
338 798 [1]
391 744 [6]
511 623 [5]
380 757 [0]
362 773 [1]
564 572 [0]
521 614 [4]
495 635 [6]
549 590 [0]
369 762 [5]
506 634 [0]
456 676 [8]
565 576 [0]
380 759 [0]
400 742 [4]
479 663 [0]
556 580 [8]
372 763 [5]
503 640 [0]
453 686 [0]
436 705 [0]
367 771 [5]
472 668 [5]
436 701 [6]
369 770 [0]
519 617 [6]
533 608 [5]
427 714 [5]
556 585 [4]
464 682 [0]
442 701 [6]
476 666 [4]
464 680 [9]
489 657 [4]
539 608 [0]
388 755 [1]
507 631 [6]
424 723 [6]
561 587 [1]
449 697 [6]
532 608 [6]
540 610 [0]
441 707 [0]
500 646 [1]
415 734 [0]
491 660 [0]
494 654 [0]
531 620 [6]
426 717 [5]
495 647 [6]
574 577 [0]
395 750 [0]
444 705 [0]
430 716 [5]
495 654 [0]
399 751 [1]
558 594 [0]
411 734 [6]
569 582 [8]
517 627 [6]
562 592 [0]
536 616 [0]
559 587 [6]
446 704 [0]
515 637 [1]
401 750 [0]
370 780 [6]
570 578 [6]
503 655 [0]
406 743 [5]
383 772 [6]
380 769 [5]
413 741 [5]
363 789 [5]
369 785 [5]
385 771 [6]
510 642 [6]
409 748 [9]
561 597 [1]
533 622 [5]
563 592 [4]
559 601 [0]
429 729 [0]
504 647 [6]
576 585 [0]
479 678 [1]
573 589 [0]
362 795 [5]
436 719 [6]
500 653 [5]
375 785 [6]
456 702 [6]
436 718 [5]
496 658 [5]
534 620 [6]
517 645 [0]
468 692 [1]
446 714 [5]
535 625 [5]
424 734 [6]
476 680 [6]
465 697 [0]
425 739 [1]
533 624 [5]
516 646 [5]
514 653 [0]
453 707 [6]
436 722 [5]
578 580 [6]
551 612 [5]
542 622 [1]
501 663 [1]
572 596 [3]
520 649 [0]
556 609 [5]
570 591 [6]
557 610 [9]
581 589 [9]
514 657 [0]
377 791 [6]
383 781 [6]
457 712 [9]
493 674 [1]
485 687 [0]
474 696 [9]
485 678 [6]
517 646 [4]
516 655 [1]
393 777 [6]
535 629 [5]
485 689 [0]
388 777 [5]
557 614 [6]
373 795 [6]
429 744 [6]
557 617 [9]
499 671 [5]
490 683 [5]
379 794 [5]
427 749 [0]
410 763 [6]
393 776 [6]
419 758 [9]
434 741 [1]
544 635 [0]
458 712 [5]
423 750 [0]
379 795 [5]
405 771 [0]
429 748 [0]
424 749 [6]
421 757 [0]
518 660 [0]
411 768 [1]
405 770 [0]
421 758 [0]
587 595 [0]
535 645 [0]
572 610 [4]
584 598 [8]
544 639 [0]
571 604 [5]
500 677 [6]
544 638 [9]
451 730 [6]
528 655 [1]
583 592 [6]
542 634 [5]
404 773 [5]
508 679 [0]
390 794 [5]
456 729 [0]
392 793 [0]
431 757 [0]
401 780 [6]
475 711 [0]
404 781 [6]
497 682 [6]
390 789 [5]
469 716 [0]
530 651 [6]
484 702 [6]
538 652 [0]
569 613 [8]
483 708 [0]
444 744 [6]
419 769 [0]
564 618 [6]
536 655 [5]
486 704 [0]
410 773 [5]
506 684 [9]
505 688 [0]
531 662 [0]
499 693 [0]
443 748 [0]
446 745 [6]
570 615 [6]
562 623 [6]
551 644 [0]
475 717 [0]
408 780 [6]
420 772 [6]
428 768 [0]
570 626 [0]
490 704 [9]
576 617 [0]
511 681 [5]
442 751 [1]
500 693 [0]
566 631 [0]
493 701 [5]
513 682 [9]
509 679 [5]
498 690 [6]
596 599 [9]
439 755 [1]
469 726 [0]
550 639 [6]
431 759 [4]
522 675 [0]
442 752 [6]
547 648 [5]
568 632 [0]
436 761 [6]
416 775 [5]
520 681 [0]
553 648 [0]
482 715 [5]
503 689 [6]
417 782 [6]
563 640 [0]
594 609 [0]
600 603 [0]
438 760 [5]
401 799 [6]
454 747 [6]
545 650 [6]
548 653 [9]
513 692 [0]
582 623 [0]
590 615 [0]
409 794 [0]
445 756 [1]
550 646 [6]
562 635 [6]
512 695 [0]
456 747 [6]
519 685 [5]
526 673 [0]
516 684 [6]
471 736 [0]
490 716 [0]
563 643 [0]
466 739 [5]
551 649 [0]
502 708 [0]
425 783 [0]
543 665 [0]
555 654 [0]
604 607 [9]
597 615 [0]
479 731 [9]
525 688 [0]
511 696 [0]
561 643 [5]
510 700 [6]
417 794 [6]
548 664 [9]
427 785 [6]
469 743 [0]
557 655 [0]
573 639 [0]
532 674 [6]
445 764 [6]
435 774 [6]
599 618 [0]
524 684 [6]
455 753 [6]
525 689 [0]
597 621 [0]
552 667 [0]
593 626 [0]
435 775 [5]
501 714 [5]
499 713 [5]
550 669 [9]
478 739 [5]
506 714 [6]
549 673 [0]
466 750 [0]
571 643 [5]
463 757 [9]
600 623 [0]
504 716 [0]
478 737 [6]
428 796 [0]
487 735 [0]
595 622 [3]
465 759 [9]
544 679 [0]
489 735 [9]
427 799 [6]
432 798 [0]
426 797 [6]
568 661 [9]
505 724 [0]
500 731 [6]
463 767 [9]
494 738 [0]
553 677 [9]
533 693 [0]
507 723 [0]
536 694 [0]
594 636 [0]
587 646 [0]
610 614 [6]
515 714 [5]
599 634 [0]
551 683 [0]
466 766 [6]
538 694 [0]
563 670 [0]
505 728 [0]
590 643 [0]
509 725 [0]
468 763 [5]
448 784 [5]
473 762 [9]
593 635 [6]
594 637 [6]
574 664 [0]
509 724 [6]
522 713 [6]
450 779 [0]
586 653 [0]
483 754 [9]
470 767 [0]
442 796 [1]
566 672 [9]
613 618 [6]
518 721 [0]
485 755 [0]
584 648 [6]
578 662 [0]
520 720 [9]
482 756 [1]
473 767 [9]
590 650 [0]
580 661 [0]
614 625 [5]
551 689 [0]
489 752 [9]
498 737 [6]
617 628 [0]
454 789 [0]
454 788 [6]
545 695 [0]
467 777 [0]
567 677 [9]
575 672 [0]
622 625 [0]
469 769 [6]
604 643 [4]
550 696 [9]
593 646 [6]
445 797 [6]
576 671 [0]
452 798 [0]
621 630 [0]
552 693 [0]
490 759 [0]
469 773 [6]
516 727 [6]
517 727 [6]
453 794 [6]
538 713 [6]
608 647 [0]
472 780 [6]
527 730 [0]
498 757 [0]
559 696 [9]
475 781 [0]
597 660 [0]
620 639 [6]
586 673 [0]
602 658 [0]
504 754 [0]
597 661 [9]
570 681 [6]
508 745 [4]
599 660 [9]
541 722 [0]
533 721 [5]
585 677 [0]
505 757 [9]
581 684 [0]
473 790 [9]
581 676 [6]
479 785 [0]
536 729 [0]
590 675 [9]
626 632 [6]
546 722 [0]
493 774 [6]
480 786 [9]
545 714 [6]
589 680 [0]
542 725 [0]
611 652 [0]
619 649 [9]
482 779 [5]
550 717 [0]
609 663 [0]
487 783 [0]
585 684 [0]
572 700 [4]
488 783 [0]
518 756 [0]
480 792 [9]
600 666 [1]
549 727 [0]
496 778 [0]
564 709 [0]
584 688 [4]
630 637 [6]
495 773 [0]
583 691 [0]
588 690 [0]
601 675 [9]
532 744 [0]
516 760 [6]
552 718 [5]
567 710 [9]
612 663 [5]
492 785 [6]
560 721 [0]
503 769 [6]
575 707 [0]
508 772 [9]
524 757 [0]
604 676 [6]
595 686 [9]
603 681 [0]
609 666 [6]
590 693 [9]
588 698 [0]
530 754 [6]
524 755 [6]
539 747 [9]
579 710 [0]
524 759 [0]
587 701 [9]
518 769 [0]
625 666 [0]
498 791 [0]
532 757 [9]
630 659 [9]
526 763 [0]
635 652 [5]
584 699 [6]
591 703 [0]
495 797 [0]
563 722 [6]
593 692 [6]
608 684 [9]
578 718 [0]
630 666 [0]
550 737 [0]
509 779 [5]
599 696 [9]
607 691 [0]
526 770 [9]
540 756 [0]
599 697 [9]
536 761 [0]
556 739 [4]
594 704 [9]
557 746 [0]
564 739 [0]
577 726 [0]
579 724 [0]
618 685 [0]
520 781 [9]
538 764 [0]
651 652 [0]
625 676 [5]
514 783 [4]
627 679 [0]
584 720 [0]
601 703 [0]
551 753 [0]
567 741 [0]
646 662 [0]
622 684 [0]
553 753 [0]
641 669 [0]
574 731 [4]
578 730 [9]
620 692 [0]
558 754 [9]
566 739 [6]
530 776 [5]
573 739 [0]
549 764 [4]
627 689 [0]
635 681 [6]
605 712 [0]
517 796 [4]
633 683 [9]
537 777 [6]
532 785 [9]
600 718 [0]
645 675 [0]
598 720 [0]
615 704 [9]
631 690 [0]
651 671 [0]
550 770 [9]
634 690 [0]
536 784 [5]
572 752 [9]
533 788 [6]
617 709 [9]
555 770 [0]
639 686 [9]
655 670 [0]
650 680 [0]
538 791 [0]
579 752 [4]
658 674 [0]
626 704 [9]
642 688 [9]
627 703 [0]
582 751 [0]
662 669 [9]
595 736 [9]
620 714 [0]
628 706 [0]
613 719 [0]
620 712 [4]
543 788 [0]
614 719 [0]
597 736 [9]
610 726 [0]
622 712 [9]
545 791 [0]
541 795 [4]
616 723 [0]
622 716 [9]
643 697 [0]
547 792 [0]
602 740 [0]
624 718 [0]
579 763 [4]
549 792 [4]
664 671 [4]
665 676 [6]
555 787 [0]
618 725 [9]
631 715 [0]
613 731 [0]
562 782 [0]
601 737 [0]
569 771 [5]
576 768 [5]
564 783 [9]
565 782 [0]
629 721 [0]
563 785 [0]
558 790 [0]
630 720 [9]
625 727 [0]
594 757 [9]
603 748 [9]
667 678 [8]
590 762 [9]
616 738 [0]
637 719 [9]
639 717 [0]
586 773 [0]
650 709 [0]
613 744 [0]
672 685 [9]
588 772 [9]
648 715 [0]
670 694 [0]
624 741 [0]
654 711 [0]
673 692 [0]
591 775 [0]
604 762 [0]
590 774 [9]
574 787 [4]
587 778 [9]
636 732 [0]
580 784 [5]
607 762 [9]
681 688 [6]
610 760 [4]
575 795 [4]
634 737 [0]
673 699 [0]
581 786 [4]
645 729 [0]
591 781 [4]
606 769 [0]
684 691 [0]
658 716 [9]
610 766 [9]
661 715 [4]
618 758 [9]
628 742 [4]
671 707 [3]
637 738 [5]
593 785 [0]
624 754 [9]
623 751 [1]
655 725 [0]
620 760 [9]
680 703 [9]
607 777 [4]
648 735 [9]
691 692 [9]
596 790 [0]
655 722 [6]
647 740 [0]
654 734 [0]
643 746 [0]
674 715 [0]
609 778 [9]
639 751 [0]
600 788 [0]
658 730 [9]
635 756 [0]
626 756 [6]
690 699 [3]
683 708 [0]
647 745 [9]
646 747 [9]
653 740 [0]
632 765 [0]
689 707 [4]
656 742 [0]
635 761 [9]
682 720 [9]
656 749 [0]
667 738 [0]
623 780 [9]
699 705 [4]
629 779 [0]
682 727 [0]
618 789 [9]
657 753 [0]
681 726 [0]
688 714 [6]
632 779 [4]
673 740 [0]
705 708 [9]
630 783 [9]
624 789 [4]
681 733 [0]
684 732 [4]
702 717 [0]
635 783 [9]
625 793 [9]
674 744 [9]
638 783 [0]
698 721 [6]
702 718 [9]
678 743 [6]
632 790 [0]
644 784 [0]
713 716 [0]
672 758 [0]
677 751 [9]
711 720 [0]
635 795 [9]
700 733 [0]
709 723 [4]
642 794 [0]
665 772 [0]
711 726 [4]
655 782 [0]
664 776 [0]
677 764 [0]
702 738 [6]
664 774 [4]
691 752 [9]
685 757 [9]
713 735 [0]
716 732 [0]
668 781 [0]
688 759 [9]
685 765 [0]
717 733 [0]
721 727 [9]
670 782 [0]
707 745 [3]
710 743 [0]
694 760 [0]
678 770 [0]
677 778 [0]
694 767 [4]
668 794 [0]
705 757 [0]
709 755 [0]
712 751 [9]
682 782 [9]
711 755 [4]
707 760 [4]
701 767 [0]
733 735 [4]
681 786 [9]
710 760 [4]
722 747 [9]
731 740 [9]
674 797 [9]
719 753 [4]
694 780 [4]
703 773 [0]
722 752 [9]
719 758 [0]
732 747 [3]
706 775 [0]
697 788 [0]
689 795 [4]
707 778 [3]
691 787 [4]
692 795 [9]
743 747 [0]
727 761 [9]
710 780 [4]
740 751 [0]
715 776 [9]
729 765 [9]
748 749 [0]
724 777 [0]
706 794 [4]
734 767 [4]
736 766 [0]
727 775 [9]
742 753 [9]
730 776 [0]
699 798 [6]
716 793 [4]
709 793 [4]
744 766 [4]
728 785 [0]
752 761 [0]
738 769 [6]
748 774 [0]
753 769 [0]
740 780 [9]
738 782 [6]
756 767 [9]
733 794 [4]
763 766 [0]
736 799 [0]
739 796 [0]
743 793 [4]
754 786 [0]
772 777 [0]
755 787 [4]
751 799 [9]
771 782 [0]
771 785 [0]
767 791 [4]
764 797 [0]
764 798 [0]
773 790 [4]
781 786 [4]
786 791 [0]
789 792 [0]
783 798 [0]
795 797 [0]
