32
3
16
14
6
15
11
5
13
26
21
4
28
7
24
2
10
17
0
12
27
9
19
22
23
30
25
3
1
29
20
31
18
8
0 5 [1]
2 10 [1]
5 8 [1]
1 15 [2]
6 11 [0]
5 13 [2]
8 11 [1]
8 12 [1]
9 12 [2]
6 16 [1]
8 14 [2]
9 14 [0]
5 17 [1]
11 13 [0]
4 21 [1]
1 25 [0]
11 16 [1]
4 24 [1]
10 17 [1]
8 20 [2]
11 15 [2]
2 28 [0]
14 16 [0]
10 21 [0]
15 16 [1]
1 29 [0]
14 19 [0]
9 23 [2]
6 27 [0]
10 24 [1]
13 21 [2]
7 28 [0]
16 19 [0]
8 27 [1]
4 30 [2]
6 29 [2]
18 20 [2]
12 24 [2]
11 27 [0]
12 27 [2]
13 26 [2]
17 24 [1]
20 23 [1]
18 27 [1]
16 30 [0]
19 28 [2]
21 25 [2]
20 30 [1]
19 31 [1]
20 31 [0]
22 31 [1]
23 30 [0]
23 28 [2]
21 30 [2]
23 31 [1]
25 29 [0]
25 31 [0]
27 31 [1]
