32
3
11
8
0
5
17
26
3
13
21
4
24
7
2
10
28
14
19
9
23
12
20
18
27
31
22
30
25
1
15
29
16
6
0 5 [0]
2 10 [2]
5 8 [1]
1 15 [0]
6 11 [0]
5 13 [2]
8 11 [1]
8 12 [0]
9 12 [0]
6 16 [0]
8 14 [1]
9 14 [0]
5 17 [2]
11 13 [2]
4 21 [0]
1 25 [0]
11 16 [1]
4 24 [0]
10 17 [1]
8 20 [0]
11 15 [2]
2 28 [0]
14 16 [1]
10 21 [1]
15 16 [0]
1 29 [1]
14 19 [0]
9 23 [2]
6 27 [0]
10 24 [2]
13 21 [0]
7 28 [0]
16 19 [1]
8 27 [0]
4 30 [2]
6 29 [2]
18 20 [2]
12 24 [0]
11 27 [0]
12 27 [1]
13 26 [2]
17 24 [0]
20 23 [2]
18 27 [0]
16 30 [0]
19 28 [2]
21 25 [2]
20 30 [2]
19 31 [1]
20 31 [2]
22 31 [0]
23 30 [2]
23 28 [2]
21 30 [2]
23 31 [1]
25 29 [1]
25 31 [1]
27 31 [1]
