800
10
400
7
2
0
1
3
5
10
4
8
19
11
13
16
23
17
6
18
12
15
31
20
43
55
54
90
46
22
35
62
44
32
28
39
67
34
9
25
21
60
14
41
27
52
36
30
38
26
47
58
86
61
50
64
66
37
57
72
42
114
59
143
139
48
127
92
24
40
56
65
82
186
111
33
53
68
74
115
69
76
75
73
77
104
87
29
147
45
133
63
49
84
89
132
118
91
97
71
107
108
70
128
172
106
94
117
85
51
81
95
98
123
152
203
80
150
141
140
100
224
153
268
121
110
151
102
99
120
162
166
159
169
165
79
103
137
96
175
116
122
78
93
136
88
113
221
83
164
124
149
215
177
160
125
189
226
157
182
158
129
176
154
109
184
119
236
174
181
148
134
130
146
126
163
170
217
200
199
195
198
131
155
214
112
144
187
245
193
259
197
101
206
168
191
210
173
179
287
216
223
208
167
202
294
247
204
248
227
233
196
178
138
142
230
276
242
161
321
332
185
270
241
275
251
135
183
319
258
220
313
234
228
201
246
326
192
292
222
190
282
207
156
254
205
290
250
229
289
145
213
105
218
237
212
261
257
304
280
256
211
238
225
209
243
180
239
310
284
295
286
271
344
232
235
330
302
315
249
171
283
342
309
348
293
279
291
300
388
231
350
303
386
341
351
381
362
406
252
298
307
269
343
219
311
305
569
439
458
363
414
244
274
356
372
379
328
337
389
194
354
316
322
323
334
462
376
297
357
390
366
561
378
296
365
398
331
369
349
499
262
285
336
320
367
188
263
265
299
267
281
434
346
468
399
318
353
438
387
314
317
340
396
301
407
324
493
472
264
368
404
255
430
278
260
325
530
338
277
426
253
360
500
445
329
377
453
266
385
403
537
542
417
397
413
370
482
442
571
374
373
423
395
359
410
391
435
424
273
371
312
335
509
333
456
358
375
411
418
533
425
515
501
436
678
416
401
308
380
345
528
427
408
529
448
535
429
492
383
547
288
393
510
522
420
676
364
447
511
446
466
443
392
384
516
412
496
519
552
667
738
494
444
612
524
405
441
498
488
580
484
306
382
476
614
361
440
487
598
347
454
538
652
461
394
504
460
240
327
449
451
584
545
422
556
481
437
352
355
613
477
523
467
536
517
555
486
452
798
432
655
503
640
563
455
339
421
490
469
433
593
478
471
415
626
570
495
459
497
475
507
543
592
562
521
565
576
585
474
409
465
457
272
428
768
796
739
564
550
450
526
532
601
559
558
594
609
663
582
637
470
525
688
505
534
483
708
502
683
551
644
784
649
520
681
544
600
623
479
751
639
603
635
756
518
595
587
646
662
531
480
583
463
419
622
625
666
630
621
597
615
590
473
568
632
765
685
618
599
506
553
648
402
714
620
692
513
539
608
647
740
602
658
674
715
631
566
548
578
718
624
741
567
560
721
629
779
698
588
690
634
737
699
673
549
727
682
464
541
722
546
489
606
769
753
657
514
653
586
773
703
591
775
706
628
508
617
679
627
689
485
687
755
709
650
680
589
573
581
684
691
607
527
730
776
664
574
577
726
610
540
557
746
643
491
660
604
762
697
788
572
554
596
700
790
733
717
702
744
713
716
732
636
747
694
710
579
724
777
772
665
752
761
763
766
736
799
735
760
743
670
782
771
785
728
767
701
734
654
711
720
791
786
754
781
668
794
642
780
707
575
672
758
719
795
797
764
677
778
671
651
745
793
731
787
774
748
749
656
742
723
616
783
638
792
789
705
757
431
659
675
645
729
759
661
712
605
696
725
619
693
704
669
641
686
633
770
695
512
611
750
0 1 [0]
0 2 [0]
0 3 [2]
1 3 [0]
2 3 [2]
2 4 [8]
3 5 [0]
2 7 [0]
0 6 [5]
1 6 [5]
2 6 [8]
4 8 [0]
1 9 [7]
3 6 [5]
0 4 [8]
4 10 [0]
0 5 [2]
5 10 [0]
1 12 [5]
1 11 [8]
2 12 [5]
0 15 [5]
0 13 [8]
3 10 [8]
0 10 [8]
2 19 [8]
3 15 [5]
6 17 [0]
0 21 [7]
0 20 [5]
7 14 [7]
6 18 [0]
11 13 [0]
4 17 [5]
3 16 [8]
0 19 [8]
4 18 [5]
7 19 [5]
8 19 [0]
12 15 [0]
5 19 [5]
1 25 [7]
4 22 [7]
5 20 [5]
13 16 [0]
10 16 [8]
11 19 [0]
12 18 [0]
3 25 [7]
0 28 [7]
7 21 [7]
1 24 [7]
1 28 [7]
12 20 [7]
6 27 [1]
9 25 [0]
4 26 [7]
12 22 [7]
7 25 [7]
5 24 [7]
8 25 [7]
1 31 [8]
0 32 [5]
11 17 [5]
7 23 [8]
0 34 [7]
10 23 [5]
3 32 [7]
13 22 [7]
12 26 [1]
4 27 [7]
6 32 [7]
16 23 [0]
9 29 [0]
2 30 [7]
17 23 [0]
11 29 [1]
12 28 [7]
3 35 [7]
2 35 [5]
11 28 [7]
17 22 [7]
1 37 [7]
17 18 [7]
7 26 [7]
9 34 [0]
0 36 [7]
3 37 [7]
3 39 [7]
4 37 [7]
8 30 [7]
0 38 [7]
2 36 [7]
19 23 [5]
15 31 [0]
21 25 [0]
16 26 [7]
5 39 [7]
7 33 [7]
5 38 [7]
1 40 [7]
1 43 [5]
22 23 [7]
18 30 [7]
17 25 [7]
7 39 [7]
10 33 [1]
3 44 [7]
4 40 [1]
16 32 [7]
20 23 [7]
20 31 [0]
10 39 [7]
25 26 [1]
2 46 [5]
10 38 [7]
4 41 [7]
6 47 [1]
1 51 [1]
23 26 [7]
19 32 [7]
8 40 [1]
7 44 [7]
14 41 [0]
23 33 [1]
6 50 [1]
15 41 [1]
22 35 [0]
3 52 [7]
16 39 [7]
23 28 [7]
13 45 [1]
12 46 [7]
5 48 [7]
2 54 [5]
7 51 [1]
28 32 [0]
11 49 [1]
6 56 [1]
17 36 [7]
25 37 [1]
20 43 [0]
0 59 [7]
24 40 [0]
26 38 [0]
6 58 [1]
1 62 [5]
30 36 [0]
20 45 [1]
4 60 [7]
28 39 [0]
16 47 [7]
9 57 [1]
22 46 [0]
27 41 [0]
30 38 [0]
14 53 [0]
7 60 [7]
15 55 [7]
15 47 [1]
1 66 [7]
6 66 [1]
10 58 [7]
14 58 [1]
26 47 [0]
23 44 [7]
18 55 [7]
7 57 [7]
14 60 [0]
29 38 [0]
6 68 [1]
8 57 [7]
7 63 [1]
6 69 [1]
5 66 [7]
2 70 [1]
2 64 [7]
32 44 [0]
6 70 [1]
3 69 [1]
18 59 [1]
3 68 [1]
9 68 [1]
5 69 [1]
30 42 [0]
10 64 [7]
32 39 [6]
27 52 [0]
5 73 [1]
38 41 [1]
4 72 [1]
7 64 [7]
21 60 [0]
11 70 [1]
16 59 [1]
22 50 [1]
3 77 [1]
0 80 [1]
9 70 [0]
4 78 [0]
1 80 [1]
9 72 [1]
13 67 [7]
0 73 [1]
7 66 [7]
36 45 [0]
6 77 [1]
10 69 [1]
17 66 [1]
2 80 [1]
39 44 [5]
6 78 [0]
6 79 [0]
41 44 [1]
17 62 [7]
33 53 [0]
6 80 [0]
23 63 [1]
13 73 [1]
11 75 [1]
10 75 [1]
4 76 [1]
40 41 [1]
36 52 [0]
4 84 [1]
22 57 [1]
36 51 [0]
32 48 [1]
17 72 [1]
19 66 [7]
36 50 [3]
6 84 [1]
29 60 [0]
2 82 [7]
10 81 [1]
8 76 [1]
14 77 [0]
15 68 [1]
12 78 [0]
8 85 [1]
0 87 [1]
41 52 [1]
37 57 [0]
11 83 [0]
18 76 [1]
41 53 [0]
10 84 [1]
40 52 [0]
2 87 [1]
7 82 [7]
40 56 [0]
26 63 [0]
11 85 [1]
35 62 [0]
22 66 [1]
24 73 [0]
2 93 [1]
7 88 [1]
43 55 [0]
13 85 [1]
44 48 [1]
14 83 [8]
23 76 [1]
17 82 [1]
16 83 [0]
47 52 [1]
1 92 [7]
27 70 [0]
15 84 [1]
16 84 [1]
2 92 [7]
34 67 [0]
6 95 [1]
23 72 [1]
44 58 [1]
3 99 [1]
41 61 [1]
21 79 [0]
36 63 [0]
12 90 [7]
28 73 [1]
37 66 [0]
31 71 [0]
4 99 [1]
33 69 [0]
47 58 [0]
20 84 [1]
39 67 [0]
44 62 [0]
21 83 [8]
24 80 [8]
40 60 [1]
27 78 [8]
26 74 [0]
33 71 [0]
2 105 [0]
25 80 [0]
44 63 [0]
10 97 [1]
46 58 [1]
2 97 [1]
54 55 [0]
27 80 [0]
10 99 [1]
11 99 [0]
6 104 [1]
4 106 [1]
5 104 [1]
50 61 [0]
2 109 [1]
49 63 [0]
22 89 [0]
0 110 [1]
2 104 [1]
19 94 [1]
38 74 [0]
42 72 [0]
50 64 [0]
12 99 [0]
51 60 [0]
23 91 [1]
36 77 [0]
38 69 [0]
27 86 [1]
34 79 [0]
14 99 [0]
5 110 [1]
11 104 [1]
55 60 [1]
24 92 [0]
29 87 [0]
18 97 [1]
55 56 [1]
56 61 [0]
6 112 [0]
5 113 [1]
1 111 [1]
58 60 [1]
21 96 [0]
6 113 [0]
56 62 [1]
0 116 [1]
52 61 [1]
4 116 [0]
22 92 [1]
2 114 [7]
53 68 [0]
56 65 [0]
46 74 [1]
6 115 [1]
27 93 [8]
13 109 [0]
23 99 [0]
4 118 [1]
31 91 [1]
24 97 [0]
0 123 [1]
15 108 [0]
60 63 [0]
4 120 [1]
16 108 [1]
41 82 [0]
14 109 [8]
20 102 [0]
35 89 [0]
20 104 [1]
4 121 [1]
1 123 [1]
2 121 [1]
7 117 [1]
15 109 [0]
28 95 [0]
28 92 [1]
55 66 [1]
0 118 [1]
41 86 [1]
47 79 [8]
9 118 [0]
24 104 [0]
2 124 [1]
57 72 [0]
9 112 [8]
56 73 [0]
64 66 [0]
15 113 [0]
6 124 [0]
31 98 [0]
51 81 [0]
19 113 [0]
3 128 [1]
12 112 [0]
30 100 [0]
46 85 [0]
11 121 [1]
20 111 [1]
49 84 [0]
35 97 [0]
28 104 [1]
24 107 [0]
21 105 [5]
28 103 [0]
32 99 [0]
3 131 [0]
46 90 [0]
51 85 [0]
14 120 [0]
24 105 [6]
35 99 [0]
27 107 [0]
40 95 [8]
25 111 [1]
56 80 [8]
47 89 [0]
43 86 [1]
0 138 [8]
7 131 [8]
27 110 [0]
37 100 [8]
51 83 [5]
52 85 [0]
9 129 [8]
60 78 [8]
7 127 [7]
14 125 [8]
13 128 [1]
8 133 [1]
0 140 [1]
44 96 [0]
68 74 [0]
21 119 [8]
52 88 [8]
50 92 [0]
32 109 [8]
10 127 [1]
52 86 [1]
54 90 [0]
16 128 [1]
22 121 [0]
4 140 [1]
1 141 [1]
33 111 [0]
58 86 [0]
40 104 [0]
46 96 [0]
43 99 [0]
12 132 [1]
69 76 [0]
47 96 [8]
72 73 [0]
21 121 [0]
3 142 [0]
6 140 [0]
71 72 [0]
3 141 [1]
61 86 [0]
65 82 [0]
38 107 [0]
49 98 [8]
55 86 [1]
2 145 [0]
19 129 [0]
60 85 [0]
73 75 [0]
21 125 [8]
20 126 [0]
17 131 [0]
52 94 [0]
7 132 [1]
50 90 [1]
4 139 [1]
7 142 [8]
73 77 [0]
31 118 [1]
53 94 [8]
34 115 [1]
35 115 [1]
75 76 [0]
58 91 [0]
19 132 [1]
31 114 [1]
0 150 [1]
53 96 [8]
19 127 [1]
10 142 [0]
4 148 [0]
1 147 [1]
1 150 [1]
47 103 [8]
9 139 [1]
20 130 [0]
41 108 [0]
51 93 [5]
34 117 [0]
54 98 [0]
6 147 [1]
8 139 [1]
2 147 [1]
14 135 [5]
37 109 [8]
15 131 [0]
20 133 [1]
1 151 [1]
21 126 [8]
34 119 [8]
19 136 [0]
2 152 [1]
42 114 [0]
61 93 [8]
58 96 [8]
54 99 [0]
32 123 [0]
5 151 [1]
1 153 [1]
67 88 [0]
23 134 [0]
11 146 [0]
1 156 [0]
8 143 [1]
42 115 [0]
16 142 [0]
53 102 [8]
4 154 [0]
3 155 [0]
26 125 [8]
64 93 [8]
51 100 [8]
2 157 [1]
42 116 [8]
9 149 [8]
37 121 [8]
18 141 [0]
71 86 [0]
11 143 [1]
0 160 [1]
66 93 [8]
18 143 [1]
22 137 [0]
60 100 [0]
16 146 [0]
51 103 [5]
0 159 [1]
7 152 [1]
1 162 [1]
44 112 [8]
18 144 [0]
17 142 [0]
63 93 [8]
52 110 [0]
76 85 [8]
0 164 [1]
39 124 [8]
40 122 [8]
60 103 [0]
66 90 [1]
75 83 [8]
18 146 [0]
17 149 [0]
5 161 [0]
4 162 [1]
36 129 [8]
15 144 [0]
54 110 [0]
65 99 [8]
75 87 [8]
71 97 [0]
24 136 [8]
55 110 [0]
17 151 [0]
32 127 [1]
33 133 [0]
68 96 [8]
1 165 [1]
20 142 [8]
62 107 [0]
4 166 [1]
62 108 [0]
62 101 [8]
66 103 [8]
23 148 [0]
78 93 [0]
4 167 [0]
9 155 [8]
5 167 [0]
2 170 [8]
57 114 [4]
59 114 [0]
84 89 [0]
34 137 [0]
5 165 [1]
36 130 [8]
14 158 [8]
18 154 [0]
65 107 [0]
0 174 [8]
63 108 [3]
2 169 [1]
48 127 [0]
35 137 [0]
62 110 [0]
67 107 [0]
7 165 [1]
29 147 [0]
81 95 [0]
33 141 [8]
41 134 [8]
15 159 [0]
4 173 [0]
3 174 [0]
49 128 [8]
0 177 [1]
6 167 [0]
36 140 [0]
5 172 [1]
38 135 [5]
71 107 [0]
45 133 [0]
4 174 [0]
70 108 [0]
42 129 [8]
31 147 [1]
62 116 [0]
18 160 [0]
18 159 [0]
26 152 [0]
89 90 [0]
8 172 [1]
0 180 [0]
77 104 [0]
14 165 [0]
28 150 [0]
17 164 [0]
6 175 [0]
79 103 [0]
53 124 [8]
43 131 [8]
64 116 [8]
14 166 [0]
6 174 [0]
6 176 [0]
17 161 [0]
87 88 [8]
78 97 [5]
28 152 [0]
2 181 [8]
69 115 [0]
17 167 [0]
15 166 [0]
19 165 [0]
86 89 [0]
35 145 [5]
33 150 [8]
74 111 [9]
46 135 [8]
49 129 [5]
68 113 [8]
29 149 [5]
38 147 [0]
48 139 [0]
44 138 [8]
9 176 [8]
6 173 [0]
19 168 [0]
10 177 [0]
91 97 [0]
52 131 [8]
65 120 [8]
84 96 [8]
10 178 [0]
16 172 [1]
77 108 [8]
14 172 [0]
4 185 [0]
0 189 [1]
2 187 [8]
81 103 [5]
10 179 [0]
74 115 [0]
46 138 [8]
36 146 [8]
17 173 [0]
23 167 [0]
18 169 [0]
87 104 [0]
57 132 [0]
84 107 [3]
75 115 [0]
8 184 [0]
38 146 [8]
1 191 [0]
0 192 [0]
58 132 [0]
76 115 [7]
65 122 [8]
2 190 [8]
45 147 [0]
95 98 [0]
50 141 [0]
26 160 [8]
22 169 [0]
4 190 [0]
84 102 [8]
0 194 [0]
69 123 [8]
3 186 [1]
63 133 [0]
44 144 [8]
53 135 [5]
3 193 [0]
92 104 [0]
76 116 [8]
6 191 [0]
55 141 [0]
70 128 [0]
7 189 [1]
7 191 [8]
64 126 [8]
4 194 [0]
27 163 [8]
74 119 [5]
30 166 [8]
2 196 [8]
21 171 [6]
65 129 [8]
12 179 [8]
6 193 [0]
78 122 [0]
22 175 [0]
12 183 [8]
19 181 [0]
84 111 [0]
57 143 [8]
94 106 [0]
30 169 [8]
28 168 [8]
19 182 [0]
88 113 [0]
7 194 [0]
99 102 [0]
17 184 [0]
67 126 [8]
33 161 [5]
59 143 [0]
72 128 [0]
34 165 [0]
85 117 [0]
64 136 [8]
30 168 [8]
51 144 [5]
25 170 [8]
36 165 [8]
48 153 [8]
1 202 [0]
28 174 [8]
66 136 [8]
0 204 [0]
52 145 [5]
57 142 [5]
0 203 [1]
36 166 [8]
63 139 [0]
91 109 [5]
65 137 [8]
40 162 [8]
91 111 [0]
1 203 [1]
20 184 [0]
76 122 [8]
13 193 [0]
2 203 [1]
41 161 [5]
77 126 [5]
66 134 [8]
21 186 [1]
0 208 [8]
7 201 [8]
31 175 [0]
91 118 [0]
66 141 [0]
31 171 [6]
60 144 [8]
12 195 [0]
11 198 [0]
40 166 [8]
44 161 [8]
35 174 [8]
94 117 [0]
7 204 [8]
49 156 [6]
46 162 [0]
9 194 [6]
1 210 [0]
75 131 [5]
57 152 [0]
83 122 [5]
59 148 [8]
17 195 [0]
7 205 [8]
15 195 [0]
84 128 [8]
45 160 [5]
12 196 [8]
12 199 [0]
51 157 [5]
16 197 [0]
7 206 [8]
61 150 [0]
1 212 [0]
36 170 [8]
26 183 [5]
98 114 [0]
4 210 [0]
11 203 [1]
1 213 [0]
39 168 [8]
53 159 [8]
107 108 [0]
25 185 [5]
26 181 [8]
97 115 [8]
84 126 [5]
50 162 [8]
38 171 [6]
9 199 [8]
6 202 [0]
8 208 [0]
10 206 [0]
3 213 [0]
15 194 [6]
55 159 [0]
99 115 [8]
94 123 [8]
67 145 [5]
10 207 [0]
81 131 [5]
13 204 [0]
11 206 [0]
28 185 [8]
33 177 [8]
92 127 [0]
99 120 [0]
17 194 [6]
66 151 [8]
10 209 [0]
2 215 [8]
7 212 [8]
71 142 [6]
39 173 [8]
34 184 [8]
13 207 [0]
18 200 [0]
75 137 [8]
4 216 [0]
89 132 [0]
98 123 [0]
50 163 [8]
85 131 [5]
20 196 [8]
44 175 [0]
97 118 [6]
53 161 [5]
50 164 [8]
12 202 [8]
58 162 [8]
84 133 [5]
59 162 [8]
28 190 [5]
6 212 [8]
51 171 [4]
11 212 [0]
4 219 [0]
1 222 [0]
57 165 [8]
88 136 [0]
35 188 [6]
46 171 [6]
61 155 [8]
86 130 [8]
62 155 [8]
61 162 [8]
60 162 [0]
8 217 [0]
51 166 [5]
60 161 [5]
91 130 [5]
1 225 [0]
5 221 [1]
0 226 [1]
7 217 [8]
21 201 [5]
15 207 [8]
97 125 [5]
4 223 [0]
71 149 [5]
24 199 [5]
62 161 [8]
11 217 [0]
22 201 [5]
66 159 [8]
97 126 [5]
50 173 [5]
10 218 [0]
93 136 [0]
26 195 [8]
27 197 [8]
22 199 [8]
41 183 [5]
60 166 [0]
10 219 [0]
85 138 [6]
47 178 [5]
19 211 [0]
16 209 [0]
80 150 [0]
43 186 [1]
0 230 [0]
6 220 [8]
63 161 [6]
47 179 [5]
55 168 [8]
87 136 [8]
78 146 [0]
15 208 [8]
60 169 [0]
110 121 [0]
44 186 [1]
32 191 [8]
87 137 [8]
27 203 [0]
17 215 [0]
11 221 [0]
6 222 [8]
94 131 [5]
55 175 [0]
59 172 [0]
16 217 [0]
96 137 [0]
15 213 [8]
63 162 [8]
21 208 [8]
89 138 [6]
28 198 [8]
49 178 [6]
50 176 [8]
29 200 [5]
9 218 [5]
7 227 [8]
18 211 [8]
92 138 [5]
17 213 [8]
102 126 [5]
81 149 [5]
61 172 [0]
80 147 [8]
9 222 [5]
115 116 [8]
22 209 [5]
89 147 [0]
58 173 [5]
20 211 [8]
18 210 [0]
74 154 [5]
68 160 [8]
47 185 [5]
50 180 [6]
66 163 [8]
36 193 [8]
63 166 [8]
10 227 [0]
89 140 [8]
116 122 [0]
66 167 [5]
2 236 [1]
70 161 [6]
94 138 [6]
97 139 [0]
53 177 [8]
115 119 [5]
91 140 [8]
0 239 [0]
2 237 [0]
91 142 [6]
95 138 [6]
62 171 [6]
100 140 [0]
19 221 [0]
103 137 [0]
21 214 [8]
72 166 [8]
41 194 [6]
118 123 [8]
8 233 [0]
46 187 [8]
17 224 [0]
79 155 [6]
2 239 [0]
40 197 [5]
28 206 [8]
4 238 [0]
78 157 [6]
27 209 [6]
13 225 [0]
102 136 [5]
34 205 [5]
67 175 [0]
3 241 [0]
25 212 [5]
45 192 [6]
17 227 [0]
54 185 [8]
79 165 [0]
39 201 [5]
30 210 [5]
97 140 [8]
55 185 [8]
44 193 [8]
61 176 [8]
39 198 [8]
8 237 [0]
56 182 [8]
93 146 [0]
26 212 [6]
14 225 [6]
59 186 [0]
15 223 [8]
27 214 [8]
10 236 [0]
83 164 [0]
27 213 [5]
27 216 [8]
117 126 [5]
43 197 [8]
10 238 [0]
78 163 [6]
87 153 [8]
2 246 [8]
21 223 [8]
47 197 [5]
115 129 [5]
37 205 [6]
63 181 [5]
2 247 [8]
48 197 [5]
118 132 [0]
84 158 [5]
7 243 [0]
12 231 [6]
28 214 [8]
45 200 [5]
6 239 [8]
17 233 [0]
89 156 [6]
24 220 [5]
70 173 [5]
8 243 [0]
122 124 [5]
60 189 [8]
50 196 [5]
27 218 [6]
87 157 [5]
61 183 [5]
8 244 [0]
14 231 [6]
10 242 [0]
43 202 [8]
29 216 [5]
2 251 [8]
102 151 [0]
25 226 [8]
68 177 [8]
88 158 [0]
44 205 [5]
49 200 [5]
91 158 [5]
8 246 [0]
77 169 [8]
0 254 [0]
26 222 [5]
83 171 [4]
2 253 [0]
60 190 [5]
94 153 [8]
28 222 [5]
53 197 [5]
27 223 [8]
66 185 [5]
112 144 [0]
72 179 [5]
70 181 [5]
16 235 [8]
39 215 [8]
117 134 [5]
61 187 [8]
94 156 [6]
66 183 [5]
84 164 [5]
71 178 [6]
42 207 [6]
15 237 [8]
70 182 [5]
98 154 [5]
115 137 [8]
127 128 [0]
20 233 [8]
58 192 [5]
56 197 [5]
16 237 [0]
20 236 [0]
8 250 [0]
84 166 [8]
102 149 [5]
30 222 [5]
21 236 [8]
97 157 [5]
87 164 [8]
10 249 [0]
95 159 [5]
1 258 [0]
29 225 [6]
21 234 [5]
112 145 [4]
110 151 [0]
71 182 [5]
94 159 [5]
2 259 [8]
76 178 [5]
45 211 [6]
40 217 [5]
70 188 [4]
0 262 [0]
88 168 [6]
2 260 [0]
11 251 [0]
7 255 [0]
61 196 [5]
109 154 [0]
122 135 [6]
59 199 [5]
84 174 [5]
23 235 [8]
3 260 [6]
130 134 [0]
64 192 [5]
57 202 [5]
8 255 [6]
107 149 [5]
9 249 [6]
12 245 [0]
1 264 [6]
39 219 [6]
64 197 [5]
119 139 [8]
23 238 [8]
13 249 [0]
16 251 [0]
109 151 [5]
10 257 [0]
111 153 [8]
1 266 [6]
106 156 [6]
9 254 [5]
68 195 [5]
82 186 [0]
19 249 [0]
2 266 [0]
102 161 [6]
27 235 [6]
36 225 [6]
33 228 [6]
78 190 [4]
55 206 [8]
44 224 [0]
88 174 [0]
54 211 [8]
108 156 [6]
4 266 [6]
126 139 [5]
3 267 [6]
95 170 [5]
21 240 [9]
10 260 [6]
96 175 [0]
6 264 [6]
17 253 [6]
55 211 [8]
126 146 [0]
56 209 [6]
53 214 [5]
69 198 [5]
34 233 [8]
44 226 [8]
88 177 [6]
124 149 [0]
66 202 [5]
6 266 [4]
52 216 [5]
19 254 [0]
7 266 [0]
47 219 [6]
84 183 [6]
114 155 [5]
4 270 [0]
3 271 [0]
107 163 [5]
123 152 [0]
68 202 [5]
122 146 [0]
4 271 [0]
15 252 [6]
94 173 [5]
130 146 [0]
78 194 [4]
38 233 [5]
44 225 [5]
6 262 [6]
108 163 [5]
17 259 [0]
40 229 [6]
25 244 [6]
50 220 [5]
8 269 [0]
54 221 [0]
106 172 [0]
29 243 [6]
103 168 [6]
8 262 [6]
26 248 [5]
44 230 [8]
107 164 [5]
2 277 [0]
76 196 [5]
30 244 [6]
138 142 [0]
90 185 [8]
36 237 [6]
63 212 [6]
140 141 [0]
6 272 [9]
88 192 [4]
60 216 [8]
11 262 [6]
127 152 [8]
132 141 [8]
134 148 [0]
71 205 [6]
0 282 [0]
120 162 [0]
106 168 [5]
6 271 [8]
23 259 [0]
139 143 [0]
93 182 [0]
80 203 [0]
65 211 [6]
43 232 [8]
93 190 [4]
42 235 [6]
17 266 [6]
98 179 [6]
80 197 [6]
43 233 [8]
67 215 [8]
7 277 [0]
50 230 [5]
87 190 [6]
63 217 [5]
65 215 [8]
23 257 [8]
53 227 [5]
1 284 [0]
0 285 [0]
125 160 [0]
53 225 [6]
130 147 [5]
95 183 [6]
131 155 [0]
93 192 [4]
21 264 [4]
16 270 [0]
122 157 [5]
129 158 [0]
73 207 [6]
84 195 [5]
4 283 [0]
8 280 [0]
60 226 [8]
4 284 [0]
1 287 [0]
139 147 [0]
124 164 [0]
87 193 [5]
98 183 [6]
70 212 [6]
104 176 [5]
97 188 [4]
126 163 [0]
39 243 [6]
62 222 [5]
76 205 [6]
75 207 [6]
74 207 [6]
45 239 [6]
83 200 [6]
93 194 [9]
131 156 [4]
116 175 [0]
141 150 [0]
95 190 [6]
35 255 [4]
36 251 [5]
106 180 [6]
2 290 [0]
13 273 [4]
54 233 [8]
51 236 [5]
18 272 [9]
10 283 [0]
126 160 [6]
7 286 [0]
106 182 [5]
109 184 [0]
47 241 [5]
2 291 [0]
104 181 [5]
6 282 [8]
49 239 [6]
84 202 [5]
103 185 [6]
3 291 [0]
138 151 [6]
3 292 [0]
1 294 [0]
30 257 [6]
5 290 [0]
58 229 [6]
62 228 [5]
50 239 [6]
47 240 [9]
88 202 [6]
44 247 [8]
1 295 [0]
68 223 [5]
112 180 [4]
32 257 [5]
33 259 [5]
111 186 [0]
86 206 [5]
48 240 [9]
46 246 [8]
0 297 [0]
38 253 [4]
90 199 [8]
6 286 [8]
124 167 [6]
101 197 [0]
64 226 [8]
5 293 [0]
2 296 [0]
112 187 [0]
93 205 [4]
64 228 [5]
17 281 [6]
139 155 [5]
128 172 [0]
61 231 [6]
90 202 [8]
94 201 [6]
26 272 [3]
9 287 [8]
133 163 [5]
95 199 [5]
124 172 [5]
110 184 [5]
93 203 [5]
140 156 [6]
39 258 [5]
134 167 [6]
130 165 [5]
64 232 [6]
119 184 [0]
143 155 [5]
12 286 [8]
43 260 [6]
87 211 [6]
16 283 [8]
74 222 [6]
95 202 [6]
83 221 [0]
39 257 [5]
111 185 [5]
75 221 [8]
71 227 [6]
129 176 [0]
66 231 [6]
34 265 [6]
37 261 [6]
27 271 [6]
121 178 [6]
25 275 [5]
23 274 [6]
77 222 [6]
24 275 [5]
56 242 [5]
18 283 [8]
90 208 [8]
102 197 [6]
147 151 [8]
101 206 [0]
98 202 [6]
30 273 [4]
59 240 [9]
43 264 [6]
9 294 [8]
3 305 [0]
147 153 [8]
1 307 [0]
134 171 [4]
94 208 [6]
22 282 [5]
82 224 [8]
32 269 [6]
111 193 [5]
0 309 [0]
99 204 [6]
33 271 [6]
64 241 [5]
72 233 [5]
54 249 [6]
107 195 [5]
96 208 [6]
116 187 [6]
47 256 [6]
9 295 [6]
14 290 [5]
8 303 [0]
78 226 [6]
37 272 [3]
99 212 [4]
114 193 [5]
19 293 [0]
129 178 [6]
125 189 [0]
46 267 [6]
73 233 [5]
130 183 [4]
109 204 [6]
3 311 [0]
37 271 [6]
66 241 [5]
147 160 [5]
38 273 [4]
115 195 [5]
52 256 [6]
118 189 [5]
79 230 [6]
3 312 [6]
138 178 [0]
127 188 [4]
44 266 [4]
12 296 [6]
141 168 [6]
125 186 [8]
31 279 [6]
150 161 [6]
65 247 [5]
97 219 [4]
49 264 [4]
68 241 [5]
0 317 [0]
85 224 [8]
51 263 [4]
54 263 [6]
70 241 [6]
105 213 [0]
151 161 [6]
78 239 [4]
135 183 [0]
92 224 [8]
58 252 [6]
46 266 [4]
110 203 [5]
56 262 [4]
17 301 [6]
96 219 [4]
4 315 [0]
123 190 [6]
136 183 [6]
56 259 [5]
120 193 [6]
2 318 [0]
130 184 [6]
146 171 [4]
6 314 [6]
4 317 [6]
24 289 [6]
46 270 [8]
6 306 [4]
77 237 [6]
131 184 [6]
124 191 [6]
59 262 [4]
102 219 [4]
86 228 [5]
31 285 [6]
108 206 [5]
72 245 [5]
7 315 [0]
132 182 [5]
105 218 [0]
37 285 [4]
104 212 [6]
145 172 [6]
18 297 [6]
59 264 [4]
17 300 [8]
71 245 [5]
100 224 [0]
12 308 [4]
17 302 [8]
3 321 [0]
159 166 [0]
40 279 [6]
29 289 [6]
6 311 [6]
2 323 [0]
155 164 [6]
63 257 [6]
45 277 [4]
123 203 [4]
21 299 [6]
55 265 [6]
76 242 [5]
13 305 [6]
138 187 [4]
58 261 [6]
120 201 [6]
80 240 [3]
70 253 [9]
139 188 [6]
162 166 [0]
90 231 [6]
148 179 [6]
18 303 [6]
121 200 [5]
127 196 [5]
123 198 [5]
159 169 [0]
69 251 [6]
58 266 [4]
13 314 [6]
72 253 [4]
128 193 [5]
7 322 [0]
37 287 [5]
52 269 [6]
131 198 [0]
97 231 [4]
14 314 [4]
121 203 [5]
148 181 [0]
136 192 [4]
23 302 [8]
154 176 [0]
120 209 [4]
37 286 [6]
10 320 [6]
125 199 [6]
154 170 [6]
143 186 [0]
121 209 [4]
66 257 [6]
54 273 [4]
41 283 [6]
13 317 [6]
78 247 [6]
165 166 [9]
79 245 [6]
77 247 [5]
23 304 [8]
6 321 [8]
124 203 [5]
1 331 [0]
163 170 [0]
69 260 [4]
30 297 [6]
147 178 [5]
77 248 [5]
31 294 [8]
113 221 [0]
9 324 [4]
32 296 [6]
165 169 [0]
19 315 [0]
9 325 [4]
20 306 [9]
108 220 [6]
7 328 [0]
163 166 [5]
107 222 [6]
4 332 [0]
10 326 [0]
20 309 [6]
21 306 [9]
92 237 [6]
72 259 [5]
34 296 [6]
160 177 [0]
73 260 [4]
3 334 [0]
92 238 [6]
31 298 [6]
73 263 [4]
47 283 [6]
27 303 [6]
118 213 [6]
20 317 [6]
53 279 [6]
136 201 [4]
4 334 [6]
83 254 [4]
122 210 [6]
0 338 [6]
60 271 [6]
25 305 [6]
97 234 [6]
116 222 [4]
157 182 [0]
64 270 [5]
13 326 [0]
58 276 [5]
22 310 [6]
44 290 [5]
103 230 [6]
158 182 [0]
74 265 [4]
82 252 [6]
56 276 [5]
43 292 [8]
0 340 [0]
24 309 [6]
98 237 [6]
84 250 [6]
1 340 [6]
2 339 [4]
155 187 [0]
27 314 [4]
14 322 [6]
106 230 [6]
11 323 [6]
128 209 [6]
28 306 [9]
25 313 [5]
53 282 [6]
159 178 [6]
40 297 [4]
7 336 [0]
137 199 [6]
106 232 [4]
4 340 [6]
23 321 [0]
7 337 [0]
64 277 [4]
63 273 [9]
137 207 [4]
150 194 [4]
35 303 [6]
53 287 [5]
9 333 [4]
2 344 [0]
7 339 [9]
71 274 [4]
20 325 [6]
127 211 [6]
89 253 [9]
46 299 [6]
44 295 [6]
75 268 [8]
167 172 [6]
15 326 [8]
21 320 [6]
133 207 [6]
83 255 [9]
4 343 [0]
30 310 [6]
107 233 [6]
8 338 [6]
72 270 [5]
49 292 [6]
157 190 [4]
16 332 [0]
0 348 [0]
30 318 [4]
67 281 [6]
137 211 [4]
52 292 [5]
23 325 [6]
129 214 [6]
87 262 [4]
33 311 [4]
66 278 [4]
92 250 [6]
162 181 [5]
1 349 [0]
133 211 [6]
118 224 [8]
19 323 [6]
105 240 [7]
91 255 [9]
76 269 [4]
32 311 [6]
95 250 [6]
114 229 [6]
16 330 [8]
98 247 [6]
173 179 [0]
34 313 [5]
60 287 [8]
80 271 [4]
13 331 [6]
17 330 [8]
34 317 [4]
109 242 [4]
70 275 [6]
68 276 [5]
42 305 [6]
123 223 [6]
6 346 [6]
57 288 [9]
54 299 [6]
7 347 [4]
57 289 [6]
141 207 [6]
12 339 [9]
37 310 [6]
77 270 [6]
72 278 [4]
123 225 [6]
41 305 [6]
152 203 [0]
40 314 [4]
10 345 [4]
89 265 [4]
21 328 [6]
119 236 [0]
166 182 [5]
58 289 [6]
6 344 [8]
174 181 [0]
126 225 [4]
121 228 [6]
102 252 [4]
41 314 [4]
14 339 [9]
54 296 [6]
8 348 [0]
15 335 [4]
127 221 [8]
59 290 [6]
29 324 [4]
147 202 [5]
75 275 [6]
89 267 [4]
62 290 [5]
144 214 [0]
145 213 [0]
81 271 [6]
133 218 [6]
174 183 [4]
81 270 [6]
9 342 [6]
34 319 [5]
97 256 [6]
49 304 [6]
168 191 [0]
7 352 [4]
67 287 [8]
82 272 [3]
69 284 [6]
177 182 [0]
22 332 [8]
63 296 [4]
4 347 [4]
1 359 [6]
94 262 [4]
125 234 [4]
44 312 [4]
2 358 [0]
106 247 [6]
26 328 [6]
97 260 [9]
125 232 [4]
4 357 [6]
50 305 [6]
172 184 [5]
25 328 [6]
35 325 [4]
22 338 [4]
79 276 [6]
33 322 [4]
22 335 [4]
33 324 [4]
151 205 [6]
143 214 [5]
11 345 [4]
119 242 [4]
5 357 [0]
7 355 [4]
165 192 [6]
164 193 [6]
156 207 [0]
2 361 [4]
7 356 [0]
135 228 [0]
9 353 [4]
152 204 [6]
26 330 [6]
149 215 [0]
172 188 [4]
100 258 [6]
15 341 [6]
168 192 [4]
0 364 [4]
78 278 [9]
48 308 [9]
152 206 [6]
138 221 [6]
1 364 [4]
102 255 [9]
106 254 [6]
130 232 [4]
86 275 [5]
4 362 [0]
83 283 [4]
85 276 [6]
41 321 [5]
157 204 [6]
2 365 [0]
112 253 [3]
150 212 [6]
66 295 [6]
177 190 [4]
11 349 [6]
95 268 [5]
167 202 [0]
57 304 [6]
32 331 [6]
27 339 [9]
3 366 [0]
88 273 [3]
122 242 [6]
10 360 [6]
154 210 [6]
105 261 [4]
70 295 [6]
35 327 [9]
10 352 [4]
5 366 [0]
30 340 [4]
168 194 [9]
142 230 [0]
124 244 [9]
149 219 [4]
75 291 [6]
95 270 [6]
144 227 [4]
93 279 [4]
58 307 [6]
51 318 [4]
74 293 [6]
131 238 [4]
88 281 [9]
157 210 [6]
168 206 [0]
34 334 [6]
57 316 [4]
178 196 [0]
1 373 [6]
0 374 [6]
94 277 [9]
6 368 [4]
2 373 [0]
165 209 [4]
20 349 [6]
5 370 [6]
3 372 [0]
53 316 [4]
100 274 [4]
90 280 [8]
79 295 [4]
167 208 [0]
11 358 [4]
34 336 [6]
39 331 [6]
21 348 [6]
50 321 [5]
1 375 [6]
7 369 [0]
40 336 [4]
111 258 [6]
102 274 [4]
154 217 [6]
6 363 [6]
153 224 [0]
14 357 [6]
133 238 [6]
107 267 [4]
59 318 [4]
136 241 [6]
17 360 [6]
16 354 [6]
173 201 [4]
152 221 [5]
111 264 [4]
44 329 [4]
20 351 [6]
123 250 [6]
24 349 [4]
42 330 [6]
176 197 [6]
122 251 [6]
25 354 [6]
127 248 [5]
31 342 [6]
129 245 [6]
1 379 [0]
168 210 [5]
39 334 [6]
125 252 [4]
163 217 [4]
111 266 [4]
7 374 [0]
75 300 [6]
23 351 [8]
16 359 [4]
166 208 [6]
73 303 [6]
17 357 [6]
3 379 [0]
12 361 [4]
98 283 [4]
60 316 [6]
135 244 [9]
107 274 [4]
0 382 [4]
157 226 [0]
32 343 [6]
66 309 [6]
61 316 [6]
121 256 [4]
68 306 [9]
181 201 [4]
173 210 [0]
183 196 [4]
6 371 [4]
41 339 [9]
47 331 [4]
84 299 [4]
187 188 [9]
90 289 [8]
87 296 [4]
37 346 [4]
75 303 [6]
45 332 [6]
174 203 [5]
23 352 [9]
74 305 [4]
59 319 [5]
128 253 [9]
16 362 [6]
141 238 [4]
12 365 [6]
113 271 [4]
2 383 [4]
6 373 [4]
17 364 [4]
177 202 [6]
136 249 [4]
69 311 [4]
142 235 [9]
135 251 [0]
55 326 [8]
0 386 [0]
6 374 [4]
6 372 [6]
56 327 [3]
123 260 [9]
23 355 [9]
6 375 [4]
10 377 [6]
36 343 [6]
170 217 [0]
100 286 [4]
144 242 [4]
140 240 [3]
0 387 [0]
70 316 [4]
79 305 [4]
79 306 [3]
3 385 [6]
117 267 [4]
36 346 [4]
73 314 [4]
49 332 [6]
23 357 [6]
39 345 [4]
128 254 [6]
23 359 [4]
89 293 [4]
125 255 [9]
74 306 [9]
121 268 [0]
104 285 [4]
148 240 [2]
74 310 [6]
79 310 [4]
12 377 [4]
35 348 [6]
130 259 [6]
191 198 [0]
117 272 [2]
63 324 [4]
37 353 [4]
190 197 [4]
11 372 [6]
0 391 [6]
95 288 [9]
107 281 [4]
177 215 [0]
110 276 [6]
190 198 [4]
159 226 [5]
7 385 [0]
195 198 [0]
63 327 [3]
31 358 [4]
16 371 [4]
2 391 [0]
36 355 [9]
195 199 [0]
73 317 [4]
95 298 [4]
28 360 [4]
16 377 [6]
111 275 [5]
6 387 [6]
45 347 [3]
124 270 [6]
2 393 [4]
75 317 [4]
171 224 [4]
8 388 [0]
1 395 [6]
176 214 [6]
7 389 [0]
124 264 [9]
115 281 [4]
22 371 [4]
9 387 [4]
67 322 [6]
18 373 [4]
34 355 [9]
21 373 [4]
43 349 [6]
167 224 [6]
3 395 [6]
195 202 [4]
130 260 [9]
199 200 [0]
62 333 [4]
163 232 [4]
98 294 [6]
90 302 [6]
2 397 [0]
63 336 [4]
96 303 [4]
41 351 [6]
90 303 [6]
175 220 [6]
143 251 [5]
191 210 [0]
2 399 [0]
130 270 [4]
51 344 [4]
175 225 [4]
3 399 [6]
87 309 [6]
34 364 [9]
126 267 [9]
9 386 [6]
30 366 [6]
1 401 [4]
40 359 [9]
46 350 [6]
0 403 [6]
16 379 [6]
2 401 [0]
92 305 [6]
102 297 [4]
161 242 [0]
60 337 [6]
147 253 [9]
107 296 [4]
181 219 [9]
9 391 [4]
51 345 [9]
58 346 [4]
115 282 [6]
66 335 [9]
65 334 [4]
7 398 [0]
159 240 [3]
49 353 [4]
112 290 [4]
6 399 [6]
90 309 [6]
57 341 [6]
32 370 [4]
106 295 [6]
7 400 [0]
116 290 [4]
12 388 [6]
30 373 [4]
80 323 [4]
84 322 [4]
136 270 [6]
4 394 [4]
154 247 [6]
11 391 [4]
82 321 [5]
1 407 [6]
90 317 [6]
112 292 [4]
68 334 [4]
0 408 [4]
107 300 [4]
10 398 [6]
122 278 [9]
141 264 [9]
32 373 [4]
1 408 [4]
116 292 [4]
111 294 [5]
156 254 [0]
174 236 [0]
199 210 [6]
19 382 [4]
54 347 [9]
176 233 [6]
77 326 [6]
182 221 [0]
194 213 [3]
35 369 [6]
2 408 [0]
47 360 [4]
158 249 [4]
20 382 [4]
128 276 [6]
179 226 [6]
190 222 [0]
159 252 [4]
116 295 [4]
15 389 [6]
11 395 [4]
110 302 [4]
123 284 [4]
65 342 [6]
58 347 [9]
108 305 [4]
59 354 [4]
58 348 [6]
112 293 [9]
150 258 [6]
197 216 [4]
10 405 [4]
37 372 [6]
15 400 [5]
189 226 [0]
8 401 [4]
109 297 [9]
2 413 [0]
52 359 [4]
114 293 [6]
74 339 [3]
173 239 [9]
19 389 [6]
1 415 [4]
75 339 [3]
13 403 [6]
200 217 [0]
172 244 [4]
59 357 [4]
12 398 [6]
56 356 [4]
34 378 [6]
11 401 [4]
2 416 [0]
101 313 [4]
184 233 [4]
3 415 [4]
19 400 [5]
43 370 [4]
69 344 [6]
137 273 [3]
22 393 [4]
187 226 [6]
180 239 [0]
103 315 [4]
57 358 [9]
47 364 [9]
63 356 [4]
90 329 [4]
187 229 [4]
171 249 [0]
56 360 [4]
16 403 [6]
112 306 [2]
112 299 [9]
23 393 [4]
53 358 [9]
41 375 [4]
196 220 [4]
6 405 [4]
153 268 [0]
147 272 [3]
84 336 [4]
98 322 [4]
27 386 [6]
75 346 [4]
111 305 [4]
52 362 [6]
25 389 [6]
6 412 [4]
191 230 [4]
120 302 [4]
148 272 [2]
180 243 [0]
86 333 [4]
73 349 [4]
16 401 [4]
2 421 [4]
196 221 [6]
83 339 [2]
46 377 [4]
25 395 [4]
75 343 [4]
145 277 [2]
144 277 [3]
48 373 [9]
26 395 [4]
100 319 [6]
20 404 [6]
160 259 [6]
21 401 [4]
48 374 [4]
81 344 [4]
184 238 [4]
8 417 [6]
10 409 [9]
156 261 [9]
93 325 [9]
86 340 [4]
134 292 [4]
23 403 [6]
5 422 [4]
175 245 [6]
84 340 [4]
154 265 [9]
74 353 [4]
25 394 [9]
14 410 [4]
44 380 [4]
144 280 [4]
54 371 [4]
52 373 [4]
146 274 [9]
34 388 [6]
107 318 [4]
108 312 [9]
196 233 [0]
2 427 [0]
201 228 [0]
36 386 [6]
195 234 [4]
50 377 [4]
208 223 [0]
62 362 [6]
176 254 [4]
10 419 [9]
122 301 [9]
108 320 [4]
27 404 [4]
79 349 [9]
47 379 [6]
0 432 [9]
104 321 [6]
4 421 [4]
18 411 [4]
17 409 [9]
203 223 [6]
138 286 [9]
104 328 [4]
197 232 [9]
102 330 [4]
19 414 [6]
209 225 [0]
152 278 [4]
145 289 [0]
129 304 [4]
46 381 [6]
168 264 [3]
164 267 [9]
66 368 [4]
87 342 [6]
90 337 [6]
142 289 [9]
177 258 [4]
109 326 [4]
48 385 [4]
82 352 [3]
111 320 [4]
7 430 [0]
87 344 [6]
52 379 [6]
28 403 [4]
22 411 [4]
120 314 [9]
71 358 [9]
112 317 [9]
117 315 [4]
193 245 [0]
173 261 [4]
75 359 [9]
3 428 [9]
9 425 [4]
49 389 [4]
69 361 [9]
131 299 [9]
18 419 [3]
71 359 [9]
4 435 [6]
73 365 [4]
188 249 [2]
11 421 [9]
17 416 [4]
12 426 [6]
25 406 [6]
108 330 [6]
216 223 [0]
111 324 [4]
156 281 [3]
63 373 [9]
43 393 [4]
23 411 [4]
5 428 [9]
159 275 [6]
23 417 [4]
80 357 [4]
44 389 [6]
96 341 [4]
12 425 [4]
169 271 [4]
187 250 [4]
101 339 [2]
100 338 [9]
21 417 [4]
48 386 [6]
86 348 [6]
12 424 [4]
2 440 [4]
69 370 [9]
66 373 [4]
13 424 [4]
71 368 [9]
48 391 [9]
55 381 [6]
32 409 [9]
44 399 [6]
94 346 [4]
56 387 [4]
11 429 [4]
7 437 [4]
180 262 [3]
126 315 [4]
112 324 [3]
186 255 [4]
7 438 [0]
22 421 [9]
34 409 [9]
4 436 [4]
88 354 [9]
89 351 [4]
11 428 [9]
38 407 [4]
201 246 [0]
89 357 [4]
15 431 [5]
18 423 [4]
43 398 [6]
106 333 [9]
60 381 [6]
9 438 [4]
13 428 [9]
98 347 [3]
0 448 [4]
84 361 [3]
211 238 [0]
62 383 [4]
4 445 [6]
83 362 [4]
37 409 [3]
99 346 [9]
175 272 [2]
218 222 [9]
25 421 [9]
212 237 [0]
21 424 [4]
86 359 [4]
169 279 [4]
150 296 [4]
132 314 [4]
8 436 [4]
40 402 [2]
130 319 [4]
100 346 [9]
155 291 [9]
49 397 [9]
123 321 [6]
208 239 [9]
100 350 [4]
90 360 [4]
169 273 [9]
215 230 [6]
188 263 [0]
5 446 [4]
158 287 [6]
204 247 [0]
153 292 [6]
144 298 [9]
157 285 [9]
98 345 [9]
65 381 [6]
1 451 [4]
48 398 [4]
193 259 [0]
204 248 [0]
56 390 [4]
209 243 [0]
11 432 [4]
108 335 [9]
12 434 [6]
97 352 [3]
74 374 [9]
186 258 [6]
6 445 [6]
114 335 [9]
22 422 [9]
6 439 [6]
191 258 [4]
7 446 [0]
83 367 [9]
180 268 [4]
1 453 [6]
87 366 [4]
109 341 [4]
171 283 [0]
37 413 [4]
120 325 [9]
196 254 [0]
26 420 [9]
115 334 [4]
103 351 [4]
218 237 [0]
126 320 [9]
148 303 [4]
0 455 [9]
16 438 [6]
4 447 [4]
185 270 [0]
67 387 [4]
197 259 [0]
114 339 [3]
139 308 [9]
33 421 [3]
43 406 [6]
2 455 [4]
126 322 [9]
130 326 [4]
11 437 [4]
65 384 [9]
48 402 [2]
58 400 [7]
143 307 [6]
46 408 [4]
6 448 [4]
85 372 [4]
158 294 [6]
88 366 [9]
162 288 [3]
11 444 [4]
0 459 [9]
38 417 [4]
164 291 [4]
214 245 [0]
8 447 [4]
205 254 [0]
12 443 [4]
227 233 [0]
134 317 [9]
102 354 [4]
7 453 [0]
71 388 [4]
92 362 [6]
66 386 [6]
19 432 [4]
120 337 [4]
30 427 [9]
0 461 [4]
49 406 [4]
173 284 [9]
61 399 [4]
39 414 [6]
3 458 [0]
228 234 [0]
51 407 [9]
63 398 [4]
66 388 [6]
226 232 [4]
3 459 [9]
225 238 [0]
31 431 [5]
32 428 [9]
81 378 [4]
15 442 [4]
198 261 [4]
115 343 [4]
52 409 [3]
109 351 [4]
79 382 [3]
121 342 [4]
59 404 [4]
72 383 [9]
97 366 [4]
68 390 [4]
33 431 [7]
217 247 [4]
0 465 [9]
155 301 [9]
58 403 [4]
18 439 [6]
45 411 [9]
84 377 [9]
46 413 [4]
91 370 [9]
95 367 [4]
179 287 [0]
8 449 [4]
7 459 [9]
211 256 [0]
232 235 [0]
78 388 [4]
70 394 [3]
14 444 [9]
176 288 [3]
129 329 [9]
39 424 [4]
19 444 [4]
166 297 [4]
230 236 [4]
22 437 [9]
150 314 [9]
10 458 [0]
36 431 [5]
223 241 [4]
228 231 [9]
138 326 [0]
76 383 [9]
210 249 [9]
157 308 [3]
97 368 [9]
80 388 [4]
2 467 [4]
59 402 [2]
64 404 [4]
185 281 [3]
60 403 [4]
1 468 [6]
56 405 [9]
148 321 [4]
178 283 [9]
2 468 [0]
133 336 [4]
21 440 [9]
7 463 [9]
106 363 [4]
137 324 [9]
162 307 [4]
133 337 [4]
53 415 [3]
233 234 [4]
88 374 [9]
209 260 [2]
225 243 [3]
175 295 [4]
21 441 [9]
102 366 [4]
190 282 [0]
6 458 [6]
134 329 [3]
79 389 [4]
63 402 [2]
134 335 [3]
92 379 [4]
149 314 [9]
210 258 [4]
182 288 [3]
92 377 [4]
182 290 [4]
227 245 [4]
149 320 [9]
44 425 [4]
212 261 [0]
165 307 [4]
75 395 [9]
82 383 [9]
72 393 [9]
85 380 [9]
82 386 [6]
13 452 [9]
11 454 [4]
4 466 [4]
207 264 [3]
180 291 [3]
118 350 [4]
169 304 [4]
227 248 [0]
81 385 [9]
74 397 [9]
101 365 [9]
15 451 [9]
12 455 [9]
200 271 [4]
61 411 [9]
41 432 [9]
6 462 [6]
7 469 [4]
54 418 [4]
10 466 [4]
14 459 [9]
218 255 [2]
37 438 [4]
37 435 [4]
164 309 [4]
83 390 [9]
11 458 [6]
165 311 [4]
5 472 [6]
9 462 [6]
185 283 [9]
8 460 [4]
228 245 [4]
220 258 [0]
53 416 [9]
105 371 [2]
197 278 [3]
96 378 [9]
185 284 [9]
38 436 [9]
204 270 [4]
90 384 [4]
126 348 [4]
40 438 [4]
21 449 [9]
0 479 [9]
229 250 [0]
156 320 [3]
65 410 [9]
21 455 [9]
113 362 [4]
65 409 [3]
45 430 [4]
12 464 [3]
185 286 [9]
45 434 [4]
80 400 [1]
17 454 [4]
224 250 [6]
152 321 [6]
189 290 [4]
95 377 [9]
45 427 [9]
206 271 [9]
51 428 [2]
56 416 [9]
140 337 [4]
2 479 [9]
104 373 [9]
7 474 [4]
12 460 [9]
161 321 [0]
204 269 [9]
7 475 [4]
105 375 [2]
140 333 [9]
22 451 [9]
73 402 [2]
37 439 [6]
206 273 [3]
118 360 [9]
16 458 [6]
209 268 [4]
61 418 [9]
231 249 [3]
113 366 [9]
22 452 [9]
96 386 [4]
112 362 [9]
197 282 [4]
193 286 [9]
192 292 [0]
177 303 [4]
11 470 [9]
207 274 [3]
11 468 [6]
141 340 [9]
34 447 [9]
130 346 [9]
31 453 [4]
3 482 [6]
84 397 [9]
204 278 [3]
164 312 [3]
23 454 [4]
34 448 [4]
90 392 [4]
97 388 [4]
2 484 [4]
73 405 [9]
69 415 [3]
130 355 [2]
76 407 [4]
166 312 [9]
19 464 [3]
5 480 [9]
6 479 [9]
81 406 [4]
63 422 [3]
118 369 [4]
217 262 [9]
15 472 [6]
237 242 [9]
207 282 [0]
85 395 [9]
197 283 [9]
161 325 [3]
19 466 [4]
4 476 [4]
222 264 [3]
17 465 [9]
102 386 [4]
203 280 [6]
193 292 [4]
10 471 [4]
31 449 [9]
76 409 [3]
89 392 [9]
78 403 [9]
56 430 [4]
39 447 [9]
0 490 [4]
2 488 [4]
108 374 [9]
155 333 [3]
21 464 [3]
171 318 [2]
124 363 [4]
207 281 [3]
62 425 [4]
6 476 [4]
123 365 [4]
150 338 [9]
32 451 [9]
0 492 [4]
130 359 [3]
40 443 [9]
242 246 [0]
208 280 [9]
11 474 [9]
7 485 [4]
39 450 [3]
189 300 [4]
111 376 [4]
130 361 [2]
172 317 [9]
54 432 [9]
120 369 [9]
199 285 [9]
73 419 [2]
100 385 [9]
180 312 [2]
149 344 [4]
180 311 [3]
199 294 [4]
1 493 [6]
205 290 [0]
74 412 [9]
234 252 [9]
235 251 [9]
139 348 [6]
23 465 [9]
141 345 [9]
66 420 [9]
27 465 [3]
135 357 [3]
40 452 [3]
127 367 [4]
132 363 [4]
57 438 [4]
23 470 [9]
44 448 [4]
167 320 [3]
202 294 [0]
63 424 [9]
20 467 [9]
210 282 [4]
26 461 [9]
45 449 [3]
57 436 [9]
115 376 [4]
145 347 [7]
35 455 [9]
218 277 [2]
147 349 [4]
39 453 [4]
218 272 [7]
1 497 [9]
9 486 [9]
243 252 [3]
12 483 [9]
170 327 [2]
9 489 [3]
6 485 [3]
94 402 [2]
170 320 [9]
109 386 [4]
28 469 [9]
232 266 [2]
60 434 [4]
232 268 [4]
195 297 [9]
126 366 [9]
144 355 [2]
29 470 [3]
5 491 [3]
244 254 [3]
28 470 [3]
36 463 [3]
155 342 [9]
154 343 [9]
223 269 [9]
172 327 [3]
94 405 [3]
175 321 [6]
12 481 [9]
123 370 [9]
157 341 [4]
183 319 [0]
154 344 [4]
216 287 [0]
63 437 [3]
149 350 [4]
4 499 [6]
64 438 [4]
221 273 [3]
68 432 [3]
21 480 [3]
5 498 [4]
64 437 [9]
104 399 [4]
126 375 [3]
147 356 [4]
204 291 [9]
145 356 [3]
185 310 [9]
4 500 [6]
164 339 [2]
20 478 [9]
108 394 [3]
55 446 [4]
17 482 [4]
205 297 [3]
36 460 [9]
29 469 [3]
15 481 [9]
112 392 [3]
230 276 [0]
12 493 [6]
224 276 [6]
200 297 [9]
177 327 [2]
76 426 [4]
36 461 [9]
180 324 [2]
243 254 [9]
88 410 [3]
242 262 [3]
174 324 [9]
0 507 [4]
30 474 [3]
11 492 [4]
212 286 [1]
167 331 [9]
38 461 [9]
20 482 [4]
101 398 [9]
4 497 [9]
49 457 [3]
14 493 [4]
53 452 [3]
91 408 [9]
181 318 [9]
228 277 [3]
138 367 [3]
115 388 [6]
57 443 [9]
125 375 [3]
165 335 [9]
162 338 [9]
8 500 [6]
23 483 [9]
189 319 [4]
62 439 [6]
92 413 [4]
98 403 [9]
8 498 [4]
10 500 [6]
201 300 [9]
110 396 [9]
166 343 [4]
50 456 [9]
74 427 [9]
103 406 [4]
14 491 [2]
156 351 [3]
88 421 [2]
148 354 [9]
241 270 [0]
193 309 [9]
184 326 [4]
1 510 [4]
125 377 [9]
90 419 [3]
191 311 [9]
14 495 [9]
180 327 [7]
150 355 [3]
11 500 [6]
57 452 [3]
201 302 [9]
221 290 [4]
22 485 [3]
187 317 [9]
203 304 [6]
58 446 [9]
83 428 [2]
56 454 [9]
79 431 [1]
73 437 [3]
23 489 [3]
17 487 [4]
5 505 [9]
45 463 [2]
59 452 [3]
106 404 [9]
6 505 [9]
198 307 [9]
131 380 [3]
222 292 [0]
251 260 [3]
183 328 [3]
129 381 [4]
33 475 [3]
83 429 [3]
129 377 [9]
212 300 [1]
17 494 [4]
210 296 [9]
131 382 [2]
75 433 [3]
105 405 [7]
221 293 [4]
107 404 [9]
69 442 [9]
241 275 [0]
221 291 [4]
212 295 [1]
23 490 [9]
51 456 [9]
166 346 [9]
59 453 [4]
122 390 [9]
184 323 [9]
222 290 [9]
67 440 [9]
21 491 [2]
213 301 [3]
19 494 [4]
87 428 [3]
233 281 [3]
185 332 [0]
101 413 [3]
242 276 [0]
228 288 [2]
229 289 [0]
13 502 [9]
165 349 [9]
244 274 [0]
3 514 [3]
257 261 [0]
33 483 [3]
139 375 [9]
192 326 [0]
70 445 [9]
40 473 [2]
50 468 [4]
53 459 [3]
34 483 [3]
34 476 [9]
12 498 [4]
43 467 [9]
162 355 [3]
144 366 [9]
64 447 [9]
96 422 [3]
135 383 [2]
126 385 [3]
147 372 [4]
245 268 [6]
188 325 [7]
151 360 [9]
74 442 [9]
34 477 [9]
145 372 [3]
22 495 [9]
56 463 [2]
151 366 [4]
221 296 [9]
189 328 [9]
208 310 [9]
241 278 [3]
70 449 [3]
101 418 [3]
99 421 [2]
214 304 [4]
63 457 [3]
243 277 [2]
214 299 [9]
7 515 [0]
27 492 [9]
12 506 [3]
173 341 [9]
218 304 [4]
198 317 [9]
249 273 [2]
114 402 [2]
247 272 [7]
0 524 [4]
1 523 [4]
141 379 [4]
34 485 [2]
51 467 [3]
129 387 [9]
221 300 [4]
13 503 [9]
7 518 [9]
10 512 [2]
248 276 [1]
251 275 [0]
177 340 [9]
4 520 [9]
153 364 [3]
11 514 [3]
248 269 [9]
232 291 [3]
77 445 [9]
160 362 [4]
91 433 [3]
115 407 [4]
198 320 [9]
127 400 [7]
89 429 [9]
187 331 [9]
146 372 [9]
70 454 [3]
181 342 [4]
140 384 [3]
65 457 [3]
216 302 [9]
247 278 [3]
263 265 [0]
62 459 [3]
76 450 [3]
34 493 [4]
10 513 [4]
172 350 [4]
2 526 [9]
199 327 [2]
104 422 [3]
108 412 [3]
136 389 [9]
6 519 [4]
244 282 [3]
133 394 [3]
222 306 [2]
94 427 [9]
144 384 [2]
71 457 [3]
54 467 [9]
161 366 [3]
219 311 [0]
50 477 [9]
221 309 [4]
105 424 [2]
3 528 [4]
2 529 [4]
168 354 [9]
160 367 [9]
242 280 [9]
56 470 [3]
34 488 [9]
178 352 [2]
120 403 [9]
165 363 [4]
18 510 [4]
4 524 [4]
209 315 [0]
220 313 [0]
232 296 [3]
76 454 [3]
3 530 [6]
171 357 [2]
26 498 [9]
150 374 [9]
7 526 [9]
254 272 [7]
59 470 [3]
123 407 [9]
178 353 [3]
66 462 [4]
1 531 [9]
58 474 [3]
65 465 [3]
157 369 [9]
88 444 [3]
187 345 [3]
86 440 [9]
151 375 [9]
29 503 [3]
114 417 [4]
221 311 [4]
256 280 [0]
14 520 [9]
3 533 [4]
20 508 [3]
169 364 [3]
252 275 [9]
263 270 [3]
129 398 [9]
54 479 [9]
104 431 [7]
33 502 [3]
88 446 [3]
57 477 [3]
133 395 [9]
30 498 [9]
243 291 [3]
260 278 [0]
88 447 [3]
3 535 [4]
265 270 [3]
178 351 [9]
76 457 [3]
189 347 [3]
118 411 [9]
117 412 [3]
25 504 [9]
31 502 [3]
203 331 [4]
216 319 [4]
215 320 [9]
172 358 [9]
126 404 [9]
80 458 [4]
34 496 [9]
184 351 [4]
237 299 [3]
6 524 [4]
213 324 [3]
172 359 [9]
126 411 [3]
254 282 [9]
124 407 [9]
42 495 [3]
230 308 [3]
250 290 [0]
134 397 [3]
78 460 [3]
171 367 [2]
38 494 [9]
36 496 [9]
247 294 [0]
188 353 [0]
75 459 [3]
129 403 [3]
192 346 [3]
222 316 [3]
48 484 [9]
108 430 [9]
9 531 [3]
8 528 [4]
10 523 [4]
2 541 [4]
152 383 [3]
59 476 [9]
162 381 [4]
70 467 [3]
217 318 [9]
195 340 [9]
162 373 [9]
248 292 [0]
79 456 [3]
228 307 [9]
78 465 [2]
52 490 [9]
32 509 [4]
185 351 [9]
35 503 [9]
8 537 [6]
188 352 [5]
26 511 [9]
32 507 [9]
46 496 [4]
234 303 [9]
1 545 [9]
1 540 [3]
234 313 [0]
132 414 [4]
262 285 [0]
115 431 [7]
12 532 [9]
198 340 [9]
7 540 [3]
194 354 [0]
85 460 [3]
253 292 [3]
267 281 [0]
79 464 [7]
34 508 [3]
108 439 [4]
221 323 [9]
43 501 [4]
225 315 [1]
79 467 [3]
118 426 [9]
4 536 [4]
63 480 [2]
4 541 [3]
39 507 [9]
34 512 [5]
163 383 [3]
139 402 [2]
2 547 [4]
239 310 [0]
123 419 [2]
209 338 [2]
88 459 [2]
206 334 [9]
111 438 [4]
165 382 [3]
54 491 [2]
146 401 [3]
26 521 [3]
252 298 [0]
28 514 [3]
213 334 [3]
255 292 [3]
94 447 [3]
90 457 [9]
82 462 [4]
125 417 [3]
140 407 [9]
107 435 [9]
84 465 [3]
168 380 [3]
81 463 [2]
180 369 [3]
157 392 [3]
6 544 [9]
62 489 [3]
51 492 [9]
41 506 [3]
87 464 [2]
109 434 [9]
134 414 [9]
114 438 [4]
241 303 [9]
194 357 [2]
128 417 [9]
139 411 [9]
95 452 [3]
39 512 [5]
202 349 [3]
207 345 [2]
28 522 [4]
35 515 [4]
261 284 [1]
179 366 [9]
26 519 [9]
243 306 [7]
25 526 [3]
70 477 [3]
95 458 [4]
68 485 [2]
21 531 [3]
175 371 [3]
140 412 [3]
188 367 [0]
127 424 [9]
242 304 [9]
35 518 [3]
268 286 [4]
10 541 [3]
188 360 [7]
268 282 [6]
29 525 [2]
195 358 [3]
123 424 [9]
174 373 [3]
6 543 [9]
24 527 [2]
3 549 [3]
271 286 [0]
24 531 [2]
87 467 [3]
50 505 [3]
21 534 [3]
78 477 [2]
35 520 [3]
6 547 [4]
95 453 [9]
12 540 [3]
70 480 [2]
216 339 [2]
177 376 [9]
43 507 [9]
136 419 [2]
189 360 [9]
147 407 [4]
25 529 [4]
59 499 [4]
212 345 [2]
49 501 [9]
146 404 [9]
40 513 [2]
274 282 [3]
2 557 [3]
5 551 [9]
144 406 [9]
193 364 [3]
275 281 [3]
196 361 [2]
154 396 [9]
208 342 [9]
146 412 [3]
50 507 [3]
15 540 [3]
10 546 [3]
88 464 [7]
2 558 [9]
93 465 [2]
134 417 [3]
133 418 [9]
40 517 [3]
83 475 [2]
229 329 [2]
56 502 [3]
33 525 [3]
257 304 [0]
117 441 [3]
71 487 [3]
106 446 [3]
163 395 [3]
72 486 [3]
219 343 [0]
65 488 [9]
36 523 [9]
1 561 [0]
171 388 [3]
48 512 [7]
194 364 [7]
18 536 [9]
187 373 [3]
206 348 [9]
180 381 [3]
49 512 [1]
206 349 [9]
164 391 [3]
265 299 [0]
249 315 [0]
7 557 [4]
235 330 [0]
157 399 [9]
20 536 [9]
222 340 [3]
89 472 [9]
225 337 [3]
268 288 [3]
46 518 [3]
267 299 [0]
116 447 [3]
168 395 [3]
66 497 [3]
127 435 [9]
268 292 [6]
7 559 [9]
156 407 [3]
21 542 [4]
183 382 [2]
61 503 [3]
63 502 [2]
21 543 [9]
240 327 [0]
64 500 [4]
228 337 [3]
7 561 [0]
99 467 [3]
72 487 [9]
192 374 [2]
5 560 [3]
71 488 [3]
163 396 [9]
174 385 [3]
84 478 [3]
36 529 [9]
176 389 [9]
179 381 [9]
7 562 [4]
146 422 [2]
35 532 [9]
36 532 [3]
95 466 [3]
33 531 [2]
19 548 [3]
69 492 [9]
279 291 [0]
136 425 [3]
94 471 [3]
29 541 [2]
261 307 [3]
115 447 [9]
22 541 [3]
99 468 [9]
10 561 [0]
37 530 [4]
145 421 [7]
67 502 [3]
177 392 [3]
137 426 [9]
53 513 [2]
122 447 [3]
237 333 [2]
52 511 [9]
279 293 [0]
246 326 [0]
39 524 [9]
261 302 [1]
237 326 [9]
212 359 [2]
162 409 [2]
27 544 [3]
73 499 [4]
201 369 [3]
280 284 [9]
23 546 [3]
3 567 [4]
54 515 [4]
19 551 [9]
223 341 [9]
259 310 [4]
214 350 [9]
33 537 [4]
202 363 [9]
7 567 [4]
70 502 [2]
117 454 [3]
54 516 [4]
131 434 [9]
205 366 [3]
243 329 [2]
179 394 [2]
47 519 [9]
113 458 [4]
194 374 [7]
4 563 [9]
5 567 [4]
87 486 [3]
99 475 [2]
163 404 [9]
232 344 [0]
50 523 [9]
44 523 [9]
148 425 [3]
269 307 [0]
93 480 [7]
220 353 [3]
220 352 [2]
146 428 [2]
206 368 [3]
217 351 [9]
161 413 [3]
236 339 [2]
34 536 [9]
16 558 [9]
258 319 [0]
19 553 [3]
125 450 [2]
5 570 [4]
182 394 [2]
242 333 [3]
2 576 [4]
257 313 [9]
214 356 [9]
284 295 [0]
126 451 [2]
75 497 [3]
76 494 [9]
242 328 [9]
206 371 [3]
151 422 [3]
193 378 [9]
10 568 [4]
73 505 [3]
232 346 [2]
192 385 [3]
148 423 [3]
175 396 [9]
50 522 [9]
237 341 [3]
33 545 [3]
17 555 [9]
236 336 [9]
231 350 [0]
286 295 [0]
16 556 [4]
12 562 [9]
92 486 [3]
205 374 [2]
55 517 [9]
85 495 [3]
102 478 [2]
60 520 [3]
286 287 [9]
287 294 [4]
93 487 [3]
194 389 [0]
0 583 [9]
211 370 [2]
247 332 [4]
3 580 [4]
234 347 [2]
35 542 [4]
220 361 [2]
262 314 [0]
26 553 [3]
149 426 [9]
135 447 [2]
280 304 [0]
29 548 [2]
227 355 [2]
80 502 [2]
55 526 [3]
147 429 [9]
249 331 [2]
0 585 [9]
106 476 [3]
95 487 [3]
48 528 [9]
204 372 [9]
260 325 [0]
133 450 [3]
3 574 [3]
127 455 [3]
213 369 [3]
63 520 [2]
245 338 [3]
59 525 [3]
254 329 [2]
152 425 [9]
264 319 [3]
284 302 [0]
110 473 [2]
41 540 [2]
124 453 [9]
256 329 [2]
124 461 [3]
157 428 [2]
25 557 [2]
286 298 [3]
90 488 [9]
87 491 [7]
118 464 [2]
2 585 [4]
3 583 [9]
41 538 [9]
165 420 [3]
290 294 [0]
235 350 [3]
15 570 [9]
229 356 [3]
98 487 [3]
2 586 [4]
193 394 [2]
2 579 [3]
7 582 [9]
126 461 [2]
20 568 [3]
99 487 [3]
85 502 [2]
114 466 [9]
139 441 [9]
155 431 [1]
118 470 [2]
205 383 [2]
151 430 [9]
13 572 [3]
3 579 [3]
112 474 [2]
111 477 [3]
287 295 [9]
239 344 [1]
267 317 [7]
216 366 [9]
30 553 [3]
148 441 [3]
58 529 [9]
257 331 [3]
291 300 [0]
12 573 [3]
158 432 [2]
113 477 [2]
59 531 [3]
89 494 [3]
15 569 [6]
235 354 [3]
290 293 [9]
286 303 [3]
38 554 [2]
279 312 [2]
276 313 [0]
16 569 [6]
32 558 [3]
67 522 [4]
227 357 [9]
43 543 [9]
20 570 [9]
90 494 [9]
148 443 [3]
284 310 [0]
260 329 [0]
256 330 [1]
243 348 [3]
38 553 [3]
275 316 [3]
170 419 [7]
293 296 [2]
251 340 [3]
234 351 [9]
140 445 [9]
72 520 [3]
103 490 [2]
151 435 [9]
108 480 [2]
119 474 [2]
233 359 [3]
222 371 [2]
62 531 [9]
49 539 [2]
7 588 [4]
74 520 [2]
210 383 [3]
256 338 [2]
233 360 [3]
206 381 [9]
235 359 [2]
35 559 [3]
181 407 [9]
36 552 [9]
81 508 [7]
107 489 [7]
252 339 [5]
58 536 [9]
4 584 [4]
56 539 [2]
142 454 [2]
285 310 [3]
97 492 [9]
92 503 [3]
192 403 [3]
227 362 [9]
25 570 [9]
171 425 [2]
40 555 [3]
263 332 [3]
219 377 [2]
59 536 [3]
72 523 [9]
102 493 [9]
148 448 [3]
246 344 [9]
0 599 [4]
118 479 [2]
152 444 [3]
12 581 [3]
282 314 [3]
280 316 [3]
37 558 [3]
189 409 [2]
23 571 [4]
66 532 [3]
241 356 [9]
195 396 [9]
154 443 [3]
3 589 [3]
181 410 [3]
248 343 [9]
41 558 [3]
247 352 [2]
39 555 [9]
22 575 [2]
179 420 [2]
108 484 [3]
127 466 [9]
82 517 [3]
3 597 [9]
148 452 [2]
110 486 [3]
32 563 [9]
15 581 [3]
103 497 [2]
151 444 [3]
131 469 [2]
213 386 [3]
149 445 [9]
21 577 [2]
0 603 [9]
226 368 [9]
78 523 [2]
124 477 [2]
198 396 [9]
16 581 [3]
155 439 [9]
4 592 [9]
67 534 [3]
131 464 [7]
9 589 [2]
25 576 [9]
94 503 [3]
12 585 [9]
140 461 [3]
26 573 [2]
105 494 [2]
235 364 [7]
298 307 [0]
98 505 [2]
9 593 [9]
26 574 [2]
36 566 [3]
258 345 [2]
3 599 [4]
59 542 [4]
171 428 [5]
40 563 [3]
44 559 [3]
50 549 [2]
39 561 [6]
88 517 [2]
28 573 [2]
41 563 [9]
262 338 [7]
124 481 [2]
28 574 [3]
201 403 [3]
28 576 [9]
71 528 [9]
125 480 [7]
7 601 [9]
56 550 [3]
42 564 [3]
105 495 [7]
19 587 [9]
68 540 [2]
89 511 [9]
237 370 [2]
106 494 [3]
2 607 [3]
210 390 [9]
284 322 [3]
12 594 [9]
4 603 [9]
199 402 [7]
167 441 [2]
164 443 [3]
52 555 [9]
62 542 [4]
6 601 [9]
251 350 [9]
69 539 [2]
110 492 [3]
63 545 [3]
65 544 [3]
248 361 [2]
14 595 [3]
238 371 [2]
22 587 [3]
4 598 [4]
198 404 [9]
195 413 [3]
66 540 [2]
53 557 [2]
177 433 [2]
65 538 [9]
68 535 [9]
15 594 [9]
296 313 [3]
261 342 [1]
198 412 [3]
102 501 [3]
4 601 [9]
117 491 [7]
134 476 [2]
57 554 [2]
51 557 [7]
192 415 [7]
43 562 [9]
269 343 [0]
217 394 [2]
253 360 [0]
198 406 [9]
212 398 [3]
127 482 [4]
123 483 [2]
135 476 [2]
286 325 [2]
106 504 [3]
138 471 [7]
15 592 [9]
17 589 [3]
96 509 [3]
3 608 [4]
2 612 [4]
271 344 [0]
65 543 [3]
213 399 [3]
88 524 [3]
268 338 [9]
134 472 [9]
258 352 [2]
277 338 [0]
276 330 [9]
145 463 [5]
231 380 [7]
168 446 [2]
299 315 [2]
299 312 [7]
230 384 [2]
305 311 [0]
237 377 [2]
178 435 [3]
155 460 [2]
138 474 [7]
61 547 [9]
42 569 [6]
227 381 [9]
168 447 [3]
25 591 [2]
302 315 [0]
18 591 [3]
292 322 [3]
111 504 [3]
11 598 [4]
16 600 [9]
224 390 [4]
3 610 [3]
111 505 [3]
46 565 [9]
233 376 [9]
126 490 [2]
133 483 [2]
44 568 [3]
6 611 [5]
5 614 [4]
12 606 [3]
231 388 [0]
99 518 [2]
195 422 [2]
115 497 [3]
247 369 [3]
257 355 [7]
206 412 [2]
179 438 [3]
92 519 [9]
47 570 [3]
280 337 [3]
127 484 [9]
45 571 [9]
286 331 [3]
166 445 [9]
35 583 [3]
197 422 [2]
32 580 [9]
83 535 [3]
45 572 [7]
285 336 [0]
57 559 [3]
202 416 [3]
75 542 [9]
191 427 [3]
37 582 [3]
0 621 [9]
130 482 [3]
153 461 [3]
125 495 [2]
76 539 [2]
244 371 [7]
251 362 [9]
139 481 [9]
8 610 [3]
242 378 [3]
34 580 [9]
269 347 [7]
111 506 [2]
213 405 [2]
229 392 [2]
179 442 [3]
211 411 [2]
292 329 [3]
12 609 [9]
1 621 [9]
2 616 [3]
18 606 [3]
32 584 [9]
143 480 [3]
29 590 [2]
79 544 [2]
283 342 [0]
86 535 [9]
1 622 [9]
239 382 [7]
265 355 [5]
2 624 [4]
84 539 [2]
209 412 [7]
193 430 [3]
57 564 [3]
133 484 [3]
61 562 [3]
19 598 [4]
13 607 [3]
21 603 [3]
160 463 [7]
215 409 [2]
108 510 [9]
127 497 [3]
44 576 [9]
52 569 [6]
194 426 [7]
4 614 [4]
61 560 [2]
137 488 [3]
300 319 [9]
5 619 [2]
229 396 [3]
78 547 [3]
246 379 [3]
94 530 [9]
54 567 [3]
210 415 [2]
176 451 [2]
101 520 [7]
0 628 [3]
191 435 [3]
232 392 [7]
6 619 [5]
16 607 [3]
3 626 [9]
238 388 [3]
97 524 [3]
274 356 [0]
246 382 [2]
179 448 [3]
197 430 [3]
7 623 [9]
19 608 [3]
314 317 [0]
85 537 [9]
17 605 [2]
267 359 [7]
292 330 [9]
32 593 [9]
81 542 [9]
27 603 [3]
302 330 [0]
264 368 [0]
78 549 [7]
135 491 [1]
13 616 [5]
153 476 [3]
59 566 [2]
113 517 [2]
7 625 [9]
211 420 [2]
220 410 [3]
292 338 [3]
150 477 [3]
21 607 [2]
190 442 [2]
225 407 [2]
11 621 [3]
200 433 [2]
154 472 [9]
3 629 [4]
245 381 [9]
185 448 [2]
186 440 [9]
22 611 [5]
26 602 [3]
113 521 [2]
13 619 [2]
243 390 [3]
224 403 [9]
35 600 [3]
145 491 [5]
145 487 [7]
4 626 [9]
99 536 [3]
30 598 [9]
40 595 [3]
23 605 [2]
12 623 [3]
214 420 [3]
83 552 [3]
235 401 [2]
256 379 [3]
6 630 [3]
316 322 [0]
96 533 [3]
190 446 [2]
15 621 [3]
215 421 [2]
24 609 [3]
283 353 [2]
29 602 [2]
108 522 [9]
45 589 [7]
42 591 [2]
229 408 [2]
4 627 [3]
223 413 [3]
36 601 [3]
286 350 [3]
16 619 [2]
29 609 [3]
28 609 [3]
12 620 [3]
114 523 [9]
235 403 [2]
26 606 [2]
269 364 [7]
30 602 [3]
293 348 [0]
313 325 [3]
193 439 [9]
188 448 [7]
6 627 [3]
16 623 [9]
8 626 [9]
88 549 [7]
178 459 [7]
191 448 [3]
247 393 [2]
205 435 [2]
93 541 [7]
54 579 [2]
114 526 [3]
153 489 [7]
186 453 [4]
284 356 [3]
156 480 [7]
9 631 [3]
6 635 [9]
108 527 [7]
247 394 [2]
187 453 [3]
212 429 [2]
68 569 [4]
41 601 [3]
273 371 [0]
234 408 [2]
128 513 [2]
107 531 [2]
11 626 [9]
299 338 [7]
65 574 [2]
141 499 [4]
21 622 [3]
111 530 [4]
66 574 [2]
46 597 [3]
322 323 [0]
48 591 [2]
85 552 [3]
179 458 [9]
5 633 [2]
312 335 [0]
66 575 [7]
63 578 [2]
35 609 [3]
222 423 [2]
252 390 [2]
259 379 [9]
102 543 [2]
93 549 [7]
133 514 [2]
75 567 [2]
36 604 [2]
203 436 [9]
107 537 [9]
0 643 [3]
2 645 [3]
83 564 [2]
88 559 [2]
109 538 [2]
289 358 [2]
22 624 [3]
222 425 [2]
153 495 [2]
223 424 [3]
27 614 [9]
45 603 [2]
2 648 [4]
284 361 [7]
199 448 [3]
266 385 [0]
85 564 [2]
252 392 [7]
309 342 [0]
279 370 [2]
1 641 [6]
246 403 [3]
105 541 [1]
37 610 [2]
235 414 [3]
138 512 [8]
6 638 [2]
242 407 [3]
7 645 [3]
35 615 [3]
283 367 [2]
149 502 [2]
271 380 [2]
88 561 [9]
321 332 [0]
197 453 [3]
303 350 [0]
293 358 [2]
41 604 [2]
135 516 [2]
18 627 [3]
297 357 [0]
215 437 [2]
65 580 [9]
209 443 [7]
90 555 [9]
270 382 [2]
66 585 [3]
49 596 [7]
248 403 [3]
157 495 [2]
105 545 [7]
114 537 [4]
4 649 [9]
183 467 [7]
235 418 [2]
221 432 [2]
19 629 [3]
194 455 [5]
5 641 [2]
100 552 [3]
14 633 [7]
85 566 [2]
52 596 [2]
42 605 [7]
185 468 [3]
303 348 [7]
320 336 [0]
275 378 [3]
10 645 [2]
27 626 [9]
233 414 [9]
317 340 [0]
204 451 [2]
242 406 [9]
309 348 [0]
299 352 [5]
323 334 [0]
224 425 [9]
42 613 [9]
244 414 [0]
53 602 [2]
287 362 [9]
252 406 [0]
246 410 [2]
24 631 [2]
196 457 [7]
101 555 [2]
155 501 [3]
255 404 [0]
11 640 [9]
55 601 [9]
249 408 [7]
105 548 [1]
1 657 [3]
127 527 [2]
65 588 [2]
35 622 [3]
9 647 [3]
229 429 [2]
68 591 [2]
19 633 [5]
73 584 [3]
36 621 [3]
48 607 [2]
106 549 [7]
141 510 [3]
96 557 [7]
28 630 [3]
210 449 [2]
183 470 [7]
100 559 [2]
44 615 [3]
46 610 [2]
296 365 [0]
307 347 [7]
171 484 [7]
35 625 [5]
110 550 [2]
318 342 [2]
94 567 [2]
233 427 [2]
21 633 [5]
297 358 [7]
191 468 [3]
10 649 [9]
322 333 [7]
148 506 [7]
285 370 [7]
17 638 [2]
143 518 [3]
237 424 [2]
304 356 [3]
293 365 [2]
117 537 [9]
23 639 [9]
161 500 [3]
101 557 [1]
189 470 [2]
2 662 [9]
77 586 [2]
159 503 [2]
10 653 [3]
280 381 [3]
153 504 [3]
98 565 [2]
135 528 [2]
245 417 [3]
79 581 [7]
3 656 [2]
144 519 [2]
69 594 [3]
328 337 [0]
202 459 [2]
209 450 [7]
178 485 [1]
266 400 [0]
299 361 [5]
17 640 [9]
0 659 [6]
39 620 [3]
89 573 [7]
99 567 [7]
31 631 [3]
283 379 [3]
262 402 [1]
84 578 [2]
173 492 [3]
130 535 [3]
258 408 [2]
141 525 [2]
212 451 [7]
43 623 [3]
8 659 [2]
190 470 [7]
227 438 [3]
248 417 [3]
83 582 [2]
3 661 [2]
40 626 [3]
231 431 [8]
83 578 [7]
240 422 [5]
198 469 [2]
42 625 [3]
202 464 [1]
109 558 [2]
226 435 [3]
332 335 [3]
280 387 [2]
228 439 [3]
111 556 [3]
7 663 [9]
316 354 [0]
22 646 [3]
164 504 [3]
230 438 [3]
99 570 [2]
51 615 [2]
87 578 [2]
281 388 [2]
17 653 [3]
116 552 [3]
318 353 [0]
78 589 [7]
113 556 [2]
143 521 [3]
186 476 [9]
6 657 [3]
144 520 [7]
196 471 [2]
97 568 [2]
234 433 [7]
141 522 [3]
311 359 [7]
6 663 [9]
8 655 [4]
297 376 [0]
68 596 [7]
70 597 [2]
190 478 [7]
68 602 [2]
127 539 [2]
1 668 [3]
113 554 [7]
69 602 [2]
48 621 [2]
127 538 [9]
296 378 [0]
91 575 [7]
257 409 [7]
178 489 [1]
86 585 [3]
254 418 [2]
41 628 [2]
227 446 [2]
276 396 [3]
6 664 [3]
2 669 [2]
44 630 [3]
33 636 [7]
260 415 [1]
63 611 [1]
324 350 [2]
10 661 [2]
150 520 [2]
98 576 [2]
198 476 [2]
327 344 [7]
4 665 [3]
13 658 [3]
130 545 [2]
76 598 [3]
43 631 [3]
200 474 [2]
13 662 [9]
133 535 [9]
53 618 [2]
17 659 [2]
295 380 [2]
198 478 [2]
64 605 [7]
84 589 [7]
180 490 [7]
71 606 [7]
222 453 [3]
93 584 [3]
155 521 [7]
196 478 [7]
82 591 [2]
64 610 [2]
154 522 [3]
334 343 [2]
49 624 [2]
3 676 [4]
141 531 [2]
284 393 [7]
313 363 [9]
16 654 [2]
123 553 [2]
52 625 [3]
203 474 [2]
133 542 [9]
253 426 [0]
112 562 [2]
234 443 [2]
263 414 [2]
198 479 [7]
206 471 [2]
10 665 [3]
69 609 [3]
110 569 [4]
2 678 [0]
213 459 [7]
119 553 [7]
7 669 [3]
139 537 [4]
190 483 [7]
288 393 [0]
88 588 [7]
162 517 [3]
162 510 [3]
9 665 [2]
4 670 [3]
1 679 [3]
45 635 [2]
59 617 [2]
12 664 [3]
218 457 [7]
312 371 [0]
141 533 [9]
78 602 [7]
42 633 [7]
60 617 [2]
83 597 [7]
261 415 [7]
166 509 [3]
2 682 [4]
36 643 [2]
64 615 [3]
44 637 [3]
269 409 [5]
97 586 [7]
45 637 [2]
63 612 [3]
103 577 [7]
135 544 [7]
47 632 [3]
87 595 [2]
239 440 [7]
255 430 [0]
76 605 [7]
173 507 [2]
187 496 [2]
34 649 [3]
279 404 [2]
304 378 [3]
120 564 [2]
91 593 [3]
104 574 [7]
201 482 [2]
18 666 [3]
223 459 [2]
320 367 [0]
152 527 [7]
10 670 [3]
174 510 [3]
296 384 [7]
24 654 [7]
233 452 [2]
141 537 [9]
239 443 [7]
26 652 [9]
2 685 [4]
300 388 [0]
245 441 [2]
23 660 [3]
306 382 [0]
308 380 [0]
245 434 [9]
139 541 [2]
170 516 [3]
182 504 [2]
121 566 [7]
136 550 [2]
150 529 [3]
232 449 [7]
303 386 [0]
70 610 [7]
282 405 [2]
10 674 [4]
156 530 [3]
232 450 [5]
180 504 [7]
236 450 [2]
261 426 [2]
26 656 [5]
108 578 [2]
295 393 [7]
34 650 [2]
18 664 [3]
73 617 [2]
227 459 [7]
30 653 [2]
52 637 [3]
36 647 [3]
266 417 [2]
161 529 [2]
341 351 [0]
275 414 [9]
168 522 [3]
58 628 [2]
153 530 [9]
310 380 [2]
332 357 [3]
116 573 [7]
85 604 [7]
236 455 [2]
152 534 [2]
12 677 [2]
143 543 [3]
127 560 [2]
141 551 [2]
106 582 [2]
18 675 [5]
98 594 [2]
33 660 [2]
269 418 [7]
51 636 [7]
246 446 [2]
231 463 [5]
111 575 [7]
307 388 [0]
172 521 [3]
237 456 [2]
29 661 [7]
0 686 [6]
215 478 [2]
247 446 [2]
124 570 [2]
6 685 [3]
94 599 [2]
178 516 [2]
53 640 [3]
108 580 [3]
301 396 [0]
0 693 [6]
273 424 [0]
265 427 [7]
101 591 [1]
174 521 [2]
156 540 [5]
270 425 [2]
57 633 [7]
247 448 [3]
307 384 [7]
21 671 [5]
264 433 [1]
96 599 [7]
53 638 [7]
271 421 [7]
44 647 [3]
12 679 [3]
255 436 [5]
193 502 [7]
272 428 [0]
331 369 [0]
240 460 [0]
6 690 [3]
0 695 [6]
181 517 [2]
162 529 [3]
302 393 [7]
139 559 [3]
291 407 [2]
18 678 [4]
28 668 [2]
155 543 [2]
71 629 [2]
2 699 [4]
314 387 [0]
7 694 [3]
154 540 [1]
194 506 [1]
270 429 [2]
230 462 [9]
149 551 [2]
75 621 [2]
2 695 [6]
171 523 [7]
84 617 [7]
56 638 [7]
197 503 [2]
124 576 [2]
70 625 [2]
243 454 [7]
282 418 [2]
20 674 [3]
113 587 [2]
123 571 [9]
74 626 [3]
130 568 [7]
27 675 [7]
277 426 [0]
4 691 [3]
109 593 [2]
253 443 [5]
317 387 [2]
79 623 [2]
195 500 [3]
298 404 [2]
323 374 [7]
63 639 [2]
53 649 [3]
21 677 [5]
274 424 [7]
51 653 [7]
70 627 [7]
170 532 [2]
159 544 [2]
8 690 [3]
53 651 [7]
131 567 [7]
97 605 [1]
78 620 [7]
329 377 [0]
220 481 [2]
313 391 [2]
96 602 [7]
34 665 [2]
114 591 [2]
269 431 [8]
46 652 [9]
57 641 [7]
42 657 [2]
328 377 [7]
209 490 [7]
3 703 [4]
146 553 [7]
203 502 [2]
13 690 [3]
328 379 [0]
31 672 [5]
4 702 [3]
352 355 [0]
278 430 [0]
97 609 [2]
2 706 [4]
114 586 [2]
313 393 [2]
301 407 [0]
13 687 [3]
163 543 [2]
254 449 [7]
20 687 [3]
141 565 [2]
265 437 [5]
44 657 [3]
308 401 [0]
98 604 [7]
119 587 [7]
316 388 [2]
133 572 [7]
108 595 [2]
348 359 [2]
27 678 [4]
28 678 [4]
25 683 [3]
84 619 [1]
176 531 [7]
48 657 [2]
93 614 [3]
341 364 [7]
4 699 [3]
101 602 [7]
25 682 [3]
21 685 [3]
3 704 [2]
126 584 [2]
198 506 [7]
105 600 [7]
106 600 [2]
56 648 [2]
139 566 [2]
36 672 [2]
12 696 [5]
142 561 [3]
259 452 [2]
233 475 [7]
254 455 [7]
119 593 [2]
57 651 [7]
40 670 [7]
193 519 [2]
281 434 [0]
290 423 [2]
161 552 [2]
2 713 [3]
217 496 [3]
10 700 [3]
101 605 [8]
263 445 [7]
106 603 [2]
26 685 [3]
155 558 [7]
31 683 [3]
217 497 [2]
47 664 [2]
21 689 [2]
143 566 [2]
59 655 [3]
105 605 [8]
215 493 [9]
2 715 [4]
137 571 [9]
306 402 [6]
280 434 [3]
112 597 [7]
96 618 [7]
104 611 [1]
115 600 [2]
318 399 [0]
153 563 [3]
349 369 [0]
214 501 [3]
143 568 [2]
333 378 [7]
270 445 [3]
250 466 [2]
0 711 [3]
131 583 [7]
76 636 [7]
215 502 [2]
114 604 [2]
317 397 [7]
27 684 [2]
266 453 [0]
2 712 [6]
75 643 [7]
1 717 [3]
36 677 [5]
141 574 [7]
250 464 [1]
196 522 [2]
142 569 [9]
284 434 [2]
144 568 [7]
56 661 [7]
267 448 [5]
175 543 [2]
43 670 [2]
2 711 [3]
147 567 [2]
206 512 [8]
79 639 [2]
238 475 [7]
275 444 [2]
321 400 [8]
11 705 [2]
3 710 [3]
49 671 [7]
180 534 [5]
89 625 [2]
294 424 [3]
223 496 [2]
95 621 [2]
97 617 [7]
74 642 [7]
147 569 [4]
217 503 [2]
243 473 [5]
112 604 [1]
4 710 [3]
86 629 [2]
267 447 [5]
79 638 [1]
4 711 [2]
165 551 [2]
207 507 [7]
55 666 [3]
331 385 [7]
36 679 [2]
312 411 [5]
166 551 [2]
58 657 [2]
14 703 [2]
163 554 [1]
220 501 [2]
73 641 [7]
83 633 [1]
253 469 [1]
2 721 [4]
320 397 [7]
191 525 [7]
212 510 [2]
226 491 [1]
184 538 [2]
39 679 [2]
6 717 [3]
58 658 [2]
315 407 [2]
170 551 [7]
96 626 [2]
273 450 [1]
186 534 [3]
100 617 [7]
273 444 [5]
42 681 [3]
264 456 [5]
45 675 [7]
35 684 [2]
83 634 [7]
213 510 [2]
345 380 [0]
280 443 [2]
255 470 [1]
21 697 [2]
97 622 [2]
14 706 [2]
337 389 [0]
277 441 [5]
270 453 [3]
9 714 [3]
54 665 [2]
74 651 [7]
176 542 [3]
94 630 [2]
26 700 [2]
66 660 [2]
341 386 [0]
106 616 [1]
105 615 [5]
3 721 [4]
213 512 [8]
140 582 [2]
52 667 [9]
356 372 [0]
291 435 [2]
174 551 [7]
180 547 [2]
151 574 [7]
29 695 [7]
329 392 [5]
81 642 [7]
331 398 [0]
272 457 [0]
193 533 [3]
100 625 [2]
213 515 [2]
254 471 [7]
179 546 [1]
281 441 [5]
3 720 [3]
297 429 [7]
246 482 [3]
20 703 [3]
2 723 [3]
101 622 [7]
48 681 [3]
221 501 [3]
324 407 [0]
34 692 [3]
96 632 [7]
10 713 [3]
168 557 [1]
167 560 [7]
130 596 [1]
351 381 [0]
55 671 [2]
50 678 [9]
49 681 [2]
70 657 [7]
0 724 [3]
315 412 [7]
199 527 [1]
220 511 [2]
83 643 [7]
128 603 [2]
293 433 [5]
0 728 [3]
318 410 [7]
55 669 [5]
249 477 [7]
183 545 [2]
358 375 [0]
281 444 [5]
5 719 [2]
248 482 [3]
69 656 [7]
67 661 [5]
128 600 [2]
289 443 [2]
1 732 [3]
318 414 [2]
300 428 [5]
259 470 [7]
281 448 [5]
360 367 [7]
2 729 [3]
170 557 [1]
40 686 [7]
134 595 [7]
246 480 [7]
104 624 [2]
132 601 [2]
69 661 [1]
199 531 [7]
80 649 [2]
308 420 [5]
329 402 [8]
9 722 [3]
6 725 [5]
6 720 [2]
24 706 [2]
263 467 [5]
340 396 [0]
223 511 [2]
171 559 [5]
183 546 [1]
238 490 [7]
59 671 [7]
264 472 [0]
11 722 [3]
216 513 [7]
227 502 [7]
63 673 [2]
215 519 [3]
15 713 [2]
314 418 [5]
19 715 [3]
338 400 [0]
207 529 [2]
138 598 [2]
200 535 [3]
28 708 [3]
120 615 [2]
281 449 [5]
22 708 [3]
155 577 [1]
255 483 [1]
127 606 [2]
337 394 [5]
2 737 [4]
125 613 [2]
15 721 [3]
266 466 [5]
188 551 [1]
74 661 [7]
244 490 [5]
89 649 [2]
158 580 [3]
212 527 [5]
0 740 [4]
355 378 [5]
261 473 [5]
101 632 [7]
183 550 [7]
2 739 [9]
144 592 [2]
298 436 [7]
317 416 [7]
48 687 [2]
331 403 [7]
45 691 [7]
238 498 [7]
20 718 [3]
167 571 [3]
250 491 [5]
191 546 [1]
1 737 [4]
110 631 [7]
284 456 [2]
106 628 [7]
255 481 [5]
70 666 [2]
59 681 [3]
36 698 [2]
250 487 [7]
294 446 [2]
100 638 [1]
45 694 [7]
15 719 [2]
58 683 [3]
147 590 [2]
362 381 [0]
115 622 [2]
182 553 [7]
175 560 [7]
180 555 [7]
2 734 [3]
92 649 [3]
59 680 [2]
12 726 [3]
130 606 [7]
151 590 [2]
10 733 [3]
64 673 [2]
44 696 [5]
44 695 [5]
131 612 [2]
219 520 [5]
60 683 [3]
351 389 [2]
218 523 [7]
160 583 [7]
41 697 [2]
262 476 [5]
44 698 [3]
18 721 [3]
17 720 [2]
357 390 [0]
373 374 [0]
302 437 [7]
64 677 [7]
201 540 [1]
21 723 [5]
341 406 [0]
112 630 [7]
303 442 [2]
357 388 [2]
163 579 [1]
158 587 [7]
147 598 [3]
299 441 [5]
19 725 [5]
39 708 [3]
223 518 [7]
166 582 [2]
210 534 [7]
6 734 [2]
153 594 [2]
55 690 [3]
336 408 [7]
12 731 [2]
12 728 [2]
49 697 [7]
170 575 [1]
31 714 [3]
283 462 [2]
364 380 [8]
33 710 [7]
341 407 [2]
55 686 [5]
208 534 [7]
4 739 [9]
25 721 [3]
307 436 [7]
372 379 [0]
134 610 [1]
63 687 [7]
121 629 [7]
11 735 [3]
22 720 [2]
46 701 [2]
220 529 [2]
228 518 [7]
188 560 [1]
282 464 [5]
26 718 [2]
351 394 [7]
281 470 [1]
172 571 [9]
263 482 [7]
225 527 [1]
36 709 [2]
89 659 [7]
114 638 [7]
5 742 [2]
12 735 [2]
278 474 [1]
48 699 [2]
27 723 [5]
178 570 [7]
136 614 [3]
183 565 [7]
213 534 [7]
112 634 [7]
359 395 [0]
107 640 [3]
242 507 [7]
246 503 [7]
224 523 [3]
251 501 [2]
315 432 [7]
332 420 [2]
217 536 [2]
51 703 [7]
201 552 [2]
81 673 [7]
279 470 [5]
250 497 [7]
197 556 [2]
70 676 [9]
70 683 [2]
263 484 [5]
284 466 [7]
14 733 [2]
223 525 [7]
98 653 [7]
130 623 [7]
119 629 [7]
366 390 [0]
173 581 [1]
238 513 [5]
111 638 [7]
128 622 [2]
25 729 [7]
229 527 [1]
163 586 [7]
265 484 [5]
231 519 [7]
47 702 [2]
294 459 [7]
80 675 [1]
15 736 [2]
18 732 [2]
198 554 [1]
133 618 [2]
262 490 [5]
310 446 [7]
313 443 [2]
21 731 [5]
262 488 [5]
154 596 [1]
59 696 [7]
257 499 [3]
312 441 [1]
376 381 [2]
221 535 [3]
97 654 [7]
235 519 [7]
11 742 [2]
125 629 [7]
131 623 [7]
4 749 [2]
30 723 [5]
258 497 [2]
95 663 [2]
339 421 [0]
174 584 [2]
187 570 [2]
22 734 [2]
262 499 [0]
321 431 [8]
119 640 [2]
255 498 [5]
68 686 [7]
282 473 [5]
208 552 [2]
250 510 [2]
293 463 [5]
38 720 [5]
52 705 [7]
365 398 [0]
150 611 [1]
108 650 [7]
152 606 [7]
199 557 [1]
187 568 [7]
242 514 [1]
63 693 [7]
202 553 [7]
177 583 [7]
269 487 [7]
235 521 [5]
153 604 [7]
53 704 [7]
21 736 [2]
328 434 [2]
172 591 [7]
12 743 [2]
13 746 [3]
10 745 [2]
251 508 [1]
30 730 [2]
21 735 [2]
34 724 [2]
314 445 [7]
35 727 [3]
88 669 [1]
105 660 [5]
76 688 [3]
7 759 [3]
33 727 [2]
164 596 [1]
36 724 [2]
348 412 [7]
227 537 [3]
130 632 [7]
15 743 [2]
192 568 [7]
77 682 [2]
263 496 [5]
88 676 [3]
222 542 [2]
4 755 [3]
30 731 [5]
362 406 [0]
201 559 [7]
1 760 [3]
56 706 [2]
127 633 [7]
182 584 [2]
175 590 [7]
310 452 [7]
131 633 [8]
289 473 [5]
52 710 [2]
218 544 [5]
338 426 [7]
154 613 [2]
100 667 [3]
48 714 [2]
176 592 [2]
204 558 [7]
65 701 [7]
272 489 [0]
80 688 [2]
380 383 [1]
204 562 [7]
191 573 [1]
4 758 [2]
24 738 [9]
47 717 [2]
116 652 [3]
354 410 [7]
265 501 [7]
54 710 [2]
257 512 [8]
338 432 [1]
328 436 [7]
142 627 [1]
28 735 [2]
261 509 [2]
187 579 [1]
158 607 [7]
368 404 [0]
88 679 [7]
191 576 [2]
269 496 [7]
68 703 [2]
133 637 [2]
183 584 [2]
4 761 [3]
144 621 [7]
124 641 [1]
244 522 [7]
5 761 [3]
81 687 [7]
45 727 [2]
38 730 [2]
6 760 [2]
242 529 [2]
290 478 [2]
284 481 [7]
241 525 [7]
208 558 [7]
74 696 [7]
374 400 [0]
280 486 [7]
381 391 [7]
329 445 [0]
201 566 [1]
111 654 [7]
279 488 [7]
326 446 [2]
366 406 [2]
20 749 [2]
243 525 [5]
189 583 [7]
97 677 [7]
288 486 [1]
245 527 [1]
32 740 [3]
323 444 [7]
136 637 [2]
35 732 [2]
5 768 [9]
327 449 [0]
179 592 [2]
270 504 [2]
308 467 [1]
384 392 [0]
365 404 [0]
261 507 [7]
218 550 [7]
150 621 [2]
116 656 [1]
36 732 [2]
102 674 [7]
376 399 [2]
274 496 [7]
185 587 [7]
363 414 [0]
42 730 [2]
1 775 [3]
164 611 [1]
162 612 [3]
3 767 [3]
384 386 [7]
77 695 [7]
172 600 [2]
71 706 [7]
8 769 [3]
189 581 [7]
233 542 [3]
4 767 [3]
165 611 [1]
65 707 [7]
352 421 [8]
11 758 [2]
297 475 [5]
295 476 [7]
9 765 [3]
254 520 [7]
65 709 [2]
230 547 [2]
163 610 [1]
126 651 [1]
301 478 [1]
128 646 [2]
104 667 [9]
346 434 [0]
315 464 [1]
81 698 [7]
245 531 [7]
133 642 [7]
167 605 [8]
203 574 [7]
172 603 [2]
120 656 [1]
231 549 [1]
307 472 [2]
8 764 [2]
30 744 [2]
18 755 [3]
126 650 [1]
380 401 [7]
126 654 [1]
359 423 [0]
31 746 [2]
171 607 [1]
75 706 [2]
120 654 [1]
46 730 [2]
106 668 [7]
82 695 [7]
118 663 [2]
162 618 [7]
281 494 [5]
373 410 [0]
82 697 [7]
40 737 [2]
370 413 [0]
292 483 [7]
22 755 [3]
84 692 [2]
368 415 [1]
229 549 [1]
223 553 [7]
0 784 [9]
84 696 [1]
169 612 [3]
288 495 [8]
119 657 [7]
32 743 [2]
260 523 [1]
12 766 [2]
385 400 [0]
84 697 [7]
43 739 [9]
6 772 [2]
256 524 [7]
152 626 [3]
265 515 [7]
75 709 [2]
375 411 [0]
6 774 [2]
134 649 [7]
323 457 [5]
354 425 [7]
391 395 [0]
117 666 [2]
75 702 [7]
328 452 [5]
94 684 [7]
198 585 [2]
125 656 [1]
63 718 [2]
356 424 [7]
264 514 [8]
155 624 [7]
277 506 [8]
38 742 [5]
62 716 [2]
255 524 [5]
204 577 [1]
36 750 [7]
338 441 [5]
6 776 [3]
256 523 [7]
278 501 [5]
147 639 [2]
152 628 [7]
301 481 [5]
37 750 [7]
335 445 [5]
274 513 [1]
35 751 [3]
70 715 [2]
385 403 [0]
146 634 [7]
255 532 [1]
101 680 [1]
360 426 [2]
153 628 [7]
95 689 [7]
18 768 [9]
175 606 [7]
113 668 [1]
31 754 [2]
320 461 [5]
127 657 [2]
205 578 [1]
28 755 [2]
306 479 [8]
236 550 [2]
333 456 [0]
373 415 [1]
352 437 [0]
207 580 [2]
61 725 [7]
394 395 [1]
128 657 [7]
42 741 [2]
306 484 [0]
103 682 [2]
365 420 [7]
124 663 [2]
48 733 [2]
5 781 [3]
125 662 [7]
229 556 [7]
140 644 [2]
226 560 [7]
106 683 [2]
247 539 [7]
212 575 [5]
213 570 [7]
353 438 [0]
302 485 [5]
246 540 [1]
266 525 [1]
265 519 [5]
91 697 [7]
280 505 [7]
138 645 [8]
71 713 [7]
76 710 [7]
87 698 [2]
25 761 [2]
128 663 [2]
298 488 [7]
387 401 [5]
344 444 [7]
288 504 [1]
205 579 [5]
17 775 [3]
342 444 [7]
244 543 [5]
129 662 [7]
235 553 [5]
304 489 [1]
339 455 [0]
2 785 [3]
87 706 [2]
292 499 [3]
323 466 [7]
12 778 [2]
124 665 [1]
25 763 [2]
25 765 [3]
371 424 [7]
82 708 [3]
28 762 [2]
127 663 [3]
6 780 [2]
363 430 [2]
199 591 [7]
82 707 [7]
58 734 [2]
334 462 [0]
296 491 [8]
216 577 [1]
53 734 [7]
25 768 [3]
359 429 [5]
1 791 [3]
155 636 [1]
77 711 [7]
283 512 [8]
280 515 [2]
11 783 [2]
66 724 [2]
363 428 [5]
130 660 [1]
315 475 [7]
102 692 [7]
129 668 [1]
17 776 [3]
8 781 [2]
125 672 [1]
281 513 [1]
203 593 [3]
38 757 [5]
12 784 [9]
20 777 [2]
27 768 [3]
399 400 [0]
75 717 [7]
24 769 [2]
19 774 [2]
160 634 [7]
29 766 [7]
3 787 [3]
107 687 [7]
78 712 [1]
215 577 [7]
321 473 [7]
183 610 [1]
278 520 [1]
231 568 [5]
219 572 [8]
152 642 [7]
297 497 [5]
330 468 [2]
253 542 [5]
269 525 [5]
51 748 [1]
146 651 [1]
4 789 [2]
180 613 [7]
361 440 [0]
151 643 [7]
241 554 [1]
278 514 [8]
276 523 [2]
218 579 [5]
395 402 [8]
278 515 [5]
1 792 [6]
368 432 [1]
184 610 [1]
138 658 [7]
347 454 [0]
234 560 [1]
222 579 [5]
63 732 [7]
156 639 [7]
261 540 [5]
229 565 [7]
181 616 [1]
95 700 [7]
124 673 [7]
21 775 [2]
63 733 [7]
354 441 [7]
153 641 [1]
152 648 [2]
255 544 [1]
32 768 [9]
213 589 [5]
122 672 [1]
309 486 [7]
112 684 [1]
4 793 [2]
23 774 [2]
390 405 [5]
22 773 [3]
53 742 [7]
118 680 [7]
354 442 [7]
62 732 [2]
229 574 [1]
88 707 [1]
289 507 [7]
190 612 [2]
247 555 [2]
229 570 [7]
260 543 [1]
43 753 [3]
252 549 [1]
275 528 [2]
134 666 [7]
156 644 [7]
348 449 [7]
399 402 [1]
56 748 [7]
345 453 [5]
287 517 [2]
77 720 [7]
164 640 [2]
251 548 [1]
312 488 [1]
329 472 [7]
112 687 [1]
17 780 [2]
301 505 [1]
173 627 [1]
234 565 [7]
26 776 [2]
294 511 [2]
40 758 [7]
45 754 [7]
18 782 [2]
229 577 [1]
37 765 [3]
266 533 [5]
161 639 [7]
253 546 [8]
68 736 [7]
239 562 [7]
12 789 [5]
372 434 [2]
195 607 [1]
313 493 [3]
372 430 [2]
181 620 [7]
70 732 [7]
223 584 [2]
387 417 [7]
372 432 [5]
186 616 [7]
397 413 [0]
144 660 [1]
70 734 [7]
62 741 [3]
26 783 [7]
162 645 [1]
174 628 [7]
96 709 [7]
131 670 [1]
14 789 [5]
340 470 [1]
364 447 [0]
111 693 [7]
288 514 [6]
261 545 [7]
26 781 [2]
260 545 [5]
8 796 [9]
386 423 [2]
359 451 [1]
257 549 [1]
132 675 [7]
258 552 [2]
27 779 [2]
404 406 [2]
206 599 [7]
66 740 [2]
9 795 [5]
66 738 [9]
36 769 [2]
133 675 [7]
62 744 [2]
96 714 [7]
302 504 [7]
223 582 [7]
346 468 [0]
211 597 [5]
358 456 [0]
397 417 [0]
148 658 [7]
338 475 [1]
229 580 [2]
92 715 [2]
70 736 [7]
65 743 [7]
387 420 [5]
216 594 [7]
185 627 [1]
42 768 [3]
225 589 [5]
64 744 [2]
64 750 [7]
73 733 [7]
226 581 [7]
144 664 [1]
331 483 [1]
240 566 [6]
121 687 [7]
210 601 [7]
169 646 [2]
358 457 [1]
84 729 [1]
375 440 [1]
364 451 [1]
43 766 [2]
389 421 [5]
298 518 [5]
324 493 [0]
314 502 [1]
401 416 [0]
9 799 [2]
217 595 [7]
300 515 [7]
209 602 [5]
41 769 [2]
67 746 [2]
20 794 [2]
386 430 [2]
330 483 [5]
187 624 [7]
267 548 [1]
21 790 [2]
49 766 [7]
72 738 [9]
92 721 [2]
126 685 [7]
208 603 [7]
241 573 [1]
117 698 [7]
240 577 [6]
314 505 [1]
203 614 [3]
314 499 [0]
199 617 [1]
37 783 [7]
188 629 [1]
170 642 [1]
269 548 [1]
28 787 [5]
304 515 [2]
42 772 [2]
363 458 [0]
190 624 [1]
376 437 [5]
59 762 [2]
382 434 [5]
21 798 [9]
43 772 [2]
48 771 [7]
76 740 [2]
30 792 [5]
378 437 [5]
328 493 [2]
201 615 [7]
245 572 [1]
274 543 [5]
16 798 [9]
123 694 [7]
100 716 [7]
66 756 [3]
165 652 [3]
161 658 [7]
301 514 [8]
401 422 [1]
70 747 [7]
113 702 [1]
245 576 [2]
139 680 [2]
120 696 [1]
387 438 [0]
75 743 [7]
102 722 [7]
389 434 [2]
24 796 [3]
158 660 [1]
97 720 [7]
122 697 [7]
174 649 [7]
410 414 [7]
105 715 [5]
391 435 [0]
278 544 [1]
284 541 [1]
307 518 [5]
326 495 [7]
56 766 [7]
315 509 [2]
191 628 [1]
85 738 [3]
26 795 [5]
149 673 [7]
120 700 [7]
150 674 [7]
162 663 [2]
56 767 [7]
272 546 [0]
148 676 [3]
41 782 [2]
117 706 [7]
176 647 [7]
179 641 [8]
230 590 [7]
163 662 [7]
290 531 [7]
326 497 [7]
397 426 [2]
159 666 [2]
60 761 [2]
411 418 [0]
204 620 [7]
159 667 [3]
322 500 [7]
397 424 [5]
286 540 [5]
209 616 [8]
76 747 [7]
251 575 [5]
169 656 [1]
161 667 [2]
293 531 [5]
312 510 [5]
377 453 [0]
98 729 [1]
356 473 [1]
120 705 [1]
22 799 [2]
46 777 [2]
182 641 [1]
81 746 [7]
170 653 [7]
38 792 [5]
169 659 [1]
49 779 [2]
201 625 [7]
192 632 [7]
267 556 [5]
36 789 [5]
118 709 [7]
221 608 [7]
249 579 [5]
218 608 [5]
236 588 [7]
252 575 [8]
234 590 [7]
208 620 [7]
220 606 [1]
56 770 [7]
145 681 [7]
400 433 [4]
162 670 [1]
410 423 [0]
282 546 [1]
85 748 [1]
95 732 [7]
236 595 [7]
276 550 [7]
401 432 [1]
43 790 [2]
261 565 [7]
172 655 [3]
288 547 [0]
408 427 [0]
97 731 [7]
171 660 [5]
372 456 [7]
90 740 [3]
392 443 [0]
361 470 [8]
88 745 [1]
187 641 [8]
59 770 [7]
342 486 [7]
167 667 [2]
41 791 [2]
46 786 [2]
159 675 [1]
159 669 [1]
254 579 [5]
183 652 [2]
284 545 [7]
301 528 [5]
194 636 [8]
376 462 [0]
176 654 [1]
144 687 [1]
292 539 [5]
73 761 [7]
114 723 [7]
42 787 [7]
139 695 [7]
120 711 [1]
407 431 [6]
336 497 [5]
45 785 [7]
407 426 [7]
77 754 [7]
40 790 [2]
72 758 [7]
62 770 [5]
106 728 [7]
231 608 [1]
140 696 [1]
406 429 [7]
201 632 [7]
394 438 [5]
119 712 [1]
110 726 [7]
397 438 [7]
91 746 [7]
49 786 [7]
180 656 [8]
368 464 [8]
186 650 [2]
173 663 [7]
90 745 [5]
277 560 [8]
115 717 [7]
33 799 [7]
109 726 [1]
333 509 [0]
88 751 [2]
260 575 [6]
293 544 [5]
123 713 [7]
175 664 [7]
316 526 [5]
280 555 [7]
145 694 [5]
243 596 [5]
246 596 [5]
136 700 [1]
137 698 [7]
150 686 [1]
335 509 [0]
91 751 [2]
139 701 [7]
343 495 [5]
409 434 [1]
55 788 [2]
240 600 [8]
118 719 [7]
198 644 [7]
261 576 [7]
66 773 [2]
378 462 [7]
268 576 [2]
206 632 [7]
352 485 [6]
171 674 [1]
405 441 [0]
147 693 [7]
239 604 [5]
184 658 [7]
58 788 [2]
307 533 [7]
132 707 [7]
195 649 [7]
186 660 [2]
367 479 [1]
392 454 [1]
211 631 [5]
349 499 [0]
415 433 [0]
414 428 [5]
123 719 [1]
363 477 [5]
353 487 [5]
194 651 [8]
203 644 [2]
196 648 [7]
97 745 [7]
377 471 [1]
200 645 [1]
254 589 [1]
416 431 [0]
322 526 [5]
334 511 [5]
371 478 [1]
269 572 [8]
107 734 [7]
249 595 [5]
205 637 [7]
386 462 [2]
143 700 [2]
64 784 [3]
210 638 [5]
211 634 [1]
121 726 [7]
310 534 [5]
298 545 [7]
350 499 [2]
146 700 [1]
198 651 [1]
279 571 [2]
358 488 [1]
351 495 [5]
157 690 [7]
370 482 [0]
335 512 [0]
244 608 [1]
134 713 [1]
406 440 [7]
93 757 [1]
57 787 [7]
54 796 [9]
54 792 [5]
244 606 [1]
178 669 [8]
216 636 [1]
389 459 [5]
215 634 [7]
129 721 [7]
338 513 [8]
344 505 [5]
289 558 [7]
325 530 [0]
311 536 [5]
397 457 [1]
294 553 [7]
394 461 [0]
202 650 [1]
258 596 [1]
304 544 [5]
89 763 [7]
284 565 [7]
59 789 [7]
139 710 [7]
395 460 [1]
78 778 [1]
82 771 [7]
72 781 [7]
423 433 [1]
213 640 [7]
426 431 [6]
382 476 [0]
187 664 [1]
99 758 [1]
178 673 [1]
281 576 [1]
164 689 [7]
74 776 [2]
291 567 [1]
296 554 [8]
424 435 [0]
75 776 [7]
213 639 [7]
360 500 [0]
170 682 [7]
61 793 [7]
52 799 [2]
296 556 [5]
316 537 [7]
187 669 [8]
223 636 [1]
78 777 [1]
230 623 [7]
232 623 [5]
247 612 [2]
243 610 [5]
112 745 [1]
350 508 [5]
289 565 [7]
154 702 [1]
322 533 [7]
194 659 [8]
318 537 [7]
189 672 [1]
162 699 [7]
105 749 [8]
167 688 [7]
192 663 [7]
367 490 [5]
301 556 [5]
339 520 [6]
272 582 [6]
103 753 [7]
263 600 [1]
272 583 [6]
258 599 [7]
243 616 [8]
274 585 [5]
184 673 [7]
145 712 [8]
329 527 [8]
362 497 [5]
344 516 [7]
336 523 [5]
412 445 [5]
145 714 [5]
217 645 [1]
96 768 [2]
103 759 [1]
87 778 [7]
107 755 [7]
399 468 [0]
174 686 [1]
240 623 [8]
411 455 [1]
300 566 [1]
350 510 [7]
104 759 [7]
81 784 [2]
273 593 [1]
198 667 [2]
390 471 [5]
334 528 [7]
338 530 [0]
167 693 [8]
82 784 [3]
405 459 [8]
242 619 [8]
131 729 [1]
115 747 [7]
336 532 [5]
179 683 [7]
269 600 [5]
392 474 [8]
127 737 [2]
307 554 [8]
304 560 [1]
91 778 [7]
89 776 [7]
111 753 [2]
160 702 [1]
121 746 [7]
79 786 [1]
167 699 [1]
405 458 [7]
181 682 [7]
170 693 [1]
71 795 [7]
256 609 [7]
83 780 [1]
353 511 [5]
83 781 [1]
105 758 [5]
381 484 [7]
335 536 [1]
160 704 [1]
345 528 [0]
295 574 [5]
409 465 [0]
305 569 [0]
250 616 [8]
164 701 [1]
80 793 [1]
127 741 [2]
205 662 [7]
328 538 [5]
399 469 [5]
372 494 [7]
288 577 [6]
163 708 [7]
122 747 [1]
383 492 [0]
73 794 [7]
203 664 [7]
203 671 [1]
321 552 [2]
434 436 [5]
82 790 [7]
250 619 [8]
354 515 [7]
207 661 [8]
79 792 [1]
169 700 [7]
112 756 [7]
370 502 [1]
342 529 [7]
138 733 [1]
201 672 [5]
168 705 [5]
194 679 [8]
117 755 [7]
344 526 [5]
189 680 [7]
191 684 [1]
174 697 [1]
307 567 [1]
140 737 [7]
82 787 [7]
424 446 [5]
298 577 [5]
200 675 [1]
218 660 [5]
137 736 [1]
269 606 [1]
419 456 [8]
387 486 [5]
356 516 [7]
226 651 [1]
103 774 [1]
166 706 [7]
93 779 [7]
133 738 [9]
299 578 [1]
227 645 [8]
105 772 [5]
289 586 [1]
117 760 [7]
73 799 [7]
92 788 [2]
173 705 [5]
129 752 [1]
150 729 [1]
318 560 [8]
82 791 [7]
114 761 [2]
390 484 [5]
409 474 [0]
276 602 [7]
270 608 [7]
167 708 [7]
396 481 [5]
205 673 [1]
292 586 [1]
278 605 [0]
419 461 [6]
249 634 [1]
145 735 [5]
164 719 [1]
148 728 [1]
220 658 [1]
132 744 [7]
171 708 [5]
369 511 [7]
121 764 [1]
120 760 [1]
98 780 [7]
108 773 [7]
390 488 [5]
370 513 [8]
237 642 [5]
214 668 [1]
229 653 [1]
165 716 [7]
296 588 [1]
133 746 [7]
147 739 [3]
237 645 [8]
198 684 [1]
131 753 [7]
172 710 [7]
285 603 [1]
438 443 [5]
157 729 [1]
188 694 [8]
309 577 [5]
237 647 [1]
188 698 [1]
363 521 [5]
361 525 [8]
228 657 [1]
243 640 [7]
143 741 [2]
428 458 [5]
184 705 [1]
239 647 [5]
255 633 [0]
96 793 [1]
314 575 [6]
170 716 [1]
415 478 [0]
167 720 [1]
233 653 [1]
423 469 [1]
431 460 [0]
116 771 [1]
203 685 [2]
387 505 [1]
99 788 [7]
257 630 [5]
268 621 [2]
153 739 [2]
295 592 [7]
215 676 [3]
308 585 [8]
318 571 [7]
319 568 [7]
285 609 [1]
313 580 [2]
434 455 [5]
156 731 [5]
119 771 [1]
268 619 [1]
138 758 [5]
209 687 [5]
130 761 [1]
439 458 [0]
163 734 [1]
348 549 [1]
304 587 [5]
394 504 [0]
335 562 [1]
230 661 [8]
377 521 [1]
218 680 [5]
169 722 [7]
157 733 [1]
152 742 [1]
391 507 [1]
336 554 [8]
197 701 [1]
449 451 [0]
384 516 [0]
430 469 [1]
322 575 [8]
162 730 [7]
352 539 [6]
313 582 [7]
266 630 [8]
345 546 [6]
332 563 [7]
208 686 [8]
103 797 [1]
203 695 [1]
269 628 [5]
259 640 [2]
336 564 [5]
179 717 [1]
433 469 [0]
125 771 [1]
251 646 [7]
266 627 [8]
404 489 [8]
272 627 [0]
411 490 [1]
222 673 [1]
224 672 [1]
438 463 [1]
301 597 [1]
204 695 [8]
320 573 [8]
172 726 [7]
149 748 [1]
202 693 [8]
135 764 [5]
355 547 [1]
393 510 [0]
183 712 [8]
155 743 [1]
253 643 [8]
150 753 [7]
114 781 [7]
387 513 [1]
260 642 [6]
104 795 [7]
386 518 [5]
288 616 [0]
126 771 [1]
173 730 [1]
141 761 [7]
172 728 [7]
237 662 [5]
312 593 [1]
257 645 [8]
245 657 [1]
297 606 [1]
191 708 [7]
339 564 [8]
200 705 [1]
400 508 [4]
182 723 [1]
313 588 [1]
330 574 [5]
412 496 [0]
175 729 [1]
171 737 [1]
443 466 [0]
192 716 [5]
302 606 [1]
108 795 [7]
357 548 [1]
212 693 [8]
241 661 [8]
168 737 [7]
284 620 [5]
430 479 [1]
374 528 [5]
421 490 [0]
134 769 [7]
252 658 [1]
265 640 [5]
442 462 [7]
454 456 [1]
224 680 [7]
142 765 [7]
202 705 [5]
167 744 [1]
187 724 [1]
232 679 [1]
446 466 [0]
300 611 [0]
149 755 [7]
433 475 [8]
267 644 [1]
188 720 [8]
134 774 [1]
323 586 [1]
221 687 [7]
353 559 [1]
365 540 [8]
258 650 [1]
319 588 [1]
117 790 [7]
193 720 [1]
132 779 [2]
290 616 [8]
140 774 [1]
232 682 [1]
278 628 [8]
253 653 [8]
140 770 [1]
416 492 [5]
249 659 [8]
314 600 [1]
277 637 [1]
151 763 [7]
334 572 [8]
141 774 [1]
218 695 [8]
265 647 [1]
282 628 [1]
226 682 [7]
390 525 [5]
260 655 [1]
140 772 [7]
440 468 [5]
451 458 [7]
243 670 [5]
175 736 [1]
363 547 [7]
286 625 [5]
346 567 [1]
324 592 [1]
453 456 [5]
246 668 [5]
437 481 [0]
252 659 [8]
348 564 [5]
238 671 [8]
177 735 [1]
337 572 [8]
238 672 [8]
337 578 [1]
367 547 [7]
126 785 [1]
153 763 [7]
151 762 [7]
194 722 [1]
137 775 [7]
298 621 [5]
429 492 [0]
309 611 [0]
227 691 [1]
249 666 [5]
319 594 [7]
392 525 [8]
134 782 [1]
231 690 [1]
289 627 [1]
262 652 [5]
457 465 [0]
130 787 [1]
164 752 [1]
278 642 [6]
333 581 [6]
165 756 [2]
450 472 [1]
447 468 [5]
384 538 [1]
361 556 [5]
149 770 [1]
137 779 [7]
163 758 [1]
442 482 [0]
176 745 [1]
192 725 [8]
160 764 [1]
120 799 [1]
192 732 [5]
427 489 [6]
398 526 [5]
145 777 [5]
301 621 [1]
308 612 [1]
257 662 [5]
390 527 [8]
268 650 [7]
128 796 [2]
345 573 [6]
126 796 [2]
366 561 [0]
440 487 [0]
356 565 [5]
238 686 [8]
286 638 [8]
412 516 [0]
166 761 [7]
165 759 [1]
262 657 [8]
239 686 [8]
312 616 [0]
161 762 [1]
298 627 [5]
376 549 [1]
331 592 [5]
405 524 [0]
146 778 [1]
290 634 [1]
413 508 [8]
292 633 [8]
311 612 [7]
383 547 [0]
373 553 [8]
232 692 [5]
310 615 [5]
367 556 [5]
372 558 [5]
372 552 [7]
222 703 [1]
283 647 [5]
282 644 [7]
147 777 [7]
396 534 [1]
181 750 [1]
369 554 [8]
364 564 [8]
334 592 [5]
159 767 [1]
438 485 [8]
319 606 [1]
393 538 [1]
154 771 [1]
205 722 [1]
311 621 [5]
219 708 [5]
423 506 [8]
329 600 [1]
430 502 [1]
356 574 [8]
189 736 [1]
243 685 [5]
387 542 [7]
145 788 [5]
332 594 [7]
289 640 [7]
405 523 [8]
312 618 [8]
342 584 [7]
275 656 [5]
130 799 [1]
366 568 [1]
132 797 [7]
462 473 [1]
191 744 [1]
186 742 [7]
163 772 [1]
164 766 [1]
240 687 [6]
232 703 [1]
421 506 [6]
291 639 [5]
408 529 [0]
436 501 [0]
184 746 [1]
156 775 [1]
380 548 [8]
369 562 [5]
444 494 [0]
220 717 [5]
317 613 [5]
263 670 [8]
452 486 [0]
184 749 [1]
269 661 [8]
378 561 [0]
441 498 [0]
319 615 [7]
141 796 [2]
325 613 [1]
264 667 [5]
148 787 [1]
403 537 [0]
192 741 [1]
314 617 [8]
439 499 [2]
195 737 [7]
401 538 [1]
425 515 [0]
267 664 [8]
265 672 [8]
256 684 [5]
190 742 [5]
207 733 [5]
151 784 [2]
443 489 [6]
279 655 [7]
283 658 [1]
293 648 [5]
294 641 [8]
458 478 [5]
359 574 [6]
384 549 [6]
420 522 [0]
330 605 [8]
463 480 [0]
171 764 [8]
240 701 [0]
393 541 [6]
310 626 [7]
275 661 [8]
180 760 [5]
163 780 [1]
149 788 [1]
144 798 [2]
327 608 [6]
385 559 [1]
347 598 [0]
374 571 [0]
150 788 [7]
445 500 [0]
144 796 [2]
216 728 [1]
153 786 [1]
158 786 [1]
415 527 [0]
163 781 [1]
200 744 [1]
244 694 [8]
233 707 [5]
141 799 [7]
173 765 [7]
176 765 [7]
143 797 [7]
312 630 [8]
429 512 [0]
250 691 [5]
152 788 [7]
197 750 [8]
215 726 [7]
255 684 [8]
341 601 [5]
471 478 [0]
173 769 [1]
394 546 [6]
419 531 [0]
253 694 [6]
466 480 [8]
395 547 [5]
418 533 [0]
159 786 [1]
232 718 [1]
434 513 [1]
204 739 [7]
205 746 [5]
156 787 [5]
326 619 [8]
225 726 [5]
164 782 [1]
179 768 [7]
379 571 [7]
321 626 [7]
456 495 [1]
439 512 [0]
186 763 [7]
426 519 [5]
459 495 [0]
227 723 [5]
416 534 [8]
471 482 [1]
410 538 [1]
315 636 [5]
427 528 [0]
305 641 [0]
334 619 [0]
275 673 [1]
168 779 [7]
464 482 [8]
416 538 [1]
459 497 [0]
354 601 [5]
446 511 [0]
263 693 [0]
161 792 [5]
236 712 [1]
204 752 [1]
215 737 [7]
382 572 [6]
430 526 [1]
333 619 [0]
425 533 [0]
285 665 [8]
447 511 [0]
230 726 [1]
156 793 [5]
311 642 [8]
167 787 [5]
417 542 [0]
469 490 [0]
250 704 [8]
198 757 [1]
271 683 [5]
208 748 [5]
301 656 [6]
352 599 [6]
287 671 [1]
182 772 [1]
171 782 [8]
395 557 [6]
229 725 [8]
219 733 [8]
478 482 [1]
398 561 [2]
274 686 [0]
205 748 [5]
164 797 [1]
268 686 [1]
306 654 [0]
364 589 [6]
318 644 [1]
425 530 [5]
429 535 [0]
460 504 [0]
201 762 [5]
366 597 [1]
328 635 [5]
472 493 [0]
250 711 [5]
248 716 [1]
327 636 [0]
312 649 [8]
240 724 [0]
439 521 [5]
468 492 [5]
422 545 [0]
293 665 [8]
423 538 [1]
206 758 [1]
329 637 [1]
342 624 [1]
355 613 [0]
220 747 [1]
282 680 [1]
210 753 [1]
235 725 [8]
451 516 [1]
445 515 [5]
319 643 [1]
204 763 [1]
309 652 [7]
354 611 [0]
304 664 [5]
249 717 [5]
329 636 [6]
325 644 [1]
455 506 [6]
224 742 [1]
243 724 [5]
320 647 [1]
439 531 [5]
180 784 [5]
475 497 [0]
208 759 [8]
301 668 [6]
167 799 [1]
259 706 [1]
276 688 [7]
201 765 [7]
342 625 [5]
437 530 [5]
343 627 [5]
295 670 [5]
221 747 [1]
342 631 [1]
464 501 [8]
373 597 [8]
405 560 [6]
440 533 [1]
238 733 [5]
361 614 [0]
342 626 [7]
243 728 [5]
259 709 [1]
260 706 [8]
297 674 [1]
253 718 [8]
375 591 [8]
294 678 [3]
371 600 [8]
302 667 [7]
338 637 [1]
450 526 [0]
329 641 [0]
198 777 [1]
190 779 [1]
376 599 [1]
343 633 [0]
448 529 [0]
256 719 [5]
282 689 [1]
286 690 [1]
204 765 [7]
391 577 [6]
422 556 [0]
281 696 [0]
243 726 [5]
371 605 [0]
344 629 [1]
194 784 [5]
368 604 [8]
273 698 [8]
385 586 [8]
365 611 [0]
274 701 [8]
326 647 [5]
397 574 [8]
326 649 [7]
438 537 [7]
326 651 [5]
192 788 [5]
182 791 [1]
322 650 [8]
369 608 [1]
475 507 [0]
376 602 [1]
391 587 [8]
448 535 [0]
218 757 [8]
221 754 [1]
290 687 [1]
335 642 [6]
311 668 [8]
404 572 [8]
205 773 [1]
396 580 [5]
204 773 [1]
389 591 [1]
349 631 [1]
255 723 [6]
241 743 [1]
399 577 [8]
327 656 [0]
263 718 [1]
456 525 [8]
265 713 [8]
488 498 [0]
229 749 [8]
289 692 [5]
270 716 [1]
263 716 [8]
408 577 [6]
284 700 [5]
478 509 [1]
276 711 [5]
404 579 [8]
368 612 [5]
272 713 [0]
390 597 [1]
292 690 [1]
441 539 [6]
463 522 [8]
460 528 [1]
467 523 [0]
283 704 [8]
373 611 [0]
208 775 [1]
347 639 [6]
372 610 [8]
219 767 [8]
375 607 [6]
392 596 [6]
423 561 [7]
415 573 [0]
364 623 [8]
316 667 [7]
454 538 [0]
231 752 [8]
210 775 [1]
362 629 [1]
296 692 [1]
385 603 [1]
490 498 [8]
239 749 [8]
229 759 [8]
196 793 [5]
219 766 [8]
219 768 [5]
246 740 [1]
190 798 [7]
262 727 [8]
253 733 [8]
470 525 [0]
285 702 [8]
362 632 [5]
464 522 [6]
452 542 [1]
230 764 [5]
263 728 [8]
240 754 [0]
308 679 [6]
358 629 [8]
448 539 [8]
269 725 [8]
297 691 [8]
197 798 [2]
308 685 [8]
411 582 [8]
474 514 [0]
461 530 [5]
295 696 [8]
310 687 [5]
391 603 [8]
429 565 [8]
387 604 [8]
220 773 [1]
355 642 [0]
396 599 [1]
312 683 [8]
243 749 [8]
450 550 [0]
477 523 [0]
434 565 [1]
302 693 [8]
218 778 [5]
298 698 [1]
471 528 [1]
193 799 [1]
289 706 [1]
419 583 [0]
356 640 [5]
338 663 [1]
472 522 [5]
222 775 [1]
439 560 [1]
372 630 [1]
467 536 [0]
216 783 [5]
209 786 [8]
246 749 [5]
397 605 [0]
320 683 [1]
418 582 [8]
464 541 [0]
290 711 [5]
239 762 [5]
316 688 [5]
214 789 [1]
303 699 [1]
247 751 [7]
481 521 [8]
497 509 [1]
439 569 [0]
345 661 [0]
315 689 [5]
224 776 [7]
439 566 [1]
492 511 [5]
223 783 [5]
308 696 [0]
249 752 [8]
378 628 [8]
239 765 [5]
268 741 [7]
238 770 [8]
462 540 [8]
412 595 [8]
265 738 [5]
481 529 [1]
433 570 [8]
302 705 [8]
245 764 [1]
348 660 [5]
255 752 [8]
430 573 [8]
473 535 [8]
442 571 [0]
343 669 [8]
301 703 [8]
294 719 [5]
398 607 [8]
315 698 [1]
228 779 [1]
325 685 [1]
466 539 [8]
496 519 [0]
499 512 [0]
244 762 [8]
418 588 [8]
501 515 [0]
264 747 [8]
300 715 [1]
289 722 [1]
483 534 [0]
319 695 [8]
235 774 [8]
222 791 [5]
422 586 [6]
363 650 [5]
455 563 [0]
219 794 [8]
284 730 [5]
321 691 [1]
501 513 [8]
319 693 [8]
278 736 [8]
367 648 [1]
493 525 [1]
501 510 [5]
368 648 [1]
287 725 [8]
293 727 [1]
249 763 [8]
254 759 [8]
296 723 [8]
450 571 [1]
282 738 [2]
465 554 [0]
361 659 [0]
423 595 [8]
500 521 [1]
383 636 [6]
352 668 [0]
386 635 [5]
427 586 [6]
378 638 [8]
309 710 [8]
384 633 [0]
485 529 [6]
424 595 [8]
336 679 [8]
417 605 [0]
434 581 [8]
389 631 [1]
261 756 [5]
267 756 [1]
404 619 [0]
276 745 [5]
247 777 [1]
273 745 [6]
477 539 [6]
351 674 [1]
469 548 [6]
440 582 [8]
291 728 [8]
389 634 [1]
413 613 [1]
257 765 [5]
237 784 [7]
256 770 [8]
274 746 [8]
417 604 [6]
422 604 [0]
301 724 [8]
278 747 [8]
440 581 [6]
372 654 [8]
468 562 [1]
481 541 [6]
510 522 [0]
299 728 [8]
365 666 [1]
350 679 [5]
277 750 [0]
257 772 [5]
433 591 [0]
502 530 [1]
251 776 [1]
287 741 [7]
447 577 [6]
484 540 [6]
260 770 [0]
472 554 [8]
504 529 [1]
365 669 [0]
399 632 [1]
451 584 [0]
448 583 [8]
489 546 [0]
475 557 [0]
423 608 [8]
280 748 [8]
273 760 [6]
441 586 [6]
481 556 [0]
238 790 [5]
243 790 [5]
329 699 [8]
463 572 [0]
417 619 [0]
317 713 [8]
461 569 [7]
421 608 [6]
505 534 [0]
337 698 [1]
387 648 [1]
356 676 [7]
503 535 [1]
364 676 [0]
284 748 [8]
423 611 [0]
462 575 [8]
302 737 [1]
377 656 [6]
246 791 [5]
396 642 [6]
385 655 [1]
473 568 [0]
486 555 [0]
317 717 [8]
472 566 [8]
470 571 [1]
393 646 [8]
467 567 [6]
398 644 [1]
298 741 [1]
373 666 [8]
333 704 [0]
438 605 [6]
319 724 [5]
418 617 [6]
350 688 [5]
494 541 [6]
361 674 [6]
515 525 [8]
245 797 [1]
295 746 [5]
288 754 [0]
423 618 [8]
455 581 [0]
418 623 [8]
463 583 [0]
449 588 [6]
271 767 [8]
259 782 [1]
355 688 [8]
467 576 [8]
327 719 [0]
323 721 [1]
375 667 [1]
335 712 [0]
384 659 [0]
313 730 [1]
312 732 [6]
264 776 [8]
469 577 [0]
501 544 [8]
256 790 [5]
402 648 [0]
507 543 [0]
379 669 [0]
341 701 [8]
499 550 [5]
482 561 [7]
481 565 [8]
376 672 [8]
277 771 [6]
425 622 [8]
339 703 [0]
408 639 [8]
513 539 [0]
337 707 [8]
270 779 [1]
430 618 [1]
411 637 [8]
455 588 [6]
496 555 [8]
517 536 [0]
288 759 [0]
255 790 [8]
427 617 [6]
523 524 [8]
319 731 [5]
370 677 [6]
413 636 [6]
468 579 [8]
275 773 [1]
352 700 [0]
444 612 [0]
396 659 [6]
379 673 [1]
368 680 [8]
465 583 [6]
526 532 [0]
437 619 [0]
439 618 [1]
514 535 [6]
461 593 [8]
474 585 [0]
506 553 [0]
376 679 [8]
260 798 [1]
382 676 [1]
339 719 [0]
259 796 [7]
326 731 [5]
454 605 [0]
509 548 [8]
448 612 [1]
283 775 [5]
449 609 [8]
473 590 [0]
390 665 [8]
374 686 [0]
471 593 [0]
508 547 [6]
484 580 [0]
473 589 [0]
305 754 [8]
482 575 [6]
346 710 [8]
472 588 [8]
495 570 [0]
412 651 [0]
377 679 [8]
291 766 [8]
366 691 [8]
335 728 [6]
267 792 [6]
281 778 [8]
368 694 [8]
394 671 [0]
458 608 [1]
347 717 [0]
453 613 [1]
488 580 [0]
386 677 [8]
302 762 [5]
461 605 [0]
421 645 [4]
276 784 [7]
361 698 [6]
287 775 [1]
343 723 [8]
314 748 [6]
330 735 [5]
471 594 [8]
350 718 [1]
324 741 [8]
413 654 [6]
346 716 [8]
411 650 [6]
422 644 [8]
456 613 [1]
519 552 [0]
269 797 [8]
282 785 [5]
317 746 [8]
456 614 [1]
517 555 [0]
296 770 [0]
308 761 [6]
477 586 [6]
419 650 [0]
332 735 [1]
368 704 [0]
399 670 [8]
374 691 [8]
408 663 [8]
370 705 [0]
523 544 [6]
326 750 [8]
288 786 [0]
358 715 [8]
441 632 [8]
424 652 [1]
524 547 [1]
405 670 [0]
537 542 [0]
533 545 [1]
374 704 [0]
523 554 [0]
409 662 [4]
509 568 [8]
386 695 [8]
326 751 [7]
307 767 [8]
521 562 [0]
489 585 [0]
308 774 [0]
354 725 [0]
482 601 [1]
363 712 [8]
289 791 [5]
377 702 [6]
422 653 [6]
529 546 [6]
493 587 [1]
487 598 [0]
329 750 [0]
337 745 [6]
358 725 [0]
341 735 [8]
528 554 [6]
483 598 [8]
521 565 [0]
410 675 [0]
401 681 [8]
523 559 [8]
532 550 [6]
432 655 [0]
284 794 [8]
481 604 [0]
352 727 [6]
421 663 [8]
291 793 [8]
460 620 [6]
431 659 [0]
476 614 [0]
477 613 [0]
392 689 [6]
323 763 [8]
418 664 [6]
524 563 [8]
510 580 [1]
297 787 [8]
353 730 [8]
377 706 [8]
374 709 [8]
323 768 [5]
484 599 [6]
299 791 [8]
371 718 [8]
347 737 [6]
492 597 [8]
416 678 [0]
473 619 [9]
495 596 [0]
419 674 [0]
319 768 [7]
489 606 [0]
324 766 [8]
325 762 [8]
397 689 [8]
420 676 [0]
462 633 [0]
292 796 [7]
443 652 [1]
387 707 [6]
499 592 [5]
531 566 [0]
473 624 [0]
455 641 [4]
441 656 [0]
451 644 [8]
305 787 [8]
430 665 [8]
506 591 [5]
363 729 [8]
430 668 [6]
369 724 [8]
530 567 [8]
460 632 [6]
503 598 [8]
457 644 [6]
480 622 [0]
348 749 [8]
443 650 [6]
401 696 [0]
385 709 [8]
309 787 [8]
397 702 [6]
416 679 [6]
474 621 [6]
506 599 [0]
459 643 [0]
471 633 [4]
371 726 [6]
519 578 [6]
431 675 [5]
367 732 [8]
470 637 [0]
434 665 [8]
350 753 [1]
304 796 [7]
461 643 [6]
385 718 [8]
491 614 [6]
310 793 [8]
430 671 [6]
353 747 [8]
411 694 [6]
455 651 [0]
365 742 [8]
357 745 [8]
444 662 [8]
313 789 [5]
366 741 [1]
450 659 [4]
412 690 [6]
461 646 [8]
374 731 [6]
493 615 [1]
307 798 [5]
461 652 [0]
518 595 [0]
414 696 [8]
460 651 [0]
372 740 [1]
356 756 [5]
474 630 [6]
345 766 [6]
436 678 [0]
548 566 [0]
550 564 [0]
376 731 [8]
475 630 [6]
423 682 [8]
406 701 [8]
412 700 [6]
445 666 [8]
508 598 [6]
402 714 [0]
479 637 [0]
414 698 [1]
392 715 [6]
558 559 [0]
372 742 [8]
319 789 [5]
471 643 [0]
546 562 [0]
370 743 [6]
413 697 [6]
382 734 [0]
418 691 [6]
405 711 [0]
364 750 [0]
521 590 [6]
514 598 [6]
554 564 [0]
481 631 [6]
454 663 [8]
323 792 [8]
326 793 [5]
340 780 [6]
453 665 [6]
384 736 [6]
415 699 [6]
534 586 [0]
410 707 [6]
537 583 [8]
325 798 [1]
412 708 [8]
511 609 [8]
508 617 [0]
349 771 [8]
351 768 [5]
548 578 [0]
554 572 [0]
435 682 [8]
560 567 [0]
326 797 [5]
422 704 [4]
545 584 [0]
436 684 [6]
505 615 [4]
330 792 [8]
504 622 [8]
338 792 [6]
363 760 [8]
371 759 [0]
532 601 [0]
425 699 [8]
364 765 [8]
491 643 [0]
527 607 [0]
378 750 [0]
351 778 [8]
516 616 [0]
461 664 [6]
543 592 [0]
384 749 [0]
391 740 [8]
524 612 [0]
498 633 [0]
333 797 [6]
479 656 [4]
338 798 [1]
391 744 [6]
511 623 [8]
380 757 [0]
362 773 [1]
564 572 [0]
521 614 [8]
495 635 [6]
549 590 [0]
369 762 [8]
506 634 [0]
456 676 [5]
565 576 [0]
380 759 [0]
400 742 [3]
479 663 [0]
556 580 [5]
453 686 [0]
503 640 [0]
372 763 [8]
436 705 [0]
472 668 [6]
367 771 [8]
436 701 [6]
369 770 [0]
519 617 [6]
533 608 [8]
427 714 [8]
556 585 [8]
464 682 [0]
442 701 [6]
476 666 [8]
464 680 [9]
489 657 [5]
539 608 [0]
388 755 [5]
507 631 [6]
424 723 [0]
561 587 [1]
449 697 [0]
532 608 [4]
540 610 [0]
441 707 [0]
500 646 [1]
574 577 [0]
491 660 [0]
531 620 [4]
495 647 [6]
399 751 [1]
426 717 [8]
494 654 [0]
395 750 [0]
444 705 [0]
415 734 [0]
430 716 [8]
495 654 [0]
558 594 [0]
411 734 [6]
569 582 [5]
517 627 [6]
562 592 [0]
536 616 [0]
559 587 [6]
446 704 [0]
515 637 [8]
401 750 [0]
370 780 [6]
570 578 [6]
503 655 [0]
406 743 [8]
383 772 [6]
380 769 [6]
413 741 [8]
363 789 [8]
369 785 [8]
385 771 [6]
510 642 [0]
409 748 [4]
561 597 [1]
533 622 [8]
563 592 [8]
559 601 [0]
429 729 [0]
504 647 [6]
576 585 [0]
479 678 [8]
573 589 [0]
362 795 [8]
436 719 [6]
500 653 [8]
375 785 [6]
456 702 [6]
436 718 [8]
496 658 [6]
534 620 [4]
517 645 [4]
468 692 [1]
446 714 [8]
535 625 [8]
424 734 [6]
476 680 [6]
465 697 [0]
425 739 [1]
533 624 [8]
516 646 [8]
514 653 [0]
453 707 [6]
436 722 [6]
578 580 [6]
551 612 [8]
542 622 [8]
501 663 [8]
572 596 [4]
520 649 [0]
556 609 [8]
570 591 [0]
557 610 [9]
581 589 [4]
514 657 [0]
377 791 [6]
383 781 [0]
457 712 [4]
493 674 [1]
485 687 [0]
474 696 [4]
485 678 [6]
517 646 [6]
516 655 [8]
393 777 [6]
535 629 [8]
485 689 [0]
388 777 [8]
557 614 [6]
373 795 [6]
429 744 [6]
557 617 [9]
499 671 [8]
490 683 [6]
379 794 [8]
427 749 [0]
410 763 [6]
393 776 [6]
544 635 [0]
429 748 [0]
419 758 [9]
434 741 [1]
458 712 [8]
423 750 [0]
405 771 [0]
379 795 [8]
424 749 [0]
421 757 [4]
518 660 [0]
411 768 [1]
405 770 [0]
421 758 [0]
587 595 [0]
535 645 [0]
572 610 [4]
584 598 [8]
544 639 [0]
571 604 [6]
500 677 [6]
544 638 [9]
451 730 [6]
528 655 [1]
583 592 [6]
542 634 [8]
404 773 [8]
508 679 [0]
390 794 [8]
456 729 [0]
392 793 [0]
530 651 [6]
431 757 [0]
390 789 [8]
401 780 [0]
475 711 [0]
497 682 [0]
404 781 [6]
469 716 [0]
484 702 [0]
538 652 [0]
569 613 [5]
483 708 [0]
444 744 [0]
419 769 [0]
564 618 [6]
536 655 [8]
486 704 [4]
410 773 [8]
506 684 [5]
505 688 [0]
531 662 [0]
499 693 [0]
443 748 [0]
446 745 [0]
570 615 [6]
562 623 [6]
475 717 [0]
408 780 [0]
551 644 [0]
420 772 [6]
428 768 [0]
570 626 [0]
490 704 [4]
576 617 [0]
511 681 [8]
442 751 [8]
566 631 [0]
500 693 [0]
493 701 [6]
509 679 [6]
498 690 [6]
513 682 [5]
596 599 [9]
439 755 [5]
469 726 [0]
550 639 [6]
431 759 [5]
522 675 [0]
442 752 [6]
547 648 [8]
568 632 [0]
436 761 [6]
416 775 [6]
520 681 [0]
553 648 [0]
482 715 [8]
503 689 [0]
417 782 [6]
563 640 [0]
594 609 [0]
600 603 [0]
438 760 [8]
401 799 [6]
454 747 [0]
545 650 [6]
548 653 [5]
513 692 [0]
582 623 [0]
590 615 [0]
409 794 [4]
445 756 [1]
550 646 [6]
562 635 [6]
512 695 [0]
456 747 [6]
519 685 [8]
526 673 [0]
516 684 [6]
471 736 [0]
490 716 [0]
563 643 [0]
466 739 [8]
551 649 [4]
502 708 [0]
425 783 [0]
543 665 [0]
555 654 [0]
604 607 [9]
597 615 [0]
479 731 [4]
525 688 [0]
511 696 [0]
561 643 [8]
510 700 [6]
417 794 [6]
548 664 [9]
427 785 [6]
469 743 [0]
557 655 [0]
573 639 [0]
532 674 [4]
445 764 [6]
435 774 [6]
599 618 [0]
524 684 [6]
455 753 [6]
525 689 [0]
597 621 [0]
552 667 [0]
593 626 [0]
435 775 [8]
501 714 [8]
499 713 [8]
550 669 [9]
478 739 [8]
506 714 [6]
549 673 [0]
466 750 [0]
571 643 [6]
463 757 [9]
600 623 [0]
504 716 [0]
478 737 [6]
428 796 [0]
487 735 [0]
595 622 [4]
465 759 [4]
544 679 [0]
489 735 [9]
427 799 [6]
432 798 [0]
426 797 [6]
568 661 [9]
505 724 [0]
533 693 [0]
494 738 [0]
463 767 [9]
500 731 [6]
507 723 [4]
553 677 [9]
536 694 [0]
594 636 [0]
587 646 [0]
610 614 [6]
515 714 [8]
599 634 [0]
551 683 [0]
466 766 [6]
538 694 [0]
563 670 [0]
505 728 [0]
590 643 [9]
509 725 [0]
468 763 [8]
448 784 [8]
473 762 [9]
593 635 [6]
594 637 [6]
574 664 [0]
509 724 [6]
522 713 [6]
450 779 [4]
586 653 [0]
483 754 [9]
470 767 [4]
442 796 [1]
566 672 [9]
613 618 [6]
518 721 [0]
485 755 [0]
584 648 [6]
578 662 [0]
520 720 [9]
482 756 [8]
473 767 [9]
590 650 [0]
580 661 [0]
614 625 [8]
551 689 [0]
489 752 [9]
498 737 [6]
617 628 [0]
454 789 [0]
454 788 [0]
545 695 [4]
467 777 [0]
567 677 [4]
575 672 [0]
622 625 [0]
469 769 [6]
604 643 [4]
550 696 [4]
593 646 [6]
445 797 [6]
576 671 [0]
452 798 [0]
621 630 [0]
552 693 [0]
490 759 [4]
469 773 [0]
516 727 [6]
517 727 [6]
453 794 [6]
538 713 [0]
608 647 [0]
472 780 [6]
527 730 [0]
498 757 [0]
559 696 [4]
475 781 [0]
597 660 [9]
620 639 [4]
586 673 [5]
602 658 [0]
504 754 [0]
597 661 [9]
570 681 [4]
508 745 [4]
599 660 [9]
541 722 [0]
533 721 [8]
585 677 [4]
505 757 [4]
581 684 [0]
473 790 [9]
581 676 [6]
479 785 [4]
536 729 [4]
590 675 [9]
626 632 [6]
546 722 [0]
493 774 [6]
480 786 [9]
545 714 [6]
589 680 [0]
542 725 [0]
611 652 [4]
619 649 [9]
482 779 [8]
550 717 [0]
609 663 [0]
487 783 [0]
585 684 [0]
572 700 [3]
488 783 [0]
518 756 [0]
480 792 [9]
600 666 [4]
549 727 [0]
496 778 [0]
564 709 [0]
584 688 [8]
630 637 [4]
495 773 [0]
583 691 [0]
588 690 [0]
601 675 [4]
532 744 [0]
516 760 [0]
552 718 [6]
567 710 [9]
612 663 [8]
492 785 [6]
560 721 [0]
503 769 [6]
575 707 [0]
508 772 [9]
524 757 [0]
604 676 [6]
595 686 [9]
603 681 [0]
609 666 [4]
590 693 [9]
588 698 [0]
530 754 [6]
524 755 [6]
539 747 [9]
579 710 [0]
524 759 [0]
587 701 [9]
518 769 [0]
625 666 [0]
498 791 [0]
532 757 [4]
630 659 [9]
526 763 [0]
635 652 [8]
584 699 [6]
591 703 [0]
495 797 [0]
563 722 [6]
593 692 [6]
608 684 [9]
578 718 [0]
630 666 [0]
550 737 [0]
509 779 [8]
599 696 [9]
607 691 [0]
526 770 [9]
540 756 [0]
599 697 [5]
536 761 [0]
556 739 [8]
594 704 [9]
557 746 [0]
564 739 [0]
577 726 [0]
579 724 [0]
618 685 [0]
520 781 [9]
538 764 [0]
651 652 [0]
625 676 [8]
514 783 [4]
627 679 [0]
584 720 [0]
601 703 [0]
551 753 [0]
567 741 [0]
646 662 [0]
622 684 [0]
553 753 [0]
641 669 [0]
574 731 [4]
578 730 [9]
620 692 [0]
558 754 [4]
566 739 [4]
530 776 [8]
573 739 [0]
549 764 [4]
627 689 [0]
635 681 [4]
605 712 [0]
517 796 [8]
633 683 [9]
537 777 [6]
532 785 [0]
600 718 [0]
645 675 [0]
598 720 [0]
615 704 [9]
631 690 [5]
651 671 [0]
550 770 [9]
634 690 [0]
536 784 [8]
572 752 [4]
533 788 [6]
617 709 [9]
555 770 [4]
639 686 [9]
655 670 [0]
650 680 [0]
538 791 [0]
579 752 [4]
658 674 [0]
626 704 [4]
642 688 [4]
627 703 [9]
582 751 [0]
662 669 [9]
595 736 [9]
620 714 [0]
628 706 [0]
613 719 [0]
620 712 [4]
543 788 [0]
614 719 [0]
597 736 [9]
610 726 [0]
622 712 [9]
545 791 [0]
541 795 [4]
616 723 [0]
622 716 [9]
643 697 [4]
547 792 [0]
602 740 [0]
624 718 [0]
579 763 [4]
549 792 [4]
664 671 [4]
665 676 [6]
555 787 [0]
618 725 [9]
631 715 [0]
613 731 [0]
562 782 [0]
601 737 [0]
569 771 [8]
576 768 [8]
564 783 [4]
565 782 [0]
629 721 [0]
563 785 [0]
558 790 [0]
630 720 [9]
625 727 [0]
594 757 [4]
603 748 [9]
667 678 [1]
590 762 [9]
616 738 [0]
637 719 [4]
639 717 [0]
586 773 [0]
650 709 [0]
613 744 [0]
672 685 [9]
588 772 [9]
648 715 [0]
670 694 [0]
624 741 [0]
654 711 [0]
673 692 [0]
591 775 [0]
604 762 [0]
590 774 [9]
574 787 [4]
587 778 [9]
636 732 [0]
580 784 [8]
607 762 [9]
681 688 [6]
610 760 [4]
575 795 [6]
634 737 [0]
673 699 [0]
581 786 [4]
645 729 [0]
591 781 [4]
606 769 [0]
684 691 [0]
658 716 [9]
610 766 [4]
661 715 [4]
618 758 [9]
628 742 [4]
671 707 [3]
637 738 [8]
593 785 [0]
624 754 [9]
623 751 [0]
655 725 [4]
620 760 [9]
680 703 [9]
607 777 [4]
648 735 [9]
691 692 [9]
596 790 [0]
655 722 [6]
647 740 [0]
654 734 [0]
643 746 [0]
674 715 [0]
609 778 [4]
639 751 [0]
600 788 [0]
658 730 [9]
635 756 [0]
626 756 [6]
690 699 [5]
683 708 [0]
647 745 [9]
646 747 [9]
653 740 [5]
632 765 [0]
689 707 [4]
656 742 [0]
635 761 [9]
682 720 [9]
656 749 [0]
667 738 [0]
623 780 [9]
699 705 [4]
629 779 [0]
682 727 [0]
618 789 [9]
657 753 [0]
681 726 [0]
688 714 [4]
632 779 [0]
673 740 [5]
705 708 [9]
630 783 [9]
624 789 [4]
681 733 [0]
684 732 [4]
702 717 [0]
635 783 [9]
625 793 [9]
674 744 [9]
638 783 [0]
698 721 [9]
702 718 [9]
678 743 [6]
632 790 [9]
644 784 [0]
713 716 [0]
672 758 [0]
677 751 [9]
711 720 [0]
635 795 [9]
700 733 [0]
709 723 [4]
642 794 [0]
665 772 [0]
711 726 [4]
655 782 [0]
664 776 [0]
677 764 [0]
702 738 [6]
664 774 [4]
691 752 [4]
685 757 [9]
713 735 [0]
716 732 [0]
668 781 [0]
688 759 [9]
685 765 [0]
717 733 [0]
721 727 [9]
670 782 [0]
707 745 [3]
710 743 [0]
694 760 [0]
678 770 [0]
677 778 [0]
694 767 [4]
668 794 [0]
705 757 [0]
709 755 [0]
712 751 [9]
682 782 [9]
711 755 [4]
707 760 [4]
701 767 [0]
733 735 [4]
681 786 [9]
710 760 [4]
722 747 [9]
731 740 [9]
674 797 [9]
719 753 [4]
694 780 [4]
703 773 [0]
722 752 [9]
719 758 [0]
732 747 [9]
706 775 [0]
697 788 [0]
689 795 [4]
707 778 [3]
691 787 [4]
692 795 [9]
743 747 [0]
727 761 [9]
710 780 [4]
740 751 [4]
715 776 [9]
729 765 [9]
748 749 [0]
724 777 [0]
706 794 [4]
734 767 [3]
736 766 [0]
727 775 [5]
742 753 [4]
730 776 [0]
699 798 [6]
716 793 [4]
709 793 [4]
744 766 [3]
728 785 [0]
752 761 [0]
738 769 [6]
748 774 [0]
753 769 [0]
740 780 [9]
738 782 [0]
756 767 [9]
733 794 [4]
763 766 [0]
736 799 [0]
739 796 [0]
743 793 [3]
754 786 [0]
772 777 [0]
755 787 [4]
751 799 [9]
771 782 [0]
771 785 [0]
767 791 [4]
764 797 [0]
764 798 [0]
773 790 [9]
781 786 [3]
786 791 [0]
789 792 [0]
783 798 [0]
795 797 [0]
