800
10
400
7
2
0
1
3
5
10
4
8
19
11
13
16
23
17
6
18
12
15
31
20
43
55
54
90
46
22
35
62
44
32
28
39
67
34
9
25
21
60
14
41
27
52
36
30
38
26
47
58
86
61
50
64
66
37
57
72
42
114
59
143
139
48
127
92
24
40
56
65
82
186
111
33
53
68
74
115
69
76
75
73
77
104
87
29
147
45
133
63
49
84
89
132
118
91
97
71
107
108
70
128
172
106
94
117
95
51
81
85
98
123
152
203
80
150
141
140
100
224
153
268
121
110
151
102
99
120
162
166
159
169
165
79
103
137
96
175
116
122
78
93
136
88
113
221
83
164
124
149
215
177
160
125
189
226
157
182
158
129
176
154
109
184
119
236
174
181
148
134
130
146
126
163
170
217
200
199
195
198
131
155
187
112
144
214
245
193
259
197
101
206
168
191
210
173
179
287
216
223
208
167
202
294
247
204
248
227
233
196
178
138
142
230
276
242
161
321
332
185
270
241
275
251
135
183
319
258
220
313
234
228
201
246
326
192
292
222
190
282
207
156
254
205
290
250
229
289
145
213
105
218
237
212
261
257
304
280
256
211
238
225
209
243
180
239
310
284
295
286
271
344
232
235
330
302
315
249
171
283
342
309
348
293
279
291
300
388
231
350
303
386
341
351
381
362
406
252
298
307
269
343
219
311
305
569
439
458
363
414
244
274
356
372
379
328
337
389
194
354
316
322
323
334
462
376
297
357
390
366
561
378
296
365
398
331
369
349
499
262
285
336
320
367
188
263
265
299
267
281
434
317
468
399
318
353
438
387
314
346
340
396
301
407
324
493
472
264
368
404
255
430
278
260
325
530
338
277
426
253
360
500
445
329
377
453
266
385
403
537
542
417
397
413
370
482
442
571
374
373
410
435
359
395
391
423
424
273
371
312
335
509
333
456
358
375
411
418
533
425
515
501
436
678
416
401
308
380
345
528
427
408
529
448
535
429
492
383
547
288
393
510
522
420
676
364
447
446
511
466
443
392
384
516
412
496
519
552
667
738
494
444
612
524
405
441
498
488
580
484
306
382
476
614
361
440
487
454
347
598
538
652
461
394
504
460
240
327
449
451
584
545
422
556
481
437
352
355
613
477
523
467
536
517
555
486
452
798
432
655
503
640
563
455
339
421
490
469
433
415
478
495
593
626
570
471
459
497
475
507
543
592
562
521
565
576
585
474
409
465
457
272
428
768
796
739
564
550
450
526
532
601
559
558
594
784
663
479
637
470
525
688
505
534
483
708
551
683
502
644
609
649
520
681
603
600
623
582
751
639
544
635
756
518
595
587
646
662
531
419
583
463
480
622
625
666
630
621
597
615
590
473
568
632
765
685
618
599
506
553
648
402
714
620
692
513
539
608
647
740
602
658
674
578
631
566
548
715
718
624
741
567
560
721
629
779
698
588
690
634
737
699
673
549
727
682
464
541
722
546
489
606
769
753
657
514
653
586
773
703
591
775
706
628
617
508
679
627
689
485
687
755
709
650
680
589
573
581
684
691
607
527
730
776
664
574
577
726
610
540
746
557
643
491
660
604
762
697
788
572
554
596
790
700
733
717
702
735
713
716
732
636
747
743
710
579
724
777
772
665
752
761
763
766
736
799
744
760
694
670
782
771
785
728
767
701
734
654
711
720
791
786
754
781
668
794
745
780
707
575
672
758
719
795
797
764
677
778
671
651
642
793
731
787
774
748
749
656
742
723
616
783
638
792
789
705
757
431
659
675
645
729
759
661
712
605
696
725
619
693
704
669
641
686
633
770
695
512
611
750
0 1 [0]
0 2 [0]
0 3 [2]
1 3 [0]
2 3 [2]
2 4 [5]
3 5 [0]
2 7 [0]
0 6 [5]
1 6 [5]
2 6 [5]
4 8 [0]
1 9 [7]
3 6 [2]
0 4 [5]
4 10 [0]
0 5 [5]
5 10 [0]
1 12 [2]
1 11 [5]
2 12 [5]
0 15 [5]
0 13 [5]
3 10 [2]
0 10 [5]
2 19 [5]
3 15 [2]
6 17 [0]
0 21 [7]
0 20 [5]
7 14 [7]
6 18 [0]
11 13 [0]
4 17 [5]
3 16 [2]
0 19 [5]
4 18 [5]
7 19 [5]
8 19 [0]
12 15 [0]
5 19 [5]
1 25 [7]
4 22 [7]
5 20 [7]
13 16 [0]
10 16 [2]
11 19 [0]
12 18 [0]
3 25 [7]
0 28 [7]
7 21 [7]
1 24 [1]
1 28 [7]
12 20 [7]
6 27 [1]
9 25 [0]
4 26 [7]
12 22 [7]
7 25 [7]
5 24 [1]
8 25 [7]
1 31 [2]
0 32 [7]
11 17 [5]
7 23 [2]
0 34 [7]
10 23 [2]
3 32 [7]
13 22 [7]
12 26 [1]
4 27 [7]
6 32 [7]
16 23 [0]
9 29 [8]
2 30 [7]
17 23 [0]
11 29 [1]
12 28 [7]
3 35 [7]
2 35 [7]
11 28 [7]
17 22 [7]
1 37 [7]
17 18 [7]
7 26 [7]
9 34 [0]
0 36 [7]
3 37 [7]
3 39 [7]
4 37 [1]
8 30 [7]
0 38 [7]
2 36 [7]
19 23 [5]
15 31 [0]
21 25 [0]
16 26 [1]
5 39 [7]
7 33 [1]
5 38 [7]
1 40 [1]
1 43 [5]
22 23 [7]
18 30 [1]
17 25 [7]
7 39 [7]
10 33 [1]
3 44 [7]
4 40 [1]
16 32 [7]
20 23 [7]
20 31 [0]
10 39 [7]
25 26 [1]
2 46 [5]
10 38 [7]
4 41 [7]
6 47 [1]
1 51 [1]
23 26 [1]
19 32 [7]
8 40 [1]
7 44 [7]
14 41 [0]
23 33 [1]
6 50 [1]
15 41 [1]
22 35 [0]
3 52 [7]
16 39 [7]
23 28 [7]
13 45 [1]
12 46 [7]
5 48 [1]
2 54 [2]
7 51 [1]
28 32 [0]
11 49 [1]
6 56 [1]
17 36 [7]
25 37 [1]
20 43 [0]
0 59 [7]
24 40 [0]
26 38 [0]
6 58 [1]
1 62 [7]
30 36 [0]
20 45 [8]
4 60 [7]
28 39 [0]
16 47 [1]
9 57 [1]
22 46 [0]
27 41 [0]
30 38 [0]
14 53 [8]
7 60 [7]
15 55 [7]
15 47 [1]
1 66 [7]
6 66 [1]
10 58 [7]
14 58 [1]
26 47 [0]
23 44 [7]
18 55 [1]
7 57 [7]
14 60 [0]
29 38 [8]
6 68 [1]
8 57 [1]
7 63 [1]
6 69 [1]
5 66 [7]
2 70 [1]
2 64 [7]
32 44 [0]
6 70 [8]
3 69 [1]
18 59 [1]
3 68 [1]
9 68 [8]
5 69 [1]
30 42 [8]
10 64 [7]
32 39 [6]
27 52 [0]
5 73 [1]
38 41 [1]
4 72 [1]
7 64 [7]
21 60 [0]
11 70 [8]
16 59 [1]
22 50 [1]
3 77 [1]
0 80 [1]
9 70 [8]
4 78 [8]
1 80 [1]
9 72 [1]
13 67 [7]
0 73 [1]
7 66 [7]
36 45 [8]
6 77 [1]
10 69 [1]
17 66 [1]
2 80 [1]
39 44 [1]
6 78 [8]
6 79 [8]
41 44 [1]
17 62 [7]
33 53 [0]
6 80 [8]
23 63 [1]
13 73 [1]
11 75 [1]
10 75 [1]
4 76 [1]
40 41 [8]
36 52 [0]
4 84 [1]
22 57 [1]
36 51 [8]
32 48 [1]
17 72 [1]
19 66 [1]
36 50 [8]
6 84 [8]
29 60 [8]
2 82 [1]
10 81 [1]
8 76 [1]
14 77 [8]
15 68 [1]
12 78 [8]
8 85 [8]
0 87 [1]
41 52 [8]
37 57 [0]
11 83 [8]
18 76 [1]
41 53 [8]
10 84 [1]
40 52 [8]
2 87 [1]
7 82 [1]
40 56 [0]
26 63 [8]
11 85 [8]
35 62 [0]
22 66 [1]
24 73 [8]
2 93 [8]
7 88 [8]
43 55 [0]
13 85 [8]
44 48 [1]
16 83 [8]
14 83 [0]
47 52 [1]
1 92 [1]
23 76 [1]
17 82 [1]
27 70 [8]
15 84 [8]
16 84 [1]
2 92 [7]
34 67 [0]
6 95 [8]
23 72 [1]
28 73 [8]
44 58 [1]
3 99 [8]
41 61 [1]
21 79 [0]
36 63 [8]
12 90 [7]
37 66 [0]
31 71 [8]
4 99 [8]
33 69 [1]
47 58 [0]
20 84 [8]
39 67 [0]
44 62 [0]
21 83 [0]
24 80 [0]
40 60 [8]
27 78 [0]
26 74 [8]
33 71 [0]
2 105 [5]
25 80 [8]
44 63 [8]
10 97 [1]
46 58 [1]
2 97 [8]
54 55 [0]
27 80 [0]
10 99 [8]
11 99 [8]
6 104 [1]
4 106 [1]
5 104 [1]
50 61 [0]
2 109 [8]
49 63 [0]
22 89 [8]
0 110 [8]
2 104 [1]
19 94 [8]
38 74 [8]
42 72 [0]
50 64 [0]
12 99 [8]
51 60 [8]
23 91 [1]
36 77 [8]
38 69 [8]
27 86 [1]
34 79 [0]
14 99 [0]
5 110 [8]
11 104 [1]
55 60 [1]
24 92 [0]
29 87 [0]
18 97 [8]
55 56 [1]
56 61 [8]
6 112 [0]
5 113 [8]
1 111 [1]
58 60 [1]
21 96 [0]
6 113 [8]
56 62 [1]
0 116 [8]
52 61 [3]
4 116 [8]
22 92 [1]
2 114 [7]
53 68 [0]
56 65 [0]
46 74 [1]
6 115 [1]
27 93 [0]
13 109 [8]
23 99 [8]
4 118 [1]
31 91 [8]
24 97 [0]
15 108 [8]
60 63 [8]
4 120 [8]
16 108 [1]
41 82 [8]
0 123 [1]
14 109 [0]
20 102 [8]
35 89 [8]
20 104 [8]
4 121 [8]
1 123 [1]
2 121 [1]
7 117 [1]
15 109 [0]
28 95 [8]
28 92 [1]
55 66 [1]
0 118 [1]
41 86 [1]
47 79 [0]
9 118 [8]
24 104 [8]
2 124 [8]
57 72 [0]
9 112 [0]
56 73 [8]
64 66 [0]
15 113 [8]
6 124 [8]
31 98 [8]
51 81 [0]
46 85 [8]
19 113 [8]
3 128 [1]
20 111 [1]
12 112 [0]
11 121 [8]
30 100 [0]
49 84 [0]
35 97 [8]
28 104 [8]
24 107 [0]
21 105 [5]
28 103 [0]
32 99 [8]
3 131 [8]
46 90 [0]
51 85 [0]
14 120 [0]
24 105 [6]
35 99 [8]
27 107 [0]
40 95 [0]
25 111 [8]
56 80 [0]
47 89 [0]
43 86 [1]
0 138 [0]
7 131 [8]
27 110 [0]
37 100 [0]
51 83 [5]
52 85 [8]
9 129 [0]
60 78 [0]
7 127 [7]
14 125 [0]
13 128 [8]
8 133 [1]
0 140 [1]
52 88 [0]
44 96 [0]
68 74 [0]
21 119 [0]
50 92 [8]
32 109 [0]
10 127 [1]
54 90 [0]
16 128 [8]
22 121 [8]
33 111 [0]
52 86 [3]
4 140 [8]
1 141 [1]
58 86 [0]
40 104 [0]
43 99 [8]
12 132 [8]
69 76 [0]
72 73 [8]
21 121 [0]
47 96 [0]
3 142 [0]
46 96 [8]
6 140 [8]
71 72 [0]
3 141 [1]
61 86 [0]
65 82 [0]
38 107 [8]
49 98 [0]
55 86 [1]
2 145 [5]
73 75 [0]
17 131 [0]
21 125 [0]
7 132 [1]
20 126 [0]
52 94 [8]
19 129 [8]
60 85 [8]
50 90 [1]
4 139 [1]
7 142 [5]
73 77 [0]
31 118 [8]
53 94 [0]
34 115 [8]
75 76 [0]
58 91 [8]
35 115 [8]
19 132 [1]
31 114 [1]
0 150 [1]
41 108 [8]
9 139 [1]
10 142 [0]
47 103 [0]
20 130 [0]
53 96 [0]
51 93 [5]
1 147 [1]
4 148 [8]
34 117 [8]
19 127 [1]
1 150 [1]
54 98 [8]
6 147 [1]
8 139 [1]
2 147 [1]
15 131 [0]
20 133 [8]
1 151 [8]
14 135 [5]
37 109 [5]
21 126 [0]
34 119 [0]
19 136 [8]
2 152 [1]
42 114 [0]
61 93 [0]
58 96 [0]
54 99 [8]
32 123 [8]
5 151 [8]
1 153 [8]
67 88 [0]
23 134 [0]
11 146 [8]
1 156 [0]
8 143 [1]
42 115 [8]
16 142 [0]
53 102 [0]
4 154 [8]
3 155 [8]
64 93 [0]
26 125 [0]
51 100 [5]
2 157 [8]
42 116 [0]
9 149 [0]
37 121 [0]
18 141 [8]
71 86 [8]
11 143 [1]
0 160 [8]
66 93 [0]
18 143 [1]
22 137 [8]
60 100 [8]
16 146 [8]
51 103 [5]
0 159 [8]
7 152 [1]
1 162 [8]
44 112 [0]
18 144 [0]
17 142 [0]
63 93 [5]
52 110 [0]
76 85 [0]
0 164 [8]
39 124 [0]
40 122 [0]
60 103 [0]
66 90 [1]
75 83 [5]
18 146 [0]
17 149 [8]
5 161 [0]
4 162 [8]
36 129 [0]
15 144 [0]
54 110 [8]
65 99 [0]
75 87 [9]
71 97 [0]
24 136 [0]
55 110 [8]
17 151 [8]
32 127 [1]
33 133 [0]
68 96 [0]
1 165 [8]
20 142 [0]
62 107 [8]
4 166 [8]
23 148 [0]
62 101 [0]
66 103 [0]
62 108 [8]
4 167 [0]
78 93 [0]
9 155 [0]
5 167 [0]
2 170 [8]
57 114 [8]
59 114 [0]
84 89 [0]
34 137 [0]
5 165 [8]
36 130 [0]
14 158 [0]
18 154 [0]
65 107 [0]
0 174 [8]
63 108 [3]
2 169 [8]
48 127 [0]
35 137 [8]
62 110 [8]
67 107 [8]
7 165 [8]
29 147 [0]
81 95 [0]
33 141 [0]
41 134 [0]
49 128 [0]
0 177 [8]
15 159 [8]
4 173 [0]
3 174 [8]
45 133 [0]
38 135 [5]
71 107 [0]
4 174 [8]
6 167 [0]
36 140 [0]
5 172 [1]
70 108 [0]
42 129 [0]
31 147 [8]
62 116 [0]
18 160 [8]
18 159 [8]
26 152 [0]
89 90 [8]
8 172 [1]
0 180 [0]
77 104 [0]
14 165 [0]
28 150 [8]
17 164 [8]
6 175 [8]
79 103 [0]
53 124 [5]
43 131 [0]
64 116 [0]
14 166 [0]
6 174 [0]
6 176 [8]
17 161 [0]
87 88 [5]
78 97 [5]
28 152 [8]
2 181 [8]
69 115 [0]
17 167 [0]
15 166 [8]
19 165 [8]
86 89 [8]
35 145 [5]
33 150 [0]
74 111 [9]
46 135 [5]
49 129 [5]
68 113 [5]
29 149 [5]
38 147 [8]
48 139 [0]
44 138 [5]
9 176 [0]
6 173 [0]
19 168 [0]
10 177 [8]
91 97 [0]
52 131 [0]
65 120 [0]
84 96 [5]
10 178 [0]
16 172 [8]
77 108 [0]
46 138 [5]
10 179 [0]
0 189 [8]
74 115 [0]
2 187 [5]
14 172 [8]
81 103 [5]
4 185 [0]
36 146 [0]
17 173 [0]
23 167 [0]
18 169 [8]
87 104 [0]
57 132 [8]
84 107 [3]
75 115 [8]
38 146 [0]
8 184 [8]
76 115 [0]
0 192 [5]
65 122 [0]
1 191 [8]
45 147 [0]
2 190 [5]
58 132 [8]
95 98 [0]
50 141 [0]
26 160 [0]
22 169 [8]
4 190 [0]
84 102 [5]
0 194 [0]
69 123 [0]
3 186 [1]
63 133 [0]
53 135 [6]
44 144 [0]
3 193 [8]
92 104 [0]
76 116 [5]
6 191 [0]
55 141 [8]
64 126 [5]
70 128 [0]
4 194 [0]
27 163 [0]
2 196 [8]
7 189 [8]
74 119 [5]
30 166 [0]
7 191 [8]
21 171 [6]
65 129 [5]
12 179 [0]
6 193 [0]
94 106 [0]
84 111 [0]
57 143 [8]
19 181 [8]
78 122 [0]
12 183 [5]
22 175 [0]
88 113 [0]
30 169 [0]
7 194 [0]
67 126 [0]
19 182 [8]
99 102 [0]
28 168 [0]
17 184 [8]
33 161 [5]
85 117 [0]
59 143 [0]
34 165 [0]
72 128 [0]
64 136 [0]
30 168 [5]
51 144 [6]
25 170 [0]
36 165 [0]
48 153 [0]
1 202 [0]
0 204 [8]
52 145 [5]
57 142 [5]
28 174 [0]
66 136 [5]
0 203 [1]
36 166 [0]
63 139 [8]
91 109 [5]
65 137 [0]
40 162 [0]
91 111 [0]
1 203 [1]
20 184 [0]
76 122 [5]
13 193 [0]
2 203 [1]
41 161 [5]
77 126 [5]
66 134 [5]
21 186 [8]
0 208 [8]
7 201 [5]
91 118 [0]
60 144 [0]
31 171 [5]
12 195 [0]
40 166 [0]
31 175 [8]
11 198 [0]
66 141 [0]
44 161 [5]
75 131 [5]
46 162 [8]
7 204 [8]
57 152 [0]
94 117 [0]
49 156 [6]
1 210 [8]
83 122 [5]
35 174 [0]
9 194 [6]
15 195 [0]
59 148 [5]
17 195 [0]
84 128 [0]
7 205 [5]
16 197 [0]
12 196 [0]
45 160 [5]
12 199 [0]
1 212 [0]
51 157 [5]
61 150 [0]
7 206 [8]
36 170 [0]
4 210 [0]
98 114 [0]
11 203 [8]
26 183 [5]
1 213 [0]
26 181 [0]
107 108 [0]
25 185 [5]
39 168 [0]
84 126 [5]
97 115 [0]
50 162 [0]
53 159 [0]
38 171 [6]
9 199 [0]
6 202 [0]
8 208 [0]
10 206 [8]
3 213 [0]
81 131 [6]
55 159 [8]
67 145 [5]
15 194 [6]
10 207 [0]
13 204 [0]
11 206 [0]
94 123 [0]
99 115 [0]
28 185 [5]
33 177 [5]
92 127 [0]
99 120 [0]
17 194 [6]
66 151 [0]
10 209 [0]
2 215 [8]
7 212 [5]
71 142 [6]
39 173 [0]
34 184 [0]
13 207 [0]
18 200 [0]
75 137 [5]
4 216 [0]
89 132 [0]
98 123 [0]
50 163 [5]
85 131 [5]
20 196 [0]
44 175 [0]
97 118 [4]
53 161 [5]
50 164 [0]
12 202 [0]
58 162 [0]
84 133 [8]
51 171 [4]
4 219 [0]
1 222 [5]
6 212 [0]
11 212 [0]
28 190 [5]
59 162 [0]
61 155 [5]
88 136 [0]
35 188 [6]
46 171 [5]
57 165 [0]
86 130 [0]
62 155 [0]
61 162 [0]
60 162 [0]
8 217 [8]
51 166 [5]
1 225 [0]
60 161 [5]
91 130 [5]
5 221 [8]
0 226 [8]
7 217 [8]
21 201 [5]
15 207 [5]
97 125 [5]
4 223 [0]
97 126 [5]
50 173 [5]
24 199 [5]
11 217 [8]
71 149 [5]
66 159 [0]
62 161 [5]
22 201 [5]
10 218 [0]
22 199 [0]
27 197 [5]
10 219 [0]
93 136 [0]
41 183 [5]
85 138 [6]
60 166 [0]
26 195 [5]
16 209 [0]
19 211 [0]
80 150 [0]
43 186 [1]
47 178 [5]
0 230 [0]
55 168 [0]
63 161 [6]
110 121 [0]
44 186 [8]
60 169 [0]
87 136 [5]
32 191 [0]
6 220 [0]
15 208 [0]
47 179 [5]
78 146 [6]
87 137 [5]
27 203 [0]
17 215 [8]
11 221 [8]
94 131 [5]
96 137 [0]
15 213 [5]
6 222 [0]
55 175 [8]
16 217 [0]
63 162 [5]
59 172 [0]
9 218 [5]
18 211 [5]
89 138 [6]
49 178 [6]
29 200 [5]
28 198 [0]
50 176 [0]
7 227 [8]
21 208 [5]
92 138 [5]
17 213 [0]
102 126 [6]
81 149 [5]
61 172 [0]
80 147 [0]
58 173 [5]
18 210 [0]
89 147 [0]
9 222 [5]
22 209 [5]
20 211 [5]
115 116 [5]
74 154 [5]
68 160 [5]
50 180 [6]
47 185 [5]
66 163 [5]
36 193 [5]
63 166 [5]
10 227 [0]
89 140 [0]
66 167 [5]
97 139 [0]
70 161 [6]
116 122 [0]
2 236 [8]
94 138 [6]
53 177 [5]
115 119 [5]
91 140 [0]
0 239 [0]
2 237 [5]
95 138 [6]
21 214 [0]
19 221 [8]
91 142 [6]
100 140 [0]
62 171 [6]
103 137 [0]
41 194 [6]
46 187 [0]
118 123 [1]
2 239 [0]
17 224 [8]
8 233 [0]
79 155 [6]
72 166 [0]
40 197 [5]
28 206 [0]
4 238 [0]
78 157 [6]
27 209 [6]
13 225 [0]
102 136 [5]
34 205 [5]
17 227 [0]
3 241 [0]
54 185 [5]
67 175 [0]
45 192 [6]
79 165 [0]
25 212 [5]
44 193 [0]
39 198 [0]
61 176 [0]
39 201 [5]
97 140 [8]
8 237 [0]
55 185 [5]
30 210 [5]
15 223 [0]
93 146 [6]
10 236 [8]
59 186 [8]
26 212 [6]
14 225 [6]
27 214 [5]
56 182 [5]
83 164 [0]
27 213 [5]
27 216 [5]
117 126 [5]
43 197 [0]
10 238 [0]
78 163 [6]
87 153 [0]
2 246 [5]
21 223 [5]
37 205 [6]
47 197 [5]
63 181 [5]
115 129 [5]
2 247 [8]
118 132 [0]
45 200 [5]
48 197 [5]
12 231 [5]
28 214 [0]
84 158 [5]
6 239 [5]
7 243 [5]
17 233 [0]
8 243 [0]
89 156 [6]
70 173 [6]
60 189 [0]
122 124 [5]
50 196 [5]
24 220 [6]
27 218 [5]
61 183 [5]
10 242 [0]
87 157 [5]
8 244 [0]
14 231 [6]
102 151 [0]
25 226 [0]
43 202 [0]
29 216 [5]
68 177 [5]
88 158 [0]
2 251 [5]
49 200 [5]
44 205 [5]
77 169 [0]
91 158 [5]
0 254 [5]
8 246 [0]
60 190 [5]
83 171 [4]
2 253 [0]
26 222 [5]
94 153 [5]
28 222 [5]
53 197 [5]
27 223 [5]
71 178 [6]
72 179 [5]
117 134 [5]
61 187 [5]
112 144 [0]
94 156 [6]
16 235 [0]
84 164 [5]
70 181 [5]
66 183 [5]
66 185 [5]
39 215 [0]
42 207 [6]
15 237 [5]
70 182 [5]
98 154 [5]
115 137 [5]
127 128 [0]
58 192 [5]
56 197 [5]
20 233 [0]
16 237 [0]
20 236 [0]
8 250 [0]
84 166 [5]
102 149 [5]
30 222 [5]
21 236 [0]
97 157 [5]
87 164 [5]
10 249 [0]
95 159 [5]
1 258 [0]
29 225 [6]
21 234 [5]
110 151 [0]
112 145 [4]
71 182 [5]
94 159 [5]
2 259 [8]
11 251 [0]
70 188 [4]
0 262 [0]
76 178 [5]
2 260 [0]
7 255 [0]
88 168 [6]
45 211 [6]
61 196 [5]
40 217 [5]
109 154 [0]
122 135 [6]
59 199 [5]
84 174 [5]
23 235 [0]
3 260 [6]
130 134 [0]
64 192 [5]
57 202 [5]
8 255 [6]
107 149 [5]
9 249 [6]
12 245 [0]
1 264 [0]
39 219 [6]
64 197 [5]
119 139 [5]
23 238 [0]
13 249 [0]
16 251 [0]
109 151 [6]
10 257 [0]
111 153 [8]
1 266 [6]
19 249 [0]
106 156 [6]
82 186 [0]
2 266 [0]
68 195 [5]
9 254 [5]
27 235 [6]
36 225 [6]
33 228 [6]
78 190 [4]
102 161 [6]
55 206 [0]
44 224 [8]
88 174 [3]
126 139 [5]
21 240 [9]
4 266 [6]
3 267 [0]
95 170 [5]
54 211 [5]
10 260 [6]
108 156 [6]
96 175 [0]
6 264 [6]
17 253 [6]
55 211 [5]
126 146 [0]
56 209 [6]
53 214 [5]
69 198 [5]
34 233 [5]
44 226 [0]
88 177 [6]
6 266 [6]
124 149 [0]
7 266 [0]
66 202 [5]
19 254 [0]
52 216 [5]
47 219 [6]
84 183 [6]
114 155 [5]
4 270 [0]
3 271 [0]
15 252 [6]
107 163 [5]
122 146 [6]
123 152 [0]
68 202 [5]
4 271 [0]
94 173 [6]
130 146 [0]
108 163 [5]
17 259 [0]
78 194 [9]
38 233 [5]
44 225 [5]
6 262 [6]
25 244 [6]
40 229 [6]
50 220 [5]
8 269 [0]
54 221 [0]
106 172 [0]
29 243 [6]
103 168 [6]
8 262 [6]
26 248 [5]
44 230 [5]
107 164 [5]
2 277 [0]
76 196 [5]
36 237 [6]
138 142 [0]
90 185 [5]
30 244 [6]
88 192 [4]
63 212 [6]
140 141 [0]
6 272 [9]
60 216 [5]
11 262 [6]
127 152 [0]
132 141 [0]
139 143 [0]
120 162 [0]
23 259 [0]
106 168 [6]
134 148 [0]
93 182 [0]
71 205 [6]
6 271 [5]
0 282 [5]
80 203 [0]
65 211 [6]
43 232 [5]
98 179 [6]
42 235 [6]
93 190 [4]
17 266 [6]
80 197 [6]
43 233 [0]
7 277 [0]
67 215 [0]
95 183 [6]
87 190 [6]
0 285 [0]
63 217 [5]
130 147 [5]
125 160 [0]
53 227 [5]
1 284 [0]
50 230 [5]
53 225 [6]
23 257 [0]
65 215 [5]
131 155 [0]
93 192 [4]
21 264 [4]
16 270 [0]
122 157 [6]
73 207 [6]
129 158 [0]
84 195 [5]
4 283 [0]
87 193 [5]
98 183 [6]
60 226 [0]
104 176 [5]
139 147 [8]
1 287 [8]
124 164 [0]
4 284 [0]
8 280 [0]
70 212 [6]
76 205 [6]
126 163 [0]
62 222 [5]
39 243 [5]
97 188 [4]
75 207 [6]
74 207 [6]
45 239 [6]
83 200 [6]
35 255 [6]
116 175 [0]
131 156 [4]
141 150 [0]
93 194 [9]
95 190 [6]
54 233 [0]
13 273 [4]
2 290 [5]
36 251 [5]
106 180 [6]
51 236 [5]
109 184 [0]
18 272 [9]
2 291 [0]
47 241 [5]
10 283 [0]
126 160 [6]
104 181 [5]
7 286 [5]
6 282 [0]
106 182 [5]
49 239 [6]
84 202 [6]
103 185 [6]
3 291 [0]
30 257 [6]
3 292 [0]
1 294 [0]
58 229 [6]
138 151 [6]
62 228 [5]
5 290 [0]
50 239 [6]
47 240 [9]
88 202 [6]
112 180 [4]
44 247 [0]
68 223 [5]
1 295 [0]
32 257 [5]
46 246 [5]
111 186 [0]
48 240 [9]
38 253 [4]
124 167 [6]
90 199 [0]
6 286 [5]
0 297 [0]
33 259 [5]
86 206 [5]
101 197 [0]
64 226 [0]
5 293 [0]
2 296 [0]
112 187 [0]
93 205 [4]
64 228 [5]
17 281 [6]
139 155 [5]
128 172 [0]
61 231 [6]
90 202 [0]
26 272 [3]
94 201 [6]
9 287 [0]
133 163 [5]
95 199 [6]
124 172 [5]
110 184 [6]
93 203 [5]
140 156 [6]
39 258 [5]
134 167 [1]
130 165 [6]
64 232 [6]
119 184 [0]
143 155 [5]
12 286 [5]
87 211 [6]
111 185 [5]
39 257 [5]
43 260 [6]
16 283 [0]
95 202 [6]
74 222 [6]
75 221 [5]
83 221 [0]
121 178 [6]
34 265 [6]
129 176 [0]
66 231 [6]
37 261 [6]
27 271 [6]
23 274 [6]
71 227 [6]
25 275 [5]
77 222 [6]
24 275 [5]
56 242 [5]
18 283 [5]
90 208 [0]
102 197 [6]
147 151 [0]
101 206 [0]
98 202 [6]
30 273 [4]
59 240 [9]
43 264 [6]
9 294 [5]
3 305 [0]
147 153 [0]
1 307 [0]
22 282 [5]
111 193 [5]
134 171 [4]
32 269 [6]
82 224 [0]
94 208 [6]
99 204 [6]
0 309 [0]
33 271 [6]
64 241 [5]
72 233 [5]
54 249 [5]
107 195 [5]
96 208 [6]
116 187 [6]
47 256 [6]
9 295 [6]
14 290 [5]
8 303 [0]
78 226 [6]
37 272 [3]
99 212 [4]
114 193 [5]
19 293 [0]
129 178 [1]
125 189 [0]
46 267 [6]
73 233 [5]
130 183 [4]
109 204 [1]
3 311 [0]
66 241 [5]
52 256 [6]
79 230 [6]
3 312 [6]
38 273 [4]
115 195 [5]
37 271 [6]
118 189 [5]
147 160 [5]
138 178 [0]
127 188 [4]
44 266 [4]
12 296 [6]
141 168 [6]
125 186 [5]
49 264 [4]
65 247 [5]
0 317 [0]
150 161 [6]
97 219 [4]
31 279 [5]
85 224 [5]
68 241 [6]
135 183 [0]
78 239 [4]
70 241 [6]
110 203 [5]
46 266 [4]
54 263 [6]
58 252 [6]
92 224 [0]
105 213 [0]
51 263 [4]
151 161 [6]
96 219 [4]
17 301 [6]
4 315 [0]
56 262 [4]
123 190 [6]
136 183 [4]
56 259 [5]
120 193 [6]
2 318 [0]
130 184 [6]
6 314 [6]
6 306 [4]
124 191 [6]
77 237 [6]
146 171 [4]
24 289 [6]
131 184 [6]
4 317 [6]
46 270 [5]
59 262 [4]
102 219 [4]
86 228 [5]
31 285 [6]
108 206 [6]
72 245 [5]
132 182 [5]
7 315 [5]
105 218 [0]
37 285 [4]
104 212 [6]
145 172 [6]
18 297 [6]
17 300 [0]
59 264 [4]
17 302 [0]
100 224 [0]
71 245 [5]
3 321 [0]
12 308 [4]
40 279 [6]
6 311 [6]
155 164 [6]
29 289 [6]
159 166 [0]
2 323 [0]
45 277 [9]
21 299 [6]
63 257 [6]
55 265 [6]
76 242 [6]
13 305 [0]
138 187 [1]
123 203 [4]
70 253 [9]
58 261 [6]
120 201 [6]
80 240 [3]
139 188 [4]
159 169 [0]
69 251 [6]
90 231 [6]
127 196 [5]
121 200 [6]
148 179 [1]
13 314 [6]
162 166 [0]
123 198 [6]
18 303 [5]
58 266 [4]
97 231 [4]
72 253 [4]
128 193 [6]
14 314 [4]
136 192 [4]
121 203 [5]
7 322 [0]
37 287 [5]
148 181 [0]
131 198 [0]
52 269 [6]
23 302 [0]
120 209 [4]
37 286 [6]
154 176 [0]
10 320 [6]
125 199 [6]
154 170 [6]
143 186 [8]
66 257 [6]
54 273 [4]
121 209 [4]
165 166 [9]
41 283 [6]
13 317 [6]
78 247 [6]
79 245 [6]
77 247 [5]
23 304 [0]
6 321 [0]
124 203 [5]
1 331 [0]
163 170 [0]
69 260 [4]
30 297 [6]
147 178 [6]
77 248 [5]
31 294 [0]
165 169 [0]
9 324 [4]
113 221 [0]
32 296 [6]
19 315 [0]
9 325 [4]
20 306 [4]
108 220 [6]
7 328 [0]
20 309 [5]
163 166 [6]
10 326 [0]
4 332 [0]
21 306 [9]
92 237 [6]
34 296 [6]
107 222 [6]
72 259 [5]
47 283 [6]
73 263 [4]
3 334 [0]
27 303 [6]
92 238 [6]
31 298 [6]
73 260 [4]
160 177 [0]
118 213 [6]
20 317 [6]
4 334 [0]
0 338 [0]
83 254 [4]
122 210 [6]
97 234 [6]
136 201 [4]
53 279 [6]
60 271 [6]
25 305 [6]
157 182 [0]
64 270 [5]
13 326 [0]
116 222 [4]
58 276 [5]
22 310 [5]
44 290 [5]
103 230 [6]
158 182 [0]
74 265 [4]
82 252 [6]
56 276 [5]
43 292 [5]
0 340 [0]
24 309 [6]
98 237 [6]
84 250 [6]
1 340 [0]
2 339 [4]
155 187 [0]
27 314 [4]
14 322 [6]
106 230 [6]
11 323 [6]
137 199 [6]
128 209 [6]
7 336 [0]
53 282 [6]
159 178 [6]
40 297 [4]
28 306 [9]
25 313 [5]
106 232 [4]
4 340 [6]
23 321 [0]
7 337 [0]
150 194 [4]
64 277 [4]
63 273 [9]
35 303 [6]
137 207 [4]
53 287 [5]
46 299 [6]
127 211 [6]
167 172 [6]
2 344 [0]
75 268 [0]
7 339 [4]
20 325 [6]
44 295 [5]
71 274 [4]
15 326 [5]
89 253 [9]
9 333 [4]
107 233 [6]
83 255 [9]
21 320 [6]
30 310 [6]
8 338 [6]
72 270 [5]
4 343 [0]
133 207 [6]
49 292 [6]
157 190 [4]
16 332 [0]
0 348 [0]
30 318 [4]
67 281 [6]
137 211 [4]
52 292 [5]
23 325 [6]
129 214 [6]
105 240 [7]
92 250 [6]
87 262 [4]
1 349 [0]
133 211 [6]
33 311 [6]
118 224 [0]
66 278 [4]
19 323 [6]
162 181 [6]
91 255 [9]
114 229 [6]
95 250 [6]
76 269 [4]
32 311 [6]
16 330 [0]
173 179 [0]
68 276 [5]
34 313 [5]
60 287 [5]
13 331 [6]
17 330 [0]
80 271 [4]
34 317 [6]
109 242 [1]
70 275 [6]
98 247 [6]
42 305 [6]
123 223 [6]
6 346 [6]
12 339 [9]
54 299 [6]
7 347 [4]
123 225 [4]
141 207 [6]
77 270 [6]
41 305 [6]
57 289 [6]
72 278 [4]
57 288 [9]
37 310 [6]
21 328 [6]
102 252 [4]
6 344 [5]
126 225 [4]
119 236 [0]
152 203 [0]
58 289 [6]
174 181 [0]
10 345 [6]
89 265 [4]
40 314 [4]
121 228 [6]
166 182 [6]
127 221 [0]
15 335 [4]
8 348 [0]
41 314 [4]
54 296 [6]
14 339 [9]
147 202 [5]
59 290 [6]
62 290 [5]
89 267 [4]
29 324 [4]
75 275 [6]
144 214 [0]
145 213 [0]
81 271 [4]
133 218 [6]
81 270 [6]
9 342 [6]
34 319 [5]
174 183 [4]
82 272 [3]
168 191 [0]
67 287 [0]
49 304 [6]
69 284 [6]
22 332 [5]
7 352 [4]
97 256 [6]
177 182 [3]
94 262 [4]
4 347 [4]
1 359 [6]
44 312 [4]
125 234 [4]
26 328 [6]
2 358 [6]
63 296 [4]
106 247 [6]
33 324 [4]
22 335 [4]
125 232 [4]
172 184 [5]
4 357 [0]
79 276 [6]
35 325 [4]
50 305 [6]
97 260 [9]
33 322 [4]
22 338 [4]
25 328 [6]
151 205 [4]
143 214 [5]
11 345 [4]
119 242 [1]
5 357 [0]
7 355 [4]
165 192 [6]
26 330 [6]
135 228 [0]
7 356 [0]
152 204 [6]
156 207 [0]
9 353 [6]
2 361 [4]
164 193 [6]
149 215 [0]
172 188 [4]
100 258 [6]
15 341 [6]
168 192 [4]
0 364 [4]
78 278 [9]
48 308 [9]
152 206 [6]
138 221 [6]
1 364 [4]
102 255 [9]
106 254 [6]
130 232 [4]
86 275 [5]
4 362 [0]
83 283 [4]
85 276 [6]
41 321 [5]
157 204 [4]
2 365 [0]
112 253 [3]
150 212 [6]
66 295 [6]
177 190 [4]
11 349 [6]
95 268 [5]
27 339 [9]
167 202 [0]
32 331 [6]
57 304 [6]
3 366 [0]
88 273 [3]
122 242 [6]
10 360 [6]
154 210 [6]
105 261 [4]
10 352 [4]
168 194 [9]
5 366 [0]
35 327 [9]
70 295 [6]
30 340 [4]
142 230 [0]
124 244 [9]
149 219 [4]
75 291 [6]
95 270 [6]
144 227 [1]
51 318 [9]
93 279 [4]
58 307 [6]
131 238 [4]
157 210 [6]
74 293 [6]
88 281 [9]
57 316 [6]
168 206 [0]
1 373 [6]
178 196 [0]
0 374 [6]
34 334 [6]
165 209 [4]
20 349 [6]
94 277 [9]
2 373 [0]
6 368 [6]
90 280 [5]
53 316 [4]
3 372 [0]
11 358 [4]
100 274 [4]
167 208 [0]
5 370 [6]
79 295 [4]
34 336 [6]
39 331 [6]
21 348 [6]
50 321 [5]
1 375 [6]
7 369 [0]
14 357 [6]
102 274 [4]
153 224 [0]
154 217 [6]
40 336 [4]
111 258 [6]
133 238 [6]
6 363 [6]
107 267 [4]
59 318 [4]
136 241 [6]
17 360 [6]
16 354 [6]
173 201 [4]
152 221 [5]
42 330 [6]
24 349 [4]
123 250 [6]
44 329 [4]
20 351 [6]
176 197 [6]
111 264 [4]
122 251 [6]
25 354 [6]
127 248 [5]
31 342 [5]
129 245 [6]
1 379 [0]
168 210 [5]
75 300 [6]
125 252 [4]
16 359 [6]
23 351 [0]
39 334 [6]
163 217 [4]
7 374 [0]
111 266 [4]
166 208 [6]
107 274 [4]
135 244 [9]
0 382 [4]
73 303 [6]
12 361 [4]
17 357 [6]
60 316 [6]
3 379 [0]
98 283 [4]
121 256 [4]
66 309 [6]
183 196 [4]
173 210 [0]
181 201 [4]
32 343 [6]
68 306 [9]
41 339 [9]
61 316 [6]
157 226 [0]
6 371 [6]
75 303 [6]
37 346 [4]
47 331 [6]
23 352 [4]
45 332 [6]
84 299 [4]
174 203 [5]
90 289 [5]
187 188 [9]
87 296 [4]
141 238 [4]
128 253 [9]
177 202 [6]
16 362 [0]
12 365 [6]
74 305 [4]
113 271 [4]
6 373 [4]
59 319 [5]
17 364 [4]
2 383 [6]
135 251 [0]
6 372 [6]
0 386 [0]
136 249 [4]
6 374 [4]
69 311 [4]
55 326 [5]
56 327 [3]
142 235 [9]
36 343 [6]
100 286 [4]
140 240 [3]
144 242 [1]
0 387 [0]
123 260 [9]
70 316 [4]
6 375 [4]
23 355 [4]
170 217 [0]
10 377 [6]
117 267 [4]
23 359 [6]
23 357 [6]
49 332 [6]
3 385 [6]
79 306 [3]
73 314 [4]
36 346 [4]
79 305 [4]
128 254 [6]
39 345 [4]
89 293 [6]
121 268 [0]
125 255 [9]
74 306 [9]
74 310 [6]
148 240 [2]
104 285 [4]
79 310 [4]
12 377 [6]
35 348 [6]
130 259 [4]
191 198 [1]
117 272 [2]
63 324 [4]
37 353 [4]
190 197 [4]
11 372 [0]
0 391 [6]
107 281 [4]
95 288 [3]
177 215 [0]
110 276 [6]
190 198 [4]
159 226 [6]
7 385 [0]
63 327 [3]
195 198 [0]
31 358 [4]
16 371 [4]
2 391 [6]
95 298 [4]
111 275 [6]
195 199 [0]
36 355 [9]
73 317 [4]
28 360 [4]
6 387 [6]
16 377 [6]
45 347 [3]
124 270 [1]
2 393 [0]
8 388 [0]
75 317 [4]
171 224 [4]
1 395 [6]
176 214 [6]
7 389 [0]
124 264 [9]
115 281 [4]
22 371 [4]
9 387 [6]
67 322 [6]
18 373 [4]
34 355 [9]
21 373 [4]
43 349 [6]
167 224 [6]
3 395 [6]
195 202 [1]
130 260 [3]
199 200 [0]
62 333 [4]
163 232 [4]
98 294 [6]
90 302 [5]
2 397 [0]
63 336 [4]
96 303 [4]
41 351 [6]
90 303 [6]
191 210 [0]
51 344 [4]
2 399 [0]
175 225 [4]
143 251 [5]
130 270 [4]
175 220 [6]
30 366 [6]
87 309 [6]
1 401 [6]
3 399 [6]
126 267 [9]
9 386 [6]
34 364 [4]
40 359 [9]
161 242 [0]
46 350 [6]
60 337 [6]
2 401 [6]
102 297 [4]
16 379 [6]
92 305 [6]
0 403 [6]
147 253 [9]
107 296 [4]
181 219 [9]
9 391 [4]
65 334 [4]
115 282 [6]
51 345 [9]
58 346 [4]
66 335 [4]
7 398 [0]
57 341 [6]
112 290 [4]
32 370 [4]
6 399 [6]
159 240 [3]
90 309 [6]
49 353 [4]
7 400 [0]
106 295 [6]
154 247 [1]
80 323 [4]
116 290 [4]
84 322 [4]
30 373 [4]
136 270 [6]
12 388 [5]
4 394 [4]
90 317 [6]
11 391 [6]
1 407 [0]
112 292 [4]
10 398 [0]
0 408 [6]
68 334 [4]
107 300 [4]
82 321 [5]
116 292 [4]
122 278 [9]
1 408 [6]
141 264 [9]
32 373 [4]
174 236 [0]
156 254 [0]
182 221 [0]
54 347 [9]
77 326 [6]
199 210 [1]
35 369 [6]
2 408 [6]
111 294 [5]
19 382 [4]
176 233 [1]
194 213 [3]
47 360 [4]
158 249 [4]
20 382 [4]
128 276 [6]
179 226 [6]
190 222 [0]
159 252 [4]
116 295 [4]
15 389 [6]
11 395 [6]
110 302 [4]
123 284 [4]
65 342 [6]
58 347 [9]
108 305 [4]
59 354 [4]
58 348 [6]
112 293 [9]
150 258 [6]
197 216 [1]
15 400 [2]
189 226 [0]
114 293 [6]
8 401 [4]
109 297 [9]
10 405 [4]
52 359 [4]
2 413 [0]
37 372 [6]
74 339 [3]
173 239 [4]
19 389 [0]
1 415 [4]
13 403 [6]
75 339 [3]
200 217 [0]
172 244 [4]
59 357 [4]
12 398 [6]
56 356 [4]
34 378 [6]
11 401 [4]
101 313 [4]
184 233 [1]
2 416 [6]
3 415 [4]
69 344 [6]
19 400 [5]
137 273 [3]
57 358 [9]
180 239 [0]
187 226 [6]
43 370 [4]
103 315 [4]
22 393 [4]
63 356 [4]
41 375 [4]
187 229 [4]
171 249 [0]
53 358 [9]
16 403 [6]
47 364 [9]
90 329 [4]
196 220 [4]
23 393 [4]
112 306 [2]
56 360 [4]
6 405 [4]
112 299 [9]
153 268 [0]
147 272 [3]
84 336 [4]
98 322 [4]
27 386 [6]
75 346 [4]
111 305 [6]
52 362 [6]
25 389 [6]
6 412 [4]
191 230 [4]
2 421 [4]
180 243 [0]
148 272 [2]
86 333 [4]
73 349 [4]
120 302 [4]
16 401 [4]
196 221 [6]
144 277 [3]
75 343 [4]
25 395 [4]
145 277 [2]
46 377 [4]
83 339 [2]
48 373 [4]
26 395 [4]
100 319 [6]
20 404 [6]
160 259 [6]
81 344 [4]
48 374 [4]
21 401 [4]
184 238 [4]
8 417 [6]
10 409 [4]
156 261 [9]
93 325 [9]
86 340 [4]
134 292 [4]
23 403 [6]
5 422 [4]
175 245 [6]
84 340 [4]
154 265 [9]
74 353 [4]
25 394 [9]
14 410 [4]
44 380 [4]
144 280 [4]
196 233 [0]
108 312 [9]
52 373 [4]
54 371 [4]
34 388 [6]
146 274 [9]
107 318 [4]
2 427 [6]
201 228 [0]
36 386 [6]
195 234 [4]
50 377 [4]
208 223 [0]
62 362 [6]
176 254 [4]
10 419 [3]
122 301 [9]
27 404 [4]
47 379 [6]
108 320 [4]
79 349 [9]
0 432 [4]
102 330 [4]
104 328 [4]
197 232 [9]
203 223 [6]
17 409 [9]
19 414 [0]
18 411 [4]
104 321 [6]
4 421 [4]
138 286 [9]
209 225 [0]
129 304 [4]
152 278 [9]
46 381 [6]
145 289 [0]
168 264 [3]
164 267 [9]
66 368 [4]
87 342 [6]
90 337 [6]
142 289 [0]
177 258 [4]
109 326 [4]
87 344 [6]
111 320 [4]
48 385 [4]
22 411 [4]
82 352 [3]
7 430 [0]
28 403 [4]
52 379 [6]
75 359 [9]
112 317 [9]
117 315 [4]
120 314 [9]
3 428 [4]
193 245 [0]
173 261 [4]
71 358 [9]
9 425 [4]
12 426 [6]
131 299 [9]
4 435 [6]
71 359 [9]
111 324 [4]
49 389 [4]
188 249 [2]
69 361 [3]
73 365 [4]
216 223 [0]
108 330 [4]
17 416 [4]
11 421 [4]
25 406 [6]
18 419 [3]
156 281 [3]
23 411 [4]
63 373 [9]
43 393 [4]
5 428 [4]
159 275 [6]
169 271 [4]
12 425 [4]
44 389 [6]
80 357 [4]
96 341 [4]
23 417 [6]
187 250 [4]
101 339 [2]
100 338 [9]
21 417 [4]
48 386 [6]
86 348 [6]
12 424 [4]
2 440 [4]
69 370 [9]
71 368 [9]
48 391 [9]
66 373 [4]
55 381 [6]
13 424 [6]
32 409 [9]
44 399 [6]
7 437 [4]
94 346 [4]
11 429 [4]
56 387 [4]
112 324 [3]
180 262 [3]
186 255 [4]
126 315 [4]
7 438 [0]
38 407 [4]
11 428 [4]
4 436 [6]
89 351 [4]
34 409 [3]
22 421 [9]
88 354 [9]
201 246 [0]
89 357 [4]
15 431 [2]
18 423 [4]
43 398 [6]
13 428 [9]
98 347 [3]
9 438 [6]
60 381 [6]
106 333 [9]
84 361 [3]
0 448 [6]
212 237 [0]
99 346 [9]
86 359 [4]
4 445 [6]
83 362 [4]
37 409 [3]
169 279 [4]
175 272 [2]
25 421 [9]
21 424 [4]
62 383 [4]
218 222 [9]
211 238 [0]
100 346 [9]
40 402 [2]
49 397 [9]
150 296 [4]
132 314 [4]
155 291 [9]
8 436 [4]
130 319 [4]
153 292 [6]
169 273 [3]
100 350 [4]
144 298 [9]
90 360 [4]
5 446 [4]
215 230 [1]
158 287 [6]
188 263 [0]
208 239 [9]
157 285 [9]
123 321 [6]
204 247 [0]
97 352 [3]
11 432 [4]
1 451 [4]
74 374 [9]
193 259 [0]
204 248 [0]
6 445 [6]
209 243 [0]
98 345 [9]
65 381 [6]
56 390 [4]
186 258 [6]
48 398 [4]
108 335 [9]
12 434 [6]
114 335 [9]
22 422 [9]
6 439 [6]
191 258 [4]
7 446 [0]
87 366 [4]
109 341 [4]
37 413 [4]
120 325 [9]
196 254 [0]
83 367 [9]
1 453 [6]
171 283 [0]
180 268 [4]
218 237 [0]
103 351 [4]
4 447 [4]
67 387 [6]
126 320 [9]
148 303 [4]
0 455 [4]
26 420 [9]
16 438 [6]
185 270 [0]
115 334 [4]
197 259 [0]
114 339 [3]
139 308 [9]
33 421 [3]
11 437 [4]
2 455 [4]
126 322 [9]
43 406 [6]
130 326 [4]
85 372 [4]
65 384 [9]
58 400 [7]
88 366 [9]
6 448 [4]
48 402 [2]
143 307 [6]
158 294 [4]
46 408 [4]
162 288 [3]
12 443 [4]
11 444 [4]
8 447 [4]
214 245 [0]
164 291 [4]
205 254 [0]
0 459 [4]
38 417 [4]
227 233 [0]
134 317 [9]
102 354 [4]
7 453 [0]
71 388 [4]
92 362 [6]
66 386 [6]
19 432 [4]
49 406 [4]
39 414 [6]
30 427 [9]
120 337 [4]
0 461 [4]
3 458 [0]
61 399 [4]
173 284 [9]
228 234 [0]
51 407 [9]
63 398 [4]
66 388 [6]
226 232 [4]
3 459 [4]
225 238 [0]
81 378 [4]
15 442 [4]
31 431 [2]
198 261 [4]
32 428 [3]
97 366 [4]
79 382 [3]
52 409 [3]
72 383 [9]
115 343 [4]
121 342 [4]
109 351 [4]
68 390 [4]
59 404 [4]
45 411 [9]
33 431 [7]
46 413 [4]
84 377 [9]
0 465 [4]
58 403 [4]
18 439 [6]
155 301 [3]
217 247 [1]
91 370 [9]
179 287 [0]
95 367 [4]
8 449 [4]
7 459 [4]
70 394 [3]
232 235 [0]
14 444 [9]
211 256 [0]
39 424 [4]
78 388 [4]
176 288 [3]
129 329 [3]
230 236 [1]
166 297 [4]
19 444 [4]
157 308 [3]
36 431 [7]
223 241 [4]
138 326 [4]
10 458 [0]
76 383 [9]
22 437 [9]
150 314 [9]
228 231 [9]
210 249 [9]
59 402 [2]
64 404 [4]
185 281 [3]
2 467 [4]
97 368 [9]
80 388 [4]
60 403 [4]
1 468 [0]
137 324 [9]
106 363 [4]
2 468 [0]
21 440 [9]
178 283 [9]
133 336 [4]
148 321 [1]
56 405 [9]
7 463 [4]
162 307 [4]
21 441 [9]
175 295 [4]
133 337 [4]
209 260 [2]
88 374 [9]
225 243 [3]
53 415 [3]
233 234 [4]
6 458 [6]
79 389 [4]
63 402 [2]
134 335 [3]
102 366 [4]
92 379 [6]
134 329 [3]
190 282 [0]
210 258 [4]
149 314 [9]
212 261 [0]
44 425 [4]
165 307 [4]
227 245 [1]
92 377 [4]
149 320 [9]
182 288 [3]
182 290 [4]
13 452 [4]
75 395 [9]
72 393 [9]
118 350 [4]
207 264 [3]
82 383 [9]
180 291 [3]
169 304 [4]
4 466 [4]
82 386 [6]
11 454 [4]
85 380 [9]
227 248 [0]
81 385 [9]
74 397 [9]
101 365 [9]
15 451 [4]
12 455 [9]
200 271 [4]
6 462 [6]
37 438 [4]
7 469 [4]
41 432 [9]
14 459 [9]
61 411 [4]
54 418 [4]
10 466 [4]
37 435 [4]
218 255 [2]
185 283 [9]
83 390 [9]
5 472 [6]
165 311 [4]
164 309 [4]
9 462 [6]
8 460 [4]
228 245 [4]
11 458 [0]
105 371 [2]
220 258 [0]
53 416 [9]
185 284 [9]
204 270 [4]
197 278 [3]
96 378 [9]
38 436 [4]
90 384 [4]
126 348 [4]
65 410 [9]
21 449 [9]
156 320 [3]
65 409 [3]
0 479 [4]
229 250 [0]
45 430 [4]
21 455 [9]
113 362 [4]
40 438 [4]
80 400 [1]
45 434 [4]
12 464 [3]
17 454 [4]
224 250 [6]
152 321 [6]
185 286 [9]
189 290 [4]
56 416 [9]
206 271 [9]
2 479 [4]
51 428 [2]
7 474 [4]
95 377 [9]
140 337 [4]
45 427 [9]
104 373 [9]
12 460 [4]
161 321 [0]
105 375 [2]
22 451 [9]
206 273 [3]
7 475 [4]
118 360 [9]
16 458 [0]
73 402 [2]
140 333 [9]
37 439 [6]
204 269 [9]
61 418 [4]
113 366 [9]
22 452 [9]
197 282 [4]
96 386 [4]
231 249 [3]
209 268 [4]
112 362 [9]
193 286 [4]
192 292 [0]
177 303 [4]
11 470 [9]
207 274 [3]
31 453 [4]
141 340 [9]
130 346 [9]
34 447 [4]
164 312 [3]
3 482 [6]
84 397 [9]
204 278 [3]
11 468 [6]
34 448 [4]
97 388 [4]
90 392 [4]
23 454 [4]
2 484 [4]
130 355 [2]
73 405 [9]
69 415 [3]
19 464 [3]
166 312 [9]
76 407 [4]
5 480 [3]
81 406 [4]
63 422 [3]
118 369 [4]
217 262 [9]
15 472 [6]
237 242 [9]
6 479 [9]
207 282 [0]
85 395 [9]
193 292 [4]
161 325 [3]
222 264 [3]
17 465 [9]
10 471 [4]
197 283 [9]
102 386 [4]
203 280 [4]
19 466 [4]
31 449 [4]
4 476 [4]
76 409 [3]
89 392 [9]
78 403 [9]
56 430 [4]
39 447 [4]
0 490 [4]
2 488 [4]
155 333 [3]
108 374 [9]
21 464 [2]
124 363 [9]
207 281 [3]
62 425 [4]
171 318 [2]
6 476 [4]
39 450 [3]
130 359 [3]
242 246 [0]
40 443 [9]
150 338 [9]
11 474 [4]
208 280 [9]
32 451 [9]
7 485 [3]
123 365 [4]
0 492 [6]
199 285 [9]
54 432 [9]
189 300 [4]
130 361 [2]
172 317 [9]
120 369 [9]
111 376 [4]
73 419 [2]
100 385 [9]
180 312 [2]
149 344 [4]
180 311 [3]
199 294 [1]
1 493 [0]
235 251 [9]
141 345 [3]
40 452 [3]
135 357 [3]
205 290 [0]
27 465 [3]
139 348 [6]
234 252 [9]
23 465 [9]
74 412 [9]
127 367 [4]
66 420 [9]
167 320 [3]
57 438 [4]
44 448 [4]
20 467 [9]
23 470 [9]
210 282 [4]
202 294 [0]
132 363 [4]
63 424 [9]
26 461 [9]
57 436 [9]
147 349 [4]
218 277 [2]
35 455 [9]
145 347 [7]
45 449 [3]
115 376 [4]
218 272 [7]
39 453 [4]
12 483 [9]
1 497 [4]
9 486 [9]
243 252 [3]
170 320 [9]
170 327 [2]
94 402 [2]
6 485 [9]
109 386 [4]
9 489 [2]
28 469 [9]
232 266 [2]
60 434 [6]
223 269 [9]
29 470 [2]
144 355 [2]
28 470 [3]
154 343 [9]
126 366 [9]
155 342 [9]
244 254 [3]
195 297 [9]
232 268 [4]
5 491 [3]
36 463 [3]
94 405 [3]
172 327 [3]
157 341 [4]
183 319 [0]
123 370 [9]
175 321 [6]
12 481 [4]
154 344 [4]
68 432 [3]
216 287 [0]
63 437 [3]
221 273 [3]
21 480 [3]
64 438 [4]
5 498 [4]
149 350 [4]
4 499 [6]
145 356 [3]
147 356 [4]
4 500 [6]
104 399 [4]
126 375 [3]
185 310 [9]
204 291 [9]
64 437 [9]
108 394 [3]
36 460 [9]
164 339 [2]
20 478 [9]
29 469 [3]
55 446 [4]
17 482 [6]
205 297 [3]
15 481 [9]
76 426 [4]
177 327 [2]
224 276 [6]
180 324 [2]
243 254 [9]
230 276 [0]
112 392 [2]
12 493 [6]
200 297 [9]
36 461 [9]
88 410 [3]
0 507 [9]
167 331 [9]
174 324 [9]
242 262 [3]
212 286 [9]
11 492 [4]
30 474 [3]
38 461 [9]
49 457 [3]
53 452 [3]
20 482 [4]
91 408 [9]
138 367 [3]
4 497 [4]
181 318 [9]
228 277 [3]
14 493 [4]
101 398 [9]
57 443 [9]
92 413 [4]
125 375 [3]
165 335 [3]
62 439 [6]
162 338 [9]
8 500 [6]
189 319 [4]
115 388 [6]
23 483 [9]
14 491 [2]
201 300 [9]
166 343 [4]
50 456 [4]
156 351 [3]
103 406 [4]
98 403 [9]
74 427 [9]
8 498 [4]
110 396 [9]
10 500 [6]
241 270 [0]
193 309 [9]
191 311 [9]
90 419 [3]
148 354 [9]
88 421 [2]
184 326 [4]
1 510 [4]
125 377 [9]
150 355 [3]
180 327 [7]
201 302 [9]
221 290 [4]
57 452 [3]
11 500 [6]
14 495 [9]
73 437 [3]
58 446 [9]
187 317 [9]
203 304 [4]
83 428 [2]
17 487 [4]
23 489 [3]
5 505 [4]
79 431 [1]
56 454 [9]
22 485 [9]
129 381 [4]
131 380 [3]
106 404 [9]
6 505 [3]
198 307 [9]
59 452 [3]
45 463 [2]
183 328 [3]
222 292 [0]
251 260 [3]
131 382 [2]
210 296 [9]
107 404 [9]
221 293 [4]
17 494 [4]
75 433 [3]
212 300 [3]
129 377 [9]
69 442 [9]
83 429 [3]
105 405 [7]
33 475 [3]
23 490 [4]
241 275 [0]
51 456 [9]
166 346 [9]
59 453 [4]
222 290 [9]
122 390 [9]
184 323 [9]
67 440 [9]
212 295 [9]
221 291 [4]
233 281 [3]
21 491 [2]
87 428 [3]
101 413 [3]
19 494 [4]
185 332 [0]
213 301 [3]
228 288 [2]
229 289 [0]
165 349 [9]
13 502 [9]
3 514 [3]
242 276 [0]
257 261 [0]
33 483 [3]
192 326 [0]
244 274 [0]
139 375 [9]
34 476 [9]
70 445 [9]
40 473 [2]
144 366 [9]
162 355 [3]
43 467 [9]
50 468 [4]
12 498 [4]
53 459 [3]
34 483 [3]
135 383 [2]
96 422 [3]
147 372 [4]
126 385 [3]
34 477 [9]
245 268 [6]
151 360 [9]
74 442 [9]
188 325 [7]
22 495 [9]
64 447 [9]
145 372 [3]
56 463 [2]
151 366 [4]
221 296 [9]
189 328 [9]
99 421 [2]
241 278 [3]
214 299 [9]
214 304 [4]
208 310 [9]
7 515 [0]
70 449 [3]
63 457 [3]
243 277 [2]
101 418 [3]
27 492 [9]
12 506 [3]
173 341 [9]
218 304 [1]
247 272 [7]
141 379 [4]
1 523 [4]
114 402 [2]
0 524 [4]
198 317 [9]
249 273 [2]
13 503 [4]
51 467 [3]
7 518 [4]
34 485 [2]
129 387 [9]
221 300 [4]
10 512 [2]
248 276 [4]
248 269 [9]
153 364 [3]
177 340 [9]
115 407 [4]
232 291 [3]
91 433 [3]
160 362 [4]
251 275 [0]
77 445 [4]
4 520 [9]
11 514 [3]
89 429 [9]
127 400 [7]
70 454 [3]
140 384 [3]
198 320 [9]
181 342 [4]
146 372 [9]
65 457 [3]
187 331 [9]
216 302 [9]
62 459 [9]
10 513 [3]
2 526 [4]
199 327 [2]
172 350 [4]
247 278 [3]
34 493 [4]
263 265 [0]
76 450 [3]
104 422 [3]
108 412 [9]
136 389 [4]
6 519 [4]
244 282 [3]
222 306 [2]
161 366 [3]
50 477 [9]
144 384 [2]
94 427 [9]
219 311 [0]
71 457 [3]
54 467 [9]
133 394 [3]
242 280 [9]
56 470 [3]
3 528 [6]
105 424 [2]
160 367 [9]
34 488 [9]
168 354 [9]
2 529 [6]
221 309 [4]
120 403 [9]
178 352 [2]
165 363 [4]
18 510 [4]
4 524 [4]
209 315 [0]
150 374 [9]
232 296 [3]
3 530 [6]
171 357 [2]
220 313 [0]
7 526 [4]
76 454 [3]
26 498 [9]
254 272 [7]
59 470 [3]
123 407 [9]
178 353 [3]
66 462 [6]
1 531 [4]
114 417 [4]
88 444 [3]
157 369 [9]
29 503 [3]
58 474 [3]
65 465 [3]
86 440 [9]
187 345 [3]
151 375 [9]
104 431 [1]
14 520 [3]
221 311 [4]
169 364 [3]
20 508 [9]
256 280 [0]
54 479 [9]
252 275 [9]
129 398 [9]
263 270 [3]
3 533 [6]
57 477 [9]
33 502 [2]
243 291 [3]
88 446 [3]
133 395 [9]
30 498 [9]
118 411 [9]
203 331 [4]
76 457 [3]
31 502 [3]
88 447 [3]
117 412 [3]
25 504 [9]
260 278 [0]
178 351 [9]
3 535 [6]
189 347 [3]
265 270 [3]
6 524 [4]
172 358 [9]
126 404 [9]
215 320 [9]
80 458 [4]
34 496 [9]
184 351 [9]
216 319 [4]
237 299 [3]
230 308 [3]
172 359 [9]
213 324 [3]
126 411 [3]
134 397 [3]
42 495 [3]
250 290 [0]
78 460 [3]
254 282 [9]
124 407 [9]
171 367 [2]
129 403 [3]
36 496 [9]
188 353 [0]
247 294 [0]
75 459 [3]
48 484 [9]
192 346 [3]
222 316 [3]
38 494 [9]
108 430 [9]
9 531 [3]
8 528 [4]
10 523 [4]
2 541 [3]
59 476 [9]
162 381 [4]
228 307 [9]
195 340 [9]
162 373 [9]
248 292 [4]
70 467 [3]
79 456 [3]
152 383 [3]
217 318 [9]
32 509 [4]
35 503 [9]
78 465 [2]
52 490 [9]
185 351 [9]
26 511 [9]
188 352 [8]
32 507 [9]
46 496 [4]
234 303 [9]
1 545 [4]
8 537 [6]
1 540 [3]
198 340 [9]
234 313 [0]
262 285 [0]
12 532 [9]
132 414 [4]
7 540 [3]
115 431 [7]
79 464 [7]
108 439 [4]
194 354 [0]
34 508 [2]
221 323 [9]
267 281 [0]
85 460 [3]
225 315 [0]
118 426 [9]
43 501 [4]
253 292 [3]
79 467 [2]
88 459 [2]
63 480 [2]
2 547 [6]
206 334 [9]
4 541 [3]
4 536 [4]
209 338 [2]
163 383 [3]
239 310 [0]
39 507 [9]
123 419 [2]
139 402 [2]
34 512 [7]
165 382 [3]
252 298 [0]
111 438 [4]
90 457 [9]
28 514 [9]
213 334 [3]
94 447 [3]
82 462 [4]
26 521 [3]
255 292 [3]
146 401 [3]
54 491 [2]
125 417 [3]
81 463 [2]
107 435 [9]
168 380 [3]
84 465 [3]
140 407 [9]
62 489 [9]
87 464 [2]
41 506 [3]
134 414 [9]
51 492 [9]
157 392 [3]
6 544 [3]
180 369 [3]
109 434 [9]
114 438 [4]
241 303 [9]
194 357 [2]
68 485 [2]
95 452 [3]
202 349 [9]
26 519 [9]
95 458 [4]
128 417 [9]
139 411 [9]
179 366 [9]
28 522 [4]
207 345 [2]
39 512 [7]
261 284 [9]
21 531 [3]
25 526 [3]
70 477 [3]
35 515 [4]
243 306 [7]
127 424 [9]
35 518 [3]
140 412 [3]
175 371 [3]
188 367 [0]
268 286 [4]
242 304 [9]
10 541 [3]
188 360 [7]
6 543 [9]
123 424 [9]
3 549 [3]
195 358 [3]
29 525 [2]
268 282 [6]
174 373 [3]
24 527 [2]
24 531 [2]
78 477 [2]
35 520 [3]
177 376 [9]
43 507 [9]
95 453 [9]
87 467 [3]
12 540 [9]
50 505 [3]
271 286 [0]
70 480 [2]
21 534 [3]
216 339 [2]
6 547 [4]
136 419 [7]
189 360 [9]
147 407 [4]
25 529 [4]
49 501 [9]
193 364 [3]
274 282 [3]
154 396 [9]
146 404 [9]
59 499 [4]
144 406 [9]
275 281 [3]
2 557 [3]
5 551 [4]
196 361 [2]
208 342 [9]
40 513 [2]
212 345 [2]
15 540 [9]
88 464 [7]
40 517 [3]
93 465 [2]
229 329 [2]
134 417 [3]
83 475 [2]
50 507 [3]
10 546 [3]
133 418 [9]
2 558 [4]
146 412 [3]
56 502 [2]
33 525 [3]
72 486 [3]
257 304 [0]
117 441 [3]
71 487 [3]
106 446 [3]
163 395 [3]
219 343 [0]
65 488 [9]
36 523 [9]
1 561 [0]
171 388 [3]
194 364 [7]
18 536 [4]
187 373 [3]
48 512 [7]
206 348 [9]
49 512 [1]
164 391 [3]
180 381 [3]
265 299 [0]
7 557 [3]
249 315 [0]
206 349 [9]
222 340 [3]
268 288 [3]
89 472 [4]
235 330 [0]
157 399 [9]
225 337 [3]
20 536 [9]
168 395 [3]
267 299 [0]
116 447 [3]
268 292 [6]
7 559 [4]
66 497 [3]
127 435 [9]
46 518 [3]
156 407 [3]
63 502 [2]
21 542 [4]
183 382 [2]
61 503 [3]
21 543 [9]
240 327 [0]
64 500 [4]
72 487 [9]
99 467 [3]
163 396 [9]
192 374 [3]
71 488 [3]
174 385 [3]
228 337 [3]
7 561 [0]
5 560 [3]
84 478 [3]
36 529 [9]
176 389 [9]
179 381 [9]
7 562 [4]
279 291 [0]
146 422 [2]
136 425 [3]
69 492 [9]
33 531 [2]
36 532 [3]
35 532 [3]
19 548 [3]
95 466 [3]
22 541 [9]
145 421 [7]
67 502 [3]
99 468 [9]
37 530 [4]
115 447 [9]
10 561 [0]
94 471 [3]
261 307 [3]
29 541 [2]
53 513 [2]
237 333 [2]
52 511 [9]
39 524 [9]
137 426 [9]
279 293 [0]
237 326 [9]
122 447 [3]
246 326 [0]
177 392 [3]
261 302 [9]
54 515 [4]
162 409 [2]
27 544 [3]
3 567 [3]
19 551 [3]
212 359 [2]
73 499 [4]
259 310 [4]
201 369 [3]
280 284 [9]
214 350 [9]
23 546 [3]
223 341 [9]
117 454 [3]
33 537 [4]
205 366 [3]
54 516 [4]
70 502 [2]
7 567 [3]
202 363 [9]
131 434 [9]
243 329 [2]
179 394 [2]
47 519 [9]
113 458 [4]
194 374 [7]
4 563 [4]
5 567 [3]
269 307 [0]
87 486 [3]
148 425 [3]
220 353 [3]
232 344 [0]
99 475 [2]
163 404 [9]
44 523 [9]
50 523 [9]
93 480 [7]
125 450 [2]
236 339 [2]
220 352 [7]
217 351 [9]
34 536 [9]
146 428 [2]
161 413 [3]
206 368 [3]
19 553 [3]
16 558 [9]
258 319 [0]
182 394 [2]
242 333 [3]
5 570 [4]
2 576 [4]
75 497 [3]
284 295 [0]
126 451 [2]
76 494 [9]
214 356 [9]
242 328 [9]
257 313 [9]
175 396 [9]
73 505 [3]
193 378 [9]
151 422 [3]
206 371 [3]
148 423 [3]
10 568 [3]
192 385 [3]
232 346 [2]
50 522 [9]
236 336 [9]
237 341 [3]
12 562 [9]
16 556 [4]
92 486 [3]
205 374 [2]
17 555 [4]
55 517 [9]
231 350 [0]
286 295 [0]
33 545 [3]
102 478 [2]
60 520 [3]
85 495 [3]
286 287 [9]
287 294 [4]
93 487 [3]
234 347 [2]
220 361 [2]
194 389 [0]
3 580 [4]
247 332 [4]
0 583 [4]
211 370 [2]
262 314 [2]
35 542 [4]
55 526 [9]
26 553 [2]
29 548 [2]
227 355 [2]
80 502 [2]
135 447 [2]
280 304 [0]
149 426 [9]
260 325 [0]
127 455 [3]
133 450 [3]
48 528 [9]
3 574 [3]
147 429 [9]
95 487 [3]
213 369 [3]
204 372 [9]
249 331 [2]
106 476 [3]
63 520 [2]
0 585 [4]
254 329 [2]
245 338 [3]
264 319 [3]
110 473 [7]
59 525 [3]
284 302 [0]
152 425 [9]
124 453 [9]
41 540 [2]
124 461 [3]
157 428 [2]
87 491 [7]
286 298 [3]
2 585 [4]
25 557 [2]
90 488 [4]
118 464 [7]
256 329 [2]
229 356 [3]
41 538 [9]
2 586 [3]
15 570 [9]
165 420 [3]
3 583 [3]
290 294 [4]
235 350 [3]
98 487 [3]
193 394 [2]
99 487 [3]
7 582 [4]
139 441 [9]
85 502 [2]
114 466 [9]
126 461 [2]
2 579 [3]
20 568 [3]
155 431 [8]
118 470 [2]
205 383 [2]
151 430 [9]
13 572 [9]
3 579 [3]
291 300 [0]
112 474 [7]
216 366 [9]
267 317 [7]
239 344 [8]
257 331 [3]
30 553 [3]
148 441 [3]
111 477 [3]
12 573 [9]
58 529 [9]
287 295 [9]
15 569 [6]
158 432 [2]
113 477 [2]
59 531 [3]
89 494 [3]
235 354 [3]
290 293 [9]
286 303 [3]
38 554 [2]
279 312 [2]
32 558 [3]
67 522 [4]
227 357 [9]
43 543 [9]
16 569 [0]
20 570 [9]
90 494 [4]
276 313 [4]
38 553 [3]
148 443 [3]
293 296 [2]
251 340 [3]
256 330 [9]
275 316 [3]
284 310 [0]
170 419 [7]
140 445 [9]
72 520 [3]
243 348 [3]
234 351 [9]
260 329 [0]
62 531 [3]
108 480 [2]
233 359 [3]
49 539 [2]
119 474 [2]
151 435 [9]
7 588 [3]
222 371 [2]
103 490 [2]
235 359 [2]
74 520 [2]
206 381 [9]
210 383 [2]
233 360 [3]
256 338 [2]
107 489 [7]
58 536 [9]
35 559 [3]
252 339 [8]
81 508 [7]
4 584 [4]
181 407 [9]
36 552 [9]
97 492 [9]
142 454 [2]
219 377 [2]
192 403 [3]
171 425 [2]
227 362 [9]
25 570 [9]
285 310 [2]
56 539 [2]
92 503 [3]
263 332 [3]
40 555 [3]
59 536 [3]
72 523 [9]
12 581 [9]
118 479 [2]
0 599 [4]
152 444 [3]
246 344 [9]
280 316 [3]
102 493 [9]
148 448 [3]
282 314 [3]
195 396 [9]
189 409 [2]
37 558 [3]
23 571 [6]
154 443 [3]
181 410 [3]
3 589 [3]
66 532 [3]
241 356 [9]
248 343 [9]
41 558 [3]
247 352 [2]
179 420 [2]
39 555 [9]
22 575 [2]
108 484 [3]
82 517 [3]
127 466 [9]
110 486 [3]
131 469 [2]
32 563 [9]
213 386 [3]
103 497 [2]
15 581 [3]
3 597 [3]
151 444 [3]
148 452 [2]
226 368 [9]
78 523 [2]
131 464 [7]
4 592 [4]
67 534 [3]
149 445 [9]
21 577 [2]
16 581 [9]
124 477 [2]
155 439 [9]
198 396 [9]
0 603 [4]
235 364 [7]
94 503 [3]
9 589 [2]
12 585 [9]
140 461 [3]
105 494 [2]
26 573 [2]
25 576 [9]
98 505 [2]
26 574 [2]
298 307 [0]
9 593 [9]
36 566 [2]
3 599 [3]
258 345 [2]
59 542 [4]
40 563 [3]
171 428 [8]
39 561 [6]
50 549 [2]
44 559 [3]
88 517 [2]
28 573 [2]
28 576 [9]
201 403 [3]
41 563 [9]
124 481 [2]
262 338 [7]
28 574 [2]
105 495 [7]
42 564 [3]
71 528 [9]
56 550 [3]
125 480 [7]
19 587 [3]
7 601 [4]
4 603 [3]
89 511 [9]
284 322 [3]
2 607 [3]
237 370 [2]
199 402 [7]
68 540 [7]
210 390 [9]
12 594 [9]
106 494 [3]
167 441 [2]
164 443 [3]
52 555 [9]
62 542 [4]
6 601 [9]
251 350 [9]
69 539 [2]
63 545 [3]
53 557 [7]
22 587 [3]
198 404 [3]
110 492 [3]
4 598 [4]
66 540 [2]
238 371 [2]
248 361 [2]
65 544 [2]
14 595 [3]
195 413 [3]
198 412 [2]
68 535 [9]
261 342 [9]
43 562 [9]
117 491 [7]
51 557 [7]
65 538 [9]
134 476 [2]
102 501 [3]
177 433 [2]
296 313 [3]
15 594 [9]
192 415 [7]
57 554 [7]
4 601 [4]
269 343 [0]
123 483 [2]
253 360 [0]
212 398 [3]
286 325 [2]
217 394 [2]
198 406 [9]
127 482 [4]
135 476 [2]
106 504 [3]
96 509 [9]
138 471 [7]
15 592 [9]
17 589 [3]
3 608 [3]
2 612 [4]
65 543 [3]
258 352 [7]
276 330 [9]
134 472 [9]
271 344 [0]
268 338 [9]
213 399 [3]
277 338 [0]
88 524 [3]
145 463 [8]
237 377 [2]
231 380 [7]
299 315 [2]
299 312 [7]
305 311 [0]
168 446 [2]
230 384 [2]
178 435 [3]
18 591 [9]
138 474 [7]
61 547 [9]
155 460 [2]
292 322 [3]
227 381 [9]
168 447 [2]
25 591 [2]
42 569 [6]
302 315 [0]
133 483 [2]
11 598 [4]
224 390 [4]
111 504 [3]
233 376 [9]
16 600 [3]
111 505 [2]
3 610 [9]
126 490 [2]
46 565 [9]
231 388 [0]
99 518 [2]
6 611 [2]
12 606 [9]
195 422 [2]
115 497 [3]
44 568 [3]
5 614 [4]
247 369 [3]
45 571 [9]
127 484 [9]
280 337 [3]
166 445 [9]
286 331 [3]
257 355 [7]
35 583 [3]
92 519 [9]
206 412 [2]
47 570 [3]
179 438 [3]
57 559 [3]
130 482 [3]
153 461 [3]
285 336 [0]
197 422 [2]
202 416 [3]
0 621 [4]
75 542 [9]
37 582 [3]
83 535 [3]
45 572 [7]
191 427 [3]
32 580 [9]
125 495 [2]
76 539 [2]
244 371 [7]
251 362 [9]
139 481 [9]
34 580 [9]
213 405 [7]
242 378 [3]
229 392 [2]
8 610 [9]
111 506 [2]
269 347 [7]
179 442 [3]
211 411 [2]
292 329 [3]
12 609 [9]
1 621 [3]
2 616 [6]
86 535 [9]
29 590 [2]
143 480 [2]
1 622 [3]
79 544 [2]
32 584 [9]
18 606 [9]
283 342 [0]
239 382 [7]
19 598 [4]
215 409 [2]
57 564 [3]
193 430 [3]
209 412 [7]
21 603 [3]
265 355 [8]
2 624 [3]
133 484 [3]
160 463 [7]
61 562 [3]
13 607 [3]
84 539 [2]
108 510 [9]
127 497 [3]
44 576 [9]
52 569 [6]
194 426 [2]
4 614 [4]
78 547 [3]
210 415 [2]
246 379 [3]
54 567 [3]
300 319 [9]
94 530 [9]
229 396 [3]
5 619 [9]
137 488 [3]
61 560 [2]
232 392 [7]
101 520 [7]
176 451 [2]
191 435 [3]
6 619 [2]
16 607 [9]
3 626 [4]
238 388 [3]
0 628 [3]
97 524 [3]
246 382 [2]
19 608 [3]
179 448 [3]
7 623 [4]
197 430 [3]
274 356 [0]
314 317 [0]
85 537 [9]
17 605 [2]
267 359 [7]
292 330 [9]
13 616 [2]
113 517 [2]
81 542 [9]
59 566 [2]
135 491 [1]
32 593 [9]
302 330 [0]
7 625 [4]
153 476 [3]
27 603 [3]
264 368 [0]
78 549 [7]
211 420 [2]
220 410 [3]
292 338 [3]
150 477 [3]
21 607 [2]
190 442 [2]
225 407 [2]
11 621 [3]
185 448 [2]
200 433 [2]
3 629 [3]
245 381 [9]
186 440 [9]
154 472 [9]
22 611 [2]
113 521 [2]
26 602 [2]
224 403 [9]
13 619 [2]
243 390 [3]
35 600 [3]
99 536 [3]
145 491 [1]
12 623 [3]
23 605 [2]
214 420 [3]
30 598 [9]
40 595 [2]
145 487 [7]
4 626 [4]
24 609 [3]
316 322 [0]
83 552 [3]
15 621 [3]
215 421 [2]
190 446 [2]
283 353 [2]
96 533 [3]
256 379 [3]
29 602 [2]
6 630 [3]
235 401 [2]
108 522 [9]
42 591 [2]
45 589 [7]
229 408 [2]
223 413 [3]
36 601 [3]
4 627 [3]
286 350 [3]
16 619 [2]
29 609 [2]
26 606 [2]
269 364 [7]
30 602 [2]
28 609 [3]
235 403 [2]
114 523 [9]
12 620 [3]
293 348 [0]
313 325 [3]
193 439 [9]
188 448 [7]
6 627 [9]
16 623 [3]
8 626 [4]
247 393 [2]
114 526 [3]
54 579 [2]
88 549 [7]
205 435 [2]
93 541 [7]
178 459 [7]
191 448 [3]
156 480 [8]
187 453 [3]
186 453 [4]
9 631 [3]
153 489 [7]
6 635 [3]
108 527 [7]
247 394 [2]
68 569 [4]
212 429 [2]
284 356 [3]
234 408 [2]
128 513 [2]
41 601 [3]
273 371 [0]
11 626 [4]
107 531 [2]
141 499 [4]
65 574 [2]
299 338 [7]
66 574 [2]
48 591 [2]
322 323 [0]
21 622 [3]
111 530 [4]
46 597 [3]
85 552 [3]
179 458 [9]
5 633 [9]
102 543 [2]
66 575 [7]
93 549 [7]
222 423 [2]
259 379 [9]
63 578 [2]
35 609 [3]
252 390 [2]
312 335 [0]
133 514 [7]
75 567 [2]
36 604 [2]
203 436 [9]
107 537 [9]
0 643 [3]
2 645 [6]
83 564 [2]
289 358 [2]
88 559 [2]
109 538 [2]
222 425 [2]
22 624 [3]
27 614 [9]
153 495 [2]
2 648 [3]
45 603 [2]
284 361 [7]
223 424 [3]
199 448 [3]
309 342 [0]
266 385 [0]
252 392 [7]
85 564 [2]
279 370 [2]
1 641 [9]
138 512 [8]
242 407 [3]
105 541 [8]
6 638 [2]
283 367 [2]
37 610 [2]
246 403 [3]
35 615 [3]
7 645 [3]
235 414 [3]
18 627 [9]
135 516 [2]
88 561 [9]
271 380 [2]
197 453 [3]
321 332 [0]
303 350 [0]
293 358 [2]
41 604 [2]
149 502 [2]
49 596 [7]
270 382 [2]
209 443 [7]
297 357 [0]
157 495 [2]
248 403 [3]
65 580 [9]
90 555 [9]
215 437 [2]
66 585 [3]
105 545 [7]
114 537 [4]
221 432 [2]
194 455 [8]
14 633 [7]
4 649 [4]
19 629 [3]
183 467 [7]
100 552 [3]
235 418 [2]
5 641 [9]
27 626 [9]
42 605 [7]
52 596 [2]
320 336 [0]
85 566 [7]
185 468 [3]
275 378 [3]
233 414 [9]
10 645 [9]
303 348 [0]
204 451 [2]
309 348 [0]
299 352 [8]
317 340 [0]
323 334 [0]
242 406 [9]
101 555 [2]
246 410 [2]
224 425 [9]
244 414 [0]
252 406 [0]
24 631 [2]
287 362 [9]
196 457 [7]
42 613 [9]
53 602 [2]
9 647 [3]
105 548 [8]
249 408 [7]
255 404 [0]
127 527 [2]
55 601 [9]
155 501 [3]
11 640 [4]
1 657 [3]
35 622 [3]
65 588 [2]
68 591 [2]
106 549 [7]
48 607 [2]
96 557 [7]
36 621 [2]
19 633 [2]
28 630 [3]
141 510 [3]
73 584 [3]
229 429 [2]
210 449 [2]
296 365 [0]
183 470 [7]
100 559 [2]
307 347 [7]
46 610 [2]
44 615 [3]
21 633 [7]
148 506 [7]
322 333 [7]
10 649 [4]
297 358 [7]
110 550 [2]
191 468 [3]
171 484 [7]
285 370 [7]
94 567 [7]
233 427 [2]
318 342 [2]
35 625 [3]
143 518 [3]
117 537 [9]
237 424 [2]
17 638 [2]
304 356 [3]
293 365 [2]
189 470 [2]
161 500 [3]
101 557 [8]
2 662 [4]
77 586 [2]
10 653 [3]
159 503 [2]
153 504 [3]
280 381 [3]
23 639 [3]
328 337 [0]
79 581 [7]
245 417 [3]
69 594 [3]
144 519 [2]
3 656 [9]
98 565 [2]
135 528 [2]
202 459 [7]
178 485 [8]
0 659 [6]
266 400 [0]
17 640 [4]
209 450 [8]
299 361 [8]
99 567 [7]
89 573 [7]
39 620 [3]
31 631 [3]
283 379 [3]
130 535 [3]
173 492 [3]
43 623 [3]
258 408 [2]
212 451 [7]
248 417 [3]
141 525 [2]
8 659 [2]
190 470 [7]
227 438 [3]
84 578 [2]
83 582 [7]
262 402 [1]
83 578 [7]
3 661 [9]
231 431 [5]
202 464 [8]
198 469 [2]
40 626 [3]
42 625 [3]
240 422 [8]
164 504 [3]
111 556 [3]
316 354 [0]
332 335 [3]
22 646 [3]
7 663 [4]
109 558 [2]
280 387 [2]
226 435 [3]
228 439 [9]
99 570 [2]
230 438 [3]
51 615 [2]
78 589 [7]
281 388 [2]
87 578 [2]
318 353 [0]
186 476 [9]
113 556 [2]
6 657 [9]
17 653 [9]
116 552 [3]
143 521 [3]
144 520 [7]
196 471 [7]
97 568 [2]
234 433 [7]
141 522 [3]
311 359 [7]
6 663 [9]
8 655 [4]
297 376 [0]
68 596 [7]
70 597 [2]
190 478 [7]
68 602 [2]
127 539 [2]
1 668 [9]
48 621 [2]
113 554 [1]
127 538 [9]
91 575 [7]
257 409 [7]
296 378 [0]
178 489 [8]
86 585 [3]
254 418 [2]
69 602 [2]
41 628 [2]
227 446 [2]
276 396 [3]
6 664 [9]
2 669 [9]
260 415 [1]
63 611 [1]
327 344 [7]
13 658 [3]
4 665 [9]
150 520 [2]
198 476 [2]
10 661 [9]
324 350 [2]
98 576 [2]
33 636 [7]
44 630 [3]
53 618 [2]
76 598 [3]
200 474 [2]
17 659 [2]
13 662 [3]
133 535 [9]
295 380 [2]
130 545 [2]
43 631 [3]
71 606 [7]
198 478 [2]
84 589 [7]
180 490 [7]
222 453 [3]
64 605 [7]
196 478 [7]
112 562 [2]
3 676 [4]
234 443 [2]
313 363 [9]
155 521 [2]
263 414 [2]
82 591 [2]
123 553 [2]
334 343 [2]
64 610 [2]
154 522 [3]
284 393 [7]
133 542 [9]
52 625 [3]
16 654 [9]
49 624 [2]
93 584 [3]
141 531 [2]
253 426 [0]
203 474 [2]
119 553 [7]
110 569 [4]
69 609 [3]
2 678 [6]
7 669 [6]
206 471 [2]
139 537 [4]
198 479 [7]
10 665 [9]
213 459 [7]
88 588 [7]
288 393 [0]
190 483 [7]
162 517 [3]
162 510 [3]
9 665 [2]
4 670 [9]
1 679 [3]
45 635 [2]
59 617 [2]
12 664 [9]
218 457 [7]
60 617 [2]
42 633 [7]
78 602 [7]
83 597 [7]
312 371 [0]
141 533 [9]
64 615 [3]
103 577 [7]
87 595 [2]
135 544 [7]
261 415 [7]
45 637 [2]
36 643 [2]
269 409 [8]
239 440 [7]
97 586 [7]
63 612 [3]
44 637 [3]
47 632 [2]
166 509 [3]
2 682 [4]
255 430 [0]
76 605 [1]
173 507 [7]
187 496 [2]
34 649 [3]
279 404 [2]
304 378 [3]
120 564 [2]
201 482 [2]
18 666 [3]
104 574 [7]
91 593 [3]
141 537 [9]
152 527 [7]
233 452 [2]
24 654 [7]
26 652 [9]
174 510 [3]
2 685 [4]
296 384 [7]
10 670 [9]
320 367 [0]
239 443 [7]
223 459 [7]
300 388 [0]
308 380 [0]
170 516 [3]
23 660 [9]
245 441 [2]
150 529 [9]
182 504 [2]
139 541 [2]
306 382 [0]
121 566 [7]
245 434 [9]
136 550 [2]
108 578 [2]
303 386 [0]
10 674 [3]
261 426 [2]
180 504 [7]
70 610 [7]
156 530 [3]
236 450 [2]
26 656 [7]
282 405 [2]
232 449 [7]
232 450 [8]
295 393 [7]
34 650 [2]
18 664 [9]
36 647 [2]
227 459 [7]
266 417 [8]
73 617 [2]
30 653 [2]
52 637 [3]
168 522 [2]
58 628 [2]
153 530 [9]
161 529 [2]
341 351 [0]
310 380 [2]
275 414 [9]
332 357 [3]
127 560 [2]
143 543 [3]
116 573 [7]
85 604 [7]
152 534 [2]
236 455 [2]
12 677 [2]
141 551 [2]
269 418 [7]
98 594 [2]
106 582 [2]
33 660 [7]
51 636 [7]
246 446 [2]
18 675 [2]
29 661 [1]
172 521 [3]
247 446 [2]
231 463 [8]
237 456 [2]
111 575 [7]
215 478 [2]
0 686 [9]
307 388 [0]
94 599 [2]
124 570 [2]
6 685 [3]
178 516 [2]
53 640 [3]
273 424 [0]
174 521 [2]
108 580 [3]
101 591 [8]
265 427 [7]
270 425 [2]
0 693 [9]
301 396 [0]
156 540 [1]
57 633 [7]
247 448 [3]
96 599 [7]
307 384 [7]
264 433 [8]
21 671 [2]
53 638 [7]
271 421 [7]
44 647 [3]
12 679 [9]
255 436 [8]
291 407 [2]
240 460 [0]
28 668 [2]
18 678 [4]
6 690 [3]
162 529 [3]
0 695 [9]
302 393 [7]
193 502 [7]
331 369 [0]
181 517 [2]
272 428 [0]
139 559 [3]
194 506 [1]
155 543 [2]
314 387 [0]
2 699 [3]
154 540 [1]
230 462 [9]
71 629 [2]
270 429 [2]
7 694 [3]
84 617 [7]
243 454 [7]
20 674 [3]
124 576 [2]
70 625 [2]
2 695 [9]
75 621 [2]
171 523 [7]
197 503 [2]
56 638 [7]
149 551 [2]
282 418 [2]
277 426 [0]
123 571 [9]
74 626 [3]
4 691 [9]
130 568 [7]
27 675 [7]
113 587 [7]
63 639 [2]
298 404 [2]
79 623 [2]
253 443 [8]
109 593 [2]
317 387 [8]
53 649 [2]
21 677 [2]
195 500 [3]
323 374 [7]
159 544 [2]
51 653 [7]
53 651 [7]
274 424 [7]
70 627 [7]
170 532 [2]
8 690 [3]
97 605 [1]
313 391 [2]
34 665 [2]
131 567 [7]
114 591 [2]
78 620 [7]
329 377 [0]
96 602 [7]
220 481 [2]
31 672 [2]
146 553 [7]
4 702 [9]
3 703 [3]
42 657 [2]
269 431 [5]
203 502 [2]
328 377 [7]
328 379 [0]
46 652 [9]
57 641 [7]
352 355 [0]
209 490 [7]
13 690 [3]
114 586 [2]
278 430 [0]
20 687 [9]
2 706 [3]
163 543 [2]
254 449 [7]
313 393 [2]
265 437 [8]
97 609 [2]
141 565 [2]
301 407 [0]
13 687 [9]
119 587 [7]
308 401 [0]
98 604 [7]
316 388 [2]
133 572 [7]
108 595 [2]
44 657 [9]
348 359 [2]
27 678 [4]
341 364 [7]
84 619 [1]
4 699 [3]
176 531 [7]
48 657 [2]
93 614 [3]
25 683 [3]
28 678 [4]
101 602 [7]
25 682 [2]
21 685 [3]
3 704 [9]
106 600 [2]
198 506 [7]
105 600 [8]
126 584 [2]
56 648 [2]
139 566 [2]
36 672 [2]
12 696 [2]
142 561 [3]
233 475 [7]
259 452 [2]
40 670 [7]
193 519 [2]
57 651 [7]
254 455 [7]
119 593 [2]
290 423 [2]
106 603 [2]
101 605 [8]
263 445 [7]
2 713 [3]
10 700 [9]
161 552 [2]
281 434 [0]
217 496 [3]
21 689 [2]
143 566 [2]
47 664 [2]
155 558 [7]
217 497 [2]
31 683 [3]
26 685 [3]
105 605 [5]
318 399 [0]
112 597 [7]
137 571 [9]
280 434 [3]
104 611 [1]
115 600 [2]
306 402 [5]
59 655 [3]
2 715 [3]
96 618 [7]
215 493 [9]
349 369 [0]
333 378 [7]
153 563 [2]
214 501 [3]
0 711 [9]
143 568 [2]
250 466 [2]
270 445 [3]
36 677 [2]
266 453 [0]
114 604 [2]
76 636 [7]
215 502 [2]
1 717 [3]
75 643 [7]
27 684 [2]
2 712 [6]
131 583 [2]
317 397 [7]
141 574 [7]
250 464 [8]
144 568 [7]
142 569 [9]
79 639 [2]
267 448 [7]
2 711 [3]
175 543 [2]
147 567 [2]
196 522 [2]
284 434 [2]
206 512 [8]
56 661 [7]
43 670 [2]
49 671 [7]
321 400 [5]
223 496 [2]
180 534 [8]
3 710 [3]
11 705 [2]
275 444 [2]
294 424 [3]
95 621 [2]
238 475 [7]
89 625 [2]
207 507 [7]
243 473 [8]
165 551 [2]
86 629 [2]
112 604 [1]
147 569 [4]
267 447 [8]
4 710 [9]
4 711 [9]
74 642 [7]
97 617 [7]
217 503 [2]
79 638 [1]
14 703 [2]
58 657 [2]
83 633 [8]
36 679 [2]
166 551 [2]
312 411 [7]
253 469 [1]
2 721 [3]
163 554 [1]
331 385 [7]
73 641 [1]
55 666 [3]
220 501 [2]
191 525 [7]
273 450 [1]
6 717 [9]
315 407 [2]
212 510 [2]
184 538 [2]
320 397 [7]
39 679 [2]
96 626 [2]
58 658 [2]
226 491 [1]
170 551 [7]
186 534 [3]
45 675 [1]
35 684 [2]
264 456 [8]
42 681 [3]
213 510 [2]
273 444 [8]
83 634 [7]
345 380 [0]
100 617 [7]
280 443 [2]
97 622 [2]
9 714 [3]
54 665 [2]
255 470 [1]
21 697 [2]
277 441 [8]
14 706 [2]
270 453 [3]
337 389 [0]
74 651 [7]
94 630 [2]
341 386 [0]
176 542 [3]
66 660 [2]
106 616 [1]
105 615 [8]
3 721 [3]
26 700 [2]
213 512 [5]
174 551 [7]
52 667 [9]
140 582 [2]
291 435 [2]
356 372 [0]
151 574 [7]
29 695 [1]
272 457 [0]
81 642 [1]
193 533 [3]
180 547 [2]
331 398 [0]
329 392 [8]
254 471 [7]
281 441 [8]
179 546 [8]
100 625 [2]
213 515 [2]
3 720 [9]
96 632 [7]
34 692 [3]
221 501 [3]
10 713 [9]
168 557 [8]
297 429 [7]
20 703 [9]
48 681 [3]
324 407 [0]
2 723 [6]
101 622 [7]
246 482 [2]
55 671 [2]
351 381 [0]
315 412 [7]
50 678 [9]
49 681 [2]
0 724 [3]
130 596 [1]
167 560 [8]
70 657 [7]
358 375 [0]
128 603 [2]
183 545 [7]
5 719 [9]
199 527 [8]
249 477 [7]
55 669 [2]
0 728 [3]
83 643 [1]
318 410 [7]
281 444 [8]
220 511 [2]
248 482 [3]
69 656 [7]
293 433 [8]
67 661 [2]
246 480 [8]
40 686 [7]
134 595 [7]
289 443 [2]
318 414 [2]
300 428 [8]
281 448 [7]
104 624 [2]
360 367 [7]
2 729 [6]
1 732 [3]
259 470 [7]
128 600 [2]
170 557 [1]
9 722 [2]
132 601 [2]
199 531 [7]
69 661 [1]
80 649 [2]
6 720 [9]
329 402 [1]
308 420 [8]
6 725 [2]
223 511 [2]
59 671 [7]
340 396 [0]
171 559 [8]
263 467 [8]
24 706 [2]
183 546 [8]
238 490 [7]
264 472 [0]
227 502 [7]
216 513 [7]
63 673 [2]
215 519 [3]
15 713 [9]
11 722 [3]
314 418 [7]
19 715 [3]
207 529 [2]
200 535 [3]
120 615 [7]
22 708 [3]
138 598 [2]
338 400 [0]
281 449 [8]
28 708 [3]
255 483 [1]
127 606 [2]
2 737 [3]
337 394 [7]
155 577 [8]
212 527 [1]
158 580 [3]
244 490 [8]
0 740 [3]
188 551 [1]
266 466 [8]
15 721 [3]
74 661 [7]
125 613 [2]
89 649 [2]
48 687 [2]
261 473 [8]
144 592 [2]
183 550 [7]
101 632 [7]
167 571 [3]
2 739 [4]
20 718 [3]
331 403 [7]
238 498 [7]
45 691 [7]
317 416 [8]
355 378 [8]
298 436 [7]
106 628 [7]
250 491 [1]
284 456 [2]
191 546 [8]
110 631 [7]
36 698 [2]
70 666 [2]
294 446 [2]
1 737 [3]
255 481 [8]
59 681 [3]
250 487 [2]
175 560 [7]
15 719 [2]
2 734 [3]
100 638 [1]
180 555 [7]
92 649 [3]
115 622 [2]
147 590 [2]
182 553 [7]
362 381 [0]
58 683 [3]
45 694 [7]
151 590 [7]
64 673 [2]
12 726 [9]
10 733 [9]
44 695 [2]
130 606 [7]
59 680 [2]
44 696 [2]
131 612 [2]
60 683 [3]
219 520 [8]
351 389 [2]
44 698 [9]
160 583 [7]
218 523 [7]
41 697 [2]
262 476 [8]
18 721 [3]
17 720 [9]
373 374 [0]
201 540 [1]
112 630 [7]
21 723 [2]
303 442 [2]
341 406 [5]
302 437 [7]
64 677 [7]
357 390 [0]
357 388 [2]
163 579 [1]
158 587 [7]
147 598 [3]
299 441 [8]
19 725 [2]
210 534 [7]
153 594 [2]
39 708 [3]
6 734 [9]
166 582 [2]
12 731 [2]
55 690 [3]
12 728 [2]
223 518 [7]
336 408 [7]
208 534 [7]
25 721 [3]
49 697 [7]
283 462 [2]
307 436 [7]
170 575 [8]
341 407 [2]
4 739 [4]
33 710 [7]
364 380 [8]
55 686 [2]
31 714 [3]
121 629 [7]
372 379 [0]
46 701 [2]
220 529 [2]
228 518 [7]
22 720 [2]
11 735 [9]
134 610 [1]
63 687 [7]
282 464 [8]
188 560 [1]
172 571 [9]
281 470 [1]
263 482 [7]
351 394 [7]
26 718 [2]
27 723 [7]
114 638 [7]
225 527 [1]
12 735 [9]
5 742 [9]
183 565 [7]
136 614 [3]
48 699 [2]
178 570 [7]
36 709 [2]
89 659 [1]
278 474 [1]
224 523 [3]
213 534 [8]
112 634 [7]
251 501 [2]
315 432 [7]
332 420 [2]
359 395 [0]
107 640 [3]
242 507 [7]
246 503 [7]
279 470 [8]
51 703 [7]
201 552 [2]
81 673 [7]
263 484 [8]
250 497 [7]
197 556 [2]
70 683 [2]
284 466 [7]
70 676 [9]
217 536 [2]
130 623 [7]
119 629 [7]
366 390 [0]
98 653 [7]
14 733 [2]
223 525 [7]
163 586 [7]
173 581 [8]
238 513 [8]
111 638 [7]
25 729 [7]
231 519 [7]
229 527 [1]
265 484 [8]
128 622 [2]
313 443 [2]
310 446 [7]
133 618 [2]
47 702 [2]
21 731 [2]
262 490 [8]
294 459 [2]
18 732 [9]
262 488 [8]
15 736 [2]
198 554 [1]
80 675 [1]
59 696 [7]
125 629 [7]
235 519 [7]
376 381 [2]
97 654 [7]
11 742 [9]
4 749 [9]
221 535 [3]
312 441 [8]
131 623 [7]
257 499 [3]
154 596 [1]
95 663 [2]
187 570 [2]
258 497 [7]
174 584 [2]
339 421 [0]
30 723 [7]
22 734 [2]
262 499 [0]
321 431 [8]
119 640 [2]
255 498 [8]
52 705 [7]
38 720 [2]
208 552 [2]
68 686 [1]
293 463 [8]
282 473 [8]
250 510 [2]
235 521 [8]
365 398 [0]
187 568 [7]
269 487 [7]
152 606 [7]
63 693 [1]
177 583 [7]
150 611 [1]
199 557 [1]
242 514 [8]
108 650 [7]
202 553 [7]
328 434 [2]
172 591 [7]
53 704 [7]
10 745 [9]
153 604 [7]
13 746 [9]
21 736 [2]
12 743 [9]
251 508 [8]
30 730 [2]
21 735 [2]
34 724 [2]
314 445 [7]
105 660 [1]
35 727 [3]
76 688 [3]
88 669 [8]
7 759 [6]
33 727 [2]
192 568 [8]
164 596 [1]
263 496 [8]
227 537 [3]
77 682 [2]
36 724 [2]
4 755 [3]
348 412 [7]
130 632 [7]
222 542 [2]
88 676 [3]
15 743 [2]
30 731 [7]
127 633 [7]
175 590 [7]
56 706 [2]
362 406 [0]
182 584 [2]
201 559 [7]
1 760 [3]
218 544 [8]
131 633 [8]
289 473 [8]
338 426 [7]
154 613 [2]
52 710 [2]
310 452 [7]
80 688 [2]
204 558 [7]
65 701 [7]
48 714 [2]
380 383 [8]
100 667 [3]
272 489 [9]
176 592 [2]
257 512 [5]
191 573 [8]
204 562 [7]
24 738 [9]
265 501 [7]
4 758 [9]
354 410 [7]
328 436 [7]
338 432 [1]
54 710 [2]
47 717 [2]
116 652 [3]
28 735 [2]
142 627 [8]
88 679 [7]
368 404 [0]
261 509 [2]
183 584 [2]
133 637 [2]
269 496 [7]
158 607 [1]
187 579 [1]
68 703 [2]
4 761 [9]
191 576 [7]
45 727 [2]
244 522 [7]
5 761 [9]
124 641 [8]
242 529 [2]
284 481 [7]
144 621 [7]
81 687 [7]
38 730 [2]
6 760 [9]
290 478 [7]
374 400 [0]
201 566 [8]
326 446 [2]
279 488 [7]
208 558 [7]
329 445 [0]
280 486 [7]
366 406 [2]
111 654 [7]
74 696 [7]
241 525 [7]
381 391 [2]
20 749 [2]
32 740 [3]
189 583 [7]
245 527 [8]
243 525 [8]
288 486 [1]
323 444 [7]
97 677 [1]
365 404 [0]
327 449 [0]
179 592 [7]
5 768 [4]
308 467 [1]
35 732 [2]
384 392 [0]
150 621 [2]
270 504 [2]
261 507 [7]
218 550 [7]
136 637 [2]
363 414 [0]
36 732 [2]
162 612 [3]
1 775 [3]
274 496 [7]
164 611 [8]
376 399 [2]
3 767 [9]
116 656 [1]
384 386 [7]
185 587 [7]
102 674 [7]
77 695 [1]
42 730 [2]
165 611 [8]
297 475 [8]
65 707 [7]
172 600 [2]
352 421 [5]
295 476 [7]
8 769 [3]
11 758 [9]
71 706 [7]
4 767 [9]
189 581 [7]
233 542 [3]
254 520 [8]
65 709 [2]
9 765 [3]
230 547 [2]
315 464 [1]
163 610 [1]
346 434 [0]
104 667 [9]
128 646 [2]
301 478 [8]
126 651 [8]
81 698 [7]
126 654 [1]
120 656 [1]
30 744 [2]
380 401 [7]
245 531 [7]
126 650 [1]
231 549 [1]
172 603 [2]
167 605 [8]
307 472 [2]
18 755 [9]
133 642 [7]
203 574 [7]
8 764 [9]
120 654 [1]
31 746 [9]
75 706 [2]
46 730 [9]
359 423 [0]
171 607 [1]
106 668 [1]
82 695 [7]
162 618 [7]
373 410 [0]
370 413 [0]
281 494 [8]
22 755 [9]
292 483 [7]
118 663 [2]
82 697 [7]
84 692 [2]
40 737 [2]
288 495 [1]
119 657 [7]
84 696 [1]
229 549 [8]
260 523 [8]
368 415 [8]
169 612 [3]
0 784 [4]
223 553 [7]
32 743 [2]
385 400 [0]
84 697 [7]
6 772 [9]
152 626 [2]
265 515 [7]
12 766 [9]
75 709 [7]
43 739 [9]
256 524 [7]
198 585 [2]
75 702 [7]
134 649 [7]
323 457 [8]
375 411 [0]
328 452 [8]
6 774 [2]
117 666 [2]
125 656 [1]
94 684 [7]
354 425 [7]
391 395 [0]
204 577 [8]
155 624 [7]
255 524 [8]
38 742 [7]
6 776 [9]
36 750 [7]
63 718 [2]
277 506 [1]
338 441 [8]
356 424 [7]
264 514 [5]
62 716 [2]
256 523 [7]
278 501 [8]
385 403 [0]
101 680 [8]
335 445 [8]
70 715 [2]
37 750 [7]
35 751 [3]
274 513 [1]
360 426 [2]
147 639 [2]
301 481 [8]
152 628 [7]
255 532 [1]
146 634 [7]
373 415 [1]
113 668 [1]
127 657 [2]
153 628 [7]
28 755 [2]
320 461 [8]
31 754 [2]
18 768 [9]
207 580 [2]
236 550 [2]
95 689 [7]
175 606 [7]
333 456 [0]
205 578 [8]
352 437 [0]
306 479 [5]
42 741 [2]
229 556 [7]
128 657 [7]
140 644 [2]
103 682 [7]
394 395 [1]
48 733 [7]
5 781 [9]
125 662 [7]
306 484 [0]
61 725 [7]
365 420 [7]
124 663 [2]
302 485 [1]
212 575 [5]
353 438 [0]
213 570 [7]
247 539 [7]
106 683 [2]
226 560 [7]
138 645 [8]
91 697 [7]
265 519 [8]
246 540 [1]
280 505 [8]
266 525 [1]
244 543 [8]
76 710 [7]
128 663 [2]
344 444 [7]
342 444 [7]
71 713 [7]
288 504 [1]
87 698 [2]
17 775 [9]
298 488 [7]
387 401 [8]
205 579 [1]
25 761 [2]
12 778 [2]
304 489 [1]
2 785 [3]
323 466 [7]
87 706 [2]
339 455 [0]
292 499 [3]
129 662 [7]
235 553 [8]
25 763 [2]
25 765 [3]
127 663 [3]
6 780 [9]
363 430 [2]
199 591 [7]
82 707 [7]
82 708 [3]
28 762 [2]
124 665 [1]
371 424 [0]
359 429 [8]
296 491 [5]
216 577 [8]
1 791 [9]
53 734 [7]
58 734 [7]
334 462 [0]
25 768 [3]
280 515 [2]
130 660 [1]
283 512 [5]
77 711 [7]
363 428 [8]
155 636 [1]
66 724 [2]
11 783 [9]
102 692 [7]
315 475 [8]
27 768 [3]
129 668 [1]
8 781 [9]
12 784 [9]
17 776 [9]
125 672 [1]
281 513 [1]
203 593 [2]
38 757 [7]
20 777 [2]
29 766 [7]
160 634 [7]
3 787 [9]
75 717 [7]
183 610 [1]
215 577 [7]
399 400 [0]
78 712 [1]
321 473 [7]
278 520 [1]
19 774 [9]
107 687 [7]
24 769 [2]
231 568 [8]
269 525 [8]
253 542 [8]
297 497 [8]
51 748 [1]
330 468 [2]
146 651 [8]
219 572 [5]
152 642 [1]
4 789 [9]
241 554 [1]
278 514 [5]
138 658 [8]
234 560 [8]
361 440 [0]
184 610 [1]
180 613 [7]
368 432 [8]
218 579 [1]
1 792 [9]
395 402 [5]
278 515 [8]
276 523 [2]
151 643 [7]
347 454 [0]
181 616 [8]
124 673 [7]
222 579 [1]
261 540 [1]
21 775 [2]
229 565 [7]
156 639 [8]
95 700 [7]
63 732 [7]
309 486 [7]
255 544 [1]
390 405 [7]
118 680 [7]
152 648 [2]
53 742 [7]
153 641 [1]
63 733 [7]
22 773 [9]
23 774 [2]
213 589 [1]
354 442 [7]
32 768 [3]
122 672 [1]
354 441 [7]
4 793 [9]
62 732 [2]
112 684 [8]
88 707 [1]
190 612 [2]
260 543 [1]
289 507 [7]
43 753 [9]
247 555 [2]
229 574 [1]
229 570 [7]
56 748 [7]
399 402 [1]
275 528 [2]
252 549 [1]
348 449 [7]
134 666 [7]
156 644 [7]
312 488 [8]
164 640 [2]
251 548 [8]
77 720 [7]
329 472 [7]
17 780 [9]
345 453 [8]
112 687 [8]
287 517 [2]
229 577 [1]
301 505 [1]
173 627 [8]
40 758 [7]
26 776 [2]
266 533 [8]
234 565 [7]
37 765 [2]
294 511 [2]
45 754 [7]
18 782 [9]
161 639 [7]
253 546 [5]
68 736 [7]
239 562 [7]
12 789 [2]
372 434 [2]
195 607 [8]
181 620 [7]
70 732 [7]
372 430 [2]
223 584 [2]
387 417 [7]
313 493 [3]
26 783 [7]
14 789 [7]
62 741 [3]
174 628 [7]
96 709 [7]
397 413 [0]
372 432 [8]
70 734 [7]
186 616 [7]
131 670 [1]
144 660 [1]
162 645 [1]
364 447 [0]
111 693 [7]
288 514 [6]
261 545 [7]
340 470 [1]
26 781 [7]
260 545 [8]
8 796 [4]
386 423 [2]
359 451 [1]
257 549 [8]
132 675 [1]
258 552 [2]
27 779 [2]
404 406 [2]
206 599 [7]
223 582 [7]
62 744 [2]
96 714 [7]
66 740 [2]
302 504 [7]
66 738 [9]
36 769 [2]
9 795 [2]
133 675 [1]
338 475 [1]
358 456 [0]
397 417 [0]
92 715 [2]
211 597 [8]
229 580 [2]
346 468 [0]
148 658 [7]
144 664 [8]
64 744 [7]
240 566 [6]
70 736 [7]
387 420 [8]
64 750 [7]
216 594 [7]
185 627 [8]
225 589 [1]
331 483 [8]
65 743 [7]
42 768 [3]
226 581 [7]
73 733 [7]
169 646 [2]
121 687 [7]
364 451 [1]
389 421 [8]
358 457 [1]
43 766 [2]
210 601 [7]
375 440 [1]
84 729 [1]
401 416 [0]
324 493 [0]
209 602 [8]
300 515 [7]
298 518 [8]
314 502 [1]
9 799 [2]
217 595 [7]
41 769 [2]
67 746 [2]
20 794 [2]
386 430 [2]
267 548 [1]
21 790 [2]
92 721 [2]
126 685 [7]
187 624 [7]
49 766 [7]
330 483 [8]
72 738 [9]
208 603 [7]
241 573 [1]
117 698 [7]
240 577 [0]
314 505 [1]
203 614 [3]
314 499 [0]
170 642 [8]
304 515 [2]
42 772 [7]
190 624 [8]
269 548 [1]
28 787 [2]
188 629 [1]
363 458 [0]
199 617 [8]
37 783 [7]
376 437 [8]
59 762 [2]
382 434 [8]
21 798 [9]
43 772 [2]
201 615 [8]
245 572 [1]
76 740 [2]
378 437 [8]
16 798 [4]
48 771 [7]
100 716 [7]
328 493 [2]
123 694 [1]
274 543 [8]
30 792 [7]
161 658 [8]
70 747 [7]
301 514 [5]
66 756 [3]
139 680 [2]
245 576 [7]
113 702 [1]
165 652 [3]
401 422 [1]
102 722 [7]
387 438 [0]
158 660 [1]
97 720 [7]
75 743 [7]
120 696 [1]
24 796 [3]
389 434 [2]
307 518 [8]
122 697 [1]
410 414 [7]
85 738 [3]
326 495 [7]
56 766 [7]
191 628 [8]
315 509 [2]
105 715 [8]
391 435 [0]
174 649 [7]
278 544 [1]
284 541 [1]
162 663 [2]
120 700 [7]
149 673 [7]
150 674 [7]
56 767 [7]
26 795 [7]
148 676 [3]
41 782 [2]
272 546 [9]
179 641 [8]
176 647 [7]
163 662 [7]
230 590 [7]
159 666 [7]
326 497 [7]
397 426 [2]
117 706 [7]
290 531 [8]
60 761 [2]
411 418 [0]
204 620 [7]
159 667 [3]
322 500 [7]
397 424 [8]
251 575 [8]
169 656 [1]
293 531 [8]
356 473 [1]
286 540 [1]
120 705 [1]
377 453 [0]
98 729 [1]
22 799 [2]
209 616 [5]
46 777 [2]
312 510 [8]
76 747 [7]
161 667 [2]
169 659 [1]
81 746 [7]
38 792 [7]
170 653 [7]
267 556 [8]
201 625 [8]
182 641 [8]
49 779 [2]
192 632 [8]
221 608 [7]
234 590 [8]
249 579 [5]
252 575 [5]
218 608 [8]
36 789 [7]
118 709 [7]
236 588 [7]
220 606 [8]
162 670 [1]
145 681 [8]
400 433 [4]
208 620 [7]
56 770 [7]
410 423 [0]
261 565 [7]
282 546 [8]
85 748 [1]
95 732 [7]
401 432 [1]
236 595 [7]
276 550 [7]
43 790 [9]
172 655 [3]
171 660 [1]
288 547 [0]
97 731 [1]
372 456 [7]
408 427 [0]
90 740 [3]
392 443 [0]
361 470 [5]
88 745 [1]
187 641 [8]
59 770 [7]
342 486 [7]
167 667 [2]
41 791 [7]
46 786 [2]
159 669 [1]
254 579 [1]
159 675 [1]
183 652 [2]
284 545 [7]
301 528 [8]
376 462 [0]
194 636 [5]
42 787 [7]
176 654 [1]
144 687 [8]
292 539 [8]
73 761 [1]
114 723 [7]
40 790 [7]
407 431 [6]
336 497 [8]
62 770 [2]
120 711 [1]
45 785 [7]
77 754 [7]
139 695 [7]
407 426 [7]
72 758 [7]
119 712 [8]
106 728 [7]
140 696 [1]
201 632 [8]
406 429 [7]
397 438 [7]
231 608 [1]
394 438 [8]
110 726 [7]
173 663 [7]
368 464 [5]
180 656 [5]
49 786 [7]
91 746 [7]
186 650 [2]
277 560 [5]
115 717 [7]
90 745 [2]
33 799 [7]
88 751 [2]
109 726 [1]
333 509 [0]
260 575 [6]
123 713 [7]
316 526 [8]
145 694 [1]
136 700 [1]
280 555 [7]
243 596 [1]
175 664 [7]
293 544 [8]
246 596 [1]
137 698 [7]
150 686 [1]
335 509 [0]
91 751 [2]
139 701 [7]
343 495 [8]
409 434 [8]
55 788 [2]
240 600 [5]
118 719 [1]
198 644 [7]
261 576 [7]
66 773 [2]
378 462 [7]
268 576 [2]
171 674 [1]
206 632 [7]
405 441 [0]
352 485 [6]
239 604 [1]
184 658 [7]
132 707 [7]
147 693 [1]
58 788 [2]
307 533 [7]
195 649 [7]
392 454 [1]
186 660 [7]
367 479 [8]
353 487 [8]
123 719 [1]
415 433 [0]
349 499 [0]
414 428 [8]
194 651 [5]
211 631 [8]
363 477 [8]
196 648 [7]
203 644 [2]
200 645 [8]
254 589 [1]
97 745 [1]
416 431 [0]
377 471 [1]
322 526 [8]
205 637 [7]
334 511 [7]
269 572 [5]
107 734 [7]
249 595 [8]
371 478 [1]
143 700 [2]
64 784 [3]
386 462 [2]
210 638 [8]
211 634 [8]
121 726 [7]
310 534 [8]
298 545 [7]
350 499 [2]
146 700 [1]
198 651 [8]
351 495 [8]
370 482 [0]
157 690 [7]
279 571 [2]
358 488 [1]
335 512 [0]
134 713 [1]
244 608 [1]
54 796 [9]
93 757 [1]
57 787 [7]
406 440 [7]
215 634 [7]
178 669 [8]
216 636 [1]
244 606 [1]
54 792 [2]
389 459 [8]
129 721 [7]
304 544 [8]
397 457 [1]
344 505 [8]
294 553 [7]
202 650 [8]
325 530 [0]
258 596 [1]
394 461 [0]
338 513 [1]
311 536 [8]
289 558 [7]
89 763 [7]
284 565 [8]
59 789 [7]
139 710 [7]
395 460 [1]
78 778 [1]
82 771 [7]
72 781 [7]
423 433 [1]
426 431 [0]
382 476 [0]
187 664 [8]
99 758 [1]
178 673 [8]
164 689 [7]
281 576 [8]
74 776 [7]
213 640 [7]
424 435 [0]
75 776 [7]
296 554 [5]
213 639 [8]
291 567 [1]
360 500 [0]
170 682 [7]
61 793 [7]
52 799 [2]
296 556 [8]
316 537 [7]
187 669 [8]
223 636 [1]
78 777 [1]
230 623 [7]
232 623 [8]
247 612 [2]
162 699 [7]
189 672 [1]
105 749 [5]
289 565 [7]
154 702 [1]
350 508 [1]
318 537 [7]
322 533 [7]
194 659 [5]
112 745 [8]
243 610 [1]
167 688 [7]
192 663 [7]
367 490 [8]
301 556 [8]
339 520 [6]
272 582 [6]
258 599 [8]
243 616 [5]
263 600 [1]
103 753 [7]
272 583 [6]
184 673 [7]
145 712 [5]
329 527 [5]
344 516 [7]
362 497 [8]
274 585 [8]
336 523 [8]
412 445 [8]
103 759 [1]
145 714 [8]
217 645 [8]
87 778 [7]
96 768 [2]
350 510 [7]
399 468 [0]
174 686 [8]
300 566 [1]
104 759 [1]
107 755 [7]
240 623 [5]
411 455 [1]
273 593 [1]
334 528 [7]
81 784 [2]
198 667 [2]
390 471 [8]
338 530 [0]
167 693 [8]
82 784 [3]
405 459 [5]
242 619 [8]
131 729 [8]
115 747 [7]
336 532 [8]
307 554 [5]
269 600 [8]
111 753 [2]
392 474 [1]
304 560 [8]
127 737 [2]
91 778 [1]
179 683 [7]
89 776 [7]
181 682 [7]
160 702 [1]
79 786 [1]
405 458 [7]
167 699 [8]
121 746 [7]
83 780 [1]
256 609 [8]
381 484 [7]
83 781 [1]
353 511 [8]
170 693 [8]
105 758 [5]
71 795 [1]
335 536 [1]
345 528 [0]
295 574 [1]
160 704 [8]
80 793 [1]
305 569 [0]
409 465 [0]
205 662 [8]
288 577 [6]
250 616 [5]
399 469 [8]
372 494 [7]
328 538 [7]
164 701 [1]
163 708 [7]
127 741 [2]
383 492 [0]
122 747 [1]
203 671 [1]
203 664 [7]
73 794 [7]
321 552 [2]
434 436 [7]
370 502 [1]
207 661 [5]
250 619 [5]
79 792 [1]
354 515 [7]
169 700 [1]
112 756 [7]
82 790 [7]
342 529 [7]
117 755 [7]
201 672 [8]
138 733 [1]
189 680 [7]
194 679 [1]
168 705 [8]
344 526 [8]
191 684 [8]
174 697 [1]
307 567 [1]
140 737 [7]
82 787 [7]
424 446 [8]
298 577 [1]
200 675 [8]
218 660 [1]
137 736 [1]
269 606 [1]
419 456 [5]
387 486 [8]
356 516 [7]
226 651 [1]
103 774 [1]
166 706 [7]
93 779 [7]
133 738 [9]
73 799 [7]
227 645 [8]
105 772 [1]
289 586 [8]
117 760 [7]
299 578 [1]
92 788 [7]
173 705 [8]
129 752 [1]
150 729 [1]
318 560 [1]
82 791 [7]
114 761 [7]
390 484 [8]
409 474 [0]
276 602 [8]
270 608 [8]
167 708 [7]
396 481 [8]
205 673 [8]
292 586 [8]
249 634 [1]
278 605 [0]
419 461 [5]
145 735 [1]
164 719 [1]
148 728 [1]
220 658 [8]
132 744 [7]
171 708 [8]
369 511 [7]
108 773 [7]
98 780 [1]
121 764 [1]
120 760 [1]
390 488 [8]
370 513 [5]
237 642 [5]
214 668 [8]
229 653 [8]
165 716 [1]
296 588 [1]
133 746 [7]
147 739 [3]
237 645 [5]
198 684 [8]
131 753 [7]
172 710 [7]
285 603 [1]
438 443 [8]
157 729 [8]
188 694 [5]
309 577 [1]
237 647 [8]
188 698 [1]
363 521 [8]
361 525 [5]
228 657 [8]
243 640 [7]
143 741 [2]
184 705 [8]
255 633 [0]
96 793 [1]
239 647 [8]
314 575 [5]
428 458 [8]
170 716 [1]
415 478 [0]
233 653 [8]
387 505 [1]
423 469 [1]
167 720 [8]
431 460 [0]
203 685 [2]
116 771 [1]
99 788 [7]
257 630 [8]
268 621 [2]
153 739 [2]
295 592 [7]
215 676 [3]
308 585 [1]
318 571 [7]
319 568 [8]
285 609 [8]
313 580 [2]
434 455 [8]
156 731 [5]
119 771 [1]
268 619 [1]
138 758 [8]
209 687 [1]
130 761 [1]
439 458 [0]
304 587 [8]
348 549 [1]
163 734 [1]
394 504 [0]
335 562 [1]
336 554 [5]
152 742 [1]
230 661 [8]
157 733 [1]
218 680 [1]
169 722 [7]
377 521 [1]
197 701 [8]
391 507 [1]
384 516 [0]
162 730 [7]
449 451 [0]
352 539 [6]
322 575 [5]
313 582 [7]
345 546 [5]
332 563 [7]
266 630 [1]
430 469 [1]
208 686 [8]
103 797 [1]
203 695 [1]
269 628 [1]
259 640 [2]
336 564 [8]
433 469 [0]
179 717 [1]
301 597 [1]
172 726 [7]
149 748 [1]
224 672 [1]
222 673 [8]
404 489 [5]
320 573 [5]
411 490 [1]
125 771 [1]
204 695 [8]
438 463 [1]
251 646 [7]
266 627 [5]
272 627 [9]
135 764 [8]
393 510 [0]
202 693 [8]
355 547 [1]
155 743 [1]
253 643 [5]
183 712 [8]
150 753 [7]
387 513 [1]
114 781 [7]
260 642 [6]
104 795 [7]
386 518 [8]
288 616 [0]
126 771 [1]
173 730 [8]
141 761 [1]
172 728 [7]
237 662 [8]
312 593 [1]
257 645 [5]
245 657 [8]
297 606 [1]
191 708 [7]
339 564 [5]
400 508 [3]
182 723 [8]
330 574 [1]
412 496 [0]
313 588 [8]
175 729 [1]
200 705 [8]
108 795 [1]
443 466 [0]
192 716 [1]
302 606 [1]
357 548 [1]
171 737 [1]
168 737 [7]
212 693 [5]
284 620 [8]
241 661 [8]
430 479 [1]
374 528 [7]
421 490 [0]
134 769 [7]
252 658 [1]
265 640 [8]
442 462 [7]
454 456 [1]
232 679 [1]
149 755 [7]
267 644 [1]
202 705 [8]
446 466 [0]
224 680 [7]
433 475 [5]
300 611 [5]
167 744 [8]
142 765 [7]
187 724 [1]
188 720 [5]
134 774 [8]
323 586 [1]
221 687 [7]
353 559 [1]
290 616 [5]
193 720 [8]
117 790 [7]
319 588 [8]
258 650 [8]
132 779 [2]
365 540 [5]
140 770 [1]
151 763 [1]
249 659 [5]
278 628 [5]
416 492 [8]
253 653 [5]
314 600 [1]
232 682 [1]
334 572 [5]
140 774 [1]
277 637 [1]
265 647 [1]
218 695 [5]
226 682 [7]
260 655 [8]
282 628 [8]
140 772 [1]
141 774 [1]
440 468 [8]
390 525 [8]
243 670 [5]
451 458 [7]
175 736 [1]
363 547 [7]
286 625 [8]
453 456 [8]
346 567 [1]
324 592 [1]
337 572 [5]
177 735 [1]
437 481 [0]
252 659 [5]
348 564 [8]
238 671 [5]
246 668 [8]
238 672 [5]
337 578 [1]
367 547 [7]
126 785 [1]
153 763 [1]
151 762 [7]
194 722 [1]
137 775 [7]
298 621 [8]
429 492 [0]
309 611 [5]
227 691 [8]
249 666 [8]
392 525 [5]
319 594 [7]
231 690 [1]
457 465 [0]
289 627 [1]
130 787 [8]
134 782 [1]
262 652 [8]
164 752 [1]
278 642 [6]
333 581 [5]
165 756 [2]
450 472 [1]
447 468 [8]
384 538 [1]
361 556 [8]
149 770 [8]
442 482 [0]
176 745 [1]
137 779 [7]
163 758 [8]
192 725 [5]
160 764 [1]
120 799 [1]
192 732 [1]
427 489 [5]
398 526 [8]
390 527 [5]
128 796 [2]
301 621 [1]
145 777 [1]
268 650 [7]
257 662 [8]
308 612 [1]
238 686 [5]
366 561 [0]
345 573 [6]
356 565 [8]
126 796 [2]
286 638 [5]
440 487 [0]
165 759 [1]
412 516 [0]
262 657 [1]
239 686 [5]
166 761 [1]
405 524 [0]
161 762 [1]
331 592 [8]
298 627 [1]
376 549 [1]
146 778 [8]
312 616 [0]
383 547 [0]
373 553 [5]
290 634 [8]
232 692 [8]
413 508 [5]
311 612 [7]
292 633 [5]
396 534 [1]
222 703 [8]
283 647 [8]
367 556 [8]
310 615 [8]
372 558 [8]
372 552 [7]
282 644 [7]
147 777 [7]
159 767 [1]
438 485 [5]
181 750 [8]
369 554 [5]
319 606 [8]
334 592 [8]
364 564 [5]
393 538 [1]
154 771 [1]
205 722 [8]
311 621 [8]
219 708 [8]
423 506 [5]
329 600 [1]
430 502 [1]
189 736 [1]
289 640 [7]
312 618 [5]
387 542 [7]
332 594 [7]
145 788 [1]
405 523 [1]
356 574 [1]
243 685 [8]
342 584 [7]
275 656 [8]
130 799 [1]
132 797 [1]
366 568 [1]
232 703 [1]
191 744 [8]
186 742 [7]
240 687 [6]
163 772 [1]
164 766 [1]
291 639 [8]
421 506 [6]
462 473 [1]
408 529 [0]
436 501 [0]
184 746 [1]
156 775 [8]
380 548 [5]
369 562 [8]
444 494 [0]
184 749 [8]
317 613 [8]
220 717 [1]
263 670 [5]
452 486 [0]
269 661 [5]
378 561 [0]
441 498 [0]
319 615 [8]
141 796 [2]
325 613 [8]
264 667 [8]
192 741 [8]
267 664 [5]
439 499 [2]
195 737 [7]
314 617 [5]
403 537 [0]
401 538 [1]
148 787 [8]
425 515 [0]
265 672 [5]
190 742 [5]
207 733 [1]
256 684 [1]
151 784 [2]
443 489 [6]
279 655 [7]
293 648 [8]
359 574 [5]
458 478 [8]
294 641 [8]
420 522 [0]
384 549 [6]
283 658 [8]
330 605 [5]
463 480 [0]
171 764 [5]
240 701 [0]
393 541 [6]
310 626 [7]
275 661 [8]
180 760 [5]
163 780 [8]
149 788 [1]
144 798 [2]
327 608 [6]
445 500 [0]
347 598 [0]
374 571 [0]
415 527 [9]
216 728 [8]
150 788 [7]
163 781 [8]
200 744 [1]
153 786 [1]
158 786 [1]
144 796 [7]
385 559 [1]
312 630 [5]
233 707 [8]
244 694 [5]
141 799 [1]
173 765 [7]
176 765 [7]
143 797 [7]
429 512 [0]
250 691 [1]
152 788 [7]
197 750 [8]
215 726 [7]
255 684 [5]
341 601 [8]
471 478 [0]
173 769 [8]
394 546 [6]
419 531 [0]
253 694 [5]
466 480 [5]
395 547 [8]
418 533 [0]
159 786 [1]
232 718 [8]
434 513 [1]
204 739 [7]
326 619 [5]
225 726 [1]
156 787 [5]
379 571 [7]
205 746 [1]
164 782 [1]
179 768 [7]
321 626 [7]
456 495 [1]
439 512 [0]
186 763 [7]
426 519 [8]
227 723 [8]
459 495 [0]
416 534 [5]
471 482 [1]
410 538 [8]
305 641 [5]
427 528 [0]
334 619 [0]
416 538 [1]
315 636 [1]
275 673 [8]
168 779 [7]
464 482 [5]
459 497 [0]
354 601 [8]
446 511 [0]
263 693 [0]
161 792 [8]
236 712 [8]
204 752 [1]
215 737 [7]
382 572 [6]
430 526 [1]
311 642 [5]
425 533 [0]
447 511 [0]
285 665 [5]
156 793 [5]
167 787 [8]
230 726 [1]
333 619 [0]
417 542 [0]
469 490 [0]
250 704 [5]
198 757 [8]
208 748 [8]
352 599 [6]
301 656 [6]
182 772 [1]
287 671 [8]
271 683 [8]
229 725 [5]
171 782 [5]
219 733 [5]
395 557 [5]
478 482 [1]
398 561 [2]
274 686 [0]
205 748 [5]
164 797 [1]
268 686 [1]
306 654 [0]
364 589 [6]
318 644 [1]
425 530 [8]
429 535 [0]
460 504 [0]
201 762 [1]
366 597 [1]
328 635 [8]
472 493 [0]
250 711 [8]
248 716 [1]
327 636 [0]
312 649 [1]
240 724 [0]
439 521 [8]
468 492 [8]
206 758 [8]
293 665 [5]
342 624 [1]
329 637 [1]
422 545 [0]
423 538 [8]
282 680 [1]
220 747 [1]
319 643 [1]
355 613 [0]
235 725 [5]
309 652 [7]
445 515 [8]
451 516 [1]
210 753 [8]
204 763 [1]
354 611 [0]
304 664 [1]
249 717 [1]
329 636 [5]
325 644 [1]
455 506 [6]
243 724 [1]
439 531 [8]
180 784 [8]
320 647 [1]
224 742 [1]
475 497 [0]
208 759 [8]
301 668 [5]
167 799 [8]
259 706 [8]
276 688 [7]
201 765 [8]
342 625 [8]
437 530 [8]
221 747 [1]
295 670 [5]
343 627 [1]
342 631 [1]
464 501 [5]
373 597 [5]
405 560 [6]
440 533 [1]
342 626 [8]
297 674 [1]
253 718 [5]
361 614 [0]
259 709 [8]
375 591 [5]
260 706 [5]
294 678 [3]
243 728 [5]
371 600 [1]
238 733 [1]
329 641 [0]
450 526 [0]
198 777 [1]
190 779 [8]
376 599 [1]
338 637 [1]
302 667 [7]
343 633 [5]
256 719 [5]
448 529 [0]
282 689 [1]
286 690 [1]
204 765 [7]
391 577 [5]
243 726 [1]
281 696 [0]
371 605 [0]
422 556 [0]
344 629 [1]
194 784 [8]
385 586 [5]
368 604 [5]
326 649 [7]
365 611 [0]
438 537 [7]
274 701 [5]
326 647 [8]
273 698 [5]
397 574 [5]
326 651 [8]
192 788 [1]
182 791 [1]
322 650 [1]
369 608 [1]
475 507 [0]
376 602 [1]
391 587 [5]
448 535 [0]
218 757 [5]
221 754 [1]
290 687 [1]
396 580 [8]
311 668 [5]
335 642 [6]
404 572 [5]
205 773 [8]
204 773 [8]
389 591 [1]
349 631 [1]
255 723 [6]
241 743 [1]
399 577 [5]
327 656 [0]
263 718 [1]
456 525 [1]
488 498 [0]
265 713 [5]
229 749 [5]
270 716 [1]
289 692 [8]
263 716 [5]
276 711 [8]
404 579 [5]
284 700 [1]
390 597 [1]
478 509 [1]
408 577 [6]
368 612 [8]
272 713 [0]
292 690 [8]
441 539 [5]
463 522 [5]
460 528 [1]
467 523 [0]
283 704 [5]
373 611 [0]
208 775 [8]
347 639 [5]
316 667 [7]
219 767 [5]
372 610 [1]
375 607 [5]
392 596 [6]
415 573 [6]
423 561 [7]
364 623 [5]
454 538 [0]
231 752 [5]
210 775 [8]
362 629 [1]
296 692 [1]
385 603 [1]
490 498 [5]
229 759 [5]
219 766 [5]
239 749 [5]
190 798 [7]
219 768 [8]
196 793 [8]
246 740 [8]
262 727 [1]
253 733 [5]
470 525 [0]
285 702 [5]
362 632 [8]
464 522 [6]
452 542 [1]
230 764 [8]
263 728 [5]
240 754 [0]
308 679 [6]
358 629 [5]
448 539 [5]
269 725 [5]
297 691 [1]
197 798 [2]
308 685 [5]
411 582 [5]
474 514 [9]
461 530 [8]
295 696 [5]
310 687 [1]
391 603 [1]
429 565 [1]
387 604 [5]
220 773 [8]
355 642 [0]
396 599 [1]
312 683 [1]
477 523 [0]
450 550 [0]
302 693 [5]
243 749 [5]
218 778 [5]
298 698 [1]
434 565 [8]
471 528 [1]
193 799 [1]
289 706 [1]
419 583 [0]
356 640 [8]
338 663 [1]
472 522 [8]
467 536 [0]
372 630 [1]
222 775 [8]
216 783 [8]
439 560 [1]
246 749 [8]
397 605 [0]
209 786 [5]
320 683 [1]
418 582 [5]
464 541 [0]
290 711 [8]
239 762 [1]
316 688 [8]
214 789 [8]
303 699 [1]
247 751 [7]
481 521 [5]
497 509 [1]
439 569 [0]
345 661 [0]
315 689 [1]
224 776 [7]
439 566 [1]
492 511 [5]
223 783 [8]
308 696 [0]
249 752 [5]
378 628 [1]
239 765 [8]
268 741 [7]
238 770 [5]
462 540 [5]
412 595 [5]
265 738 [8]
481 529 [1]
433 570 [0]
302 705 [5]
245 764 [8]
348 660 [1]
255 752 [5]
430 573 [5]
473 535 [5]
343 669 [5]
442 571 [0]
301 703 [5]
294 719 [8]
398 607 [5]
315 698 [1]
228 779 [8]
325 685 [1]
466 539 [5]
496 519 [0]
499 512 [0]
244 762 [5]
418 588 [5]
501 515 [0]
264 747 [5]
300 715 [1]
363 650 [1]
483 534 [0]
319 695 [5]
422 586 [6]
235 774 [5]
222 791 [8]
289 722 [8]
455 563 [0]
219 794 [5]
284 730 [1]
321 691 [8]
501 513 [5]
319 693 [5]
278 736 [5]
367 648 [1]
493 525 [1]
501 510 [8]
368 648 [1]
254 759 [5]
287 725 [8]
293 727 [1]
249 763 [5]
383 636 [6]
465 554 [0]
423 595 [1]
296 723 [5]
282 738 [2]
361 659 [0]
352 668 [0]
386 635 [8]
500 521 [1]
450 571 [1]
427 586 [5]
378 638 [5]
309 710 [5]
384 633 [0]
485 529 [6]
424 595 [5]
417 605 [0]
434 581 [5]
336 679 [1]
267 756 [1]
389 631 [1]
261 756 [8]
404 619 [0]
276 745 [8]
247 777 [1]
273 745 [6]
477 539 [6]
351 674 [1]
469 548 [6]
440 582 [5]
291 728 [5]
389 634 [1]
413 613 [1]
257 765 [8]
237 784 [8]
256 770 [5]
274 746 [1]
417 604 [5]
422 604 [6]
301 724 [5]
278 747 [5]
440 581 [6]
372 654 [5]
468 562 [8]
481 541 [6]
510 522 [0]
299 728 [5]
365 666 [1]
287 741 [7]
277 750 [0]
257 772 [1]
433 591 [9]
251 776 [8]
350 679 [1]
502 530 [1]
447 577 [6]
484 540 [6]
260 770 [0]
472 554 [5]
504 529 [1]
475 557 [0]
399 632 [1]
448 583 [5]
451 584 [0]
423 608 [5]
365 669 [0]
489 546 [0]
280 748 [5]
273 760 [6]
441 586 [6]
481 556 [0]
238 790 [1]
243 790 [1]
329 699 [5]
463 572 [0]
417 619 [0]
317 713 [5]
461 569 [7]
421 608 [6]
505 534 [0]
337 698 [1]
387 648 [1]
356 676 [7]
503 535 [1]
284 748 [5]
364 676 [0]
423 611 [0]
462 575 [5]
377 656 [6]
302 737 [1]
473 568 [0]
396 642 [5]
486 555 [0]
246 791 [8]
385 655 [1]
317 717 [5]
472 566 [1]
470 571 [1]
373 666 [5]
467 567 [6]
398 644 [1]
333 704 [0]
393 646 [5]
298 741 [1]
438 605 [0]
319 724 [1]
418 617 [5]
350 688 [8]
494 541 [6]
361 674 [6]
515 525 [1]
245 797 [8]
295 746 [1]
288 754 [6]
423 618 [5]
455 581 [6]
418 623 [5]
463 583 [0]
449 588 [6]
259 782 [8]
271 767 [5]
355 688 [5]
467 576 [5]
327 719 [0]
323 721 [1]
375 667 [8]
335 712 [0]
384 659 [0]
313 730 [1]
312 732 [6]
264 776 [5]
469 577 [0]
501 544 [5]
481 565 [5]
402 648 [0]
507 543 [0]
379 669 [0]
341 701 [5]
256 790 [1]
499 550 [8]
482 561 [7]
376 672 [5]
277 771 [6]
425 622 [5]
339 703 [6]
408 639 [5]
513 539 [0]
337 707 [5]
270 779 [8]
430 618 [1]
411 637 [1]
455 588 [6]
496 555 [1]
517 536 [0]
288 759 [0]
255 790 [5]
427 617 [6]
523 524 [1]
319 731 [8]
370 677 [6]
413 636 [5]
468 579 [5]
275 773 [8]
352 700 [0]
444 612 [0]
396 659 [6]
379 673 [1]
368 680 [5]
465 583 [6]
526 532 [0]
437 619 [0]
439 618 [1]
514 535 [6]
461 593 [5]
474 585 [0]
506 553 [0]
376 679 [1]
260 798 [8]
382 676 [1]
339 719 [0]
259 796 [7]
326 731 [8]
454 605 [0]
509 548 [5]
448 612 [1]
283 775 [1]
449 609 [5]
473 590 [0]
390 665 [5]
346 710 [5]
471 593 [0]
484 580 [0]
374 686 [0]
508 547 [6]
305 754 [5]
473 589 [0]
482 575 [6]
472 588 [5]
495 570 [0]
412 651 [0]
377 679 [5]
267 792 [6]
335 728 [6]
281 778 [5]
291 766 [5]
366 691 [5]
368 694 [5]
394 671 [0]
458 608 [1]
347 717 [6]
453 613 [1]
488 580 [0]
386 677 [5]
302 762 [1]
461 605 [0]
421 645 [0]
276 784 [7]
361 698 [6]
350 718 [1]
343 723 [5]
314 748 [6]
471 594 [5]
330 735 [1]
287 775 [8]
324 741 [1]
413 654 [6]
346 716 [5]
411 650 [5]
422 644 [5]
456 613 [1]
519 552 [0]
269 797 [5]
282 785 [8]
317 746 [5]
456 614 [1]
517 555 [0]
296 770 [0]
308 761 [6]
477 586 [6]
419 650 [0]
332 735 [1]
368 704 [0]
399 670 [5]
374 691 [5]
408 663 [5]
370 705 [0]
523 544 [6]
326 750 [5]
288 786 [6]
358 715 [5]
441 632 [5]
424 652 [1]
524 547 [1]
405 670 [6]
537 542 [0]
533 545 [1]
374 704 [0]
523 554 [0]
409 662 [6]
509 568 [5]
307 767 [5]
326 751 [7]
386 695 [5]
521 562 [0]
489 585 [9]
422 653 [6]
493 587 [1]
482 601 [1]
354 725 [0]
363 712 [5]
289 791 [8]
308 774 [0]
377 702 [5]
529 546 [5]
487 598 [0]
329 750 [0]
337 745 [5]
358 725 [0]
341 735 [5]
528 554 [6]
483 598 [5]
521 565 [0]
410 675 [0]
401 681 [5]
523 559 [5]
532 550 [5]
432 655 [0]
284 794 [5]
481 604 [6]
352 727 [6]
421 663 [5]
291 793 [5]
460 620 [6]
431 659 [0]
476 614 [0]
477 613 [0]
392 689 [6]
323 763 [5]
418 664 [6]
524 563 [1]
510 580 [1]
297 787 [5]
353 730 [5]
377 706 [5]
374 709 [5]
323 768 [8]
484 599 [5]
299 791 [5]
371 718 [5]
347 737 [6]
492 597 [5]
416 678 [0]
473 619 [4]
495 596 [0]
419 674 [9]
489 606 [0]
324 766 [5]
325 762 [5]
397 689 [5]
319 768 [7]
420 676 [0]
462 633 [0]
292 796 [7]
443 652 [1]
387 707 [5]
499 592 [8]
531 566 [9]
473 624 [9]
455 641 [4]
441 656 [0]
451 644 [5]
305 787 [5]
430 665 [5]
506 591 [0]
363 729 [5]
430 668 [6]
369 724 [5]
530 567 [5]
460 632 [6]
503 598 [5]
457 644 [6]
480 622 [0]
348 749 [5]
443 650 [6]
401 696 [6]
385 709 [5]
309 787 [5]
397 702 [5]
416 679 [5]
474 621 [6]
506 599 [0]
459 643 [0]
471 633 [4]
371 726 [5]
519 578 [6]
431 675 [3]
434 665 [5]
470 637 [0]
461 643 [6]
367 732 [5]
350 753 [1]
304 796 [7]
385 718 [5]
310 793 [5]
430 671 [6]
353 747 [5]
411 694 [6]
455 651 [0]
491 614 [6]
365 742 [5]
357 745 [5]
444 662 [5]
313 789 [8]
366 741 [1]
450 659 [4]
412 690 [6]
461 646 [5]
374 731 [6]
493 615 [1]
518 595 [0]
461 652 [0]
414 696 [5]
460 651 [0]
372 740 [1]
356 756 [8]
307 798 [8]
474 630 [6]
436 678 [0]
548 566 [0]
550 564 [0]
376 731 [5]
345 766 [6]
423 682 [5]
475 630 [6]
406 701 [5]
412 700 [6]
445 666 [1]
508 598 [6]
402 714 [0]
479 637 [0]
414 698 [1]
392 715 [5]
558 559 [0]
372 742 [5]
319 789 [8]
471 643 [0]
546 562 [9]
370 743 [6]
413 697 [6]
382 734 [0]
418 691 [5]
405 711 [0]
364 750 [0]
521 590 [6]
514 598 [6]
554 564 [0]
481 631 [6]
454 663 [5]
323 792 [5]
326 793 [8]
340 780 [5]
453 665 [5]
384 736 [6]
415 699 [6]
534 586 [9]
410 707 [6]
537 583 [1]
325 798 [8]
412 708 [5]
511 609 [5]
508 617 [0]
349 771 [5]
351 768 [8]
548 578 [0]
554 572 [0]
435 682 [5]
560 567 [0]
326 797 [8]
422 704 [0]
545 584 [0]
436 684 [6]
505 615 [9]
330 792 [5]
504 622 [5]
338 792 [6]
363 760 [5]
371 759 [0]
532 601 [0]
425 699 [5]
364 765 [5]
491 643 [0]
527 607 [0]
378 750 [0]
351 778 [5]
516 616 [0]
461 664 [6]
543 592 [0]
384 749 [0]
391 740 [5]
524 612 [0]
498 633 [0]
333 797 [6]
479 656 [4]
338 798 [1]
391 744 [6]
511 623 [5]
380 757 [0]
362 773 [1]
564 572 [0]
521 614 [5]
495 635 [6]
549 590 [0]
369 762 [5]
506 634 [0]
456 676 [8]
565 576 [0]
380 759 [0]
400 742 [3]
479 663 [0]
556 580 [8]
503 640 [0]
453 686 [0]
372 763 [5]
436 705 [0]
367 771 [5]
472 668 [5]
436 701 [6]
369 770 [0]
519 617 [6]
533 608 [5]
427 714 [5]
556 585 [5]
464 682 [0]
442 701 [6]
476 666 [5]
464 680 [0]
489 657 [5]
539 608 [0]
388 755 [1]
507 631 [6]
424 723 [6]
561 587 [1]
449 697 [6]
532 608 [9]
540 610 [0]
441 707 [0]
500 646 [1]
426 717 [5]
491 660 [0]
415 734 [0]
531 620 [9]
494 654 [0]
399 751 [1]
574 577 [0]
395 750 [0]
444 705 [0]
495 647 [6]
495 654 [0]
430 716 [5]
558 594 [0]
411 734 [6]
569 582 [8]
517 627 [9]
562 592 [0]
536 616 [0]
559 587 [6]
446 704 [0]
515 637 [1]
401 750 [0]
370 780 [6]
570 578 [6]
503 655 [0]
406 743 [5]
383 772 [6]
380 769 [5]
413 741 [5]
363 789 [5]
369 785 [5]
385 771 [6]
510 642 [0]
409 748 [0]
561 597 [1]
533 622 [5]
563 592 [5]
559 601 [0]
429 729 [0]
504 647 [6]
576 585 [0]
479 678 [1]
573 589 [0]
362 795 [5]
436 719 [6]
500 653 [5]
375 785 [6]
456 702 [6]
436 718 [5]
496 658 [5]
534 620 [9]
517 645 [0]
468 692 [1]
446 714 [5]
535 625 [5]
424 734 [6]
476 680 [6]
465 697 [0]
425 739 [1]
533 624 [5]
516 646 [5]
514 653 [0]
453 707 [6]
436 722 [5]
578 580 [6]
551 612 [5]
542 622 [1]
501 663 [1]
572 596 [9]
520 649 [0]
556 609 [5]
570 591 [9]
557 610 [8]
581 589 [4]
514 657 [0]
377 791 [6]
383 781 [6]
457 712 [4]
493 674 [1]
485 687 [0]
474 696 [4]
485 678 [5]
517 646 [6]
516 655 [1]
393 777 [6]
535 629 [5]
485 689 [0]
388 777 [5]
557 614 [6]
373 795 [6]
429 744 [6]
557 617 [4]
499 671 [5]
490 683 [6]
379 794 [5]
427 749 [0]
410 763 [6]
393 776 [6]
544 635 [0]
405 771 [0]
434 741 [1]
458 712 [5]
423 750 [0]
379 795 [5]
429 748 [0]
419 758 [4]
424 749 [6]
421 757 [0]
518 660 [0]
411 768 [1]
405 770 [0]
421 758 [0]
587 595 [0]
535 645 [0]
572 610 [8]
584 598 [8]
544 639 [0]
571 604 [5]
500 677 [6]
544 638 [4]
451 730 [6]
528 655 [1]
583 592 [6]
542 634 [5]
404 773 [5]
508 679 [0]
390 794 [5]
456 729 [0]
392 793 [0]
431 757 [0]
404 781 [5]
469 716 [0]
401 780 [6]
497 682 [9]
475 711 [0]
390 789 [5]
530 651 [6]
484 702 [6]
538 652 [0]
569 613 [8]
483 708 [0]
444 744 [6]
419 769 [0]
564 618 [6]
536 655 [5]
486 704 [4]
410 773 [5]
506 684 [0]
505 688 [0]
531 662 [0]
499 693 [0]
443 748 [0]
446 745 [0]
570 615 [6]
562 623 [6]
551 644 [0]
408 780 [6]
475 717 [0]
420 772 [6]
428 768 [0]
570 626 [0]
490 704 [4]
576 617 [9]
511 681 [5]
500 693 [0]
566 631 [0]
493 701 [5]
513 682 [0]
509 679 [5]
498 690 [6]
442 751 [1]
596 599 [0]
439 755 [1]
469 726 [0]
550 639 [6]
431 759 [7]
522 675 [0]
442 752 [6]
547 648 [5]
568 632 [0]
436 761 [6]
416 775 [5]
520 681 [0]
553 648 [0]
482 715 [5]
503 689 [9]
417 782 [6]
563 640 [0]
594 609 [0]
600 603 [0]
438 760 [5]
401 799 [6]
454 747 [6]
545 650 [6]
548 653 [0]
513 692 [0]
582 623 [0]
590 615 [0]
409 794 [0]
445 756 [1]
550 646 [6]
562 635 [6]
512 695 [0]
456 747 [6]
519 685 [5]
526 673 [9]
516 684 [6]
471 736 [0]
490 716 [0]
563 643 [0]
466 739 [5]
551 649 [9]
502 708 [0]
425 783 [0]
543 665 [0]
555 654 [0]
604 607 [4]
597 615 [0]
479 731 [4]
525 688 [0]
511 696 [0]
561 643 [5]
510 700 [6]
417 794 [6]
548 664 [0]
427 785 [6]
469 743 [0]
557 655 [6]
573 639 [0]
532 674 [9]
445 764 [6]
435 774 [6]
599 618 [0]
524 684 [6]
455 753 [6]
525 689 [0]
597 621 [0]
552 667 [0]
593 626 [0]
435 775 [5]
501 714 [5]
499 713 [5]
550 669 [9]
478 739 [5]
506 714 [9]
549 673 [0]
466 750 [0]
571 643 [5]
463 757 [4]
600 623 [0]
504 716 [6]
478 737 [6]
428 796 [0]
487 735 [6]
595 622 [9]
465 759 [4]
544 679 [0]
489 735 [4]
427 799 [6]
432 798 [0]
426 797 [6]
568 661 [4]
505 724 [0]
494 738 [0]
553 677 [4]
463 767 [4]
533 693 [0]
500 731 [6]
507 723 [0]
536 694 [0]
594 636 [0]
587 646 [0]
610 614 [5]
515 714 [5]
599 634 [0]
551 683 [0]
466 766 [6]
538 694 [0]
563 670 [0]
505 728 [0]
590 643 [0]
509 725 [0]
468 763 [5]
448 784 [5]
473 762 [0]
593 635 [6]
594 637 [6]
574 664 [0]
509 724 [6]
522 713 [6]
450 779 [9]
586 653 [0]
483 754 [0]
470 767 [0]
442 796 [1]
566 672 [4]
613 618 [6]
518 721 [9]
485 755 [0]
584 648 [6]
578 662 [9]
520 720 [0]
482 756 [1]
473 767 [4]
590 650 [0]
580 661 [0]
614 625 [5]
551 689 [0]
489 752 [4]
498 737 [6]
617 628 [0]
454 789 [0]
454 788 [6]
545 695 [4]
467 777 [0]
567 677 [4]
575 672 [0]
622 625 [0]
469 769 [9]
604 643 [8]
550 696 [4]
593 646 [6]
445 797 [6]
576 671 [0]
452 798 [0]
621 630 [0]
552 693 [0]
490 759 [4]
469 773 [6]
516 727 [6]
517 727 [6]
453 794 [6]
538 713 [6]
608 647 [0]
472 780 [6]
527 730 [0]
498 757 [0]
559 696 [4]
475 781 [0]
597 660 [0]
620 639 [9]
586 673 [0]
602 658 [0]
504 754 [0]
597 661 [4]
570 681 [6]
508 745 [3]
599 660 [0]
541 722 [0]
533 721 [5]
585 677 [0]
505 757 [4]
581 684 [0]
473 790 [0]
581 676 [6]
479 785 [0]
536 729 [0]
590 675 [4]
626 632 [6]
546 722 [0]
493 774 [6]
480 786 [4]
545 714 [6]
589 680 [0]
542 725 [0]
611 652 [0]
619 649 [4]
482 779 [5]
550 717 [0]
609 663 [0]
487 783 [0]
585 684 [0]
572 700 [3]
488 783 [0]
518 756 [0]
480 792 [4]
600 666 [9]
549 727 [0]
496 778 [0]
564 709 [0]
584 688 [5]
630 637 [6]
495 773 [9]
583 691 [0]
588 690 [0]
601 675 [4]
532 744 [0]
516 760 [6]
552 718 [6]
567 710 [4]
612 663 [5]
492 785 [6]
560 721 [0]
503 769 [6]
575 707 [0]
508 772 [4]
524 757 [0]
604 676 [6]
595 686 [4]
603 681 [0]
609 666 [6]
590 693 [4]
588 698 [0]
530 754 [6]
524 755 [6]
539 747 [4]
579 710 [0]
524 759 [0]
587 701 [4]
518 769 [9]
625 666 [0]
498 791 [0]
532 757 [4]
630 659 [4]
526 763 [0]
635 652 [5]
584 699 [6]
591 703 [0]
495 797 [0]
563 722 [6]
593 692 [6]
608 684 [0]
578 718 [0]
630 666 [0]
550 737 [9]
509 779 [5]
599 696 [3]
607 691 [0]
526 770 [4]
540 756 [0]
599 697 [0]
536 761 [0]
556 739 [5]
594 704 [4]
557 746 [0]
564 739 [0]
577 726 [0]
579 724 [0]
618 685 [0]
520 781 [4]
538 764 [0]
651 652 [0]
625 676 [5]
514 783 [3]
627 679 [0]
584 720 [0]
601 703 [9]
551 753 [9]
567 741 [0]
646 662 [0]
622 684 [0]
553 753 [0]
641 669 [0]
574 731 [8]
578 730 [0]
620 692 [0]
558 754 [0]
566 739 [9]
530 776 [5]
573 739 [0]
549 764 [4]
627 689 [0]
635 681 [9]
605 712 [0]
517 796 [5]
633 683 [4]
537 777 [5]
532 785 [0]
600 718 [9]
645 675 [0]
598 720 [0]
615 704 [4]
631 690 [0]
651 671 [0]
550 770 [4]
634 690 [0]
536 784 [5]
572 752 [8]
533 788 [6]
617 709 [0]
555 770 [4]
639 686 [4]
655 670 [0]
650 680 [0]
538 791 [0]
579 752 [8]
658 674 [0]
626 704 [4]
642 688 [0]
627 703 [0]
582 751 [0]
662 669 [4]
595 736 [0]
620 714 [0]
628 706 [0]
613 719 [0]
620 712 [4]
543 788 [0]
614 719 [0]
597 736 [4]
610 726 [0]
622 712 [4]
545 791 [0]
541 795 [4]
616 723 [0]
622 716 [0]
643 697 [8]
547 792 [0]
602 740 [0]
624 718 [0]
579 763 [3]
549 792 [4]
664 671 [3]
665 676 [6]
555 787 [0]
618 725 [4]
631 715 [0]
613 731 [0]
562 782 [0]
601 737 [9]
569 771 [5]
576 768 [5]
564 783 [4]
565 782 [0]
629 721 [0]
563 785 [0]
558 790 [0]
630 720 [4]
625 727 [9]
594 757 [4]
603 748 [4]
667 678 [8]
590 762 [0]
616 738 [0]
637 719 [4]
639 717 [0]
586 773 [0]
650 709 [0]
613 744 [0]
672 685 [4]
588 772 [4]
648 715 [0]
670 694 [0]
624 741 [0]
654 711 [0]
673 692 [0]
591 775 [0]
604 762 [0]
590 774 [4]
574 787 [3]
587 778 [4]
636 732 [0]
580 784 [5]
607 762 [4]
681 688 [6]
610 760 [8]
575 795 [3]
634 737 [0]
673 699 [0]
581 786 [4]
645 729 [0]
591 781 [4]
606 769 [0]
684 691 [0]
658 716 [4]
610 766 [8]
661 715 [4]
618 758 [4]
628 742 [3]
671 707 [3]
637 738 [5]
593 785 [0]
624 754 [4]
623 751 [0]
655 725 [4]
620 760 [4]
680 703 [0]
607 777 [4]
648 735 [4]
691 692 [0]
596 790 [0]
655 722 [6]
647 740 [0]
654 734 [0]
643 746 [0]
674 715 [0]
609 778 [4]
639 751 [0]
600 788 [0]
658 730 [0]
635 756 [0]
626 756 [6]
690 699 [4]
683 708 [0]
647 745 [4]
646 747 [0]
653 740 [0]
632 765 [0]
689 707 [4]
656 742 [0]
635 761 [0]
682 720 [3]
656 749 [0]
667 738 [0]
623 780 [4]
699 705 [4]
629 779 [0]
682 727 [0]
618 789 [4]
657 753 [0]
681 726 [0]
688 714 [9]
632 779 [9]
673 740 [0]
705 708 [4]
630 783 [4]
624 789 [4]
681 733 [0]
684 732 [4]
702 717 [0]
635 783 [4]
625 793 [4]
674 744 [4]
638 783 [0]
698 721 [4]
702 718 [4]
678 743 [6]
632 790 [0]
644 784 [0]
713 716 [0]
672 758 [0]
677 751 [4]
711 720 [0]
635 795 [4]
700 733 [0]
709 723 [3]
642 794 [0]
665 772 [0]
711 726 [8]
655 782 [0]
664 776 [0]
677 764 [0]
702 738 [6]
664 774 [3]
691 752 [4]
685 757 [4]
713 735 [0]
716 732 [0]
668 781 [0]
688 759 [4]
685 765 [0]
717 733 [0]
721 727 [4]
670 782 [0]
707 745 [3]
710 743 [0]
694 760 [0]
678 770 [0]
677 778 [0]
694 767 [4]
668 794 [0]
705 757 [0]
709 755 [0]
712 751 [4]
682 782 [4]
711 755 [4]
707 760 [2]
701 767 [0]
733 735 [8]
681 786 [0]
710 760 [3]
722 747 [4]
731 740 [4]
674 797 [4]
719 753 [4]
694 780 [3]
703 773 [0]
722 752 [4]
719 758 [0]
732 747 [2]
706 775 [0]
697 788 [0]
689 795 [4]
707 778 [3]
691 787 [3]
692 795 [4]
743 747 [0]
727 761 [4]
710 780 [3]
740 751 [9]
715 776 [0]
729 765 [4]
748 749 [0]
724 777 [0]
706 794 [4]
734 767 [9]
736 766 [0]
727 775 [4]
742 753 [4]
730 776 [0]
699 798 [6]
716 793 [3]
709 793 [3]
744 766 [3]
728 785 [0]
752 761 [0]
738 769 [6]
748 774 [0]
753 769 [0]
740 780 [4]
738 782 [6]
756 767 [0]
733 794 [3]
763 766 [0]
736 799 [0]
739 796 [0]
743 793 [3]
754 786 [0]
772 777 [0]
755 787 [3]
751 799 [0]
771 782 [0]
771 785 [0]
767 791 [4]
764 797 [0]
764 798 [0]
773 790 [4]
781 786 [8]
786 791 [0]
789 792 [0]
783 798 [0]
795 797 [0]
