32
3
16
8
5
0
24
26
10
13
21
4
9
28
2
7
17
14
19
22
12
27
18
31
23
20
30
3
25
1
29
15
6
11
0 5 [1]
2 10 [1]
5 8 [0]
1 15 [0]
6 11 [2]
5 13 [2]
8 11 [2]
8 12 [0]
9 12 [0]
6 16 [0]
8 14 [1]
9 14 [0]
5 17 [1]
11 13 [2]
4 21 [2]
1 25 [0]
11 16 [0]
4 24 [0]
10 17 [1]
8 20 [0]
11 15 [2]
2 28 [0]
14 16 [1]
10 21 [0]
15 16 [0]
1 29 [1]
14 19 [0]
9 23 [2]
6 27 [1]
10 24 [1]
13 21 [0]
7 28 [2]
16 19 [1]
8 27 [0]
4 30 [2]
6 29 [1]
18 20 [0]
12 24 [0]
11 27 [1]
12 27 [0]
13 26 [2]
17 24 [1]
20 23 [0]
18 27 [0]
16 30 [0]
19 28 [2]
21 25 [2]
20 30 [0]
19 31 [2]
20 31 [0]
22 31 [2]
23 30 [2]
23 28 [2]
21 30 [2]
23 31 [1]
25 29 [1]
25 31 [1]
27 31 [1]
