32
3
3
21
4
24
10
2
28
7
19
14
8
5
17
0
13
11
6
15
16
1
25
29
31
27
18
20
12
9
23
30
22
26
0 5 [2]
5 8 [0]
2 10 [0]
6 11 [0]
8 11 [0]
8 12 [2]
9 12 [2]
5 13 [2]
11 13 [2]
8 14 [1]
9 14 [2]
1 15 [2]
11 15 [1]
6 16 [0]
11 16 [1]
14 16 [0]
15 16 [1]
5 17 [0]
10 17 [1]
14 19 [1]
16 19 [0]
8 20 [2]
18 20 [0]
4 21 [1]
10 21 [0]
13 21 [1]
9 23 [1]
20 23 [1]
4 24 [1]
10 24 [1]
12 24 [2]
17 24 [1]
1 25 [0]
21 25 [0]
13 26 [1]
6 27 [2]
8 27 [2]
11 27 [2]
12 27 [0]
18 27 [0]
2 28 [0]
7 28 [2]
19 28 [1]
23 28 [2]
1 29 [2]
6 29 [2]
25 29 [0]
4 30 [2]
16 30 [1]
20 30 [1]
21 30 [2]
23 30 [0]
19 31 [0]
20 31 [1]
22 31 [0]
23 31 [0]
25 31 [1]
27 31 [0]
