30
2
6
3
0
2
1
4
5
7
8
12
14
20
28
29
24
10
15
17
26
21
22
27
9
11
13
16
18
23
25
19
0 2 [0]
1 2 [0]
0 3 [0]
2 3 [1]
2 4 [1]
3 4 [0]
2 5 [1]
4 5 [0]
3 6 [0]
4 6 [0]
2 7 [0]
5 7 [1]
5 8 [0]
7 8 [0]
4 9 [1]
6 9 [1]
4 10 [1]
5 10 [0]
6 11 [1]
9 11 [1]
2 12 [1]
7 12 [1]
6 13 [1]
11 13 [1]
2 14 [1]
7 14 [0]
4 15 [1]
5 15 [1]
6 16 [1]
13 16 [1]
5 17 [0]
15 17 [0]
13 18 [0]
16 18 [0]
9 19 [0]
11 19 [0]
7 20 [1]
14 20 [1]
2 21 [0]
5 21 [0]
2 22 [0]
21 22 [0]
13 23 [1]
16 23 [0]
7 24 [1]
14 24 [0]
11 25 [1]
13 25 [1]
5 26 [1]
15 26 [1]
2 27 [0]
21 27 [1]
7 28 [0]
20 28 [1]
7 29 [0]
20 29 [1]
