32
3
3
24
4
21
10
2
28
7
19
14
8
5
0
13
11
6
16
15
1
25
29
31
20
18
27
12
9
23
30
22
26
17
0 5 [0]
5 8 [2]
2 10 [0]
6 11 [0]
8 11 [0]
8 12 [2]
9 12 [0]
5 13 [2]
11 13 [0]
8 14 [0]
9 14 [2]
1 15 [0]
11 15 [1]
6 16 [1]
11 16 [1]
14 16 [0]
15 16 [0]
5 17 [1]
10 17 [2]
14 19 [0]
16 19 [0]
8 20 [1]
18 20 [0]
4 21 [1]
10 21 [2]
13 21 [1]
9 23 [0]
20 23 [1]
4 24 [0]
10 24 [2]
12 24 [2]
17 24 [0]
1 25 [0]
21 25 [0]
13 26 [1]
6 27 [2]
8 27 [2]
11 27 [2]
12 27 [1]
18 27 [1]
2 28 [1]
7 28 [0]
19 28 [0]
23 28 [2]
1 29 [2]
6 29 [2]
25 29 [0]
4 30 [0]
16 30 [0]
20 30 [1]
21 30 [0]
23 30 [2]
19 31 [0]
20 31 [2]
22 31 [1]
23 31 [0]
25 31 [0]
27 31 [0]
