800
10
324
0
1
3
2
4
8
19
5
10
16
13
11
17
6
18
12
15
31
20
23
7
14
52
27
41
36
30
38
26
25
9
29
60
21
79
34
67
39
28
32
44
48
127
92
22
35
62
56
40
24
73
72
42
114
57
37
66
55
43
86
58
46
74
68
53
33
69
76
75
83
51
81
95
98
49
63
93
61
50
64
116
115
97
71
107
65
82
186
59
143
139
119
184
109
91
111
84
89
47
96
137
87
88
113
221
54
90
185
103
168
106
94
117
85
131
155
164
124
122
78
146
126
77
104
176
129
158
182
70
108
156
140
100
224
118
123
152
203
80
147
45
133
163
166
159
169
165
130
134
148
179
173
201
502
99
102
136
183
135
228
121
110
151
138
142
230
191
198
190
157
204
247
154
636
217
200
199
125
160
177
202
167
172
128
193
245
175
220
196
178
283
171
249
188
187
112
144
214
299
237
212
150
704
141
132
314
149
215
320
336
236
174
181
162
288
268
153
292
192
326
246
242
161
708
321
332
263
265
270
241
223
208
239
180
243
209
225
238
211
256
280
284
261
105
213
145
277
218
222
264
207
274
244
254
659
290
189
226
232
197
101
206
271
286
287
216
726
315
407
291
279
293
296
210
763
258
319
300
388
231
350
235
251
260
195
430
255
404
750
252
234
278
297
357
194
354
316
275
281
233
227
248
269
307
347
454
392
229
250
464
282
405
390
366
406
341
351
381
362
497
459
294
424
273
371
312
335
445
329
377
219
311
305
569
439
458
363
313
257
304
356
372
379
259
310
285
262
338
400
266
385
331
369
349
499
512
429
359
267
317
340
396
276
330
468
346
434
328
337
389
421
339
455
411
375
358
289
443
253
360
367
479
306
382
476
295
380
308
401
387
417
397
413
370
482
442
303
348
309
342
318
353
364
438
394
395
391
435
682
423
386
384
516
344
327
240
422
545
533
322
323
495
343
334
756
456
333
378
355
352
437
376
399
402
648
368
415
373
374
528
301
478
471
593
461
419
531
566
472
450
526
398
365
420
522
463
480
466
446
511
447
577
408
427
489
272
428
414
410
538
393
510
501
436
678
416
431
426
519
496
412
595
518
660
491
614
361
440
487
598
483
534
505
615
493
592
543
507
475
433
469
490
498
441
539
448
529
481
521
500
646
517
536
467
523
477
586
653
514
474
409
465
457
644
325
530
425
515
525
470
571
604
607
527
730
451
449
588
418
582
623
562
546
345
453
613
618
564
550
724
601
559
558
594
609
556
759
580
484
540
462
473
535
503
640
563
524
547
383
492
597
561
587
701
767
694
670
655
432
798
452
486
555
654
494
444
612
551
649
298
520
681
570
578
548
509
568
780
632
460
504
622
542
537
403
583
691
684
506
553
792
567
560
721
629
779
698
727
549
590
643
697
599
596
572
554
610
557
617
508
679
544
635
652
611
651
620
576
565
782
738
616
723
709
650
680
589
573
639
671
692
513
673
699
584
688
642
794
668
781
591
703
627
689
485
687
755
711
720
630
621
637
719
753
657
742
628
706
775
656
749
748
603
600
666
625
676
581
786
754
624
718
552
667
693
702
717
733
700
735
713
716
658
602
740
647
608
745
707
575
672
685
757
705
120
683
633
765
729
645
675
758
795
541
722
760
732
170
743
710
579
532
777
772
665
752
761
766
736
799
751
712
605
744
674
715
631
690
634
737
661
776
664
574
731
787
774
797
764
747
793
778
741
789
677
791
788
769
606
205
783
488
638
302
773
790
714
686
739
796
771
785
728
585
768
626
784
746
696
762
725
662
669
641
619
663
734
770
695
0 1 [0]
0 2 [1]
0 3 [1]
1 3 [0]
2 3 [0]
0 4 [8]
2 4 [0]
0 5 [2]
3 5 [1]
0 6 [1]
1 6 [7]
2 6 [7]
3 6 [7]
2 7 [4]
4 8 [0]
1 9 [9]
0 10 [2]
3 10 [2]
4 10 [1]
5 10 [0]
1 11 [2]
1 12 [7]
2 12 [7]
0 13 [2]
11 13 [0]
7 14 [0]
0 15 [7]
3 15 [7]
12 15 [0]
3 16 [2]
10 16 [0]
13 16 [0]
4 17 [6]
6 17 [0]
11 17 [0]
4 18 [7]
6 18 [0]
12 18 [0]
17 18 [8]
0 19 [8]
2 19 [2]
5 19 [0]
7 19 [4]
8 19 [0]
11 19 [7]
0 20 [7]
5 20 [8]
12 20 [8]
0 21 [3]
7 21 [0]
4 22 [3]
12 22 [3]
13 22 [9]
17 22 [3]
7 23 [0]
10 23 [4]
16 23 [4]
17 23 [8]
19 23 [4]
20 23 [0]
22 23 [0]
1 24 [9]
5 24 [9]
1 25 [4]
3 25 [4]
7 25 [0]
8 25 [3]
9 25 [0]
17 25 [3]
21 25 [0]
4 26 [3]
7 26 [0]
12 26 [3]
16 26 [9]
23 26 [0]
25 26 [0]
4 27 [4]
6 27 [5]
0 28 [3]
1 28 [9]
11 28 [2]
12 28 [3]
23 28 [0]
9 29 [0]
11 29 [3]
2 30 [4]
8 30 [4]
18 30 [3]
1 31 [7]
15 31 [0]
20 31 [0]
0 32 [3]
3 32 [3]
6 32 [3]
16 32 [3]
19 32 [3]
28 32 [0]
7 33 [6]
10 33 [6]
23 33 [0]
0 34 [4]
9 34 [0]
2 35 [9]
3 35 [9]
22 35 [0]
0 36 [4]
2 36 [4]
17 36 [9]
30 36 [0]
1 37 [9]
3 37 [3]
4 37 [3]
25 37 [7]
0 38 [7]
5 38 [3]
10 38 [9]
26 38 [0]
29 38 [0]
30 38 [0]
3 39 [9]
5 39 [9]
7 39 [0]
10 39 [9]
16 39 [3]
28 39 [0]
32 39 [2]
1 40 [9]
4 40 [3]
8 40 [3]
24 40 [0]
4 41 [4]
14 41 [0]
15 41 [3]
27 41 [0]
38 41 [0]
40 41 [6]
30 42 [3]
1 43 [9]
20 43 [0]
3 44 [3]
7 44 [0]
23 44 [0]
32 44 [0]
39 44 [2]
41 44 [6]
13 45 [0]
20 45 [0]
36 45 [8]
2 46 [9]
12 46 [6]
22 46 [1]
6 47 [0]
15 47 [0]
16 47 [0]
26 47 [4]
5 48 [3]
32 48 [0]
44 48 [0]
11 49 [6]
6 50 [0]
22 50 [4]
36 50 [7]
1 51 [9]
7 51 [6]
36 51 [7]
3 52 [4]
27 52 [0]
36 52 [0]
40 52 [6]
41 52 [0]
47 52 [4]
14 53 [6]
33 53 [0]
41 53 [6]
2 54 [6]
15 55 [6]
18 55 [6]
43 55 [0]
54 55 [8]
6 56 [9]
40 56 [0]
55 56 [1]
7 57 [0]
8 57 [3]
9 57 [7]
22 57 [0]
37 57 [0]
6 58 [6]
10 58 [6]
14 58 [6]
44 58 [7]
46 58 [0]
47 58 [5]
0 59 [7]
16 59 [0]
18 59 [0]
4 60 [3]
7 60 [0]
14 60 [0]
21 60 [0]
29 60 [0]
40 60 [8]
51 60 [7]
55 60 [8]
58 60 [7]
41 61 [6]
50 61 [0]
52 61 [7]
56 61 [7]
1 62 [9]
17 62 [5]
35 62 [0]
44 62 [7]
56 62 [0]
7 63 [6]
23 63 [6]
26 63 [7]
36 63 [7]
44 63 [7]
49 63 [0]
60 63 [7]
2 64 [7]
7 64 [7]
10 64 [6]
50 64 [0]
56 65 [4]
1 66 [9]
5 66 [9]
6 66 [0]
7 66 [0]
17 66 [6]
19 66 [9]
22 66 [0]
37 66 [0]
55 66 [0]
64 66 [0]
13 67 [9]
34 67 [0]
39 67 [0]
3 68 [3]
6 68 [6]
9 68 [6]
15 68 [6]
53 68 [0]
3 69 [9]
5 69 [6]
6 69 [6]
10 69 [6]
33 69 [0]
38 69 [6]
2 70 [0]
6 70 [0]
9 70 [8]
11 70 [0]
27 70 [0]
31 71 [0]
33 71 [0]
4 72 [3]
9 72 [7]
17 72 [3]
23 72 [0]
42 72 [0]
57 72 [1]
71 72 [4]
0 73 [9]
5 73 [9]
13 73 [9]
24 73 [0]
28 73 [0]
56 73 [0]
72 73 [0]
26 74 [7]
38 74 [6]
46 74 [0]
68 74 [0]
10 75 [6]
11 75 [6]
73 75 [0]
4 76 [6]
8 76 [6]
18 76 [6]
23 76 [0]
69 76 [0]
75 76 [0]
3 77 [4]
6 77 [0]
14 77 [4]
36 77 [4]
73 77 [8]
4 78 [0]
6 78 [0]
12 78 [0]
27 78 [4]
60 78 [8]
6 79 [3]
21 79 [0]
34 79 [0]
47 79 [4]
0 80 [8]
1 80 [8]
2 80 [0]
6 80 [0]
24 80 [0]
25 80 [8]
27 80 [8]
56 80 [8]
10 81 [6]
51 81 [0]
2 82 [6]
7 82 [0]
17 82 [0]
41 82 [7]
65 82 [0]
11 83 [6]
14 83 [6]
16 83 [6]
21 83 [7]
51 83 [0]
75 83 [0]
4 84 [6]
6 84 [0]
10 84 [0]
15 84 [0]
16 84 [0]
20 84 [0]
49 84 [5]
8 85 [0]
11 85 [0]
13 85 [0]
46 85 [8]
51 85 [8]
52 85 [4]
60 85 [4]
76 85 [8]
27 86 [6]
41 86 [6]
43 86 [0]
52 86 [6]
55 86 [6]
58 86 [0]
61 86 [0]
71 86 [0]
0 87 [4]
2 87 [4]
29 87 [4]
75 87 [5]
7 88 [0]
52 88 [4]
67 88 [5]
87 88 [0]
22 89 [5]
35 89 [5]
47 89 [9]
84 89 [0]
86 89 [5]
12 90 [0]
46 90 [5]
50 90 [8]
54 90 [0]
66 90 [5]
89 90 [2]
23 91 [0]
31 91 [0]
58 91 [5]
1 92 [9]
2 92 [3]
22 92 [0]
24 92 [0]
28 92 [0]
50 92 [4]
2 93 [6]
27 93 [7]
51 93 [0]
61 93 [0]
63 93 [0]
64 93 [0]
66 93 [0]
78 93 [2]
19 94 [0]
52 94 [4]
53 94 [8]
6 95 [6]
28 95 [7]
40 95 [4]
81 95 [0]
21 96 [4]
44 96 [4]
46 96 [5]
47 96 [0]
53 96 [5]
58 96 [5]
68 96 [5]
84 96 [8]
2 97 [7]
10 97 [6]
18 97 [0]
24 97 [4]
35 97 [4]
71 97 [0]
78 97 [2]
91 97 [5]
31 98 [6]
49 98 [0]
54 98 [8]
95 98 [0]
3 99 [0]
4 99 [0]
10 99 [0]
11 99 [0]
12 99 [0]
14 99 [0]
23 99 [8]
32 99 [8]
35 99 [8]
43 99 [2]
54 99 [1]
65 99 [2]
30 100 [8]
37 100 [8]
51 100 [8]
60 100 [8]
62 101 [7]
20 102 [8]
53 102 [2]
84 102 [1]
99 102 [0]
28 103 [4]
47 103 [0]
51 103 [8]
60 103 [4]
66 103 [8]
79 103 [4]
81 103 [8]
2 104 [0]
5 104 [0]
6 104 [0]
11 104 [0]
20 104 [0]
24 104 [8]
28 104 [8]
40 104 [8]
77 104 [0]
87 104 [1]
92 104 [8]
2 105 [0]
21 105 [1]
24 105 [1]
4 106 [0]
94 106 [0]
24 107 [4]
27 107 [7]
38 107 [4]
62 107 [4]
65 107 [0]
67 107 [7]
71 107 [0]
84 107 [5]
15 108 [0]
16 108 [0]
41 108 [8]
62 108 [8]
63 108 [8]
70 108 [0]
77 108 [6]
107 108 [1]
2 109 [6]
13 109 [0]
14 109 [7]
15 109 [0]
32 109 [4]
37 109 [3]
91 109 [0]
0 110 [8]
5 110 [0]
27 110 [8]
52 110 [8]
54 110 [1]
55 110 [2]
62 110 [2]
1 111 [6]
20 111 [0]
25 111 [4]
33 111 [5]
74 111 [5]
84 111 [0]
91 111 [6]
6 112 [0]
9 112 [2]
12 112 [2]
44 112 [1]
5 113 [0]
6 113 [0]
15 113 [0]
19 113 [0]
68 113 [5]
88 113 [0]
2 114 [3]
31 114 [6]
42 114 [0]
57 114 [0]
59 114 [3]
98 114 [0]
6 115 [0]
34 115 [4]
35 115 [4]
42 115 [0]
69 115 [0]
74 115 [0]
75 115 [0]
76 115 [0]
97 115 [0]
99 115 [1]
0 116 [7]
4 116 [6]
42 116 [0]
62 116 [0]
64 116 [0]
76 116 [0]
115 116 [0]
7 117 [0]
34 117 [5]
85 117 [0]
94 117 [0]
0 118 [4]
4 118 [0]
9 118 [8]
31 118 [0]
91 118 [1]
97 118 [1]
21 119 [7]
34 119 [7]
74 119 [0]
115 119 [0]
4 120 [0]
14 120 [8]
65 120 [1]
99 120 [0]
2 121 [0]
4 121 [0]
11 121 [0]
21 121 [2]
22 121 [2]
37 121 [2]
110 121 [0]
40 122 [8]
65 122 [2]
76 122 [8]
78 122 [0]
83 122 [8]
116 122 [0]
0 123 [4]
1 123 [4]
32 123 [8]
69 123 [2]
94 123 [1]
98 123 [2]
118 123 [0]
2 124 [4]
6 124 [0]
39 124 [8]
53 124 [8]
122 124 [0]
14 125 [2]
21 125 [2]
26 125 [2]
97 125 [1]
20 126 [0]
21 126 [8]
64 126 [2]
67 126 [8]
77 126 [0]
84 126 [1]
97 126 [2]
102 126 [6]
117 126 [1]
7 127 [0]
10 127 [9]
19 127 [3]
32 127 [0]
48 127 [0]
92 127 [0]
3 128 [0]
13 128 [0]
16 128 [0]
49 128 [1]
70 128 [7]
72 128 [1]
84 128 [6]
127 128 [2]
9 129 [8]
19 129 [0]
36 129 [0]
42 129 [8]
49 129 [2]
65 129 [2]
115 129 [2]
20 130 [8]
36 130 [8]
86 130 [8]
91 130 [1]
3 131 [4]
7 131 [0]
15 131 [0]
17 131 [0]
43 131 [8]
52 131 [4]
75 131 [8]
81 131 [8]
85 131 [0]
94 131 [7]
7 132 [2]
12 132 [2]
19 132 [0]
57 132 [1]
58 132 [1]
89 132 [6]
118 132 [7]
8 133 [0]
20 133 [0]
33 133 [2]
45 133 [0]
63 133 [2]
84 133 [1]
23 134 [8]
41 134 [8]
66 134 [8]
117 134 [1]
130 134 [0]
14 135 [8]
38 135 [0]
46 135 [2]
53 135 [2]
122 135 [6]
19 136 [0]
24 136 [2]
64 136 [1]
66 136 [2]
87 136 [1]
88 136 [1]
93 136 [2]
102 136 [0]
22 137 [5]
34 137 [4]
35 137 [5]
65 137 [8]
75 137 [8]
87 137 [0]
96 137 [0]
103 137 [0]
115 137 [8]
0 138 [8]
44 138 [2]
46 138 [2]
85 138 [6]
89 138 [1]
92 138 [2]
94 138 [6]
95 138 [2]
4 139 [6]
8 139 [6]
9 139 [1]
48 139 [4]
63 139 [5]
97 139 [5]
119 139 [0]
126 139 [2]
0 140 [4]
4 140 [0]
6 140 [0]
36 140 [8]
89 140 [1]
91 140 [1]
97 140 [1]
100 140 [0]
1 141 [0]
3 141 [0]
18 141 [2]
33 141 [1]
50 141 [6]
55 141 [1]
66 141 [1]
132 141 [0]
140 141 [7]
3 142 [0]
7 142 [8]
10 142 [0]
16 142 [0]
17 142 [0]
20 142 [8]
57 142 [2]
71 142 [1]
91 142 [1]
138 142 [0]
8 143 [6]
11 143 [0]
18 143 [0]
57 143 [4]
59 143 [0]
139 143 [0]
15 144 [2]
18 144 [2]
44 144 [1]
51 144 [1]
60 144 [2]
112 144 [4]
2 145 [0]
35 145 [1]
52 145 [1]
67 145 [1]
112 145 [9]
11 146 [0]
16 146 [0]
18 146 [0]
36 146 [4]
38 146 [4]
78 146 [0]
93 146 [2]
122 146 [9]
126 146 [0]
130 146 [6]
1 147 [8]
2 147 [0]
6 147 [0]
29 147 [0]
31 147 [0]
38 147 [8]
45 147 [0]
80 147 [0]
89 147 [1]
130 147 [4]
139 147 [1]
4 148 [0]
23 148 [8]
59 148 [1]
134 148 [0]
9 149 [2]
17 149 [0]
29 149 [2]
71 149 [6]
81 149 [1]
102 149 [3]
107 149 [6]
124 149 [7]
0 150 [0]
1 150 [0]
28 150 [1]
33 150 [1]
61 150 [1]
80 150 [7]
141 150 [0]
1 151 [0]
5 151 [0]
17 151 [0]
66 151 [2]
102 151 [7]
109 151 [1]
110 151 [0]
138 151 [0]
147 151 [6]
2 152 [0]
7 152 [0]
26 152 [8]
28 152 [8]
57 152 [8]
123 152 [0]
127 152 [8]
1 153 [0]
48 153 [1]
87 153 [7]
94 153 [7]
111 153 [7]
147 153 [3]
4 154 [0]
18 154 [0]
74 154 [2]
98 154 [1]
109 154 [1]
3 155 [4]
9 155 [4]
61 155 [8]
62 155 [8]
79 155 [5]
114 155 [8]
131 155 [0]
139 155 [2]
143 155 [2]
1 156 [4]
49 156 [8]
89 156 [1]
94 156 [1]
106 156 [1]
108 156 [0]
131 156 [1]
140 156 [0]
2 157 [0]
51 157 [2]
78 157 [6]
87 157 [1]
97 157 [1]
122 157 [6]
14 158 [8]
84 158 [1]
88 158 [1]
91 158 [1]
129 158 [0]
0 159 [8]
15 159 [0]
18 159 [0]
53 159 [2]
55 159 [8]
66 159 [8]
94 159 [1]
95 159 [2]
0 160 [2]
18 160 [0]
26 160 [2]
45 160 [7]
68 160 [1]
125 160 [0]
126 160 [6]
147 160 [7]
5 161 [0]
17 161 [0]
33 161 [2]
41 161 [2]
44 161 [1]
53 161 [2]
60 161 [1]
62 161 [1]
63 161 [6]
70 161 [3]
102 161 [3]
150 161 [5]
151 161 [3]
1 162 [0]
4 162 [0]
40 162 [1]
46 162 [1]
50 162 [6]
58 162 [1]
59 162 [6]
60 162 [1]
61 162 [6]
63 162 [6]
120 162 [3]
27 163 [8]
50 163 [1]
66 163 [8]
78 163 [6]
107 163 [1]
108 163 [2]
126 163 [6]
133 163 [0]
0 164 [4]
17 164 [0]
50 164 [2]
83 164 [8]
84 164 [2]
87 164 [1]
107 164 [2]
124 164 [0]
155 164 [0]
1 165 [8]
5 165 [0]
7 165 [8]
14 165 [8]
19 165 [0]
34 165 [8]
36 165 [8]
57 165 [8]
79 165 [8]
130 165 [0]
4 166 [0]
14 166 [8]
15 166 [0]
30 166 [0]
36 166 [8]
40 166 [8]
51 166 [2]
60 166 [8]
63 166 [2]
72 166 [8]
84 166 [1]
159 166 [0]
162 166 [3]
163 166 [0]
165 166 [3]
4 167 [0]
5 167 [0]
6 167 [0]
17 167 [0]
23 167 [2]
66 167 [2]
124 167 [6]
134 167 [7]
19 168 [0]
28 168 [4]
30 168 [4]
39 168 [4]
55 168 [8]
88 168 [2]
103 168 [0]
106 168 [2]
141 168 [7]
2 169 [0]
18 169 [0]
22 169 [8]
30 169 [8]
60 169 [8]
77 169 [6]
159 169 [0]
165 169 [0]
2 170 [0]
25 170 [2]
36 170 [2]
95 170 [2]
154 170 [0]
163 170 [7]
21 171 [2]
31 171 [2]
38 171 [2]
46 171 [1]
51 171 [1]
62 171 [1]
83 171 [1]
134 171 [7]
146 171 [2]
5 172 [0]
8 172 [0]
14 172 [2]
16 172 [0]
59 172 [6]
61 172 [1]
106 172 [6]
124 172 [6]
128 172 [0]
145 172 [5]
167 172 [0]
4 173 [0]
6 173 [0]
17 173 [0]
39 173 [8]
50 173 [1]
58 173 [2]
70 173 [6]
94 173 [6]
0 174 [0]
3 174 [0]
4 174 [0]
6 174 [2]
28 174 [1]
35 174 [1]
84 174 [7]
88 174 [7]
6 175 [0]
22 175 [0]
31 175 [2]
44 175 [2]
55 175 [2]
67 175 [2]
96 175 [6]
116 175 [1]
6 176 [0]
9 176 [8]
50 176 [2]
61 176 [2]
104 176 [5]
129 176 [0]
154 176 [6]
0 177 [0]
10 177 [0]
33 177 [2]
53 177 [2]
68 177 [1]
88 177 [6]
160 177 [0]
10 178 [0]
47 178 [6]
49 178 [1]
71 178 [6]
76 178 [1]
121 178 [3]
129 178 [7]
138 178 [3]
147 178 [7]
159 178 [7]
10 179 [0]
12 179 [0]
47 179 [1]
72 179 [8]
98 179 [2]
148 179 [0]
173 179 [0]
0 180 [0]
50 180 [6]
106 180 [7]
112 180 [5]
2 181 [0]
19 181 [0]
26 181 [2]
63 181 [1]
70 181 [7]
104 181 [7]
148 181 [3]
162 181 [0]
174 181 [0]
19 182 [0]
56 182 [8]
70 182 [0]
71 182 [2]
93 182 [2]
106 182 [1]
132 182 [7]
157 182 [6]
158 182 [0]
166 182 [2]
177 182 [6]
12 183 [0]
26 183 [8]
41 183 [8]
61 183 [1]
66 183 [2]
84 183 [1]
95 183 [2]
98 183 [2]
130 183 [9]
135 183 [0]
136 183 [0]
174 183 [3]
8 184 [6]
17 184 [0]
20 184 [0]
34 184 [4]
109 184 [0]
110 184 [1]
119 184 [0]
130 184 [1]
131 184 [2]
172 184 [1]
4 185 [6]
25 185 [4]
28 185 [4]
47 185 [5]
54 185 [1]
55 185 [8]
66 185 [5]
90 185 [0]
103 185 [0]
111 185 [2]
3 186 [7]
21 186 [4]
43 186 [0]
44 186 [4]
59 186 [0]
82 186 [0]
111 186 [8]
125 186 [1]
143 186 [1]
2 187 [0]
46 187 [1]
61 187 [1]
112 187 [0]
116 187 [6]
138 187 [3]
155 187 [2]
35 188 [1]
70 188 [7]
97 188 [6]
127 188 [1]
139 188 [6]
172 188 [3]
187 188 [0]
0 189 [0]
7 189 [1]
60 189 [2]
118 189 [3]
125 189 [5]
2 190 [0]
4 190 [0]
28 190 [2]
60 190 [2]
78 190 [6]
87 190 [1]
93 190 [1]
95 190 [2]
123 190 [7]
157 190 [0]
177 190 [3]
1 191 [0]
6 191 [0]
7 191 [8]
32 191 [2]
124 191 [6]
168 191 [6]
0 192 [0]
45 192 [3]
58 192 [1]
64 192 [6]
88 192 [7]
93 192 [6]
136 192 [3]
165 192 [3]
168 192 [7]
3 193 [0]
6 193 [0]
13 193 [0]
36 193 [2]
44 193 [2]
87 193 [6]
111 193 [6]
114 193 [2]
120 193 [7]
128 193 [0]
164 193 [6]
0 194 [0]
4 194 [0]
7 194 [7]
9 194 [7]
15 194 [7]
17 194 [7]
41 194 [7]
78 194 [3]
93 194 [6]
150 194 [9]
168 194 [3]
12 195 [7]
15 195 [7]
17 195 [3]
26 195 [7]
68 195 [6]
84 195 [3]
107 195 [3]
115 195 [3]
2 196 [0]
12 196 [2]
20 196 [2]
50 196 [1]
61 196 [1]
76 196 [1]
127 196 [2]
178 196 [0]
183 196 [3]
16 197 [0]
27 197 [1]
40 197 [7]
43 197 [7]
47 197 [7]
48 197 [7]
53 197 [7]
56 197 [7]
64 197 [7]
80 197 [5]
101 197 [0]
102 197 [5]
176 197 [3]
190 197 [8]
11 198 [0]
28 198 [2]
39 198 [2]
69 198 [2]
123 198 [7]
131 198 [6]
190 198 [0]
191 198 [0]
195 198 [9]
9 199 [2]
12 199 [0]
22 199 [2]
24 199 [2]
59 199 [6]
90 199 [6]
95 199 [1]
125 199 [3]
137 199 [6]
195 199 [9]
18 200 [0]
29 200 [2]
45 200 [7]
49 200 [1]
83 200 [1]
121 200 [3]
199 200 [5]
7 201 [8]
21 201 [1]
22 201 [8]
39 201 [8]
94 201 [6]
120 201 [2]
136 201 [4]
173 201 [0]
181 201 [3]
1 202 [0]
6 202 [0]
12 202 [0]
43 202 [1]
57 202 [1]
66 202 [1]
68 202 [1]
84 202 [6]
88 202 [6]
90 202 [6]
95 202 [1]
98 202 [1]
147 202 [4]
167 202 [0]
177 202 [0]
195 202 [9]
0 203 [4]
1 203 [4]
2 203 [0]
11 203 [0]
27 203 [0]
80 203 [0]
93 203 [2]
110 203 [6]
121 203 [6]
123 203 [2]
124 203 [1]
152 203 [0]
174 203 [7]
0 204 [0]
7 204 [8]
13 204 [0]
99 204 [7]
109 204 [1]
152 204 [7]
157 204 [0]
7 205 [2]
34 205 [2]
37 205 [2]
44 205 [2]
71 205 [7]
76 205 [7]
93 205 [7]
151 205 [5]
7 206 [1]
10 206 [0]
11 206 [1]
28 206 [7]
55 206 [7]
86 206 [7]
101 206 [0]
108 206 [3]
152 206 [5]
168 206 [3]
10 207 [0]
13 207 [0]
15 207 [1]
42 207 [2]
73 207 [2]
74 207 [7]
75 207 [6]
133 207 [3]
137 207 [7]
141 207 [9]
156 207 [3]
0 208 [0]
8 208 [0]
15 208 [2]
21 208 [1]
90 208 [7]
94 208 [7]
96 208 [7]
166 208 [3]
167 208 [5]
10 209 [0]
16 209 [0]
22 209 [1]
27 209 [1]
56 209 [1]
120 209 [3]
121 209 [3]
128 209 [5]
165 209 [3]
1 210 [0]
4 210 [0]
18 210 [1]
30 210 [7]
122 210 [3]
154 210 [9]
157 210 [9]
168 210 [3]
173 210 [5]
191 210 [5]
199 210 [9]
18 211 [1]
19 211 [0]
20 211 [1]
45 211 [3]
54 211 [7]
55 211 [1]
65 211 [7]
87 211 [7]
127 211 [1]
133 211 [3]
137 211 [7]
1 212 [0]
6 212 [0]
7 212 [2]
11 212 [0]
25 212 [2]
26 212 [2]
63 212 [1]
70 212 [7]
99 212 [3]
104 212 [7]
150 212 [0]
1 213 [0]
3 213 [0]
15 213 [1]
17 213 [1]
27 213 [1]
105 213 [0]
118 213 [3]
145 213 [0]
194 213 [4]
21 214 [2]
27 214 [2]
28 214 [1]
53 214 [1]
129 214 [7]
143 214 [6]
144 214 [0]
176 214 [7]
2 215 [0]
17 215 [0]
39 215 [1]
65 215 [6]
67 215 [1]
149 215 [0]
177 215 [3]
4 216 [0]
27 216 [1]
29 216 [2]
52 216 [1]
60 216 [7]
197 216 [6]
7 217 [2]
8 217 [0]
11 217 [0]
16 217 [0]
40 217 [2]
63 217 [1]
154 217 [5]
163 217 [7]
170 217 [0]
200 217 [0]
9 218 [1]
10 218 [0]
27 218 [1]
105 218 [6]
133 218 [3]
4 219 [0]
10 219 [0]
39 219 [3]
47 219 [5]
96 219 [5]
97 219 [3]
102 219 [9]
149 219 [4]
181 219 [4]
6 220 [0]
24 220 [2]
50 220 [1]
108 220 [7]
175 220 [0]
196 220 [0]
5 221 [0]
11 221 [0]
19 221 [0]
54 221 [0]
75 221 [5]
83 221 [5]
113 221 [0]
127 221 [5]
138 221 [6]
152 221 [1]
182 221 [1]
196 221 [6]
1 222 [0]
6 222 [1]
9 222 [1]
26 222 [1]
28 222 [1]
30 222 [1]
62 222 [1]
74 222 [2]
77 222 [3]
107 222 [7]
116 222 [7]
190 222 [5]
218 222 [0]
4 223 [0]
15 223 [2]
21 223 [1]
27 223 [1]
68 223 [2]
123 223 [3]
203 223 [3]
208 223 [0]
216 223 [9]
17 224 [0]
44 224 [0]
82 224 [1]
85 224 [1]
92 224 [8]
100 224 [0]
118 224 [0]
153 224 [7]
167 224 [7]
171 224 [7]
1 225 [0]
13 225 [0]
14 225 [1]
29 225 [1]
36 225 [1]
44 225 [1]
53 225 [2]
123 225 [3]
126 225 [3]
175 225 [5]
209 225 [0]
0 226 [0]
25 226 [2]
44 226 [7]
60 226 [2]
64 226 [7]
78 226 [3]
157 226 [5]
159 226 [5]
179 226 [5]
187 226 [9]
189 226 [0]
7 227 [7]
10 227 [0]
17 227 [7]
53 227 [6]
71 227 [3]
144 227 [9]
33 228 [2]
62 228 [2]
64 228 [1]
86 228 [2]
121 228 [0]
135 228 [0]
201 228 [0]
40 229 [6]
58 229 [6]
114 229 [6]
187 229 [9]
0 230 [8]
44 230 [0]
50 230 [1]
79 230 [2]
103 230 [6]
106 230 [6]
142 230 [0]
191 230 [0]
215 230 [3]
12 231 [2]
14 231 [7]
61 231 [6]
66 231 [7]
90 231 [3]
97 231 [6]
228 231 [9]
43 232 [7]
64 232 [7]
106 232 [3]
125 232 [5]
130 232 [5]
163 232 [3]
197 232 [0]
226 232 [0]
8 233 [0]
17 233 [7]
20 233 [7]
34 233 [7]
38 233 [7]
43 233 [6]
54 233 [3]
72 233 [6]
73 233 [6]
107 233 [3]
176 233 [5]
184 233 [3]
196 233 [9]
227 233 [0]
21 234 [7]
97 234 [3]
125 234 [9]
195 234 [0]
228 234 [9]
233 234 [2]
16 235 [0]
23 235 [7]
27 235 [7]
42 235 [7]
142 235 [9]
232 235 [4]
2 236 [0]
10 236 [0]
20 236 [2]
21 236 [1]
51 236 [1]
119 236 [6]
174 236 [0]
230 236 [3]
2 237 [0]
8 237 [0]
15 237 [7]
16 237 [0]
36 237 [2]
77 237 [7]
92 237 [1]
98 237 [1]
212 237 [0]
218 237 [9]
4 238 [0]
10 238 [0]
23 238 [1]
92 238 [1]
131 238 [7]
133 238 [3]
141 238 [9]
184 238 [7]
211 238 [0]
225 238 [0]
0 239 [0]
2 239 [0]
6 239 [2]
45 239 [3]
49 239 [6]
50 239 [6]
78 239 [3]
173 239 [3]
180 239 [0]
208 239 [0]
21 240 [5]
47 240 [9]
48 240 [5]
59 240 [9]
80 240 [4]
105 240 [8]
140 240 [4]
148 240 [4]
159 240 [4]
3 241 [0]
47 241 [7]
64 241 [6]
66 241 [1]
68 241 [2]
70 241 [3]
136 241 [3]
223 241 [0]
10 242 [0]
56 242 [1]
76 242 [2]
109 242 [7]
119 242 [7]
122 242 [7]
144 242 [5]
161 242 [0]
237 242 [5]
7 243 [1]
8 243 [1]
29 243 [1]
39 243 [1]
180 243 [0]
209 243 [0]
225 243 [7]
8 244 [0]
25 244 [1]
30 244 [1]
124 244 [5]
135 244 [5]
172 244 [5]
12 245 [2]
71 245 [6]
72 245 [2]
79 245 [2]
129 245 [7]
175 245 [0]
193 245 [0]
214 245 [7]
227 245 [9]
228 245 [3]
2 246 [0]
8 246 [0]
46 246 [1]
201 246 [3]
242 246 [0]
2 247 [0]
44 247 [2]
65 247 [1]
77 247 [6]
78 247 [6]
98 247 [1]
106 247 [6]
154 247 [0]
204 247 [0]
217 247 [3]
26 248 [7]
77 248 [5]
127 248 [6]
204 248 [9]
227 248 [0]
9 249 [2]
10 249 [0]
13 249 [0]
19 249 [0]
54 249 [6]
136 249 [3]
158 249 [7]
171 249 [0]
188 249 [0]
210 249 [9]
231 249 [9]
8 250 [0]
84 250 [3]
92 250 [6]
95 250 [3]
123 250 [5]
187 250 [9]
224 250 [5]
229 250 [0]
2 251 [0]
11 251 [1]
16 251 [0]
36 251 [7]
69 251 [6]
122 251 [3]
135 251 [9]
143 251 [7]
235 251 [0]
15 252 [7]
58 252 [6]
82 252 [3]
102 252 [9]
125 252 [9]
159 252 [5]
234 252 [0]
243 252 [4]
2 253 [0]
17 253 [3]
38 253 [3]
70 253 [9]
72 253 [5]
89 253 [5]
112 253 [4]
128 253 [4]
147 253 [9]
0 254 [0]
9 254 [2]
19 254 [0]
83 254 [7]
106 254 [3]
128 254 [5]
156 254 [3]
176 254 [3]
196 254 [5]
205 254 [0]
243 254 [5]
244 254 [0]
7 255 [7]
8 255 [0]
35 255 [7]
83 255 [6]
91 255 [3]
102 255 [9]
125 255 [9]
186 255 [3]
218 255 [4]
47 256 [7]
52 256 [1]
97 256 [7]
121 256 [3]
211 256 [0]
10 257 [0]
23 257 [6]
30 257 [2]
32 257 [3]
39 257 [3]
63 257 [3]
66 257 [3]
1 258 [0]
39 258 [7]
100 258 [5]
111 258 [7]
150 258 [9]
177 258 [9]
186 258 [7]
191 258 [9]
210 258 [0]
220 258 [9]
2 259 [0]
17 259 [2]
23 259 [2]
33 259 [3]
56 259 [3]
72 259 [3]
130 259 [9]
160 259 [4]
193 259 [4]
197 259 [8]
2 260 [0]
3 260 [0]
10 260 [0]
43 260 [7]
69 260 [6]
73 260 [7]
97 260 [6]
123 260 [9]
130 260 [5]
209 260 [6]
251 260 [0]
37 261 [2]
58 261 [7]
105 261 [0]
156 261 [3]
173 261 [3]
198 261 [5]
212 261 [9]
257 261 [4]
0 262 [0]
6 262 [2]
8 262 [0]
11 262 [2]
56 262 [3]
59 262 [5]
87 262 [5]
94 262 [5]
180 262 [4]
217 262 [4]
242 262 [4]
51 263 [6]
54 263 [7]
73 263 [1]
188 263 [5]
1 264 [0]
6 264 [1]
21 264 [1]
43 264 [2]
49 264 [6]
59 264 [7]
111 264 [7]
124 264 [3]
141 264 [9]
168 264 [3]
207 264 [0]
222 264 [0]
34 265 [1]
55 265 [1]
74 265 [1]
89 265 [7]
154 265 [5]
263 265 [0]
1 266 [0]
2 266 [0]
4 266 [0]
6 266 [2]
7 266 [6]
17 266 [2]
44 266 [3]
46 266 [3]
58 266 [3]
111 266 [5]
232 266 [8]
3 267 [0]
46 267 [5]
89 267 [5]
107 267 [5]
117 267 [5]
126 267 [5]
164 267 [5]
75 268 [2]
95 268 [2]
121 268 [3]
153 268 [0]
180 268 [9]
209 268 [9]
232 268 [9]
245 268 [5]
8 269 [0]
32 269 [7]
52 269 [7]
76 269 [6]
204 269 [9]
223 269 [4]
248 269 [0]
4 270 [0]
16 270 [0]
46 270 [1]
64 270 [6]
72 270 [1]
77 270 [3]
81 270 [6]
95 270 [6]
124 270 [7]
130 270 [3]
136 270 [3]
185 270 [7]
204 270 [5]
241 270 [0]
263 270 [0]
265 270 [0]
3 271 [0]
4 271 [0]
6 271 [1]
27 271 [1]
33 271 [7]
37 271 [7]
60 271 [2]
80 271 [5]
81 271 [7]
113 271 [7]
169 271 [5]
200 271 [5]
206 271 [0]
6 272 [5]
18 272 [5]
26 272 [9]
37 272 [9]
82 272 [4]
117 272 [4]
147 272 [4]
148 272 [4]
175 272 [8]
218 272 [8]
247 272 [8]
254 272 [1]
13 273 [7]
30 273 [2]
38 273 [2]
54 273 [5]
63 273 [3]
88 273 [3]
137 273 [3]
169 273 [9]
206 273 [8]
221 273 [5]
249 273 [9]
23 274 [1]
71 274 [7]
100 274 [3]
102 274 [5]
107 274 [7]
146 274 [3]
207 274 [0]
244 274 [0]
24 275 [6]
25 275 [7]
70 275 [5]
75 275 [3]
86 275 [6]
111 275 [3]
159 275 [5]
241 275 [4]
251 275 [1]
252 275 [2]
56 276 [6]
58 276 [5]
68 276 [5]
79 276 [3]
85 276 [5]
110 276 [9]
128 276 [4]
224 276 [9]
230 276 [9]
242 276 [4]
248 276 [4]
2 277 [0]
7 277 [1]
45 277 [3]
64 277 [7]
94 277 [3]
144 277 [9]
145 277 [0]
218 277 [0]
228 277 [5]
243 277 [5]
66 278 [0]
72 278 [7]
78 278 [3]
122 278 [3]
152 278 [5]
197 278 [4]
204 278 [9]
241 278 [9]
247 278 [9]
260 278 [0]
31 279 [1]
40 279 [7]
53 279 [7]
93 279 [7]
169 279 [5]
8 280 [0]
90 280 [7]
144 280 [9]
203 280 [3]
208 280 [9]
242 280 [9]
256 280 [0]
17 281 [7]
67 281 [2]
88 281 [3]
107 281 [3]
115 281 [3]
156 281 [5]
185 281 [3]
207 281 [4]
233 281 [0]
267 281 [8]
275 281 [0]
0 282 [0]
6 282 [7]
22 282 [6]
53 282 [3]
115 282 [3]
190 282 [9]
197 282 [4]
207 282 [4]
210 282 [2]
244 282 [4]
254 282 [4]
268 282 [4]
274 282 [4]
4 283 [0]
10 283 [0]
16 283 [0]
18 283 [2]
41 283 [2]
47 283 [6]
83 283 [1]
98 283 [1]
171 283 [0]
178 283 [0]
185 283 [2]
197 283 [9]
1 284 [0]
4 284 [0]
69 284 [7]
123 284 [3]
173 284 [3]
185 284 [7]
261 284 [0]
280 284 [0]
0 285 [0]
31 285 [2]
37 285 [3]
104 285 [5]
157 285 [9]
199 285 [4]
262 285 [0]
6 286 [1]
7 286 [1]
12 286 [1]
37 286 [7]
100 286 [3]
138 286 [5]
185 286 [3]
193 286 [9]
212 286 [9]
268 286 [9]
271 286 [0]
1 287 [0]
9 287 [7]
37 287 [7]
53 287 [7]
60 287 [0]
67 287 [7]
158 287 [3]
179 287 [5]
216 287 [0]
286 287 [0]
57 288 [1]
95 288 [2]
162 288 [0]
176 288 [7]
182 288 [7]
228 288 [3]
268 288 [0]
24 289 [5]
29 289 [3]
57 289 [5]
58 289 [5]
90 289 [9]
142 289 [4]
145 289 [8]
229 289 [1]
2 290 [0]
5 290 [0]
14 290 [1]
44 290 [7]
59 290 [7]
62 290 [2]
112 290 [9]
116 290 [7]
182 290 [3]
189 290 [0]
205 290 [0]
221 290 [7]
222 290 [9]
250 290 [4]
2 291 [0]
3 291 [0]
75 291 [7]
155 291 [3]
164 291 [3]
180 291 [6]
204 291 [9]
221 291 [3]
232 291 [6]
243 291 [6]
279 291 [0]
3 292 [0]
43 292 [1]
49 292 [6]
52 292 [2]
112 292 [5]
116 292 [6]
134 292 [3]
153 292 [0]
192 292 [6]
193 292 [5]
222 292 [9]
248 292 [4]
253 292 [4]
255 292 [9]
268 292 [5]
5 293 [0]
19 293 [0]
74 293 [7]
89 293 [7]
112 293 [9]
114 293 [7]
221 293 [3]
279 293 [0]
290 293 [0]
1 294 [0]
9 294 [2]
31 294 [2]
98 294 [3]
111 294 [3]
158 294 [5]
199 294 [9]
202 294 [9]
247 294 [9]
287 294 [8]
290 294 [4]
1 295 [0]
9 295 [5]
44 295 [5]
66 295 [5]
70 295 [9]
79 295 [5]
106 295 [9]
116 295 [5]
175 295 [4]
212 295 [4]
284 295 [8]
286 295 [8]
287 295 [8]
2 296 [0]
12 296 [1]
32 296 [7]
34 296 [7]
54 296 [3]
63 296 [7]
87 296 [7]
107 296 [7]
150 296 [9]
210 296 [0]
221 296 [3]
232 296 [4]
293 296 [0]
0 297 [0]
18 297 [7]
30 297 [7]
40 297 [6]
102 297 [9]
109 297 [5]
166 297 [5]
195 297 [0]
200 297 [9]
205 297 [0]
31 298 [2]
95 298 [6]
144 298 [9]
252 298 [0]
286 298 [4]
21 299 [2]
46 299 [1]
54 299 [7]
84 299 [6]
112 299 [0]
131 299 [7]
214 299 [0]
237 299 [0]
265 299 [5]
267 299 [4]
17 300 [1]
75 300 [6]
107 300 [7]
189 300 [4]
201 300 [5]
212 300 [9]
221 300 [3]
291 300 [2]
17 301 [5]
122 301 [4]
155 301 [4]
213 301 [8]
17 302 [1]
23 302 [1]
90 302 [3]
110 302 [5]
120 302 [5]
201 302 [5]
216 302 [0]
261 302 [6]
284 302 [6]
8 303 [0]
18 303 [5]
27 303 [5]
35 303 [5]
73 303 [5]
75 303 [5]
90 303 [9]
96 303 [9]
148 303 [4]
177 303 [4]
234 303 [1]
241 303 [8]
286 303 [8]
23 304 [2]
49 304 [5]
57 304 [3]
129 304 [5]
169 304 [9]
203 304 [9]
214 304 [4]
218 304 [4]
242 304 [4]
257 304 [0]
280 304 [4]
3 305 [0]
13 305 [6]
25 305 [6]
41 305 [6]
42 305 [3]
50 305 [3]
74 305 [3]
79 305 [3]
92 305 [3]
108 305 [9]
111 305 [5]
6 306 [3]
20 306 [3]
21 306 [5]
28 306 [5]
68 306 [5]
74 306 [5]
79 306 [5]
112 306 [4]
222 306 [8]
243 306 [8]
1 307 [0]
58 307 [6]
143 307 [3]
162 307 [4]
165 307 [9]
198 307 [9]
228 307 [9]
261 307 [4]
269 307 [0]
298 307 [2]
12 308 [3]
48 308 [5]
139 308 [5]
157 308 [4]
230 308 [4]
0 309 [0]
20 309 [5]
24 309 [5]
66 309 [5]
87 309 [9]
90 309 [9]
164 309 [9]
193 309 [4]
221 309 [9]
22 310 [3]
30 310 [2]
37 310 [3]
74 310 [3]
79 310 [3]
185 310 [5]
208 310 [4]
239 310 [4]
259 310 [0]
284 310 [4]
285 310 [0]
3 311 [0]
6 311 [2]
32 311 [3]
33 311 [3]
69 311 [3]
165 311 [9]
180 311 [4]
191 311 [9]
219 311 [0]
221 311 [5]
305 311 [0]
3 312 [0]
44 312 [6]
108 312 [5]
164 312 [5]
166 312 [9]
180 312 [5]
279 312 [8]
299 312 [4]
25 313 [6]
34 313 [3]
101 313 [8]
220 313 [4]
234 313 [8]
257 313 [0]
276 313 [1]
296 313 [8]
6 314 [2]
13 314 [0]
14 314 [2]
27 314 [2]
40 314 [1]
41 314 [2]
73 314 [1]
120 314 [3]
132 314 [0]
149 314 [0]
150 314 [5]
262 314 [4]
282 314 [4]
4 315 [0]
7 315 [1]
19 315 [0]
103 315 [3]
117 315 [3]
126 315 [3]
209 315 [6]
225 315 [6]
249 315 [9]
299 315 [9]
302 315 [0]
53 316 [6]
57 316 [6]
60 316 [7]
61 316 [6]
70 316 [5]
222 316 [4]
275 316 [0]
280 316 [4]
0 317 [0]
4 317 [0]
13 317 [2]
20 317 [3]
34 317 [3]
73 317 [3]
75 317 [1]
90 317 [5]
112 317 [4]
134 317 [9]
172 317 [4]
187 317 [4]
198 317 [4]
267 317 [0]
314 317 [4]
2 318 [0]
30 318 [5]
51 318 [5]
59 318 [9]
107 318 [9]
171 318 [4]
181 318 [8]
217 318 [4]
34 319 [7]
59 319 [7]
100 319 [5]
130 319 [5]
183 319 [5]
189 319 [4]
216 319 [4]
258 319 [0]
264 319 [7]
300 319 [0]
10 320 [0]
21 320 [1]
108 320 [7]
111 320 [6]
126 320 [7]
149 320 [5]
156 320 [7]
167 320 [3]
170 320 [3]
198 320 [3]
215 320 [0]
3 321 [0]
6 321 [2]
23 321 [2]
41 321 [2]
50 321 [6]
82 321 [6]
104 321 [3]
123 321 [3]
148 321 [3]
152 321 [3]
161 321 [0]
175 321 [5]
7 322 [5]
14 322 [5]
33 322 [9]
67 322 [5]
84 322 [9]
98 322 [9]
126 322 [4]
284 322 [8]
292 322 [8]
316 322 [1]
2 323 [0]
11 323 [0]
19 323 [0]
80 323 [4]
184 323 [9]
221 323 [9]
322 323 [0]
9 324 [9]
29 324 [9]
33 324 [4]
63 324 [4]
111 324 [4]
112 324 [8]
137 324 [4]
174 324 [8]
180 324 [6]
213 324 [1]
9 325 [4]
20 325 [4]
23 325 [4]
35 325 [4]
93 325 [4]
120 325 [8]
161 325 [1]
188 325 [8]
260 325 [7]
286 325 [1]
313 325 [7]
10 326 [0]
13 326 [0]
15 326 [2]
55 326 [1]
77 326 [7]
109 326 [7]
130 326 [2]
138 326 [3]
184 326 [7]
192 326 [0]
237 326 [5]
246 326 [0]
35 327 [5]
56 327 [5]
63 327 [9]
170 327 [4]
172 327 [4]
177 327 [4]
180 327 [8]
199 327 [4]
240 327 [0]
7 328 [3]
21 328 [3]
25 328 [3]
26 328 [3]
104 328 [9]
183 328 [9]
189 328 [8]
242 328 [4]
44 329 [6]
90 329 [5]
129 329 [5]
134 329 [9]
229 329 [8]
243 329 [4]
254 329 [4]
256 329 [4]
260 329 [8]
292 329 [4]
16 330 [2]
17 330 [2]
26 330 [3]
42 330 [5]
102 330 [9]
108 330 [9]
235 330 [8]
256 330 [8]
276 330 [0]
292 330 [4]
302 330 [8]
1 331 [0]
13 331 [2]
32 331 [3]
39 331 [3]
47 331 [5]
167 331 [4]
187 331 [4]
203 331 [9]
249 331 [4]
257 331 [1]
286 331 [8]
4 332 [0]
16 332 [0]
22 332 [1]
45 332 [3]
49 332 [6]
185 332 [7]
247 332 [5]
263 332 [0]
321 332 [0]
9 333 [5]
62 333 [5]
86 333 [9]
106 333 [9]
140 333 [4]
155 333 [4]
237 333 [8]
242 333 [8]
322 333 [2]
3 334 [0]
4 334 [0]
34 334 [5]
39 334 [5]
65 334 [9]
68 334 [9]
115 334 [9]
206 334 [8]
213 334 [8]
323 334 [0]
15 335 [6]
22 335 [3]
66 335 [3]
108 335 [5]
114 335 [3]
134 335 [9]
165 335 [9]
312 335 [7]
332 335 [4]
7 336 [2]
34 336 [1]
40 336 [1]
63 336 [6]
84 336 [6]
133 336 [7]
236 336 [0]
285 336 [4]
320 336 [0]
7 337 [3]
60 337 [3]
90 337 [5]
120 337 [9]
133 337 [9]
140 337 [9]
225 337 [8]
228 337 [9]
280 337 [8]
328 337 [0]
0 338 [0]
8 338 [0]
22 338 [3]
100 338 [9]
150 338 [4]
162 338 [4]
209 338 [4]
245 338 [4]
256 338 [4]
262 338 [0]
268 338 [4]
277 338 [8]
292 338 [4]
299 338 [4]
2 339 [0]
7 339 [3]
12 339 [3]
14 339 [3]
27 339 [3]
41 339 [3]
74 339 [5]
75 339 [5]
83 339 [5]
101 339 [8]
114 339 [5]
164 339 [9]
216 339 [8]
236 339 [4]
252 339 [8]
0 340 [0]
1 340 [0]
4 340 [0]
30 340 [3]
84 340 [5]
86 340 [5]
141 340 [4]
177 340 [4]
195 340 [8]
198 340 [4]
222 340 [8]
251 340 [8]
317 340 [0]
15 341 [1]
57 341 [6]
96 341 [3]
109 341 [3]
157 341 [9]
173 341 [9]
223 341 [4]
237 341 [4]
9 342 [5]
31 342 [5]
65 342 [9]
87 342 [9]
121 342 [4]
155 342 [9]
181 342 [8]
208 342 [8]
261 342 [8]
283 342 [4]
309 342 [0]
318 342 [0]
4 343 [0]
32 343 [5]
36 343 [5]
75 343 [9]
115 343 [9]
154 343 [4]
166 343 [4]
219 343 [6]
248 343 [1]
269 343 [1]
334 343 [0]
2 344 [0]
6 344 [5]
51 344 [9]
69 344 [9]
81 344 [9]
87 344 [9]
149 344 [8]
154 344 [4]
232 344 [8]
239 344 [8]
246 344 [8]
271 344 [8]
327 344 [0]
10 345 [4]
11 345 [4]
39 345 [4]
51 345 [8]
98 345 [8]
141 345 [1]
187 345 [2]
207 345 [6]
212 345 [1]
258 345 [7]
6 346 [2]
36 346 [3]
37 346 [5]
58 346 [5]
75 346 [5]
94 346 [5]
99 346 [9]
100 346 [9]
130 346 [9]
166 346 [9]
192 346 [4]
232 346 [8]
4 347 [0]
7 347 [7]
45 347 [5]
54 347 [3]
58 347 [6]
98 347 [6]
145 347 [4]
189 347 [4]
234 347 [2]
269 347 [7]
307 347 [0]
0 348 [0]
8 348 [0]
21 348 [5]
35 348 [5]
58 348 [5]
86 348 [5]
126 348 [9]
139 348 [9]
206 348 [8]
243 348 [8]
293 348 [8]
303 348 [0]
309 348 [0]
1 349 [0]
11 349 [2]
20 349 [2]
24 349 [3]
43 349 [3]
73 349 [3]
79 349 [3]
147 349 [9]
165 349 [9]
202 349 [4]
206 349 [8]
46 350 [7]
100 350 [5]
118 350 [5]
149 350 [9]
172 350 [9]
214 350 [9]
231 350 [0]
235 350 [0]
251 350 [2]
286 350 [4]
303 350 [8]
324 350 [1]
20 351 [7]
23 351 [7]
41 351 [6]
89 351 [3]
103 351 [5]
109 351 [3]
156 351 [5]
178 351 [9]
184 351 [3]
185 351 [5]
217 351 [9]
234 351 [8]
341 351 [0]
7 352 [5]
10 352 [5]
23 352 [5]
82 352 [9]
97 352 [9]
178 352 [8]
188 352 [8]
220 352 [8]
247 352 [4]
258 352 [1]
299 352 [8]
9 353 [5]
37 353 [5]
49 353 [5]
74 353 [5]
178 353 [4]
188 353 [4]
220 353 [4]
283 353 [4]
318 353 [0]
16 354 [0]
25 354 [7]
59 354 [3]
88 354 [3]
102 354 [9]
148 354 [9]
168 354 [3]
194 354 [0]
235 354 [4]
316 354 [0]
7 355 [5]
23 355 [5]
34 355 [5]
36 355 [5]
130 355 [4]
144 355 [8]
150 355 [8]
162 355 [8]
227 355 [1]
257 355 [6]
265 355 [8]
352 355 [0]
7 356 [6]
56 356 [3]
63 356 [3]
145 356 [4]
147 356 [9]
214 356 [4]
229 356 [8]
241 356 [4]
274 356 [4]
284 356 [4]
304 356 [0]
4 357 [0]
5 357 [0]
14 357 [7]
17 357 [7]
23 357 [7]
59 357 [3]
80 357 [5]
89 357 [3]
135 357 [9]
171 357 [9]
194 357 [0]
227 357 [0]
297 357 [0]
332 357 [4]
2 358 [0]
11 358 [3]
31 358 [3]
53 358 [5]
57 358 [5]
71 358 [5]
172 358 [4]
195 358 [8]
289 358 [0]
293 358 [8]
297 358 [8]
1 359 [0]
16 359 [0]
23 359 [3]
40 359 [3]
52 359 [3]
71 359 [5]
75 359 [5]
86 359 [5]
130 359 [9]
172 359 [4]
212 359 [4]
233 359 [8]
235 359 [8]
267 359 [0]
311 359 [1]
348 359 [6]
10 360 [0]
17 360 [3]
28 360 [5]
47 360 [5]
56 360 [5]
90 360 [9]
118 360 [9]
151 360 [4]
188 360 [4]
189 360 [8]
233 360 [1]
253 360 [0]
2 361 [0]
12 361 [9]
69 361 [9]
84 361 [4]
130 361 [8]
196 361 [8]
220 361 [8]
248 361 [6]
284 361 [2]
299 361 [8]
4 362 [0]
16 362 [0]
52 362 [2]
62 362 [7]
83 362 [3]
92 362 [6]
112 362 [4]
113 362 [3]
160 362 [9]
227 362 [8]
251 362 [8]
287 362 [8]
6 363 [2]
106 363 [5]
124 363 [5]
132 363 [4]
165 363 [9]
202 363 [9]
313 363 [0]
0 364 [0]
1 364 [0]
17 364 [0]
34 364 [0]
47 364 [0]
153 364 [0]
169 364 [0]
193 364 [0]
194 364 [0]
235 364 [0]
269 364 [0]
341 364 [0]
2 365 [0]
12 365 [5]
73 365 [9]
101 365 [8]
123 365 [4]
293 365 [1]
296 365 [1]
3 366 [0]
5 366 [0]
30 366 [2]
87 366 [3]
88 366 [3]
97 366 [3]
102 366 [9]
113 366 [3]
126 366 [5]
144 366 [9]
151 366 [9]
161 366 [4]
179 366 [9]
205 366 [4]
216 366 [8]
83 367 [6]
95 367 [5]
127 367 [5]
138 367 [4]
160 367 [4]
171 367 [4]
188 367 [4]
283 367 [4]
320 367 [4]
360 367 [0]
6 368 [5]
66 368 [9]
71 368 [9]
97 368 [9]
206 368 [8]
226 368 [8]
264 368 [8]
7 369 [6]
35 369 [3]
118 369 [9]
120 369 [9]
157 369 [4]
180 369 [4]
201 369 [9]
213 369 [8]
247 369 [4]
331 369 [0]
349 369 [0]
5 370 [0]
32 370 [5]
43 370 [5]
69 370 [5]
91 370 [9]
123 370 [9]
211 370 [8]
237 370 [4]
279 370 [8]
285 370 [6]
6 371 [2]
16 371 [0]
22 371 [3]
54 371 [5]
105 371 [4]
175 371 [9]
206 371 [8]
222 371 [4]
238 371 [4]
244 371 [4]
273 371 [0]
312 371 [0]
3 372 [0]
6 372 [2]
11 372 [2]
37 372 [3]
85 372 [5]
145 372 [4]
146 372 [5]
147 372 [9]
204 372 [9]
356 372 [0]
1 373 [0]
2 373 [0]
6 373 [5]
18 373 [5]
21 373 [5]
30 373 [5]
32 373 [5]
48 373 [9]
52 373 [5]
63 373 [9]
66 373 [9]
104 373 [4]
162 373 [8]
174 373 [8]
187 373 [8]
0 374 [0]
6 374 [5]
7 374 [5]
48 374 [9]
74 374 [9]
88 374 [9]
108 374 [4]
150 374 [8]
192 374 [8]
194 374 [1]
205 374 [8]
323 374 [7]
373 374 [0]
1 375 [0]
6 375 [3]
41 375 [3]
105 375 [8]
125 375 [4]
126 375 [9]
139 375 [5]
151 375 [4]
358 375 [0]
111 376 [9]
115 376 [9]
177 376 [4]
233 376 [1]
297 376 [1]
10 377 [0]
12 377 [2]
16 377 [0]
46 377 [3]
50 377 [3]
84 377 [3]
92 377 [6]
95 377 [3]
125 377 [9]
129 377 [5]
219 377 [0]
237 377 [4]
328 377 [1]
329 377 [0]
34 378 [5]
81 378 [9]
96 378 [9]
193 378 [4]
242 378 [8]
275 378 [1]
296 378 [8]
304 378 [6]
333 378 [0]
355 378 [0]
1 379 [0]
3 379 [0]
16 379 [0]
47 379 [5]
52 379 [0]
92 379 [3]
141 379 [4]
246 379 [4]
256 379 [4]
259 379 [0]
283 379 [4]
328 379 [1]
372 379 [0]
44 380 [5]
85 380 [9]
131 380 [9]
168 380 [9]
231 380 [8]
271 380 [8]
295 380 [0]
308 380 [0]
310 380 [6]
345 380 [3]
364 380 [0]
46 381 [3]
55 381 [3]
60 381 [2]
65 381 [3]
129 381 [5]
162 381 [4]
179 381 [9]
180 381 [4]
206 381 [4]
227 381 [8]
245 381 [9]
280 381 [4]
351 381 [0]
362 381 [0]
376 381 [6]
0 382 [0]
19 382 [0]
20 382 [3]
79 382 [5]
131 382 [9]
165 382 [4]
183 382 [4]
239 382 [8]
246 382 [8]
270 382 [8]
306 382 [0]
2 383 [0]
62 383 [8]
72 383 [8]
76 383 [8]
82 383 [8]
135 383 [9]
152 383 [2]
163 383 [2]
205 383 [6]
210 383 [7]
380 383 [3]
65 384 [9]
90 384 [9]
140 384 [4]
144 384 [8]
230 384 [4]
296 384 [8]
307 384 [1]
3 385 [0]
7 385 [2]
48 385 [3]
81 385 [5]
100 385 [9]
126 385 [5]
174 385 [4]
192 385 [4]
266 385 [0]
331 385 [0]
0 386 [0]
9 386 [5]
27 386 [5]
36 386 [5]
48 386 [5]
66 386 [5]
82 386 [9]
96 386 [9]
102 386 [4]
109 386 [9]
213 386 [8]
303 386 [6]
341 386 [1]
384 386 [0]
0 387 [0]
6 387 [3]
9 387 [5]
56 387 [5]
67 387 [5]
129 387 [9]
280 387 [8]
314 387 [4]
317 387 [6]
8 388 [0]
12 388 [2]
34 388 [7]
66 388 [7]
71 388 [6]
78 388 [3]
80 388 [5]
97 388 [6]
115 388 [6]
171 388 [9]
231 388 [0]
238 388 [6]
281 388 [4]
300 388 [0]
307 388 [4]
316 388 [4]
357 388 [0]
7 389 [3]
15 389 [3]
19 389 [0]
25 389 [3]
44 389 [6]
49 389 [5]
79 389 [3]
136 389 [9]
176 389 [9]
194 389 [8]
337 389 [0]
351 389 [1]
56 390 [6]
68 390 [3]
83 390 [3]
122 390 [5]
210 390 [8]
224 390 [5]
243 390 [4]
252 390 [2]
357 390 [8]
366 390 [0]
0 391 [0]
2 391 [0]
9 391 [5]
11 391 [5]
48 391 [5]
164 391 [9]
313 391 [6]
381 391 [1]
89 392 [3]
90 392 [3]
112 392 [9]
157 392 [9]
177 392 [9]
229 392 [0]
232 392 [4]
252 392 [2]
329 392 [8]
384 392 [1]
2 393 [0]
22 393 [9]
23 393 [9]
43 393 [9]
72 393 [9]
247 393 [8]
284 393 [8]
288 393 [8]
295 393 [7]
302 393 [2]
313 393 [7]
4 394 [0]
25 394 [5]
70 394 [9]
108 394 [9]
133 394 [4]
179 394 [4]
182 394 [9]
193 394 [4]
217 394 [4]
247 394 [4]
337 394 [2]
351 394 [1]
1 395 [0]
3 395 [0]
11 395 [5]
25 395 [5]
26 395 [5]
75 395 [5]
85 395 [9]
133 395 [4]
163 395 [4]
168 395 [9]
359 395 [2]
391 395 [0]
394 395 [0]
110 396 [9]
154 396 [4]
163 396 [9]
175 396 [4]
195 396 [8]
198 396 [4]
229 396 [1]
276 396 [0]
301 396 [7]
340 396 [0]
2 397 [0]
49 397 [5]
74 397 [5]
84 397 [9]
134 397 [4]
317 397 [6]
320 397 [4]
7 398 [5]
10 398 [5]
12 398 [5]
43 398 [9]
48 398 [9]
63 398 [9]
101 398 [8]
129 398 [4]
212 398 [8]
331 398 [7]
365 398 [0]
2 399 [0]
3 399 [0]
6 399 [5]
44 399 [5]
61 399 [9]
104 399 [4]
157 399 [4]
213 399 [8]
318 399 [2]
376 399 [0]
7 400 [2]
15 400 [2]
19 400 [0]
58 400 [3]
80 400 [9]
127 400 [3]
266 400 [0]
321 400 [4]
338 400 [0]
374 400 [2]
385 400 [1]
399 400 [2]
1 401 [0]
2 401 [0]
8 401 [0]
11 401 [3]
16 401 [3]
21 401 [5]
146 401 [9]
235 401 [8]
308 401 [0]
380 401 [0]
387 401 [0]
40 402 [9]
48 402 [5]
59 402 [9]
63 402 [9]
73 402 [9]
94 402 [4]
114 402 [9]
139 402 [9]
199 402 [4]
262 402 [2]
306 402 [2]
329 402 [6]
395 402 [7]
399 402 [0]
0 403 [0]
13 403 [8]
16 403 [8]
23 403 [8]
28 403 [6]
58 403 [6]
60 403 [8]
78 403 [2]
98 403 [6]
120 403 [1]
129 403 [2]
192 403 [6]
201 403 [1]
224 403 [9]
235 403 [3]
246 403 [1]
248 403 [7]
331 403 [7]
385 403 [5]
20 404 [7]
27 404 [7]
59 404 [3]
64 404 [6]
106 404 [3]
107 404 [3]
126 404 [5]
146 404 [3]
163 404 [5]
198 404 [9]
255 404 [0]
279 404 [4]
298 404 [0]
365 404 [1]
368 404 [1]
6 405 [7]
10 405 [0]
56 405 [6]
73 405 [6]
94 405 [3]
105 405 [4]
213 405 [4]
282 405 [0]
390 405 [0]
25 406 [2]
43 406 [3]
49 406 [3]
81 406 [3]
103 406 [3]
144 406 [9]
198 406 [9]
242 406 [4]
252 406 [2]
341 406 [0]
362 406 [0]
366 406 [0]
404 406 [2]
1 407 [0]
38 407 [2]
51 407 [7]
76 407 [7]
115 407 [3]
123 407 [5]
124 407 [3]
140 407 [5]
147 407 [5]
156 407 [5]
181 407 [9]
225 407 [6]
242 407 [9]
291 407 [2]
301 407 [1]
315 407 [0]
324 407 [1]
341 407 [2]
0 408 [0]
1 408 [0]
2 408 [0]
46 408 [9]
91 408 [4]
229 408 [6]
234 408 [2]
249 408 [8]
258 408 [1]
336 408 [8]
10 409 [6]
17 409 [6]
32 409 [4]
34 409 [4]
37 409 [4]
52 409 [4]
65 409 [4]
76 409 [4]
162 409 [2]
189 409 [1]
215 409 [2]
257 409 [7]
269 409 [7]
14 410 [9]
65 410 [4]
88 410 [4]
181 410 [8]
220 410 [8]
246 410 [8]
318 410 [7]
354 410 [2]
373 410 [3]
18 411 [3]
22 411 [5]
23 411 [3]
45 411 [9]
61 411 [5]
118 411 [9]
126 411 [9]
139 411 [5]
211 411 [8]
312 411 [1]
375 411 [0]
6 412 [9]
74 412 [9]
108 412 [4]
117 412 [4]
140 412 [4]
146 412 [4]
198 412 [8]
206 412 [1]
209 412 [2]
315 412 [1]
348 412 [7]
2 413 [0]
37 413 [5]
46 413 [5]
92 413 [5]
101 413 [8]
161 413 [8]
195 413 [1]
223 413 [8]
370 413 [0]
397 413 [0]
19 414 [0]
39 414 [9]
132 414 [8]
134 414 [4]
233 414 [2]
235 414 [1]
244 414 [1]
263 414 [8]
275 414 [2]
318 414 [7]
363 414 [7]
410 414 [0]
1 415 [0]
3 415 [0]
53 415 [9]
69 415 [9]
192 415 [8]
210 415 [1]
260 415 [1]
261 415 [8]
368 415 [0]
373 415 [0]
2 416 [0]
17 416 [2]
53 416 [9]
56 416 [9]
202 416 [8]
317 416 [7]
401 416 [7]
8 417 [0]
21 417 [5]
23 417 [6]
38 417 [5]
114 417 [5]
125 417 [4]
128 417 [4]
134 417 [4]
245 417 [4]
248 417 [1]
266 417 [6]
387 417 [0]
397 417 [0]
54 418 [8]
61 418 [8]
101 418 [6]
133 418 [8]
235 418 [7]
254 418 [6]
269 418 [7]
282 418 [7]
314 418 [1]
411 418 [3]
10 419 [5]
18 419 [5]
73 419 [9]
90 419 [4]
123 419 [4]
136 419 [4]
170 419 [4]
26 420 [5]
66 420 [9]
165 420 [4]
179 420 [4]
211 420 [8]
214 420 [8]
308 420 [7]
332 420 [8]
365 420 [0]
387 420 [7]
2 421 [0]
4 421 [0]
11 421 [2]
22 421 [5]
25 421 [3]
33 421 [5]
88 421 [5]
99 421 [9]
145 421 [8]
215 421 [4]
271 421 [8]
339 421 [0]
352 421 [2]
389 421 [0]
5 422 [0]
22 422 [5]
63 422 [9]
96 422 [9]
104 422 [4]
146 422 [4]
151 422 [4]
195 422 [1]
197 422 [8]
240 422 [0]
401 422 [2]
18 423 [5]
148 423 [4]
222 423 [8]
290 423 [8]
359 423 [2]
386 423 [0]
410 423 [7]
12 424 [2]
13 424 [7]
21 424 [6]
39 424 [6]
63 424 [3]
105 424 [4]
123 424 [5]
127 424 [6]
223 424 [4]
237 424 [4]
273 424 [0]
274 424 [4]
294 424 [0]
356 424 [8]
371 424 [0]
397 424 [1]
9 425 [4]
12 425 [4]
44 425 [4]
62 425 [4]
136 425 [8]
148 425 [8]
152 425 [8]
171 425 [8]
222 425 [1]
224 425 [8]
270 425 [6]
354 425 [7]
12 426 [9]
76 426 [9]
118 426 [4]
137 426 [4]
149 426 [8]
194 426 [6]
253 426 [7]
261 426 [2]
277 426 [2]
338 426 [7]
360 426 [7]
397 426 [7]
407 426 [1]
2 427 [0]
30 427 [9]
45 427 [4]
74 427 [9]
94 427 [4]
191 427 [8]
233 427 [2]
265 427 [8]
408 427 [4]
3 428 [0]
5 428 [5]
11 428 [2]
13 428 [5]
32 428 [9]
51 428 [9]
83 428 [9]
87 428 [4]
146 428 [4]
157 428 [8]
171 428 [8]
272 428 [0]
300 428 [1]
363 428 [7]
414 428 [0]
11 429 [2]
83 429 [5]
89 429 [5]
147 429 [9]
212 429 [4]
229 429 [1]
270 429 [4]
297 429 [8]
359 429 [0]
406 429 [1]
7 430 [7]
45 430 [5]
56 430 [7]
108 430 [5]
151 430 [9]
193 430 [9]
197 430 [4]
255 430 [0]
278 430 [0]
363 430 [8]
372 430 [8]
386 430 [1]
15 431 [9]
31 431 [9]
33 431 [9]
36 431 [9]
79 431 [9]
104 431 [4]
115 431 [4]
155 431 [4]
231 431 [2]
269 431 [6]
321 431 [8]
407 431 [2]
416 431 [5]
426 431 [0]
0 432 [0]
11 432 [8]
19 432 [8]
41 432 [8]
54 432 [8]
68 432 [8]
158 432 [2]
221 432 [8]
315 432 [7]
338 432 [3]
368 432 [5]
372 432 [3]
401 432 [5]
75 433 [4]
91 433 [4]
177 433 [8]
200 433 [8]
234 433 [6]
264 433 [1]
293 433 [6]
400 433 [7]
415 433 [3]
423 433 [1]
12 434 [3]
45 434 [9]
60 434 [3]
109 434 [5]
131 434 [9]
245 434 [4]
280 434 [8]
281 434 [8]
284 434 [8]
328 434 [0]
346 434 [0]
372 434 [1]
382 434 [6]
389 434 [0]
409 434 [3]
4 435 [0]
37 435 [5]
107 435 [9]
127 435 [5]
151 435 [4]
178 435 [4]
191 435 [4]
205 435 [8]
226 435 [8]
291 435 [8]
391 435 [0]
424 435 [1]
4 436 [0]
8 436 [0]
38 436 [9]
57 436 [9]
203 436 [4]
255 436 [1]
298 436 [2]
307 436 [6]
328 436 [7]
434 436 [7]
7 437 [5]
11 437 [5]
22 437 [5]
63 437 [9]
64 437 [9]
73 437 [9]
215 437 [8]
265 437 [8]
302 437 [8]
352 437 [0]
376 437 [0]
378 437 [0]
7 438 [5]
9 438 [5]
16 438 [5]
37 438 [5]
40 438 [5]
57 438 [5]
64 438 [9]
111 438 [9]
114 438 [5]
179 438 [4]
227 438 [1]
230 438 [4]
353 438 [0]
387 438 [2]
394 438 [0]
397 438 [2]
6 439 [2]
18 439 [2]
37 439 [3]
62 439 [3]
108 439 [5]
155 439 [5]
193 439 [4]
228 439 [9]
2 440 [0]
21 440 [9]
67 440 [9]
86 440 [9]
186 440 [4]
239 440 [2]
361 440 [0]
375 440 [7]
406 440 [7]
21 441 [6]
117 441 [4]
139 441 [4]
148 441 [8]
167 441 [8]
245 441 [8]
277 441 [1]
281 441 [7]
299 441 [8]
312 441 [7]
338 441 [7]
354 441 [7]
405 441 [7]
15 442 [6]
69 442 [5]
74 442 [5]
179 442 [4]
190 442 [4]
303 442 [0]
354 442 [1]
12 443 [3]
40 443 [5]
57 443 [5]
148 443 [9]
154 443 [4]
164 443 [9]
209 443 [8]
234 443 [8]
239 443 [8]
253 443 [0]
280 443 [8]
289 443 [0]
313 443 [1]
392 443 [1]
438 443 [2]
11 444 [8]
14 444 [8]
19 444 [8]
88 444 [8]
151 444 [2]
152 444 [2]
273 444 [3]
275 444 [3]
281 444 [3]
323 444 [5]
342 444 [5]
344 444 [5]
4 445 [0]
6 445 [2]
70 445 [5]
77 445 [5]
140 445 [5]
149 445 [4]
166 445 [9]
263 445 [4]
270 445 [4]
314 445 [4]
329 445 [0]
335 445 [0]
412 445 [7]
5 446 [5]
7 446 [5]
55 446 [9]
58 446 [9]
88 446 [4]
106 446 [4]
168 446 [4]
190 446 [8]
227 446 [2]
246 446 [8]
247 446 [8]
294 446 [2]
310 446 [7]
326 446 [8]
424 446 [2]
4 447 [0]
8 447 [0]
34 447 [9]
39 447 [9]
64 447 [9]
88 447 [4]
94 447 [4]
115 447 [4]
116 447 [9]
122 447 [4]
135 447 [4]
168 447 [4]
267 447 [7]
364 447 [0]
0 448 [0]
6 448 [9]
34 448 [6]
44 448 [6]
148 448 [8]
179 448 [8]
185 448 [4]
188 448 [8]
191 448 [8]
199 448 [8]
247 448 [8]
267 448 [7]
281 448 [7]
8 449 [4]
21 449 [4]
31 449 [4]
45 449 [8]
70 449 [8]
210 449 [7]
232 449 [6]
254 449 [6]
281 449 [7]
327 449 [3]
348 449 [3]
39 450 [9]
76 450 [9]
125 450 [8]
133 450 [4]
209 450 [8]
232 450 [8]
236 450 [8]
273 450 [2]
1 451 [0]
15 451 [4]
22 451 [4]
32 451 [4]
126 451 [8]
176 451 [8]
204 451 [8]
212 451 [1]
359 451 [3]
364 451 [0]
449 451 [0]
13 452 [8]
22 452 [8]
40 452 [8]
53 452 [8]
57 452 [8]
59 452 [8]
95 452 [8]
148 452 [9]
233 452 [3]
259 452 [3]
310 452 [3]
328 452 [3]
1 453 [0]
7 453 [4]
31 453 [4]
39 453 [4]
59 453 [8]
95 453 [8]
124 453 [8]
186 453 [8]
187 453 [2]
197 453 [6]
222 453 [6]
266 453 [3]
270 453 [6]
345 453 [0]
377 453 [1]
11 454 [7]
17 454 [7]
23 454 [7]
56 454 [6]
70 454 [5]
76 454 [6]
117 454 [5]
142 454 [9]
243 454 [4]
347 454 [0]
392 454 [0]
0 455 [0]
2 455 [0]
12 455 [3]
21 455 [3]
35 455 [5]
127 455 [5]
194 455 [8]
236 455 [4]
254 455 [8]
339 455 [0]
411 455 [0]
434 455 [6]
50 456 [9]
51 456 [9]
79 456 [5]
237 456 [8]
264 456 [8]
284 456 [8]
333 456 [0]
358 456 [2]
372 456 [6]
419 456 [7]
453 456 [5]
454 456 [1]
49 457 [4]
63 457 [4]
65 457 [4]
71 457 [4]
76 457 [4]
90 457 [8]
196 457 [8]
218 457 [1]
272 457 [5]
323 457 [3]
358 457 [3]
397 457 [3]
3 458 [0]
6 458 [6]
10 458 [0]
11 458 [6]
16 458 [0]
80 458 [9]
95 458 [3]
113 458 [5]
179 458 [9]
363 458 [0]
405 458 [8]
428 458 [7]
439 458 [0]
451 458 [7]
0 459 [0]
3 459 [0]
7 459 [2]
14 459 [2]
53 459 [3]
62 459 [6]
75 459 [3]
88 459 [9]
178 459 [9]
202 459 [9]
213 459 [4]
223 459 [4]
227 459 [8]
294 459 [0]
389 459 [1]
405 459 [0]
8 460 [8]
12 460 [8]
36 460 [8]
78 460 [2]
85 460 [4]
155 460 [2]
240 460 [5]
395 460 [5]
431 460 [9]
0 461 [0]
26 461 [5]
36 461 [5]
38 461 [5]
124 461 [4]
126 461 [4]
140 461 [4]
153 461 [8]
320 461 [8]
394 461 [7]
419 461 [0]
6 462 [8]
9 462 [8]
66 462 [8]
82 462 [8]
230 462 [2]
283 462 [1]
334 462 [5]
376 462 [5]
378 462 [5]
386 462 [5]
442 462 [3]
7 463 [5]
36 463 [5]
45 463 [4]
56 463 [9]
81 463 [9]
145 463 [8]
160 463 [8]
231 463 [1]
293 463 [1]
438 463 [7]
12 464 [7]
19 464 [0]
21 464 [7]
79 464 [7]
87 464 [3]
88 464 [3]
118 464 [5]
131 464 [3]
202 464 [9]
250 464 [0]
282 464 [0]
315 464 [4]
368 464 [6]
0 465 [0]
17 465 [6]
23 465 [4]
27 465 [4]
65 465 [4]
78 465 [8]
84 465 [4]
93 465 [4]
409 465 [0]
457 465 [0]
4 466 [0]
10 466 [5]
19 466 [0]
95 466 [9]
114 466 [9]
127 466 [9]
250 466 [6]
266 466 [7]
284 466 [8]
323 466 [7]
443 466 [7]
446 466 [0]
2 467 [0]
20 467 [6]
43 467 [4]
51 467 [4]
54 467 [4]
70 467 [8]
79 467 [4]
87 467 [4]
99 467 [8]
183 467 [8]
263 467 [2]
308 467 [3]
1 468 [0]
2 468 [0]
11 468 [2]
50 468 [5]
99 468 [9]
185 468 [5]
191 468 [4]
330 468 [1]
346 468 [0]
399 468 [2]
440 468 [7]
447 468 [7]
7 469 [9]
28 469 [6]
29 469 [9]
131 469 [4]
198 469 [8]
253 469 [7]
399 469 [3]
423 469 [3]
430 469 [6]
433 469 [0]
11 470 [4]
23 470 [4]
28 470 [4]
29 470 [4]
56 470 [4]
59 470 [8]
118 470 [8]
183 470 [8]
189 470 [6]
190 470 [8]
255 470 [7]
259 470 [7]
279 470 [6]
281 470 [7]
340 470 [7]
361 470 [7]
10 471 [5]
94 471 [4]
138 471 [4]
196 471 [8]
206 471 [8]
254 471 [8]
377 471 [6]
390 471 [6]
5 472 [5]
15 472 [5]
89 472 [4]
134 472 [4]
154 472 [8]
264 472 [8]
307 472 [2]
329 472 [2]
450 472 [0]
40 473 [8]
110 473 [2]
243 473 [6]
261 473 [6]
282 473 [7]
289 473 [3]
321 473 [6]
356 473 [3]
462 473 [0]
7 474 [4]
11 474 [6]
30 474 [4]
58 474 [4]
112 474 [8]
119 474 [4]
138 474 [8]
200 474 [8]
203 474 [8]
278 474 [7]
392 474 [7]
409 474 [0]
7 475 [9]
33 475 [4]
83 475 [4]
99 475 [8]
233 475 [7]
238 475 [1]
297 475 [6]
315 475 [2]
338 475 [7]
433 475 [0]
4 476 [0]
6 476 [3]
34 476 [5]
59 476 [5]
106 476 [9]
134 476 [9]
135 476 [4]
153 476 [4]
186 476 [9]
198 476 [4]
262 476 [6]
295 476 [0]
382 476 [0]
34 477 [4]
50 477 [4]
57 477 [4]
70 477 [8]
78 477 [8]
111 477 [4]
113 477 [4]
124 477 [8]
150 477 [8]
249 477 [8]
363 477 [7]
20 478 [5]
84 478 [9]
102 478 [6]
190 478 [4]
196 478 [8]
198 478 [4]
215 478 [8]
290 478 [8]
301 478 [0]
371 478 [6]
415 478 [1]
458 478 [6]
471 478 [0]
0 479 [0]
2 479 [0]
6 479 [0]
54 479 [9]
118 479 [9]
198 479 [4]
306 479 [3]
367 479 [0]
430 479 [8]
5 480 [5]
21 480 [9]
63 480 [9]
70 480 [4]
93 480 [9]
108 480 [4]
125 480 [8]
143 480 [4]
156 480 [4]
246 480 [8]
463 480 [0]
466 480 [0]
12 481 [6]
15 481 [6]
124 481 [4]
139 481 [4]
220 481 [8]
255 481 [7]
284 481 [1]
301 481 [3]
396 481 [7]
437 481 [3]
3 482 [0]
17 482 [3]
20 482 [6]
127 482 [5]
130 482 [9]
201 482 [4]
246 482 [8]
248 482 [1]
263 482 [8]
370 482 [0]
442 482 [0]
464 482 [1]
471 482 [7]
478 482 [7]
12 483 [9]
23 483 [8]
33 483 [4]
34 483 [9]
123 483 [8]
133 483 [8]
190 483 [8]
255 483 [6]
292 483 [8]
330 483 [7]
331 483 [7]
2 484 [0]
48 484 [8]
108 484 [8]
127 484 [8]
133 484 [8]
171 484 [1]
263 484 [6]
265 484 [6]
306 484 [3]
381 484 [3]
390 484 [3]
6 485 [1]
7 485 [5]
22 485 [3]
34 485 [3]
68 485 [3]
178 485 [6]
302 485 [3]
352 485 [4]
438 485 [2]
9 486 [8]
72 486 [8]
87 486 [4]
92 486 [8]
110 486 [2]
280 486 [3]
288 486 [1]
309 486 [5]
342 486 [3]
387 486 [5]
452 486 [0]
17 487 [9]
71 487 [4]
72 487 [9]
93 487 [4]
95 487 [4]
98 487 [4]
99 487 [8]
145 487 [1]
250 487 [6]
269 487 [6]
353 487 [3]
440 487 [4]
2 488 [6]
34 488 [3]
65 488 [2]
71 488 [2]
90 488 [3]
137 488 [3]
262 488 [3]
279 488 [7]
298 488 [6]
312 488 [5]
358 488 [3]
390 488 [2]
9 489 [9]
23 489 [9]
62 489 [9]
107 489 [4]
153 489 [8]
178 489 [8]
272 489 [0]
304 489 [7]
404 489 [2]
427 489 [0]
443 489 [7]
0 490 [0]
23 490 [9]
52 490 [9]
103 490 [4]
126 490 [4]
180 490 [6]
209 490 [2]
238 490 [1]
244 490 [1]
262 490 [7]
367 490 [3]
411 490 [7]
421 490 [7]
469 490 [0]
5 491 [9]
14 491 [9]
21 491 [9]
54 491 [4]
87 491 [4]
117 491 [4]
135 491 [8]
145 491 [1]
226 491 [1]
250 491 [6]
296 491 [1]
0 492 [0]
11 492 [8]
27 492 [8]
51 492 [8]
69 492 [8]
97 492 [8]
110 492 [2]
173 492 [9]
383 492 [0]
416 492 [5]
429 492 [3]
468 492 [3]
1 493 [0]
12 493 [4]
14 493 [9]
34 493 [9]
102 493 [8]
215 493 [8]
313 493 [7]
324 493 [0]
328 493 [7]
472 493 [3]
17 494 [8]
19 494 [8]
38 494 [8]
76 494 [8]
89 494 [4]
90 494 [8]
105 494 [1]
106 494 [8]
281 494 [6]
372 494 [7]
444 494 [0]
14 495 [5]
22 495 [5]
42 495 [5]
85 495 [4]
105 495 [8]
125 495 [4]
153 495 [8]
157 495 [4]
288 495 [8]
326 495 [8]
343 495 [0]
351 495 [6]
456 495 [0]
459 495 [6]
34 496 [9]
36 496 [9]
46 496 [9]
187 496 [8]
217 496 [8]
223 496 [8]
263 496 [8]
269 496 [6]
274 496 [1]
412 496 [0]
1 497 [0]
4 497 [0]
66 497 [3]
75 497 [3]
103 497 [5]
115 497 [3]
127 497 [6]
217 497 [9]
250 497 [1]
258 497 [8]
297 497 [8]
326 497 [4]
336 497 [4]
362 497 [0]
459 497 [0]
475 497 [7]
5 498 [9]
8 498 [9]
12 498 [9]
26 498 [7]
30 498 [9]
238 498 [1]
255 498 [7]
441 498 [0]
488 498 [8]
490 498 [0]
4 499 [0]
59 499 [5]
73 499 [3]
141 499 [4]
257 499 [1]
262 499 [1]
292 499 [4]
314 499 [4]
349 499 [0]
350 499 [8]
439 499 [1]
4 500 [0]
8 500 [9]
10 500 [9]
11 500 [6]
64 500 [4]
161 500 [2]
195 500 [7]
322 500 [3]
360 500 [3]
445 500 [7]
43 501 [9]
49 501 [4]
102 501 [8]
155 501 [4]
214 501 [9]
220 501 [8]
221 501 [4]
251 501 [2]
265 501 [8]
278 501 [2]
436 501 [0]
464 501 [6]
13 502 [2]
31 502 [2]
33 502 [9]
56 502 [6]
63 502 [9]
67 502 [6]
70 502 [1]
80 502 [1]
85 502 [9]
149 502 [3]
193 502 [5]
203 502 [1]
215 502 [5]
227 502 [9]
314 502 [3]
370 502 [4]
430 502 [9]
13 503 [8]
29 503 [8]
35 503 [8]
61 503 [8]
92 503 [8]
94 503 [8]
159 503 [2]
197 503 [7]
217 503 [2]
246 503 [6]
25 504 [8]
106 504 [4]
111 504 [7]
153 504 [6]
164 504 [2]
180 504 [1]
182 504 [6]
270 504 [1]
288 504 [6]
302 504 [7]
394 504 [5]
460 504 [0]
5 505 [9]
6 505 [9]
50 505 [4]
73 505 [9]
98 505 [4]
111 505 [4]
280 505 [6]
301 505 [3]
314 505 [8]
344 505 [3]
387 505 [7]
12 506 [8]
41 506 [8]
111 506 [7]
148 506 [1]
194 506 [3]
198 506 [1]
277 506 [7]
421 506 [5]
423 506 [5]
455 506 [5]
0 507 [0]
32 507 [4]
39 507 [9]
43 507 [4]
50 507 [4]
173 507 [8]
207 507 [1]
242 507 [2]
261 507 [1]
289 507 [7]
391 507 [3]
475 507 [0]
20 508 [1]
34 508 [7]
81 508 [7]
251 508 [3]
350 508 [3]
400 508 [5]
413 508 [5]
32 509 [8]
96 509 [7]
166 509 [9]
261 509 [7]
315 509 [7]
333 509 [5]
335 509 [3]
478 509 [5]
497 509 [3]
1 510 [0]
18 510 [2]
108 510 [4]
141 510 [8]
162 510 [8]
174 510 [8]
212 510 [8]
213 510 [2]
250 510 [6]
312 510 [6]
350 510 [2]
393 510 [0]
501 510 [0]
26 511 [9]
52 511 [5]
89 511 [4]
220 511 [8]
223 511 [8]
294 511 [6]
334 511 [7]
353 511 [7]
369 511 [7]
446 511 [0]
447 511 [0]
492 511 [5]
10 512 [0]
34 512 [3]
39 512 [3]
48 512 [3]
49 512 [5]
138 512 [9]
206 512 [8]
213 512 [8]
257 512 [1]
283 512 [4]
335 512 [1]
429 512 [0]
439 512 [1]
499 512 [0]
10 513 [5]
40 513 [2]
53 513 [2]
128 513 [6]
216 513 [3]
238 513 [7]
274 513 [3]
281 513 [5]
338 513 [9]
370 513 [9]
387 513 [9]
434 513 [9]
501 513 [9]
3 514 [0]
11 514 [6]
28 514 [4]
133 514 [8]
242 514 [2]
264 514 [1]
278 514 [7]
288 514 [2]
301 514 [3]
474 514 [0]
7 515 [4]
35 515 [4]
54 515 [8]
213 515 [1]
265 515 [1]
278 515 [7]
280 515 [1]
300 515 [7]
304 515 [7]
354 515 [7]
425 515 [0]
445 515 [7]
501 515 [5]
54 516 [9]
135 516 [4]
170 516 [4]
178 516 [4]
344 516 [0]
356 516 [6]
384 516 [0]
412 516 [7]
451 516 [3]
40 517 [4]
55 517 [4]
82 517 [4]
88 517 [4]
113 517 [4]
162 517 [2]
181 517 [2]
287 517 [6]
7 518 [9]
35 518 [9]
46 518 [9]
99 518 [8]
143 518 [4]
223 518 [8]
228 518 [8]
298 518 [1]
307 518 [6]
386 518 [3]
6 519 [9]
26 519 [9]
47 519 [4]
92 519 [9]
144 519 [8]
193 519 [8]
215 519 [8]
231 519 [1]
235 519 [1]
265 519 [8]
426 519 [0]
496 519 [0]
4 520 [8]
14 520 [8]
35 520 [8]
60 520 [8]
63 520 [8]
72 520 [8]
74 520 [8]
101 520 [7]
144 520 [6]
150 520 [1]
219 520 [7]
254 520 [7]
278 520 [7]
339 520 [5]
26 521 [4]
113 521 [4]
143 521 [4]
155 521 [4]
172 521 [8]
174 521 [8]
235 521 [6]
363 521 [7]
377 521 [7]
439 521 [7]
481 521 [0]
500 521 [0]
28 522 [9]
50 522 [9]
67 522 [9]
108 522 [4]
141 522 [8]
154 522 [8]
168 522 [4]
196 522 [8]
244 522 [8]
420 522 [0]
463 522 [0]
464 522 [6]
472 522 [3]
510 522 [3]
1 523 [0]
10 523 [6]
36 523 [4]
44 523 [4]
50 523 [4]
72 523 [4]
78 523 [8]
114 523 [4]
171 523 [8]
218 523 [1]
224 523 [8]
256 523 [1]
260 523 [6]
276 523 [3]
336 523 [8]
405 523 [7]
467 523 [9]
477 523 [6]
0 524 [0]
4 524 [6]
6 524 [8]
39 524 [8]
88 524 [8]
97 524 [8]
255 524 [7]
256 524 [1]
405 524 [7]
523 524 [9]
29 525 [4]
33 525 [4]
59 525 [8]
141 525 [2]
191 525 [8]
223 525 [1]
241 525 [1]
243 525 [1]
266 525 [3]
269 525 [7]
361 525 [5]
390 525 [7]
392 525 [7]
456 525 [3]
470 525 [0]
493 525 [5]
515 525 [0]
2 526 [0]
7 526 [5]
25 526 [5]
55 526 [9]
114 526 [9]
316 526 [2]
322 526 [7]
344 526 [7]
398 526 [6]
430 526 [1]
450 526 [0]
24 527 [4]
108 527 [8]
127 527 [4]
152 527 [8]
199 527 [8]
212 527 [1]
225 527 [1]
229 527 [7]
245 527 [2]
329 527 [7]
390 527 [7]
415 527 [3]
3 528 [0]
8 528 [0]
48 528 [9]
71 528 [9]
135 528 [4]
275 528 [1]
301 528 [0]
334 528 [7]
345 528 [5]
374 528 [0]
427 528 [3]
460 528 [5]
471 528 [0]
2 529 [0]
25 529 [6]
36 529 [9]
58 529 [4]
150 529 [8]
161 529 [2]
162 529 [2]
207 529 [1]
220 529 [8]
242 529 [2]
342 529 [3]
408 529 [3]
448 529 [0]
481 529 [0]
485 529 [4]
504 529 [9]
3 530 [0]
37 530 [4]
94 530 [8]
111 530 [8]
153 530 [1]
156 530 [8]
325 530 [0]
338 530 [7]
425 530 [0]
437 530 [3]
461 530 [3]
502 530 [4]
1 531 [0]
9 531 [5]
21 531 [5]
24 531 [9]
33 531 [9]
59 531 [9]
62 531 [9]
107 531 [9]
141 531 [8]
176 531 [4]
199 531 [8]
245 531 [8]
290 531 [8]
293 531 [1]
419 531 [0]
439 531 [2]
12 532 [4]
35 532 [8]
36 532 [4]
66 532 [8]
170 532 [2]
255 532 [7]
336 532 [6]
526 532 [5]
3 533 [0]
96 533 [9]
141 533 [8]
193 533 [4]
266 533 [6]
307 533 [1]
322 533 [0]
418 533 [3]
425 533 [3]
440 533 [3]
21 534 [9]
67 534 [9]
152 534 [8]
180 534 [2]
186 534 [4]
208 534 [2]
210 534 [2]
213 534 [1]
310 534 [7]
396 534 [7]
416 534 [0]
483 534 [0]
505 534 [0]
3 535 [0]
68 535 [8]
83 535 [8]
86 535 [8]
130 535 [2]
133 535 [2]
200 535 [2]
221 535 [8]
429 535 [3]
448 535 [5]
473 535 [0]
503 535 [0]
514 535 [9]
4 536 [0]
18 536 [8]
20 536 [6]
34 536 [4]
58 536 [4]
59 536 [4]
99 536 [8]
217 536 [8]
311 536 [7]
335 536 [7]
467 536 [0]
517 536 [0]
8 537 [8]
33 537 [6]
85 537 [2]
107 537 [7]
114 537 [6]
117 537 [2]
139 537 [2]
141 537 [6]
227 537 [7]
316 537 [3]
318 537 [5]
403 537 [0]
438 537 [5]
41 538 [9]
65 538 [4]
109 538 [4]
127 538 [9]
184 538 [4]
328 538 [7]
384 538 [7]
393 538 [0]
401 538 [7]
410 538 [0]
416 538 [1]
423 538 [7]
454 538 [6]
49 539 [4]
56 539 [6]
69 539 [4]
76 539 [4]
84 539 [4]
127 539 [4]
247 539 [8]
292 539 [1]
352 539 [3]
441 539 [0]
448 539 [0]
466 539 [3]
477 539 [1]
513 539 [9]
1 540 [0]
7 540 [8]
12 540 [8]
15 540 [8]
41 540 [8]
66 540 [8]
68 540 [8]
154 540 [2]
156 540 [8]
201 540 [9]
246 540 [6]
261 540 [1]
286 540 [2]
365 540 [5]
462 540 [0]
484 540 [0]
2 541 [6]
4 541 [6]
10 541 [6]
22 541 [9]
29 541 [9]
93 541 [1]
105 541 [0]
139 541 [1]
284 541 [0]
393 541 [4]
464 541 [7]
481 541 [9]
494 541 [8]
21 542 [8]
35 542 [6]
59 542 [7]
62 542 [6]
75 542 [6]
81 542 [6]
133 542 [9]
176 542 [9]
222 542 [7]
233 542 [3]
253 542 [5]
387 542 [5]
417 542 [5]
452 542 [0]
537 542 [0]
6 543 [9]
21 543 [9]
43 543 [4]
65 543 [4]
102 543 [8]
143 543 [4]
155 543 [8]
163 543 [8]
175 543 [8]
244 543 [1]
260 543 [6]
274 543 [1]
507 543 [0]
6 544 [6]
27 544 [7]
65 544 [2]
79 544 [7]
135 544 [6]
159 544 [1]
218 544 [7]
255 544 [3]
278 544 [3]
293 544 [2]
304 544 [5]
501 544 [9]
523 544 [9]
1 545 [0]
33 545 [9]
63 545 [9]
105 545 [8]
130 545 [4]
183 545 [4]
260 545 [1]
261 545 [8]
284 545 [8]
298 545 [1]
422 545 [0]
533 545 [0]
10 546 [4]
23 546 [4]
179 546 [8]
183 546 [8]
191 546 [8]
253 546 [3]
272 546 [5]
282 546 [7]
345 546 [0]
394 546 [3]
489 546 [5]
529 546 [5]
2 547 [0]
6 547 [8]
61 547 [8]
78 547 [8]
180 547 [1]
230 547 [2]
288 547 [1]
355 547 [5]
363 547 [3]
367 547 [3]
383 547 [0]
395 547 [5]
508 547 [4]
524 547 [0]
19 548 [8]
29 548 [8]
105 548 [7]
251 548 [7]
267 548 [5]
269 548 [3]
357 548 [3]
380 548 [5]
469 548 [9]
509 548 [0]
3 549 [0]
50 549 [7]
78 549 [2]
88 549 [2]
93 549 [7]
106 549 [6]
229 549 [5]
231 549 [3]
252 549 [3]
257 549 [5]
348 549 [5]
376 549 [9]
384 549 [5]
56 550 [8]
110 550 [8]
136 550 [8]
183 550 [8]
218 550 [6]
236 550 [6]
276 550 [3]
450 550 [5]
499 550 [3]
532 550 [5]
5 551 [8]
19 551 [8]
141 551 [1]
149 551 [6]
165 551 [9]
166 551 [3]
170 551 [1]
174 551 [6]
188 551 [1]
36 552 [2]
83 552 [9]
85 552 [9]
100 552 [6]
116 552 [9]
161 552 [2]
201 552 [6]
208 552 [3]
258 552 [5]
321 552 [2]
372 552 [2]
519 552 [4]
19 553 [8]
26 553 [1]
30 553 [1]
38 553 [1]
119 553 [7]
123 553 [7]
146 553 [2]
182 553 [2]
202 553 [1]
223 553 [1]
235 553 [3]
294 553 [5]
373 553 [5]
506 553 [0]
38 554 [6]
57 554 [3]
113 554 [2]
163 554 [1]
198 554 [6]
241 554 [1]
296 554 [3]
307 554 [6]
336 554 [6]
369 554 [5]
465 554 [9]
472 554 [9]
523 554 [9]
528 554 [9]
17 555 [8]
39 555 [8]
40 555 [8]
52 555 [8]
90 555 [8]
101 555 [7]
180 555 [6]
247 555 [1]
280 555 [6]
486 555 [0]
496 555 [5]
517 555 [9]
16 556 [4]
111 556 [8]
113 556 [8]
197 556 [7]
229 556 [7]
267 556 [3]
296 556 [7]
301 556 [5]
361 556 [5]
367 556 [3]
422 556 [5]
481 556 [2]
2 557 [6]
7 557 [1]
25 557 [7]
51 557 [2]
53 557 [2]
96 557 [2]
101 557 [3]
168 557 [7]
170 557 [7]
199 557 [6]
395 557 [5]
475 557 [9]
2 558 [0]
16 558 [4]
32 558 [8]
37 558 [8]
41 558 [4]
109 558 [8]
155 558 [8]
204 558 [2]
208 558 [6]
289 558 [3]
372 558 [3]
7 559 [5]
35 559 [8]
44 559 [8]
57 559 [8]
88 559 [8]
100 559 [8]
139 559 [8]
171 559 [1]
201 559 [7]
353 559 [3]
385 559 [3]
523 559 [2]
558 559 [0]
5 560 [8]
61 560 [7]
127 560 [1]
167 560 [6]
175 560 [6]
188 560 [6]
226 560 [7]
234 560 [3]
277 560 [7]
304 560 [5]
318 560 [5]
405 560 [5]
439 560 [5]
1 561 [0]
7 561 [8]
10 561 [8]
39 561 [8]
88 561 [4]
142 561 [2]
366 561 [3]
378 561 [5]
398 561 [5]
423 561 [5]
482 561 [2]
7 562 [4]
12 562 [4]
43 562 [8]
61 562 [8]
112 562 [2]
204 562 [8]
239 562 [6]
335 562 [3]
369 562 [3]
468 562 [3]
521 562 [5]
546 562 [0]
4 563 [6]
32 563 [8]
40 563 [8]
41 563 [8]
153 563 [1]
332 563 [1]
455 563 [3]
524 563 [0]
42 564 [8]
57 564 [8]
83 564 [8]
85 564 [8]
120 564 [8]
336 564 [1]
339 564 [3]
348 564 [3]
364 564 [0]
550 564 [0]
554 564 [4]
46 565 [2]
98 565 [3]
141 565 [6]
183 565 [6]
229 565 [5]
234 565 [5]
261 565 [7]
284 565 [7]
289 565 [9]
356 565 [5]
429 565 [9]
434 565 [9]
481 565 [9]
521 565 [9]
36 566 [5]
59 566 [9]
85 566 [4]
121 566 [4]
139 566 [4]
143 566 [4]
201 566 [4]
240 566 [7]
300 566 [1]
439 566 [2]
472 566 [0]
531 566 [0]
548 566 [5]
3 567 [0]
5 567 [8]
7 567 [1]
54 567 [2]
75 567 [6]
94 567 [2]
99 567 [1]
131 567 [2]
147 567 [2]
291 567 [7]
307 567 [3]
346 567 [5]
467 567 [9]
530 567 [9]
560 567 [0]
10 568 [8]
20 568 [8]
44 568 [8]
97 568 [4]
130 568 [2]
143 568 [4]
144 568 [6]
187 568 [6]
192 568 [6]
231 568 [7]
319 568 [6]
366 568 [3]
473 568 [6]
509 568 [0]
15 569 [6]
16 569 [0]
42 569 [3]
52 569 [6]
68 569 [3]
110 569 [9]
142 569 [9]
147 569 [9]
305 569 [0]
439 569 [0]
461 569 [2]
5 570 [8]
15 570 [8]
20 570 [8]
25 570 [8]
47 570 [4]
99 570 [1]
124 570 [4]
178 570 [1]
187 570 [6]
213 570 [7]
229 570 [7]
433 570 [9]
495 570 [5]
23 571 [4]
45 571 [8]
123 571 [8]
137 571 [8]
167 571 [8]
172 571 [8]
279 571 [6]
318 571 [3]
374 571 [3]
379 571 [7]
442 571 [3]
450 571 [5]
470 571 [0]
13 572 [6]
45 572 [7]
133 572 [9]
219 572 [5]
245 572 [6]
269 572 [5]
334 572 [5]
337 572 [5]
382 572 [5]
404 572 [3]
463 572 [5]
554 572 [0]
564 572 [4]
12 573 [1]
26 573 [5]
28 573 [1]
89 573 [1]
116 573 [2]
191 573 [6]
241 573 [2]
320 573 [1]
345 573 [4]
415 573 [9]
430 573 [5]
3 574 [5]
26 574 [4]
28 574 [3]
65 574 [5]
66 574 [4]
104 574 [3]
141 574 [2]
151 574 [3]
203 574 [3]
229 574 [7]
295 574 [6]
330 574 [6]
356 574 [6]
359 574 [6]
397 574 [6]
22 575 [6]
66 575 [9]
91 575 [6]
111 575 [6]
170 575 [1]
212 575 [2]
251 575 [6]
252 575 [9]
260 575 [0]
314 575 [3]
322 575 [4]
462 575 [4]
482 575 [4]
2 576 [6]
25 576 [1]
28 576 [1]
44 576 [1]
98 576 [3]
124 576 [1]
191 576 [6]
245 576 [6]
261 576 [7]
268 576 [1]
281 576 [5]
467 576 [9]
565 576 [0]
21 577 [9]
103 577 [4]
155 577 [4]
204 577 [8]
215 577 [8]
216 577 [1]
229 577 [6]
240 577 [7]
288 577 [8]
298 577 [2]
309 577 [7]
391 577 [7]
399 577 [2]
408 577 [0]
447 577 [0]
469 577 [3]
574 577 [6]
63 578 [8]
83 578 [1]
84 578 [4]
87 578 [7]
108 578 [2]
205 578 [7]
299 578 [1]
337 578 [5]
519 578 [9]
548 578 [0]
570 578 [0]
2 579 [2]
3 579 [2]
54 579 [9]
163 579 [7]
187 579 [3]
205 579 [2]
218 579 [2]
222 579 [2]
249 579 [3]
254 579 [2]
404 579 [7]
468 579 [4]
3 580 [0]
32 580 [8]
34 580 [8]
65 580 [8]
108 580 [8]
158 580 [8]
207 580 [1]
229 580 [7]
313 580 [3]
396 580 [3]
484 580 [0]
488 580 [8]
510 580 [5]
556 580 [0]
578 580 [7]
12 581 [7]
15 581 [7]
16 581 [1]
79 581 [2]
173 581 [6]
189 581 [3]
226 581 [3]
333 581 [4]
434 581 [2]
440 581 [4]
455 581 [2]
7 582 [4]
37 582 [4]
83 582 [8]
106 582 [8]
140 582 [8]
166 582 [8]
223 582 [1]
272 582 [5]
313 582 [3]
411 582 [3]
418 582 [0]
440 582 [5]
569 582 [3]
0 583 [0]
3 583 [0]
35 583 [6]
131 583 [2]
160 583 [7]
177 583 [7]
189 583 [7]
272 583 [9]
419 583 [9]
448 583 [9]
463 583 [9]
465 583 [9]
537 583 [4]
4 584 [1]
32 584 [1]
73 584 [2]
93 584 [3]
126 584 [7]
174 584 [1]
182 584 [7]
183 584 [7]
223 584 [7]
342 584 [5]
451 584 [0]
545 584 [9]
0 585 [6]
2 585 [6]
12 585 [6]
66 585 [5]
86 585 [5]
198 585 [9]
274 585 [6]
308 585 [3]
474 585 [8]
489 585 [0]
556 585 [0]
576 585 [8]
2 586 [0]
77 586 [8]
97 586 [4]
114 586 [4]
163 586 [8]
289 586 [3]
292 586 [1]
323 586 [3]
385 586 [7]
422 586 [3]
427 586 [5]
441 586 [1]
477 586 [0]
534 586 [5]
19 587 [8]
22 587 [8]
113 587 [3]
119 587 [8]
158 587 [2]
185 587 [8]
304 587 [3]
391 587 [5]
493 587 [0]
559 587 [9]
561 587 [0]
7 588 [4]
65 588 [8]
88 588 [8]
236 588 [1]
296 588 [7]
313 588 [3]
319 588 [7]
418 588 [4]
449 588 [0]
455 588 [3]
472 588 [5]
3 589 [0]
9 589 [5]
17 589 [5]
45 589 [6]
78 589 [1]
84 589 [1]
213 589 [7]
225 589 [5]
254 589 [3]
364 589 [0]
473 589 [4]
573 589 [0]
581 589 [8]
29 590 [2]
147 590 [7]
151 590 [1]
175 590 [6]
230 590 [1]
234 590 [3]
473 590 [4]
521 590 [9]
549 590 [0]
18 591 [1]
25 591 [5]
42 591 [3]
48 591 [3]
68 591 [3]
82 591 [7]
101 591 [3]
114 591 [3]
172 591 [6]
199 591 [6]
375 591 [7]
389 591 [9]
433 591 [4]
506 591 [4]
570 591 [4]
4 592 [0]
15 592 [9]
144 592 [8]
176 592 [4]
179 592 [8]
295 592 [7]
324 592 [0]
331 592 [7]
334 592 [3]
499 592 [7]
543 592 [0]
562 592 [5]
563 592 [5]
583 592 [9]
9 593 [5]
32 593 [9]
91 593 [4]
109 593 [9]
119 593 [9]
203 593 [4]
273 593 [6]
312 593 [6]
461 593 [0]
471 593 [0]
12 594 [4]
15 594 [4]
69 594 [8]
98 594 [8]
153 594 [1]
216 594 [7]
319 594 [7]
332 594 [6]
471 594 [5]
558 594 [0]
14 595 [9]
40 595 [9]
87 595 [4]
108 595 [4]
134 595 [8]
217 595 [8]
236 595 [8]
249 595 [8]
412 595 [0]
423 595 [3]
424 595 [7]
518 595 [0]
587 595 [5]
49 596 [7]
52 596 [1]
68 596 [2]
130 596 [1]
154 596 [7]
164 596 [2]
243 596 [7]
246 596 [1]
258 596 [3]
392 596 [5]
495 596 [9]
572 596 [0]
3 597 [0]
46 597 [8]
70 597 [2]
83 597 [8]
112 597 [6]
211 597 [6]
301 597 [5]
366 597 [3]
373 597 [5]
390 597 [3]
492 597 [0]
561 597 [5]
4 598 [0]
11 598 [2]
19 598 [9]
30 598 [9]
76 598 [4]
138 598 [8]
147 598 [8]
347 598 [6]
483 598 [0]
487 598 [0]
503 598 [5]
508 598 [9]
514 598 [5]
584 598 [9]
0 599 [0]
3 599 [0]
94 599 [2]
96 599 [2]
206 599 [3]
258 599 [3]
352 599 [9]
376 599 [9]
396 599 [3]
484 599 [4]
506 599 [4]
596 599 [0]
16 600 [1]
35 600 [2]
105 600 [3]
106 600 [6]
115 600 [2]
128 600 [1]
172 600 [1]
240 600 [2]
263 600 [2]
269 600 [9]
314 600 [2]
329 600 [9]
371 600 [9]
4 601 [0]
6 601 [4]
7 601 [4]
36 601 [4]
41 601 [4]
55 601 [8]
132 601 [1]
210 601 [7]
341 601 [7]
354 601 [7]
482 601 [3]
532 601 [0]
559 601 [0]
26 602 [2]
29 602 [2]
30 602 [2]
53 602 [6]
68 602 [6]
69 602 [6]
78 602 [6]
96 602 [6]
101 602 [5]
209 602 [3]
276 602 [4]
376 602 [4]
0 603 [0]
4 603 [3]
21 603 [7]
27 603 [7]
45 603 [1]
106 603 [6]
128 603 [1]
172 603 [1]
208 603 [5]
285 603 [7]
385 603 [2]
391 603 [2]
600 603 [0]
36 604 [4]
41 604 [4]
85 604 [8]
98 604 [8]
112 604 [2]
114 604 [4]
153 604 [1]
239 604 [1]
368 604 [3]
387 604 [3]
417 604 [3]
422 604 [3]
481 604 [5]
571 604 [0]
17 605 [9]
23 605 [5]
42 605 [4]
64 605 [5]
76 605 [4]
97 605 [5]
101 605 [9]
105 605 [2]
167 605 [3]
278 605 [9]
330 605 [6]
371 605 [4]
397 605 [6]
417 605 [6]
438 605 [6]
454 605 [6]
461 605 [6]
12 606 [7]
18 606 [7]
26 606 [7]
71 606 [7]
127 606 [7]
130 606 [2]
152 606 [2]
175 606 [2]
220 606 [9]
244 606 [5]
269 606 [6]
297 606 [3]
302 606 [4]
319 606 [7]
489 606 [3]
2 607 [0]
13 607 [4]
16 607 [4]
21 607 [4]
48 607 [4]
158 607 [8]
171 607 [2]
195 607 [7]
375 607 [3]
398 607 [5]
527 607 [0]
604 607 [0]
3 608 [3]
19 608 [3]
218 608 [5]
221 608 [1]
231 608 [2]
244 608 [5]
270 608 [3]
327 608 [4]
369 608 [7]
421 608 [4]
423 608 [4]
458 608 [7]
532 608 [4]
533 608 [4]
539 608 [4]
12 609 [4]
24 609 [8]
28 609 [8]
29 609 [8]
35 609 [8]
69 609 [8]
97 609 [8]
256 609 [6]
285 609 [3]
449 609 [9]
511 609 [5]
556 609 [0]
594 609 [0]
3 610 [0]
8 610 [6]
37 610 [2]
46 610 [2]
64 610 [2]
70 610 [1]
134 610 [1]
163 610 [1]
183 610 [1]
184 610 [2]
243 610 [7]
372 610 [3]
540 610 [4]
557 610 [3]
572 610 [0]
6 611 [1]
22 611 [3]
63 611 [3]
104 611 [1]
150 611 [6]
164 611 [1]
165 611 [1]
300 611 [3]
309 611 [9]
354 611 [5]
365 611 [9]
373 611 [0]
423 611 [9]
2 612 [0]
63 612 [8]
131 612 [3]
162 612 [1]
169 612 [9]
190 612 [1]
247 612 [1]
308 612 [5]
311 612 [3]
368 612 [5]
444 612 [0]
448 612 [9]
524 612 [6]
551 612 [0]
42 613 [8]
125 613 [2]
154 613 [2]
180 613 [6]
317 613 [3]
325 613 [2]
355 613 [5]
413 613 [3]
453 613 [0]
456 613 [5]
477 613 [2]
569 613 [3]
4 614 [0]
5 614 [9]
27 614 [9]
93 614 [4]
136 614 [8]
203 614 [4]
361 614 [1]
456 614 [3]
476 614 [7]
491 614 [0]
521 614 [0]
557 614 [9]
610 614 [9]
35 615 [6]
44 615 [9]
51 615 [4]
64 615 [4]
105 615 [6]
120 615 [8]
201 615 [8]
310 615 [7]
319 615 [1]
493 615 [0]
505 615 [0]
570 615 [9]
590 615 [9]
597 615 [5]
2 616 [6]
13 616 [1]
106 616 [1]
181 616 [1]
186 616 [2]
209 616 [2]
243 616 [2]
250 616 [5]
288 616 [1]
290 616 [2]
312 616 [5]
516 616 [9]
536 616 [9]
59 617 [2]
60 617 [7]
73 617 [2]
84 617 [2]
97 617 [2]
100 617 [7]
199 617 [6]
314 617 [6]
418 617 [4]
427 617 [9]
508 617 [0]
519 617 [9]
557 617 [0]
576 617 [0]
53 618 [1]
96 618 [8]
133 618 [8]
162 618 [1]
312 618 [3]
423 618 [3]
430 618 [7]
439 618 [3]
564 618 [0]
599 618 [4]
613 618 [0]
5 619 [4]
6 619 [7]
13 619 [9]
16 619 [4]
84 619 [4]
242 619 [0]
250 619 [2]
268 619 [6]
326 619 [5]
333 619 [8]
334 619 [8]
404 619 [3]
417 619 [6]
437 619 [8]
473 619 [8]
12 620 [8]
39 620 [1]
78 620 [7]
181 620 [1]
204 620 [7]
208 620 [2]
284 620 [7]
460 620 [4]
531 620 [9]
534 620 [9]
0 621 [0]
1 621 [0]
11 621 [1]
15 621 [3]
36 621 [3]
48 621 [3]
75 621 [7]
95 621 [7]
144 621 [1]
150 621 [2]
268 621 [7]
298 621 [5]
301 621 [4]
311 621 [9]
474 621 [0]
597 621 [4]
1 622 [0]
21 622 [8]
35 622 [8]
97 622 [4]
101 622 [7]
115 622 [3]
128 622 [1]
425 622 [9]
480 622 [9]
504 622 [0]
533 622 [5]
542 622 [0]
595 622 [9]
7 623 [4]
12 623 [4]
16 623 [4]
43 623 [8]
79 623 [4]
130 623 [8]
131 623 [8]
230 623 [8]
232 623 [6]
240 623 [3]
364 623 [0]
418 623 [0]
511 623 [5]
562 623 [0]
582 623 [0]
600 623 [4]
2 624 [3]
22 624 [2]
49 624 [9]
104 624 [9]
155 624 [9]
187 624 [7]
190 624 [7]
342 624 [4]
473 624 [4]
533 624 [4]
7 625 [7]
35 625 [2]
42 625 [2]
52 625 [7]
70 625 [9]
89 625 [6]
100 625 [9]
201 625 [6]
286 625 [3]
342 625 [4]
535 625 [4]
614 625 [4]
622 625 [4]
3 626 [3]
4 626 [3]
8 626 [3]
11 626 [3]
27 626 [3]
40 626 [5]
74 626 [5]
96 626 [9]
152 626 [9]
310 626 [1]
321 626 [6]
342 626 [2]
570 626 [8]
593 626 [6]
4 627 [1]
6 627 [1]
18 627 [1]
70 627 [7]
142 627 [6]
173 627 [1]
185 627 [7]
266 627 [9]
272 627 [4]
289 627 [9]
298 627 [2]
343 627 [9]
517 627 [4]
0 628 [0]
41 628 [3]
58 628 [7]
106 628 [6]
152 628 [6]
153 628 [7]
174 628 [7]
191 628 [7]
269 628 [7]
278 628 [5]
282 628 [9]
378 628 [4]
617 628 [8]
3 629 [0]
19 629 [8]
71 629 [7]
86 629 [6]
119 629 [7]
121 629 [1]
125 629 [7]
188 629 [6]
344 629 [5]
358 629 [5]
362 629 [1]
535 629 [4]
6 630 [1]
28 630 [3]
44 630 [3]
94 630 [3]
112 630 [1]
257 630 [2]
266 630 [9]
312 630 [2]
372 630 [9]
474 630 [4]
475 630 [4]
621 630 [0]
9 631 [5]
24 631 [5]
31 631 [5]
43 631 [5]
110 631 [7]
211 631 [7]
342 631 [6]
349 631 [6]
389 631 [6]
481 631 [1]
507 631 [6]
566 631 [1]
47 632 [7]
96 632 [7]
101 632 [2]
130 632 [2]
192 632 [6]
201 632 [1]
206 632 [7]
362 632 [3]
399 632 [5]
441 632 [9]
460 632 [8]
568 632 [0]
626 632 [8]
5 633 [2]
14 633 [2]
19 633 [2]
21 633 [6]
42 633 [9]
57 633 [9]
83 633 [9]
127 633 [6]
131 633 [1]
255 633 [9]
292 633 [3]
343 633 [4]
384 633 [4]
462 633 [8]
471 633 [4]
498 633 [4]
83 634 [5]
112 634 [2]
146 634 [7]
160 634 [3]
211 634 [9]
215 634 [2]
249 634 [2]
290 634 [9]
389 634 [6]
506 634 [8]
542 634 [8]
599 634 [8]
6 635 [6]
45 635 [7]
328 635 [5]
386 635 [9]
495 635 [9]
544 635 [0]
562 635 [4]
593 635 [9]
33 636 [1]
51 636 [1]
76 636 [1]
155 636 [3]
194 636 [9]
216 636 [2]
223 636 [5]
315 636 [9]
327 636 [4]
329 636 [7]
383 636 [8]
413 636 [9]
594 636 [8]
44 637 [3]
45 637 [1]
52 637 [9]
133 637 [1]
136 637 [6]
205 637 [2]
277 637 [3]
329 637 [3]
338 637 [9]
411 637 [2]
470 637 [4]
479 637 [2]
515 637 [4]
594 637 [4]
630 637 [2]
6 638 [7]
17 638 [7]
53 638 [3]
56 638 [3]
79 638 [3]
100 638 [2]
111 638 [3]
114 638 [3]
210 638 [5]
286 638 [4]
378 638 [1]
544 638 [8]
23 639 [5]
63 639 [2]
79 639 [5]
147 639 [6]
156 639 [7]
161 639 [7]
213 639 [7]
291 639 [3]
347 639 [5]
408 639 [9]
544 639 [0]
550 639 [4]
573 639 [0]
620 639 [0]
11 640 [8]
17 640 [8]
53 640 [8]
107 640 [8]
119 640 [8]
164 640 [8]
213 640 [1]
243 640 [1]
259 640 [3]
265 640 [6]
289 640 [3]
356 640 [3]
503 640 [0]
563 640 [0]
1 641 [9]
5 641 [9]
57 641 [4]
73 641 [4]
124 641 [7]
153 641 [6]
179 641 [7]
182 641 [6]
187 641 [7]
294 641 [0]
305 641 [1]
329 641 [1]
455 641 [0]
74 642 [2]
81 642 [3]
133 642 [1]
152 642 [6]
170 642 [7]
237 642 [1]
260 642 [5]
278 642 [5]
311 642 [9]
335 642 [6]
355 642 [9]
396 642 [9]
510 642 [9]
0 643 [0]
36 643 [1]
75 643 [7]
83 643 [7]
151 643 [2]
253 643 [0]
319 643 [3]
459 643 [5]
461 643 [9]
471 643 [9]
491 643 [9]
561 643 [4]
563 643 [4]
571 643 [9]
590 643 [0]
604 643 [9]
140 644 [8]
156 644 [8]
198 644 [8]
203 644 [8]
267 644 [7]
282 644 [7]
318 644 [3]
325 644 [0]
398 644 [3]
422 644 [2]
451 644 [0]
457 644 [0]
551 644 [9]
2 645 [2]
7 645 [6]
10 645 [6]
138 645 [7]
162 645 [3]
200 645 [5]
217 645 [5]
227 645 [1]
237 645 [3]
257 645 [7]
421 645 [4]
517 645 [4]
535 645 [8]
22 646 [4]
128 646 [8]
169 646 [8]
251 646 [6]
393 646 [5]
461 646 [3]
500 646 [0]
516 646 [3]
517 646 [0]
550 646 [2]
587 646 [9]
593 646 [3]
9 647 [2]
36 647 [2]
44 647 [6]
176 647 [1]
237 647 [5]
239 647 [3]
265 647 [3]
283 647 [5]
320 647 [3]
326 647 [3]
495 647 [9]
504 647 [8]
608 647 [0]
2 648 [0]
56 648 [9]
152 648 [4]
196 648 [8]
293 648 [1]
367 648 [2]
368 648 [0]
387 648 [7]
402 648 [0]
547 648 [5]
553 648 [5]
584 648 [9]
4 649 [8]
10 649 [8]
34 649 [8]
53 649 [8]
80 649 [8]
89 649 [4]
92 649 [8]
134 649 [2]
174 649 [6]
195 649 [3]
312 649 [3]
326 649 [6]
520 649 [0]
551 649 [0]
619 649 [8]
34 650 [1]
108 650 [1]
126 650 [1]
186 650 [2]
202 650 [6]
258 650 [3]
268 650 [1]
322 650 [9]
363 650 [5]
411 650 [9]
419 650 [9]
443 650 [9]
545 650 [2]
590 650 [0]
53 651 [2]
57 651 [2]
74 651 [2]
126 651 [1]
146 651 [1]
194 651 [3]
198 651 [6]
226 651 [3]
326 651 [1]
412 651 [9]
455 651 [5]
460 651 [4]
530 651 [4]
26 652 [7]
46 652 [2]
116 652 [2]
165 652 [1]
183 652 [6]
262 652 [5]
309 652 [9]
424 652 [5]
443 652 [5]
461 652 [1]
538 652 [9]
611 652 [0]
635 652 [0]
651 652 [0]
10 653 [6]
17 653 [6]
30 653 [4]
51 653 [4]
98 653 [4]
170 653 [3]
229 653 [7]
233 653 [7]
253 653 [3]
422 653 [3]
500 653 [5]
514 653 [0]
548 653 [9]
586 653 [0]
16 654 [8]
24 654 [8]
97 654 [8]
111 654 [6]
120 654 [2]
126 654 [2]
176 654 [2]
306 654 [6]
372 654 [3]
413 654 [5]
494 654 [0]
495 654 [5]
555 654 [0]
8 655 [8]
59 655 [8]
172 655 [2]
260 655 [7]
279 655 [7]
385 655 [3]
432 655 [0]
503 655 [7]
516 655 [5]
528 655 [5]
536 655 [9]
557 655 [4]
3 656 [3]
26 656 [7]
69 656 [7]
116 656 [7]
120 656 [6]
125 656 [6]
169 656 [6]
180 656 [3]
275 656 [9]
301 656 [5]
327 656 [2]
377 656 [9]
441 656 [4]
479 656 [2]
1 657 [0]
6 657 [3]
42 657 [3]
44 657 [3]
48 657 [3]
58 657 [7]
70 657 [6]
119 657 [1]
127 657 [3]
128 657 [1]
228 657 [6]
245 657 [1]
262 657 [9]
489 657 [1]
514 657 [4]
13 658 [2]
58 658 [2]
138 658 [6]
148 658 [1]
161 658 [3]
184 658 [1]
220 658 [5]
252 658 [2]
283 658 [5]
496 658 [4]
602 658 [0]
0 659 [0]
8 659 [6]
17 659 [6]
89 659 [3]
169 659 [2]
194 659 [6]
249 659 [9]
252 659 [6]
361 659 [8]
384 659 [1]
396 659 [3]
431 659 [8]
450 659 [1]
630 659 [3]
23 660 [9]
33 660 [9]
66 660 [9]
105 660 [2]
130 660 [8]
144 660 [8]
158 660 [4]
171 660 [8]
186 660 [4]
218 660 [1]
348 660 [7]
491 660 [0]
518 660 [0]
597 660 [5]
599 660 [9]
3 661 [5]
10 661 [5]
29 661 [9]
56 661 [9]
67 661 [9]
69 661 [4]
74 661 [4]
207 661 [9]
230 661 [3]
241 661 [2]
269 661 [7]
275 661 [4]
345 661 [8]
568 661 [6]
580 661 [8]
597 661 [8]
2 662 [9]
13 662 [9]
125 662 [2]
129 662 [4]
163 662 [4]
205 662 [5]
237 662 [7]
257 662 [1]
409 662 [8]
444 662 [8]
531 662 [8]
578 662 [8]
646 662 [8]
6 663 [7]
7 663 [7]
95 663 [7]
118 663 [7]
124 663 [7]
127 663 [7]
128 663 [6]
162 663 [5]
173 663 [6]
192 663 [5]
338 663 [2]
408 663 [0]
421 663 [8]
454 663 [2]
479 663 [8]
501 663 [8]
609 663 [8]
612 663 [8]
6 664 [9]
12 664 [5]
18 664 [5]
47 664 [9]
144 664 [2]
175 664 [2]
187 664 [2]
203 664 [3]
267 664 [6]
304 664 [5]
418 664 [8]
461 664 [5]
548 664 [8]
574 664 [0]
4 665 [1]
9 665 [9]
10 665 [1]
34 665 [1]
54 665 [7]
124 665 [7]
285 665 [4]
293 665 [9]
390 665 [0]
430 665 [9]
434 665 [4]
453 665 [8]
543 665 [9]
18 666 [1]
55 666 [2]
70 666 [9]
117 666 [6]
134 666 [1]
159 666 [6]
249 666 [6]
365 666 [4]
373 666 [3]
445 666 [9]
476 666 [2]
600 666 [0]
609 666 [4]
625 666 [0]
630 666 [8]
52 667 [7]
100 667 [6]
104 667 [6]
159 667 [6]
161 667 [5]
167 667 [1]
198 667 [7]
264 667 [3]
302 667 [5]
316 667 [5]
375 667 [4]
552 667 [0]
1 668 [0]
28 668 [1]
106 668 [7]
113 668 [7]
129 668 [7]
214 668 [1]
246 668 [7]
301 668 [9]
311 668 [9]
352 668 [9]
430 668 [5]
472 668 [6]
2 669 [9]
7 669 [9]
55 669 [4]
88 669 [4]
159 669 [4]
178 669 [0]
187 669 [7]
343 669 [8]
365 669 [8]
379 669 [1]
550 669 [8]
641 669 [0]
662 669 [0]
4 670 [7]
10 670 [8]
40 670 [8]
43 670 [1]
131 670 [8]
162 670 [1]
243 670 [1]
263 670 [6]
295 670 [5]
399 670 [5]
405 670 [3]
563 670 [9]
655 670 [0]
21 671 [5]
49 671 [3]
55 671 [2]
59 671 [2]
203 671 [1]
238 671 [7]
287 671 [3]
394 671 [9]
430 671 [3]
499 671 [5]
576 671 [0]
651 671 [0]
664 671 [8]
31 672 [7]
36 672 [2]
122 672 [9]
125 672 [5]
189 672 [5]
201 672 [7]
224 672 [1]
238 672 [3]
265 672 [3]
376 672 [4]
566 672 [4]
575 672 [0]
63 673 [3]
64 673 [3]
81 673 [3]
124 673 [7]
149 673 [1]
178 673 [6]
184 673 [1]
205 673 [0]
222 673 [3]
275 673 [5]
379 673 [9]
526 673 [9]
549 673 [0]
586 673 [4]
10 674 [5]
20 674 [5]
102 674 [3]
150 674 [2]
171 674 [2]
297 674 [2]
351 674 [7]
361 674 [9]
419 674 [6]
493 674 [7]
532 674 [8]
658 674 [0]
18 675 [6]
27 675 [6]
45 675 [5]
80 675 [3]
132 675 [3]
133 675 [4]
159 675 [3]
200 675 [5]
410 675 [4]
431 675 [4]
522 675 [0]
590 675 [8]
601 675 [8]
645 675 [0]
3 676 [3]
70 676 [9]
88 676 [9]
148 676 [1]
215 676 [9]
356 676 [7]
364 676 [0]
382 676 [2]
420 676 [2]
456 676 [0]
581 676 [0]
604 676 [4]
625 676 [0]
665 676 [8]
12 677 [8]
21 677 [1]
36 677 [1]
64 677 [3]
97 677 [7]
370 677 [5]
386 677 [0]
500 677 [9]
553 677 [0]
567 677 [0]
585 677 [8]
2 678 [0]
18 678 [1]
27 678 [9]
28 678 [9]
50 678 [4]
294 678 [7]
416 678 [0]
436 678 [0]
479 678 [7]
485 678 [6]
667 678 [4]
1 679 [0]
12 679 [1]
36 679 [7]
39 679 [7]
88 679 [2]
194 679 [3]
232 679 [3]
308 679 [5]
336 679 [6]
350 679 [3]
376 679 [5]
377 679 [5]
416 679 [9]
508 679 [0]
509 679 [0]
544 679 [0]
627 679 [0]
59 680 [2]
101 680 [3]
118 680 [7]
139 680 [2]
189 680 [3]
218 680 [7]
224 680 [7]
282 680 [5]
368 680 [9]
464 680 [5]
476 680 [9]
589 680 [0]
650 680 [0]
42 681 [8]
48 681 [8]
49 681 [8]
59 681 [8]
145 681 [7]
401 681 [5]
511 681 [5]
520 681 [0]
570 681 [0]
603 681 [4]
635 681 [4]
2 682 [0]
25 682 [5]
77 682 [9]
103 682 [9]
170 682 [4]
181 682 [8]
226 682 [8]
232 682 [8]
423 682 [0]
435 682 [0]
464 682 [1]
497 682 [1]
513 682 [9]
25 683 [6]
31 683 [2]
58 683 [9]
60 683 [6]
70 683 [1]
106 683 [1]
179 683 [3]
271 683 [2]
312 683 [7]
320 683 [3]
490 683 [4]
551 683 [8]
633 683 [0]
27 684 [8]
35 684 [6]
94 684 [3]
112 684 [6]
191 684 [1]
198 684 [1]
255 684 [3]
256 684 [1]
436 684 [9]
506 684 [0]
516 684 [5]
524 684 [1]
581 684 [8]
585 684 [8]
608 684 [8]
622 684 [4]
2 685 [2]
6 685 [2]
21 685 [6]
26 685 [2]
126 685 [9]
203 685 [1]
243 685 [6]
308 685 [4]
325 685 [4]
519 685 [4]
618 685 [4]
672 685 [0]
0 686 [0]
40 686 [7]
55 686 [7]
68 686 [5]
150 686 [7]
174 686 [7]
208 686 [4]
238 686 [2]
239 686 [1]
268 686 [4]
274 686 [4]
374 686 [1]
453 686 [8]
595 686 [8]
639 686 [8]
13 687 [1]
20 687 [1]
48 687 [3]
63 687 [7]
81 687 [7]
107 687 [7]
112 687 [1]
121 687 [6]
144 687 [1]
209 687 [5]
221 687 [7]
240 687 [9]
290 687 [3]
310 687 [9]
485 687 [0]
76 688 [3]
80 688 [6]
167 688 [6]
276 688 [2]
316 688 [5]
350 688 [5]
355 688 [9]
505 688 [9]
525 688 [4]
584 688 [9]
642 688 [0]
681 688 [4]
21 689 [7]
95 689 [7]
164 689 [6]
282 689 [9]
315 689 [3]
392 689 [5]
397 689 [2]
485 689 [0]
503 689 [4]
525 689 [4]
551 689 [4]
627 689 [0]
6 690 [5]
8 690 [5]
13 690 [5]
55 690 [5]
157 690 [3]
231 690 [9]
286 690 [9]
292 690 [2]
412 690 [0]
498 690 [8]
588 690 [2]
631 690 [0]
634 690 [0]
4 691 [8]
45 691 [2]
227 691 [3]
250 691 [3]
297 691 [3]
321 691 [1]
366 691 [3]
374 691 [5]
418 691 [9]
583 691 [3]
607 691 [9]
684 691 [0]
34 692 [1]
84 692 [1]
102 692 [7]
232 692 [3]
289 692 [9]
296 692 [3]
468 692 [9]
513 692 [0]
593 692 [9]
620 692 [0]
673 692 [0]
691 692 [4]
0 693 [0]
63 693 [6]
111 693 [6]
147 693 [1]
167 693 [1]
170 693 [1]
202 693 [1]
212 693 [0]
263 693 [3]
302 693 [5]
319 693 [2]
499 693 [2]
500 693 [4]
533 693 [4]
552 693 [0]
590 693 [8]
7 694 [8]
45 694 [2]
123 694 [2]
145 694 [1]
188 694 [1]
244 694 [1]
253 694 [5]
368 694 [5]
411 694 [3]
536 694 [9]
538 694 [5]
670 694 [0]
0 695 [1]
2 695 [7]
29 695 [7]
44 695 [1]
77 695 [1]
82 695 [9]
139 695 [1]
203 695 [1]
204 695 [1]
218 695 [1]
319 695 [1]
386 695 [8]
512 695 [9]
545 695 [2]
12 696 [9]
44 696 [9]
59 696 [9]
74 696 [9]
84 696 [9]
120 696 [4]
140 696 [9]
281 696 [5]
295 696 [1]
308 696 [1]
401 696 [1]
414 696 [8]
474 696 [8]
511 696 [8]
550 696 [8]
559 696 [8]
599 696 [8]
21 697 [7]
41 697 [1]
49 697 [7]
82 697 [2]
84 697 [2]
91 697 [2]
122 697 [6]
174 697 [6]
413 697 [5]
449 697 [9]
465 697 [9]
599 697 [0]
643 697 [4]
36 698 [1]
44 698 [6]
81 698 [2]
87 698 [2]
117 698 [2]
137 698 [2]
188 698 [6]
273 698 [5]
298 698 [3]
315 698 [3]
337 698 [5]
361 698 [9]
414 698 [9]
588 698 [9]
2 699 [5]
4 699 [1]
48 699 [1]
162 699 [1]
167 699 [6]
303 699 [9]
329 699 [2]
415 699 [2]
425 699 [4]
584 699 [0]
673 699 [0]
690 699 [8]
10 700 [7]
26 700 [7]
95 700 [6]
120 700 [7]
136 700 [7]
143 700 [6]
146 700 [6]
169 700 [1]
284 700 [3]
352 700 [4]
412 700 [4]
510 700 [4]
572 700 [8]
46 701 [8]
65 701 [8]
139 701 [8]
164 701 [8]
197 701 [7]
240 701 [5]
274 701 [6]
341 701 [3]
406 701 [7]
436 701 [5]
442 701 [5]
493 701 [5]
587 701 [0]
4 702 [1]
47 702 [6]
75 702 [6]
113 702 [6]
154 702 [1]
160 702 [1]
285 702 [7]
377 702 [0]
397 702 [0]
456 702 [4]
484 702 [4]
3 703 [0]
14 703 [1]
20 703 [1]
51 703 [3]
68 703 [3]
222 703 [3]
232 703 [3]
301 703 [9]
339 703 [9]
591 703 [0]
601 703 [4]
627 703 [0]
680 703 [0]
3 704 [3]
53 704 [6]
160 704 [4]
250 704 [0]
283 704 [4]
333 704 [4]
368 704 [8]
374 704 [8]
422 704 [8]
446 704 [8]
486 704 [6]
490 704 [8]
594 704 [8]
615 704 [8]
626 704 [0]
11 705 [2]
52 705 [2]
120 705 [1]
168 705 [9]
173 705 [6]
184 705 [1]
200 705 [5]
202 705 [5]
302 705 [2]
370 705 [4]
436 705 [4]
444 705 [8]
699 705 [8]
2 706 [3]
14 706 [7]
24 706 [7]
56 706 [7]
71 706 [7]
75 706 [7]
87 706 [7]
117 706 [6]
166 706 [1]
259 706 [2]
260 706 [7]
289 706 [2]
377 706 [9]
628 706 [0]
65 707 [2]
82 707 [6]
88 707 [9]
132 707 [3]
233 707 [9]
337 707 [5]
387 707 [4]
410 707 [4]
441 707 [4]
453 707 [4]
575 707 [0]
671 707 [8]
689 707 [8]
22 708 [6]
28 708 [6]
39 708 [6]
82 708 [1]
163 708 [1]
167 708 [5]
171 708 [5]
191 708 [5]
219 708 [7]
412 708 [9]
483 708 [4]
502 708 [0]
683 708 [0]
705 708 [0]
36 709 [5]
65 709 [2]
75 709 [2]
96 709 [1]
118 709 [7]
259 709 [9]
374 709 [9]
385 709 [5]
564 709 [4]
617 709 [0]
650 709 [0]
3 710 [1]
4 710 [1]
33 710 [1]
52 710 [9]
54 710 [5]
76 710 [1]
139 710 [1]
172 710 [5]
309 710 [3]
346 710 [4]
567 710 [8]
579 710 [0]
0 711 [0]
2 711 [1]
4 711 [1]
77 711 [6]
120 711 [6]
250 711 [9]
276 711 [2]
290 711 [2]
405 711 [3]
475 711 [4]
654 711 [4]
2 712 [1]
78 712 [5]
119 712 [4]
145 712 [2]
183 712 [5]
236 712 [2]
335 712 [4]
363 712 [0]
457 712 [8]
458 712 [4]
605 712 [4]
620 712 [8]
622 712 [8]
2 713 [7]
10 713 [7]
15 713 [7]
71 713 [2]
123 713 [1]
134 713 [1]
265 713 [3]
272 713 [4]
317 713 [2]
499 713 [2]
522 713 [4]
538 713 [4]
9 714 [3]
31 714 [3]
48 714 [2]
96 714 [2]
145 714 [6]
402 714 [1]
427 714 [2]
446 714 [8]
501 714 [8]
506 714 [8]
515 714 [8]
545 714 [1]
620 714 [8]
688 714 [1]
2 715 [6]
19 715 [6]
70 715 [5]
92 715 [4]
105 715 [7]
300 715 [7]
358 715 [6]
392 715 [4]
482 715 [6]
631 715 [7]
648 715 [0]
661 715 [2]
674 715 [0]
62 716 [2]
100 716 [1]
165 716 [1]
170 716 [5]
192 716 [3]
248 716 [2]
263 716 [3]
270 716 [3]
346 716 [4]
430 716 [2]
469 716 [4]
490 716 [4]
504 716 [8]
622 716 [8]
658 716 [0]
713 716 [0]
1 717 [0]
6 717 [9]
47 717 [6]
75 717 [6]
115 717 [9]
179 717 [1]
220 717 [5]
249 717 [5]
317 717 [7]
347 717 [9]
426 717 [4]
475 717 [0]
550 717 [4]
639 717 [8]
702 717 [0]
20 718 [7]
26 718 [2]
63 718 [9]
232 718 [3]
253 718 [2]
263 718 [5]
350 718 [1]
371 718 [9]
385 718 [2]
436 718 [4]
552 718 [0]
578 718 [4]
600 718 [5]
624 718 [0]
702 718 [0]
5 719 [3]
15 719 [3]
118 719 [6]
123 719 [6]
164 719 [6]
256 719 [3]
294 719 [2]
327 719 [2]
339 719 [2]
436 719 [5]
613 719 [4]
614 719 [4]
637 719 [1]
3 720 [0]
6 720 [1]
17 720 [1]
22 720 [3]
38 720 [3]
77 720 [6]
97 720 [7]
167 720 [6]
188 720 [1]
193 720 [1]
520 720 [4]
584 720 [0]
598 720 [4]
630 720 [0]
682 720 [2]
711 720 [0]
2 721 [0]
3 721 [0]
15 721 [6]
18 721 [6]
25 721 [6]
92 721 [6]
129 721 [2]
323 721 [5]
518 721 [9]
533 721 [5]
560 721 [0]
629 721 [0]
698 721 [3]
9 722 [9]
11 722 [6]
102 722 [7]
169 722 [7]
194 722 [9]
205 722 [2]
289 722 [4]
436 722 [4]
541 722 [0]
546 722 [4]
563 722 [8]
655 722 [8]
2 723 [5]
21 723 [5]
27 723 [5]
30 723 [6]
114 723 [2]
182 723 [6]
227 723 [5]
255 723 [5]
296 723 [3]
343 723 [9]
424 723 [5]
507 723 [9]
616 723 [0]
709 723 [0]
0 724 [0]
34 724 [3]
36 724 [9]
66 724 [1]
187 724 [1]
240 724 [6]
243 724 [2]
301 724 [6]
319 724 [7]
369 724 [0]
505 724 [8]
509 724 [8]
579 724 [0]
6 725 [9]
19 725 [9]
61 725 [9]
192 725 [6]
229 725 [3]
235 725 [6]
269 725 [3]
287 725 [5]
354 725 [3]
358 725 [8]
509 725 [8]
542 725 [0]
618 725 [8]
655 725 [8]
12 726 [3]
109 726 [3]
110 726 [5]
121 726 [5]
172 726 [9]
215 726 [6]
225 726 [9]
230 726 [5]
243 726 [9]
371 726 [5]
469 726 [9]
577 726 [8]
610 726 [8]
681 726 [2]
711 726 [1]
33 727 [2]
35 727 [6]
45 727 [7]
262 727 [5]
293 727 [3]
352 727 [5]
516 727 [5]
517 727 [9]
549 727 [0]
625 727 [8]
682 727 [5]
721 727 [8]
0 728 [7]
12 728 [6]
106 728 [6]
148 728 [9]
172 728 [9]
216 728 [6]
243 728 [9]
263 728 [4]
291 728 [5]
299 728 [4]
335 728 [7]
505 728 [8]
2 729 [2]
25 729 [6]
84 729 [1]
98 729 [1]
131 729 [4]
150 729 [3]
157 729 [5]
175 729 [5]
363 729 [7]
429 729 [7]
456 729 [4]
536 729 [0]
645 729 [0]
30 730 [4]
38 730 [4]
42 730 [4]
46 730 [4]
162 730 [1]
173 730 [8]
284 730 [1]
313 730 [7]
353 730 [3]
451 730 [0]
527 730 [0]
578 730 [3]
658 730 [4]
12 731 [5]
21 731 [4]
30 731 [4]
97 731 [5]
156 731 [7]
319 731 [7]
326 731 [9]
374 731 [1]
376 731 [1]
479 731 [6]
500 731 [8]
574 731 [0]
613 731 [8]
1 732 [2]
18 732 [7]
35 732 [9]
36 732 [9]
62 732 [9]
63 732 [1]
70 732 [5]
95 732 [1]
192 732 [3]
312 732 [7]
367 732 [4]
636 732 [0]
684 732 [8]
716 732 [0]
10 733 [1]
14 733 [7]
48 733 [2]
63 733 [6]
73 733 [6]
138 733 [7]
157 733 [7]
207 733 [3]
219 733 [2]
238 733 [3]
253 733 [6]
681 733 [8]
700 733 [0]
717 733 [0]
2 734 [6]
6 734 [6]
22 734 [6]
53 734 [6]
58 734 [9]
70 734 [6]
107 734 [6]
163 734 [6]
382 734 [9]
411 734 [9]
415 734 [0]
424 734 [0]
654 734 [8]
11 735 [7]
12 735 [7]
21 735 [2]
28 735 [6]
145 735 [3]
177 735 [2]
330 735 [2]
332 735 [7]
341 735 [2]
487 735 [4]
489 735 [4]
648 735 [4]
713 735 [0]
733 735 [0]
15 736 [9]
21 736 [1]
68 736 [7]
70 736 [5]
137 736 [5]
175 736 [6]
189 736 [9]
278 736 [9]
384 736 [6]
471 736 [6]
595 736 [8]
597 736 [8]
1 737 [5]
2 737 [5]
40 737 [5]
127 737 [9]
140 737 [7]
168 737 [5]
171 737 [2]
195 737 [4]
215 737 [9]
302 737 [9]
347 737 [7]
478 737 [1]
498 737 [8]
550 737 [4]
601 737 [8]
634 737 [0]
24 738 [3]
66 738 [3]
72 738 [2]
85 738 [6]
133 738 [6]
265 738 [7]
282 738 [7]
494 738 [4]
616 738 [0]
637 738 [8]
667 738 [8]
702 738 [8]
2 739 [7]
4 739 [7]
43 739 [7]
147 739 [7]
153 739 [4]
204 739 [6]
425 739 [8]
466 739 [4]
478 739 [8]
556 739 [8]
564 739 [8]
566 739 [8]
573 739 [8]
0 740 [0]
32 740 [6]
66 740 [6]
76 740 [6]
90 740 [6]
246 740 [3]
372 740 [7]
391 740 [4]
602 740 [0]
647 740 [0]
653 740 [4]
673 740 [8]
731 740 [2]
42 741 [2]
62 741 [2]
127 741 [2]
143 741 [7]
192 741 [7]
268 741 [7]
287 741 [1]
298 741 [4]
324 741 [0]
366 741 [6]
413 741 [1]
434 741 [3]
567 741 [8]
624 741 [7]
5 742 [3]
11 742 [3]
38 742 [3]
53 742 [7]
152 742 [6]
186 742 [1]
190 742 [6]
224 742 [6]
365 742 [4]
372 742 [9]
400 742 [9]
628 742 [0]
656 742 [0]
12 743 [9]
15 743 [9]
32 743 [9]
65 743 [3]
75 743 [1]
155 743 [3]
241 743 [5]
370 743 [4]
406 743 [7]
469 743 [0]
678 743 [4]
710 743 [0]
30 744 [5]
62 744 [4]
64 744 [9]
132 744 [2]
167 744 [3]
191 744 [5]
200 744 [3]
391 744 [6]
429 744 [6]
444 744 [8]
532 744 [8]
613 744 [8]
674 744 [0]
10 745 [2]
88 745 [9]
90 745 [9]
97 745 [2]
112 745 [5]
176 745 [9]
273 745 [2]
276 745 [7]
337 745 [4]
357 745 [6]
446 745 [9]
508 745 [8]
647 745 [0]
707 745 [0]
13 746 [2]
31 746 [2]
67 746 [8]
81 746 [2]
91 746 [9]
121 746 [4]
133 746 [9]
184 746 [9]
205 746 [7]
274 746 [0]
295 746 [2]
317 746 [1]
557 746 [8]
643 746 [8]
70 747 [5]
76 747 [1]
115 747 [1]
122 747 [3]
220 747 [5]
221 747 [1]
264 747 [2]
278 747 [7]
353 747 [9]
454 747 [7]
456 747 [4]
539 747 [7]
646 747 [8]
722 747 [0]
732 747 [0]
743 747 [6]
51 748 [7]
56 748 [2]
85 748 [6]
149 748 [5]
205 748 [5]
208 748 [5]
280 748 [3]
284 748 [3]
314 748 [2]
409 748 [4]
429 748 [2]
443 748 [2]
603 748 [0]
4 749 [3]
20 749 [7]
105 749 [0]
184 749 [1]
229 749 [9]
239 749 [5]
243 749 [6]
246 749 [2]
348 749 [2]
384 749 [2]
424 749 [2]
427 749 [6]
656 749 [0]
748 749 [0]
36 750 [2]
37 750 [2]
64 750 [7]
181 750 [2]
197 750 [2]
277 750 [0]
326 750 [2]
329 750 [4]
364 750 [0]
378 750 [8]
395 750 [2]
401 750 [8]
423 750 [6]
466 750 [8]
35 751 [9]
88 751 [5]
91 751 [5]
247 751 [5]
326 751 [2]
399 751 [6]
442 751 [6]
582 751 [8]
623 751 [8]
639 751 [8]
677 751 [8]
712 751 [0]
740 751 [0]
129 752 [5]
164 752 [5]
204 752 [5]
231 752 [7]
249 752 [3]
255 752 [9]
442 752 [6]
489 752 [4]
572 752 [8]
579 752 [0]
691 752 [8]
722 752 [6]
43 753 [7]
103 753 [1]
111 753 [1]
131 753 [6]
150 753 [7]
210 753 [5]
350 753 [7]
455 753 [2]
551 753 [4]
553 753 [4]
657 753 [0]
719 753 [0]
742 753 [2]
31 754 [7]
45 754 [6]
77 754 [9]
221 754 [6]
240 754 [2]
288 754 [7]
305 754 [9]
483 754 [0]
504 754 [8]
530 754 [4]
558 754 [4]
624 754 [0]
4 755 [1]
18 755 [1]
22 755 [3]
28 755 [3]
107 755 [7]
117 755 [7]
149 755 [7]
388 755 [5]
439 755 [9]
485 755 [0]
524 755 [4]
709 755 [6]
711 755 [0]
66 756 [3]
112 756 [4]
165 756 [9]
261 756 [6]
267 756 [1]
356 756 [6]
445 756 [3]
482 756 [1]
518 756 [2]
540 756 [8]
626 756 [0]
635 756 [8]
38 757 [2]
93 757 [9]
198 757 [8]
218 757 [5]
380 757 [4]
421 757 [4]
431 757 [4]
463 757 [4]
498 757 [4]
505 757 [4]
524 757 [8]
532 757 [4]
594 757 [4]
685 757 [0]
705 757 [0]
4 758 [2]
11 758 [2]
40 758 [9]
72 758 [9]
99 758 [5]
105 758 [5]
138 758 [5]
163 758 [3]
206 758 [2]
419 758 [4]
421 758 [2]
618 758 [4]
672 758 [0]
719 758 [8]
7 759 [6]
103 759 [6]
104 759 [5]
165 759 [7]
208 759 [6]
229 759 [3]
254 759 [3]
288 759 [7]
371 759 [5]
380 759 [1]
431 759 [8]
465 759 [6]
490 759 [8]
524 759 [8]
688 759 [1]
1 760 [4]
6 760 [4]
117 760 [3]
120 760 [2]
180 760 [5]
273 760 [6]
363 760 [5]
438 760 [0]
516 760 [0]
610 760 [0]
620 760 [8]
694 760 [8]
707 760 [0]
710 760 [0]
4 761 [1]
5 761 [1]
25 761 [7]
60 761 [1]
73 761 [3]
114 761 [1]
130 761 [7]
141 761 [4]
166 761 [7]
308 761 [4]
436 761 [8]
536 761 [8]
635 761 [8]
727 761 [8]
752 761 [0]
28 762 [5]
59 762 [9]
151 762 [4]
161 762 [7]
201 762 [4]
239 762 [1]
244 762 [7]
302 762 [5]
325 762 [2]
369 762 [1]
473 762 [8]
590 762 [8]
604 762 [8]
607 762 [8]
25 763 [7]
89 763 [7]
151 763 [5]
153 763 [2]
186 763 [7]
204 763 [5]
249 763 [3]
323 763 [6]
372 763 [4]
410 763 [4]
468 763 [4]
526 763 [6]
579 763 [0]
8 764 [4]
121 764 [2]
135 764 [2]
160 764 [2]
171 764 [2]
230 764 [2]
245 764 [2]
445 764 [6]
538 764 [0]
549 764 [8]
677 764 [8]
9 765 [6]
25 765 [6]
37 765 [9]
142 765 [7]
173 765 [7]
176 765 [1]
201 765 [7]
204 765 [5]
239 765 [5]
257 765 [9]
364 765 [0]
632 765 [8]
685 765 [0]
729 765 [0]
12 766 [7]
29 766 [2]
43 766 [7]
49 766 [4]
56 766 [1]
164 766 [5]
219 766 [4]
291 766 [9]
324 766 [0]
345 766 [8]
466 766 [6]
610 766 [8]
736 766 [0]
744 766 [0]
763 766 [0]
3 767 [0]
4 767 [8]
56 767 [8]
159 767 [9]
219 767 [3]
271 767 [7]
307 767 [3]
463 767 [5]
470 767 [9]
473 767 [7]
694 767 [0]
701 767 [0]
734 767 [8]
756 767 [3]
5 768 [5]
18 768 [5]
25 768 [3]
27 768 [3]
32 768 [2]
42 768 [5]
96 768 [9]
179 768 [9]
219 768 [3]
319 768 [7]
323 768 [1]
351 768 [3]
411 768 [3]
428 768 [8]
576 768 [8]
8 769 [5]
24 769 [7]
36 769 [4]
41 769 [6]
134 769 [2]
173 769 [2]
380 769 [0]
419 769 [1]
469 769 [4]
503 769 [8]
518 769 [0]
606 769 [0]
738 769 [8]
753 769 [1]
56 770 [5]
59 770 [5]
62 770 [5]
140 770 [5]
149 770 [5]
238 770 [3]
256 770 [3]
260 770 [2]
296 770 [2]
369 770 [4]
405 770 [1]
526 770 [8]
550 770 [8]
555 770 [8]
678 770 [8]
48 771 [2]
82 771 [6]
116 771 [2]
119 771 [6]
125 771 [9]
126 771 [2]
154 771 [3]
277 771 [9]
349 771 [1]
367 771 [1]
385 771 [2]
405 771 [2]
569 771 [3]
6 772 [9]
42 772 [1]
43 772 [1]
105 772 [2]
140 772 [5]
163 772 [7]
182 772 [7]
257 772 [6]
383 772 [8]
420 772 [4]
508 772 [8]
588 772 [7]
665 772 [0]
22 773 [2]
66 773 [2]
108 773 [2]
204 773 [6]
205 773 [4]
220 773 [9]
275 773 [6]
362 773 [2]
404 773 [6]
410 773 [8]
469 773 [8]
495 773 [1]
586 773 [4]
703 773 [1]
6 774 [4]
19 774 [4]
23 774 [4]
103 774 [3]
134 774 [3]
140 774 [3]
141 774 [9]
235 774 [4]
308 774 [6]
435 774 [1]
493 774 [6]
590 774 [8]
664 774 [0]
748 774 [3]
1 775 [0]
17 775 [3]
21 775 [7]
137 775 [1]
156 775 [6]
208 775 [2]
210 775 [5]
222 775 [3]
283 775 [1]
287 775 [3]
416 775 [4]
435 775 [2]
591 775 [8]
706 775 [0]
727 775 [8]
6 776 [9]
17 776 [9]
26 776 [4]
74 776 [4]
75 776 [4]
89 776 [7]
224 776 [7]
251 776 [1]
264 776 [9]
393 776 [8]
530 776 [8]
664 776 [0]
715 776 [0]
730 776 [8]
20 777 [9]
46 777 [1]
78 777 [7]
145 777 [2]
147 777 [7]
198 777 [5]
247 777 [5]
388 777 [7]
393 777 [1]
467 777 [8]
537 777 [8]
607 777 [8]
724 777 [0]
772 777 [0]
12 778 [4]
78 778 [7]
87 778 [2]
91 778 [7]
146 778 [7]
218 778 [7]
281 778 [7]
351 778 [6]
496 778 [4]
587 778 [8]
609 778 [8]
677 778 [9]
707 778 [0]
27 779 [1]
49 779 [7]
93 779 [7]
132 779 [6]
137 779 [2]
168 779 [2]
190 779 [7]
228 779 [1]
270 779 [1]
450 779 [9]
482 779 [5]
509 779 [0]
629 779 [0]
632 779 [4]
6 780 [4]
17 780 [5]
83 780 [5]
98 780 [5]
163 780 [2]
340 780 [3]
370 780 [1]
401 780 [3]
408 780 [1]
472 780 [1]
623 780 [2]
694 780 [1]
710 780 [0]
740 780 [0]
5 781 [5]
8 781 [5]
26 781 [5]
72 781 [3]
83 781 [7]
114 781 [3]
163 781 [7]
383 781 [4]
404 781 [5]
475 781 [4]
520 781 [4]
591 781 [9]
668 781 [0]
18 782 [1]
41 782 [1]
134 782 [6]
164 782 [6]
171 782 [6]
259 782 [5]
417 782 [9]
562 782 [4]
565 782 [0]
655 782 [4]
670 782 [4]
682 782 [5]
738 782 [0]
771 782 [8]
11 783 [7]
26 783 [7]
37 783 [7]
216 783 [3]
223 783 [9]
425 783 [8]
487 783 [8]
488 783 [0]
514 783 [1]
564 783 [8]
630 783 [0]
635 783 [8]
638 783 [0]
0 784 [3]
12 784 [1]
64 784 [3]
81 784 [3]
82 784 [3]
151 784 [8]
180 784 [3]
194 784 [1]
237 784 [3]
276 784 [9]
448 784 [8]
536 784 [8]
580 784 [8]
644 784 [8]
2 785 [5]
45 785 [5]
126 785 [2]
282 785 [2]
369 785 [1]
375 785 [1]
427 785 [8]
479 785 [1]
492 785 [8]
532 785 [8]
563 785 [8]
593 785 [8]
728 785 [0]
771 785 [0]
46 786 [2]
49 786 [6]
79 786 [2]
153 786 [7]
158 786 [9]
159 786 [6]
209 786 [3]
288 786 [7]
480 786 [0]
581 786 [0]
681 786 [4]
754 786 [0]
781 786 [8]
3 787 [5]
28 787 [4]
42 787 [4]
57 787 [4]
82 787 [6]
130 787 [7]
148 787 [3]
156 787 [7]
167 787 [2]
297 787 [4]
305 787 [6]
309 787 [1]
555 787 [8]
574 787 [0]
691 787 [8]
755 787 [7]
55 788 [7]
58 788 [7]
92 788 [6]
99 788 [2]
145 788 [0]
149 788 [9]
150 788 [0]
152 788 [3]
192 788 [7]
454 788 [0]
533 788 [1]
543 788 [8]
600 788 [1]
697 788 [8]
4 789 [4]
12 789 [4]
14 789 [7]
36 789 [4]
59 789 [7]
214 789 [7]
313 789 [5]
319 789 [0]
363 789 [5]
390 789 [6]
454 789 [6]
618 789 [0]
624 789 [3]
21 790 [3]
40 790 [3]
43 790 [7]
82 790 [3]
117 790 [6]
238 790 [7]
243 790 [7]
255 790 [6]
256 790 [7]
473 790 [8]
558 790 [8]
596 790 [8]
632 790 [8]
773 790 [0]
1 791 [5]
41 791 [5]
82 791 [7]
182 791 [3]
222 791 [9]
246 791 [5]
289 791 [3]
299 791 [1]
377 791 [5]
498 791 [8]
538 791 [8]
545 791 [1]
767 791 [8]
786 791 [1]
1 792 [4]
30 792 [6]
38 792 [6]
54 792 [3]
79 792 [6]
161 792 [5]
267 792 [3]
323 792 [1]
330 792 [3]
338 792 [3]
480 792 [1]
547 792 [3]
549 792 [8]
789 792 [0]
4 793 [5]
61 793 [2]
80 793 [2]
96 793 [2]
156 793 [2]
196 793 [2]
291 793 [4]
310 793 [0]
326 793 [2]
392 793 [7]
625 793 [0]
709 793 [8]
716 793 [0]
743 793 [0]
20 794 [1]
73 794 [2]
219 794 [3]
284 794 [3]
379 794 [9]
390 794 [9]
409 794 [4]
417 794 [9]
453 794 [4]
642 794 [0]
668 794 [0]
706 794 [8]
733 794 [8]
9 795 [3]
26 795 [6]
71 795 [1]
104 795 [8]
108 795 [5]
362 795 [7]
373 795 [4]
379 795 [7]
541 795 [0]
575 795 [0]
635 795 [8]
689 795 [8]
692 795 [8]
8 796 [7]
24 796 [7]
54 796 [6]
126 796 [5]
128 796 [9]
141 796 [4]
144 796 [4]
259 796 [3]
292 796 [7]
304 796 [3]
428 796 [5]
442 796 [1]
517 796 [5]
739 796 [0]
103 797 [3]
132 797 [2]
143 797 [7]
164 797 [3]
245 797 [2]
269 797 [4]
326 797 [7]
333 797 [1]
426 797 [0]
445 797 [6]
495 797 [1]
674 797 [0]
764 797 [0]
795 797 [0]
16 798 [8]
21 798 [8]
144 798 [1]
190 798 [2]
197 798 [7]
260 798 [7]
307 798 [3]
325 798 [9]
338 798 [3]
432 798 [0]
452 798 [0]
699 798 [4]
764 798 [8]
783 798 [8]
9 799 [1]
22 799 [1]
33 799 [4]
52 799 [5]
73 799 [9]
120 799 [5]
130 799 [5]
141 799 [3]
167 799 [6]
193 799 [3]
401 799 [7]
427 799 [4]
736 799 [7]
751 799 [0]
