32
3
3
21
4
24
10
2
28
7
19
14
8
5
0
13
11
6
16
15
1
25
29
31
20
18
27
12
9
23
30
22
26
17
0 5 [2]
5 8 [0]
2 10 [1]
6 11 [2]
8 11 [1]
8 12 [1]
9 12 [2]
5 13 [2]
11 13 [2]
8 14 [2]
9 14 [1]
1 15 [0]
11 15 [0]
6 16 [0]
11 16 [0]
14 16 [2]
15 16 [2]
5 17 [0]
10 17 [2]
14 19 [0]
16 19 [2]
8 20 [1]
18 20 [0]
4 21 [0]
10 21 [0]
13 21 [0]
9 23 [0]
20 23 [2]
4 24 [0]
10 24 [2]
12 24 [1]
17 24 [2]
1 25 [0]
21 25 [0]
13 26 [0]
6 27 [1]
8 27 [1]
11 27 [1]
12 27 [0]
18 27 [0]
2 28 [0]
7 28 [0]
19 28 [1]
23 28 [1]
1 29 [1]
6 29 [1]
25 29 [0]
4 30 [1]
16 30 [2]
20 30 [2]
21 30 [1]
23 30 [2]
19 31 [2]
20 31 [0]
22 31 [0]
23 31 [0]
25 31 [2]
27 31 [0]
