500
2
121
4
0
1
36
93
73
12
63
22
7
229
107
124
228
195
342
208
194
134
209
23
262
437
125
263
436
444
21
277
18
91
151
62
150
279
106
276
405
322
382
278
383
390
404
492
391
456
493
298
299
59
131
13
69
56
58
53
8
149
198
272
159
361
57
148
158
162
476
235
360
273
477
462
234
463
355
14
3
6
89
88
160
202
173
328
375
132
265
37
10
80
76
28
50
29
51
74
300
283
301
161
184
97
385
233
185
294
410
485
480
33
203
481
384
232
295
416
417
411
433
345
96
344
71
282
120
452
453
455
432
454
484
448
286
287
354
395
75
70
469
2
11
133
81
170
468
77
82
215
225
266
446
291
293
171
32
214
224
274
296
248
350
289
297
290
207
249
349
306
307
374
264
312
206
83
275
449
313
393
348
392
470
471
426
427
351
288
292
267
407
356
357
402
418
406
424
425
419
403
495
494
447
394
458
336
459
498
337
72
172
304
329
457
305
499
369
49
110
9
167
86
335
128
464
40
334
200
87
166
465
309
201
35
135
137
41
95
99
136
197
285
34
5
256
98
114
39
103
31
112
48
27
65
38
100
123
111
122
482
257
483
339
284
147
46
25
129
154
20
252
253
155
365
489
364
488
389
302
47
101
64
238
280
146
466
467
239
281
388
303
54
16
44
140
260
144
176
211
55
15
204
179
240
105
341
42
241
60
178
61
243
118
84
119
193
102
90
218
219
269
271
340
346
347
431
429
177
210
236
145
182
254
227
183
226
258
113
358
359
259
366
141
152
223
143
164
222
153
115
317
26
94
338
397
196
316
396
487
333
332
408
486
409
165
255
367
379
378
237
261
428
310
440
19
189
30
66
85
242
79
108
45
43
434
126
78
330
435
331
127
216
386
188
163
422
246
186
213
68
212
244
247
245
475
474
380
187
130
381
478
479
423
442
67
443
491
324
109
138
205
315
399
314
398
430
325
24
221
190
104
370
371
270
191
220
414
415
372
217
412
321
387
413
373
420
421
441
52
156
175
116
174
168
362
472
473
326
327
17
180
181
157
117
319
230
250
169
231
251
318
363
438
139
320
439
490
192
268
311
142
352
400
401
308
353
377
460
451
450
376
461
496
497
92
368
199
323
445
343
0 1 [0]
0 4 [0]
3 6 [0]
0 8 [1]
4 8 [1]
2 11 [0]
4 11 [1]
3 14 [0]
6 14 [1]
7 22 [0]
5 34 [0]
0 36 [0]
1 36 [0]
10 37 [0]
16 44 [0]
43 45 [0]
25 46 [0]
27 48 [0]
47 48 [1]
28 50 [0]
29 50 [0]
29 51 [0]
8 53 [0]
16 54 [0]
44 54 [1]
15 55 [0]
53 58 [0]
56 58 [0]
0 59 [1]
12 63 [0]
22 63 [1]
27 65 [0]
38 65 [0]
47 65 [1]
48 65 [0]
30 66 [0]
0 69 [1]
13 69 [0]
56 69 [0]
4 70 [1]
12 73 [0]
51 74 [0]
29 75 [0]
50 75 [1]
70 75 [0]
28 76 [0]
10 80 [1]
37 80 [1]
76 80 [0]
77 82 [0]
28 83 [0]
50 83 [0]
66 85 [0]
6 89 [0]
88 89 [0]
18 91 [1]
12 92 [0]
63 92 [0]
73 92 [0]
1 93 [1]
36 93 [0]
73 93 [0]
26 94 [0]
41 95 [0]
41 99 [1]
95 99 [0]
38 100 [0]
47 101 [0]
64 101 [0]
65 101 [1]
90 102 [0]
31 103 [0]
39 103 [0]
45 108 [0]
79 108 [0]
9 110 [1]
49 110 [0]
34 111 [0]
31 112 [1]
48 112 [1]
54 112 [1]
103 112 [0]
39 114 [0]
48 114 [0]
98 114 [0]
103 114 [0]
112 114 [0]
39 115 [1]
103 115 [1]
66 116 [1]
30 117 [1]
66 117 [1]
84 118 [0]
84 119 [0]
118 119 [0]
4 121 [1]
29 121 [1]
51 121 [1]
70 121 [1]
75 121 [1]
65 122 [1]
111 122 [1]
38 123 [0]
65 123 [1]
100 123 [0]
111 123 [1]
122 123 [1]
107 124 [0]
16 126 [0]
78 126 [0]
79 127 [1]
25 129 [0]
46 129 [0]
0 131 [1]
13 131 [0]
59 131 [0]
69 131 [1]
1 132 [1]
2 133 [0]
11 133 [0]
50 133 [0]
81 133 [0]
82 133 [1]
83 133 [0]
35 135 [0]
49 135 [0]
110 135 [0]
41 136 [0]
95 136 [0]
99 136 [0]
41 137 [0]
99 137 [1]
135 137 [0]
109 138 [0]
31 140 [1]
44 140 [0]
54 140 [1]
112 140 [1]
31 142 [1]
103 142 [1]
112 142 [1]
103 143 [1]
46 146 [1]
46 147 [0]
57 148 [1]
0 149 [1]
8 149 [0]
62 150 [0]
18 151 [0]
62 151 [1]
91 151 [0]
141 152 [0]
103 153 [1]
115 153 [0]
20 154 [0]
49 154 [0]
110 154 [0]
129 154 [0]
34 155 [0]
147 155 [1]
52 156 [0]
52 157 [0]
66 157 [1]
117 157 [0]
69 158 [0]
148 158 [0]
69 159 [0]
88 160 [1]
89 160 [1]
88 161 [0]
53 162 [0]
56 162 [0]
58 162 [1]
69 162 [0]
158 162 [0]
53 163 [0]
56 163 [0]
58 163 [0]
69 163 [0]
137 164 [1]
143 164 [1]
31 165 [1]
103 165 [1]
143 165 [0]
87 166 [0]
9 167 [0]
86 167 [0]
77 170 [0]
81 170 [1]
82 170 [0]
133 170 [1]
32 171 [0]
83 171 [0]
133 171 [0]
72 172 [0]
6 173 [1]
89 173 [1]
116 174 [0]
168 174 [0]
52 175 [0]
116 175 [0]
156 175 [0]
144 176 [0]
31 177 [1]
60 178 [0]
61 178 [0]
17 180 [0]
17 181 [0]
52 181 [0]
156 181 [0]
157 181 [0]
180 181 [0]
18 182 [0]
145 182 [0]
91 183 [0]
145 183 [1]
97 184 [0]
161 184 [0]
130 187 [0]
53 188 [0]
54 188 [0]
59 188 [0]
131 188 [0]
163 188 [1]
186 188 [1]
19 189 [0]
30 189 [1]
52 189 [1]
117 189 [1]
157 189 [1]
104 190 [0]
60 192 [1]
178 192 [1]
102 193 [0]
119 193 [0]
178 193 [1]
134 194 [0]
107 195 [0]
99 197 [1]
0 198 [1]
69 198 [1]
149 198 [1]
0 199 [0]
36 199 [0]
93 199 [0]
87 200 [0]
166 200 [0]
35 201 [1]
87 201 [1]
110 201 [0]
135 201 [0]
89 202 [1]
160 202 [0]
173 202 [0]
33 203 [0]
88 203 [0]
160 203 [0]
202 203 [0]
15 204 [0]
55 204 [1]
179 204 [0]
16 205 [0]
138 205 [1]
28 206 [1]
83 206 [0]
107 208 [0]
194 208 [1]
23 209 [0]
134 209 [0]
102 210 [0]
177 210 [0]
193 210 [0]
44 211 [0]
55 211 [0]
144 211 [0]
176 211 [1]
68 212 [0]
68 213 [0]
130 213 [0]
186 213 [1]
187 213 [0]
32 214 [1]
0 215 [1]
1 215 [1]
77 215 [0]
82 215 [0]
79 216 [0]
108 216 [0]
127 216 [1]
90 218 [0]
102 218 [0]
144 218 [1]
176 218 [1]
90 219 [0]
102 219 [0]
176 219 [1]
193 219 [0]
218 219 [0]
191 220 [0]
24 221 [0]
109 221 [1]
190 221 [0]
103 222 [1]
153 222 [0]
164 222 [0]
137 223 [0]
143 223 [0]
152 223 [1]
164 223 [1]
171 224 [1]
214 224 [0]
215 225 [0]
18 226 [0]
91 226 [0]
183 226 [0]
145 227 [1]
183 227 [0]
124 228 [0]
195 228 [0]
7 229 [0]
107 229 [0]
124 229 [0]
172 229 [1]
228 229 [1]
156 230 [0]
180 230 [0]
181 230 [0]
169 231 [1]
185 233 [0]
148 234 [1]
158 235 [0]
91 236 [0]
145 236 [0]
183 236 [1]
193 236 [0]
210 236 [0]
84 237 [0]
91 237 [0]
118 237 [0]
119 237 [0]
193 237 [0]
236 237 [0]
38 238 [1]
64 238 [0]
65 238 [1]
101 238 [0]
25 239 [1]
47 239 [0]
101 239 [0]
105 240 [1]
179 240 [0]
204 240 [1]
42 241 [0]
60 241 [0]
178 241 [0]
192 241 [1]
30 242 [0]
66 242 [0]
79 242 [0]
85 242 [0]
127 242 [0]
61 243 [0]
91 243 [0]
118 243 [0]
119 243 [1]
178 243 [1]
193 243 [1]
237 243 [0]
68 244 [0]
212 244 [0]
68 245 [0]
188 245 [1]
212 245 [1]
13 246 [0]
186 246 [0]
213 246 [0]
68 247 [0]
186 247 [1]
188 247 [1]
212 247 [1]
213 247 [1]
244 247 [1]
245 247 [1]
171 248 [0]
207 249 [0]
17 250 [0]
169 250 [1]
180 250 [1]
230 250 [0]
231 250 [1]
156 251 [0]
169 251 [0]
230 251 [0]
250 251 [0]
20 252 [0]
110 252 [0]
154 252 [1]
20 253 [0]
34 253 [0]
129 253 [1]
155 253 [0]
252 253 [0]
145 254 [1]
182 254 [0]
227 254 [0]
31 255 [1]
145 255 [0]
165 255 [1]
177 255 [1]
210 255 [1]
236 255 [0]
5 256 [1]
34 256 [0]
98 256 [0]
27 257 [1]
34 257 [0]
113 258 [0]
183 258 [0]
226 258 [0]
227 258 [1]
145 259 [1]
227 259 [0]
254 259 [0]
44 260 [0]
140 260 [0]
144 260 [0]
211 260 [0]
144 261 [0]
177 261 [1]
23 262 [1]
134 262 [0]
209 262 [0]
23 263 [1]
125 263 [0]
32 264 [1]
37 265 [0]
132 265 [0]
215 266 [0]
225 266 [0]
60 268 [1]
192 268 [0]
241 268 [1]
60 269 [1]
178 269 [1]
193 269 [0]
219 269 [0]
241 269 [1]
24 270 [0]
179 270 [0]
191 270 [0]
220 270 [0]
221 270 [0]
42 271 [1]
219 271 [0]
241 271 [1]
269 271 [0]
69 272 [1]
159 272 [0]
198 272 [0]
235 272 [1]
57 273 [0]
148 273 [0]
171 274 [0]
224 274 [0]
83 275 [0]
171 275 [0]
206 275 [1]
106 276 [0]
18 277 [0]
21 277 [1]
125 277 [0]
223 277 [0]
18 278 [1]
151 278 [1]
106 279 [0]
150 279 [0]
151 279 [1]
276 279 [0]
25 280 [1]
38 280 [1]
46 280 [1]
64 280 [1]
101 280 [0]
146 280 [0]
238 280 [0]
239 280 [0]
48 281 [1]
112 281 [1]
71 282 [0]
120 282 [0]
51 283 [0]
34 284 [0]
111 284 [1]
147 284 [1]
155 284 [1]
34 285 [0]
41 285 [0]
95 285 [0]
99 285 [1]
110 285 [0]
197 285 [0]
252 285 [0]
253 285 [0]
3 286 [0]
6 286 [0]
88 286 [0]
89 286 [0]
3 287 [0]
14 287 [0]
286 287 [0]
32 288 [0]
171 288 [1]
214 288 [1]
224 288 [1]
32 290 [0]
207 290 [0]
132 291 [1]
81 292 [0]
170 292 [0]
267 292 [1]
81 293 [0]
133 293 [0]
171 293 [0]
248 293 [0]
290 293 [0]
291 293 [0]
292 293 [1]
185 294 [0]
233 294 [1]
232 295 [1]
248 296 [0]
274 296 [0]
32 297 [1]
214 297 [1]
289 297 [0]
290 297 [0]
7 298 [1]
22 298 [1]
106 298 [0]
279 298 [0]
0 299 [1]
22 299 [1]
59 299 [0]
63 299 [1]
67 299 [0]
73 299 [1]
92 299 [0]
93 299 [1]
151 299 [0]
199 299 [0]
279 299 [0]
298 299 [0]
51 300 [1]
74 300 [1]
283 300 [0]
51 301 [0]
74 301 [0]
88 301 [0]
121 301 [1]
161 301 [1]
184 301 [1]
283 301 [0]
286 301 [1]
300 301 [1]
25 302 [1]
47 302 [0]
48 302 [1]
49 302 [0]
239 302 [0]
281 302 [0]
49 303 [0]
54 303 [0]
112 303 [1]
72 304 [0]
172 304 [0]
228 304 [1]
229 304 [1]
72 305 [0]
172 305 [1]
229 305 [0]
132 306 [0]
291 306 [0]
293 306 [0]
132 307 [0]
290 307 [1]
306 307 [0]
87 309 [1]
110 309 [0]
201 309 [0]
140 310 [0]
260 310 [0]
31 311 [1]
112 311 [1]
140 311 [1]
32 312 [1]
171 312 [1]
206 312 [0]
264 312 [0]
275 312 [0]
37 313 [0]
76 313 [0]
80 313 [1]
264 313 [1]
312 313 [1]
55 314 [0]
15 315 [0]
204 315 [0]
205 315 [0]
26 316 [1]
196 316 [0]
26 317 [0]
39 317 [1]
115 317 [0]
316 317 [1]
17 318 [1]
180 318 [1]
250 318 [1]
17 319 [0]
66 319 [1]
157 319 [0]
181 319 [0]
42 320 [1]
139 320 [0]
61 321 [0]
151 322 [0]
62 323 [0]
150 323 [0]
151 323 [0]
279 323 [0]
16 324 [0]
109 324 [0]
126 324 [1]
138 324 [0]
205 324 [0]
24 325 [0]
138 325 [1]
204 325 [0]
205 325 [1]
52 326 [1]
175 326 [0]
17 327 [0]
66 327 [1]
116 327 [0]
156 327 [0]
169 327 [0]
175 327 [0]
231 327 [0]
250 327 [0]
251 327 [0]
319 327 [0]
12 328 [1]
63 328 [1]
73 328 [1]
173 328 [0]
6 329 [0]
14 329 [0]
304 329 [0]
78 330 [0]
126 330 [1]
78 331 [0]
108 331 [0]
126 331 [0]
127 331 [0]
216 331 [0]
99 332 [1]
115 332 [0]
197 332 [1]
26 333 [0]
34 333 [1]
115 333 [0]
197 333 [1]
256 333 [1]
285 333 [1]
317 333 [0]
332 333 [1]
40 334 [0]
200 334 [0]
86 335 [0]
128 335 [0]
167 335 [1]
6 337 [0]
72 337 [1]
173 337 [0]
304 337 [1]
305 337 [0]
329 337 [0]
26 338 [0]
94 338 [0]
98 338 [1]
114 338 [1]
5 339 [0]
98 339 [0]
256 339 [0]
176 340 [1]
219 340 [0]
271 340 [1]
42 341 [0]
105 341 [0]
179 341 [0]
240 341 [0]
270 341 [0]
321 341 [0]
107 342 [0]
195 342 [0]
208 342 [0]
228 342 [1]
304 342 [1]
329 342 [0]
107 343 [0]
124 343 [0]
195 343 [0]
228 343 [0]
71 344 [0]
96 344 [1]
282 344 [1]
29 345 [1]
51 345 [1]
96 345 [0]
283 345 [1]
42 346 [1]
105 346 [1]
271 346 [1]
340 346 [0]
341 346 [1]
55 347 [1]
105 347 [1]
176 347 [1]
211 347 [1]
240 347 [1]
340 347 [0]
346 347 [0]
207 349 [0]
249 349 [0]
290 349 [0]
293 349 [0]
306 349 [0]
248 350 [1]
289 350 [0]
290 350 [0]
293 350 [0]
296 350 [1]
297 350 [0]
171 351 [1]
248 351 [1]
274 351 [1]
296 351 [1]
9 352 [1]
41 352 [1]
285 352 [1]
35 353 [1]
87 353 [1]
201 353 [1]
308 353 [0]
14 354 [0]
286 354 [0]
287 354 [1]
8 355 [0]
14 355 [0]
49 355 [0]
53 355 [0]
54 355 [0]
134 355 [1]
135 355 [0]
188 355 [0]
303 355 [0]
329 355 [0]
291 357 [1]
356 357 [0]
113 358 [0]
226 358 [1]
258 358 [1]
18 359 [0]
113 359 [0]
182 359 [1]
226 359 [1]
227 359 [1]
254 359 [1]
258 359 [0]
358 359 [0]
57 360 [0]
148 360 [1]
158 360 [0]
235 360 [0]
273 360 [0]
57 361 [0]
69 361 [1]
159 361 [0]
235 361 [1]
272 361 [1]
360 361 [0]
66 362 [1]
85 362 [1]
116 362 [0]
168 362 [0]
66 363 [1]
116 363 [0]
327 363 [0]
20 364 [0]
129 364 [1]
253 364 [0]
147 365 [1]
155 365 [1]
253 365 [0]
18 366 [0]
141 366 [1]
145 366 [1]
165 366 [0]
182 366 [0]
255 366 [0]
277 366 [0]
143 367 [0]
152 367 [0]
165 367 [1]
223 367 [0]
366 367 [0]
12 368 [0]
63 368 [0]
92 368 [0]
7 369 [1]
22 369 [1]
63 369 [1]
229 369 [1]
24 370 [1]
104 370 [0]
109 370 [1]
138 370 [1]
190 370 [1]
221 370 [0]
325 370 [1]
104 371 [0]
109 371 [1]
190 371 [0]
221 371 [0]
370 371 [0]
109 372 [1]
126 372 [1]
217 372 [0]
221 372 [0]
270 372 [0]
321 372 [0]
324 372 [1]
341 372 [0]
79 373 [1]
108 373 [1]
242 373 [1]
372 373 [1]
32 374 [1]
37 374 [0]
132 374 [1]
264 374 [0]
265 374 [0]
290 374 [1]
307 374 [0]
313 374 [0]
1 375 [1]
73 375 [1]
93 375 [1]
132 375 [0]
265 375 [0]
328 375 [0]
134 376 [0]
135 376 [1]
137 376 [1]
35 377 [1]
41 377 [1]
135 377 [1]
137 377 [1]
308 377 [0]
353 377 [0]
141 378 [0]
152 378 [0]
223 378 [0]
277 378 [0]
366 378 [0]
141 379 [0]
152 379 [0]
366 379 [0]
367 379 [0]
187 380 [0]
213 380 [0]
246 380 [1]
130 381 [0]
151 382 [1]
278 382 [0]
322 382 [0]
18 383 [1]
277 383 [1]
278 383 [0]
322 383 [1]
382 383 [1]
88 384 [0]
161 384 [0]
184 384 [1]
232 384 [0]
10 385 [0]
29 385 [0]
50 385 [0]
97 385 [0]
233 385 [0]
16 386 [0]
30 386 [0]
54 386 [0]
126 386 [1]
127 386 [1]
188 386 [0]
189 386 [0]
242 386 [0]
331 386 [1]
61 387 [0]
242 387 [1]
321 387 [0]
49 388 [0]
112 388 [1]
281 388 [0]
302 388 [0]
303 388 [0]
25 389 [1]
49 389 [0]
129 389 [1]
154 389 [0]
302 389 [0]
21 390 [1]
277 390 [1]
383 390 [0]
21 391 [1]
207 392 [1]
249 392 [1]
290 392 [1]
348 392 [0]
307 393 [0]
348 393 [0]
0 394 [1]
4 394 [1]
11 394 [0]
82 394 [1]
133 394 [0]
215 394 [1]
4 395 [1]
8 395 [0]
14 395 [0]
121 395 [1]
286 395 [1]
301 395 [1]
354 395 [0]
355 395 [0]
26 396 [0]
94 396 [0]
196 396 [0]
316 396 [0]
39 397 [1]
94 397 [0]
114 397 [1]
196 397 [0]
316 397 [1]
317 397 [1]
338 397 [0]
396 397 [0]
15 398 [0]
55 398 [0]
314 398 [0]
15 399 [0]
16 399 [0]
44 399 [0]
55 399 [0]
205 399 [0]
211 399 [0]
314 399 [1]
315 399 [0]
398 399 [1]
9 400 [1]
110 400 [1]
285 400 [1]
352 400 [0]
9 401 [1]
41 401 [1]
167 401 [1]
308 401 [1]
352 401 [0]
377 401 [0]
291 402 [1]
292 402 [1]
293 402 [1]
357 402 [0]
215 403 [1]
225 403 [1]
357 403 [0]
62 404 [0]
150 404 [0]
151 404 [0]
322 404 [0]
21 405 [1]
276 405 [0]
322 405 [1]
383 405 [1]
390 405 [1]
391 405 [1]
404 405 [0]
215 407 [1]
267 407 [0]
356 407 [0]
403 407 [0]
99 408 [1]
115 408 [0]
137 408 [1]
153 408 [0]
164 408 [0]
222 408 [0]
332 408 [1]
103 409 [1]
143 409 [0]
164 409 [0]
222 409 [0]
185 410 [0]
233 410 [1]
294 410 [0]
385 410 [0]
233 411 [1]
294 411 [1]
217 412 [0]
321 412 [0]
372 412 [0]
217 413 [1]
242 413 [1]
321 413 [1]
372 413 [1]
373 413 [0]
387 413 [0]
412 413 [1]
24 414 [1]
191 414 [1]
220 414 [0]
270 414 [1]
24 415 [1]
179 415 [0]
191 415 [1]
204 415 [0]
270 415 [0]
325 415 [1]
414 415 [0]
97 416 [1]
184 416 [1]
232 416 [0]
295 416 [0]
384 416 [0]
97 417 [1]
232 417 [0]
295 417 [1]
384 417 [0]
385 417 [1]
416 417 [1]
356 418 [0]
357 418 [0]
402 418 [0]
406 418 [0]
267 419 [0]
292 419 [0]
356 419 [0]
407 419 [0]
19 420 [1]
61 420 [0]
85 420 [1]
387 420 [0]
85 421 [1]
242 421 [1]
387 421 [0]
420 421 [1]
13 422 [0]
69 422 [0]
163 422 [1]
246 422 [0]
380 422 [0]
13 423 [0]
131 423 [0]
186 423 [0]
188 423 [1]
246 423 [0]
356 424 [0]
406 424 [1]
418 424 [1]
292 425 [1]
356 425 [0]
402 425 [1]
406 425 [0]
418 425 [0]
419 425 [0]
424 425 [0]
214 426 [1]
224 426 [1]
289 426 [1]
297 426 [1]
224 427 [1]
274 427 [1]
289 427 [1]
296 427 [1]
350 427 [1]
426 427 [0]
31 428 [1]
140 428 [1]
144 428 [0]
177 428 [0]
260 428 [0]
261 428 [0]
310 428 [0]
102 429 [0]
144 429 [1]
177 429 [1]
210 429 [0]
218 429 [0]
261 429 [0]
204 430 [0]
205 430 [1]
315 430 [1]
325 430 [0]
55 431 [1]
204 431 [1]
240 431 [1]
347 431 [0]
71 432 [0]
96 432 [1]
29 433 [1]
97 433 [1]
184 433 [1]
301 433 [1]
345 433 [0]
385 433 [1]
43 434 [0]
108 434 [0]
126 434 [1]
372 434 [1]
373 434 [1]
78 435 [0]
126 435 [1]
330 435 [0]
331 435 [0]
434 435 [1]
125 436 [0]
209 436 [1]
263 436 [0]
23 437 [1]
125 437 [0]
134 437 [0]
137 437 [0]
223 437 [0]
262 437 [0]
263 437 [0]
277 437 [0]
376 437 [0]
42 438 [1]
61 438 [1]
139 438 [0]
178 438 [1]
241 438 [1]
320 438 [1]
321 438 [0]
42 439 [1]
139 439 [0]
320 439 [0]
321 439 [0]
341 439 [1]
438 439 [0]
19 440 [0]
61 440 [0]
67 440 [0]
91 440 [0]
151 440 [0]
189 440 [0]
243 440 [0]
299 440 [0]
420 440 [1]
19 441 [1]
52 441 [0]
189 441 [1]
326 441 [1]
420 441 [0]
67 442 [1]
188 442 [1]
189 442 [0]
386 442 [1]
440 442 [0]
59 443 [0]
67 443 [0]
188 443 [1]
299 443 [0]
442 443 [1]
21 444 [0]
125 444 [0]
134 444 [1]
209 444 [1]
277 444 [0]
436 444 [0]
23 445 [0]
209 445 [0]
263 445 [0]
436 445 [0]
132 446 [1]
225 446 [0]
266 446 [0]
291 446 [1]
357 446 [1]
403 446 [1]
1 447 [1]
132 447 [1]
215 447 [1]
266 447 [1]
446 447 [1]
28 448 [1]
76 448 [1]
80 448 [1]
28 449 [0]
76 449 [0]
206 449 [1]
312 449 [1]
313 449 [0]
86 450 [1]
167 450 [1]
308 450 [0]
401 450 [0]
86 451 [1]
87 451 [1]
308 451 [0]
353 451 [0]
450 451 [0]
96 452 [1]
120 452 [0]
282 452 [1]
344 452 [1]
96 453 [1]
120 453 [0]
282 453 [0]
283 453 [1]
301 453 [1]
345 453 [0]
433 453 [0]
452 453 [0]
71 454 [0]
96 454 [0]
344 454 [0]
432 454 [0]
71 455 [0]
96 455 [0]
282 455 [0]
345 455 [0]
432 455 [0]
433 455 [1]
453 455 [1]
7 456 [1]
21 456 [1]
107 456 [1]
134 456 [1]
194 456 [1]
208 456 [1]
229 456 [1]
391 456 [0]
444 456 [1]
134 457 [0]
194 457 [1]
208 457 [1]
329 457 [0]
342 457 [1]
355 457 [0]
173 458 [1]
328 458 [1]
336 458 [0]
336 459 [0]
458 459 [0]
135 460 [1]
137 460 [1]
377 460 [0]
134 461 [0]
135 461 [1]
355 461 [1]
376 461 [0]
148 462 [1]
234 462 [0]
57 463 [0]
69 463 [1]
148 463 [1]
234 463 [0]
361 463 [0]
462 463 [0]
40 464 [0]
86 464 [0]
87 464 [1]
128 464 [0]
200 464 [0]
335 464 [0]
451 464 [1]
9 465 [0]
40 465 [0]
87 465 [1]
110 465 [0]
128 465 [0]
166 465 [0]
167 465 [0]
309 465 [0]
335 465 [0]
464 465 [0]
46 466 [1]
111 466 [1]
146 466 [0]
147 466 [1]
284 466 [1]
38 467 [1]
100 467 [1]
111 467 [1]
123 467 [1]
146 467 [0]
280 467 [0]
466 467 [0]
2 468 [1]
4 468 [1]
11 468 [1]
2 469 [1]
4 469 [1]
50 469 [1]
70 469 [1]
75 469 [0]
133 469 [1]
468 469 [1]
290 470 [1]
307 470 [0]
348 470 [1]
392 470 [0]
393 470 [0]
249 471 [1]
306 471 [0]
307 471 [1]
348 471 [1]
349 471 [0]
392 471 [1]
393 471 [1]
116 472 [0]
168 472 [1]
174 472 [1]
362 472 [0]
85 473 [1]
116 473 [0]
168 473 [0]
174 473 [0]
175 473 [0]
326 473 [0]
362 473 [1]
420 473 [0]
441 473 [1]
163 474 [1]
188 474 [1]
380 474 [0]
381 474 [1]
422 474 [1]
68 475 [0]
188 475 [1]
213 475 [0]
245 475 [0]
474 475 [0]
8 476 [0]
53 476 [0]
149 476 [1]
158 476 [1]
162 476 [0]
198 476 [1]
235 476 [0]
272 476 [1]
69 477 [1]
148 477 [1]
158 477 [0]
462 477 [0]
463 477 [0]
130 478 [0]
187 478 [1]
380 478 [1]
381 478 [0]
474 478 [1]
130 479 [0]
213 479 [0]
381 479 [0]
474 479 [1]
475 479 [0]
33 480 [0]
202 480 [0]
203 480 [0]
294 480 [1]
411 480 [1]
33 481 [1]
88 481 [0]
203 481 [0]
233 481 [1]
384 481 [0]
385 481 [1]
411 481 [0]
417 481 [1]
480 481 [1]
27 482 [0]
34 482 [0]
65 482 [0]
111 482 [0]
122 482 [1]
257 482 [0]
5 483 [0]
27 483 [0]
34 483 [0]
48 483 [0]
98 483 [0]
114 483 [0]
257 483 [0]
339 483 [0]
10 484 [0]
28 484 [1]
50 484 [1]
80 484 [1]
385 484 [0]
448 484 [0]
10 485 [0]
37 485 [0]
173 485 [0]
202 485 [0]
265 485 [0]
294 485 [0]
328 485 [0]
375 485 [0]
385 485 [1]
410 485 [0]
480 485 [0]
197 486 [1]
332 486 [1]
333 486 [1]
26 487 [0]
98 487 [1]
256 487 [1]
333 487 [1]
338 487 [0]
20 488 [0]
129 488 [1]
154 488 [0]
364 488 [0]
46 489 [1]
129 489 [1]
147 489 [1]
253 489 [0]
365 489 [0]
43 490 [1]
45 490 [1]
108 490 [1]
434 490 [1]
43 491 [1]
45 491 [1]
108 491 [1]
331 491 [1]
434 491 [1]
435 491 [1]
150 492 [0]
276 492 [1]
279 492 [0]
404 492 [1]
405 492 [1]
7 493 [1]
106 493 [0]
276 493 [0]
298 493 [0]
391 493 [0]
405 493 [0]
456 493 [0]
77 494 [1]
170 494 [0]
215 494 [1]
267 494 [0]
292 494 [0]
407 494 [0]
356 495 [0]
357 495 [1]
403 495 [0]
407 495 [0]
40 496 [1]
166 496 [1]
200 496 [1]
334 496 [1]
465 496 [1]
40 497 [1]
200 497 [1]
334 497 [1]
464 497 [1]
173 498 [0]
336 498 [1]
337 498 [0]
458 498 [0]
459 498 [0]
63 499 [1]
229 499 [1]
305 499 [0]
328 499 [1]
337 499 [0]
369 499 [0]
458 499 [1]
459 499 [1]
498 499 [0]
