30
2
8
5
2
0
3
4
6
9
11
13
16
18
23
25
19
10
15
17
26
1
7
12
14
20
28
29
24
21
22
27
0 2 [1]
1 2 [0]
0 3 [1]
2 3 [1]
2 4 [1]
3 4 [1]
2 5 [1]
4 5 [1]
3 6 [0]
4 6 [0]
2 7 [0]
5 7 [1]
5 8 [1]
7 8 [1]
4 9 [1]
6 9 [0]
4 10 [1]
5 10 [1]
6 11 [0]
9 11 [0]
2 12 [0]
7 12 [0]
6 13 [0]
11 13 [1]
2 14 [0]
7 14 [1]
4 15 [1]
5 15 [1]
6 16 [0]
13 16 [0]
5 17 [1]
15 17 [0]
13 18 [1]
16 18 [0]
9 19 [1]
11 19 [1]
7 20 [1]
14 20 [1]
2 21 [0]
5 21 [1]
2 22 [0]
21 22 [1]
13 23 [1]
16 23 [0]
7 24 [1]
14 24 [0]
11 25 [1]
13 25 [1]
5 26 [1]
15 26 [0]
2 27 [0]
21 27 [1]
7 28 [1]
20 28 [1]
7 29 [1]
20 29 [0]
