800
10
71
31
1
0
2
3
5
10
4
8
19
7
14
41
15
12
18
6
17
11
13
16
23
20
43
55
54
90
46
22
35
62
44
32
28
39
67
34
9
25
21
60
29
38
26
47
52
27
70
108
63
36
30
42
72
57
37
66
64
50
61
56
40
24
73
75
76
69
33
53
68
74
111
84
49
98
95
81
51
83
122
65
82
186
59
114
155
79
103
137
87
88
113
221
127
48
139
97
78
93
136
102
99
115
116
175
96
58
86
89
132
118
91
109
151
110
121
178
129
158
182
106
94
117
85
131
156
140
100
224
92
104
77
126
146
130
134
148
179
173
201
120
162
166
159
169
165
192
45
133
163
107
149
124
164
193
128
172
145
112
144
214
143
251
135
183
174
181
219
311
180
239
208
167
202
147
80
150
141
168
191
198
123
152
203
223
216
197
101
206
271
200
199
125
160
177
190
157
204
247
154
170
217
262
242
119
184
233
176
254
196
220
258
210
249
171
283
185
270
241
275
252
234
195
297
205
290
189
226
187
138
142
230
215
320
336
236
339
421
352
188
263
265
299
237
212
261
105
213
194
354
235
232
266
385
331
257
304
218
222
264
207
274
244
282
268
153
292
248
227
245
228
231
350
286
287
294
424
273
371
238
211
256
280
284
295
380
308
401
387
314
317
267
281
388
300
291
243
209
225
315
302
330
276
313
296
293
279
312
335
332
321
161
325
260
278
430
255
404
298
307
269
343
334
323
322
316
526
344
246
326
446
310
259
379
328
337
389
351
341
364
447
468
346
434
372
356
229
250
464
368
415
373
374
400
338
277
426
253
360
367
479
306
382
476
614
361
440
375
358
289
443
392
329
377
453
345
528
301
396
340
470
525
390
357
548
469
399
318
342
309
348
303
386
384
516
412
445
500
521
363
414
410
423
359
395
391
381
362
406
366
561
378
333
456
419
461
394
438
353
487
598
347
454
538
393
288
486
452
542
417
397
413
370
285
603
600
240
327
449
451
458
405
441
498
488
580
484
540
365
398
607
527
730
578
519
496
555
517
536
467
523
477
539
448
529
408
427
489
272
428
768
319
568
473
462
376
437
481
541
494
444
612
524
547
355
613
569
305
641
455
411
418
533
425
515
501
436
678
416
431
407
324
493
472
450
550
499
349
369
511
492
383
636
594
471
478
482
442
571
604
422
545
584
648
402
714
506
553
677
567
530
502
708
483
534
505
615
570
433
475
497
459
495
596
572
463
480
466
739
556
585
474
409
465
457
644
551
649
520
681
635
544
638
783
514
535
429
512
439
531
566
631
507
543
592
562
546
722
563
640
503
655
432
798
699
673
549
590
643
491
660
518
595
587
559
558
754
504
460
620
639
573
589
581
676
420
522
510
642
688
759
490
683
633
704
626
593
646
662
669
747
732
684
608
532
601
675
645
729
765
632
779
509
679
508
617
557
610
726
577
574
664
671
576
565
782
670
694
760
707
575
672
685
618
564
554
709
650
680
703
591
775
435
682
513
692
691
583
537
403
777
724
579
710
743
793
625
622
712
605
751
582
623
780
740
602
658
674
715
661
597
621
630
637
719
753
657
742
628
706
794
668
781
786
791
767
701
734
654
711
720
755
485
687
689
627
795
797
764
787
756
733
700
717
702
718
552
667
738
616
723
769
606
693
624
741
789
792
735
713
716
656
749
748
774
758
659
666
609
663
778
736
766
744
763
799
776
647
745
653
586
773
790
731
727
721
560
629
698
588
690
634
599
696
697
788
737
772
665
761
752
725
757
705
771
785
728
651
652
611
746
686
762
695
619
784
796
750
770
0 1 [0]
0 2 [0]
0 3 [0]
0 4 [0]
0 5 [0]
2 3 [0]
2 4 [0]
3 5 [0]
2 7 [0]
1 3 [5]
0 10 [0]
4 8 [0]
1 12 [0]
4 10 [0]
0 6 [8]
1 6 [8]
5 10 [0]
0 15 [0]
2 6 [8]
3 6 [8]
1 9 [8]
0 19 [0]
3 10 [7]
1 11 [8]
0 13 [8]
2 19 [0]
7 14 [0]
2 12 [8]
6 17 [0]
11 13 [0]
6 18 [0]
3 15 [8]
7 19 [0]
12 15 [0]
8 19 [0]
3 16 [8]
11 17 [0]
0 20 [8]
0 21 [8]
4 17 [8]
13 16 [0]
12 18 [0]
4 18 [8]
1 24 [5]
5 19 [8]
1 31 [0]
7 21 [5]
3 25 [5]
5 20 [8]
5 24 [5]
9 25 [0]
10 16 [8]
4 22 [8]
1 25 [8]
4 26 [5]
0 28 [8]
4 27 [5]
2 30 [5]
7 25 [5]
1 28 [8]
7 26 [5]
8 25 [5]
11 19 [8]
6 27 [5]
7 23 [8]
16 23 [0]
12 22 [5]
13 22 [5]
12 20 [8]
17 18 [5]
0 32 [8]
0 36 [5]
17 23 [1]
10 23 [8]
0 34 [8]
1 37 [5]
0 38 [5]
12 26 [5]
9 34 [0]
3 32 [8]
20 23 [0]
2 36 [5]
6 32 [5]
8 30 [5]
11 28 [5]
17 22 [5]
2 35 [8]
11 29 [5]
3 37 [5]
12 28 [5]
3 35 [8]
21 25 [0]
15 31 [0]
4 37 [5]
1 40 [5]
16 26 [5]
9 29 [9]
17 25 [5]
3 39 [5]
5 38 [5]
10 33 [5]
7 33 [9]
5 39 [5]
4 40 [5]
19 23 [8]
22 23 [5]
7 39 [5]
7 44 [1]
1 43 [8]
10 38 [5]
18 30 [5]
8 40 [5]
16 32 [5]
4 41 [8]
10 39 [5]
14 41 [0]
3 44 [8]
23 28 [5]
15 41 [0]
2 46 [8]
19 32 [5]
22 35 [0]
1 51 [5]
17 36 [5]
6 47 [5]
23 26 [9]
20 31 [8]
3 52 [5]
25 26 [9]
28 32 [0]
16 39 [5]
13 45 [3]
5 48 [9]
20 43 [0]
12 46 [5]
2 54 [8]
24 40 [0]
26 38 [0]
6 50 [9]
23 33 [9]
30 36 [0]
7 51 [9]
15 47 [5]
28 39 [0]
29 38 [0]
6 58 [3]
22 46 [0]
0 59 [9]
20 45 [3]
4 60 [5]
11 49 [9]
7 57 [5]
8 57 [5]
25 37 [9]
6 56 [9]
2 64 [5]
1 62 [8]
30 42 [0]
7 60 [5]
23 44 [5]
16 47 [9]
1 66 [5]
26 47 [0]
27 41 [5]
32 39 [2]
18 55 [1]
9 57 [9]
7 63 [5]
15 55 [5]
32 44 [0]
14 53 [9]
5 66 [5]
3 68 [5]
7 64 [5]
10 58 [9]
2 70 [5]
30 38 [9]
3 69 [5]
0 73 [5]
7 66 [5]
5 69 [5]
14 60 [5]
10 64 [5]
27 52 [0]
9 68 [3]
14 58 [9]
22 50 [9]
6 70 [5]
4 72 [5]
21 60 [0]
6 66 [9]
32 48 [3]
5 73 [5]
0 80 [3]
6 68 [9]
38 41 [5]
10 69 [5]
1 80 [3]
16 59 [9]
6 69 [9]
17 62 [5]
13 67 [5]
4 76 [5]
2 80 [3]
6 77 [3]
18 59 [9]
33 53 [0]
11 70 [5]
22 57 [9]
9 70 [9]
36 45 [7]
6 80 [3]
29 60 [0]
36 50 [3]
8 76 [5]
3 77 [9]
36 51 [3]
9 72 [9]
10 75 [5]
19 66 [5]
40 41 [9]
41 44 [5]
4 78 [9]
36 52 [3]
15 68 [9]
39 44 [9]
17 66 [9]
2 82 [9]
6 78 [9]
37 57 [0]
14 77 [3]
6 79 [9]
40 52 [3]
23 63 [9]
44 48 [3]
11 75 [9]
13 73 [9]
40 56 [0]
0 87 [9]
4 84 [9]
24 73 [0]
22 66 [9]
27 70 [0]
35 62 [0]
7 82 [9]
26 63 [9]
41 52 [5]
2 87 [9]
17 72 [9]
43 55 [0]
10 84 [5]
11 85 [3]
12 78 [9]
6 84 [9]
47 52 [0]
36 63 [0]
10 81 [9]
34 67 [0]
13 85 [3]
31 71 [0]
33 69 [0]
1 92 [9]
8 85 [9]
41 53 [9]
21 79 [3]
18 76 [9]
2 92 [9]
11 83 [9]
26 74 [3]
12 90 [1]
37 66 [0]
40 60 [3]
7 88 [9]
23 72 [9]
2 93 [9]
44 58 [3]
14 83 [9]
44 62 [0]
24 80 [2]
47 58 [1]
39 67 [0]
46 58 [3]
21 83 [3]
23 76 [9]
17 82 [9]
2 97 [9]
27 78 [3]
2 105 [1]
16 83 [9]
15 84 [9]
16 84 [9]
54 55 [0]
33 71 [5]
28 73 [9]
6 95 [9]
38 69 [3]
50 61 [0]
3 99 [9]
41 61 [9]
4 99 [9]
25 80 [7]
20 84 [9]
6 104 [3]
42 72 [0]
51 60 [3]
36 77 [1]
27 86 [1]
50 64 [0]
22 89 [3]
27 80 [7]
38 74 [3]
2 104 [9]
49 63 [3]
44 63 [9]
34 79 [3]
10 97 [9]
52 61 [3]
1 111 [5]
22 92 [3]
23 91 [3]
56 61 [0]
10 99 [9]
11 104 [3]
5 104 [9]
0 110 [9]
11 99 [9]
4 106 [9]
29 87 [3]
58 60 [1]
55 60 [5]
12 99 [9]
55 56 [9]
2 109 [9]
21 96 [3]
53 68 [0]
6 112 [3]
28 92 [1]
19 94 [9]
24 97 [1]
14 99 [9]
27 93 [3]
24 92 [7]
56 65 [3]
5 110 [9]
18 97 [9]
2 114 [9]
20 102 [3]
13 109 [3]
23 99 [3]
0 116 [9]
28 95 [3]
0 123 [3]
5 113 [9]
4 120 [3]
20 104 [3]
0 118 [9]
56 62 [9]
1 123 [3]
35 89 [3]
12 112 [3]
21 105 [2]
6 113 [9]
15 108 [5]
9 112 [7]
46 74 [9]
47 79 [3]
2 124 [3]
57 72 [0]
4 116 [9]
55 66 [9]
56 73 [1]
9 118 [3]
64 66 [0]
6 115 [9]
30 100 [1]
4 118 [9]
24 105 [2]
31 91 [9]
2 121 [9]
60 63 [9]
43 86 [3]
51 81 [0]
14 109 [9]
41 82 [9]
28 104 [1]
49 84 [0]
15 109 [9]
16 108 [9]
7 117 [9]
6 124 [3]
31 98 [5]
4 121 [9]
51 83 [0]
46 85 [3]
3 128 [3]
28 103 [3]
32 99 [3]
35 97 [3]
24 104 [7]
11 121 [3]
46 90 [0]
41 86 [9]
15 113 [9]
35 99 [3]
14 120 [3]
47 89 [1]
24 107 [7]
37 100 [1]
40 95 [3]
52 85 [1]
27 110 [1]
52 86 [1]
9 129 [1]
25 111 [3]
20 111 [9]
60 78 [3]
0 138 [3]
27 107 [7]
7 131 [3]
19 113 [9]
21 119 [1]
68 74 [0]
44 96 [3]
21 121 [1]
52 88 [3]
3 131 [9]
51 85 [7]
56 80 [7]
7 127 [9]
55 86 [3]
32 109 [3]
47 96 [1]
54 90 [0]
8 133 [3]
58 86 [0]
13 128 [3]
43 99 [3]
51 93 [1]
46 96 [3]
69 76 [0]
1 141 [3]
10 127 [9]
14 125 [7]
3 142 [1]
60 85 [1]
22 121 [3]
16 128 [3]
37 109 [1]
3 141 [3]
65 82 [0]
52 94 [1]
33 111 [3]
49 98 [0]
7 132 [9]
73 75 [0]
71 72 [5]
72 73 [3]
61 86 [1]
20 126 [3]
50 92 [7]
50 90 [9]
0 140 [9]
15 131 [3]
6 140 [3]
21 126 [3]
2 145 [3]
53 96 [1]
7 142 [1]
31 114 [5]
40 104 [7]
9 139 [3]
75 76 [0]
17 131 [3]
1 147 [3]
4 139 [9]
2 147 [3]
34 115 [3]
38 107 [7]
14 135 [3]
47 103 [3]
35 115 [3]
10 142 [1]
21 125 [7]
12 132 [9]
4 140 [9]
0 150 [3]
20 130 [3]
34 117 [3]
8 143 [3]
34 119 [1]
1 150 [3]
53 94 [7]
41 108 [5]
58 96 [0]
1 153 [1]
51 103 [1]
4 148 [3]
61 93 [1]
19 127 [9]
53 102 [1]
58 91 [7]
8 139 [9]
54 99 [3]
6 147 [3]
20 133 [3]
73 77 [7]
2 152 [3]
19 129 [9]
11 143 [3]
26 125 [7]
31 118 [9]
67 88 [3]
51 100 [7]
42 115 [1]
64 93 [1]
42 114 [3]
42 116 [1]
37 121 [1]
16 142 [1]
63 93 [3]
66 93 [1]
19 132 [9]
23 134 [3]
11 146 [3]
17 142 [1]
54 98 [9]
60 100 [1]
24 136 [1]
4 154 [3]
1 151 [9]
75 83 [3]
32 127 [3]
18 141 [3]
2 157 [3]
7 152 [3]
22 137 [3]
32 123 [7]
15 144 [3]
44 112 [7]
52 110 [1]
75 87 [1]
0 160 [3]
20 142 [1]
19 136 [9]
18 143 [3]
39 124 [1]
9 149 [7]
40 122 [3]
66 90 [9]
68 96 [1]
5 151 [9]
16 146 [3]
18 144 [3]
36 129 [1]
60 103 [3]
71 86 [9]
1 156 [9]
0 164 [3]
36 130 [1]
5 161 [1]
3 155 [9]
54 110 [3]
9 155 [3]
18 146 [3]
0 159 [9]
55 110 [3]
76 85 [7]
4 162 [3]
17 149 [3]
62 101 [7]
62 107 [1]
78 93 [0]
63 108 [0]
17 151 [3]
65 99 [7]
66 103 [3]
42 129 [1]
1 162 [9]
33 133 [7]
59 114 [0]
4 166 [3]
5 165 [3]
57 114 [3]
2 169 [3]
23 148 [3]
34 137 [3]
4 167 [3]
65 107 [2]
87 88 [0]
48 127 [0]
78 97 [0]
7 165 [3]
1 165 [9]
67 107 [1]
62 110 [3]
35 137 [3]
14 158 [3]
2 170 [3]
5 167 [3]
86 89 [0]
33 141 [2]
81 95 [0]
6 167 [3]
71 97 [9]
0 174 [3]
43 131 [3]
15 159 [3]
36 140 [1]
41 134 [3]
45 133 [0]
70 108 [0]
49 128 [2]
62 108 [9]
18 154 [7]
5 172 [3]
0 177 [3]
17 161 [2]
4 173 [3]
3 174 [3]
18 159 [3]
38 135 [7]
84 89 [7]
31 147 [3]
4 174 [3]
62 116 [3]
84 96 [1]
35 145 [1]
77 104 [0]
64 116 [1]
68 113 [1]
79 103 [0]
6 173 [3]
14 165 [3]
89 90 [3]
29 147 [7]
14 166 [3]
36 146 [1]
44 138 [1]
8 172 [3]
6 174 [3]
0 180 [3]
15 166 [3]
53 124 [7]
52 131 [1]
17 164 [3]
29 149 [7]
28 150 [7]
46 138 [1]
18 160 [7]
33 150 [2]
74 111 [0]
49 129 [7]
38 146 [1]
26 152 [7]
81 103 [1]
69 115 [1]
77 108 [1]
2 181 [3]
9 176 [1]
17 167 [3]
84 102 [1]
19 165 [3]
71 107 [9]
48 139 [0]
65 122 [0]
28 152 [7]
26 160 [1]
46 135 [7]
14 172 [3]
6 176 [7]
19 168 [3]
6 175 [9]
10 177 [3]
57 132 [1]
2 187 [1]
18 169 [3]
74 115 [1]
75 115 [1]
16 172 [3]
10 179 [3]
4 185 [3]
0 189 [3]
65 120 [7]
38 147 [7]
76 115 [1]
76 116 [1]
21 171 [1]
17 173 [3]
95 98 [0]
12 179 [3]
69 123 [2]
22 169 [3]
67 126 [1]
91 97 [7]
2 190 [3]
44 144 [7]
1 191 [3]
53 135 [7]
8 184 [3]
84 111 [0]
74 119 [2]
0 192 [3]
0 194 [1]
92 104 [0]
25 170 [1]
27 163 [7]
23 167 [7]
10 178 [9]
58 132 [7]
4 190 [3]
51 144 [2]
64 126 [7]
7 189 [1]
45 147 [6]
3 186 [9]
84 107 [7]
87 104 [7]
50 141 [7]
12 183 [3]
4 194 [1]
3 193 [3]
22 175 [3]
91 109 [0]
33 161 [6]
34 165 [1]
94 106 [0]
99 102 [0]
7 191 [3]
76 122 [3]
2 196 [3]
88 113 [0]
78 122 [1]
65 129 [7]
64 136 [1]
57 142 [2]
7 194 [1]
85 117 [0]
6 193 [3]
55 141 [7]
65 137 [1]
19 181 [3]
66 136 [1]
28 168 [7]
30 166 [7]
77 126 [0]
91 111 [1]
63 133 [7]
41 161 [2]
59 143 [2]
52 145 [7]
6 191 [7]
30 168 [7]
9 194 [2]
83 122 [0]
63 139 [3]
70 128 [7]
31 171 [3]
1 202 [3]
30 169 [7]
0 203 [3]
57 143 [7]
48 153 [6]
0 204 [3]
66 134 [7]
72 128 [7]
1 203 [3]
44 161 [2]
36 165 [7]
36 170 [2]
12 195 [1]
17 184 [7]
2 203 [3]
13 193 [3]
40 162 [7]
36 166 [7]
91 118 [0]
28 174 [7]
21 186 [3]
51 157 [2]
15 194 [1]
19 182 [9]
20 184 [7]
0 208 [3]
45 160 [6]
25 185 [1]
94 117 [0]
7 201 [3]
15 195 [1]
6 202 [3]
60 144 [7]
46 162 [3]
38 171 [2]
49 156 [7]
17 194 [1]
33 177 [2]
75 131 [7]
75 137 [1]
17 195 [1]
61 150 [2]
7 205 [1]
98 114 [1]
40 166 [7]
39 173 [1]
1 210 [3]
99 115 [0]
39 168 [7]
59 148 [7]
26 181 [7]
28 185 [1]
66 141 [7]
31 175 [9]
12 196 [7]
1 213 [1]
9 199 [7]
1 212 [3]
7 206 [3]
85 131 [0]
57 152 [7]
11 198 [7]
26 183 [7]
71 142 [3]
35 174 [7]
55 159 [3]
4 210 [3]
3 213 [1]
84 126 [7]
12 202 [3]
86 130 [2]
2 215 [1]
12 199 [7]
66 151 [1]
46 171 [1]
7 204 [7]
10 207 [1]
67 145 [7]
61 155 [3]
84 128 [7]
53 159 [7]
10 206 [3]
8 208 [3]
97 115 [7]
81 131 [7]
34 184 [1]
50 162 [7]
6 212 [1]
16 197 [7]
62 155 [3]
53 161 [6]
10 209 [1]
50 163 [7]
7 212 [1]
11 203 [7]
89 132 [0]
99 120 [2]
50 164 [7]
13 207 [2]
107 108 [7]
97 118 [7]
44 175 [3]
58 162 [2]
94 123 [6]
15 207 [1]
98 123 [2]
20 196 [7]
4 216 [3]
60 162 [1]
91 130 [2]
26 195 [2]
21 201 [1]
84 133 [7]
13 204 [7]
51 171 [2]
11 212 [1]
35 188 [1]
97 125 [2]
1 222 [1]
87 137 [0]
87 136 [1]
11 206 [7]
51 166 [7]
28 190 [7]
18 200 [7]
97 126 [2]
62 161 [2]
24 199 [2]
22 201 [3]
15 208 [3]
47 178 [1]
78 146 [2]
4 219 [3]
92 127 [7]
80 147 [0]
16 209 [2]
47 179 [1]
94 131 [2]
41 183 [3]
60 161 [6]
60 166 [1]
1 225 [1]
22 199 [7]
8 217 [3]
59 162 [7]
50 176 [2]
85 138 [6]
0 226 [3]
93 136 [0]
15 213 [1]
10 218 [1]
6 222 [1]
71 149 [9]
9 218 [2]
57 165 [7]
102 126 [2]
80 150 [0]
55 168 [7]
63 161 [6]
50 173 [7]
61 162 [7]
32 191 [7]
68 160 [2]
74 154 [2]
4 223 [3]
27 197 [7]
18 211 [2]
7 217 [7]
110 121 [0]
115 116 [0]
89 140 [2]
92 138 [1]
19 211 [1]
17 213 [1]
88 136 [7]
53 177 [2]
63 162 [7]
66 159 [7]
10 219 [3]
91 140 [2]
20 211 [2]
58 173 [2]
55 175 [3]
28 198 [7]
22 209 [2]
17 215 [1]
9 222 [2]
6 220 [7]
89 138 [6]
0 230 [3]
59 172 [2]
49 178 [7]
62 171 [1]
79 155 [0]
47 185 [2]
46 187 [2]
5 221 [9]
18 210 [7]
7 227 [1]
11 217 [7]
63 166 [7]
97 139 [0]
60 169 [7]
36 193 [7]
29 200 [7]
41 194 [1]
21 208 [7]
66 163 [7]
45 192 [0]
27 203 [7]
50 180 [7]
70 161 [6]
81 149 [7]
43 186 [9]
102 136 [0]
10 227 [1]
44 193 [1]
94 138 [6]
44 186 [9]
25 212 [2]
2 236 [1]
95 138 [6]
40 197 [2]
91 142 [6]
61 176 [2]
56 182 [1]
2 237 [1]
54 185 [1]
26 212 [2]
34 205 [1]
96 137 [7]
61 172 [7]
103 137 [0]
13 225 [2]
16 217 [7]
66 167 [7]
115 119 [6]
100 140 [0]
11 221 [9]
55 185 [1]
78 157 [6]
93 146 [2]
39 201 [1]
28 206 [7]
15 223 [3]
14 225 [2]
21 214 [7]
0 239 [3]
30 210 [2]
27 209 [6]
89 147 [6]
27 213 [2]
78 163 [2]
4 238 [1]
39 198 [7]
97 140 [7]
2 239 [3]
37 205 [2]
12 231 [1]
8 233 [3]
17 224 [3]
70 173 [1]
67 175 [3]
72 166 [7]
59 186 [0]
117 126 [2]
116 122 [7]
87 153 [6]
24 220 [2]
87 157 [2]
14 231 [1]
8 237 [1]
79 165 [2]
17 227 [2]
94 153 [0]
43 197 [7]
68 177 [2]
89 156 [2]
118 123 [6]
3 241 [3]
48 197 [2]
27 218 [2]
10 236 [1]
50 196 [2]
122 124 [2]
6 239 [3]
27 214 [7]
10 238 [1]
28 214 [7]
84 158 [7]
19 221 [9]
83 164 [2]
118 132 [0]
27 216 [7]
44 205 [1]
2 246 [2]
26 222 [2]
61 187 [2]
45 200 [6]
63 181 [7]
61 183 [7]
60 189 [2]
42 207 [2]
49 200 [2]
47 197 [7]
115 129 [7]
91 158 [2]
21 223 [7]
28 222 [2]
8 243 [1]
16 235 [1]
94 156 [2]
7 243 [2]
2 247 [3]
77 169 [6]
43 202 [7]
29 216 [7]
58 192 [2]
53 197 [2]
87 164 [2]
70 182 [1]
66 185 [2]
88 158 [7]
8 244 [1]
25 226 [2]
117 134 [2]
15 237 [1]
102 149 [2]
98 154 [2]
16 237 [1]
30 222 [2]
56 197 [2]
39 215 [1]
84 164 [7]
76 178 [1]
10 242 [3]
94 159 [2]
83 171 [2]
45 211 [0]
66 183 [7]
21 234 [1]
107 149 [0]
2 251 [3]
112 144 [0]
8 246 [2]
29 225 [2]
27 223 [7]
60 190 [7]
17 233 [7]
112 145 [0]
127 128 [2]
0 254 [3]
2 253 [2]
84 166 [7]
20 236 [1]
88 168 [2]
72 179 [7]
12 245 [1]
70 181 [7]
71 178 [9]
9 249 [1]
40 217 [2]
61 196 [2]
21 236 [2]
115 137 [7]
23 235 [1]
122 135 [2]
8 250 [2]
102 151 [7]
20 233 [7]
84 174 [2]
97 157 [6]
59 199 [2]
70 188 [2]
109 151 [0]
110 151 [0]
95 159 [7]
21 240 [0]
71 182 [9]
10 249 [3]
1 258 [3]
64 192 [7]
2 259 [2]
13 249 [1]
23 238 [2]
2 260 [1]
102 161 [0]
64 197 [2]
106 156 [2]
119 139 [6]
88 174 [2]
9 254 [1]
130 134 [0]
27 235 [2]
7 255 [2]
3 260 [1]
8 255 [2]
108 156 [1]
68 195 [2]
0 262 [3]
39 219 [7]
11 251 [3]
1 264 [1]
57 202 [7]
54 211 [2]
88 177 [2]
126 139 [2]
95 170 [2]
33 228 [6]
36 225 [6]
10 257 [1]
34 233 [1]
55 211 [2]
55 206 [7]
1 266 [1]
82 186 [0]
109 154 [6]
2 266 [1]
84 183 [2]
114 155 [0]
69 198 [2]
19 249 [1]
111 153 [6]
16 251 [3]
107 163 [0]
56 209 [6]
44 225 [2]
4 266 [1]
96 175 [0]
44 224 [3]
3 267 [1]
44 226 [1]
6 264 [1]
25 244 [2]
17 253 [2]
68 202 [2]
10 260 [2]
50 220 [2]
126 146 [0]
38 233 [1]
107 164 [2]
94 173 [6]
47 219 [7]
6 266 [1]
103 168 [2]
124 149 [0]
8 262 [3]
15 252 [7]
76 196 [2]
78 190 [6]
7 266 [1]
53 214 [7]
40 229 [6]
123 152 [0]
36 237 [2]
122 146 [7]
66 202 [7]
6 262 [7]
52 216 [7]
44 230 [1]
4 270 [1]
130 146 [0]
26 248 [2]
43 232 [1]
30 244 [2]
63 212 [2]
3 271 [3]
78 194 [6]
29 243 [6]
108 163 [7]
4 271 [3]
17 259 [2]
54 221 [3]
87 190 [2]
132 141 [6]
42 235 [2]
8 269 [2]
71 205 [3]
95 183 [2]
19 254 [7]
106 168 [6]
11 262 [7]
138 142 [0]
106 172 [2]
122 157 [2]
84 195 [2]
23 257 [1]
127 152 [2]
2 277 [2]
134 148 [0]
90 185 [7]
63 217 [2]
93 182 [7]
88 192 [2]
65 211 [6]
50 230 [2]
120 162 [0]
87 193 [2]
60 216 [7]
0 282 [1]
80 197 [6]
130 147 [6]
43 233 [7]
76 205 [2]
98 183 [2]
67 215 [1]
39 243 [2]
139 143 [2]
23 259 [2]
70 212 [2]
98 179 [7]
17 266 [1]
53 225 [6]
6 271 [7]
6 272 [6]
83 200 [2]
125 160 [0]
62 222 [2]
7 277 [2]
104 176 [6]
1 284 [1]
65 215 [6]
73 207 [6]
53 227 [6]
58 229 [0]
129 158 [0]
47 240 [0]
16 270 [1]
95 190 [2]
93 192 [2]
131 156 [0]
140 141 [6]
21 264 [2]
74 207 [6]
0 285 [2]
4 283 [1]
106 182 [0]
139 147 [2]
75 207 [6]
13 273 [2]
124 164 [0]
60 226 [2]
84 202 [2]
80 203 [6]
8 280 [1]
30 257 [2]
6 282 [1]
1 287 [1]
4 284 [1]
93 190 [6]
49 239 [2]
45 239 [6]
47 241 [2]
116 175 [0]
126 163 [2]
104 181 [6]
32 257 [2]
141 150 [0]
97 188 [6]
126 160 [6]
35 255 [2]
62 228 [2]
124 167 [1]
106 180 [6]
88 202 [2]
64 226 [2]
48 240 [4]
6 286 [1]
51 236 [6]
112 180 [1]
68 223 [2]
93 194 [6]
131 155 [7]
46 246 [2]
54 233 [7]
7 286 [1]
10 283 [1]
2 291 [1]
103 185 [6]
36 251 [7]
2 290 [3]
138 151 [6]
3 291 [1]
133 163 [0]
95 199 [2]
1 294 [1]
50 239 [7]
5 290 [1]
18 272 [6]
140 156 [0]
3 292 [1]
90 199 [7]
38 253 [6]
130 165 [2]
94 201 [2]
75 221 [1]
1 295 [1]
64 232 [2]
93 203 [2]
111 186 [1]
61 231 [6]
33 259 [6]
64 228 [6]
111 185 [2]
86 206 [6]
44 247 [7]
101 197 [0]
39 257 [2]
9 287 [2]
26 272 [0]
90 202 [7]
121 178 [0]
5 293 [1]
109 184 [6]
12 286 [1]
95 202 [2]
2 296 [1]
71 227 [1]
23 274 [2]
77 222 [0]
17 281 [2]
112 187 [1]
143 155 [2]
147 153 [0]
110 184 [6]
37 261 [2]
56 242 [2]
0 297 [3]
128 172 [0]
139 155 [7]
24 275 [2]
34 265 [2]
25 275 [1]
98 202 [2]
124 172 [6]
74 222 [6]
18 283 [1]
59 240 [4]
107 195 [1]
66 231 [6]
32 269 [2]
119 184 [0]
39 258 [7]
93 205 [6]
87 211 [6]
54 249 [1]
147 151 [6]
27 271 [7]
90 208 [7]
47 256 [2]
83 221 [1]
102 197 [6]
9 294 [2]
43 260 [2]
14 290 [1]
16 283 [7]
33 271 [2]
22 282 [2]
9 295 [2]
134 171 [1]
96 208 [2]
101 206 [0]
134 167 [6]
129 178 [0]
64 241 [2]
72 233 [2]
94 208 [6]
73 233 [2]
30 273 [6]
116 187 [6]
114 193 [2]
66 241 [2]
37 272 [0]
43 264 [2]
99 204 [6]
141 168 [0]
1 307 [1]
52 256 [2]
78 226 [6]
37 271 [2]
12 296 [2]
68 241 [2]
0 309 [2]
129 176 [6]
31 279 [1]
111 193 [7]
44 266 [2]
151 161 [0]
24 289 [0]
70 241 [2]
125 186 [2]
147 160 [6]
38 273 [2]
82 224 [7]
8 303 [2]
118 189 [6]
125 189 [0]
3 305 [6]
123 190 [1]
6 306 [2]
46 266 [2]
19 293 [2]
65 247 [2]
77 237 [1]
150 161 [4]
85 224 [6]
130 184 [1]
79 230 [6]
46 267 [2]
92 224 [0]
58 252 [6]
132 182 [2]
124 191 [1]
115 195 [6]
3 312 [1]
18 297 [1]
71 245 [1]
96 219 [2]
104 212 [1]
99 212 [6]
145 172 [0]
46 270 [1]
3 311 [3]
54 263 [1]
97 219 [2]
31 285 [2]
105 213 [0]
13 305 [0]
135 183 [0]
0 317 [1]
146 171 [1]
110 203 [6]
120 193 [6]
130 183 [6]
109 204 [6]
49 264 [6]
17 300 [2]
72 245 [2]
78 239 [2]
4 315 [1]
56 262 [2]
76 242 [2]
6 311 [3]
51 263 [6]
86 228 [6]
127 188 [6]
17 302 [2]
120 201 [0]
136 183 [2]
123 198 [0]
56 259 [6]
155 164 [2]
108 206 [7]
131 184 [6]
128 193 [0]
138 178 [6]
63 257 [2]
4 317 [1]
12 308 [2]
6 314 [2]
55 265 [2]
37 285 [0]
2 318 [2]
21 299 [2]
102 219 [2]
90 231 [2]
59 262 [2]
154 170 [0]
125 199 [0]
7 315 [2]
17 301 [6]
29 289 [6]
100 224 [0]
40 279 [6]
58 266 [1]
138 187 [0]
77 248 [0]
41 283 [1]
66 257 [2]
3 321 [1]
159 166 [0]
58 261 [6]
123 203 [0]
45 277 [4]
31 294 [1]
52 269 [6]
121 200 [6]
23 302 [2]
148 179 [0]
2 323 [2]
69 251 [7]
18 303 [6]
80 240 [8]
23 304 [1]
159 169 [0]
124 203 [1]
162 166 [0]
37 286 [6]
59 264 [6]
107 222 [0]
30 297 [2]
54 273 [2]
13 314 [2]
6 321 [2]
120 209 [0]
127 196 [6]
70 253 [6]
121 209 [0]
14 314 [2]
154 176 [0]
108 220 [2]
121 203 [6]
31 298 [1]
79 245 [6]
92 238 [0]
136 192 [2]
77 247 [6]
92 237 [1]
163 166 [1]
37 287 [6]
32 296 [2]
25 305 [0]
72 253 [6]
7 322 [2]
105 218 [8]
10 320 [1]
147 178 [6]
143 186 [2]
78 247 [6]
34 296 [2]
13 317 [2]
20 306 [6]
47 283 [2]
21 306 [6]
139 188 [6]
9 324 [0]
24 309 [0]
1 331 [1]
165 166 [2]
84 250 [0]
97 231 [6]
165 169 [0]
122 210 [2]
113 221 [0]
58 276 [0]
22 310 [2]
163 170 [1]
148 181 [6]
20 309 [6]
131 198 [6]
69 260 [6]
44 290 [1]
64 270 [2]
11 323 [2]
27 303 [6]
9 325 [2]
19 315 [2]
43 292 [2]
7 328 [2]
160 177 [0]
118 213 [6]
97 234 [6]
128 209 [0]
72 259 [6]
14 322 [2]
10 326 [2]
60 271 [7]
73 263 [2]
56 276 [6]
4 332 [2]
137 199 [2]
53 279 [6]
63 273 [2]
20 317 [2]
3 334 [2]
136 201 [2]
83 254 [2]
73 260 [6]
40 297 [2]
103 230 [6]
159 178 [2]
28 306 [6]
0 338 [2]
4 334 [2]
82 252 [6]
25 313 [2]
167 172 [1]
133 207 [0]
158 182 [0]
53 282 [6]
98 237 [6]
44 295 [2]
13 326 [2]
107 233 [1]
2 339 [1]
0 340 [2]
106 230 [6]
89 253 [0]
114 229 [0]
27 314 [2]
1 340 [2]
21 320 [2]
15 326 [2]
127 211 [6]
150 194 [0]
7 336 [1]
72 270 [2]
83 255 [6]
19 323 [2]
118 224 [2]
106 232 [6]
35 303 [6]
133 211 [0]
116 222 [6]
57 288 [0]
13 331 [1]
157 182 [6]
74 265 [6]
95 250 [0]
30 310 [6]
7 337 [2]
91 255 [0]
71 274 [1]
53 287 [6]
52 292 [2]
92 250 [4]
123 223 [0]
46 299 [1]
4 340 [2]
33 311 [2]
23 321 [2]
42 305 [0]
70 275 [2]
157 190 [0]
20 325 [2]
98 247 [2]
64 277 [6]
7 339 [1]
49 292 [6]
141 207 [0]
77 270 [1]
16 330 [2]
8 338 [2]
127 221 [0]
2 344 [2]
155 187 [6]
9 333 [6]
121 228 [0]
162 181 [6]
34 313 [2]
147 202 [0]
75 268 [6]
60 287 [2]
129 214 [6]
4 343 [2]
17 330 [2]
0 348 [2]
16 332 [2]
105 240 [5]
137 207 [6]
32 311 [7]
166 182 [2]
66 278 [6]
23 325 [2]
68 276 [6]
67 281 [2]
87 262 [2]
76 269 [6]
126 225 [0]
58 289 [4]
133 218 [0]
6 344 [2]
75 275 [2]
173 179 [0]
12 339 [1]
57 289 [6]
15 335 [2]
41 305 [6]
54 296 [2]
123 225 [4]
4 347 [2]
62 290 [1]
81 270 [2]
34 319 [0]
37 310 [6]
34 317 [2]
29 324 [0]
6 346 [2]
137 211 [6]
54 299 [1]
14 339 [1]
81 271 [2]
30 318 [6]
59 290 [6]
119 236 [0]
152 203 [0]
21 328 [6]
174 181 [0]
89 267 [0]
78 278 [0]
1 349 [6]
72 278 [6]
22 332 [2]
67 287 [2]
152 204 [1]
172 184 [1]
164 193 [0]
97 260 [0]
165 192 [0]
41 314 [2]
143 214 [0]
102 255 [0]
10 345 [2]
109 242 [6]
125 232 [0]
174 183 [0]
9 342 [6]
80 271 [6]
82 272 [4]
145 213 [0]
8 348 [2]
144 214 [0]
44 312 [2]
15 341 [2]
50 305 [4]
152 206 [1]
69 284 [6]
22 335 [2]
125 234 [0]
49 304 [6]
25 328 [6]
106 247 [6]
168 191 [0]
97 256 [6]
7 347 [6]
89 265 [6]
40 314 [6]
7 352 [1]
102 252 [6]
172 188 [0]
26 328 [6]
11 349 [0]
33 324 [4]
79 276 [6]
157 204 [0]
85 276 [0]
168 192 [1]
33 322 [6]
119 242 [0]
26 330 [6]
168 194 [0]
151 205 [6]
94 262 [6]
2 358 [2]
48 308 [6]
11 345 [6]
1 359 [2]
35 325 [2]
150 212 [0]
4 357 [2]
130 232 [1]
57 304 [2]
156 207 [0]
10 352 [1]
135 228 [0]
154 210 [0]
5 357 [2]
100 258 [6]
41 321 [2]
2 361 [2]
7 356 [2]
63 296 [6]
58 307 [0]
138 221 [6]
177 182 [6]
149 215 [1]
32 331 [2]
105 261 [0]
22 338 [6]
122 242 [2]
106 254 [6]
0 364 [2]
177 190 [0]
88 273 [6]
95 270 [2]
157 210 [0]
66 295 [6]
1 364 [2]
86 275 [6]
70 295 [2]
83 283 [2]
4 362 [2]
27 339 [2]
7 355 [6]
124 244 [0]
9 353 [6]
35 327 [6]
167 202 [0]
95 268 [6]
20 349 [0]
51 318 [0]
112 253 [4]
131 238 [0]
144 227 [0]
3 366 [2]
111 258 [2]
16 354 [1]
133 238 [0]
39 331 [2]
34 336 [2]
142 230 [0]
75 291 [6]
10 360 [2]
90 280 [2]
93 279 [0]
5 366 [2]
20 351 [2]
2 365 [6]
74 293 [6]
14 357 [2]
68 306 [0]
173 201 [0]
129 245 [0]
107 267 [0]
34 334 [6]
100 274 [0]
176 197 [1]
149 219 [6]
165 209 [0]
88 281 [6]
12 361 [2]
167 208 [0]
21 348 [6]
11 358 [6]
66 309 [0]
31 342 [2]
154 217 [4]
6 363 [6]
53 316 [6]
94 277 [4]
152 221 [2]
122 251 [2]
73 303 [0]
30 340 [6]
0 374 [2]
1 373 [2]
23 351 [2]
6 368 [2]
23 352 [1]
50 321 [6]
121 256 [0]
125 252 [0]
59 318 [0]
3 372 [2]
153 224 [0]
2 373 [2]
45 332 [0]
123 250 [4]
32 343 [2]
24 349 [4]
1 375 [2]
75 303 [0]
40 336 [2]
23 355 [0]
174 203 [1]
42 330 [6]
39 334 [6]
135 244 [0]
17 360 [2]
44 329 [6]
57 316 [6]
168 210 [1]
6 371 [2]
141 238 [0]
187 188 [4]
166 208 [6]
178 196 [6]
74 306 [0]
6 372 [2]
177 202 [1]
47 331 [2]
168 206 [6]
183 196 [1]
17 357 [6]
79 295 [6]
163 217 [1]
25 354 [2]
107 274 [0]
127 248 [6]
5 370 [6]
111 264 [6]
6 373 [2]
75 300 [6]
16 359 [6]
41 339 [1]
69 311 [2]
59 319 [4]
7 369 [6]
102 274 [6]
89 293 [0]
60 316 [6]
6 374 [2]
1 379 [2]
7 374 [2]
136 241 [6]
61 316 [6]
56 327 [0]
87 296 [0]
6 375 [2]
128 254 [1]
55 326 [2]
157 226 [0]
98 283 [2]
17 364 [2]
111 266 [6]
12 365 [6]
95 288 [0]
74 305 [4]
173 210 [1]
0 382 [2]
16 362 [6]
3 379 [2]
117 267 [0]
125 255 [4]
140 240 [4]
11 372 [2]
90 289 [6]
142 235 [8]
36 343 [6]
128 253 [4]
79 306 [0]
159 226 [1]
23 357 [6]
135 251 [0]
110 276 [0]
113 271 [2]
100 286 [0]
63 324 [0]
170 217 [0]
144 242 [1]
49 332 [6]
123 260 [4]
124 264 [0]
79 305 [4]
190 197 [1]
107 281 [0]
111 275 [2]
36 346 [6]
0 387 [1]
23 359 [6]
181 201 [6]
0 386 [2]
79 310 [0]
35 348 [6]
16 371 [2]
3 385 [1]
10 377 [2]
190 198 [1]
84 299 [6]
34 355 [0]
37 346 [6]
121 268 [0]
191 198 [0]
63 327 [0]
37 353 [0]
39 345 [6]
74 310 [6]
130 260 [0]
2 383 [6]
176 214 [1]
12 377 [2]
31 358 [2]
136 249 [6]
177 215 [0]
43 349 [0]
70 316 [6]
73 314 [6]
18 373 [2]
7 385 [1]
0 391 [2]
130 259 [4]
195 198 [0]
126 267 [0]
90 302 [2]
143 251 [0]
195 199 [0]
28 360 [6]
41 351 [2]
36 355 [4]
22 371 [2]
6 387 [2]
51 344 [0]
163 232 [0]
124 270 [1]
2 391 [2]
67 322 [6]
115 281 [0]
87 309 [0]
51 345 [0]
73 317 [6]
30 366 [0]
148 240 [8]
117 272 [8]
104 285 [8]
8 388 [1]
2 393 [2]
167 224 [6]
16 379 [2]
195 202 [0]
7 389 [2]
98 294 [6]
1 395 [2]
46 350 [2]
9 387 [2]
75 317 [6]
199 200 [0]
40 359 [0]
16 377 [6]
65 334 [0]
95 298 [6]
90 303 [6]
175 225 [0]
21 373 [6]
45 347 [8]
4 394 [2]
181 219 [0]
3 395 [2]
2 397 [2]
9 386 [6]
175 220 [6]
130 270 [1]
171 224 [6]
62 333 [6]
106 295 [0]
63 336 [2]
154 247 [0]
49 353 [0]
191 210 [1]
12 388 [2]
96 303 [4]
19 382 [2]
112 290 [1]
107 296 [0]
60 337 [6]
2 399 [2]
1 401 [1]
115 282 [6]
77 326 [0]
35 369 [0]
112 292 [0]
57 341 [6]
34 364 [6]
147 253 [4]
128 276 [0]
2 401 [1]
58 346 [0]
3 399 [2]
141 264 [0]
90 309 [6]
92 305 [8]
102 297 [6]
122 278 [6]
15 389 [2]
179 226 [1]
9 391 [6]
66 335 [6]
107 300 [0]
65 342 [0]
161 242 [4]
159 240 [8]
194 213 [0]
54 347 [6]
80 323 [4]
32 370 [6]
20 382 [6]
11 391 [6]
68 334 [6]
7 400 [2]
58 347 [4]
90 317 [2]
82 321 [6]
176 233 [0]
199 210 [0]
30 373 [6]
150 258 [1]
112 293 [4]
174 236 [0]
19 389 [2]
58 348 [4]
8 401 [1]
182 221 [7]
0 403 [7]
111 294 [6]
6 399 [6]
53 358 [0]
32 373 [6]
116 295 [0]
112 299 [0]
123 284 [4]
7 398 [6]
110 302 [0]
116 290 [6]
84 322 [6]
190 222 [0]
136 270 [6]
11 395 [6]
159 252 [1]
109 297 [6]
158 249 [6]
47 360 [6]
187 226 [0]
197 216 [0]
108 305 [0]
114 293 [6]
0 408 [6]
1 407 [6]
10 398 [6]
11 401 [2]
116 292 [6]
189 226 [0]
1 408 [6]
37 372 [6]
196 220 [0]
56 360 [0]
137 273 [6]
2 408 [6]
59 357 [0]
12 398 [6]
172 244 [0]
156 254 [6]
75 339 [2]
52 359 [6]
184 233 [0]
47 364 [6]
15 400 [2]
2 413 [2]
6 405 [6]
1 415 [2]
156 261 [1]
34 378 [6]
93 325 [0]
173 239 [6]
200 217 [1]
101 313 [4]
41 375 [2]
56 356 [6]
27 386 [6]
180 239 [0]
74 339 [6]
43 370 [6]
154 265 [0]
16 401 [2]
59 354 [6]
69 344 [6]
3 415 [2]
171 249 [0]
25 389 [6]
146 274 [0]
111 305 [4]
52 362 [6]
13 403 [4]
22 393 [6]
57 358 [6]
10 405 [6]
48 373 [0]
191 230 [0]
153 268 [0]
19 400 [2]
23 393 [6]
48 374 [0]
120 302 [0]
112 306 [4]
36 386 [0]
122 301 [0]
86 333 [4]
160 259 [4]
16 403 [4]
196 221 [6]
103 315 [6]
147 272 [5]
187 229 [8]
2 416 [6]
84 340 [0]
6 412 [6]
75 343 [6]
34 388 [2]
21 401 [2]
144 280 [0]
2 421 [1]
25 394 [6]
144 277 [4]
81 344 [0]
104 321 [0]
10 409 [6]
90 329 [6]
63 356 [6]
20 404 [2]
17 409 [0]
145 277 [4]
44 380 [2]
108 312 [6]
73 349 [4]
134 292 [0]
203 223 [0]
4 421 [1]
25 395 [6]
175 245 [6]
98 322 [6]
184 238 [4]
84 336 [6]
50 377 [0]
26 395 [6]
54 371 [2]
100 319 [8]
74 353 [0]
180 243 [4]
75 346 [6]
83 339 [6]
148 272 [8]
107 318 [4]
196 233 [0]
112 317 [0]
197 232 [0]
87 342 [0]
90 337 [2]
201 228 [0]
195 234 [0]
46 377 [6]
176 254 [0]
69 361 [0]
62 362 [6]
108 320 [2]
23 403 [4]
14 410 [6]
86 340 [4]
71 358 [2]
8 417 [6]
164 267 [0]
10 419 [2]
52 373 [6]
87 344 [0]
102 330 [0]
168 264 [0]
71 359 [2]
208 223 [1]
47 379 [6]
117 315 [0]
138 286 [8]
79 349 [4]
17 416 [0]
11 421 [1]
5 422 [6]
22 411 [0]
46 381 [6]
111 320 [2]
173 261 [0]
120 314 [0]
75 359 [0]
9 425 [0]
209 225 [0]
152 278 [4]
23 411 [0]
177 258 [0]
28 403 [4]
159 275 [1]
109 326 [0]
18 411 [6]
2 427 [6]
19 414 [2]
142 289 [5]
104 328 [4]
131 299 [6]
27 404 [6]
96 341 [0]
12 424 [1]
156 281 [0]
52 379 [6]
3 428 [6]
25 406 [6]
86 348 [4]
0 432 [6]
145 289 [4]
49 389 [0]
193 245 [0]
73 365 [0]
48 386 [4]
21 417 [0]
129 304 [6]
216 223 [0]
5 428 [6]
7 430 [2]
13 424 [2]
111 324 [4]
44 389 [6]
48 385 [6]
69 370 [0]
82 352 [6]
101 339 [0]
218 222 [0]
66 368 [6]
12 426 [2]
11 429 [0]
89 351 [0]
94 346 [0]
71 368 [2]
188 249 [4]
126 315 [0]
32 409 [0]
186 255 [0]
100 338 [4]
43 393 [6]
63 373 [6]
169 273 [0]
55 381 [6]
18 419 [6]
98 345 [0]
12 425 [6]
180 262 [1]
106 333 [4]
48 391 [4]
108 330 [6]
22 421 [1]
22 422 [0]
2 440 [2]
112 324 [8]
99 346 [0]
120 325 [0]
84 361 [0]
98 347 [0]
80 357 [8]
158 287 [0]
153 292 [0]
187 250 [8]
62 383 [0]
38 407 [0]
215 230 [0]
11 428 [6]
66 373 [6]
83 362 [0]
56 390 [0]
40 402 [4]
4 436 [6]
169 271 [6]
23 417 [6]
132 314 [0]
186 258 [2]
144 298 [4]
49 397 [0]
65 381 [0]
4 435 [7]
126 320 [1]
21 424 [2]
34 409 [4]
60 381 [6]
43 398 [6]
13 428 [6]
157 285 [5]
208 239 [0]
18 423 [6]
12 434 [2]
126 322 [0]
88 354 [6]
169 279 [0]
74 374 [0]
180 268 [0]
123 321 [4]
25 421 [2]
211 238 [0]
65 384 [0]
115 334 [0]
44 399 [6]
86 359 [4]
108 335 [6]
56 387 [6]
212 237 [0]
7 437 [6]
196 254 [0]
8 436 [6]
83 367 [0]
26 420 [4]
191 258 [1]
89 357 [4]
11 432 [7]
100 346 [4]
37 413 [0]
48 398 [4]
109 341 [0]
150 296 [4]
100 350 [0]
37 409 [4]
204 247 [0]
4 445 [2]
134 317 [0]
188 263 [0]
7 438 [6]
175 272 [4]
201 246 [4]
6 439 [7]
209 243 [0]
15 431 [6]
66 386 [0]
155 291 [6]
158 294 [0]
4 447 [2]
9 438 [6]
139 308 [6]
5 446 [2]
11 437 [6]
103 351 [0]
1 451 [2]
143 307 [4]
46 408 [0]
0 448 [6]
171 283 [0]
148 303 [4]
185 270 [0]
7 446 [2]
97 352 [6]
164 291 [0]
43 406 [6]
49 406 [0]
114 335 [6]
38 417 [0]
1 453 [2]
67 387 [2]
33 421 [2]
204 248 [4]
155 301 [0]
193 259 [4]
90 360 [6]
8 447 [2]
87 366 [4]
30 427 [0]
130 319 [8]
6 445 [6]
12 443 [2]
15 442 [0]
173 284 [0]
162 288 [8]
88 366 [4]
92 362 [4]
115 343 [0]
68 390 [0]
19 432 [7]
58 400 [0]
48 402 [8]
81 378 [0]
210 249 [0]
22 437 [0]
114 339 [6]
72 383 [4]
198 261 [0]
39 414 [6]
214 245 [0]
228 231 [0]
205 254 [0]
61 399 [0]
130 326 [4]
71 388 [1]
16 438 [6]
197 259 [4]
6 448 [6]
66 388 [6]
109 351 [0]
32 428 [0]
79 382 [0]
11 444 [6]
85 372 [4]
84 377 [0]
63 398 [0]
0 455 [6]
56 405 [0]
120 337 [4]
51 407 [4]
88 374 [0]
102 354 [6]
7 453 [2]
129 329 [4]
95 367 [0]
21 441 [0]
59 404 [0]
76 383 [4]
218 237 [8]
149 314 [0]
2 455 [6]
8 449 [6]
0 461 [2]
70 394 [0]
166 297 [1]
45 411 [8]
223 241 [0]
18 439 [7]
14 444 [6]
85 380 [0]
217 247 [1]
97 368 [0]
59 402 [4]
0 459 [6]
72 393 [0]
46 413 [6]
91 370 [4]
52 409 [4]
137 324 [4]
39 424 [2]
58 403 [5]
78 388 [0]
179 287 [0]
226 232 [8]
60 403 [4]
232 235 [0]
3 458 [6]
178 283 [6]
211 256 [0]
21 440 [6]
97 366 [4]
134 329 [4]
233 234 [0]
121 342 [4]
33 431 [4]
210 258 [0]
118 350 [0]
185 283 [0]
82 386 [0]
225 238 [5]
31 431 [6]
227 233 [8]
150 314 [4]
79 389 [0]
53 415 [0]
3 459 [6]
134 335 [0]
148 321 [0]
82 383 [4]
149 320 [0]
44 425 [0]
63 402 [4]
19 444 [6]
157 308 [4]
176 288 [5]
175 295 [0]
6 458 [6]
75 395 [0]
230 236 [4]
228 234 [8]
185 281 [4]
21 449 [0]
133 336 [1]
1 468 [2]
92 379 [0]
36 431 [4]
207 264 [0]
74 397 [0]
11 454 [6]
9 462 [0]
200 271 [0]
13 452 [6]
101 365 [5]
0 465 [6]
7 459 [6]
15 451 [6]
138 326 [8]
190 282 [0]
95 377 [0]
102 366 [4]
81 385 [6]
227 245 [0]
54 418 [0]
80 388 [4]
2 468 [2]
212 261 [0]
12 455 [6]
225 243 [5]
83 390 [0]
106 363 [4]
185 284 [4]
228 245 [0]
92 377 [4]
169 304 [0]
53 416 [4]
162 307 [4]
64 404 [6]
6 462 [6]
133 337 [4]
182 288 [4]
38 436 [0]
10 458 [6]
204 270 [0]
185 286 [4]
180 291 [4]
65 410 [0]
11 458 [6]
2 467 [6]
8 460 [7]
227 248 [0]
37 438 [0]
7 463 [6]
164 312 [0]
61 411 [4]
56 416 [4]
165 307 [4]
4 466 [6]
21 455 [0]
140 333 [4]
140 337 [0]
17 454 [6]
204 269 [4]
206 271 [0]
152 321 [4]
209 260 [8]
7 469 [2]
166 312 [0]
220 258 [0]
224 250 [4]
12 464 [2]
73 405 [0]
182 290 [6]
96 378 [4]
40 438 [0]
126 348 [4]
197 282 [0]
14 459 [6]
73 402 [4]
197 278 [4]
113 362 [4]
193 286 [0]
229 250 [0]
189 290 [0]
12 460 [7]
237 242 [0]
22 451 [6]
217 262 [0]
45 430 [4]
105 371 [4]
41 432 [7]
37 439 [4]
37 435 [8]
90 384 [6]
130 346 [4]
16 458 [6]
22 452 [6]
45 427 [8]
197 283 [0]
7 474 [0]
209 268 [4]
84 397 [0]
11 468 [2]
164 309 [8]
207 274 [0]
218 255 [8]
104 373 [4]
0 479 [2]
4 476 [2]
65 409 [8]
165 311 [6]
17 465 [0]
156 320 [6]
118 360 [4]
161 321 [0]
112 362 [8]
31 449 [2]
10 466 [6]
34 448 [0]
40 443 [0]
113 366 [4]
5 472 [6]
51 428 [4]
45 434 [4]
23 454 [6]
61 418 [4]
2 479 [2]
85 395 [4]
6 476 [2]
69 415 [0]
192 292 [0]
231 249 [4]
80 400 [4]
105 375 [5]
193 292 [0]
89 392 [4]
11 474 [0]
19 464 [2]
100 385 [0]
97 388 [0]
161 325 [0]
96 386 [4]
222 264 [0]
78 403 [5]
31 453 [2]
204 278 [4]
235 251 [0]
74 412 [0]
234 252 [0]
62 425 [0]
10 471 [6]
26 461 [0]
34 447 [6]
167 320 [0]
11 470 [6]
206 273 [8]
6 479 [2]
81 406 [0]
76 407 [4]
203 280 [4]
108 374 [6]
177 303 [8]
2 484 [2]
90 392 [6]
23 465 [0]
7 475 [6]
208 280 [0]
141 340 [8]
39 450 [0]
76 409 [4]
63 422 [4]
199 285 [5]
172 317 [0]
63 424 [2]
32 451 [6]
35 455 [0]
66 420 [4]
170 320 [0]
19 466 [6]
5 480 [6]
3 482 [6]
180 311 [0]
139 348 [4]
111 376 [4]
21 464 [6]
242 246 [4]
73 419 [0]
195 297 [0]
102 386 [4]
44 448 [0]
39 447 [6]
56 430 [6]
40 452 [0]
150 338 [4]
207 281 [4]
155 333 [4]
15 472 [6]
130 355 [8]
189 300 [4]
130 359 [4]
20 467 [6]
54 432 [7]
141 345 [8]
127 367 [0]
124 363 [8]
205 290 [0]
118 369 [8]
6 485 [4]
57 438 [0]
130 361 [4]
115 376 [4]
12 483 [0]
126 366 [4]
175 321 [0]
2 488 [6]
202 294 [0]
27 465 [4]
180 312 [4]
7 485 [4]
223 269 [4]
123 365 [8]
120 369 [8]
171 318 [8]
149 344 [4]
155 342 [0]
36 461 [0]
200 297 [0]
207 282 [8]
0 490 [7]
57 436 [4]
218 272 [7]
39 453 [6]
0 492 [6]
9 489 [0]
20 478 [0]
167 331 [0]
232 266 [0]
23 470 [6]
149 350 [0]
17 482 [0]
243 252 [4]
132 363 [4]
204 291 [4]
109 386 [4]
12 481 [6]
210 282 [8]
165 335 [0]
1 493 [6]
218 277 [5]
145 347 [8]
63 437 [0]
224 276 [0]
60 434 [6]
135 357 [8]
36 460 [4]
221 273 [6]
154 343 [4]
123 370 [8]
243 254 [4]
199 294 [8]
9 486 [6]
201 300 [0]
147 349 [5]
64 437 [0]
45 449 [8]
76 426 [0]
154 344 [4]
170 327 [5]
205 297 [0]
244 254 [4]
108 394 [0]
64 438 [0]
157 341 [4]
20 482 [0]
15 481 [6]
88 410 [4]
91 408 [4]
28 469 [6]
55 446 [2]
148 354 [1]
174 324 [5]
216 287 [0]
164 339 [0]
115 388 [0]
191 311 [1]
201 302 [0]
185 310 [8]
5 491 [7]
36 463 [4]
94 405 [4]
11 492 [0]
232 268 [4]
58 446 [0]
1 497 [6]
28 470 [6]
101 398 [5]
242 262 [0]
29 469 [6]
94 402 [8]
162 338 [4]
29 470 [6]
145 356 [4]
126 375 [4]
53 452 [0]
21 480 [4]
74 427 [4]
38 461 [6]
4 500 [2]
23 483 [0]
57 443 [6]
212 286 [8]
50 456 [0]
144 355 [8]
156 351 [0]
4 497 [6]
172 327 [8]
181 318 [8]
147 356 [4]
51 456 [0]
104 399 [4]
203 304 [0]
30 474 [4]
62 439 [7]
112 392 [4]
68 432 [8]
187 317 [4]
125 375 [8]
5 498 [6]
92 413 [4]
198 307 [4]
57 452 [0]
4 499 [6]
98 403 [8]
14 495 [0]
177 327 [5]
180 324 [5]
129 377 [4]
125 377 [8]
193 309 [8]
210 296 [4]
106 404 [0]
183 319 [8]
17 487 [6]
228 277 [5]
56 454 [0]
230 276 [4]
8 500 [2]
49 457 [4]
150 355 [5]
110 396 [4]
131 380 [0]
212 295 [4]
6 505 [0]
126 385 [0]
184 323 [4]
241 270 [0]
34 477 [0]
12 493 [6]
22 485 [4]
8 498 [6]
33 475 [4]
14 491 [7]
122 390 [0]
59 453 [0]
10 500 [2]
75 433 [4]
214 299 [0]
103 406 [4]
166 343 [4]
67 440 [6]
40 473 [0]
138 367 [8]
0 507 [6]
189 319 [5]
14 493 [6]
45 463 [5]
79 431 [4]
184 326 [4]
221 293 [0]
73 437 [4]
129 381 [4]
139 375 [0]
13 502 [0]
69 442 [4]
180 327 [8]
83 428 [4]
105 405 [5]
151 360 [4]
59 452 [4]
107 404 [4]
90 419 [6]
88 421 [6]
183 328 [4]
251 260 [4]
53 459 [4]
129 387 [0]
212 300 [4]
12 498 [6]
43 467 [6]
166 346 [4]
34 476 [6]
21 491 [4]
5 505 [6]
241 275 [0]
188 325 [4]
11 500 [6]
221 290 [6]
131 382 [4]
34 483 [0]
221 296 [0]
245 268 [4]
22 495 [0]
64 447 [6]
17 494 [6]
221 291 [6]
173 341 [4]
244 274 [0]
1 510 [7]
198 320 [0]
144 366 [8]
23 489 [6]
233 281 [4]
214 304 [0]
12 506 [0]
19 494 [6]
87 428 [4]
198 317 [4]
213 301 [5]
70 449 [0]
27 492 [0]
23 490 [7]
222 290 [8]
74 442 [4]
114 402 [4]
33 483 [4]
83 429 [8]
62 459 [0]
151 366 [4]
145 372 [4]
70 445 [6]
185 332 [4]
146 372 [4]
222 292 [8]
51 467 [4]
218 304 [0]
242 276 [4]
172 350 [0]
168 354 [0]
165 349 [8]
192 326 [4]
216 302 [4]
248 269 [5]
153 364 [5]
34 488 [0]
208 310 [4]
101 413 [8]
56 463 [4]
228 288 [7]
3 514 [6]
241 278 [4]
13 503 [7]
135 383 [5]
147 372 [4]
70 454 [0]
26 498 [0]
247 272 [5]
141 379 [4]
4 520 [0]
50 468 [6]
63 457 [4]
101 418 [5]
177 340 [8]
136 389 [0]
189 328 [8]
229 289 [7]
209 315 [1]
162 355 [8]
11 514 [0]
257 261 [8]
187 331 [8]
1 523 [2]
249 273 [4]
244 282 [0]
96 422 [8]
89 429 [8]
108 412 [6]
56 470 [0]
242 280 [4]
99 421 [6]
77 445 [4]
50 477 [0]
127 400 [0]
221 300 [6]
54 467 [6]
252 275 [0]
251 275 [1]
34 485 [8]
34 493 [0]
120 403 [5]
30 498 [0]
140 384 [4]
243 277 [8]
263 265 [0]
7 515 [6]
66 462 [0]
150 374 [4]
10 512 [6]
94 427 [8]
59 470 [0]
178 351 [0]
247 278 [4]
248 276 [5]
34 496 [0]
76 450 [4]
2 526 [2]
86 440 [4]
65 457 [8]
160 362 [8]
219 311 [0]
76 454 [0]
221 309 [0]
0 524 [6]
115 407 [8]
10 513 [7]
151 375 [4]
126 404 [0]
181 342 [8]
254 272 [5]
6 519 [6]
199 327 [5]
157 369 [5]
232 291 [8]
232 296 [4]
7 518 [7]
36 496 [0]
38 494 [0]
91 433 [8]
20 508 [4]
25 504 [4]
3 528 [2]
105 424 [4]
222 306 [5]
117 412 [4]
221 311 [2]
104 422 [8]
161 366 [7]
4 524 [6]
71 457 [6]
57 477 [0]
14 520 [0]
172 358 [4]
88 446 [0]
203 331 [0]
243 291 [0]
59 476 [0]
129 398 [8]
160 367 [8]
7 526 [2]
88 447 [0]
18 510 [7]
215 320 [0]
178 353 [4]
114 417 [4]
123 407 [5]
133 394 [8]
165 363 [8]
144 384 [8]
237 299 [0]
256 280 [0]
133 395 [8]
178 352 [6]
88 444 [4]
48 484 [4]
6 524 [6]
29 503 [4]
171 357 [8]
70 467 [0]
263 270 [4]
26 511 [0]
2 529 [6]
129 403 [5]
118 411 [8]
220 313 [4]
76 457 [4]
169 364 [4]
260 278 [0]
8 528 [2]
1 531 [6]
65 465 [8]
75 459 [4]
10 523 [6]
33 502 [4]
265 270 [4]
162 373 [4]
172 359 [8]
3 530 [6]
79 456 [4]
134 397 [8]
124 407 [8]
184 351 [4]
54 479 [6]
31 502 [6]
248 292 [0]
152 383 [5]
187 345 [8]
188 352 [0]
216 319 [5]
228 307 [5]
225 315 [0]
58 474 [8]
94 447 [0]
189 347 [5]
42 495 [4]
3 533 [6]
234 303 [5]
192 346 [4]
230 308 [4]
35 503 [4]
195 340 [8]
32 507 [4]
217 318 [8]
222 316 [5]
79 464 [0]
104 431 [8]
109 434 [0]
1 540 [2]
206 334 [4]
3 535 [6]
43 501 [0]
118 426 [0]
185 351 [8]
108 430 [6]
254 282 [8]
213 324 [7]
9 531 [4]
221 323 [0]
32 509 [4]
126 411 [8]
26 519 [0]
34 508 [4]
28 514 [4]
198 340 [8]
171 367 [8]
188 353 [5]
175 371 [0]
78 460 [8]
4 536 [6]
52 490 [4]
80 458 [8]
95 452 [0]
123 424 [0]
41 506 [0]
162 381 [4]
51 492 [4]
70 477 [0]
90 457 [0]
107 435 [5]
146 401 [0]
63 480 [4]
267 281 [0]
168 380 [0]
250 290 [8]
194 354 [0]
46 496 [6]
95 453 [0]
82 462 [4]
81 463 [4]
139 402 [8]
247 294 [8]
111 438 [0]
2 541 [6]
261 284 [4]
179 366 [4]
34 512 [4]
6 544 [0]
253 292 [5]
125 417 [8]
39 507 [4]
268 282 [0]
132 414 [4]
85 460 [5]
123 419 [8]
146 404 [0]
242 304 [4]
35 515 [0]
79 467 [4]
12 532 [7]
108 439 [4]
4 541 [6]
78 465 [8]
87 464 [0]
165 382 [4]
234 313 [4]
62 489 [0]
174 373 [4]
24 527 [0]
262 285 [5]
54 491 [7]
8 537 [7]
134 414 [4]
88 464 [0]
241 303 [8]
1 545 [6]
106 446 [0]
255 292 [5]
7 540 [6]
128 417 [8]
26 521 [6]
84 465 [4]
239 310 [4]
28 522 [4]
49 501 [4]
252 298 [4]
25 529 [0]
180 369 [5]
70 480 [4]
163 383 [8]
115 431 [8]
139 411 [4]
2 547 [6]
213 334 [8]
39 512 [4]
21 534 [0]
88 459 [8]
216 339 [0]
209 338 [8]
35 520 [0]
140 407 [8]
140 412 [4]
194 357 [5]
114 438 [4]
6 543 [7]
188 360 [8]
21 531 [4]
202 349 [5]
189 360 [8]
43 507 [7]
243 306 [8]
127 424 [6]
10 541 [6]
65 488 [4]
95 458 [4]
35 518 [4]
157 392 [8]
207 345 [5]
25 526 [6]
40 517 [0]
12 540 [6]
72 486 [0]
144 406 [8]
177 376 [5]
208 342 [8]
87 467 [4]
154 396 [8]
33 525 [0]
268 286 [4]
50 505 [4]
24 531 [4]
78 477 [4]
147 407 [5]
36 523 [0]
72 487 [0]
133 418 [8]
136 419 [4]
174 385 [0]
134 417 [8]
3 549 [7]
6 547 [6]
188 367 [5]
29 525 [6]
206 349 [5]
275 281 [4]
71 487 [2]
18 536 [6]
193 364 [4]
71 488 [2]
268 288 [5]
50 507 [4]
195 358 [8]
257 304 [0]
68 485 [8]
40 513 [8]
15 540 [6]
5 551 [6]
274 282 [6]
268 292 [2]
10 546 [6]
56 502 [4]
59 499 [4]
115 447 [0]
206 348 [8]
117 441 [4]
83 475 [4]
146 412 [4]
20 536 [6]
212 345 [5]
171 388 [4]
164 391 [8]
21 542 [0]
116 447 [0]
22 541 [0]
52 511 [0]
194 364 [5]
163 396 [4]
39 524 [0]
137 426 [0]
157 399 [8]
1 561 [2]
214 350 [0]
64 500 [0]
265 299 [0]
280 284 [0]
196 361 [8]
229 329 [7]
271 286 [8]
69 492 [4]
36 529 [0]
136 425 [4]
95 466 [4]
93 465 [8]
145 421 [0]
84 478 [4]
163 395 [8]
2 557 [7]
219 343 [4]
47 519 [0]
44 523 [0]
222 340 [5]
261 302 [4]
66 497 [4]
99 468 [0]
127 435 [5]
2 558 [7]
240 327 [0]
187 373 [8]
33 531 [4]
46 518 [4]
21 543 [4]
61 503 [4]
179 381 [8]
223 341 [4]
48 512 [8]
249 315 [4]
63 502 [4]
131 434 [4]
67 502 [0]
89 472 [8]
122 447 [0]
180 381 [8]
5 560 [4]
176 389 [4]
54 515 [0]
235 330 [4]
19 548 [2]
259 310 [0]
49 512 [8]
183 382 [4]
192 374 [4]
19 551 [0]
34 536 [0]
99 467 [4]
228 337 [5]
267 299 [4]
29 541 [0]
225 337 [8]
168 395 [8]
7 557 [7]
35 532 [4]
163 404 [4]
37 530 [4]
237 326 [8]
156 407 [8]
246 326 [0]
16 556 [0]
236 336 [0]
279 293 [0]
36 532 [4]
217 351 [4]
286 287 [0]
94 471 [8]
50 523 [0]
10 561 [2]
202 363 [8]
7 559 [7]
194 374 [5]
76 494 [4]
4 563 [7]
242 328 [4]
7 561 [6]
257 313 [4]
214 356 [4]
53 513 [8]
117 454 [4]
236 339 [0]
27 544 [4]
113 458 [4]
279 291 [5]
175 396 [4]
148 423 [4]
237 333 [5]
48 528 [0]
3 567 [6]
205 366 [5]
50 522 [4]
75 497 [4]
220 352 [4]
54 516 [6]
146 422 [8]
73 499 [4]
7 562 [7]
70 502 [4]
261 307 [8]
212 359 [5]
23 546 [7]
162 409 [5]
269 307 [0]
177 392 [8]
192 385 [0]
87 486 [4]
19 553 [6]
206 368 [4]
201 369 [8]
33 537 [8]
17 555 [6]
55 517 [6]
220 353 [5]
5 567 [6]
193 378 [8]
149 426 [4]
26 553 [0]
284 295 [0]
243 329 [8]
125 450 [5]
7 567 [6]
204 372 [4]
262 314 [4]
182 394 [4]
242 333 [5]
161 413 [7]
179 394 [8]
151 422 [8]
16 558 [7]
124 453 [4]
151 430 [0]
5 570 [6]
231 350 [0]
148 425 [8]
93 480 [8]
147 429 [5]
12 562 [7]
287 294 [0]
232 344 [5]
95 487 [0]
152 425 [5]
99 475 [8]
92 486 [4]
73 505 [4]
118 464 [0]
146 428 [8]
258 319 [5]
33 545 [4]
247 332 [4]
55 526 [2]
232 346 [5]
29 548 [6]
35 542 [6]
90 494 [0]
267 317 [0]
3 574 [7]
60 520 [4]
93 487 [4]
59 525 [0]
90 488 [6]
10 568 [6]
249 331 [4]
139 441 [4]
286 295 [4]
260 325 [0]
13 572 [0]
16 569 [0]
41 538 [6]
98 487 [0]
206 371 [8]
2 576 [7]
229 356 [0]
126 451 [8]
15 570 [0]
135 447 [4]
127 455 [4]
25 557 [4]
287 295 [4]
237 341 [8]
234 347 [5]
87 491 [8]
106 476 [4]
205 374 [8]
290 293 [4]
80 502 [5]
239 344 [4]
30 553 [4]
63 520 [4]
41 540 [6]
280 304 [4]
245 338 [5]
257 331 [0]
194 389 [5]
20 568 [0]
85 495 [8]
2 579 [7]
114 466 [8]
211 370 [7]
102 478 [8]
140 445 [4]
286 298 [5]
220 361 [8]
3 579 [7]
227 355 [7]
276 313 [0]
293 296 [0]
213 369 [7]
227 357 [5]
3 580 [6]
235 354 [0]
157 428 [5]
216 366 [8]
246 344 [0]
256 329 [5]
0 583 [7]
264 319 [7]
155 431 [4]
15 569 [6]
20 570 [0]
165 420 [5]
99 487 [4]
0 585 [6]
133 450 [8]
151 435 [5]
279 312 [0]
89 494 [8]
291 300 [0]
256 330 [5]
110 473 [8]
284 302 [5]
38 553 [0]
254 329 [8]
112 474 [5]
58 529 [4]
49 539 [4]
108 480 [4]
108 484 [0]
12 573 [7]
290 294 [8]
118 470 [4]
2 586 [4]
111 477 [4]
2 585 [6]
67 522 [4]
3 583 [7]
124 461 [8]
235 350 [8]
181 407 [5]
43 543 [7]
234 351 [8]
7 582 [4]
113 477 [4]
23 571 [0]
227 362 [5]
286 303 [5]
4 584 [6]
32 558 [4]
39 555 [0]
72 523 [0]
85 502 [8]
40 555 [0]
206 381 [8]
252 339 [4]
205 383 [7]
193 394 [8]
25 570 [0]
275 316 [4]
7 588 [0]
148 443 [4]
126 461 [8]
56 539 [0]
260 329 [7]
248 343 [5]
72 520 [4]
4 592 [0]
36 552 [8]
38 554 [4]
81 508 [8]
97 492 [8]
12 585 [0]
148 441 [8]
222 371 [4]
170 419 [8]
243 348 [7]
35 559 [4]
59 531 [8]
74 520 [4]
158 432 [8]
58 536 [4]
59 536 [4]
181 410 [8]
37 558 [4]
256 338 [5]
247 352 [0]
235 359 [5]
263 332 [4]
251 340 [8]
3 589 [7]
131 464 [4]
195 396 [8]
32 563 [4]
284 310 [5]
210 383 [7]
233 359 [8]
110 486 [4]
119 474 [7]
12 581 [7]
62 531 [7]
192 403 [5]
92 503 [5]
251 350 [0]
71 528 [2]
118 479 [4]
103 490 [8]
22 575 [4]
152 444 [5]
67 534 [0]
127 466 [8]
280 316 [5]
233 360 [8]
171 425 [5]
142 454 [5]
9 589 [4]
149 445 [8]
198 396 [8]
155 439 [8]
21 577 [4]
285 310 [7]
226 368 [8]
151 444 [8]
82 517 [4]
0 599 [4]
50 549 [4]
102 493 [8]
15 581 [7]
26 573 [4]
179 420 [5]
219 377 [8]
282 314 [8]
4 598 [2]
148 448 [8]
107 489 [8]
171 428 [5]
213 386 [5]
26 574 [4]
131 469 [4]
16 581 [7]
235 364 [5]
241 356 [8]
28 573 [4]
0 603 [2]
298 307 [0]
189 409 [7]
154 443 [8]
25 576 [4]
140 461 [4]
59 542 [4]
78 523 [4]
94 503 [8]
36 566 [4]
66 532 [8]
198 404 [4]
66 540 [0]
39 561 [6]
41 558 [7]
3 599 [4]
12 594 [0]
9 593 [4]
199 402 [5]
105 494 [7]
276 330 [0]
28 574 [4]
98 505 [4]
65 538 [4]
52 555 [0]
44 559 [4]
40 563 [4]
105 495 [7]
68 535 [4]
3 597 [7]
210 390 [8]
68 540 [0]
28 576 [4]
148 452 [8]
89 511 [8]
261 342 [5]
262 338 [8]
103 497 [8]
106 494 [8]
238 371 [0]
296 313 [0]
201 403 [5]
124 477 [8]
88 517 [4]
125 480 [5]
110 492 [8]
56 550 [4]
258 352 [0]
62 542 [6]
96 509 [5]
123 483 [5]
268 338 [5]
284 322 [5]
192 415 [4]
164 443 [4]
258 345 [8]
42 569 [0]
41 563 [7]
102 501 [8]
4 601 [7]
61 547 [4]
44 568 [0]
198 406 [8]
237 370 [5]
69 539 [4]
269 343 [0]
63 545 [4]
43 562 [7]
145 463 [5]
22 587 [4]
227 381 [5]
18 591 [4]
19 587 [7]
117 491 [5]
253 360 [0]
4 603 [6]
124 481 [8]
195 413 [5]
17 589 [7]
248 361 [5]
134 476 [4]
42 564 [8]
34 580 [0]
134 472 [8]
6 601 [7]
15 592 [7]
233 376 [5]
7 601 [7]
106 504 [5]
212 398 [5]
127 484 [4]
277 338 [0]
231 380 [4]
2 607 [6]
46 565 [4]
166 445 [4]
299 312 [4]
135 476 [4]
177 433 [5]
15 594 [6]
11 598 [6]
51 557 [8]
65 543 [8]
32 584 [0]
88 524 [4]
167 441 [8]
286 325 [5]
14 595 [7]
138 471 [7]
217 394 [5]
75 542 [0]
6 611 [0]
302 315 [0]
65 544 [8]
213 399 [5]
127 482 [8]
224 390 [4]
168 446 [4]
32 580 [6]
53 557 [8]
198 412 [8]
3 608 [7]
299 315 [4]
178 435 [5]
237 377 [5]
57 554 [8]
244 371 [4]
271 344 [4]
76 539 [4]
230 384 [5]
257 355 [7]
292 322 [5]
168 447 [4]
92 519 [8]
138 474 [7]
153 461 [5]
130 482 [8]
57 559 [4]
111 505 [4]
3 610 [7]
4 614 [2]
2 612 [6]
115 497 [8]
25 591 [4]
5 614 [2]
286 331 [4]
126 490 [5]
305 311 [5]
54 567 [0]
247 369 [5]
12 609 [0]
47 570 [4]
133 483 [5]
251 362 [8]
111 506 [4]
52 569 [0]
12 606 [4]
108 510 [4]
45 572 [5]
2 616 [4]
35 583 [4]
280 337 [5]
16 600 [6]
202 416 [5]
155 460 [8]
19 598 [6]
269 347 [7]
213 405 [5]
111 504 [8]
191 427 [5]
29 590 [4]
81 542 [0]
195 422 [7]
21 603 [0]
197 422 [5]
5 619 [0]
44 576 [4]
139 481 [4]
231 388 [5]
45 571 [8]
242 378 [5]
8 610 [7]
125 495 [5]
179 438 [8]
194 426 [5]
99 518 [8]
133 484 [8]
97 524 [4]
6 619 [0]
239 382 [4]
83 535 [8]
285 336 [5]
13 607 [6]
206 412 [8]
101 520 [5]
61 560 [5]
300 319 [7]
17 605 [4]
292 329 [5]
186 440 [0]
61 562 [4]
292 330 [5]
85 537 [5]
84 539 [4]
265 355 [7]
37 582 [8]
193 430 [4]
143 480 [5]
18 606 [4]
0 621 [7]
30 598 [0]
209 412 [7]
21 607 [0]
229 392 [7]
1 621 [7]
211 411 [7]
86 535 [8]
13 616 [0]
16 607 [6]
232 392 [5]
32 593 [4]
179 442 [8]
57 564 [8]
78 547 [4]
137 488 [4]
1 622 [7]
27 603 [0]
2 624 [4]
160 463 [7]
215 409 [7]
79 544 [8]
238 388 [5]
154 472 [5]
135 491 [5]
314 317 [0]
245 381 [5]
197 430 [4]
229 396 [7]
127 497 [8]
302 330 [0]
176 451 [5]
23 605 [4]
94 530 [8]
224 403 [5]
59 566 [8]
283 342 [8]
246 379 [8]
267 359 [7]
210 415 [8]
153 476 [5]
113 517 [4]
108 522 [4]
7 623 [4]
19 608 [7]
150 477 [8]
78 549 [8]
292 338 [5]
4 627 [4]
246 382 [7]
108 527 [0]
0 628 [7]
274 356 [5]
179 448 [8]
191 435 [9]
3 629 [4]
26 602 [8]
286 350 [0]
3 626 [7]
7 625 [4]
11 621 [4]
96 533 [8]
264 368 [5]
190 442 [5]
6 627 [4]
4 626 [7]
193 439 [5]
54 579 [4]
200 433 [5]
113 521 [4]
316 322 [0]
24 609 [5]
259 379 [0]
220 410 [8]
185 448 [5]
93 541 [4]
225 407 [7]
29 602 [8]
214 420 [5]
12 620 [7]
40 595 [4]
99 536 [4]
12 623 [4]
186 453 [0]
45 589 [5]
6 630 [4]
211 420 [9]
114 526 [0]
26 606 [8]
30 602 [8]
190 446 [4]
13 619 [8]
83 552 [5]
256 379 [5]
15 621 [4]
235 401 [4]
145 487 [8]
269 364 [8]
36 601 [4]
68 569 [4]
42 591 [8]
22 611 [8]
188 448 [5]
63 578 [0]
243 390 [8]
145 491 [5]
35 600 [6]
114 523 [4]
8 626 [7]
283 353 [5]
6 635 [0]
235 403 [3]
299 338 [5]
85 552 [5]
107 531 [5]
16 619 [8]
16 623 [4]
9 631 [4]
36 604 [4]
191 448 [5]
6 638 [0]
11 626 [7]
48 591 [5]
203 436 [5]
156 480 [8]
223 413 [8]
273 371 [0]
215 421 [8]
141 499 [5]
179 458 [8]
178 459 [8]
247 393 [5]
28 609 [8]
322 323 [0]
187 453 [5]
88 549 [8]
5 633 [7]
111 530 [4]
284 356 [5]
75 567 [4]
247 394 [5]
29 609 [8]
313 325 [8]
229 408 [9]
234 408 [5]
289 358 [0]
223 424 [0]
21 622 [4]
312 335 [0]
46 597 [4]
27 614 [6]
65 574 [8]
212 429 [7]
19 629 [0]
66 574 [8]
293 348 [7]
1 641 [6]
107 537 [5]
0 643 [6]
18 627 [4]
65 580 [4]
66 575 [8]
205 435 [9]
153 489 [7]
41 601 [7]
49 596 [4]
252 390 [8]
128 513 [9]
35 615 [0]
93 549 [8]
222 423 [5]
266 385 [0]
309 342 [0]
41 604 [6]
109 538 [4]
303 348 [0]
90 555 [6]
133 514 [5]
52 596 [4]
199 448 [5]
35 609 [8]
246 403 [3]
252 392 [8]
5 641 [6]
105 541 [7]
284 361 [8]
321 332 [0]
102 543 [8]
88 561 [4]
287 362 [5]
242 407 [5]
2 645 [7]
22 624 [8]
222 425 [7]
248 403 [3]
235 414 [5]
85 564 [5]
14 633 [7]
285 370 [0]
37 610 [8]
66 585 [4]
233 414 [8]
83 564 [8]
88 559 [8]
153 495 [7]
42 613 [0]
17 638 [0]
42 605 [8]
271 380 [4]
2 648 [6]
320 336 [0]
194 455 [7]
242 406 [8]
141 510 [5]
279 370 [7]
45 603 [8]
149 502 [5]
27 626 [4]
224 425 [8]
105 545 [7]
323 334 [0]
215 437 [5]
309 348 [0]
138 512 [7]
275 378 [5]
105 548 [5]
197 453 [8]
21 633 [4]
183 467 [8]
96 557 [5]
283 367 [8]
11 640 [7]
65 588 [5]
127 527 [4]
303 350 [5]
44 615 [0]
293 358 [8]
24 631 [4]
7 645 [7]
114 537 [8]
299 352 [8]
117 537 [5]
157 495 [7]
4 649 [6]
48 607 [4]
85 566 [8]
135 516 [8]
19 633 [7]
255 404 [0]
209 443 [8]
270 382 [8]
55 601 [4]
235 418 [7]
196 457 [7]
171 484 [5]
204 451 [5]
155 501 [4]
318 342 [0]
46 610 [4]
185 468 [8]
229 429 [3]
100 552 [9]
183 470 [8]
101 555 [5]
73 584 [4]
221 432 [8]
307 347 [7]
35 622 [4]
297 357 [8]
322 333 [7]
186 476 [0]
148 506 [8]
28 630 [4]
249 408 [5]
10 645 [7]
106 549 [8]
3 656 [4]
0 659 [4]
191 468 [4]
53 602 [8]
297 358 [8]
244 414 [5]
39 620 [4]
246 410 [7]
252 406 [5]
189 470 [5]
9 647 [8]
100 559 [5]
17 640 [7]
35 625 [4]
210 449 [5]
240 422 [3]
36 621 [8]
10 649 [6]
237 424 [4]
328 337 [0]
83 578 [4]
299 361 [5]
293 365 [7]
317 340 [8]
1 657 [7]
304 356 [5]
233 427 [5]
202 459 [5]
84 578 [4]
143 518 [5]
153 504 [9]
159 503 [5]
69 594 [4]
332 335 [0]
6 657 [4]
68 591 [8]
101 557 [9]
10 653 [4]
190 470 [8]
212 451 [5]
209 450 [9]
280 381 [7]
296 365 [7]
110 550 [8]
31 631 [6]
161 500 [7]
141 522 [5]
68 596 [4]
178 485 [5]
79 581 [8]
262 402 [5]
281 388 [0]
245 417 [7]
144 520 [5]
6 663 [0]
127 538 [4]
231 431 [7]
87 578 [4]
97 568 [4]
23 639 [7]
4 665 [0]
94 567 [8]
51 615 [4]
43 623 [4]
227 438 [5]
17 653 [0]
89 573 [8]
283 379 [8]
226 435 [9]
202 464 [4]
127 539 [4]
8 655 [7]
2 662 [7]
266 400 [5]
3 661 [7]
8 659 [4]
135 528 [8]
91 575 [5]
98 565 [8]
258 408 [5]
144 519 [8]
111 556 [4]
248 417 [7]
280 387 [5]
22 646 [4]
143 521 [8]
77 586 [9]
230 438 [5]
164 504 [5]
190 478 [5]
33 636 [4]
130 535 [8]
41 628 [4]
133 535 [5]
173 492 [8]
83 582 [8]
257 409 [7]
116 552 [5]
196 471 [7]
234 433 [7]
76 598 [0]
7 663 [4]
141 525 [8]
40 626 [8]
48 621 [5]
99 567 [8]
16 654 [4]
6 664 [4]
316 354 [5]
113 554 [8]
70 597 [8]
178 489 [8]
109 558 [8]
78 589 [8]
10 661 [4]
10 665 [0]
42 625 [8]
13 658 [4]
150 520 [5]
198 469 [8]
180 490 [5]
63 612 [0]
295 380 [0]
17 659 [0]
1 668 [7]
155 521 [0]
228 439 [9]
99 570 [8]
162 510 [5]
64 605 [8]
254 418 [5]
113 556 [8]
141 531 [5]
334 343 [0]
327 344 [7]
227 446 [5]
68 602 [8]
190 483 [5]
2 669 [7]
44 630 [4]
297 376 [5]
311 359 [8]
49 624 [5]
119 553 [7]
253 426 [0]
141 533 [5]
63 611 [5]
86 585 [8]
53 618 [8]
69 602 [8]
112 562 [5]
213 459 [7]
200 474 [5]
42 633 [4]
318 353 [9]
222 453 [5]
276 396 [8]
166 509 [5]
88 588 [5]
196 478 [7]
288 393 [0]
198 478 [5]
4 670 [7]
324 350 [7]
43 631 [7]
82 591 [8]
296 378 [7]
60 617 [4]
123 553 [5]
261 415 [5]
139 537 [5]
84 589 [8]
64 610 [8]
263 414 [5]
203 474 [5]
218 457 [7]
98 576 [8]
13 662 [7]
9 665 [8]
206 471 [5]
198 476 [8]
133 542 [8]
36 643 [4]
154 522 [7]
12 664 [7]
313 363 [7]
104 574 [5]
69 609 [5]
239 440 [4]
64 615 [4]
260 415 [8]
7 669 [7]
47 632 [4]
130 545 [8]
245 434 [5]
152 527 [5]
59 617 [8]
139 541 [4]
284 393 [7]
71 606 [7]
18 666 [0]
70 610 [4]
135 544 [5]
45 635 [5]
255 430 [0]
44 637 [4]
78 602 [5]
173 507 [5]
198 479 [8]
93 584 [8]
234 443 [8]
52 625 [8]
26 652 [8]
2 678 [6]
24 654 [8]
108 578 [0]
232 449 [5]
3 676 [7]
110 569 [8]
296 384 [7]
10 670 [7]
304 378 [5]
141 537 [9]
269 409 [9]
150 529 [8]
34 649 [4]
162 517 [8]
1 679 [7]
223 459 [5]
187 496 [5]
103 577 [8]
279 404 [5]
266 417 [5]
306 382 [0]
312 371 [5]
108 580 [0]
34 650 [4]
83 597 [8]
308 380 [0]
300 388 [0]
97 586 [5]
120 564 [5]
180 504 [5]
303 386 [0]
76 605 [8]
18 664 [7]
12 677 [0]
174 510 [5]
91 593 [5]
232 450 [7]
26 656 [8]
0 686 [4]
153 530 [7]
87 595 [8]
23 660 [7]
239 443 [8]
233 452 [5]
143 543 [5]
10 674 [7]
30 653 [8]
51 636 [4]
45 637 [9]
182 504 [5]
201 482 [8]
36 647 [8]
58 628 [5]
152 534 [5]
2 682 [7]
261 426 [5]
127 560 [5]
271 421 [0]
341 351 [0]
236 450 [7]
106 582 [5]
245 441 [7]
136 550 [8]
282 405 [7]
111 575 [8]
275 414 [5]
2 685 [7]
170 516 [8]
156 530 [8]
57 633 [4]
295 393 [7]
53 638 [4]
310 380 [5]
121 566 [8]
6 685 [4]
227 459 [9]
320 367 [8]
168 522 [5]
269 418 [9]
21 671 [4]
6 690 [0]
98 594 [4]
332 357 [7]
141 551 [5]
0 693 [4]
161 529 [7]
116 573 [8]
247 446 [4]
85 604 [8]
301 396 [0]
273 424 [0]
265 427 [5]
52 637 [8]
246 446 [6]
236 455 [7]
307 384 [7]
20 674 [4]
57 641 [0]
73 617 [8]
29 661 [8]
21 677 [0]
178 516 [4]
237 456 [5]
56 638 [4]
12 679 [7]
8 690 [0]
124 570 [5]
230 462 [7]
154 540 [5]
0 695 [4]
171 523 [5]
44 647 [8]
162 529 [8]
123 571 [5]
193 502 [5]
272 428 [0]
307 388 [5]
247 448 [5]
270 425 [5]
28 668 [4]
215 478 [7]
195 500 [5]
255 436 [9]
18 675 [7]
240 460 [1]
2 695 [4]
253 443 [5]
101 591 [9]
53 640 [8]
314 387 [0]
33 660 [8]
172 521 [8]
94 599 [9]
274 424 [4]
298 404 [0]
4 691 [7]
18 678 [6]
302 393 [7]
174 521 [8]
96 602 [5]
231 463 [9]
277 426 [0]
70 625 [8]
243 454 [7]
75 621 [8]
156 540 [8]
264 433 [7]
13 687 [4]
96 599 [9]
124 576 [5]
341 364 [0]
27 678 [0]
323 374 [8]
317 387 [1]
149 551 [5]
114 586 [5]
291 407 [7]
70 627 [8]
44 657 [4]
155 543 [8]
28 678 [0]
98 604 [4]
329 377 [0]
130 568 [8]
270 429 [7]
220 481 [5]
139 559 [8]
46 652 [8]
181 517 [8]
63 639 [4]
53 649 [4]
27 675 [4]
131 567 [8]
78 620 [8]
71 629 [7]
328 379 [0]
109 593 [5]
146 553 [8]
197 503 [7]
34 665 [8]
331 369 [7]
108 595 [4]
93 614 [0]
2 699 [6]
282 418 [7]
42 657 [8]
348 359 [0]
97 605 [5]
194 506 [7]
79 623 [5]
56 648 [4]
254 449 [5]
142 561 [5]
84 619 [5]
159 544 [5]
113 587 [8]
209 490 [9]
12 696 [0]
7 694 [7]
278 430 [0]
74 626 [8]
53 651 [5]
269 431 [9]
51 653 [5]
84 617 [8]
198 506 [5]
316 388 [5]
265 437 [7]
308 401 [0]
105 600 [5]
21 685 [4]
203 502 [5]
48 657 [5]
106 600 [4]
4 699 [7]
133 572 [5]
31 672 [7]
4 702 [4]
170 532 [9]
163 543 [5]
333 378 [0]
25 682 [4]
20 687 [4]
97 609 [5]
13 690 [8]
313 391 [7]
328 377 [7]
101 602 [9]
25 683 [4]
137 571 [4]
114 591 [8]
313 393 [7]
139 566 [8]
119 587 [7]
106 603 [4]
3 703 [7]
105 605 [3]
263 445 [5]
57 651 [5]
3 704 [7]
250 464 [0]
254 455 [5]
161 552 [1]
143 566 [5]
352 355 [7]
176 531 [7]
10 700 [4]
47 664 [4]
141 565 [9]
2 706 [7]
26 685 [4]
27 684 [4]
215 493 [7]
233 475 [7]
101 605 [9]
36 672 [8]
331 385 [0]
76 636 [4]
301 407 [9]
318 399 [0]
36 677 [4]
2 711 [4]
43 670 [4]
306 402 [9]
142 569 [7]
21 689 [8]
217 496 [5]
290 423 [5]
349 369 [0]
40 670 [8]
0 711 [7]
126 584 [8]
112 597 [9]
259 452 [7]
294 424 [0]
73 641 [4]
36 679 [4]
115 600 [4]
147 567 [5]
180 534 [5]
4 711 [4]
131 583 [5]
143 568 [8]
280 434 [5]
96 618 [5]
2 713 [4]
97 617 [5]
89 625 [5]
58 657 [5]
270 445 [5]
31 683 [6]
3 710 [7]
144 568 [8]
193 519 [8]
217 497 [7]
119 593 [9]
317 397 [7]
4 710 [7]
147 569 [5]
155 558 [8]
58 658 [5]
2 712 [7]
329 392 [0]
165 551 [5]
112 604 [5]
59 655 [8]
39 679 [4]
83 634 [5]
163 554 [5]
238 475 [9]
267 448 [7]
75 643 [4]
114 604 [4]
166 551 [5]
100 617 [5]
320 397 [5]
267 447 [8]
9 714 [0]
207 507 [9]
214 501 [8]
243 473 [7]
35 684 [4]
281 434 [8]
176 542 [5]
14 703 [7]
226 491 [7]
14 706 [4]
83 633 [8]
141 574 [9]
191 525 [8]
215 502 [7]
95 621 [8]
97 622 [5]
223 496 [5]
74 642 [8]
11 705 [8]
186 534 [4]
266 453 [5]
86 629 [9]
273 444 [7]
2 715 [7]
275 444 [5]
104 611 [9]
264 456 [5]
45 675 [5]
153 563 [9]
1 717 [7]
79 638 [8]
196 522 [7]
56 661 [8]
206 512 [7]
250 466 [9]
21 697 [8]
284 434 [8]
220 501 [5]
221 501 [4]
337 389 [0]
79 639 [8]
175 543 [8]
54 665 [8]
105 615 [7]
6 717 [4]
20 703 [4]
52 667 [8]
106 616 [5]
277 441 [9]
140 582 [5]
184 538 [5]
2 721 [4]
42 681 [4]
3 720 [4]
10 713 [4]
217 503 [7]
360 367 [0]
170 551 [7]
49 671 [8]
356 372 [0]
3 721 [4]
5 719 [4]
55 669 [4]
2 723 [4]
291 435 [3]
94 630 [5]
315 407 [7]
55 666 [8]
253 469 [7]
321 400 [8]
281 441 [7]
34 692 [4]
69 656 [5]
66 660 [4]
174 551 [5]
22 708 [0]
312 411 [7]
254 471 [5]
273 450 [7]
55 671 [4]
74 651 [5]
6 720 [4]
179 546 [5]
100 625 [5]
151 574 [5]
96 626 [8]
199 527 [5]
0 724 [7]
212 510 [9]
280 443 [8]
81 642 [8]
6 725 [0]
249 477 [5]
40 686 [5]
324 407 [0]
270 453 [8]
180 547 [5]
29 695 [8]
289 443 [0]
50 678 [4]
67 661 [4]
272 457 [3]
281 444 [7]
213 512 [7]
101 622 [9]
0 728 [4]
15 713 [4]
255 470 [7]
213 510 [9]
183 545 [5]
297 429 [7]
96 632 [5]
345 380 [8]
358 375 [0]
193 533 [8]
80 649 [5]
168 557 [9]
315 412 [7]
26 700 [8]
130 596 [8]
183 546 [5]
83 643 [8]
49 681 [4]
134 595 [5]
341 386 [7]
213 515 [7]
9 722 [4]
293 433 [9]
300 428 [7]
263 467 [5]
70 657 [8]
246 480 [9]
15 721 [0]
340 396 [0]
355 378 [3]
128 600 [8]
167 560 [9]
170 557 [9]
220 511 [5]
331 398 [7]
227 502 [7]
259 470 [7]
281 448 [7]
28 708 [0]
281 449 [7]
171 559 [7]
318 414 [5]
246 482 [9]
318 410 [9]
248 482 [7]
104 624 [9]
308 420 [9]
238 490 [9]
199 531 [7]
48 681 [8]
331 403 [3]
69 661 [8]
338 400 [0]
24 706 [8]
132 601 [5]
216 513 [9]
127 606 [5]
337 394 [7]
15 719 [4]
41 697 [0]
183 550 [5]
59 671 [8]
19 715 [4]
2 729 [7]
20 718 [0]
215 519 [5]
128 603 [8]
266 466 [7]
106 628 [5]
18 721 [0]
314 418 [7]
351 381 [7]
223 511 [5]
1 732 [7]
155 577 [8]
11 722 [7]
12 728 [0]
2 734 [4]
175 560 [5]
329 402 [9]
317 416 [7]
48 687 [5]
63 673 [4]
351 389 [0]
45 691 [5]
144 592 [5]
64 673 [4]
138 598 [5]
17 720 [4]
261 473 [7]
158 580 [4]
200 535 [7]
191 546 [5]
101 632 [9]
115 622 [5]
147 590 [5]
36 698 [8]
1 737 [4]
207 529 [7]
264 472 [7]
238 498 [7]
167 571 [5]
298 436 [9]
244 490 [9]
74 661 [8]
180 555 [8]
362 381 [0]
12 731 [0]
182 553 [8]
125 613 [5]
120 615 [8]
2 737 [4]
255 481 [7]
250 487 [7]
19 725 [0]
45 694 [5]
212 527 [5]
70 666 [8]
250 491 [3]
219 520 [5]
6 734 [4]
294 446 [5]
130 606 [9]
299 441 [5]
12 726 [7]
64 677 [4]
11 735 [0]
22 720 [4]
188 551 [7]
262 476 [8]
302 437 [7]
89 649 [8]
100 638 [8]
373 374 [0]
10 733 [4]
255 483 [9]
60 683 [4]
357 390 [0]
44 695 [8]
0 740 [7]
39 708 [0]
284 456 [7]
208 534 [5]
2 739 [6]
59 680 [8]
172 571 [5]
59 681 [8]
218 523 [7]
303 442 [3]
44 696 [8]
223 518 [7]
4 739 [6]
110 631 [8]
336 408 [5]
364 380 [5]
55 686 [8]
92 649 [8]
58 683 [8]
201 540 [8]
151 590 [8]
134 610 [5]
283 462 [5]
44 698 [8]
70 676 [4]
136 614 [0]
46 701 [4]
33 710 [8]
5 742 [4]
14 733 [4]
282 464 [5]
163 579 [9]
210 534 [7]
49 697 [5]
131 612 [8]
119 629 [3]
188 560 [3]
112 630 [9]
15 736 [0]
12 735 [4]
31 714 [6]
307 436 [9]
107 640 [5]
263 482 [7]
351 394 [7]
160 583 [9]
263 484 [5]
26 718 [8]
21 723 [8]
111 638 [4]
89 659 [5]
166 582 [5]
158 587 [8]
55 690 [8]
357 388 [8]
36 709 [8]
183 565 [5]
147 598 [8]
341 406 [7]
220 529 [5]
153 594 [7]
265 484 [5]
25 721 [8]
359 395 [0]
238 513 [3]
213 534 [7]
170 575 [9]
228 518 [9]
224 523 [8]
262 488 [5]
48 699 [8]
112 634 [9]
97 654 [5]
133 618 [5]
310 446 [0]
223 525 [8]
366 390 [0]
98 653 [5]
178 570 [8]
315 432 [9]
242 507 [7]
250 497 [9]
372 379 [5]
279 470 [7]
18 732 [7]
47 702 [8]
231 519 [7]
70 683 [4]
125 629 [3]
11 742 [4]
4 749 [4]
154 596 [7]
341 407 [9]
217 536 [5]
27 723 [8]
197 556 [5]
163 586 [9]
25 729 [4]
63 687 [8]
130 623 [5]
246 503 [9]
68 686 [5]
121 629 [9]
10 745 [4]
12 743 [4]
284 466 [9]
281 470 [8]
173 581 [5]
131 623 [5]
225 527 [7]
128 622 [9]
262 490 [7]
114 638 [8]
255 498 [7]
21 731 [8]
22 734 [4]
30 730 [0]
187 568 [5]
339 421 [0]
312 441 [7]
202 553 [5]
59 696 [5]
251 501 [8]
80 675 [5]
278 474 [9]
198 554 [9]
30 723 [8]
235 521 [5]
235 519 [7]
272 489 [0]
332 420 [9]
321 431 [9]
282 473 [7]
201 552 [9]
258 497 [7]
294 459 [9]
34 724 [4]
348 412 [2]
51 703 [8]
15 743 [4]
81 673 [8]
365 398 [0]
269 487 [7]
250 510 [3]
95 663 [5]
174 584 [5]
257 499 [7]
4 755 [4]
242 514 [7]
21 735 [8]
313 443 [8]
221 535 [8]
153 604 [7]
77 682 [5]
263 496 [5]
150 611 [3]
251 508 [5]
187 570 [7]
63 693 [8]
338 426 [0]
293 463 [9]
201 559 [5]
33 727 [5]
21 736 [8]
229 527 [9]
52 705 [8]
4 761 [0]
164 596 [5]
53 704 [8]
88 669 [8]
199 557 [9]
376 381 [9]
262 499 [5]
5 761 [0]
4 758 [4]
38 720 [8]
314 445 [7]
119 640 [7]
108 650 [8]
227 537 [3]
152 606 [9]
328 434 [5]
130 632 [5]
13 746 [8]
362 406 [0]
192 568 [8]
38 730 [0]
54 710 [4]
1 760 [7]
36 724 [8]
127 633 [8]
131 633 [5]
11 758 [0]
208 552 [9]
310 452 [7]
30 731 [8]
20 749 [0]
158 607 [4]
222 542 [5]
354 410 [5]
177 583 [9]
191 573 [5]
204 558 [7]
52 710 [8]
380 383 [7]
56 706 [8]
384 386 [0]
48 714 [8]
6 760 [4]
111 654 [5]
35 727 [8]
24 738 [8]
208 558 [5]
289 473 [9]
65 701 [5]
28 735 [8]
218 544 [9]
35 732 [4]
88 676 [8]
269 496 [7]
381 391 [0]
154 613 [5]
172 591 [9]
183 584 [5]
326 446 [0]
76 688 [8]
284 481 [7]
47 717 [8]
42 730 [0]
36 732 [4]
201 566 [5]
142 627 [3]
366 406 [0]
328 436 [9]
124 641 [8]
7 759 [7]
175 590 [8]
81 687 [5]
80 688 [5]
338 432 [3]
265 501 [7]
352 421 [0]
204 562 [7]
280 486 [7]
279 488 [7]
144 621 [9]
105 660 [9]
3 767 [4]
182 584 [8]
374 400 [0]
241 525 [8]
288 486 [0]
74 696 [5]
261 507 [7]
88 679 [8]
4 767 [4]
290 478 [7]
187 579 [9]
218 550 [7]
244 522 [9]
176 592 [7]
100 667 [9]
243 525 [8]
323 444 [9]
179 592 [5]
32 740 [4]
191 576 [9]
8 764 [4]
242 529 [5]
365 404 [7]
327 449 [0]
363 414 [0]
18 755 [4]
116 656 [5]
274 496 [7]
116 652 [9]
31 746 [0]
12 766 [0]
163 610 [5]
136 637 [5]
6 772 [0]
9 765 [4]
257 512 [9]
106 668 [5]
261 509 [9]
133 637 [9]
185 587 [7]
329 445 [5]
189 581 [9]
297 475 [7]
245 527 [7]
32 743 [4]
68 703 [8]
295 476 [8]
5 768 [6]
128 646 [5]
150 621 [9]
172 600 [8]
133 642 [5]
368 404 [8]
65 707 [8]
346 434 [0]
104 667 [9]
233 542 [5]
6 774 [0]
270 504 [7]
8 769 [4]
45 727 [9]
223 553 [5]
380 401 [0]
77 695 [9]
102 674 [5]
126 650 [5]
229 549 [3]
22 755 [4]
167 605 [9]
189 583 [9]
254 520 [7]
6 776 [0]
40 737 [5]
30 744 [8]
43 739 [0]
308 467 [7]
65 709 [8]
292 483 [7]
82 695 [5]
97 677 [8]
46 730 [6]
162 612 [8]
359 423 [0]
281 494 [7]
384 392 [7]
120 654 [9]
368 415 [0]
370 413 [0]
172 603 [8]
171 607 [5]
94 684 [5]
1 775 [7]
125 656 [3]
153 628 [3]
376 399 [9]
164 611 [9]
71 706 [7]
81 698 [5]
82 697 [5]
155 624 [5]
230 547 [7]
84 692 [8]
245 531 [9]
119 657 [9]
152 626 [7]
306 479 [0]
84 696 [5]
356 424 [5]
162 618 [5]
75 702 [8]
126 654 [5]
165 611 [9]
120 656 [9]
62 716 [8]
320 461 [5]
126 651 [9]
360 426 [0]
391 395 [0]
118 663 [5]
256 523 [7]
365 420 [1]
203 574 [9]
113 668 [5]
354 425 [7]
288 495 [3]
175 606 [5]
84 697 [5]
48 733 [5]
264 514 [9]
315 464 [8]
335 445 [7]
265 515 [7]
328 452 [7]
256 524 [7]
198 585 [5]
387 401 [0]
278 501 [9]
255 524 [9]
301 478 [9]
0 784 [4]
307 472 [9]
205 578 [5]
373 415 [0]
338 441 [9]
71 713 [4]
38 742 [8]
226 560 [3]
127 657 [5]
146 634 [9]
169 612 [8]
75 706 [8]
333 456 [0]
231 549 [9]
323 457 [9]
63 718 [8]
265 519 [5]
152 628 [9]
95 689 [5]
213 570 [7]
373 410 [7]
101 680 [9]
87 698 [5]
5 781 [4]
274 513 [3]
385 400 [5]
204 577 [9]
12 778 [0]
255 532 [3]
35 751 [4]
302 485 [3]
260 523 [7]
6 780 [4]
385 403 [3]
134 649 [8]
301 481 [9]
42 741 [8]
353 438 [0]
36 750 [5]
28 755 [8]
359 429 [3]
61 725 [5]
247 539 [5]
147 639 [5]
2 785 [4]
31 754 [6]
140 644 [8]
37 750 [5]
18 768 [6]
138 645 [9]
75 709 [8]
277 506 [9]
117 666 [9]
8 781 [4]
17 776 [0]
298 488 [7]
25 768 [0]
246 540 [7]
236 550 [7]
70 715 [8]
205 579 [9]
103 682 [8]
77 711 [5]
76 710 [8]
280 505 [9]
25 765 [4]
3 787 [4]
125 662 [7]
106 683 [5]
229 556 [9]
11 783 [0]
128 657 [9]
207 580 [7]
82 708 [4]
25 761 [8]
78 712 [5]
27 768 [0]
288 504 [3]
130 660 [5]
155 636 [4]
127 663 [5]
375 411 [9]
53 734 [8]
235 553 [7]
342 444 [9]
12 784 [0]
124 663 [9]
296 491 [9]
244 543 [9]
219 572 [5]
266 525 [5]
25 763 [8]
212 575 [9]
129 662 [5]
17 775 [4]
352 437 [7]
234 560 [3]
4 789 [4]
23 774 [0]
19 774 [4]
1 792 [4]
229 565 [3]
91 697 [9]
82 707 [8]
160 634 [3]
281 513 [3]
344 444 [9]
58 734 [5]
180 613 [5]
345 453 [0]
394 395 [9]
183 610 [5]
87 706 [5]
62 732 [4]
323 466 [9]
292 499 [7]
28 762 [8]
66 724 [8]
124 665 [9]
199 591 [9]
289 507 [3]
371 424 [4]
306 484 [9]
63 732 [4]
102 692 [5]
315 475 [9]
1 791 [7]
218 579 [3]
43 753 [4]
21 775 [4]
128 663 [9]
395 402 [3]
156 639 [5]
75 717 [8]
363 428 [9]
95 700 [5]
304 489 [7]
363 430 [7]
354 441 [5]
32 768 [0]
278 514 [9]
24 769 [8]
269 525 [7]
361 440 [0]
112 684 [5]
215 577 [9]
297 497 [7]
152 642 [7]
321 473 [7]
153 641 [7]
347 454 [0]
17 780 [4]
339 455 [7]
20 777 [4]
278 515 [9]
122 672 [8]
129 668 [5]
151 643 [8]
253 546 [3]
280 515 [7]
216 577 [9]
124 673 [5]
283 512 [7]
77 720 [5]
184 610 [9]
203 593 [7]
38 757 [8]
53 742 [8]
22 773 [8]
29 766 [8]
368 432 [3]
107 687 [9]
354 442 [7]
118 680 [5]
88 707 [8]
40 758 [5]
63 733 [8]
8 796 [0]
241 554 [9]
253 542 [9]
390 405 [9]
222 579 [3]
4 793 [7]
309 486 [9]
45 754 [5]
18 782 [4]
51 748 [5]
399 402 [3]
334 462 [9]
288 514 [3]
138 658 [9]
12 789 [4]
152 648 [5]
261 540 [5]
70 732 [4]
146 651 [9]
181 620 [5]
399 400 [7]
330 468 [8]
239 562 [5]
276 523 [7]
181 616 [9]
229 574 [3]
131 670 [5]
266 533 [7]
231 568 [7]
372 434 [0]
125 672 [9]
348 449 [9]
251 548 [8]
312 488 [7]
190 612 [5]
186 616 [5]
278 520 [9]
195 607 [5]
372 432 [3]
247 555 [5]
14 789 [4]
206 599 [3]
112 687 [9]
156 644 [8]
252 549 [7]
255 544 [9]
275 528 [5]
229 570 [9]
234 565 [9]
173 627 [9]
68 736 [5]
144 660 [5]
161 639 [9]
111 693 [5]
301 505 [3]
134 666 [9]
386 423 [0]
164 640 [5]
240 566 [3]
229 577 [3]
26 776 [8]
37 765 [8]
27 779 [4]
340 470 [0]
372 430 [8]
96 709 [5]
397 413 [0]
329 472 [9]
42 768 [0]
211 597 [3]
62 741 [8]
364 447 [0]
387 417 [7]
174 628 [9]
287 517 [7]
213 589 [9]
148 658 [5]
260 543 [9]
294 511 [7]
70 734 [8]
132 675 [5]
9 795 [8]
56 748 [8]
162 645 [5]
92 715 [5]
66 738 [8]
223 584 [5]
64 744 [5]
376 437 [0]
261 545 [7]
26 783 [4]
258 552 [3]
133 675 [5]
144 664 [5]
121 687 [5]
36 769 [8]
70 736 [8]
62 744 [8]
209 602 [3]
66 740 [8]
41 769 [4]
187 624 [3]
223 582 [9]
73 733 [8]
260 545 [9]
346 468 [0]
397 417 [0]
26 781 [8]
185 627 [3]
216 594 [5]
257 549 [9]
302 504 [9]
313 493 [9]
375 440 [0]
226 581 [9]
65 743 [8]
126 685 [5]
387 420 [9]
9 799 [8]
43 766 [8]
324 493 [0]
404 406 [7]
190 624 [3]
358 457 [3]
240 577 [1]
96 714 [8]
389 421 [8]
20 794 [4]
72 738 [8]
229 580 [9]
301 514 [3]
208 603 [8]
64 750 [5]
170 642 [7]
42 772 [5]
359 451 [9]
217 595 [7]
21 790 [8]
272 546 [1]
49 766 [5]
113 702 [5]
169 646 [5]
188 629 [3]
314 499 [7]
210 601 [9]
241 573 [7]
16 798 [7]
331 483 [7]
67 746 [8]
358 456 [7]
70 747 [4]
84 729 [8]
364 451 [7]
92 721 [9]
338 475 [9]
97 720 [5]
300 515 [7]
330 483 [9]
161 658 [3]
386 430 [7]
43 772 [8]
21 798 [4]
267 548 [8]
225 589 [9]
105 715 [3]
382 434 [7]
28 787 [8]
76 740 [8]
401 416 [7]
269 548 [7]
139 680 [5]
410 414 [0]
378 437 [9]
37 783 [4]
48 771 [5]
122 697 [5]
117 698 [9]
201 615 [8]
298 518 [9]
100 716 [9]
199 617 [9]
120 696 [9]
203 614 [8]
314 502 [9]
24 796 [5]
75 743 [8]
165 652 [9]
304 515 [7]
245 572 [9]
176 647 [3]
59 762 [5]
274 543 [9]
158 660 [8]
123 694 [9]
170 653 [3]
149 673 [5]
56 766 [5]
236 588 [3]
230 590 [7]
315 509 [3]
46 777 [4]
391 435 [1]
209 616 [3]
191 628 [9]
314 505 [9]
174 649 [5]
397 424 [7]
389 434 [5]
290 531 [7]
179 641 [8]
85 738 [5]
117 706 [5]
22 799 [8]
192 632 [5]
26 795 [8]
161 667 [1]
148 676 [5]
301 528 [0]
120 700 [9]
60 761 [8]
411 418 [0]
322 500 [7]
220 606 [3]
245 576 [9]
163 662 [5]
328 493 [9]
377 453 [0]
363 458 [9]
41 782 [7]
66 756 [8]
326 495 [9]
30 792 [8]
182 641 [8]
76 747 [8]
145 681 [5]
201 625 [5]
204 620 [7]
312 510 [9]
56 770 [5]
234 590 [7]
278 544 [9]
56 767 [8]
284 541 [7]
267 556 [9]
326 497 [9]
397 426 [9]
172 655 [5]
81 746 [5]
368 464 [0]
401 422 [9]
102 722 [8]
387 438 [7]
118 709 [5]
394 438 [0]
410 423 [0]
150 674 [9]
208 620 [5]
159 669 [5]
293 531 [9]
36 789 [8]
97 731 [5]
286 540 [7]
59 770 [5]
90 740 [4]
159 666 [9]
169 656 [9]
307 518 [9]
120 705 [9]
162 663 [9]
408 427 [0]
98 729 [8]
276 550 [9]
218 608 [9]
251 575 [9]
159 667 [9]
392 443 [0]
372 456 [7]
95 732 [8]
261 565 [9]
40 790 [5]
187 641 [7]
46 786 [4]
49 779 [8]
284 545 [7]
41 791 [4]
77 754 [5]
252 575 [9]
162 670 [5]
42 787 [8]
33 799 [5]
342 486 [9]
221 608 [8]
169 659 [9]
115 717 [5]
249 579 [9]
282 546 [9]
194 636 [7]
376 462 [0]
277 560 [1]
292 539 [7]
361 470 [7]
38 792 [8]
183 652 [3]
407 431 [0]
171 660 [7]
288 547 [3]
72 758 [8]
356 473 [9]
88 745 [5]
406 429 [3]
260 575 [3]
201 632 [5]
45 785 [9]
176 654 [9]
150 686 [3]
159 675 [5]
73 761 [5]
109 726 [5]
120 711 [9]
144 687 [9]
236 595 [9]
62 770 [8]
336 497 [7]
119 712 [9]
240 600 [0]
137 698 [5]
352 485 [3]
353 487 [0]
136 700 [5]
110 726 [5]
43 790 [8]
85 748 [9]
114 723 [5]
118 719 [5]
316 526 [0]
400 433 [9]
280 555 [7]
407 426 [9]
254 579 [9]
401 432 [9]
397 438 [8]
90 745 [8]
139 695 [9]
333 509 [1]
49 786 [8]
106 728 [9]
167 667 [9]
145 694 [5]
186 650 [8]
175 664 [5]
132 707 [5]
66 773 [5]
88 751 [5]
180 656 [9]
140 696 [9]
123 713 [9]
139 701 [5]
173 663 [9]
405 441 [0]
211 634 [1]
261 576 [9]
293 544 [9]
91 746 [9]
367 479 [0]
91 751 [5]
206 632 [9]
416 431 [0]
198 644 [5]
343 495 [9]
97 745 [5]
335 509 [3]
243 596 [9]
239 604 [5]
231 608 [9]
322 526 [0]
349 499 [0]
194 651 [3]
363 477 [9]
307 533 [9]
147 693 [9]
378 462 [9]
157 690 [3]
107 734 [9]
254 589 [7]
289 558 [3]
269 572 [9]
55 788 [8]
205 637 [9]
211 631 [9]
195 649 [7]
196 648 [7]
246 596 [9]
414 428 [9]
184 658 [9]
249 595 [7]
123 719 [9]
409 434 [9]
298 545 [9]
284 565 [3]
57 787 [8]
203 644 [5]
121 726 [5]
143 700 [9]
178 669 [5]
198 651 [3]
215 634 [3]
310 534 [9]
64 784 [5]
296 554 [3]
244 606 [3]
406 440 [7]
268 576 [9]
59 789 [5]
294 553 [7]
334 511 [9]
186 660 [8]
54 792 [8]
171 674 [9]
338 513 [3]
200 645 [9]
139 710 [5]
358 488 [9]
392 454 [9]
351 495 [9]
58 788 [9]
74 776 [5]
370 482 [3]
146 700 [9]
394 461 [0]
210 638 [7]
311 536 [8]
371 478 [7]
243 610 [3]
316 537 [3]
134 713 [9]
350 499 [7]
272 582 [2]
272 583 [1]
335 512 [9]
194 659 [3]
318 537 [1]
75 776 [5]
89 763 [5]
412 445 [0]
389 459 [9]
386 462 [9]
216 636 [5]
289 565 [3]
377 471 [9]
304 544 [9]
397 457 [3]
415 433 [9]
105 749 [3]
232 623 [3]
82 771 [5]
54 796 [8]
382 476 [0]
344 505 [9]
395 460 [3]
93 757 [9]
52 799 [8]
178 673 [8]
129 721 [9]
423 433 [3]
279 571 [9]
367 490 [3]
187 664 [9]
78 777 [5]
301 556 [3]
167 688 [5]
281 576 [3]
258 599 [3]
78 778 [5]
258 596 [7]
244 608 [9]
296 556 [9]
72 781 [8]
213 639 [9]
202 650 [9]
103 753 [5]
170 682 [9]
230 623 [9]
213 640 [9]
243 616 [3]
362 497 [3]
164 689 [9]
99 758 [5]
61 793 [8]
424 435 [3]
405 458 [0]
174 686 [3]
223 636 [5]
240 623 [1]
325 530 [9]
184 673 [7]
242 619 [3]
322 533 [9]
192 663 [9]
247 612 [5]
336 523 [5]
145 714 [5]
307 554 [3]
131 729 [5]
187 669 [9]
329 527 [9]
360 500 [5]
154 702 [9]
105 758 [3]
145 712 [9]
411 455 [0]
288 577 [1]
170 693 [3]
426 431 [9]
339 520 [7]
162 699 [5]
112 745 [9]
179 683 [5]
344 516 [7]
350 508 [9]
353 511 [3]
291 567 [9]
405 459 [3]
250 616 [1]
304 560 [3]
399 469 [0]
274 585 [9]
256 609 [3]
96 768 [4]
104 759 [5]
263 600 [5]
83 781 [5]
392 474 [3]
350 510 [9]
167 693 [9]
127 737 [5]
334 528 [7]
103 759 [8]
390 471 [9]
87 778 [5]
89 776 [5]
250 619 [1]
79 786 [5]
81 784 [5]
189 672 [9]
344 526 [0]
115 747 [8]
82 784 [5]
160 704 [7]
160 702 [9]
107 755 [9]
167 699 [5]
207 661 [3]
217 645 [9]
83 780 [8]
181 682 [9]
111 753 [8]
295 574 [3]
71 795 [7]
127 741 [5]
328 538 [7]
345 528 [0]
321 552 [1]
138 733 [3]
399 468 [7]
82 787 [5]
198 667 [9]
91 778 [5]
305 569 [0]
164 701 [9]
381 484 [9]
409 465 [0]
383 492 [0]
370 502 [3]
273 593 [9]
73 794 [8]
300 566 [9]
419 456 [0]
372 494 [9]
424 446 [5]
354 515 [7]
121 746 [9]
269 606 [1]
269 600 [7]
289 586 [1]
163 708 [5]
79 792 [5]
203 664 [9]
168 705 [3]
205 662 [9]
82 790 [5]
122 747 [8]
112 756 [9]
338 530 [9]
73 799 [5]
117 755 [5]
336 532 [9]
298 577 [3]
189 680 [9]
82 791 [5]
201 672 [5]
169 700 [9]
137 736 [5]
335 536 [7]
434 436 [9]
356 516 [7]
369 511 [0]
342 529 [9]
114 761 [5]
387 486 [7]
93 779 [8]
105 772 [3]
133 738 [9]
226 651 [3]
318 560 [2]
419 461 [0]
174 697 [9]
167 708 [5]
292 586 [3]
166 706 [9]
132 744 [5]
227 645 [9]
276 602 [3]
191 684 [7]
80 793 [9]
299 578 [5]
103 774 [5]
194 679 [9]
117 760 [5]
409 474 [0]
203 671 [9]
307 567 [9]
390 484 [9]
229 653 [1]
370 513 [1]
200 675 [9]
363 521 [0]
120 760 [5]
205 673 [7]
296 588 [1]
148 728 [9]
396 481 [9]
171 708 [7]
278 605 [3]
249 634 [3]
98 780 [8]
140 737 [9]
390 488 [9]
270 608 [9]
218 660 [9]
237 647 [3]
220 658 [9]
173 705 [9]
319 568 [0]
133 746 [9]
438 443 [7]
228 657 [3]
268 619 [1]
285 603 [0]
150 729 [9]
237 642 [9]
309 577 [3]
170 716 [3]
145 735 [9]
131 753 [5]
198 684 [7]
108 773 [8]
92 788 [9]
188 698 [3]
233 653 [3]
428 458 [3]
165 716 [9]
121 764 [5]
257 630 [3]
129 752 [9]
147 739 [5]
237 645 [9]
172 710 [9]
361 525 [5]
255 633 [3]
214 668 [9]
188 694 [9]
268 621 [3]
184 705 [3]
314 575 [3]
164 719 [9]
243 640 [9]
431 460 [1]
143 741 [9]
119 771 [3]
345 546 [3]
96 793 [5]
157 729 [9]
239 647 [9]
99 788 [9]
295 592 [9]
156 731 [9]
285 609 [2]
169 722 [5]
352 539 [5]
116 771 [9]
266 627 [3]
167 720 [9]
423 469 [5]
208 686 [3]
203 685 [9]
313 582 [3]
434 455 [9]
318 571 [9]
301 597 [1]
336 554 [9]
266 630 [3]
138 758 [3]
125 771 [3]
253 643 [3]
157 733 [9]
209 687 [3]
322 575 [3]
384 516 [0]
230 661 [9]
304 587 [9]
449 451 [0]
114 781 [5]
130 761 [9]
439 458 [3]
348 549 [3]
404 489 [7]
269 628 [3]
162 730 [8]
313 580 [7]
215 676 [9]
272 627 [2]
394 504 [3]
391 507 [3]
153 739 [9]
224 672 [5]
203 695 [3]
387 505 [9]
415 478 [9]
308 585 [9]
204 695 [3]
313 588 [1]
259 640 [3]
251 646 [5]
355 547 [0]
411 490 [1]
320 573 [9]
172 726 [5]
387 513 [3]
152 742 [9]
377 521 [5]
332 563 [9]
222 673 [9]
393 510 [1]
202 693 [9]
191 708 [5]
183 712 [9]
438 463 [3]
141 761 [3]
245 657 [3]
433 469 [3]
260 642 [3]
103 797 [5]
365 540 [0]
357 548 [0]
179 717 [9]
149 748 [9]
126 771 [9]
163 734 [9]
430 469 [7]
335 562 [9]
288 616 [2]
155 743 [8]
297 606 [3]
197 701 [9]
330 574 [3]
386 518 [3]
218 680 [9]
442 462 [3]
253 653 [1]
312 593 [3]
135 764 [9]
212 693 [3]
104 795 [9]
168 737 [3]
433 475 [0]
200 705 [3]
237 662 [9]
175 729 [5]
374 528 [7]
336 564 [9]
224 680 [5]
319 588 [2]
278 628 [3]
172 728 [9]
453 456 [0]
451 458 [0]
290 616 [3]
202 705 [3]
182 723 [5]
323 586 [1]
416 492 [3]
108 795 [8]
249 659 [3]
241 661 [9]
400 508 [3]
171 737 [3]
302 606 [3]
257 645 [9]
188 720 [3]
173 730 [8]
150 753 [9]
443 466 [3]
339 564 [9]
134 769 [9]
265 640 [7]
300 611 [1]
238 671 [3]
238 672 [3]
348 564 [1]
149 755 [9]
282 628 [3]
284 620 [9]
221 687 [5]
252 659 [3]
286 625 [3]
218 695 [1]
440 468 [7]
334 572 [9]
390 525 [0]
353 559 [3]
447 468 [0]
265 647 [3]
277 637 [1]
177 735 [3]
132 779 [5]
142 765 [9]
319 594 [3]
117 790 [9]
243 670 [3]
175 736 [5]
427 489 [0]
412 496 [9]
262 652 [3]
192 716 [9]
134 774 [9]
246 668 [3]
226 682 [9]
324 592 [1]
430 479 [8]
289 627 [1]
333 581 [3]
258 650 [9]
249 666 [3]
437 481 [0]
337 572 [9]
252 658 [9]
454 456 [9]
140 770 [9]
363 547 [9]
153 763 [3]
167 744 [9]
187 724 [9]
126 785 [9]
361 556 [3]
421 490 [9]
267 644 [9]
232 679 [9]
137 775 [8]
392 525 [4]
140 772 [9]
268 650 [3]
345 573 [3]
446 466 [9]
134 782 [5]
227 691 [3]
314 600 [7]
193 720 [9]
457 465 [0]
231 690 [1]
413 508 [1]
429 492 [1]
151 762 [9]
346 567 [9]
298 621 [3]
450 472 [0]
309 611 [2]
367 547 [9]
140 774 [9]
301 621 [1]
232 682 [9]
151 763 [9]
278 642 [3]
337 578 [9]
260 655 [9]
356 565 [3]
137 779 [8]
176 745 [3]
141 774 [9]
442 482 [0]
438 485 [1]
161 762 [1]
164 752 [9]
369 554 [2]
194 722 [9]
372 552 [1]
238 686 [1]
390 527 [9]
376 549 [1]
192 725 [9]
367 556 [3]
130 787 [9]
319 606 [2]
290 634 [3]
366 561 [0]
128 796 [3]
308 612 [7]
120 799 [9]
298 627 [3]
149 770 [9]
262 657 [9]
154 771 [3]
189 736 [3]
257 662 [9]
239 686 [3]
412 516 [0]
312 616 [1]
240 687 [2]
165 759 [5]
192 732 [5]
342 584 [3]
165 756 [9]
163 758 [9]
384 538 [9]
126 796 [9]
393 538 [0]
145 777 [9]
364 564 [3]
311 612 [8]
405 523 [3]
243 685 [3]
398 526 [7]
369 562 [1]
423 506 [3]
331 592 [9]
289 640 [3]
405 524 [3]
219 708 [5]
286 638 [9]
160 764 [9]
396 534 [3]
232 692 [9]
383 547 [3]
186 742 [5]
312 618 [3]
147 777 [9]
146 778 [9]
283 647 [3]
184 746 [3]
356 574 [3]
269 661 [3]
372 558 [3]
440 487 [7]
132 797 [5]
314 617 [3]
264 667 [3]
267 664 [3]
205 722 [7]
275 656 [3]
222 703 [9]
421 506 [7]
181 750 [3]
359 574 [1]
310 615 [9]
292 633 [9]
332 594 [9]
334 592 [9]
159 767 [9]
282 644 [9]
195 737 [3]
462 473 [0]
373 553 [9]
184 749 [3]
166 761 [9]
327 608 [1]
380 548 [8]
384 549 [3]
387 542 [7]
156 775 [5]
408 529 [0]
393 541 [3]
436 501 [0]
317 613 [7]
319 615 [3]
171 764 [3]
444 494 [0]
329 600 [9]
191 744 [3]
330 605 [3]
130 799 [9]
452 486 [0]
310 626 [3]
441 498 [0]
378 561 [0]
458 478 [3]
291 639 [9]
164 766 [9]
439 499 [1]
220 717 [3]
141 796 [3]
403 537 [0]
425 515 [0]
443 489 [9]
150 788 [3]
311 621 [9]
429 512 [0]
430 502 [9]
190 742 [9]
153 786 [3]
192 741 [9]
294 641 [7]
263 670 [9]
420 522 [0]
145 788 [9]
255 684 [3]
394 546 [3]
366 568 [9]
152 788 [3]
463 480 [0]
240 701 [2]
173 765 [5]
144 796 [3]
207 733 [3]
279 655 [9]
148 787 [9]
163 772 [9]
250 691 [3]
232 703 [9]
151 784 [9]
347 598 [0]
445 500 [0]
341 601 [3]
275 661 [9]
312 630 [3]
149 788 [9]
401 538 [7]
326 619 [1]
466 480 [0]
265 672 [9]
305 641 [0]
200 744 [3]
216 728 [3]
144 798 [5]
325 613 [9]
244 694 [9]
156 787 [5]
180 760 [9]
143 797 [9]
471 478 [0]
233 707 [9]
158 786 [5]
256 684 [9]
141 799 [9]
197 750 [3]
293 648 [9]
434 513 [3]
176 765 [9]
215 726 [9]
204 739 [7]
283 658 [9]
321 626 [3]
253 694 [3]
416 534 [1]
164 782 [5]
439 512 [0]
395 547 [9]
415 527 [9]
173 769 [9]
418 533 [0]
285 665 [2]
163 780 [9]
227 723 [3]
385 559 [9]
163 781 [9]
395 557 [1]
419 531 [3]
471 482 [0]
232 718 [3]
159 786 [9]
333 619 [2]
374 571 [9]
352 599 [3]
426 519 [9]
225 726 [3]
186 763 [5]
456 495 [3]
205 746 [3]
161 792 [1]
334 619 [1]
459 495 [0]
156 793 [5]
229 725 [1]
179 768 [8]
275 673 [7]
215 737 [3]
464 482 [9]
268 686 [1]
168 779 [9]
364 589 [3]
205 748 [3]
459 497 [0]
236 712 [9]
410 538 [9]
382 572 [3]
250 704 [3]
416 538 [3]
198 757 [3]
311 642 [5]
425 533 [0]
301 656 [1]
425 530 [3]
263 693 [3]
379 571 [9]
293 665 [1]
417 542 [0]
204 752 [3]
315 636 [9]
478 482 [0]
219 733 [9]
271 683 [7]
274 686 [1]
306 654 [1]
171 782 [9]
469 490 [3]
250 711 [1]
319 643 [1]
309 652 [2]
235 725 [3]
439 521 [3]
167 787 [9]
182 772 [9]
429 535 [0]
455 506 [3]
366 597 [1]
354 601 [9]
427 528 [9]
430 526 [8]
460 504 [0]
208 748 [9]
472 493 [0]
282 680 [3]
318 644 [3]
230 726 [9]
240 724 [1]
446 511 [9]
327 636 [3]
259 706 [1]
287 671 [9]
248 716 [3]
342 624 [1]
447 511 [9]
329 637 [1]
422 545 [0]
405 560 [2]
180 784 [3]
206 758 [3]
342 625 [1]
355 613 [0]
295 670 [3]
354 611 [3]
398 561 [9]
260 706 [3]
391 577 [1]
468 492 [9]
249 717 [3]
445 515 [9]
375 591 [3]
423 538 [9]
204 763 [3]
439 531 [0]
312 649 [9]
320 647 [3]
437 530 [3]
164 797 [9]
301 668 [1]
243 724 [3]
224 742 [5]
259 709 [3]
343 627 [1]
201 765 [5]
373 597 [1]
342 626 [3]
208 759 [5]
201 762 [9]
243 728 [1]
253 718 [1]
273 698 [1]
243 726 [3]
210 753 [9]
475 497 [0]
328 635 [9]
302 667 [3]
397 574 [1]
276 688 [9]
238 733 [3]
282 689 [3]
329 636 [9]
326 647 [1]
385 586 [3]
344 629 [1]
464 501 [9]
167 799 [9]
361 614 [0]
322 650 [3]
342 631 [3]
221 747 [8]
338 637 [1]
220 747 [9]
451 516 [9]
218 757 [1]
438 537 [1]
376 599 [2]
286 690 [1]
448 529 [0]
304 664 [9]
326 651 [1]
182 791 [5]
204 765 [9]
365 611 [2]
274 701 [3]
281 696 [1]
256 719 [3]
190 779 [9]
325 644 [9]
371 600 [7]
255 723 [1]
343 633 [3]
422 556 [1]
194 784 [1]
371 605 [3]
229 749 [1]
329 641 [9]
369 608 [2]
399 577 [3]
294 678 [7]
376 602 [2]
297 674 [9]
204 773 [3]
290 687 [3]
265 713 [3]
456 525 [0]
205 773 [3]
349 631 [1]
368 604 [9]
391 587 [3]
263 716 [3]
289 692 [1]
440 533 [9]
441 539 [3]
475 507 [1]
389 591 [3]
221 754 [8]
292 690 [1]
263 718 [3]
231 752 [1]
316 667 [1]
198 777 [9]
326 649 [9]
404 572 [9]
327 656 [2]
450 526 [9]
396 580 [9]
373 611 [1]
372 610 [3]
335 642 [9]
448 535 [3]
488 498 [0]
404 579 [3]
408 577 [1]
272 713 [2]
463 522 [2]
284 700 [3]
253 733 [1]
423 561 [3]
448 539 [0]
358 629 [1]
390 597 [1]
311 668 [9]
192 788 [9]
478 509 [2]
490 498 [1]
368 612 [9]
474 514 [1]
246 740 [3]
464 522 [3]
270 716 [3]
285 702 [2]
347 639 [3]
276 711 [3]
467 523 [0]
364 623 [3]
460 528 [3]
296 692 [3]
375 607 [9]
392 596 [3]
229 759 [3]
415 573 [3]
295 696 [1]
208 775 [9]
454 538 [0]
262 727 [3]
241 743 [9]
362 629 [2]
243 749 [1]
385 603 [5]
263 728 [3]
461 530 [3]
210 775 [9]
219 766 [9]
429 565 [0]
452 542 [0]
190 798 [7]
470 525 [0]
411 582 [2]
269 725 [1]
362 632 [1]
219 768 [8]
240 754 [1]
472 522 [1]
219 767 [9]
246 749 [1]
308 685 [3]
289 706 [1]
302 693 [1]
308 679 [9]
283 704 [9]
220 773 [3]
298 698 [1]
297 691 [9]
396 599 [2]
230 764 [3]
239 749 [9]
312 683 [3]
209 786 [3]
196 793 [9]
355 642 [1]
310 687 [1]
356 640 [3]
218 778 [3]
477 523 [0]
450 550 [0]
387 604 [9]
222 775 [3]
193 799 [9]
418 582 [2]
197 798 [7]
434 565 [3]
338 663 [1]
433 570 [0]
492 511 [0]
391 603 [9]
419 583 [1]
397 605 [1]
372 630 [1]
467 536 [0]
216 783 [5]
290 711 [3]
239 762 [3]
249 752 [3]
301 703 [1]
308 696 [1]
439 566 [0]
462 540 [3]
303 699 [3]
439 560 [6]
398 607 [0]
265 738 [3]
244 762 [1]
378 628 [1]
315 689 [3]
316 688 [3]
345 661 [1]
247 751 [9]
471 528 [9]
497 509 [2]
418 588 [2]
302 705 [1]
422 586 [0]
466 539 [3]
255 752 [1]
239 765 [5]
473 535 [1]
224 776 [9]
439 569 [1]
238 770 [1]
412 595 [3]
223 783 [5]
348 660 [3]
481 521 [9]
320 683 [9]
235 774 [3]
214 789 [9]
430 573 [9]
501 510 [1]
245 764 [3]
268 741 [3]
499 512 [1]
325 685 [3]
442 571 [0]
481 529 [3]
287 725 [1]
319 693 [2]
315 698 [1]
289 722 [3]
363 650 [1]
464 541 [9]
321 691 [3]
427 586 [2]
496 519 [0]
278 736 [1]
249 763 [3]
343 669 [3]
222 791 [3]
485 529 [2]
294 719 [3]
501 513 [2]
477 539 [0]
228 779 [9]
501 515 [0]
319 695 [2]
469 548 [0]
483 534 [0]
434 581 [3]
300 715 [3]
378 638 [3]
383 636 [0]
455 563 [1]
291 728 [1]
384 633 [3]
296 723 [1]
309 710 [1]
264 747 [9]
261 756 [3]
254 759 [7]
273 745 [3]
465 554 [2]
361 659 [1]
274 746 [1]
500 521 [0]
284 730 [7]
293 727 [1]
423 595 [3]
219 794 [9]
276 745 [1]
481 541 [0]
237 784 [1]
417 605 [1]
282 738 [3]
352 668 [3]
440 582 [1]
440 581 [3]
417 604 [3]
450 571 [3]
404 619 [1]
389 634 [1]
386 635 [3]
367 648 [9]
484 540 [0]
336 679 [9]
368 648 [9]
433 591 [2]
267 756 [3]
422 604 [0]
301 724 [1]
447 577 [3]
493 525 [9]
256 770 [1]
372 654 [1]
351 674 [3]
424 595 [9]
472 554 [2]
278 747 [3]
238 790 [1]
277 750 [2]
441 586 [2]
389 631 [9]
413 613 [3]
299 728 [3]
287 741 [3]
280 748 [3]
260 770 [1]
329 699 [3]
257 765 [9]
423 608 [1]
448 583 [1]
510 522 [0]
257 772 [3]
502 530 [0]
247 777 [9]
468 562 [3]
365 666 [2]
317 713 [3]
461 569 [3]
243 790 [1]
504 529 [1]
399 632 [3]
475 557 [2]
377 656 [1]
494 541 [0]
356 676 [3]
284 748 [3]
365 669 [1]
463 572 [0]
418 617 [1]
273 760 [3]
489 546 [1]
423 611 [2]
251 776 [9]
337 698 [1]
361 674 [1]
317 717 [3]
467 567 [3]
455 581 [1]
503 535 [0]
417 619 [2]
451 584 [3]
246 791 [1]
421 608 [9]
350 679 [9]
462 575 [1]
449 588 [2]
472 566 [1]
505 534 [0]
298 741 [1]
393 646 [1]
373 666 [1]
302 737 [1]
481 556 [3]
333 704 [3]
396 642 [3]
473 568 [0]
423 618 [1]
295 746 [1]
341 701 [1]
364 676 [3]
375 667 [1]
418 623 [2]
264 776 [3]
384 659 [1]
387 648 [9]
486 555 [3]
467 576 [1]
259 782 [3]
355 688 [1]
438 605 [1]
288 754 [3]
455 588 [2]
319 724 [2]
398 644 [3]
245 797 [3]
427 617 [1]
323 721 [1]
501 544 [1]
482 561 [3]
255 790 [1]
271 767 [9]
337 707 [3]
350 688 [9]
481 565 [1]
312 732 [3]
256 790 [1]
327 719 [1]
408 639 [1]
463 583 [2]
288 759 [1]
425 622 [2]
277 771 [1]
515 525 [9]
499 550 [0]
376 672 [1]
385 655 [9]
469 577 [3]
514 535 [0]
370 677 [3]
468 579 [3]
523 524 [3]
313 730 [7]
402 648 [0]
507 543 [0]
335 712 [3]
470 571 [9]
465 583 [2]
411 637 [2]
368 680 [3]
496 555 [0]
379 669 [3]
275 773 [3]
430 618 [3]
339 703 [9]
319 731 [2]
413 636 [3]
513 539 [1]
517 536 [0]
352 700 [3]
379 673 [3]
461 593 [1]
259 796 [1]
508 547 [1]
376 679 [1]
396 659 [1]
444 612 [0]
390 665 [2]
291 766 [1]
326 731 [1]
437 619 [2]
270 779 [9]
366 691 [1]
377 679 [3]
482 575 [2]
439 618 [2]
506 553 [0]
474 585 [0]
346 710 [3]
281 778 [1]
509 548 [3]
305 754 [1]
454 605 [1]
449 609 [2]
472 588 [0]
361 698 [1]
276 784 [1]
526 532 [3]
374 686 [1]
339 719 [3]
382 676 [3]
267 792 [3]
473 589 [1]
346 716 [1]
448 612 [3]
411 650 [2]
314 748 [1]
484 580 [0]
317 746 [1]
473 590 [1]
335 728 [1]
368 694 [3]
477 586 [2]
347 717 [1]
287 775 [3]
412 651 [2]
471 594 [0]
302 762 [1]
495 570 [1]
394 671 [1]
471 593 [2]
330 735 [1]
386 677 [3]
296 770 [1]
458 608 [1]
260 798 [9]
283 775 [9]
461 605 [1]
422 644 [1]
269 797 [1]
343 723 [1]
324 741 [2]
374 691 [3]
413 654 [1]
488 580 [0]
282 785 [1]
332 735 [1]
523 544 [3]
419 650 [1]
308 761 [1]
399 670 [1]
524 547 [0]
350 718 [3]
517 555 [0]
456 613 [3]
409 662 [2]
408 663 [2]
519 552 [2]
358 715 [1]
441 632 [1]
288 786 [1]
368 704 [3]
421 645 [9]
422 653 [0]
453 613 [9]
529 546 [1]
405 670 [1]
363 712 [1]
489 585 [3]
424 652 [1]
341 735 [1]
326 750 [1]
370 705 [2]
456 614 [7]
307 767 [3]
523 554 [1]
509 568 [1]
377 702 [1]
326 751 [3]
537 542 [1]
460 620 [0]
329 750 [2]
284 794 [3]
493 587 [1]
289 791 [1]
533 545 [3]
374 704 [3]
392 689 [1]
352 727 [3]
354 725 [3]
386 695 [2]
528 554 [1]
523 559 [1]
337 745 [1]
532 550 [2]
418 664 [2]
377 706 [1]
483 598 [3]
308 774 [3]
484 599 [2]
358 725 [2]
482 601 [2]
487 598 [0]
521 562 [3]
374 709 [3]
410 675 [1]
347 737 [2]
521 565 [1]
421 663 [3]
291 793 [3]
319 768 [0]
297 787 [3]
432 655 [0]
323 763 [1]
397 689 [1]
325 762 [1]
524 563 [1]
481 604 [3]
292 796 [1]
476 614 [0]
495 596 [0]
492 597 [2]
401 681 [9]
510 580 [1]
371 718 [3]
431 659 [2]
353 730 [9]
324 766 [2]
499 592 [1]
299 791 [3]
477 613 [3]
363 729 [1]
416 678 [0]
305 787 [2]
419 674 [1]
443 650 [1]
473 619 [2]
474 621 [0]
369 724 [2]
416 679 [1]
420 676 [0]
462 633 [1]
430 665 [1]
455 641 [0]
531 566 [0]
519 578 [0]
443 652 [2]
489 606 [2]
309 787 [1]
387 707 [3]
530 567 [0]
460 632 [6]
401 696 [1]
348 749 [1]
451 644 [3]
506 591 [2]
473 624 [2]
441 656 [2]
323 768 [9]
434 665 [1]
353 747 [1]
430 668 [3]
457 644 [0]
304 796 [1]
397 702 [2]
367 732 [3]
357 745 [1]
313 789 [1]
385 709 [9]
503 598 [3]
430 671 [3]
474 630 [0]
459 643 [2]
480 622 [2]
412 690 [2]
506 599 [0]
423 682 [1]
374 731 [1]
350 753 [3]
385 718 [3]
471 633 [2]
310 793 [3]
371 726 [9]
508 598 [1]
475 630 [2]
431 675 [1]
411 694 [2]
444 662 [1]
461 643 [3]
491 614 [3]
406 701 [1]
461 646 [1]
366 741 [1]
470 637 [1]
392 715 [1]
546 562 [0]
365 742 [2]
493 615 [1]
376 731 [2]
319 789 [2]
450 659 [2]
418 691 [2]
455 651 [6]
414 696 [2]
413 697 [2]
345 766 [1]
445 666 [1]
412 700 [1]
356 756 [1]
518 595 [0]
481 631 [1]
414 698 [2]
521 590 [3]
307 798 [9]
370 743 [1]
436 678 [0]
372 742 [1]
364 750 [1]
514 598 [3]
461 652 [2]
372 740 [3]
471 643 [1]
402 714 [0]
323 792 [1]
550 564 [2]
382 734 [1]
435 682 [0]
460 651 [6]
415 699 [3]
558 559 [0]
479 637 [1]
548 566 [3]
554 564 [0]
405 711 [2]
410 707 [1]
454 663 [2]
505 615 [0]
511 609 [0]
534 586 [0]
537 583 [0]
453 665 [2]
340 780 [1]
384 736 [1]
436 684 [1]
326 793 [3]
412 708 [3]
330 792 [1]
363 760 [1]
326 797 [1]
508 617 [0]
425 699 [1]
349 771 [6]
504 622 [0]
461 664 [1]
560 567 [0]
554 572 [2]
422 704 [2]
351 768 [9]
545 584 [0]
378 750 [2]
351 778 [1]
495 635 [1]
333 797 [1]
338 792 [1]
391 740 [1]
325 798 [9]
498 633 [1]
364 765 [3]
532 601 [0]
516 616 [1]
491 643 [0]
384 749 [1]
527 607 [0]
543 592 [0]
456 676 [3]
548 578 [9]
479 656 [1]
511 623 [2]
524 612 [0]
372 763 [1]
391 744 [2]
362 773 [2]
519 617 [1]
369 762 [6]
507 631 [0]
564 572 [2]
380 757 [1]
556 580 [3]
549 590 [0]
338 798 [3]
436 701 [2]
371 759 [9]
367 771 [1]
532 608 [0]
506 634 [0]
453 686 [2]
565 576 [0]
556 585 [0]
495 647 [0]
521 614 [7]
533 608 [1]
472 668 [2]
400 742 [1]
479 663 [1]
503 640 [0]
476 666 [1]
427 714 [3]
426 717 [1]
369 770 [6]
442 701 [2]
559 587 [0]
517 627 [2]
388 755 [3]
411 734 [2]
436 705 [6]
464 680 [3]
430 716 [1]
395 750 [2]
489 657 [2]
449 697 [2]
380 759 [9]
539 608 [1]
464 682 [3]
495 654 [0]
441 707 [1]
500 646 [3]
406 743 [1]
415 734 [1]
424 723 [3]
494 654 [2]
491 660 [0]
370 780 [1]
561 587 [3]
399 751 [1]
570 578 [3]
444 705 [2]
540 610 [1]
574 577 [0]
510 642 [0]
380 769 [3]
401 750 [1]
558 594 [1]
363 789 [1]
569 582 [2]
531 620 [2]
446 704 [3]
515 637 [2]
536 616 [2]
562 592 [0]
496 658 [1]
500 653 [2]
383 772 [0]
436 718 [2]
534 620 [2]
413 741 [2]
409 748 [0]
504 647 [6]
436 719 [2]
533 622 [2]
503 655 [0]
362 795 [1]
476 680 [3]
385 771 [3]
456 702 [1]
436 722 [1]
561 597 [1]
533 624 [2]
429 729 [2]
559 601 [0]
535 625 [0]
369 785 [6]
424 734 [3]
578 580 [3]
573 589 [0]
375 785 [2]
576 585 [2]
570 591 [2]
563 592 [8]
453 707 [3]
468 692 [3]
517 645 [1]
517 646 [1]
551 612 [1]
485 678 [2]
542 622 [1]
516 646 [3]
556 609 [0]
425 739 [1]
501 663 [2]
383 781 [2]
479 678 [9]
557 610 [0]
465 697 [6]
388 777 [3]
572 596 [0]
377 791 [1]
520 649 [0]
457 712 [0]
493 674 [2]
373 795 [1]
446 714 [9]
535 629 [6]
581 589 [0]
514 657 [0]
458 712 [1]
393 776 [2]
393 777 [1]
485 687 [0]
499 671 [2]
490 683 [0]
514 653 [6]
557 617 [0]
557 614 [3]
516 655 [3]
485 689 [0]
379 794 [1]
571 604 [0]
379 795 [1]
410 763 [2]
423 750 [2]
583 592 [0]
474 696 [6]
434 741 [1]
424 749 [3]
405 770 [2]
429 748 [0]
427 749 [2]
404 773 [1]
518 660 [0]
405 771 [2]
542 634 [2]
544 635 [0]
429 744 [6]
419 758 [2]
500 677 [3]
390 789 [1]
497 682 [2]
421 757 [3]
421 758 [3]
564 618 [0]
587 595 [0]
411 768 [3]
569 613 [0]
535 645 [2]
544 638 [0]
401 780 [3]
572 610 [2]
390 794 [1]
544 639 [2]
584 598 [3]
570 615 [0]
410 773 [2]
562 623 [0]
528 655 [3]
392 793 [1]
469 716 [1]
475 711 [0]
456 729 [1]
508 679 [0]
530 651 [6]
509 679 [0]
484 702 [2]
404 781 [3]
451 730 [8]
550 639 [1]
444 744 [2]
498 690 [2]
419 769 [2]
408 780 [2]
483 708 [0]
431 759 [1]
486 704 [1]
503 689 [0]
475 717 [0]
446 745 [1]
536 655 [1]
538 652 [2]
443 748 [1]
506 684 [2]
511 681 [1]
576 617 [0]
416 775 [2]
500 693 [1]
431 757 [6]
490 704 [0]
439 755 [0]
499 693 [2]
442 751 [2]
531 662 [2]
551 644 [0]
505 688 [2]
513 682 [0]
493 701 [2]
428 768 [0]
566 631 [0]
550 646 [1]
545 650 [2]
522 675 [0]
436 761 [0]
420 772 [6]
570 626 [2]
547 648 [3]
469 726 [3]
438 760 [1]
562 635 [2]
482 715 [2]
417 782 [1]
551 649 [0]
442 752 [6]
596 599 [6]
568 632 [1]
401 799 [1]
520 681 [0]
553 648 [1]
548 653 [1]
454 747 [1]
445 756 [1]
594 609 [0]
516 684 [3]
563 640 [0]
600 603 [0]
409 794 [0]
456 747 [1]
513 692 [0]
519 685 [1]
466 739 [0]
582 623 [0]
563 643 [0]
590 615 [1]
532 674 [0]
561 643 [3]
471 736 [0]
511 696 [0]
526 673 [9]
524 684 [1]
425 783 [1]
502 708 [0]
435 775 [0]
455 753 [2]
445 764 [1]
479 731 [1]
555 654 [2]
417 794 [1]
490 716 [6]
573 639 [0]
557 655 [0]
512 695 [6]
469 743 [1]
499 713 [2]
543 665 [6]
604 607 [3]
597 615 [2]
427 785 [2]
435 774 [6]
525 689 [1]
548 664 [3]
571 643 [1]
510 700 [6]
525 688 [3]
595 622 [0]
478 739 [1]
597 621 [0]
501 714 [3]
593 626 [0]
552 667 [0]
550 669 [1]
506 714 [0]
478 737 [6]
549 673 [0]
466 750 [6]
600 623 [1]
599 618 [7]
487 735 [2]
426 797 [1]
544 679 [2]
463 757 [6]
428 796 [2]
504 716 [6]
465 759 [2]
489 735 [2]
610 614 [3]
533 693 [2]
427 799 [2]
593 635 [2]
594 636 [0]
463 767 [0]
432 798 [0]
507 723 [0]
553 677 [0]
568 661 [2]
536 694 [1]
505 724 [2]
450 779 [2]
584 648 [0]
515 714 [3]
466 766 [0]
468 763 [1]
563 670 [0]
500 731 [2]
599 634 [0]
538 694 [1]
587 646 [0]
594 637 [2]
590 643 [0]
509 724 [0]
613 618 [2]
448 784 [2]
494 738 [2]
551 683 [2]
483 754 [0]
473 762 [2]
498 737 [2]
470 767 [1]
566 672 [0]
574 664 [0]
593 646 [0]
469 769 [1]
586 653 [0]
505 728 [6]
485 755 [0]
509 725 [6]
614 625 [1]
551 689 [0]
482 756 [2]
590 650 [0]
520 720 [0]
522 713 [6]
578 662 [1]
580 661 [1]
473 767 [2]
445 797 [1]
489 752 [2]
442 796 [6]
567 677 [0]
454 788 [2]
469 773 [2]
467 777 [1]
518 721 [6]
516 727 [2]
454 789 [2]
552 693 [0]
517 727 [2]
550 696 [0]
545 695 [6]
575 672 [0]
576 671 [0]
622 625 [0]
453 794 [1]
604 643 [1]
490 759 [0]
617 628 [6]
621 630 [0]
570 681 [1]
452 798 [3]
538 713 [2]
472 780 [2]
475 781 [0]
533 721 [2]
581 676 [0]
527 730 [0]
597 660 [0]
498 757 [2]
504 754 [0]
597 661 [0]
620 639 [0]
508 745 [6]
602 658 [0]
559 696 [6]
608 647 [6]
611 652 [0]
585 677 [1]
482 779 [2]
541 722 [1]
626 632 [6]
473 790 [2]
581 684 [0]
590 675 [0]
586 673 [6]
599 660 [6]
545 714 [7]
536 729 [1]
480 786 [0]
479 785 [2]
630 637 [0]
600 666 [2]
505 757 [6]
546 722 [0]
495 773 [0]
589 680 [0]
493 774 [2]
542 725 [2]
550 717 [2]
552 718 [0]
585 684 [2]
480 792 [0]
572 700 [0]
503 769 [0]
609 663 [0]
564 709 [0]
487 783 [3]
619 649 [6]
518 756 [0]
488 783 [3]
583 691 [0]
584 688 [2]
609 666 [0]
496 778 [2]
601 675 [0]
612 663 [2]
516 760 [1]
588 690 [0]
567 710 [2]
524 755 [2]
604 676 [1]
560 721 [0]
575 707 [0]
549 727 [6]
532 744 [6]
492 785 [6]
524 757 [2]
524 759 [1]
584 699 [1]
593 692 [0]
563 722 [0]
530 754 [1]
588 698 [0]
508 772 [6]
539 747 [1]
595 686 [6]
550 737 [0]
603 681 [3]
587 701 [0]
509 779 [0]
590 693 [6]
579 710 [0]
526 763 [1]
498 791 [2]
608 684 [0]
495 797 [0]
635 652 [6]
518 769 [6]
591 703 [0]
599 696 [0]
556 739 [0]
532 757 [6]
630 659 [7]
526 770 [1]
514 783 [0]
578 718 [2]
540 756 [2]
625 666 [7]
536 761 [2]
607 691 [1]
599 697 [3]
594 704 [2]
520 781 [0]
625 676 [0]
577 726 [0]
630 666 [7]
651 652 [0]
538 764 [1]
618 685 [0]
579 724 [0]
601 703 [0]
551 753 [0]
564 739 [2]
530 776 [0]
566 739 [1]
622 684 [0]
584 720 [2]
553 753 [2]
646 662 [0]
567 741 [0]
578 730 [0]
557 746 [7]
641 669 [1]
574 731 [6]
558 754 [0]
620 692 [0]
627 679 [6]
549 764 [0]
573 739 [2]
537 777 [0]
517 796 [2]
627 689 [0]
633 683 [0]
635 681 [0]
605 712 [0]
598 720 [1]
600 718 [2]
645 675 [0]
615 704 [2]
536 784 [2]
533 788 [2]
532 785 [6]
634 690 [0]
655 670 [0]
550 770 [6]
617 709 [0]
631 690 [6]
555 770 [2]
651 671 [7]
650 680 [0]
642 688 [0]
538 791 [1]
572 752 [6]
626 704 [0]
662 669 [0]
639 686 [6]
620 712 [0]
658 674 [0]
582 751 [0]
613 719 [2]
628 706 [0]
622 712 [0]
614 719 [1]
664 671 [0]
620 714 [1]
610 726 [0]
627 703 [6]
595 736 [6]
543 788 [6]
545 791 [2]
579 752 [7]
541 795 [2]
616 723 [0]
597 736 [7]
549 792 [0]
547 792 [2]
569 771 [2]
602 740 [0]
624 718 [0]
555 787 [2]
601 737 [6]
562 782 [0]
622 716 [6]
576 768 [1]
631 715 [0]
643 697 [6]
613 731 [2]
667 678 [2]
665 676 [6]
565 782 [0]
579 763 [7]
564 783 [2]
618 725 [7]
603 748 [2]
558 790 [6]
616 738 [0]
563 785 [6]
630 720 [6]
637 719 [0]
672 685 [0]
594 757 [6]
629 721 [7]
590 762 [6]
586 773 [0]
613 744 [2]
650 709 [0]
625 727 [7]
639 717 [6]
670 694 [0]
673 692 [0]
654 711 [0]
624 741 [0]
648 715 [2]
591 775 [0]
580 784 [2]
574 787 [6]
588 772 [7]
581 786 [0]
636 732 [2]
628 742 [0]
590 774 [6]
610 760 [0]
607 762 [2]
587 778 [6]
681 688 [2]
604 762 [6]
673 699 [0]
645 729 [0]
606 769 [0]
684 691 [0]
661 715 [0]
575 795 [6]
634 737 [7]
591 781 [6]
655 722 [2]
623 751 [6]
620 760 [0]
658 716 [7]
610 766 [6]
618 758 [6]
637 738 [7]
680 703 [0]
648 735 [0]
691 692 [0]
624 754 [6]
671 707 [6]
593 785 [6]
607 777 [1]
596 790 [0]
655 725 [6]
654 734 [0]
626 756 [6]
658 730 [1]
674 715 [0]
600 788 [2]
639 751 [0]
635 756 [0]
647 745 [0]
683 708 [2]
609 778 [6]
646 747 [0]
647 740 [7]
690 699 [6]
643 746 [6]
632 765 [0]
653 740 [7]
635 761 [6]
689 707 [6]
623 780 [0]
688 714 [2]
656 742 [7]
656 749 [0]
667 738 [0]
682 720 [6]
681 726 [2]
657 753 [0]
699 705 [6]
632 779 [0]
630 783 [0]
618 789 [6]
673 740 [0]
629 779 [6]
681 733 [0]
684 732 [0]
682 727 [7]
624 789 [4]
625 793 [0]
705 708 [6]
702 717 [0]
702 718 [0]
638 783 [0]
678 743 [2]
635 783 [6]
674 744 [7]
698 721 [8]
632 790 [6]
713 716 [0]
677 751 [2]
635 795 [0]
711 720 [0]
700 733 [0]
644 784 [6]
672 758 [6]
642 794 [0]
665 772 [0]
709 723 [6]
655 782 [2]
677 764 [0]
711 726 [6]
702 738 [4]
664 774 [6]
664 776 [6]
688 759 [0]
721 727 [0]
713 735 [0]
685 757 [7]
668 781 [0]
685 765 [0]
691 752 [7]
717 733 [2]
670 782 [0]
710 743 [0]
694 760 [0]
716 732 [6]
678 770 [6]
677 778 [0]
707 745 [6]
705 757 [0]
668 794 [0]
712 751 [0]
682 782 [0]
681 786 [0]
707 760 [0]
694 767 [6]
701 767 [0]
709 755 [6]
710 760 [0]
722 747 [2]
719 753 [0]
711 755 [7]
733 735 [7]
674 797 [6]
731 740 [7]
732 747 [0]
722 752 [6]
694 780 [6]
703 773 [6]
689 795 [0]
719 758 [7]
691 787 [6]
697 788 [0]
706 775 [6]
743 747 [0]
707 778 [6]
692 795 [6]
729 765 [0]
727 761 [7]
742 753 [1]
710 780 [6]
699 798 [0]
748 749 [0]
715 776 [7]
740 751 [7]
706 794 [0]
724 777 [0]
736 766 [0]
734 767 [6]
709 793 [6]
730 776 [2]
727 775 [7]
744 766 [0]
728 785 [0]
752 761 [0]
738 769 [7]
716 793 [6]
740 780 [0]
748 774 [0]
738 782 [6]
753 769 [7]
763 766 [0]
756 767 [7]
733 794 [7]
743 793 [0]
736 799 [4]
754 786 [0]
739 796 [6]
755 787 [7]
771 785 [0]
772 777 [7]
751 799 [7]
767 791 [0]
771 782 [7]
764 797 [0]
764 798 [0]
773 790 [0]
781 786 [0]
786 791 [0]
789 792 [0]
783 798 [2]
795 797 [0]
