800
10
242
10
0
1
3
2
4
8
19
5
20
12
15
31
71
33
7
14
41
27
6
17
11
13
16
23
22
35
62
44
32
28
39
67
34
9
25
21
60
29
38
26
47
52
36
30
18
55
43
86
58
46
74
68
53
94
106
156
49
63
93
51
81
95
40
24
73
56
61
50
64
66
37
57
72
42
114
59
143
139
48
127
92
104
77
108
70
128
84
89
90
54
98
123
69
76
75
83
122
65
82
186
111
91
97
78
146
126
102
99
115
116
175
96
137
87
88
113
221
138
85
117
134
130
147
45
133
163
107
149
124
164
155
79
103
168
141
132
118
189
125
160
177
182
157
190
197
80
150
161
151
109
154
170
217
200
121
110
184
119
236
174
181
148
179
173
201
120
162
166
159
169
165
192
136
183
135
228
231
249
158
129
176
214
144
112
145
172
167
202
195
198
131
238
211
256
280
203
152
204
247
272
218
105
213
194
354
235
142
230
191
210
199
285
262
180
239
208
223
216
287
286
100
140
240
327
344
232
226
187
188
263
265
270
185
281
207
264
222
290
205
254
196
178
283
171
224
153
268
209
225
243
252
234
233
227
245
193
259
310
284
261
212
237
299
267
317
314
282
244
274
356
229
250
464
315
302
330
276
248
269
307
298
404
255
292
253
360
367
320
215
409
257
304
378
275
241
278
260
251
340
396
301
407
291
279
293
296
313
101
206
271
380
295
393
288
486
309
342
318
353
220
258
319
300
388
316
322
323
334
343
219
311
305
569
439
458
363
414
410
246
326
446
294
424
273
371
312
335
332
321
400
266
385
331
369
349
499
350
303
348
359
395
391
381
351
341
364
447
468
346
434
328
337
389
421
339
455
411
375
358
289
443
392
329
377
453
345
528
374
373
415
368
432
338
277
426
397
413
370
482
442
462
376
297
357
390
366
406
362
497
336
408
427
489
546
394
438
387
401
308
420
365
398
526
430
372
379
571
450
472
493
324
592
543
507
475
433
423
386
384
516
412
445
500
521
481
437
352
355
547
383
492
416
431
460
504
529
448
535
429
512
695
545
422
556
361
440
487
598
347
454
456
333
509
478
471
593
461
419
531
566
548
469
399
402
306
382
476
614
491
643
459
405
441
498
488
580
484
540
610
557
617
418
533
425
515
501
436
678
479
637
470
525
688
505
534
483
708
502
530
325
613
477
523
467
536
517
555
496
519
552
667
738
494
444
612
524
563
640
503
655
670
694
538
652
611
635
495
570
578
662
646
550
532
601
559
558
594
609
449
451
584
648
553
506
591
703
627
679
508
745
647
608
539
466
480
463
522
510
642
794
417
542
452
798
699
673
549
590
473
568
632
626
704
490
683
551
644
457
465
554
564
572
596
599
618
685
672
575
707
671
576
565
782
562
623
511
681
520
649
619
720
630
474
514
653
586
773
790
740
602
658
674
715
631
690
588
698
721
518
595
587
561
597
615
621
660
661
736
766
744
763
579
710
567
560
677
585
684
581
589
573
639
544
638
783
620
692
513
682
435
774
664
574
577
726
711
654
734
767
701
756
791
786
754
624
718
600
603
748
749
656
742
628
706
775
727
625
622
712
605
751
582
799
716
713
735
733
700
717
702
732
636
747
722
541
795
689
485
687
755
709
650
680
723
616
793
743
787
691
583
537
403
777
607
527
730
776
604
676
665
772
762
724
752
761
797
764
666
753
657
719
758
769
606
788
697
741
789
792
781
668
731
714
760
686
739
796
428
768
778
780
629
779
634
737
696
659
771
785
728
651
757
705
765
729
645
675
725
759
784
633
693
750
663
669
641
770
746
0 1 [0]
1 3 [0]
2 3 [0]
0 2 [4]
2 4 [0]
0 3 [4]
0 4 [4]
0 5 [4]
0 6 [4]
0 10 [0]
3 5 [4]
4 8 [0]
1 6 [8]
2 6 [8]
2 7 [8]
3 6 [8]
1 12 [4]
2 12 [4]
1 9 [8]
4 10 [4]
5 10 [4]
0 15 [4]
3 10 [7]
1 11 [8]
7 14 [0]
0 13 [8]
3 15 [4]
6 17 [0]
0 19 [4]
5 19 [0]
0 20 [4]
11 13 [0]
2 19 [4]
5 20 [0]
6 18 [2]
1 24 [2]
8 19 [0]
3 16 [8]
12 15 [0]
11 17 [0]
13 16 [0]
0 21 [8]
4 17 [8]
4 18 [8]
5 24 [2]
12 20 [0]
12 18 [2]
7 21 [5]
6 27 [0]
4 22 [8]
7 19 [8]
10 16 [8]
9 25 [0]
1 25 [8]
7 23 [5]
3 25 [8]
0 28 [8]
1 31 [4]
17 18 [2]
7 25 [5]
1 28 [8]
11 19 [8]
4 26 [8]
7 26 [5]
4 27 [8]
16 23 [0]
2 30 [8]
13 22 [5]
0 32 [8]
9 29 [2]
1 37 [2]
7 33 [0]
8 25 [8]
10 23 [8]
12 22 [8]
11 29 [2]
3 37 [2]
0 34 [8]
3 32 [8]
9 34 [0]
12 26 [5]
6 32 [5]
4 37 [2]
11 28 [5]
0 36 [8]
17 22 [5]
17 25 [2]
16 26 [2]
2 35 [8]
17 23 [5]
22 23 [0]
21 25 [0]
15 31 [0]
2 36 [8]
0 38 [8]
4 40 [2]
8 30 [8]
3 35 [8]
10 33 [4]
12 28 [8]
18 30 [0]
1 40 [8]
19 23 [8]
3 39 [8]
16 32 [2]
8 40 [2]
23 26 [2]
7 39 [5]
20 23 [8]
5 38 [8]
5 39 [8]
1 43 [8]
23 28 [2]
25 26 [2]
4 41 [8]
3 44 [8]
14 41 [0]
17 36 [2]
5 48 [2]
6 47 [2]
2 46 [8]
10 38 [8]
7 44 [5]
22 35 [0]
10 39 [8]
16 39 [2]
6 50 [2]
2 54 [2]
20 31 [8]
19 32 [8]
28 32 [0]
1 51 [8]
12 46 [2]
7 51 [2]
0 59 [2]
11 49 [2]
3 52 [8]
24 40 [0]
26 38 [0]
23 33 [8]
6 56 [2]
15 41 [8]
16 47 [2]
20 43 [2]
7 57 [2]
30 36 [0]
6 58 [2]
8 57 [2]
15 47 [5]
28 39 [0]
13 45 [9]
29 38 [0]
2 64 [2]
27 41 [0]
1 66 [2]
14 53 [2]
23 44 [2]
22 46 [2]
30 38 [3]
25 37 [9]
1 62 [8]
15 55 [2]
7 60 [5]
7 63 [2]
4 60 [8]
7 64 [2]
5 66 [2]
18 55 [0]
26 47 [0]
20 45 [9]
3 69 [2]
22 50 [2]
14 58 [2]
6 66 [2]
2 70 [2]
7 66 [2]
9 57 [9]
10 64 [2]
10 58 [8]
32 44 [0]
5 69 [2]
6 68 [2]
32 39 [6]
4 72 [2]
9 68 [2]
14 60 [5]
3 68 [8]
5 73 [2]
10 69 [2]
21 60 [0]
30 42 [9]
0 73 [8]
27 52 [2]
13 67 [2]
4 76 [2]
3 77 [2]
40 41 [2]
38 41 [5]
4 78 [2]
6 69 [9]
17 62 [5]
16 59 [9]
36 45 [3]
15 68 [2]
6 70 [9]
17 66 [2]
39 44 [2]
18 59 [9]
2 82 [2]
8 76 [2]
19 66 [2]
10 75 [2]
22 57 [9]
13 73 [2]
23 63 [2]
36 52 [0]
9 70 [9]
33 53 [2]
0 80 [9]
32 48 [9]
29 60 [0]
0 87 [2]
1 80 [9]
9 72 [9]
41 44 [5]
11 70 [9]
4 84 [2]
2 87 [2]
17 72 [2]
2 80 [9]
6 77 [9]
14 77 [2]
6 78 [9]
6 79 [9]
37 57 [0]
36 50 [9]
6 80 [9]
1 92 [2]
41 52 [2]
11 75 [9]
36 51 [9]
41 53 [2]
2 92 [2]
10 84 [2]
24 73 [0]
35 62 [0]
22 66 [9]
2 93 [2]
43 55 [0]
7 82 [9]
26 63 [9]
10 81 [8]
12 78 [9]
6 84 [9]
47 52 [0]
27 70 [2]
44 48 [9]
34 67 [0]
2 97 [2]
40 52 [9]
15 84 [2]
31 71 [0]
8 85 [9]
6 95 [2]
37 66 [0]
11 83 [9]
18 76 [9]
21 79 [3]
33 69 [2]
41 61 [2]
44 58 [2]
7 88 [9]
12 90 [2]
46 58 [0]
33 71 [0]
23 72 [9]
3 99 [2]
40 56 [9]
4 99 [2]
11 85 [9]
44 62 [0]
20 84 [2]
14 83 [9]
39 67 [0]
13 85 [9]
24 80 [3]
47 58 [2]
17 82 [9]
25 80 [3]
36 63 [9]
16 83 [9]
2 104 [2]
23 76 [9]
26 74 [9]
40 60 [9]
44 63 [2]
16 84 [9]
10 97 [2]
2 105 [3]
28 73 [9]
10 99 [2]
50 61 [0]
5 104 [2]
6 104 [2]
49 63 [0]
4 106 [2]
21 83 [9]
1 111 [2]
27 78 [9]
50 64 [0]
42 72 [0]
18 97 [0]
27 86 [2]
19 94 [2]
24 92 [0]
38 69 [9]
34 79 [3]
27 80 [9]
55 60 [2]
56 61 [0]
2 114 [2]
54 55 [9]
0 116 [2]
0 110 [9]
11 99 [9]
2 109 [9]
58 60 [2]
22 89 [9]
56 62 [2]
55 56 [9]
12 99 [9]
46 74 [0]
51 60 [9]
38 74 [9]
24 97 [0]
6 112 [3]
56 65 [0]
9 112 [0]
53 68 [0]
4 116 [2]
27 93 [2]
52 61 [9]
14 99 [9]
36 77 [9]
23 91 [9]
22 92 [9]
5 110 [9]
11 104 [9]
0 123 [2]
28 95 [2]
13 109 [3]
15 108 [2]
29 87 [9]
20 104 [2]
21 96 [9]
21 105 [0]
1 123 [2]
0 118 [9]
12 112 [3]
5 113 [9]
24 104 [0]
6 113 [9]
28 92 [9]
57 72 [0]
41 86 [2]
43 86 [0]
47 79 [3]
56 73 [0]
6 115 [9]
55 66 [9]
64 66 [0]
30 100 [0]
24 105 [1]
9 118 [3]
20 102 [9]
46 85 [0]
31 98 [2]
31 91 [9]
4 118 [9]
23 99 [9]
41 82 [9]
2 121 [9]
14 109 [9]
60 63 [9]
51 81 [0]
4 120 [9]
49 84 [0]
35 89 [9]
15 109 [9]
3 128 [2]
16 108 [9]
20 111 [2]
7 117 [9]
24 107 [3]
28 103 [3]
4 121 [9]
51 83 [0]
11 121 [3]
40 95 [0]
2 124 [9]
46 90 [0]
7 127 [2]
14 120 [3]
3 131 [3]
15 113 [9]
37 100 [1]
51 85 [3]
6 124 [9]
56 80 [3]
10 127 [2]
52 88 [0]
50 90 [0]
0 138 [2]
27 110 [3]
52 85 [3]
32 99 [9]
52 86 [2]
9 129 [3]
19 113 [9]
35 97 [9]
7 131 [3]
28 104 [9]
68 74 [0]
43 99 [0]
46 96 [0]
50 92 [0]
0 140 [3]
21 119 [3]
35 99 [9]
27 107 [9]
47 96 [0]
54 90 [0]
32 109 [3]
40 104 [0]
51 93 [0]
58 86 [0]
4 139 [2]
25 111 [9]
21 121 [3]
47 89 [9]
69 76 [0]
71 72 [2]
6 140 [0]
22 121 [3]
37 109 [0]
65 82 [0]
49 98 [0]
60 78 [9]
53 94 [0]
31 114 [2]
4 140 [3]
14 125 [9]
73 75 [0]
7 132 [9]
60 85 [3]
3 142 [3]
38 107 [3]
19 127 [2]
21 125 [3]
44 96 [9]
58 91 [0]
8 139 [2]
53 96 [0]
15 131 [3]
73 77 [0]
13 128 [9]
55 86 [9]
2 145 [3]
1 147 [2]
8 133 [9]
17 131 [3]
1 141 [9]
75 76 [0]
41 108 [2]
19 129 [3]
54 98 [0]
14 135 [3]
51 100 [1]
7 142 [3]
12 132 [9]
33 111 [9]
3 141 [9]
16 128 [9]
8 143 [2]
47 103 [3]
72 73 [8]
58 96 [0]
26 125 [3]
20 126 [9]
10 142 [3]
52 94 [9]
53 102 [0]
54 99 [3]
63 93 [0]
34 119 [3]
61 86 [9]
21 126 [9]
42 114 [0]
66 90 [0]
2 152 [3]
51 103 [3]
9 139 [9]
1 153 [3]
34 115 [9]
19 136 [3]
75 83 [0]
16 142 [0]
2 147 [9]
37 121 [0]
31 118 [9]
0 150 [9]
35 115 [9]
44 112 [3]
20 130 [9]
71 86 [2]
24 136 [0]
1 150 [9]
19 132 [9]
42 115 [3]
34 117 [9]
60 100 [0]
9 149 [3]
4 148 [9]
1 151 [9]
42 116 [3]
20 133 [9]
7 152 [3]
17 142 [3]
6 147 [9]
18 141 [3]
15 144 [3]
18 144 [0]
40 122 [0]
11 143 [9]
62 101 [0]
61 93 [9]
32 123 [9]
67 88 [9]
18 146 [0]
68 96 [0]
76 85 [3]
52 110 [3]
1 156 [8]
5 151 [9]
75 87 [3]
36 129 [0]
20 142 [3]
54 110 [1]
60 103 [3]
39 124 [3]
64 93 [9]
23 134 [9]
11 146 [9]
9 155 [3]
3 155 [9]
4 154 [9]
65 99 [3]
22 137 [9]
32 127 [9]
55 110 [3]
0 159 [9]
66 93 [9]
2 157 [9]
36 130 [3]
0 160 [9]
18 143 [9]
63 108 [0]
17 151 [3]
57 114 [0]
78 93 [0]
16 146 [9]
42 129 [1]
66 103 [3]
1 162 [9]
65 107 [1]
38 135 [0]
59 114 [0]
5 165 [3]
84 89 [0]
0 164 [9]
4 167 [3]
43 131 [0]
23 148 [3]
5 161 [9]
14 158 [3]
4 162 [9]
1 165 [9]
5 167 [3]
87 88 [0]
33 133 [9]
48 127 [0]
62 110 [3]
18 154 [3]
78 97 [0]
17 149 [9]
7 165 [3]
36 140 [0]
81 95 [0]
6 167 [3]
18 159 [0]
15 159 [3]
71 97 [9]
67 107 [3]
70 108 [0]
45 133 [0]
62 107 [9]
26 152 [0]
49 129 [0]
29 147 [3]
4 166 [9]
89 90 [0]
62 108 [9]
2 169 [9]
53 124 [3]
5 172 [3]
34 137 [9]
28 152 [0]
18 160 [3]
77 104 [0]
29 149 [3]
28 150 [3]
35 137 [9]
46 135 [0]
17 161 [3]
2 170 [9]
6 173 [3]
79 103 [0]
14 165 [3]
0 180 [3]
35 145 [3]
0 174 [9]
33 141 [9]
8 172 [3]
64 116 [3]
14 166 [3]
84 96 [3]
6 174 [3]
52 131 [0]
86 89 [9]
41 134 [9]
15 166 [3]
68 113 [3]
74 111 [0]
77 108 [0]
6 176 [3]
0 177 [9]
3 174 [9]
65 120 [1]
49 128 [9]
4 173 [9]
62 116 [9]
71 107 [9]
31 147 [9]
69 115 [3]
17 167 [3]
48 139 [0]
46 138 [3]
81 103 [3]
18 169 [0]
65 122 [0]
19 165 [3]
4 174 [9]
53 135 [0]
91 97 [0]
9 176 [3]
38 147 [3]
14 172 [3]
84 102 [3]
26 160 [3]
74 115 [0]
17 164 [9]
64 126 [0]
6 175 [9]
44 144 [3]
3 186 [2]
44 138 [9]
10 178 [3]
36 146 [9]
16 172 [3]
45 147 [0]
33 150 [9]
69 123 [0]
2 187 [3]
2 181 [9]
4 185 [3]
21 171 [0]
57 132 [3]
17 173 [3]
58 132 [3]
75 115 [3]
95 98 [0]
23 167 [3]
38 146 [9]
50 141 [3]
76 115 [3]
84 107 [3]
22 169 [3]
87 104 [3]
1 191 [3]
65 129 [1]
76 116 [3]
51 144 [0]
84 111 [0]
10 177 [9]
74 119 [3]
30 166 [0]
19 168 [9]
92 104 [0]
52 145 [0]
0 194 [3]
25 170 [3]
70 128 [0]
12 183 [3]
76 122 [0]
10 179 [9]
0 189 [9]
6 193 [0]
55 141 [3]
63 133 [3]
3 193 [3]
30 169 [0]
27 163 [9]
28 168 [3]
12 179 [9]
94 106 [0]
57 143 [0]
6 191 [3]
57 142 [1]
64 136 [0]
72 128 [0]
4 194 [3]
88 113 [0]
36 165 [0]
8 184 [9]
0 192 [9]
91 109 [1]
2 196 [3]
2 190 [9]
99 102 [0]
7 191 [3]
30 168 [3]
66 136 [0]
85 117 [0]
91 111 [0]
48 153 [1]
36 166 [0]
40 162 [0]
67 126 [9]
59 143 [0]
34 165 [3]
66 134 [3]
4 190 [9]
33 161 [9]
9 194 [0]
78 122 [3]
77 126 [0]
60 144 [0]
17 184 [3]
7 194 [3]
83 122 [0]
7 189 [9]
31 171 [3]
65 137 [3]
49 156 [0]
45 160 [0]
28 174 [3]
40 166 [0]
13 193 [0]
22 175 [9]
0 203 [3]
1 202 [3]
1 203 [3]
75 131 [1]
0 204 [3]
2 203 [3]
9 199 [0]
46 162 [0]
44 161 [3]
59 148 [1]
26 183 [0]
38 171 [0]
36 170 [3]
19 181 [9]
26 181 [3]
66 141 [3]
39 168 [3]
12 195 [3]
25 185 [0]
19 182 [9]
57 152 [1]
91 118 [1]
63 139 [9]
12 196 [3]
41 161 [9]
6 202 [3]
7 201 [3]
0 208 [3]
51 157 [3]
53 159 [0]
98 114 [0]
11 198 [3]
67 145 [0]
35 174 [3]
15 194 [3]
84 128 [0]
50 162 [0]
28 185 [0]
7 206 [0]
81 131 [1]
20 184 [9]
84 126 [3]
15 195 [3]
99 115 [0]
17 194 [3]
1 210 [3]
94 117 [3]
7 204 [3]
61 150 [3]
55 159 [0]
12 199 [3]
7 205 [3]
97 115 [3]
17 195 [3]
31 175 [9]
39 173 [3]
75 137 [3]
21 186 [9]
86 130 [0]
50 163 [3]
16 197 [3]
1 212 [3]
97 118 [1]
71 142 [3]
11 206 [0]
53 161 [3]
1 213 [3]
4 210 [3]
12 202 [3]
50 164 [3]
51 166 [0]
2 215 [0]
11 203 [3]
94 123 [0]
46 171 [1]
107 108 [3]
6 212 [0]
92 127 [0]
33 177 [9]
10 206 [3]
20 196 [3]
61 155 [3]
7 212 [0]
8 208 [3]
99 120 [0]
3 213 [3]
66 151 [3]
10 207 [3]
13 207 [0]
13 204 [3]
58 162 [0]
84 133 [3]
34 184 [3]
28 190 [3]
18 200 [3]
98 123 [0]
26 195 [0]
22 199 [0]
59 162 [1]
85 131 [6]
10 209 [3]
91 130 [1]
89 132 [1]
57 165 [1]
51 171 [1]
11 212 [0]
35 188 [0]
97 125 [1]
87 136 [0]
50 173 [0]
4 216 [3]
32 191 [0]
85 138 [0]
4 219 [0]
61 162 [0]
24 199 [1]
87 137 [0]
60 161 [3]
88 136 [0]
78 146 [0]
60 162 [3]
15 207 [3]
21 201 [3]
63 162 [0]
66 159 [0]
94 131 [0]
16 209 [0]
47 178 [0]
22 201 [3]
62 161 [3]
55 168 [3]
62 155 [9]
15 208 [3]
6 220 [0]
1 222 [3]
28 198 [0]
41 183 [3]
80 147 [0]
63 161 [3]
50 176 [1]
9 218 [0]
44 175 [9]
6 222 [0]
18 210 [0]
102 126 [0]
49 178 [1]
93 136 [0]
21 208 [0]
0 226 [3]
71 149 [9]
10 219 [0]
47 179 [3]
60 166 [3]
1 225 [3]
18 211 [0]
63 166 [0]
97 126 [7]
55 175 [0]
80 150 [0]
89 138 [3]
4 223 [3]
36 193 [1]
89 140 [1]
68 160 [3]
115 116 [0]
110 121 [0]
74 154 [3]
50 180 [1]
10 218 [3]
9 222 [0]
11 217 [3]
22 209 [0]
15 213 [3]
17 215 [0]
29 200 [3]
60 169 [3]
70 161 [1]
47 185 [0]
59 172 [1]
66 163 [3]
19 211 [3]
96 137 [0]
7 217 [9]
92 138 [3]
0 230 [3]
27 203 [3]
17 213 [3]
62 171 [0]
27 197 [9]
53 177 [3]
81 149 [3]
8 217 [9]
58 173 [3]
46 187 [1]
91 142 [1]
28 206 [0]
7 227 [0]
79 155 [0]
20 211 [3]
61 172 [1]
115 119 [0]
66 167 [1]
5 221 [9]
94 138 [3]
21 214 [0]
97 139 [0]
95 138 [3]
16 217 [3]
27 209 [0]
78 157 [1]
91 140 [6]
45 192 [0]
25 212 [0]
44 193 [0]
39 198 [0]
61 176 [1]
41 194 [3]
13 225 [0]
43 186 [9]
72 166 [0]
102 136 [1]
89 147 [3]
34 205 [0]
44 186 [9]
26 212 [1]
93 146 [0]
14 225 [0]
100 140 [0]
10 227 [3]
54 185 [1]
40 197 [3]
55 185 [0]
30 210 [0]
17 224 [0]
11 221 [9]
116 122 [3]
15 223 [3]
103 137 [1]
56 182 [3]
118 123 [1]
0 239 [3]
78 163 [1]
2 237 [3]
97 140 [6]
37 205 [1]
39 201 [3]
84 158 [1]
43 197 [3]
27 213 [3]
61 183 [0]
63 181 [0]
21 223 [0]
117 126 [1]
27 214 [3]
70 173 [1]
8 233 [3]
2 239 [3]
115 129 [0]
17 227 [0]
4 238 [3]
28 214 [3]
79 165 [1]
43 202 [0]
89 156 [0]
29 216 [0]
87 157 [1]
45 200 [0]
59 186 [0]
12 231 [3]
87 153 [6]
88 158 [0]
27 216 [3]
2 236 [9]
77 169 [1]
3 241 [3]
47 197 [3]
50 196 [1]
122 124 [1]
68 177 [3]
6 239 [3]
94 153 [1]
83 164 [1]
48 197 [3]
8 237 [3]
14 231 [3]
2 246 [0]
27 218 [3]
26 222 [1]
19 221 [9]
61 187 [1]
44 205 [0]
42 207 [1]
58 192 [0]
91 158 [1]
66 183 [1]
28 222 [0]
17 233 [0]
24 220 [6]
7 243 [0]
118 132 [0]
25 226 [0]
84 164 [3]
117 134 [0]
16 235 [0]
67 175 [9]
84 166 [1]
2 247 [3]
10 242 [0]
66 185 [1]
15 237 [0]
71 178 [3]
70 181 [1]
87 164 [1]
49 200 [3]
72 179 [1]
8 244 [0]
102 149 [1]
60 189 [3]
16 237 [0]
53 197 [3]
70 182 [1]
94 159 [0]
115 137 [1]
2 251 [0]
98 154 [1]
30 222 [1]
60 190 [3]
27 223 [3]
39 215 [0]
8 246 [0]
102 151 [1]
8 243 [3]
95 159 [0]
10 236 [9]
29 225 [1]
21 234 [0]
2 253 [0]
97 157 [1]
107 149 [0]
64 192 [0]
56 197 [3]
112 144 [0]
20 233 [3]
88 168 [1]
112 145 [0]
40 217 [0]
0 254 [3]
10 238 [9]
127 128 [3]
23 235 [0]
61 196 [1]
122 135 [1]
8 250 [0]
70 188 [1]
59 199 [1]
1 258 [0]
84 174 [1]
119 139 [1]
94 156 [9]
109 151 [0]
21 236 [3]
83 171 [6]
12 245 [3]
76 178 [6]
57 202 [1]
9 249 [3]
21 240 [0]
11 251 [0]
88 174 [0]
7 255 [0]
110 151 [1]
2 260 [0]
45 211 [6]
106 156 [0]
71 182 [9]
36 225 [1]
68 195 [0]
8 255 [0]
9 254 [0]
3 260 [0]
109 154 [0]
39 219 [6]
102 161 [1]
23 238 [3]
2 259 [3]
130 134 [0]
64 197 [3]
33 228 [3]
20 236 [9]
13 249 [3]
0 262 [3]
27 235 [3]
95 170 [0]
88 177 [1]
56 209 [1]
55 211 [0]
54 211 [1]
1 266 [0]
53 214 [0]
34 233 [0]
55 206 [6]
16 251 [0]
94 173 [0]
126 139 [3]
44 224 [0]
69 198 [1]
10 249 [9]
2 266 [0]
84 183 [1]
1 264 [3]
52 216 [0]
82 186 [0]
44 225 [0]
66 202 [1]
78 190 [1]
40 229 [1]
17 253 [0]
111 153 [6]
25 244 [1]
68 202 [0]
4 266 [0]
107 163 [0]
44 226 [0]
15 252 [3]
10 257 [3]
6 264 [0]
19 249 [3]
96 175 [0]
107 164 [0]
103 168 [0]
6 262 [3]
38 233 [0]
122 146 [3]
114 155 [3]
6 266 [0]
29 243 [0]
126 146 [0]
47 219 [6]
10 260 [3]
108 156 [9]
7 266 [0]
3 267 [3]
132 141 [0]
11 262 [0]
8 262 [3]
78 194 [1]
124 149 [0]
44 230 [0]
3 271 [0]
36 237 [1]
108 163 [3]
26 248 [1]
43 232 [0]
4 271 [0]
30 244 [1]
19 254 [3]
63 212 [1]
90 185 [1]
123 152 [1]
60 216 [0]
17 259 [0]
50 220 [6]
65 211 [1]
4 270 [3]
6 271 [0]
130 147 [0]
43 233 [1]
8 269 [0]
80 197 [0]
106 168 [3]
130 146 [1]
93 182 [3]
76 196 [6]
42 235 [1]
106 172 [0]
95 183 [0]
98 179 [1]
54 221 [3]
87 190 [1]
53 225 [1]
71 205 [3]
2 277 [0]
122 157 [1]
23 257 [0]
84 195 [1]
88 192 [0]
127 152 [1]
6 272 [3]
104 176 [1]
53 227 [1]
73 207 [1]
50 230 [1]
120 162 [0]
39 243 [0]
23 259 [0]
98 183 [1]
134 148 [0]
139 143 [0]
74 207 [1]
67 215 [1]
63 217 [3]
62 222 [0]
83 200 [1]
125 160 [0]
21 264 [0]
0 282 [3]
93 192 [0]
60 226 [0]
87 193 [6]
65 215 [6]
93 190 [3]
16 270 [0]
138 142 [6]
104 181 [1]
84 202 [1]
106 180 [1]
140 141 [6]
126 160 [1]
47 240 [0]
76 205 [6]
129 158 [0]
51 236 [0]
131 156 [0]
6 282 [0]
124 164 [0]
0 285 [3]
36 251 [1]
93 194 [1]
95 190 [3]
75 207 [6]
1 284 [3]
58 229 [1]
70 212 [6]
30 257 [1]
48 240 [1]
49 239 [1]
80 203 [6]
138 151 [0]
17 266 [6]
32 257 [0]
139 147 [3]
47 241 [1]
7 277 [6]
88 202 [0]
126 163 [1]
90 199 [1]
18 272 [0]
4 283 [3]
45 239 [6]
50 239 [1]
35 255 [0]
106 182 [3]
4 284 [3]
97 188 [6]
44 247 [0]
141 150 [0]
8 280 [3]
1 287 [3]
68 223 [0]
116 175 [0]
64 226 [1]
13 273 [6]
6 286 [0]
61 231 [0]
131 155 [6]
38 253 [1]
33 259 [0]
64 228 [1]
62 228 [3]
54 233 [6]
90 202 [1]
2 291 [0]
110 184 [0]
103 185 [6]
109 184 [1]
112 180 [2]
3 291 [0]
94 201 [0]
2 290 [3]
130 165 [0]
95 199 [1]
1 294 [0]
10 283 [3]
9 287 [0]
1 295 [0]
39 257 [0]
93 203 [0]
7 286 [3]
133 163 [0]
140 156 [1]
139 155 [3]
124 167 [6]
111 186 [0]
23 274 [0]
64 232 [1]
95 202 [0]
0 297 [0]
74 222 [1]
87 211 [0]
86 206 [6]
46 246 [6]
71 227 [0]
5 290 [3]
66 231 [1]
27 271 [0]
5 293 [0]
2 296 [0]
17 281 [0]
26 272 [0]
3 292 [3]
147 151 [0]
16 283 [0]
93 205 [1]
34 265 [0]
90 208 [1]
75 221 [3]
37 261 [1]
77 222 [1]
102 197 [1]
59 240 [1]
121 178 [2]
143 155 [3]
112 187 [2]
25 275 [1]
12 286 [3]
128 172 [1]
32 269 [0]
134 167 [0]
98 202 [1]
111 185 [6]
18 283 [1]
124 172 [6]
39 258 [6]
94 208 [1]
47 256 [0]
119 184 [0]
54 249 [1]
14 290 [0]
43 260 [1]
33 271 [0]
22 282 [0]
24 275 [6]
129 176 [0]
101 197 [7]
147 153 [6]
56 242 [8]
147 160 [0]
101 206 [0]
118 189 [0]
83 221 [3]
73 233 [1]
107 195 [6]
12 296 [0]
52 256 [0]
43 264 [1]
114 193 [1]
3 305 [0]
99 204 [6]
141 168 [0]
116 187 [6]
30 273 [6]
129 178 [2]
0 309 [0]
9 294 [6]
31 279 [0]
111 193 [6]
78 226 [6]
115 195 [0]
37 272 [1]
96 208 [6]
9 295 [6]
72 233 [6]
8 303 [0]
150 161 [0]
58 252 [1]
134 171 [6]
64 241 [6]
1 307 [3]
19 293 [0]
125 186 [1]
82 224 [6]
151 161 [0]
66 241 [6]
65 247 [1]
130 183 [0]
130 184 [0]
125 189 [0]
3 311 [0]
132 182 [0]
37 271 [6]
86 228 [0]
123 190 [1]
49 264 [1]
46 267 [1]
79 230 [6]
3 312 [0]
51 263 [1]
85 224 [6]
68 241 [6]
44 266 [6]
56 259 [1]
71 245 [0]
127 188 [1]
92 224 [1]
99 212 [6]
46 270 [1]
145 172 [0]
6 311 [0]
17 300 [0]
38 273 [6]
70 241 [6]
46 266 [6]
72 245 [1]
135 183 [0]
105 213 [0]
13 305 [0]
17 301 [0]
110 203 [6]
6 306 [7]
31 285 [3]
136 183 [0]
155 164 [0]
17 302 [0]
56 262 [1]
109 204 [6]
0 317 [3]
6 314 [0]
77 237 [6]
2 318 [0]
24 289 [7]
76 242 [2]
55 265 [0]
120 193 [7]
108 206 [6]
58 261 [1]
124 191 [6]
131 184 [6]
21 299 [1]
121 200 [0]
120 201 [0]
104 212 [6]
96 219 [7]
52 269 [1]
123 198 [1]
4 315 [3]
90 231 [1]
138 178 [6]
59 262 [1]
80 240 [2]
18 297 [7]
7 315 [0]
97 219 [7]
54 263 [6]
146 171 [6]
78 239 [6]
105 218 [0]
37 285 [1]
29 289 [6]
37 286 [1]
127 196 [1]
4 317 [3]
3 321 [0]
154 170 [0]
41 283 [0]
59 264 [1]
77 247 [1]
37 287 [1]
31 294 [0]
2 323 [0]
23 302 [0]
40 279 [6]
159 166 [0]
45 277 [4]
78 247 [1]
12 308 [6]
63 257 [6]
69 251 [6]
123 203 [1]
6 321 [0]
18 303 [6]
128 193 [6]
23 304 [0]
148 179 [0]
13 314 [0]
162 166 [0]
32 296 [0]
139 188 [1]
159 169 [0]
102 219 [7]
136 192 [0]
14 314 [0]
163 166 [0]
7 322 [0]
66 257 [6]
97 231 [1]
143 186 [0]
31 298 [0]
20 309 [0]
70 253 [6]
148 181 [0]
131 198 [0]
47 283 [0]
79 245 [6]
125 199 [6]
13 317 [0]
121 203 [6]
58 266 [6]
72 253 [6]
147 178 [6]
100 224 [7]
34 296 [1]
77 248 [6]
120 209 [2]
138 187 [6]
92 238 [1]
121 209 [2]
22 310 [0]
1 331 [0]
20 306 [6]
72 259 [1]
124 203 [6]
56 276 [1]
122 210 [1]
163 170 [0]
10 320 [3]
44 290 [0]
113 221 [0]
165 169 [0]
30 297 [7]
108 220 [6]
11 323 [0]
54 273 [7]
21 306 [7]
107 222 [6]
69 260 [6]
64 270 [1]
58 276 [1]
9 325 [1]
92 237 [6]
4 332 [0]
10 326 [0]
14 322 [0]
53 282 [1]
154 176 [6]
43 292 [1]
25 305 [6]
106 230 [0]
27 303 [6]
19 315 [3]
73 263 [1]
165 166 [6]
60 271 [6]
3 334 [0]
160 177 [0]
118 213 [6]
97 234 [6]
20 317 [0]
0 338 [0]
4 334 [0]
53 279 [6]
127 211 [1]
13 326 [0]
167 172 [0]
25 313 [1]
103 230 [6]
44 295 [0]
24 309 [6]
157 182 [0]
159 178 [2]
73 260 [6]
106 232 [1]
84 250 [6]
9 324 [7]
82 252 [6]
74 265 [1]
53 287 [0]
2 339 [0]
15 326 [0]
28 306 [7]
7 328 [6]
27 314 [0]
30 310 [1]
98 237 [6]
19 323 [0]
63 273 [6]
49 292 [1]
137 199 [6]
21 320 [1]
129 214 [0]
136 201 [6]
72 270 [1]
128 209 [6]
83 254 [6]
0 340 [3]
33 311 [0]
40 297 [7]
118 224 [2]
83 255 [6]
4 340 [0]
1 340 [3]
35 303 [6]
116 222 [6]
71 274 [0]
68 276 [1]
52 292 [1]
98 247 [1]
46 299 [1]
107 233 [6]
16 330 [0]
133 207 [6]
95 250 [1]
158 182 [6]
41 305 [0]
157 190 [0]
4 343 [0]
123 223 [1]
60 287 [0]
17 330 [0]
67 281 [0]
0 348 [0]
64 277 [7]
89 253 [6]
92 250 [6]
137 211 [0]
37 310 [1]
77 270 [1]
155 187 [6]
166 182 [0]
34 313 [1]
114 229 [6]
2 344 [3]
32 311 [6]
7 336 [6]
9 333 [7]
162 181 [6]
75 268 [6]
150 194 [6]
23 321 [6]
13 331 [6]
137 207 [6]
7 337 [6]
66 278 [6]
59 290 [1]
6 344 [0]
133 211 [6]
15 335 [0]
1 349 [0]
76 269 [6]
12 339 [0]
70 275 [6]
34 317 [0]
57 288 [6]
127 221 [3]
62 290 [0]
91 255 [6]
81 270 [1]
173 179 [0]
20 325 [7]
8 338 [6]
7 339 [6]
105 240 [7]
106 247 [0]
57 289 [7]
42 305 [6]
58 289 [6]
123 225 [6]
30 318 [6]
67 287 [0]
97 256 [1]
141 207 [6]
16 332 [6]
33 322 [0]
87 262 [6]
89 265 [1]
147 202 [6]
21 328 [6]
121 228 [6]
174 181 [0]
41 314 [0]
23 325 [7]
82 272 [1]
10 345 [0]
152 203 [0]
119 236 [0]
40 314 [1]
15 341 [0]
54 296 [6]
8 348 [0]
152 204 [0]
72 278 [6]
75 275 [6]
94 262 [0]
9 342 [6]
133 218 [6]
126 225 [6]
4 347 [6]
26 330 [1]
165 192 [0]
151 205 [2]
80 271 [7]
81 271 [6]
143 214 [1]
144 214 [0]
6 346 [6]
25 328 [6]
54 299 [6]
138 221 [0]
69 284 [6]
34 319 [6]
49 304 [6]
14 339 [6]
177 182 [0]
2 358 [0]
145 213 [2]
1 359 [0]
109 242 [9]
26 328 [6]
7 347 [6]
102 252 [6]
22 332 [6]
29 324 [7]
50 305 [6]
106 254 [1]
125 234 [2]
172 184 [6]
86 275 [1]
41 321 [0]
100 258 [4]
79 276 [7]
44 312 [6]
35 327 [0]
11 345 [6]
89 267 [6]
78 278 [6]
172 188 [2]
152 206 [4]
48 308 [7]
7 356 [0]
135 228 [0]
22 335 [6]
125 232 [6]
33 324 [6]
97 260 [6]
102 255 [6]
164 193 [6]
174 183 [6]
95 268 [1]
156 207 [1]
0 364 [0]
1 364 [0]
63 296 [6]
7 352 [6]
168 191 [6]
122 242 [2]
11 349 [6]
168 192 [6]
95 270 [1]
58 307 [1]
22 338 [6]
66 295 [6]
85 276 [6]
4 357 [6]
157 204 [6]
57 304 [6]
35 325 [7]
168 194 [6]
9 353 [6]
88 273 [7]
7 355 [6]
130 232 [6]
5 357 [6]
10 352 [6]
167 202 [0]
6 363 [0]
32 331 [6]
3 366 [0]
2 361 [6]
131 238 [0]
20 349 [0]
150 212 [7]
154 210 [6]
16 354 [0]
119 242 [9]
20 351 [0]
90 280 [1]
30 340 [1]
70 295 [6]
149 215 [7]
4 362 [6]
27 339 [6]
75 291 [6]
154 217 [1]
142 230 [0]
112 253 [7]
83 283 [6]
31 342 [0]
74 293 [6]
10 360 [3]
2 365 [6]
157 210 [6]
105 261 [7]
124 244 [6]
178 196 [0]
173 201 [0]
34 334 [6]
0 374 [0]
1 373 [0]
177 190 [7]
21 348 [6]
2 373 [0]
11 358 [6]
53 316 [6]
88 281 [6]
51 318 [6]
187 188 [0]
149 219 [7]
34 336 [6]
111 258 [7]
7 369 [0]
166 208 [2]
39 331 [6]
1 375 [0]
142 235 [0]
5 366 [6]
133 238 [6]
17 360 [0]
50 321 [6]
167 208 [2]
6 371 [0]
153 224 [0]
14 357 [6]
144 227 [7]
42 330 [6]
93 279 [6]
94 277 [7]
152 221 [6]
44 329 [6]
39 334 [6]
25 354 [0]
125 252 [2]
12 361 [6]
123 250 [6]
24 349 [6]
122 251 [6]
57 316 [6]
176 197 [6]
6 368 [6]
140 240 [0]
107 267 [6]
23 351 [6]
163 217 [0]
17 357 [6]
165 209 [7]
111 264 [6]
68 306 [7]
3 372 [6]
16 359 [6]
129 245 [7]
79 295 [7]
5 370 [6]
32 343 [6]
168 206 [7]
183 196 [2]
127 248 [6]
100 274 [7]
66 309 [6]
60 316 [6]
73 303 [6]
102 274 [6]
23 352 [7]
75 300 [7]
61 316 [6]
59 318 [6]
121 256 [6]
40 336 [7]
128 254 [1]
12 365 [6]
174 203 [6]
136 241 [7]
45 332 [7]
47 331 [6]
168 210 [6]
111 266 [7]
59 319 [6]
6 372 [6]
16 362 [6]
56 327 [1]
74 305 [6]
173 210 [2]
75 303 [7]
36 343 [6]
74 310 [1]
6 373 [6]
177 202 [6]
141 238 [6]
23 355 [7]
135 244 [7]
90 289 [7]
23 357 [6]
41 339 [6]
6 374 [6]
100 286 [0]
1 379 [6]
7 374 [6]
170 217 [0]
159 226 [2]
55 326 [6]
6 375 [6]
107 274 [6]
98 283 [6]
49 332 [6]
190 197 [0]
69 311 [7]
17 364 [6]
136 249 [2]
0 387 [0]
128 253 [6]
125 255 [7]
10 377 [0]
74 306 [7]
23 359 [6]
89 293 [6]
73 314 [1]
181 201 [6]
3 379 [6]
3 385 [0]
28 360 [0]
0 382 [6]
36 346 [6]
35 348 [6]
123 260 [6]
11 372 [6]
79 306 [4]
84 299 [6]
95 288 [6]
157 226 [6]
176 214 [0]
117 267 [6]
148 240 [2]
104 285 [1]
87 296 [7]
39 345 [6]
37 346 [7]
73 317 [1]
121 268 [2]
113 271 [7]
2 383 [6]
0 391 [0]
63 327 [1]
79 305 [7]
191 198 [2]
0 386 [6]
111 275 [6]
7 385 [0]
70 316 [6]
195 198 [0]
110 276 [7]
135 251 [7]
16 371 [6]
2 391 [0]
190 198 [6]
124 264 [6]
63 324 [7]
107 281 [6]
95 298 [1]
144 242 [9]
130 259 [6]
171 224 [0]
31 358 [6]
79 310 [6]
67 322 [6]
2 393 [0]
12 377 [6]
117 272 [6]
45 347 [4]
8 388 [0]
37 353 [6]
51 344 [1]
195 199 [2]
34 355 [7]
1 395 [0]
195 202 [0]
130 260 [7]
18 373 [6]
36 355 [7]
167 224 [7]
75 317 [6]
43 349 [6]
3 395 [0]
41 351 [6]
90 302 [6]
6 387 [6]
22 371 [6]
98 294 [7]
177 215 [7]
16 377 [6]
2 397 [0]
126 267 [6]
21 373 [6]
90 303 [7]
143 251 [6]
124 270 [6]
12 388 [0]
159 240 [2]
16 379 [6]
199 200 [2]
163 232 [6]
191 210 [0]
62 333 [7]
46 350 [6]
115 281 [6]
9 386 [7]
175 220 [7]
7 389 [6]
115 282 [6]
30 366 [7]
87 309 [7]
51 345 [7]
9 387 [7]
182 221 [0]
60 337 [6]
92 305 [6]
4 394 [6]
0 403 [1]
34 364 [6]
15 389 [0]
112 290 [2]
40 359 [6]
90 309 [6]
57 341 [7]
54 347 [4]
63 336 [7]
130 270 [6]
122 278 [6]
102 297 [7]
65 334 [7]
9 391 [6]
96 303 [7]
175 225 [6]
147 253 [7]
194 213 [0]
19 382 [6]
154 247 [6]
2 399 [6]
7 400 [0]
179 226 [2]
158 249 [0]
106 295 [6]
66 335 [6]
181 219 [7]
32 370 [6]
3 399 [6]
47 360 [1]
68 334 [6]
0 408 [0]
1 401 [6]
11 391 [6]
19 389 [0]
49 353 [6]
10 398 [0]
136 270 [2]
20 382 [6]
199 210 [0]
1 408 [0]
30 373 [6]
77 326 [6]
2 401 [6]
82 321 [7]
80 323 [7]
35 369 [6]
58 346 [6]
128 276 [6]
107 296 [7]
109 297 [4]
174 236 [0]
156 254 [1]
32 373 [6]
7 398 [6]
112 292 [7]
141 264 [6]
1 407 [3]
116 290 [6]
111 294 [7]
6 399 [7]
112 293 [7]
11 395 [6]
84 322 [6]
58 347 [7]
161 242 [9]
58 348 [6]
34 378 [1]
90 317 [6]
187 226 [0]
56 356 [1]
114 293 [6]
65 342 [6]
123 284 [6]
116 292 [6]
59 354 [1]
107 300 [7]
101 313 [0]
190 222 [2]
173 239 [2]
69 344 [1]
150 258 [7]
15 400 [0]
22 393 [0]
2 413 [0]
8 401 [6]
2 408 [6]
1 415 [0]
12 398 [6]
37 372 [7]
176 233 [7]
23 393 [0]
53 358 [6]
200 217 [0]
137 273 [7]
52 359 [6]
47 364 [6]
11 401 [6]
112 299 [7]
3 415 [0]
159 252 [7]
156 261 [1]
116 295 [7]
6 405 [7]
110 302 [7]
184 233 [2]
108 305 [6]
19 400 [0]
74 339 [6]
180 239 [0]
197 216 [6]
27 386 [6]
43 370 [7]
196 220 [4]
63 356 [1]
13 403 [4]
25 389 [6]
191 230 [0]
10 405 [6]
160 259 [2]
75 339 [7]
52 362 [7]
154 265 [2]
153 268 [0]
189 226 [6]
93 325 [4]
171 249 [2]
10 409 [3]
57 358 [7]
41 375 [6]
56 360 [6]
148 272 [2]
111 305 [7]
172 244 [7]
59 357 [7]
16 401 [6]
196 221 [6]
2 421 [0]
112 306 [5]
187 229 [7]
16 403 [4]
100 319 [4]
20 404 [0]
44 380 [0]
14 410 [0]
6 412 [6]
2 416 [6]
147 272 [6]
4 421 [0]
75 343 [7]
103 315 [7]
144 277 [4]
144 280 [2]
90 329 [7]
146 274 [6]
86 333 [7]
25 394 [7]
145 277 [4]
17 409 [0]
81 344 [1]
175 245 [6]
25 395 [6]
98 322 [6]
26 395 [6]
84 336 [7]
108 312 [7]
203 223 [2]
48 373 [7]
73 349 [6]
34 388 [6]
75 346 [7]
184 238 [6]
21 401 [7]
46 377 [6]
120 302 [7]
83 339 [7]
36 386 [7]
122 301 [6]
48 374 [7]
180 243 [7]
62 362 [6]
84 340 [6]
71 359 [0]
23 403 [4]
138 286 [6]
52 373 [6]
27 404 [0]
208 223 [0]
134 292 [6]
107 318 [7]
176 254 [2]
54 371 [7]
8 417 [7]
104 321 [7]
196 233 [3]
0 432 [0]
86 340 [6]
74 353 [6]
5 422 [6]
19 414 [0]
46 381 [6]
47 379 [7]
209 225 [0]
108 320 [6]
90 337 [7]
50 377 [7]
69 361 [4]
142 289 [4]
201 228 [6]
197 232 [6]
10 419 [6]
2 427 [6]
18 411 [6]
79 349 [7]
71 358 [6]
12 424 [0]
87 342 [7]
28 403 [5]
3 428 [5]
112 317 [7]
195 234 [7]
111 320 [6]
152 278 [7]
164 267 [6]
25 406 [6]
131 299 [7]
87 344 [6]
82 352 [4]
156 281 [1]
168 264 [6]
52 379 [7]
5 428 [5]
102 330 [6]
11 421 [6]
117 315 [6]
193 245 [0]
145 289 [4]
216 223 [0]
188 249 [2]
104 328 [7]
44 389 [6]
111 324 [4]
21 417 [1]
22 411 [6]
17 416 [6]
86 348 [6]
4 435 [1]
129 304 [7]
23 411 [6]
48 385 [7]
9 425 [7]
75 359 [7]
80 357 [4]
66 368 [7]
32 409 [0]
23 417 [1]
48 386 [7]
187 250 [4]
112 324 [5]
159 275 [7]
120 314 [7]
173 261 [7]
43 393 [6]
55 381 [6]
109 326 [7]
180 262 [0]
177 258 [7]
7 430 [6]
100 338 [5]
13 424 [6]
63 373 [7]
11 428 [4]
34 409 [1]
108 330 [6]
18 419 [7]
49 389 [6]
12 425 [7]
96 341 [7]
12 426 [6]
6 439 [0]
13 428 [4]
71 368 [6]
73 365 [7]
69 370 [7]
66 373 [7]
106 333 [7]
48 391 [7]
94 346 [6]
38 407 [1]
169 273 [4]
12 434 [0]
4 436 [7]
186 255 [6]
89 351 [7]
169 271 [7]
11 429 [7]
208 239 [0]
158 287 [2]
126 315 [6]
218 222 [7]
60 381 [6]
43 398 [7]
2 440 [6]
18 423 [7]
157 285 [6]
88 354 [6]
144 298 [7]
212 237 [0]
211 238 [0]
153 292 [4]
84 361 [4]
11 432 [6]
40 402 [7]
101 339 [9]
215 230 [4]
22 421 [6]
98 347 [4]
100 346 [4]
98 345 [7]
108 335 [7]
196 254 [0]
7 437 [6]
56 387 [7]
44 399 [7]
120 325 [5]
186 258 [7]
22 422 [7]
7 438 [6]
8 436 [7]
4 447 [0]
5 446 [0]
123 321 [7]
86 359 [6]
188 263 [0]
21 424 [6]
204 247 [0]
201 246 [4]
99 346 [7]
126 320 [6]
15 431 [6]
62 383 [7]
37 409 [6]
25 421 [6]
193 259 [0]
83 362 [7]
26 420 [7]
150 296 [7]
65 384 [4]
89 357 [7]
7 446 [0]
155 291 [7]
9 438 [6]
48 398 [7]
49 397 [7]
65 381 [7]
56 390 [7]
175 272 [6]
97 352 [4]
191 258 [4]
132 314 [7]
1 453 [0]
109 341 [4]
100 350 [4]
171 283 [0]
48 402 [4]
139 308 [7]
0 448 [6]
169 279 [7]
180 268 [7]
11 437 [7]
4 445 [6]
148 303 [4]
0 455 [0]
8 447 [0]
114 335 [6]
74 374 [7]
185 270 [0]
126 322 [7]
143 307 [6]
38 417 [1]
43 406 [7]
115 334 [7]
90 360 [6]
158 294 [4]
83 367 [6]
130 319 [7]
19 432 [6]
37 413 [7]
2 455 [0]
162 288 [7]
134 317 [6]
87 366 [4]
6 445 [6]
197 259 [2]
226 232 [0]
88 366 [4]
228 231 [0]
39 414 [6]
71 388 [0]
204 248 [7]
1 451 [7]
66 386 [7]
205 254 [0]
114 339 [7]
33 421 [6]
6 448 [6]
67 387 [6]
66 388 [6]
16 438 [6]
227 233 [0]
12 443 [6]
209 243 [9]
120 337 [4]
92 362 [7]
178 283 [0]
3 458 [0]
103 351 [7]
210 249 [2]
46 408 [7]
85 372 [4]
72 383 [7]
164 291 [7]
11 444 [7]
49 406 [7]
218 237 [7]
102 354 [6]
52 409 [1]
129 329 [4]
130 326 [7]
45 411 [7]
76 383 [4]
15 442 [6]
18 439 [6]
155 301 [7]
109 351 [4]
58 400 [6]
6 458 [0]
51 407 [6]
173 284 [7]
30 427 [7]
8 449 [7]
68 390 [7]
0 459 [6]
115 343 [7]
81 378 [6]
137 324 [4]
14 444 [7]
56 405 [4]
59 402 [4]
79 382 [4]
32 428 [5]
7 453 [6]
58 403 [5]
214 245 [7]
22 437 [7]
13 452 [1]
46 413 [7]
185 281 [0]
198 261 [7]
211 256 [0]
61 399 [7]
166 297 [4]
12 455 [0]
233 234 [0]
0 461 [6]
225 243 [0]
179 287 [2]
223 241 [4]
91 370 [7]
21 440 [7]
60 403 [5]
63 398 [7]
230 236 [2]
31 431 [6]
95 367 [6]
84 377 [7]
10 458 [0]
3 459 [6]
39 424 [6]
21 441 [7]
157 308 [4]
82 383 [4]
88 374 [7]
11 458 [0]
1 468 [0]
59 404 [6]
149 314 [6]
228 234 [7]
2 468 [0]
217 247 [6]
121 342 [7]
134 329 [7]
19 444 [7]
225 238 [7]
33 431 [6]
97 366 [7]
138 326 [7]
21 449 [1]
70 394 [7]
207 264 [0]
72 393 [6]
150 314 [7]
176 288 [7]
7 463 [1]
210 258 [4]
81 385 [6]
97 368 [7]
82 386 [4]
227 245 [0]
85 380 [7]
11 454 [7]
79 389 [4]
0 465 [7]
63 402 [7]
133 336 [4]
15 451 [7]
148 321 [4]
209 260 [4]
212 261 [0]
78 388 [7]
7 459 [7]
36 431 [7]
6 462 [6]
64 404 [6]
182 290 [2]
8 460 [6]
16 458 [0]
22 451 [1]
118 350 [7]
22 452 [1]
53 415 [7]
185 283 [7]
106 363 [6]
232 235 [8]
38 436 [1]
80 388 [7]
101 365 [9]
180 291 [4]
102 366 [7]
92 377 [7]
149 320 [7]
162 307 [7]
53 416 [7]
134 335 [7]
45 427 [4]
2 467 [7]
185 284 [7]
44 425 [7]
54 418 [4]
12 464 [0]
9 462 [6]
4 466 [7]
175 295 [7]
75 395 [7]
182 288 [7]
206 271 [0]
37 435 [5]
209 268 [0]
152 321 [4]
133 337 [7]
17 454 [7]
112 362 [4]
140 333 [5]
92 379 [7]
200 271 [7]
185 286 [7]
220 258 [0]
12 460 [6]
74 397 [7]
224 250 [4]
229 250 [0]
95 377 [7]
41 432 [6]
227 248 [4]
190 282 [7]
61 411 [7]
165 307 [7]
56 416 [7]
113 362 [4]
45 430 [4]
228 245 [7]
96 378 [6]
165 311 [4]
169 304 [7]
164 309 [7]
83 390 [7]
65 409 [6]
105 371 [4]
218 255 [7]
204 269 [7]
14 459 [7]
231 249 [0]
204 270 [7]
90 384 [7]
217 262 [2]
126 348 [7]
37 438 [7]
73 402 [7]
21 455 [6]
156 320 [6]
237 242 [3]
37 439 [6]
197 278 [7]
65 410 [7]
197 283 [2]
73 405 [4]
140 337 [5]
7 474 [1]
166 312 [4]
7 469 [7]
164 312 [7]
61 418 [4]
10 466 [7]
19 464 [0]
203 280 [0]
130 346 [7]
113 366 [4]
5 472 [6]
17 465 [1]
199 285 [0]
32 451 [1]
104 373 [7]
23 454 [7]
105 375 [4]
206 273 [5]
40 438 [7]
11 468 [6]
207 274 [4]
3 482 [0]
118 360 [7]
0 479 [6]
189 290 [6]
21 464 [1]
222 264 [0]
96 386 [4]
4 476 [6]
11 474 [1]
234 252 [0]
45 434 [7]
197 282 [7]
193 286 [7]
177 303 [7]
31 449 [7]
80 400 [7]
51 428 [8]
34 447 [6]
85 395 [7]
10 471 [6]
2 479 [7]
84 397 [7]
207 281 [0]
89 392 [7]
11 470 [7]
7 475 [6]
141 340 [7]
242 246 [0]
130 355 [4]
78 403 [8]
90 392 [7]
100 385 [4]
204 278 [7]
23 465 [1]
34 448 [7]
76 407 [6]
161 321 [7]
108 374 [7]
6 476 [7]
193 292 [4]
208 280 [2]
40 443 [7]
31 453 [6]
235 251 [4]
218 272 [0]
141 345 [4]
69 415 [7]
76 409 [6]
192 292 [7]
161 325 [5]
150 338 [4]
63 422 [7]
102 386 [4]
97 388 [7]
6 479 [7]
2 484 [6]
5 480 [7]
155 333 [4]
19 466 [7]
39 447 [6]
120 369 [4]
207 282 [4]
15 472 [6]
74 412 [7]
63 424 [6]
54 432 [7]
66 420 [7]
56 430 [7]
27 465 [1]
171 318 [4]
81 406 [7]
26 461 [7]
124 363 [7]
62 425 [7]
20 467 [7]
118 369 [7]
167 320 [7]
111 376 [7]
139 348 [7]
180 311 [4]
123 365 [7]
243 252 [0]
205 290 [0]
6 485 [4]
130 361 [4]
180 312 [4]
39 450 [7]
172 317 [7]
130 359 [7]
2 488 [6]
135 357 [4]
189 300 [7]
195 297 [4]
35 455 [6]
40 452 [4]
145 347 [5]
7 485 [5]
199 294 [4]
0 490 [7]
170 320 [7]
57 436 [4]
1 497 [0]
0 492 [6]
115 376 [7]
39 453 [6]
218 277 [4]
12 481 [6]
223 269 [7]
204 291 [4]
109 386 [4]
45 449 [5]
149 344 [6]
170 327 [2]
210 282 [7]
44 448 [7]
73 419 [7]
126 366 [7]
127 367 [6]
29 470 [1]
202 294 [4]
1 493 [6]
23 470 [7]
154 344 [2]
123 370 [7]
60 434 [6]
200 297 [4]
9 486 [6]
221 273 [7]
172 327 [2]
174 324 [4]
244 254 [4]
57 438 [7]
15 481 [6]
232 266 [4]
157 341 [4]
167 331 [4]
5 491 [6]
185 310 [7]
21 480 [1]
132 363 [7]
12 483 [7]
4 499 [0]
216 287 [0]
36 463 [4]
36 460 [7]
175 321 [7]
94 402 [7]
147 349 [7]
20 478 [6]
165 335 [4]
224 276 [4]
148 354 [2]
144 355 [5]
154 343 [7]
155 342 [7]
28 469 [7]
125 375 [4]
9 489 [6]
243 254 [7]
36 461 [7]
162 338 [4]
29 469 [7]
88 410 [7]
28 470 [7]
212 286 [7]
17 482 [6]
191 311 [4]
38 461 [7]
94 405 [7]
181 318 [7]
149 350 [7]
125 377 [4]
91 408 [7]
193 309 [4]
57 443 [7]
63 437 [7]
4 497 [6]
104 399 [4]
68 432 [7]
55 446 [6]
232 268 [7]
205 297 [5]
242 262 [3]
62 439 [6]
145 356 [7]
20 482 [6]
30 474 [4]
112 392 [4]
201 300 [7]
64 437 [7]
74 427 [7]
126 375 [7]
101 398 [9]
150 355 [4]
53 452 [4]
147 356 [6]
180 324 [5]
76 426 [7]
228 277 [4]
98 403 [8]
108 394 [7]
64 438 [7]
11 492 [6]
183 319 [7]
210 296 [4]
58 446 [6]
164 339 [7]
129 377 [4]
115 388 [7]
177 327 [6]
5 498 [7]
49 457 [4]
4 500 [6]
201 302 [7]
12 493 [6]
138 367 [6]
251 260 [0]
22 485 [4]
43 467 [1]
187 317 [7]
17 487 [7]
106 404 [1]
34 477 [1]
222 290 [0]
14 491 [7]
75 433 [4]
212 295 [5]
92 413 [7]
198 307 [7]
23 483 [7]
50 456 [7]
230 276 [7]
156 351 [6]
83 428 [2]
45 463 [5]
14 493 [6]
90 419 [4]
110 396 [7]
103 406 [4]
8 498 [7]
57 452 [4]
0 507 [6]
79 431 [4]
33 475 [6]
51 456 [7]
129 381 [4]
245 268 [1]
8 500 [6]
23 490 [1]
67 440 [7]
144 366 [4]
184 323 [7]
203 304 [7]
189 319 [7]
183 328 [4]
131 380 [4]
180 327 [8]
59 452 [4]
241 270 [4]
105 405 [5]
10 500 [6]
14 495 [7]
88 421 [7]
83 429 [4]
166 343 [7]
241 275 [0]
166 346 [4]
40 473 [4]
56 454 [7]
5 505 [7]
87 428 [2]
221 290 [6]
73 437 [7]
13 503 [1]
12 498 [7]
248 269 [0]
212 300 [5]
184 326 [7]
11 500 [6]
34 476 [7]
131 382 [5]
17 494 [7]
1 510 [7]
69 442 [7]
107 404 [7]
6 505 [7]
165 349 [4]
222 292 [4]
151 360 [7]
3 514 [1]
213 301 [4]
126 385 [7]
64 447 [7]
34 483 [1]
23 489 [6]
173 341 [4]
244 274 [0]
22 495 [1]
221 291 [7]
59 453 [7]
241 278 [0]
247 272 [0]
53 459 [7]
21 491 [7]
122 390 [7]
114 402 [4]
214 299 [7]
129 387 [4]
101 418 [1]
19 494 [7]
151 366 [4]
145 372 [4]
221 293 [7]
162 355 [4]
185 332 [4]
139 375 [7]
189 328 [4]
242 276 [3]
233 281 [7]
153 364 [5]
192 326 [4]
187 331 [4]
96 422 [4]
257 261 [4]
188 325 [9]
51 467 [4]
146 372 [4]
70 445 [7]
13 502 [7]
198 317 [7]
89 429 [4]
101 413 [9]
70 449 [4]
33 483 [7]
147 372 [4]
229 289 [5]
34 485 [4]
228 288 [7]
135 383 [5]
56 463 [4]
74 442 [7]
221 296 [7]
10 513 [1]
177 340 [7]
141 379 [4]
63 457 [4]
248 276 [0]
12 506 [7]
216 302 [7]
54 467 [4]
198 320 [7]
4 520 [1]
214 304 [7]
50 468 [7]
120 403 [2]
27 492 [6]
243 277 [5]
208 310 [7]
251 275 [0]
7 518 [1]
249 273 [4]
11 514 [1]
244 282 [0]
172 350 [4]
160 362 [4]
108 412 [7]
232 291 [4]
99 421 [7]
65 457 [5]
10 512 [6]
221 300 [7]
168 354 [6]
91 433 [4]
70 454 [4]
94 427 [7]
115 407 [6]
263 265 [0]
62 459 [7]
150 374 [4]
209 315 [4]
136 389 [4]
71 457 [1]
7 515 [7]
140 384 [5]
34 488 [7]
77 445 [7]
218 304 [7]
219 311 [0]
104 422 [4]
151 375 [4]
56 470 [4]
181 342 [7]
1 523 [7]
34 496 [1]
161 366 [4]
50 477 [4]
133 394 [4]
242 280 [9]
3 528 [0]
26 498 [7]
129 398 [4]
252 275 [4]
0 524 [7]
247 278 [7]
232 296 [4]
18 510 [4]
165 363 [4]
6 519 [7]
36 496 [1]
76 450 [7]
38 494 [1]
171 357 [5]
144 384 [5]
117 412 [4]
86 440 [7]
105 424 [4]
59 470 [4]
254 272 [7]
118 411 [4]
157 369 [7]
29 503 [1]
76 454 [4]
34 493 [7]
2 526 [6]
160 367 [7]
178 351 [5]
127 400 [7]
199 327 [8]
172 358 [4]
114 417 [4]
14 520 [1]
4 524 [7]
30 498 [7]
172 359 [4]
66 462 [7]
133 395 [7]
65 465 [5]
134 397 [4]
215 320 [0]
178 353 [4]
20 508 [7]
265 270 [0]
8 528 [0]
126 404 [6]
256 280 [0]
123 407 [6]
58 474 [4]
237 299 [0]
25 504 [7]
263 270 [3]
48 484 [4]
88 444 [5]
222 306 [9]
2 529 [6]
187 345 [5]
6 524 [7]
221 309 [7]
169 364 [4]
54 479 [4]
76 457 [5]
203 331 [4]
1 531 [6]
75 459 [4]
57 477 [4]
220 313 [5]
124 407 [7]
243 291 [4]
260 278 [0]
35 503 [1]
184 351 [4]
221 311 [7]
59 476 [4]
178 352 [9]
79 456 [4]
7 526 [6]
162 373 [4]
216 319 [4]
152 383 [5]
10 523 [7]
189 347 [4]
31 502 [7]
3 530 [7]
254 282 [4]
185 351 [5]
70 467 [4]
42 495 [4]
129 403 [9]
26 511 [4]
88 446 [7]
192 346 [4]
33 502 [7]
3 533 [6]
222 316 [4]
78 460 [4]
217 318 [7]
213 324 [5]
171 367 [4]
104 431 [7]
228 307 [7]
195 340 [7]
88 447 [7]
234 303 [5]
34 508 [1]
46 496 [1]
230 308 [5]
2 541 [1]
126 411 [7]
225 315 [4]
250 290 [4]
3 535 [6]
248 292 [4]
261 284 [0]
247 294 [4]
206 334 [5]
253 292 [0]
80 458 [7]
188 352 [5]
198 340 [7]
43 501 [1]
188 353 [4]
139 402 [4]
108 430 [7]
26 519 [1]
52 490 [4]
28 514 [4]
32 507 [7]
123 419 [4]
125 417 [5]
162 381 [4]
94 447 [6]
262 285 [0]
109 434 [4]
4 536 [7]
255 292 [0]
9 531 [7]
1 540 [6]
63 480 [4]
81 463 [4]
78 465 [5]
32 509 [7]
41 506 [1]
194 354 [0]
118 426 [4]
179 366 [4]
242 304 [3]
85 460 [4]
54 491 [4]
128 417 [4]
241 303 [5]
4 541 [5]
79 464 [7]
51 492 [7]
107 435 [8]
8 537 [5]
115 431 [4]
163 383 [4]
49 501 [1]
28 522 [1]
70 477 [4]
174 373 [4]
221 323 [7]
88 459 [4]
140 407 [4]
213 334 [4]
12 532 [7]
146 401 [4]
82 462 [7]
79 467 [5]
234 313 [4]
95 452 [4]
188 360 [4]
10 541 [1]
1 545 [6]
165 382 [5]
209 338 [5]
90 457 [5]
132 414 [7]
108 439 [6]
180 369 [4]
175 371 [7]
34 512 [7]
157 392 [4]
39 507 [7]
208 342 [4]
26 521 [7]
84 465 [5]
123 424 [7]
144 406 [4]
70 480 [4]
7 540 [7]
268 282 [4]
252 298 [4]
6 544 [4]
2 547 [6]
202 349 [4]
29 525 [1]
134 414 [7]
6 543 [6]
133 418 [4]
168 380 [7]
267 281 [7]
95 453 [7]
18 536 [1]
274 282 [0]
21 534 [1]
194 357 [5]
111 438 [7]
35 520 [1]
239 310 [7]
134 417 [5]
189 360 [7]
146 404 [6]
10 546 [0]
87 464 [6]
139 411 [7]
5 551 [1]
43 507 [7]
140 412 [5]
154 396 [7]
35 515 [7]
127 424 [6]
62 489 [6]
195 358 [4]
177 376 [4]
35 518 [4]
65 488 [4]
207 345 [5]
87 467 [4]
243 306 [9]
106 446 [6]
68 485 [5]
88 464 [6]
25 526 [7]
40 513 [5]
39 512 [7]
114 438 [7]
188 367 [4]
3 549 [7]
95 458 [6]
24 527 [8]
12 540 [7]
78 477 [4]
6 547 [6]
50 505 [4]
21 531 [7]
206 349 [5]
216 339 [5]
36 523 [1]
268 288 [4]
275 281 [4]
157 399 [4]
136 419 [5]
268 286 [7]
257 304 [0]
40 517 [4]
147 407 [7]
25 529 [7]
271 286 [4]
56 502 [4]
164 391 [7]
194 364 [4]
24 531 [7]
193 364 [5]
93 465 [4]
117 441 [4]
212 345 [5]
15 540 [7]
219 343 [0]
146 412 [4]
83 475 [4]
206 348 [9]
174 385 [4]
171 388 [4]
1 561 [1]
229 329 [5]
20 536 [7]
50 507 [7]
268 292 [4]
21 542 [1]
179 381 [4]
39 524 [1]
71 487 [6]
72 486 [6]
180 381 [4]
163 395 [7]
69 492 [4]
95 466 [4]
59 499 [7]
187 373 [5]
2 557 [6]
33 525 [7]
84 478 [4]
222 340 [4]
71 488 [7]
72 487 [7]
267 299 [0]
163 396 [7]
136 425 [5]
63 502 [1]
5 560 [1]
196 361 [9]
2 558 [7]
225 337 [5]
47 519 [1]
127 435 [5]
240 327 [0]
22 541 [4]
52 511 [4]
48 512 [7]
261 302 [4]
35 532 [1]
214 350 [4]
89 472 [7]
223 341 [4]
46 518 [4]
49 512 [7]
61 503 [4]
237 326 [5]
36 532 [1]
202 363 [4]
115 447 [7]
259 310 [0]
156 407 [6]
131 434 [4]
228 337 [4]
7 561 [1]
176 389 [4]
145 421 [4]
279 291 [0]
67 502 [1]
192 374 [4]
242 328 [0]
7 562 [1]
99 467 [4]
66 497 [7]
137 426 [7]
183 382 [5]
168 395 [7]
116 447 [7]
33 531 [7]
19 551 [1]
34 536 [1]
7 557 [7]
249 315 [7]
64 500 [7]
280 284 [7]
37 530 [4]
53 513 [5]
265 299 [7]
3 567 [1]
21 543 [7]
261 307 [4]
146 422 [4]
194 374 [4]
279 293 [0]
94 471 [7]
27 544 [1]
235 330 [7]
217 351 [4]
36 529 [7]
10 561 [1]
246 326 [0]
177 392 [4]
286 287 [0]
55 517 [1]
19 548 [6]
7 559 [7]
5 567 [1]
54 515 [4]
220 352 [1]
220 353 [0]
201 369 [4]
4 563 [7]
44 523 [7]
33 537 [4]
163 404 [7]
99 468 [7]
76 494 [4]
12 562 [1]
7 567 [1]
193 378 [4]
23 546 [6]
29 541 [5]
16 558 [1]
148 423 [4]
117 454 [4]
257 313 [5]
122 447 [7]
232 344 [0]
236 336 [4]
205 366 [5]
269 307 [0]
212 359 [5]
70 502 [4]
50 522 [4]
146 428 [2]
54 516 [7]
179 394 [4]
151 422 [4]
258 319 [0]
243 329 [5]
50 523 [4]
93 480 [4]
214 356 [7]
148 425 [5]
113 458 [7]
161 413 [4]
175 396 [7]
162 409 [7]
99 475 [4]
35 542 [1]
73 499 [6]
3 574 [1]
75 497 [7]
125 450 [4]
17 555 [7]
149 426 [4]
236 339 [4]
16 556 [7]
2 576 [1]
237 333 [9]
19 553 [7]
26 553 [1]
147 429 [4]
87 486 [7]
182 394 [4]
124 453 [4]
242 333 [6]
204 372 [5]
192 385 [4]
206 371 [5]
90 488 [4]
126 451 [5]
5 570 [7]
87 491 [4]
220 361 [1]
73 505 [4]
152 425 [5]
2 579 [1]
284 295 [4]
247 332 [4]
237 341 [5]
48 528 [7]
206 368 [9]
232 346 [5]
262 314 [7]
3 579 [1]
205 374 [5]
249 331 [4]
139 441 [4]
114 466 [4]
15 569 [0]
30 553 [1]
0 583 [1]
60 520 [4]
29 548 [7]
33 545 [6]
267 317 [0]
102 478 [4]
92 486 [6]
10 568 [7]
229 356 [0]
287 294 [4]
286 295 [4]
85 495 [5]
231 350 [4]
151 430 [4]
211 370 [4]
0 585 [1]
135 447 [4]
13 572 [1]
287 295 [4]
41 538 [7]
260 325 [1]
12 573 [1]
213 369 [4]
194 389 [4]
133 450 [4]
80 502 [5]
290 293 [4]
93 487 [7]
3 583 [1]
157 428 [2]
216 366 [5]
89 494 [4]
264 319 [4]
63 520 [4]
2 585 [1]
110 473 [5]
59 525 [4]
90 494 [4]
245 338 [5]
55 526 [7]
41 540 [7]
254 329 [5]
286 298 [4]
290 294 [4]
165 420 [4]
239 344 [6]
127 455 [7]
98 487 [4]
256 329 [4]
235 350 [4]
95 487 [7]
118 464 [7]
25 557 [7]
2 586 [1]
20 568 [1]
235 354 [0]
293 296 [0]
36 552 [1]
227 357 [5]
3 580 [6]
106 476 [7]
124 461 [4]
140 445 [5]
234 351 [5]
99 487 [4]
284 302 [4]
234 347 [9]
67 522 [1]
155 431 [4]
251 340 [0]
280 304 [7]
16 569 [6]
227 355 [9]
85 502 [4]
32 558 [1]
126 461 [4]
108 480 [4]
111 477 [4]
15 570 [7]
49 539 [4]
193 394 [5]
38 553 [1]
118 470 [5]
81 508 [4]
256 330 [7]
257 331 [5]
3 589 [1]
286 303 [4]
205 383 [5]
97 492 [4]
43 543 [7]
59 531 [4]
113 477 [4]
112 474 [8]
151 435 [8]
7 582 [5]
170 419 [5]
276 313 [5]
12 581 [1]
227 362 [5]
58 529 [7]
246 344 [4]
148 441 [5]
284 310 [0]
158 432 [4]
35 559 [1]
39 555 [1]
4 584 [7]
58 536 [1]
181 407 [7]
148 443 [4]
108 484 [4]
38 554 [4]
275 316 [5]
32 563 [1]
7 588 [1]
25 570 [1]
206 381 [9]
279 312 [5]
243 348 [5]
252 339 [5]
282 314 [0]
291 300 [5]
248 343 [5]
127 466 [4]
233 359 [5]
72 520 [5]
20 570 [7]
233 360 [4]
222 371 [4]
15 581 [1]
256 338 [4]
235 359 [4]
149 445 [4]
12 585 [1]
74 520 [4]
195 396 [7]
22 575 [1]
181 410 [7]
260 329 [9]
103 490 [5]
210 383 [5]
263 332 [4]
59 536 [4]
102 493 [4]
92 503 [4]
72 523 [4]
56 539 [4]
37 558 [4]
40 555 [4]
226 368 [5]
62 531 [7]
107 489 [4]
148 448 [4]
280 316 [4]
41 558 [1]
23 571 [6]
151 444 [5]
154 443 [4]
155 439 [7]
198 396 [7]
94 503 [4]
3 597 [1]
16 581 [4]
152 444 [5]
119 474 [8]
241 356 [4]
142 454 [5]
131 464 [7]
118 479 [5]
285 310 [7]
9 589 [4]
21 577 [4]
4 592 [6]
66 532 [4]
171 428 [3]
235 364 [4]
179 420 [4]
110 486 [7]
50 549 [4]
26 573 [4]
82 517 [4]
44 559 [1]
0 603 [1]
213 386 [5]
192 403 [9]
247 352 [5]
26 574 [4]
103 497 [4]
39 561 [4]
106 494 [4]
78 523 [4]
59 542 [4]
28 576 [1]
219 377 [9]
262 338 [5]
189 409 [7]
210 390 [5]
25 576 [4]
148 452 [5]
62 542 [1]
131 469 [5]
89 511 [5]
28 573 [4]
298 307 [0]
171 425 [9]
71 528 [6]
251 350 [5]
276 330 [0]
124 477 [5]
140 461 [5]
110 492 [4]
201 403 [2]
28 574 [4]
0 599 [7]
199 402 [5]
98 505 [4]
40 563 [4]
65 538 [4]
19 587 [1]
102 501 [4]
6 601 [1]
52 555 [1]
105 494 [9]
261 342 [5]
198 406 [4]
67 534 [7]
4 603 [1]
4 598 [6]
88 517 [4]
36 566 [7]
105 495 [9]
43 562 [4]
124 481 [4]
96 509 [4]
9 593 [7]
198 404 [7]
296 313 [0]
3 599 [7]
125 480 [5]
123 483 [4]
68 535 [7]
17 589 [4]
14 595 [1]
56 550 [4]
42 564 [4]
134 472 [4]
66 540 [4]
284 322 [5]
192 415 [4]
53 557 [1]
268 338 [5]
41 563 [7]
258 352 [1]
164 443 [4]
69 539 [4]
4 601 [7]
237 370 [5]
117 491 [4]
195 413 [4]
65 543 [4]
51 557 [4]
258 345 [9]
238 371 [4]
22 587 [4]
44 568 [1]
167 441 [5]
12 594 [7]
15 592 [6]
253 360 [0]
227 381 [5]
145 463 [5]
18 591 [4]
138 471 [4]
2 607 [5]
177 433 [4]
65 544 [5]
233 376 [5]
134 476 [4]
166 445 [4]
68 540 [7]
92 519 [4]
178 435 [2]
277 338 [0]
57 554 [4]
217 394 [4]
61 547 [7]
7 601 [7]
198 412 [5]
63 545 [7]
46 565 [4]
127 484 [4]
115 497 [4]
130 482 [4]
15 594 [7]
11 598 [7]
127 482 [7]
299 312 [5]
305 311 [0]
135 476 [5]
213 399 [5]
302 315 [0]
88 524 [5]
42 569 [6]
269 343 [5]
32 584 [1]
25 591 [1]
138 474 [5]
106 504 [7]
3 608 [7]
299 315 [4]
248 361 [9]
47 570 [1]
231 380 [7]
212 398 [9]
76 539 [4]
300 319 [0]
230 384 [5]
32 580 [7]
292 322 [5]
3 610 [6]
155 460 [4]
111 504 [4]
271 344 [4]
237 377 [5]
2 616 [1]
224 390 [5]
45 571 [4]
16 600 [4]
286 325 [9]
111 505 [4]
247 369 [4]
57 559 [4]
244 371 [5]
126 490 [5]
168 446 [7]
179 438 [4]
133 484 [4]
34 580 [7]
286 331 [4]
2 612 [7]
44 576 [1]
133 483 [5]
257 355 [9]
280 337 [4]
0 621 [1]
83 535 [4]
99 518 [5]
35 583 [4]
45 572 [5]
108 510 [4]
195 422 [5]
111 506 [5]
75 542 [5]
251 362 [9]
168 447 [7]
197 422 [4]
29 590 [4]
242 378 [3]
19 598 [6]
231 388 [4]
1 621 [1]
12 606 [5]
191 427 [5]
213 405 [5]
101 520 [2]
202 416 [5]
153 461 [9]
4 614 [6]
215 409 [0]
1 622 [1]
37 582 [5]
6 611 [7]
13 607 [4]
8 610 [7]
265 355 [5]
97 524 [4]
94 530 [1]
269 347 [9]
5 619 [1]
57 564 [4]
125 495 [5]
5 614 [6]
194 426 [5]
179 442 [4]
229 392 [5]
6 619 [1]
292 330 [4]
54 567 [5]
285 336 [5]
292 329 [5]
61 560 [5]
246 379 [1]
211 411 [4]
17 605 [4]
239 382 [5]
2 624 [1]
84 539 [4]
81 542 [4]
206 412 [9]
52 569 [6]
16 607 [4]
61 562 [4]
143 480 [4]
139 481 [7]
21 603 [4]
160 463 [5]
12 609 [7]
86 535 [7]
137 488 [4]
59 566 [4]
0 628 [1]
246 382 [1]
224 403 [2]
283 342 [4]
232 392 [5]
78 547 [4]
154 472 [4]
209 412 [9]
186 440 [4]
210 415 [5]
274 356 [0]
85 537 [8]
229 396 [5]
238 388 [4]
179 448 [4]
197 430 [4]
314 317 [0]
7 623 [1]
127 497 [7]
79 544 [8]
135 491 [5]
245 381 [5]
267 359 [5]
193 430 [9]
150 477 [5]
302 330 [0]
32 593 [7]
26 602 [4]
18 606 [8]
176 451 [5]
78 549 [5]
23 605 [4]
21 607 [5]
13 616 [4]
96 533 [4]
12 620 [1]
13 619 [1]
11 621 [1]
6 627 [1]
22 611 [1]
19 608 [7]
113 517 [4]
108 522 [4]
27 603 [4]
29 602 [4]
30 598 [7]
191 435 [9]
190 442 [4]
3 626 [7]
16 619 [1]
225 407 [4]
30 602 [4]
12 623 [1]
211 420 [5]
264 368 [5]
7 625 [5]
145 487 [5]
6 630 [1]
42 591 [4]
26 606 [5]
24 609 [4]
3 629 [5]
193 439 [5]
4 626 [7]
15 621 [1]
200 433 [4]
185 448 [5]
113 521 [4]
243 390 [5]
316 322 [0]
36 601 [1]
4 627 [7]
54 579 [5]
11 626 [1]
28 609 [1]
153 476 [9]
269 364 [5]
214 420 [4]
29 609 [1]
313 325 [1]
99 536 [4]
220 410 [9]
83 552 [4]
35 600 [4]
292 338 [9]
93 541 [5]
156 480 [4]
16 623 [1]
40 595 [5]
283 353 [4]
256 379 [5]
286 350 [4]
215 421 [5]
114 523 [4]
145 491 [5]
235 401 [5]
8 626 [7]
188 448 [5]
223 413 [5]
45 589 [8]
88 549 [5]
299 338 [5]
5 633 [4]
85 552 [5]
107 531 [4]
108 527 [8]
68 569 [6]
190 446 [7]
48 591 [4]
65 574 [5]
273 371 [0]
203 436 [5]
247 393 [4]
284 356 [4]
9 631 [4]
179 458 [7]
191 448 [5]
187 453 [5]
111 530 [4]
63 578 [4]
66 574 [5]
322 323 [0]
35 609 [1]
36 604 [5]
66 575 [4]
128 513 [5]
93 549 [4]
293 348 [5]
229 408 [9]
247 394 [5]
18 627 [1]
186 453 [7]
178 459 [9]
75 567 [5]
259 379 [9]
46 597 [4]
252 390 [5]
312 335 [0]
153 489 [5]
1 641 [5]
141 499 [7]
114 526 [7]
289 358 [0]
235 403 [9]
234 408 [5]
21 622 [4]
242 406 [0]
6 638 [4]
27 614 [7]
6 635 [7]
41 604 [4]
252 392 [5]
102 543 [4]
49 596 [4]
65 580 [4]
0 643 [6]
90 555 [4]
205 435 [9]
41 601 [7]
212 429 [9]
222 423 [5]
22 624 [4]
5 641 [4]
223 424 [4]
266 385 [0]
303 348 [0]
14 633 [4]
309 342 [0]
37 610 [4]
271 380 [0]
42 605 [5]
52 596 [4]
199 448 [5]
107 537 [8]
242 407 [3]
246 403 [3]
109 538 [5]
83 564 [5]
233 414 [5]
88 559 [5]
2 645 [5]
133 514 [5]
194 455 [4]
303 350 [0]
235 414 [4]
275 378 [0]
248 403 [2]
321 332 [0]
19 629 [5]
35 615 [4]
27 626 [1]
85 564 [5]
297 357 [0]
4 649 [1]
138 512 [4]
284 361 [9]
88 561 [5]
283 367 [4]
287 362 [5]
197 453 [4]
183 467 [5]
85 566 [4]
105 541 [9]
105 545 [5]
222 425 [9]
10 645 [1]
7 645 [4]
322 333 [1]
66 585 [5]
45 603 [8]
141 510 [5]
246 410 [0]
19 633 [4]
297 358 [1]
135 516 [5]
149 502 [5]
101 555 [1]
157 495 [5]
209 443 [5]
2 648 [7]
46 610 [1]
153 495 [9]
9 647 [1]
55 601 [1]
323 334 [0]
96 557 [4]
183 470 [5]
235 418 [5]
185 468 [5]
105 548 [5]
11 640 [7]
65 588 [5]
279 370 [9]
224 425 [9]
255 404 [0]
114 537 [8]
17 638 [4]
106 549 [4]
148 506 [5]
42 613 [4]
53 602 [4]
1 657 [1]
101 557 [1]
299 352 [9]
221 432 [7]
318 342 [0]
293 358 [9]
3 656 [1]
24 631 [5]
285 370 [5]
155 501 [5]
36 621 [4]
73 584 [4]
215 437 [9]
100 552 [9]
270 382 [9]
35 622 [4]
196 457 [8]
249 408 [4]
117 537 [8]
28 630 [4]
127 527 [8]
21 633 [8]
317 340 [5]
31 631 [1]
44 615 [4]
48 607 [8]
39 620 [4]
244 414 [5]
252 406 [5]
191 468 [4]
68 591 [4]
307 347 [9]
0 659 [5]
304 356 [4]
204 451 [9]
35 625 [4]
209 450 [5]
189 470 [5]
17 640 [7]
171 484 [9]
280 381 [4]
83 578 [4]
233 427 [5]
3 661 [1]
190 470 [5]
320 336 [9]
328 337 [0]
178 485 [2]
161 500 [4]
110 550 [5]
153 504 [9]
10 649 [7]
202 459 [5]
143 518 [5]
186 476 [4]
23 639 [4]
237 424 [5]
84 578 [4]
309 348 [9]
266 400 [0]
257 409 [0]
94 567 [5]
135 528 [4]
231 431 [5]
229 429 [9]
6 657 [4]
283 379 [5]
293 365 [9]
89 573 [5]
69 594 [4]
240 422 [5]
159 503 [5]
332 335 [0]
77 586 [5]
79 581 [8]
98 565 [5]
100 559 [9]
141 522 [5]
210 449 [9]
68 596 [4]
144 519 [5]
173 492 [4]
299 361 [9]
22 646 [1]
127 538 [4]
130 535 [4]
262 402 [5]
87 578 [5]
227 438 [5]
10 653 [7]
8 655 [7]
97 568 [5]
245 417 [8]
43 623 [4]
127 539 [4]
40 626 [4]
296 365 [9]
226 435 [9]
143 521 [7]
91 575 [5]
2 662 [7]
17 653 [1]
51 615 [5]
212 451 [8]
228 439 [4]
318 353 [0]
327 344 [0]
99 567 [5]
111 556 [4]
141 525 [5]
190 478 [4]
280 387 [5]
116 552 [4]
70 597 [5]
109 558 [5]
164 504 [4]
8 659 [5]
13 658 [1]
198 469 [5]
42 625 [5]
133 535 [4]
178 489 [5]
144 520 [8]
10 661 [1]
113 554 [5]
78 589 [5]
202 464 [7]
113 556 [4]
83 582 [8]
248 417 [8]
230 438 [5]
6 663 [4]
297 376 [0]
281 388 [4]
41 628 [5]
6 664 [4]
4 665 [5]
1 668 [5]
7 663 [4]
316 354 [4]
48 621 [5]
99 570 [5]
33 636 [5]
296 378 [0]
68 602 [4]
16 654 [4]
64 605 [5]
150 520 [5]
53 618 [4]
295 380 [0]
86 585 [4]
324 350 [1]
258 408 [9]
44 630 [1]
10 665 [1]
69 602 [5]
13 662 [1]
234 433 [9]
2 669 [5]
196 471 [9]
141 531 [4]
119 553 [5]
276 396 [5]
12 664 [1]
213 459 [5]
334 343 [0]
162 510 [5]
82 591 [5]
43 631 [4]
180 490 [8]
49 624 [5]
206 471 [1]
76 598 [4]
190 483 [5]
227 446 [5]
64 610 [4]
63 611 [4]
84 589 [5]
311 359 [9]
63 612 [4]
26 652 [1]
198 476 [5]
98 576 [5]
141 533 [5]
9 665 [5]
130 545 [4]
59 617 [4]
7 669 [4]
17 659 [4]
141 537 [2]
3 676 [1]
222 453 [5]
166 509 [5]
123 553 [4]
155 521 [4]
133 542 [5]
88 588 [5]
71 606 [4]
198 478 [5]
313 363 [5]
263 414 [4]
288 393 [0]
254 418 [9]
93 584 [4]
4 670 [7]
261 415 [5]
284 393 [4]
154 522 [5]
112 562 [8]
200 474 [8]
198 479 [5]
69 609 [4]
52 625 [5]
304 378 [0]
234 443 [5]
42 633 [8]
218 457 [8]
104 574 [5]
196 478 [9]
312 371 [0]
150 529 [4]
47 632 [4]
24 654 [5]
269 409 [5]
64 615 [5]
239 440 [5]
139 537 [8]
36 647 [1]
70 610 [4]
245 434 [5]
173 507 [4]
260 415 [9]
162 517 [5]
60 617 [7]
2 682 [1]
83 597 [5]
45 635 [5]
266 417 [2]
203 474 [8]
78 602 [5]
45 637 [4]
110 569 [7]
36 643 [7]
135 544 [8]
223 459 [5]
34 649 [4]
10 670 [7]
320 367 [0]
26 656 [5]
1 679 [7]
156 530 [1]
232 450 [5]
2 678 [7]
30 653 [4]
0 686 [1]
201 482 [4]
18 664 [5]
87 595 [5]
23 660 [4]
239 443 [5]
306 382 [0]
253 426 [9]
91 593 [4]
97 586 [5]
44 637 [7]
103 577 [8]
300 388 [0]
152 527 [9]
279 404 [5]
295 393 [0]
139 541 [8]
76 605 [8]
180 504 [5]
296 384 [9]
174 510 [5]
34 650 [5]
18 666 [5]
170 516 [4]
182 504 [4]
236 450 [4]
303 386 [1]
12 677 [1]
108 578 [4]
232 449 [9]
52 637 [1]
136 550 [5]
152 534 [5]
10 674 [7]
111 575 [5]
58 628 [5]
127 560 [5]
261 426 [5]
341 351 [0]
51 636 [5]
153 530 [9]
6 685 [1]
108 580 [4]
120 564 [8]
44 647 [1]
187 496 [9]
255 436 [1]
121 566 [5]
106 582 [5]
233 452 [8]
246 446 [1]
143 543 [7]
255 430 [9]
161 529 [4]
33 660 [1]
310 380 [4]
275 414 [5]
73 617 [4]
29 661 [4]
53 640 [1]
215 478 [1]
116 573 [5]
2 685 [7]
227 459 [9]
245 441 [9]
168 522 [5]
236 455 [4]
20 674 [1]
269 418 [9]
282 405 [9]
162 529 [5]
21 671 [4]
53 638 [5]
98 594 [4]
6 690 [1]
301 396 [0]
94 599 [4]
18 678 [1]
273 424 [0]
308 380 [9]
247 446 [4]
141 551 [5]
156 540 [1]
230 462 [5]
85 604 [8]
265 427 [5]
0 693 [5]
12 679 [7]
291 407 [0]
332 357 [9]
57 633 [8]
172 521 [5]
56 638 [5]
178 516 [5]
8 690 [1]
174 521 [4]
231 463 [5]
46 652 [1]
154 540 [5]
124 570 [5]
307 384 [9]
302 393 [5]
70 625 [5]
101 591 [8]
96 599 [5]
4 691 [5]
307 388 [5]
195 500 [5]
247 448 [5]
331 369 [0]
253 443 [5]
70 627 [4]
271 421 [9]
123 571 [7]
18 675 [8]
75 621 [5]
0 695 [6]
28 668 [5]
264 433 [5]
139 559 [4]
21 677 [4]
220 481 [1]
237 456 [9]
155 543 [4]
298 404 [0]
78 620 [5]
2 695 [6]
181 517 [5]
171 523 [9]
130 568 [5]
277 426 [0]
274 424 [5]
96 602 [5]
270 429 [5]
270 425 [9]
13 687 [4]
146 553 [5]
71 629 [4]
13 690 [1]
74 626 [4]
193 502 [9]
31 672 [1]
34 665 [5]
316 388 [0]
149 551 [5]
113 587 [5]
240 460 [5]
101 602 [2]
197 503 [5]
114 586 [5]
84 617 [4]
341 364 [0]
124 576 [5]
57 641 [8]
131 567 [8]
323 374 [9]
109 593 [4]
329 377 [0]
27 675 [4]
53 649 [4]
44 657 [5]
243 454 [9]
265 437 [5]
170 532 [5]
209 490 [8]
348 359 [0]
79 623 [5]
42 657 [8]
4 702 [1]
352 355 [0]
63 639 [5]
101 605 [2]
56 648 [4]
2 699 [7]
306 402 [0]
7 694 [7]
108 595 [5]
51 653 [4]
301 407 [0]
84 619 [5]
328 379 [1]
272 428 [9]
2 706 [1]
282 418 [9]
139 566 [4]
308 401 [0]
114 591 [4]
25 683 [1]
194 506 [9]
313 391 [5]
269 431 [9]
4 699 [7]
314 387 [9]
98 604 [8]
21 685 [4]
203 502 [5]
97 605 [8]
163 543 [4]
133 572 [5]
142 561 [8]
10 700 [1]
25 682 [4]
141 565 [5]
159 544 [8]
97 609 [5]
313 393 [5]
106 600 [5]
333 378 [1]
176 531 [5]
27 678 [7]
53 651 [8]
27 684 [1]
36 672 [4]
20 687 [5]
0 711 [1]
137 571 [4]
254 449 [9]
12 696 [4]
3 703 [7]
143 566 [4]
263 445 [5]
317 387 [9]
198 506 [9]
28 678 [7]
48 657 [8]
3 704 [7]
105 600 [9]
106 603 [5]
119 587 [8]
40 670 [4]
3 710 [1]
328 377 [9]
254 455 [5]
43 670 [1]
250 464 [0]
93 614 [7]
2 711 [1]
26 685 [4]
142 569 [4]
31 683 [1]
4 710 [1]
143 568 [4]
47 664 [4]
21 689 [5]
126 584 [5]
2 712 [1]
36 679 [1]
2 713 [1]
4 711 [1]
331 385 [0]
57 651 [8]
112 597 [8]
233 475 [9]
215 493 [9]
36 677 [4]
119 593 [5]
278 430 [9]
2 715 [1]
161 552 [5]
155 558 [5]
238 475 [5]
217 497 [4]
14 703 [1]
290 423 [5]
59 655 [4]
318 399 [1]
280 434 [4]
215 502 [1]
217 496 [5]
349 369 [0]
294 424 [0]
97 617 [4]
83 633 [2]
104 611 [4]
259 452 [8]
1 717 [1]
317 397 [5]
39 679 [1]
207 507 [5]
105 605 [9]
206 512 [1]
83 634 [2]
267 447 [5]
96 618 [5]
74 642 [4]
281 434 [5]
144 568 [8]
214 501 [5]
76 636 [8]
58 658 [4]
52 667 [1]
275 444 [1]
270 445 [5]
11 705 [4]
95 621 [5]
193 519 [9]
191 525 [5]
329 392 [0]
321 400 [0]
175 543 [4]
75 643 [4]
73 641 [8]
147 567 [8]
56 661 [5]
166 551 [5]
220 501 [1]
89 625 [8]
45 675 [2]
163 554 [5]
35 684 [4]
253 469 [1]
180 534 [9]
58 657 [8]
21 697 [5]
284 434 [5]
176 542 [5]
115 600 [8]
141 574 [8]
147 569 [7]
131 583 [9]
86 629 [8]
3 720 [1]
49 671 [4]
250 466 [8]
14 706 [4]
165 551 [8]
186 534 [4]
2 721 [1]
10 713 [1]
273 450 [1]
267 448 [9]
243 473 [8]
0 724 [1]
3 721 [1]
101 622 [2]
217 503 [5]
153 563 [9]
79 638 [8]
273 444 [8]
112 604 [9]
277 441 [8]
100 617 [9]
114 604 [8]
221 501 [4]
79 639 [8]
2 723 [1]
320 397 [9]
255 470 [1]
55 666 [5]
226 491 [9]
170 551 [5]
337 389 [0]
184 538 [5]
81 642 [4]
97 622 [8]
106 616 [5]
280 443 [4]
360 367 [0]
315 407 [5]
54 665 [8]
96 626 [5]
6 717 [4]
196 522 [9]
6 720 [1]
105 615 [8]
223 496 [9]
266 453 [9]
9 714 [5]
94 630 [4]
270 453 [5]
308 420 [0]
291 435 [2]
42 681 [5]
341 386 [1]
179 546 [4]
5 719 [5]
264 456 [9]
83 643 [4]
213 512 [5]
174 551 [5]
20 703 [7]
212 510 [8]
55 671 [4]
34 692 [4]
331 398 [1]
168 557 [5]
300 428 [3]
130 596 [5]
66 660 [5]
249 477 [5]
281 441 [9]
26 700 [5]
140 582 [9]
29 695 [7]
312 411 [9]
213 510 [9]
337 394 [1]
170 557 [5]
67 661 [4]
50 678 [4]
55 669 [8]
289 443 [0]
180 547 [5]
351 381 [0]
15 713 [4]
69 656 [8]
74 651 [8]
151 574 [8]
183 545 [5]
220 511 [2]
183 546 [4]
96 632 [5]
128 600 [5]
213 515 [5]
104 624 [5]
0 728 [5]
358 375 [0]
100 625 [9]
134 595 [5]
1 732 [1]
281 444 [9]
49 681 [4]
48 681 [5]
40 686 [8]
80 649 [5]
345 380 [9]
246 480 [8]
254 471 [9]
297 429 [8]
281 448 [5]
59 671 [5]
199 527 [9]
24 706 [5]
19 715 [1]
293 433 [9]
69 661 [5]
193 533 [9]
199 531 [5]
298 436 [1]
167 560 [8]
6 725 [4]
70 657 [8]
215 519 [1]
340 396 [0]
2 729 [5]
315 412 [9]
238 490 [8]
9 722 [5]
128 603 [5]
272 457 [8]
15 721 [1]
11 722 [4]
22 708 [7]
246 482 [9]
331 403 [3]
2 734 [1]
318 410 [9]
356 372 [9]
318 414 [5]
227 502 [9]
216 513 [9]
183 550 [5]
132 601 [5]
36 698 [4]
130 606 [2]
17 720 [1]
259 470 [9]
263 467 [9]
106 628 [5]
15 719 [5]
329 402 [8]
281 449 [9]
248 482 [9]
255 483 [1]
74 661 [4]
12 726 [1]
200 535 [4]
171 559 [9]
20 718 [1]
155 577 [8]
63 673 [4]
294 446 [0]
175 560 [5]
266 466 [8]
324 407 [9]
182 553 [5]
138 598 [4]
0 740 [1]
314 418 [9]
101 632 [8]
212 527 [2]
219 520 [2]
264 472 [5]
207 529 [5]
127 606 [8]
64 673 [4]
144 592 [5]
238 498 [5]
317 416 [9]
223 511 [8]
355 378 [9]
147 590 [5]
261 473 [8]
244 490 [8]
41 697 [4]
191 546 [5]
158 580 [5]
18 721 [4]
28 708 [7]
125 613 [5]
167 571 [5]
120 615 [8]
22 720 [1]
262 476 [5]
89 649 [5]
48 687 [8]
1 737 [5]
2 737 [5]
10 733 [1]
336 408 [0]
180 555 [9]
33 710 [1]
45 694 [5]
307 436 [1]
362 381 [1]
6 734 [4]
12 728 [4]
45 691 [8]
70 666 [8]
59 681 [5]
160 583 [2]
255 481 [9]
58 683 [4]
115 622 [8]
44 696 [5]
44 698 [4]
44 695 [7]
92 649 [5]
2 739 [5]
64 677 [5]
351 394 [1]
201 540 [5]
151 590 [5]
218 523 [5]
250 487 [9]
100 638 [9]
357 390 [0]
373 374 [0]
188 551 [8]
59 680 [8]
60 683 [4]
338 400 [9]
4 739 [5]
5 742 [1]
134 610 [4]
172 571 [5]
12 731 [5]
341 406 [1]
131 612 [5]
19 725 [4]
26 718 [4]
302 437 [9]
110 631 [8]
55 690 [4]
351 389 [9]
299 441 [9]
282 464 [3]
21 723 [5]
31 714 [4]
55 686 [8]
284 456 [9]
147 598 [4]
223 518 [8]
25 721 [4]
89 659 [2]
163 579 [8]
11 735 [4]
279 470 [1]
263 482 [5]
36 709 [5]
283 462 [5]
250 491 [9]
112 630 [8]
170 575 [5]
220 529 [1]
48 699 [4]
372 379 [0]
208 534 [9]
14 733 [4]
46 701 [5]
12 735 [5]
107 640 [5]
213 534 [5]
315 432 [5]
15 736 [1]
251 501 [1]
332 420 [1]
210 534 [9]
158 587 [8]
341 407 [5]
321 431 [1]
364 380 [9]
225 527 [2]
357 388 [9]
294 459 [1]
111 638 [5]
303 442 [9]
39 708 [7]
27 723 [4]
70 676 [8]
163 586 [5]
228 518 [8]
49 697 [8]
47 702 [5]
4 749 [1]
359 395 [0]
255 498 [1]
312 441 [1]
278 474 [2]
112 634 [9]
231 519 [5]
154 596 [5]
242 507 [6]
18 732 [5]
63 687 [5]
262 488 [5]
136 614 [5]
166 582 [8]
183 565 [8]
133 618 [5]
98 653 [5]
153 594 [9]
263 484 [9]
125 629 [2]
366 390 [0]
224 523 [9]
250 497 [9]
246 503 [8]
114 638 [5]
11 742 [4]
188 560 [9]
223 525 [9]
119 629 [9]
197 556 [4]
21 731 [5]
178 570 [9]
51 703 [4]
81 673 [4]
217 536 [5]
128 622 [8]
130 623 [5]
201 552 [5]
30 723 [5]
70 683 [5]
284 466 [8]
265 484 [9]
376 381 [1]
229 527 [2]
153 604 [2]
121 629 [9]
88 669 [2]
97 654 [8]
238 513 [8]
339 421 [0]
221 535 [4]
262 490 [8]
281 470 [9]
12 743 [5]
22 734 [4]
198 554 [8]
199 557 [5]
53 704 [4]
310 446 [5]
257 499 [5]
21 736 [4]
235 521 [5]
348 412 [1]
21 735 [5]
68 686 [8]
328 434 [0]
38 720 [4]
131 623 [8]
25 729 [8]
177 583 [2]
10 745 [7]
173 581 [8]
127 633 [2]
34 724 [5]
174 584 [5]
59 696 [8]
235 519 [9]
242 514 [7]
282 473 [8]
15 743 [5]
365 398 [0]
187 568 [8]
293 463 [8]
77 682 [5]
119 640 [5]
80 675 [9]
258 497 [9]
4 755 [5]
289 473 [2]
202 553 [9]
63 693 [8]
380 383 [1]
33 727 [4]
36 724 [5]
262 499 [4]
192 568 [5]
201 559 [5]
30 730 [5]
313 443 [9]
52 705 [8]
338 426 [1]
269 487 [9]
164 596 [5]
269 496 [1]
187 570 [9]
52 710 [4]
227 537 [2]
95 663 [8]
108 650 [8]
24 738 [4]
150 611 [5]
35 727 [4]
272 489 [5]
1 760 [5]
241 525 [1]
124 641 [2]
28 735 [4]
251 508 [8]
56 706 [5]
4 758 [5]
152 606 [9]
13 746 [8]
130 632 [5]
250 510 [8]
362 406 [0]
314 445 [9]
172 591 [5]
279 488 [1]
263 496 [9]
354 410 [4]
76 688 [4]
208 552 [9]
47 717 [5]
30 731 [8]
54 710 [5]
218 544 [8]
338 432 [0]
7 759 [4]
20 749 [1]
384 386 [0]
6 760 [4]
310 452 [8]
175 590 [5]
4 761 [5]
48 714 [8]
280 486 [4]
5 761 [5]
182 584 [5]
3 767 [1]
274 496 [1]
204 558 [9]
35 732 [4]
381 391 [0]
4 767 [1]
222 542 [8]
201 566 [5]
295 476 [1]
154 613 [5]
328 436 [8]
326 446 [0]
88 679 [5]
88 676 [8]
183 584 [5]
366 406 [0]
38 730 [5]
36 732 [5]
191 573 [9]
116 652 [5]
144 621 [8]
111 654 [8]
176 592 [5]
11 758 [4]
105 660 [8]
81 687 [5]
80 688 [5]
131 633 [9]
245 527 [2]
65 701 [8]
189 583 [2]
204 562 [8]
284 481 [9]
133 637 [4]
288 486 [0]
158 607 [9]
244 522 [8]
352 421 [1]
104 667 [4]
68 703 [4]
187 579 [9]
191 576 [8]
265 501 [9]
179 592 [4]
323 444 [8]
329 445 [1]
208 558 [9]
292 483 [1]
100 667 [9]
32 740 [4]
77 695 [4]
290 478 [9]
363 414 [0]
308 467 [2]
1 775 [1]
8 764 [5]
218 550 [9]
242 529 [6]
163 610 [4]
65 707 [5]
243 525 [9]
384 392 [1]
261 507 [9]
365 404 [9]
136 637 [5]
5 768 [5]
189 581 [8]
142 627 [9]
30 744 [4]
119 657 [2]
74 696 [8]
128 646 [4]
257 512 [9]
18 755 [5]
270 504 [5]
261 509 [9]
97 677 [5]
162 612 [5]
12 766 [1]
150 621 [8]
315 464 [0]
32 743 [4]
126 651 [2]
45 727 [8]
133 642 [5]
255 524 [1]
116 656 [8]
171 607 [2]
164 611 [5]
301 478 [1]
42 730 [8]
278 501 [1]
297 475 [8]
185 587 [8]
346 434 [0]
22 755 [4]
31 746 [4]
172 600 [9]
84 692 [5]
167 605 [9]
368 404 [9]
335 445 [1]
82 695 [4]
165 611 [5]
46 730 [5]
102 674 [5]
65 709 [8]
71 706 [5]
254 520 [8]
62 716 [4]
146 634 [2]
6 772 [4]
120 654 [8]
106 668 [8]
9 765 [8]
320 461 [1]
328 452 [2]
230 547 [5]
323 457 [2]
8 769 [5]
84 696 [2]
376 399 [8]
370 413 [0]
368 415 [0]
94 684 [5]
118 663 [2]
175 606 [2]
81 698 [4]
233 542 [8]
359 423 [1]
113 668 [2]
374 400 [9]
153 628 [2]
126 650 [8]
6 774 [4]
354 425 [5]
120 656 [8]
256 523 [5]
172 603 [9]
101 680 [3]
281 494 [9]
260 523 [1]
38 742 [5]
40 737 [8]
245 531 [9]
356 424 [5]
365 420 [0]
75 702 [8]
327 449 [9]
231 549 [5]
117 666 [2]
277 506 [2]
223 553 [9]
256 524 [5]
138 645 [2]
152 626 [8]
31 754 [1]
63 718 [5]
6 776 [4]
203 574 [9]
169 612 [5]
375 411 [0]
229 549 [8]
391 395 [0]
264 514 [8]
385 400 [1]
306 479 [2]
246 540 [1]
155 624 [8]
298 488 [1]
82 697 [8]
338 441 [8]
28 755 [4]
71 713 [4]
134 649 [5]
296 491 [1]
162 618 [8]
307 472 [9]
126 654 [8]
373 415 [0]
387 401 [0]
95 689 [5]
124 663 [2]
265 515 [9]
48 733 [8]
274 513 [2]
359 429 [1]
84 697 [8]
302 485 [2]
333 456 [0]
75 706 [8]
0 784 [5]
125 656 [8]
352 437 [0]
152 628 [9]
204 577 [9]
43 739 [8]
394 395 [1]
380 401 [9]
280 505 [5]
6 780 [4]
35 751 [4]
70 715 [5]
87 698 [5]
301 481 [9]
76 710 [5]
3 787 [1]
42 741 [8]
124 665 [2]
385 403 [3]
236 550 [5]
288 495 [8]
5 781 [5]
198 585 [8]
25 761 [5]
2 785 [5]
127 657 [8]
306 484 [2]
75 709 [8]
25 763 [4]
205 579 [8]
213 570 [9]
205 578 [9]
53 734 [5]
125 662 [5]
140 644 [8]
127 663 [2]
373 410 [9]
106 683 [4]
128 663 [2]
128 657 [8]
265 519 [9]
77 711 [5]
1 791 [1]
219 572 [2]
288 504 [1]
103 682 [8]
61 725 [8]
18 768 [8]
12 778 [4]
339 455 [0]
278 514 [2]
82 708 [4]
19 774 [1]
363 428 [3]
8 781 [5]
82 707 [5]
342 444 [8]
147 639 [8]
36 750 [8]
278 515 [1]
215 577 [2]
363 430 [1]
229 556 [9]
371 424 [0]
297 497 [1]
130 660 [5]
247 539 [9]
360 426 [9]
255 532 [8]
28 762 [5]
212 575 [8]
269 525 [1]
309 486 [0]
37 750 [8]
226 560 [9]
22 773 [1]
292 499 [5]
207 580 [9]
17 775 [4]
244 543 [9]
129 662 [5]
91 697 [8]
160 634 [2]
321 473 [2]
153 641 [3]
17 776 [4]
58 734 [5]
289 507 [1]
323 466 [8]
235 553 [9]
344 444 [9]
183 610 [5]
66 724 [8]
4 789 [5]
62 732 [4]
1 792 [5]
345 453 [0]
25 765 [8]
11 783 [4]
78 712 [8]
29 766 [4]
266 525 [8]
122 672 [5]
155 636 [8]
315 475 [9]
184 610 [5]
146 651 [2]
181 616 [2]
151 643 [5]
199 591 [9]
27 768 [4]
251 548 [1]
21 775 [4]
276 523 [1]
353 438 [9]
75 717 [8]
354 441 [5]
368 432 [0]
399 400 [1]
88 707 [5]
156 639 [5]
95 700 [5]
12 784 [4]
53 742 [5]
280 515 [5]
278 520 [2]
118 680 [2]
229 570 [1]
63 732 [5]
63 733 [5]
87 706 [8]
399 402 [0]
23 774 [4]
24 769 [8]
361 440 [0]
25 768 [8]
347 454 [0]
138 658 [5]
43 753 [5]
354 442 [5]
203 593 [5]
17 780 [4]
312 488 [1]
255 544 [2]
234 560 [8]
134 666 [2]
372 430 [0]
229 565 [8]
180 613 [9]
77 720 [5]
107 687 [8]
20 777 [5]
124 673 [5]
216 577 [9]
304 489 [9]
329 472 [1]
4 793 [5]
125 672 [5]
102 692 [8]
38 757 [8]
281 513 [9]
152 642 [9]
253 542 [8]
241 554 [8]
330 468 [5]
390 405 [8]
51 748 [5]
288 514 [2]
283 512 [9]
18 782 [4]
112 684 [8]
156 644 [4]
334 462 [9]
348 449 [8]
372 432 [1]
218 579 [8]
229 574 [2]
173 627 [5]
32 768 [5]
395 402 [8]
111 693 [2]
387 417 [2]
131 670 [5]
40 758 [8]
129 668 [9]
12 789 [5]
260 545 [1]
234 565 [8]
247 555 [5]
231 568 [8]
206 599 [2]
45 754 [8]
14 789 [4]
26 776 [5]
301 505 [1]
190 612 [5]
266 533 [8]
294 511 [2]
372 434 [1]
66 738 [4]
253 546 [9]
387 420 [1]
229 577 [2]
62 741 [5]
161 639 [8]
68 736 [4]
112 687 [9]
8 796 [5]
386 423 [0]
56 748 [5]
239 562 [8]
132 675 [2]
9 795 [5]
181 620 [8]
70 734 [5]
222 579 [8]
152 648 [9]
252 549 [8]
164 640 [5]
186 616 [8]
174 628 [8]
389 421 [0]
27 779 [4]
37 765 [8]
70 732 [8]
62 744 [4]
261 540 [9]
133 675 [2]
213 589 [8]
121 687 [2]
397 413 [0]
36 769 [5]
73 733 [5]
70 736 [5]
195 607 [9]
364 447 [0]
240 566 [5]
66 740 [5]
340 470 [1]
92 715 [5]
275 528 [9]
260 543 [9]
96 714 [2]
144 660 [8]
9 799 [4]
96 709 [8]
43 766 [4]
64 744 [5]
287 517 [9]
26 783 [4]
72 738 [4]
346 468 [0]
148 658 [8]
223 582 [9]
330 483 [1]
41 769 [4]
257 549 [8]
338 475 [1]
26 781 [8]
84 729 [2]
261 545 [9]
302 504 [9]
16 798 [1]
21 790 [4]
313 493 [9]
126 685 [5]
65 743 [8]
226 581 [9]
300 515 [1]
225 589 [2]
144 664 [8]
241 573 [2]
397 417 [2]
223 584 [9]
375 440 [1]
211 597 [8]
162 645 [9]
358 457 [2]
324 493 [0]
301 514 [2]
314 502 [1]
170 642 [5]
229 580 [9]
42 768 [8]
298 518 [2]
258 552 [8]
92 721 [5]
359 451 [8]
314 499 [5]
209 602 [8]
404 406 [9]
216 594 [9]
188 629 [2]
208 603 [9]
49 766 [5]
117 698 [5]
169 646 [5]
28 787 [5]
43 772 [5]
210 601 [9]
21 798 [1]
187 624 [9]
217 595 [8]
304 515 [1]
76 740 [5]
20 794 [7]
199 617 [5]
185 627 [9]
123 694 [4]
363 458 [0]
376 437 [8]
67 746 [8]
42 772 [8]
97 720 [5]
203 614 [5]
328 493 [1]
64 750 [8]
120 700 [2]
165 652 [5]
331 483 [8]
358 456 [8]
190 624 [8]
364 451 [8]
272 546 [5]
113 702 [8]
322 500 [1]
397 426 [0]
382 434 [8]
386 430 [8]
267 548 [9]
41 782 [1]
410 414 [0]
201 615 [8]
278 544 [2]
378 437 [9]
387 438 [0]
245 572 [8]
37 783 [5]
100 716 [9]
401 416 [8]
293 531 [1]
70 747 [8]
120 696 [9]
22 799 [4]
158 660 [8]
148 676 [2]
240 577 [9]
60 761 [5]
26 795 [5]
274 543 [9]
389 434 [3]
75 743 [8]
269 548 [9]
139 680 [8]
56 766 [5]
284 541 [2]
161 658 [8]
149 673 [5]
209 616 [2]
307 518 [2]
48 771 [8]
66 756 [5]
122 697 [8]
24 796 [8]
191 628 [9]
56 767 [5]
105 715 [8]
314 505 [9]
46 777 [5]
85 738 [5]
176 647 [5]
59 762 [8]
220 606 [3]
245 576 [8]
326 495 [8]
98 729 [2]
118 709 [2]
192 632 [5]
179 641 [9]
391 435 [3]
230 590 [9]
342 486 [1]
97 731 [2]
312 510 [8]
377 453 [0]
30 792 [8]
163 662 [5]
290 531 [9]
397 424 [9]
401 422 [8]
59 770 [2]
76 747 [8]
170 653 [8]
187 641 [3]
174 649 [8]
159 667 [5]
117 706 [8]
182 641 [9]
150 674 [8]
234 590 [8]
172 655 [5]
267 556 [9]
45 785 [2]
236 588 [8]
204 620 [8]
394 438 [0]
102 722 [8]
95 732 [5]
326 497 [9]
161 667 [5]
169 656 [8]
336 497 [0]
361 470 [2]
315 509 [9]
36 789 [8]
410 423 [1]
201 625 [8]
40 790 [4]
162 663 [9]
276 550 [8]
56 770 [8]
145 681 [8]
120 705 [9]
261 565 [8]
221 608 [5]
401 432 [1]
251 575 [8]
400 433 [1]
159 666 [9]
408 427 [0]
252 575 [8]
218 608 [9]
392 443 [0]
286 540 [9]
38 792 [5]
81 746 [8]
90 740 [5]
397 438 [1]
77 754 [5]
49 779 [8]
33 799 [4]
249 579 [8]
41 791 [4]
288 547 [1]
372 456 [8]
162 670 [5]
282 546 [9]
208 620 [9]
356 473 [8]
159 669 [9]
46 786 [5]
368 464 [5]
411 418 [8]
169 659 [9]
352 485 [0]
42 787 [8]
43 790 [4]
150 686 [2]
72 758 [8]
284 545 [9]
176 654 [8]
201 632 [5]
301 528 [9]
376 462 [0]
88 745 [5]
91 746 [2]
194 636 [9]
140 696 [3]
120 711 [8]
236 595 [8]
407 431 [1]
167 667 [5]
293 544 [2]
90 745 [4]
119 712 [8]
118 719 [2]
171 660 [8]
292 539 [8]
144 687 [9]
277 560 [3]
49 786 [5]
280 555 [5]
183 652 [5]
137 698 [5]
115 717 [8]
62 770 [8]
254 579 [8]
139 695 [7]
353 487 [1]
307 533 [1]
85 748 [8]
147 693 [2]
333 509 [0]
407 426 [9]
73 761 [8]
106 728 [8]
109 726 [8]
159 675 [9]
406 429 [8]
260 575 [8]
231 608 [5]
145 694 [5]
246 596 [2]
66 773 [5]
110 726 [8]
186 650 [8]
123 713 [8]
132 707 [5]
414 428 [3]
239 604 [2]
335 509 [1]
180 656 [9]
136 700 [9]
114 723 [8]
261 576 [8]
139 701 [5]
173 663 [9]
405 441 [0]
206 632 [8]
343 495 [8]
88 751 [8]
175 664 [8]
97 745 [5]
416 431 [0]
334 511 [2]
243 596 [8]
367 479 [1]
363 477 [8]
409 434 [5]
349 499 [0]
335 512 [1]
143 700 [5]
107 734 [8]
269 572 [8]
415 433 [1]
350 499 [0]
378 462 [9]
240 600 [9]
289 558 [2]
211 631 [8]
304 544 [2]
91 751 [8]
123 719 [8]
178 669 [3]
198 644 [8]
371 478 [1]
184 658 [8]
205 637 [9]
316 526 [9]
55 788 [8]
186 660 [5]
244 606 [2]
57 787 [8]
249 595 [8]
370 482 [0]
215 634 [3]
254 589 [9]
268 576 [8]
195 649 [8]
298 545 [9]
310 534 [9]
296 556 [1]
171 674 [8]
196 648 [9]
211 634 [9]
54 792 [8]
338 513 [3]
351 495 [8]
392 454 [8]
139 710 [5]
194 651 [9]
58 788 [8]
358 488 [8]
146 700 [8]
200 645 [9]
406 440 [8]
121 726 [8]
157 690 [8]
203 644 [8]
82 771 [2]
294 553 [8]
311 536 [8]
325 530 [0]
74 776 [5]
134 713 [8]
395 460 [1]
59 789 [8]
64 784 [8]
52 799 [5]
258 596 [2]
397 457 [2]
386 462 [8]
389 459 [8]
316 537 [3]
377 471 [8]
322 533 [1]
423 433 [0]
289 565 [2]
284 565 [8]
412 445 [0]
89 763 [5]
322 526 [9]
210 638 [9]
129 721 [8]
344 505 [9]
54 796 [8]
93 757 [8]
301 556 [1]
103 753 [2]
296 554 [8]
78 778 [2]
382 476 [0]
318 537 [3]
198 651 [9]
279 571 [9]
99 758 [2]
187 669 [3]
258 599 [2]
362 497 [0]
329 527 [3]
75 776 [8]
178 673 [8]
244 608 [8]
187 664 [9]
291 567 [2]
167 688 [5]
170 682 [8]
213 639 [9]
230 623 [8]
72 781 [8]
202 650 [9]
164 689 [8]
339 520 [2]
274 585 [2]
216 636 [9]
243 616 [2]
213 640 [9]
424 435 [3]
112 745 [5]
184 673 [5]
61 793 [8]
194 659 [9]
243 610 [9]
350 510 [2]
232 623 [8]
272 582 [9]
105 749 [9]
394 461 [8]
78 777 [8]
247 612 [5]
405 458 [1]
272 583 [9]
405 459 [0]
154 702 [8]
192 663 [9]
103 759 [2]
344 516 [5]
367 490 [8]
83 780 [2]
426 431 [8]
281 576 [8]
104 759 [2]
304 560 [2]
411 455 [0]
350 508 [8]
189 672 [5]
162 699 [5]
353 511 [2]
96 768 [2]
145 712 [9]
288 577 [2]
300 566 [1]
336 523 [8]
273 593 [1]
87 778 [2]
179 683 [5]
223 636 [9]
250 616 [2]
372 494 [2]
145 714 [9]
82 784 [2]
392 474 [2]
242 619 [7]
399 469 [0]
360 500 [9]
174 686 [9]
131 729 [9]
390 471 [8]
307 554 [8]
160 704 [5]
167 693 [9]
198 667 [5]
107 755 [8]
115 747 [8]
336 532 [2]
160 702 [8]
181 682 [8]
269 600 [2]
91 778 [2]
71 795 [5]
217 645 [9]
189 680 [2]
73 794 [4]
295 574 [2]
240 623 [8]
334 528 [9]
170 693 [9]
127 737 [8]
83 781 [8]
342 529 [1]
263 600 [9]
111 753 [8]
105 758 [9]
164 701 [8]
79 792 [2]
345 528 [0]
89 776 [8]
381 484 [8]
81 784 [8]
79 786 [8]
256 609 [9]
328 538 [8]
354 515 [5]
305 569 [0]
167 699 [9]
168 705 [2]
383 492 [0]
80 793 [2]
399 468 [8]
424 446 [5]
227 645 [3]
344 526 [5]
419 456 [0]
205 662 [9]
307 567 [2]
338 530 [8]
112 756 [8]
133 738 [5]
207 661 [8]
121 746 [9]
127 741 [8]
203 664 [9]
163 708 [5]
250 619 [8]
298 577 [2]
82 790 [5]
82 787 [8]
122 747 [8]
289 586 [2]
73 799 [5]
434 436 [8]
299 578 [1]
137 736 [5]
169 700 [9]
269 606 [3]
140 737 [2]
226 651 [2]
117 760 [2]
138 733 [8]
335 536 [8]
93 779 [8]
370 502 [8]
292 586 [2]
174 697 [9]
117 755 [8]
220 658 [2]
166 706 [8]
318 560 [2]
98 780 [2]
419 461 [0]
276 602 [2]
167 708 [5]
133 746 [2]
356 516 [9]
321 552 [8]
82 791 [8]
201 672 [8]
203 671 [8]
369 511 [2]
387 486 [9]
194 679 [9]
438 443 [1]
409 465 [8]
390 484 [8]
114 761 [8]
200 675 [9]
132 744 [8]
191 684 [9]
409 474 [2]
103 774 [8]
278 605 [2]
164 719 [2]
148 728 [9]
237 645 [3]
363 521 [1]
218 660 [8]
396 481 [9]
108 773 [5]
370 513 [3]
105 772 [9]
296 588 [2]
390 488 [8]
205 673 [9]
173 705 [9]
237 642 [8]
270 608 [9]
121 764 [2]
157 729 [2]
171 708 [9]
361 525 [2]
309 577 [2]
147 739 [2]
92 788 [8]
150 729 [9]
257 630 [2]
99 788 [2]
116 771 [2]
120 760 [9]
145 735 [9]
428 458 [3]
229 653 [8]
172 710 [8]
198 684 [8]
165 716 [9]
129 752 [9]
431 460 [0]
255 633 [3]
188 694 [9]
214 668 [9]
434 455 [3]
237 647 [8]
243 640 [9]
336 554 [2]
143 741 [8]
249 634 [9]
345 546 [1]
131 753 [9]
304 587 [2]
130 761 [2]
352 539 [2]
233 653 [8]
153 739 [2]
170 716 [8]
188 698 [8]
215 676 [3]
228 657 [9]
313 580 [1]
239 647 [9]
320 573 [2]
167 720 [8]
268 619 [8]
319 568 [8]
156 731 [8]
203 685 [8]
308 585 [3]
208 686 [2]
295 592 [9]
285 603 [9]
439 458 [0]
313 582 [2]
96 793 [8]
314 575 [8]
253 643 [1]
268 621 [8]
125 771 [2]
138 758 [2]
184 705 [9]
209 687 [2]
318 571 [9]
157 733 [8]
266 630 [2]
335 562 [2]
377 521 [1]
269 628 [2]
391 507 [1]
126 771 [2]
348 549 [2]
119 771 [9]
230 661 [8]
322 575 [2]
384 516 [0]
301 597 [2]
449 451 [0]
387 505 [8]
423 469 [8]
237 662 [1]
169 722 [9]
266 627 [8]
162 730 [9]
415 478 [8]
355 547 [0]
374 528 [0]
336 564 [2]
404 489 [9]
103 797 [2]
332 563 [8]
438 463 [2]
411 490 [2]
222 673 [8]
203 695 [5]
387 513 [3]
114 781 [8]
297 606 [0]
313 588 [2]
285 609 [9]
152 742 [9]
241 661 [2]
183 712 [9]
179 717 [8]
204 695 [5]
191 708 [5]
141 761 [2]
202 693 [9]
245 657 [2]
224 672 [8]
442 462 [0]
251 646 [8]
150 753 [2]
149 748 [8]
134 769 [2]
339 564 [2]
173 730 [2]
163 734 [8]
257 645 [3]
312 593 [1]
172 726 [8]
394 504 [8]
330 574 [2]
197 701 [8]
284 620 [2]
155 743 [8]
175 729 [2]
224 680 [2]
218 680 [9]
386 518 [3]
168 737 [2]
182 723 [2]
104 795 [8]
430 469 [8]
288 616 [3]
135 764 [9]
334 572 [2]
433 475 [0]
259 640 [9]
212 693 [3]
272 627 [9]
416 492 [0]
290 616 [2]
253 653 [2]
278 628 [2]
319 588 [2]
440 468 [1]
172 728 [9]
454 456 [0]
260 642 [8]
412 496 [2]
433 469 [8]
363 547 [1]
171 737 [3]
337 572 [2]
393 510 [8]
443 466 [2]
323 586 [2]
302 606 [3]
108 795 [8]
258 650 [3]
282 628 [2]
149 755 [8]
117 790 [5]
187 724 [2]
421 490 [2]
132 779 [2]
126 785 [2]
140 770 [3]
365 540 [8]
357 548 [8]
140 772 [2]
333 581 [0]
348 564 [2]
265 640 [9]
200 705 [9]
252 659 [3]
447 468 [0]
151 762 [2]
142 765 [9]
260 655 [1]
346 567 [3]
175 736 [5]
314 600 [2]
188 720 [8]
221 687 [8]
427 489 [0]
134 774 [8]
400 508 [8]
202 705 [9]
324 592 [0]
451 458 [8]
192 716 [9]
226 682 [9]
453 456 [8]
430 479 [8]
246 668 [3]
238 671 [8]
361 556 [0]
249 659 [9]
390 527 [0]
218 695 [5]
252 658 [8]
137 779 [2]
238 672 [8]
289 627 [2]
437 481 [0]
164 752 [2]
300 611 [8]
167 744 [8]
267 644 [8]
446 466 [8]
286 625 [9]
353 559 [8]
268 650 [2]
177 735 [8]
137 775 [8]
232 679 [9]
227 691 [2]
149 770 [2]
319 594 [8]
265 647 [9]
345 573 [3]
298 621 [2]
262 657 [2]
134 782 [5]
193 720 [8]
277 637 [8]
151 763 [8]
243 670 [9]
457 465 [0]
308 612 [2]
450 472 [0]
141 774 [8]
262 652 [9]
337 578 [8]
367 547 [9]
438 485 [0]
390 525 [8]
232 682 [9]
413 508 [2]
163 758 [2]
140 774 [9]
384 538 [2]
153 763 [8]
442 482 [0]
301 621 [2]
126 796 [2]
331 592 [1]
398 526 [0]
249 666 [9]
429 492 [3]
130 787 [8]
369 554 [2]
194 722 [9]
392 525 [8]
161 762 [2]
160 764 [2]
176 745 [5]
192 725 [9]
372 552 [2]
146 778 [2]
290 634 [3]
239 686 [2]
334 592 [1]
440 487 [0]
376 549 [2]
120 799 [8]
257 662 [8]
412 516 [0]
292 633 [3]
373 553 [2]
278 642 [8]
309 611 [8]
319 606 [3]
165 756 [8]
380 548 [1]
356 565 [8]
421 506 [2]
240 687 [2]
231 690 [8]
205 722 [2]
405 523 [2]
364 564 [2]
383 547 [0]
366 561 [3]
396 534 [1]
145 777 [9]
317 613 [1]
423 506 [2]
387 542 [2]
405 524 [2]
132 797 [2]
311 612 [8]
312 616 [3]
312 618 [2]
291 639 [2]
147 777 [8]
269 661 [2]
329 600 [3]
372 558 [2]
128 796 [8]
356 574 [2]
367 556 [9]
238 686 [9]
275 656 [2]
192 732 [9]
298 627 [8]
267 664 [2]
310 615 [8]
189 736 [8]
165 759 [9]
286 638 [9]
232 692 [9]
369 562 [2]
443 489 [1]
332 594 [8]
154 771 [9]
222 703 [9]
159 767 [8]
342 584 [8]
282 644 [8]
430 502 [2]
311 621 [2]
384 549 [2]
294 641 [0]
219 708 [8]
366 568 [2]
186 742 [8]
156 775 [5]
166 761 [9]
319 615 [2]
243 685 [8]
359 574 [3]
171 764 [2]
330 605 [2]
393 541 [3]
462 473 [2]
458 478 [1]
436 501 [0]
130 799 [8]
148 787 [2]
163 772 [2]
289 640 [8]
164 766 [8]
275 661 [2]
444 494 [0]
325 613 [0]
283 647 [9]
184 746 [9]
149 788 [2]
441 498 [0]
393 538 [8]
141 796 [2]
244 694 [1]
220 717 [3]
425 515 [0]
150 788 [2]
181 750 [9]
314 617 [9]
394 546 [0]
403 537 [0]
190 742 [8]
264 667 [9]
401 538 [2]
153 786 [2]
255 684 [2]
195 737 [9]
184 749 [8]
378 561 [2]
429 512 [0]
192 741 [9]
207 733 [2]
263 670 [9]
180 760 [2]
145 788 [9]
279 655 [8]
415 527 [0]
463 480 [0]
395 547 [1]
250 691 [2]
191 744 [8]
215 726 [2]
310 626 [8]
327 608 [9]
420 522 [2]
312 630 [2]
232 703 [9]
151 784 [9]
408 529 [8]
265 672 [8]
163 780 [2]
445 500 [0]
347 598 [0]
466 480 [0]
452 486 [8]
374 571 [1]
163 781 [2]
305 641 [0]
439 499 [9]
173 765 [9]
326 619 [2]
216 728 [3]
143 797 [8]
253 694 [1]
141 799 [8]
256 684 [8]
156 787 [5]
233 707 [8]
152 788 [9]
321 626 [2]
471 478 [0]
283 658 [8]
144 796 [9]
293 648 [8]
168 779 [2]
379 571 [0]
176 765 [9]
341 601 [8]
419 531 [0]
240 701 [9]
434 513 [3]
464 482 [5]
418 533 [0]
144 798 [9]
164 782 [5]
173 769 [9]
385 559 [8]
227 723 [2]
204 739 [9]
158 786 [8]
200 744 [8]
439 512 [1]
285 665 [2]
416 534 [2]
159 786 [8]
315 636 [2]
426 519 [8]
456 495 [2]
225 726 [2]
186 763 [5]
205 746 [3]
352 599 [3]
156 793 [5]
205 748 [2]
161 792 [2]
333 619 [3]
219 733 [3]
215 737 [3]
334 619 [2]
275 673 [8]
236 712 [8]
179 768 [9]
410 538 [8]
268 686 [2]
182 772 [2]
364 589 [3]
427 528 [1]
430 526 [0]
416 538 [2]
197 750 [9]
382 572 [3]
229 725 [3]
459 495 [3]
425 533 [0]
425 530 [3]
232 718 [9]
446 511 [2]
417 542 [0]
263 693 [3]
301 656 [2]
306 654 [0]
395 557 [8]
447 511 [2]
468 492 [1]
471 482 [8]
171 782 [8]
439 521 [1]
293 665 [3]
311 642 [8]
398 561 [3]
250 704 [8]
271 683 [8]
445 515 [2]
469 490 [3]
164 797 [2]
250 711 [2]
455 506 [2]
167 787 [9]
274 686 [3]
423 538 [2]
312 649 [2]
319 643 [1]
235 725 [3]
198 757 [9]
460 504 [0]
429 535 [0]
459 497 [8]
282 680 [2]
354 601 [9]
230 726 [9]
208 748 [9]
327 636 [2]
204 752 [9]
472 493 [0]
201 762 [2]
405 560 [0]
276 688 [1]
287 671 [8]
366 597 [3]
240 724 [2]
248 716 [2]
464 501 [1]
206 758 [3]
259 706 [2]
180 784 [3]
422 545 [0]
375 591 [2]
342 624 [2]
224 742 [2]
329 636 [3]
260 706 [2]
478 482 [8]
451 516 [2]
243 724 [2]
309 652 [8]
437 530 [2]
208 759 [3]
355 613 [2]
329 641 [0]
318 644 [8]
220 747 [3]
342 625 [3]
259 709 [2]
302 667 [1]
304 664 [2]
439 531 [1]
391 577 [3]
190 779 [2]
328 635 [8]
243 726 [2]
325 644 [3]
368 604 [0]
301 668 [3]
210 753 [9]
385 586 [2]
295 670 [8]
273 698 [2]
253 718 [2]
373 597 [3]
282 689 [2]
297 674 [3]
329 637 [8]
397 574 [3]
371 600 [3]
243 728 [3]
354 611 [9]
438 537 [0]
322 650 [3]
204 763 [8]
249 717 [9]
344 629 [2]
167 799 [9]
342 631 [2]
440 533 [2]
201 765 [9]
320 647 [8]
450 526 [0]
221 747 [8]
342 626 [8]
399 577 [0]
376 599 [2]
448 529 [0]
274 701 [2]
326 649 [2]
396 580 [1]
361 614 [2]
365 611 [2]
422 556 [0]
204 765 [9]
343 627 [8]
371 605 [3]
290 687 [2]
343 633 [3]
229 749 [2]
281 696 [3]
238 733 [9]
265 713 [2]
326 651 [3]
255 723 [2]
391 587 [2]
294 678 [8]
475 497 [8]
182 791 [8]
376 602 [3]
194 784 [3]
263 716 [2]
326 647 [8]
475 507 [0]
311 668 [3]
349 631 [2]
441 539 [3]
456 525 [2]
448 535 [0]
221 754 [8]
338 637 [8]
292 690 [2]
198 777 [9]
286 690 [8]
256 719 [9]
218 757 [9]
404 572 [8]
289 692 [3]
375 607 [3]
204 773 [8]
404 579 [2]
463 522 [0]
369 608 [8]
335 642 [8]
205 773 [8]
347 639 [0]
488 498 [0]
284 700 [2]
478 509 [0]
219 766 [2]
358 629 [0]
423 561 [3]
241 743 [3]
389 591 [8]
253 733 [2]
408 577 [3]
368 612 [8]
219 767 [2]
246 740 [2]
474 514 [0]
270 716 [2]
297 691 [0]
308 679 [2]
364 623 [2]
460 528 [1]
192 788 [9]
276 711 [2]
390 597 [3]
263 718 [9]
467 523 [0]
372 610 [8]
219 768 [3]
448 539 [3]
392 596 [2]
296 692 [2]
415 573 [3]
316 667 [8]
490 498 [3]
229 759 [3]
387 604 [0]
362 629 [0]
385 603 [3]
196 793 [2]
373 611 [8]
327 656 [9]
231 752 [9]
208 775 [9]
461 530 [2]
190 798 [5]
272 713 [9]
454 538 [2]
210 775 [9]
452 542 [0]
295 696 [3]
193 799 [2]
263 728 [3]
464 522 [8]
243 749 [2]
283 704 [8]
470 525 [0]
220 773 [2]
472 522 [2]
411 582 [3]
285 702 [9]
362 632 [2]
308 685 [3]
209 786 [2]
391 603 [3]
429 565 [3]
239 749 [9]
312 683 [2]
269 725 [3]
356 640 [1]
298 698 [2]
302 693 [3]
246 749 [3]
289 706 [3]
262 727 [9]
355 642 [2]
222 775 [2]
310 687 [2]
477 523 [0]
197 798 [5]
418 582 [0]
338 663 [0]
434 565 [2]
439 560 [2]
450 550 [2]
481 521 [0]
224 776 [2]
419 583 [0]
239 762 [2]
230 764 [9]
240 754 [9]
467 536 [0]
290 711 [2]
396 599 [8]
308 696 [0]
303 699 [2]
372 630 [3]
316 688 [1]
397 605 [3]
466 539 [0]
433 570 [2]
218 778 [9]
398 607 [0]
439 566 [1]
430 573 [3]
492 511 [3]
418 588 [0]
315 689 [2]
471 528 [8]
239 765 [3]
464 541 [2]
247 751 [9]
378 628 [2]
439 569 [0]
216 783 [9]
244 762 [2]
345 661 [3]
412 595 [3]
255 752 [3]
462 540 [8]
249 752 [9]
302 705 [3]
348 660 [2]
325 685 [0]
268 741 [2]
245 764 [2]
422 586 [3]
320 683 [8]
473 535 [3]
214 789 [9]
301 703 [8]
499 512 [1]
265 738 [9]
264 747 [2]
497 509 [8]
442 571 [1]
501 510 [3]
485 529 [0]
501 513 [0]
289 722 [3]
287 725 [3]
223 783 [9]
222 791 [2]
343 669 [3]
496 519 [0]
321 691 [3]
319 693 [3]
315 698 [2]
319 695 [1]
284 730 [2]
501 515 [0]
254 759 [3]
427 586 [3]
278 736 [2]
228 779 [9]
363 650 [3]
294 719 [3]
336 679 [2]
300 715 [2]
469 548 [0]
238 770 [9]
483 534 [0]
384 633 [0]
434 581 [3]
235 774 [9]
481 529 [8]
378 638 [2]
368 648 [2]
383 636 [0]
465 554 [0]
477 539 [3]
261 756 [2]
352 668 [0]
249 763 [8]
309 710 [2]
219 794 [8]
424 595 [2]
450 571 [0]
423 595 [3]
282 738 [1]
440 581 [0]
500 521 [0]
291 728 [3]
481 541 [0]
440 582 [0]
293 727 [2]
417 605 [0]
389 631 [2]
296 723 [3]
367 648 [8]
389 634 [0]
274 746 [3]
386 635 [2]
237 784 [3]
484 540 [0]
257 765 [3]
267 756 [2]
493 525 [8]
422 604 [0]
455 563 [8]
433 591 [2]
273 745 [8]
361 659 [6]
351 674 [2]
447 577 [3]
277 750 [0]
417 604 [6]
278 747 [2]
301 724 [3]
276 745 [8]
372 654 [3]
472 554 [3]
299 728 [3]
251 776 [3]
287 741 [2]
329 699 [2]
441 586 [3]
421 608 [2]
461 569 [1]
365 666 [0]
404 619 [8]
448 583 [0]
257 772 [3]
510 522 [0]
468 562 [2]
502 530 [0]
317 713 [2]
260 770 [3]
504 529 [0]
423 608 [2]
247 777 [9]
356 676 [2]
467 567 [0]
365 669 [0]
399 632 [3]
284 748 [2]
413 613 [8]
489 546 [0]
418 617 [0]
256 770 [9]
451 584 [0]
238 790 [8]
317 717 [2]
273 760 [3]
377 656 [3]
423 611 [2]
337 698 [2]
280 748 [9]
350 679 [8]
387 648 [2]
361 674 [3]
505 534 [0]
373 666 [0]
462 575 [2]
455 581 [3]
475 557 [8]
271 767 [2]
246 791 [3]
333 704 [3]
503 535 [2]
243 790 [8]
463 572 [6]
473 568 [0]
494 541 [6]
298 741 [3]
417 619 [6]
302 737 [3]
264 776 [2]
364 676 [3]
470 571 [2]
449 588 [6]
384 659 [0]
515 525 [3]
245 797 [2]
418 623 [3]
295 746 [3]
398 644 [2]
288 754 [2]
423 618 [3]
341 701 [3]
481 556 [8]
355 688 [2]
501 544 [0]
455 588 [2]
467 576 [3]
319 724 [3]
472 566 [8]
313 730 [3]
323 721 [2]
396 642 [8]
482 561 [3]
469 577 [0]
337 707 [2]
350 688 [8]
438 605 [3]
393 646 [8]
425 622 [0]
255 790 [2]
312 732 [3]
327 719 [2]
379 669 [0]
277 771 [0]
385 655 [8]
481 565 [3]
486 555 [8]
259 782 [8]
523 524 [2]
468 579 [3]
339 703 [8]
288 759 [3]
370 677 [3]
275 773 [2]
375 667 [8]
408 639 [3]
335 712 [3]
507 543 [0]
376 672 [2]
270 779 [2]
496 555 [0]
430 618 [3]
368 680 [3]
427 617 [8]
352 700 [0]
514 535 [3]
463 583 [6]
413 636 [3]
319 731 [3]
517 536 [0]
402 648 [3]
379 673 [2]
461 593 [0]
256 790 [8]
465 583 [7]
390 665 [0]
444 612 [0]
411 637 [8]
499 550 [8]
508 547 [2]
376 679 [2]
366 691 [0]
377 679 [2]
259 796 [3]
396 659 [3]
382 676 [0]
449 609 [0]
346 710 [3]
482 575 [2]
291 766 [2]
439 618 [2]
509 548 [2]
506 553 [0]
437 619 [3]
454 605 [0]
326 731 [3]
283 775 [2]
374 686 [0]
526 532 [2]
281 778 [2]
339 719 [3]
513 539 [9]
448 612 [2]
267 792 [3]
305 754 [3]
361 698 [3]
473 590 [0]
276 784 [3]
335 728 [0]
472 588 [3]
477 586 [0]
412 651 [0]
411 650 [3]
484 580 [0]
314 748 [2]
471 593 [0]
347 717 [0]
495 570 [0]
346 716 [3]
324 741 [0]
474 585 [6]
461 605 [0]
421 645 [0]
386 677 [3]
317 746 [3]
260 798 [8]
330 735 [2]
523 544 [0]
302 762 [3]
374 691 [3]
471 594 [3]
488 580 [0]
394 671 [3]
308 761 [0]
269 797 [3]
419 650 [0]
296 770 [3]
422 644 [3]
343 723 [3]
282 785 [3]
332 735 [3]
413 654 [3]
368 694 [8]
350 718 [3]
473 589 [9]
287 775 [9]
408 663 [0]
399 670 [2]
456 613 [2]
519 552 [0]
517 555 [0]
456 614 [2]
524 547 [2]
458 608 [8]
453 613 [8]
368 704 [2]
358 715 [2]
370 705 [0]
288 786 [2]
441 632 [3]
326 750 [0]
307 767 [2]
489 585 [3]
523 554 [0]
363 712 [3]
422 653 [3]
405 670 [3]
341 735 [3]
329 750 [0]
352 727 [0]
409 662 [8]
533 545 [2]
509 568 [3]
326 751 [3]
374 704 [2]
418 664 [0]
354 725 [3]
532 550 [0]
377 702 [3]
493 587 [3]
529 546 [8]
358 725 [0]
460 620 [3]
289 791 [3]
483 598 [2]
297 787 [0]
421 663 [0]
424 652 [8]
337 745 [2]
528 554 [2]
392 689 [3]
523 559 [3]
537 542 [6]
308 774 [3]
482 601 [2]
481 604 [0]
487 598 [0]
401 681 [3]
374 709 [3]
353 730 [3]
521 562 [3]
284 794 [8]
377 706 [3]
484 599 [3]
291 793 [3]
524 563 [0]
410 675 [3]
323 763 [2]
386 695 [8]
521 565 [3]
397 689 [3]
347 737 [6]
477 613 [0]
319 768 [3]
476 614 [0]
431 659 [0]
495 596 [0]
292 796 [3]
492 597 [3]
499 592 [1]
299 791 [2]
371 718 [3]
324 766 [3]
325 762 [6]
510 580 [3]
323 768 [3]
451 644 [0]
305 787 [3]
489 606 [0]
432 655 [8]
462 633 [0]
363 729 [3]
430 665 [0]
460 632 [3]
420 676 [0]
455 641 [0]
443 650 [3]
419 674 [3]
369 724 [3]
416 678 [2]
506 591 [0]
441 656 [0]
385 709 [3]
401 696 [0]
387 707 [3]
416 679 [2]
531 566 [0]
530 567 [0]
430 668 [0]
309 787 [3]
519 578 [3]
348 749 [3]
371 726 [3]
473 619 [9]
367 732 [2]
457 644 [0]
434 665 [3]
397 702 [3]
459 643 [0]
304 796 [3]
443 652 [8]
353 747 [3]
503 598 [2]
473 624 [6]
430 671 [3]
474 621 [9]
474 630 [0]
357 745 [2]
310 793 [2]
313 789 [3]
374 731 [0]
491 614 [0]
412 690 [3]
350 753 [3]
385 718 [3]
461 643 [2]
455 651 [0]
366 741 [0]
470 637 [0]
376 731 [0]
423 682 [3]
480 622 [6]
475 630 [3]
508 598 [3]
444 662 [3]
450 659 [0]
365 742 [3]
471 633 [6]
461 646 [3]
406 701 [3]
413 697 [0]
392 715 [3]
506 599 [6]
319 789 [3]
546 562 [3]
445 666 [0]
493 615 [3]
412 700 [0]
431 675 [6]
370 743 [0]
518 595 [0]
307 798 [8]
414 696 [3]
411 694 [8]
550 564 [0]
548 566 [0]
364 750 [0]
345 766 [3]
414 698 [2]
356 756 [2]
436 678 [0]
521 590 [3]
372 740 [3]
461 652 [2]
481 631 [3]
418 691 [6]
514 598 [3]
479 637 [0]
382 734 [0]
405 711 [0]
415 699 [2]
471 643 [2]
460 651 [6]
372 742 [3]
435 682 [0]
558 559 [0]
554 564 [0]
323 792 [3]
453 665 [0]
351 768 [0]
410 707 [2]
505 615 [0]
349 771 [0]
534 586 [0]
436 684 [0]
537 583 [0]
511 609 [0]
402 714 [6]
326 793 [3]
412 708 [2]
340 780 [3]
384 736 [3]
454 663 [6]
461 664 [0]
330 792 [3]
326 797 [3]
363 760 [3]
325 798 [3]
504 622 [0]
554 572 [1]
425 699 [3]
560 567 [0]
508 617 [3]
351 778 [0]
548 578 [3]
364 765 [0]
422 704 [3]
371 759 [0]
495 635 [0]
333 797 [0]
338 792 [0]
545 584 [2]
378 750 [3]
456 676 [0]
516 616 [0]
532 601 [0]
391 740 [2]
384 749 [0]
369 762 [3]
491 643 [0]
527 607 [0]
511 623 [0]
543 592 [0]
479 656 [0]
524 612 [0]
564 572 [0]
436 701 [0]
498 633 [6]
391 744 [2]
362 773 [3]
338 798 [2]
372 763 [3]
556 580 [2]
549 590 [0]
519 617 [3]
369 770 [0]
453 686 [0]
472 668 [0]
532 608 [0]
380 757 [3]
367 771 [3]
507 631 [3]
427 714 [0]
565 576 [0]
495 647 [0]
380 759 [3]
503 640 [0]
521 614 [8]
533 608 [3]
556 585 [3]
395 750 [0]
400 742 [3]
430 716 [0]
442 701 [3]
464 680 [2]
388 755 [3]
489 657 [0]
426 717 [3]
436 705 [6]
517 627 [3]
506 634 [7]
539 608 [0]
570 578 [0]
561 587 [0]
479 663 [6]
500 646 [2]
411 734 [3]
464 682 [2]
494 654 [0]
476 666 [6]
406 743 [0]
399 751 [0]
370 780 [0]
540 610 [0]
424 723 [3]
401 750 [0]
491 660 [0]
441 707 [3]
574 577 [0]
531 620 [0]
415 734 [3]
449 697 [6]
558 594 [0]
510 642 [0]
380 769 [3]
559 587 [6]
446 704 [2]
504 647 [2]
569 582 [3]
496 658 [0]
413 741 [0]
534 620 [0]
369 785 [0]
436 718 [0]
533 622 [0]
495 654 [6]
515 637 [3]
383 772 [0]
444 705 [6]
363 789 [3]
385 771 [0]
476 680 [0]
500 653 [3]
563 592 [2]
479 678 [0]
362 795 [0]
562 592 [3]
533 624 [0]
561 597 [0]
536 616 [6]
503 655 [0]
456 702 [0]
409 748 [2]
535 625 [0]
559 601 [0]
375 785 [0]
424 734 [3]
578 580 [3]
570 591 [0]
436 719 [6]
453 707 [2]
573 589 [0]
446 714 [3]
468 692 [3]
551 612 [0]
535 629 [0]
542 622 [0]
436 722 [6]
383 781 [0]
516 646 [2]
429 729 [6]
517 646 [3]
557 610 [0]
514 653 [0]
556 609 [2]
517 645 [6]
572 596 [0]
388 777 [3]
465 697 [7]
520 649 [0]
485 678 [6]
425 739 [6]
501 663 [6]
581 589 [0]
576 585 [9]
493 674 [3]
373 795 [3]
377 791 [3]
499 671 [2]
393 776 [3]
485 687 [0]
423 750 [0]
393 777 [3]
490 683 [0]
516 655 [2]
557 614 [2]
458 712 [3]
557 617 [0]
485 689 [0]
379 795 [0]
457 712 [6]
410 763 [2]
379 794 [2]
571 604 [0]
583 592 [0]
429 744 [3]
424 749 [3]
419 758 [0]
474 696 [7]
429 748 [0]
518 660 [0]
421 757 [0]
514 657 [7]
434 741 [3]
427 749 [3]
404 773 [2]
411 768 [0]
390 789 [0]
500 677 [3]
405 770 [6]
401 780 [0]
564 618 [0]
421 758 [3]
544 638 [0]
587 595 [0]
405 771 [6]
497 682 [3]
542 634 [7]
544 639 [0]
562 623 [0]
544 635 [6]
572 610 [3]
469 716 [0]
570 615 [0]
584 598 [3]
410 773 [2]
484 702 [0]
535 645 [6]
390 794 [2]
508 679 [0]
451 730 [6]
530 651 [6]
392 793 [3]
404 781 [3]
444 744 [0]
498 690 [0]
408 780 [0]
475 711 [3]
569 613 [8]
538 652 [0]
536 655 [0]
483 708 [0]
528 655 [8]
456 729 [6]
416 775 [0]
509 679 [3]
475 717 [0]
499 693 [0]
511 681 [0]
420 772 [0]
531 662 [0]
505 688 [0]
490 704 [0]
419 769 [6]
443 748 [3]
431 757 [6]
442 752 [0]
551 644 [0]
596 599 [0]
513 682 [0]
545 650 [0]
550 639 [6]
469 726 [0]
576 617 [3]
570 626 [0]
431 759 [6]
442 751 [3]
550 646 [0]
428 768 [0]
547 648 [2]
493 701 [3]
562 635 [0]
439 755 [3]
503 689 [6]
438 760 [0]
486 704 [8]
446 745 [8]
500 693 [6]
506 684 [9]
568 632 [0]
566 631 [3]
482 715 [3]
520 681 [0]
454 747 [0]
553 648 [0]
445 756 [0]
526 673 [2]
401 799 [3]
516 684 [3]
594 609 [0]
456 747 [0]
436 761 [6]
563 640 [0]
600 603 [0]
522 675 [7]
548 653 [3]
561 643 [0]
519 685 [0]
513 692 [0]
417 782 [6]
512 695 [0]
471 736 [0]
543 665 [0]
563 643 [2]
425 783 [0]
435 774 [0]
551 649 [9]
445 764 [0]
510 700 [0]
502 708 [0]
409 794 [8]
582 623 [6]
455 753 [3]
417 794 [0]
469 743 [0]
427 785 [0]
466 739 [7]
557 655 [0]
532 674 [6]
490 716 [6]
548 664 [0]
604 607 [1]
597 615 [0]
573 639 [0]
525 688 [0]
524 684 [6]
590 615 [9]
511 696 [7]
555 654 [6]
499 713 [3]
479 731 [6]
599 618 [0]
435 775 [7]
597 621 [1]
552 667 [0]
525 689 [6]
504 716 [0]
478 737 [6]
501 714 [6]
487 735 [0]
571 643 [8]
593 626 [3]
549 673 [0]
426 797 [0]
466 750 [7]
478 739 [6]
595 622 [7]
428 796 [0]
550 669 [7]
610 614 [2]
463 757 [7]
506 714 [7]
489 735 [3]
450 779 [0]
427 799 [3]
600 623 [6]
593 635 [2]
507 723 [0]
465 759 [7]
613 618 [0]
500 731 [0]
544 679 [9]
432 798 [2]
533 693 [6]
584 648 [0]
494 738 [0]
538 694 [0]
536 694 [3]
509 724 [0]
551 683 [0]
594 637 [3]
468 763 [3]
505 724 [6]
515 714 [6]
594 636 [6]
553 677 [6]
590 643 [3]
563 670 [3]
483 754 [0]
470 767 [0]
442 796 [0]
574 664 [0]
448 784 [6]
568 661 [9]
463 767 [9]
586 653 [0]
587 646 [6]
505 728 [6]
614 625 [0]
518 721 [0]
578 662 [0]
520 720 [0]
599 634 [7]
509 725 [6]
545 695 [0]
485 755 [0]
489 752 [0]
566 672 [3]
482 756 [3]
580 661 [0]
498 737 [6]
522 713 [6]
466 766 [9]
445 797 [0]
454 788 [0]
593 646 [3]
473 762 [7]
454 789 [0]
516 727 [0]
469 769 [6]
617 628 [0]
469 773 [3]
551 689 [6]
590 650 [6]
473 767 [6]
604 643 [0]
576 671 [0]
622 625 [0]
575 672 [0]
567 677 [4]
453 794 [2]
467 777 [6]
517 727 [6]
452 798 [0]
570 681 [0]
552 693 [6]
472 780 [0]
508 745 [0]
550 696 [7]
533 721 [0]
608 647 [0]
475 781 [0]
490 759 [7]
527 730 [0]
538 713 [6]
504 754 [0]
626 632 [0]
545 714 [0]
621 630 [9]
602 658 [0]
498 757 [6]
482 779 [0]
559 696 [7]
585 677 [0]
541 722 [0]
611 652 [0]
597 660 [7]
597 661 [6]
581 676 [7]
581 684 [0]
620 639 [7]
600 666 [1]
630 637 [0]
619 649 [0]
495 773 [0]
599 660 [9]
546 722 [0]
505 757 [6]
586 673 [9]
585 684 [0]
479 785 [6]
493 774 [3]
487 783 [0]
488 783 [0]
536 729 [6]
480 786 [6]
473 790 [9]
590 675 [7]
550 717 [6]
542 725 [7]
583 691 [0]
584 688 [3]
552 718 [6]
516 760 [0]
589 680 [7]
567 710 [0]
492 785 [0]
588 690 [0]
503 769 [6]
572 700 [6]
480 792 [7]
609 663 [7]
604 676 [0]
564 709 [7]
496 778 [6]
518 756 [6]
609 666 [6]
532 744 [6]
575 707 [0]
549 727 [6]
612 663 [7]
601 675 [7]
530 754 [0]
593 692 [0]
524 755 [6]
584 699 [3]
508 772 [6]
588 698 [0]
635 652 [0]
524 757 [6]
560 721 [6]
595 686 [7]
579 710 [0]
498 791 [0]
524 759 [6]
590 693 [7]
603 681 [6]
563 722 [6]
539 747 [6]
526 763 [3]
625 666 [1]
550 737 [6]
587 701 [6]
518 769 [7]
509 779 [6]
591 703 [0]
540 756 [0]
532 757 [7]
526 770 [0]
630 659 [7]
495 797 [6]
594 704 [0]
608 684 [9]
556 739 [6]
625 676 [1]
599 696 [7]
578 718 [6]
618 685 [0]
577 726 [0]
599 697 [7]
514 783 [6]
630 666 [7]
536 761 [6]
601 703 [0]
607 691 [7]
627 679 [0]
574 731 [1]
538 764 [6]
646 662 [0]
520 781 [7]
651 652 [6]
557 746 [6]
564 739 [7]
641 669 [0]
584 720 [6]
579 724 [7]
551 753 [7]
566 739 [6]
553 753 [6]
620 692 [0]
530 776 [6]
622 684 [7]
537 777 [0]
578 730 [6]
567 741 [7]
605 712 [0]
600 718 [0]
558 754 [6]
517 796 [6]
573 739 [7]
549 764 [7]
645 675 [0]
598 720 [3]
631 690 [0]
635 681 [6]
627 689 [6]
633 683 [7]
532 785 [7]
655 670 [0]
536 784 [6]
639 686 [1]
533 788 [6]
550 770 [7]
615 704 [9]
651 671 [7]
627 703 [0]
650 680 [0]
626 704 [0]
634 690 [7]
543 788 [0]
572 752 [7]
555 770 [6]
617 709 [6]
658 674 [0]
582 751 [0]
642 688 [3]
622 712 [0]
628 706 [0]
538 791 [6]
541 795 [0]
545 791 [0]
610 726 [0]
613 719 [6]
595 736 [7]
662 669 [7]
579 752 [7]
616 723 [0]
614 719 [6]
547 792 [0]
622 716 [1]
597 736 [6]
620 712 [7]
665 676 [0]
664 671 [6]
620 714 [7]
579 763 [0]
624 718 [0]
602 740 [0]
569 771 [3]
562 782 [0]
667 678 [0]
601 737 [7]
631 715 [0]
643 697 [6]
565 782 [0]
549 792 [7]
555 787 [6]
558 790 [0]
613 731 [6]
618 725 [7]
630 720 [0]
576 768 [7]
603 748 [0]
625 727 [0]
563 785 [6]
564 783 [9]
613 744 [0]
629 721 [7]
672 685 [0]
594 757 [7]
586 773 [0]
590 762 [7]
650 709 [0]
616 738 [6]
637 719 [6]
639 717 [7]
670 694 [0]
654 711 [0]
624 741 [1]
588 772 [7]
574 787 [7]
636 732 [0]
681 688 [0]
648 715 [6]
607 762 [1]
604 762 [4]
628 742 [0]
580 784 [6]
634 737 [0]
587 778 [7]
673 699 [0]
591 775 [6]
581 786 [6]
590 774 [9]
673 692 [9]
645 729 [0]
606 769 [0]
610 766 [0]
610 760 [6]
661 715 [0]
575 795 [7]
637 738 [3]
591 781 [6]
671 707 [0]
624 754 [0]
623 751 [6]
620 760 [1]
658 716 [7]
684 691 [7]
680 703 [0]
655 722 [6]
618 758 [7]
593 785 [6]
607 777 [0]
655 725 [7]
654 734 [0]
626 756 [6]
648 735 [6]
674 715 [0]
600 788 [1]
691 692 [7]
647 745 [0]
683 708 [3]
609 778 [7]
643 746 [6]
658 730 [7]
596 790 [9]
647 740 [9]
635 756 [6]
639 751 [7]
656 742 [0]
690 699 [9]
646 747 [6]
653 740 [7]
682 720 [0]
635 761 [6]
689 707 [7]
632 765 [7]
667 738 [0]
656 749 [0]
629 779 [0]
688 714 [6]
623 780 [7]
657 753 [0]
699 705 [7]
681 726 [6]
618 789 [7]
624 789 [1]
682 727 [7]
674 744 [0]
632 779 [7]
702 717 [0]
625 793 [1]
698 721 [0]
630 783 [6]
705 708 [6]
681 733 [7]
638 783 [0]
673 740 [9]
684 732 [7]
635 783 [6]
702 718 [6]
678 743 [6]
713 716 [0]
632 790 [9]
700 733 [0]
709 723 [1]
677 751 [7]
644 784 [7]
635 795 [6]
642 794 [0]
665 772 [0]
672 758 [7]
711 720 [6]
711 726 [0]
655 782 [0]
664 774 [0]
691 752 [1]
702 738 [6]
664 776 [7]
713 735 [0]
677 764 [7]
685 757 [7]
668 781 [0]
670 782 [0]
717 733 [3]
688 759 [6]
678 770 [6]
721 727 [7]
716 732 [7]
685 765 [7]
707 745 [6]
710 743 [7]
694 760 [6]
705 757 [0]
677 778 [7]
682 782 [0]
712 751 [1]
709 755 [0]
694 767 [6]
701 767 [0]
733 735 [0]
668 794 [7]
722 747 [0]
711 755 [7]
681 786 [6]
707 760 [7]
719 753 [3]
722 752 [1]
719 758 [0]
710 760 [7]
691 787 [0]
731 740 [7]
674 797 [7]
732 747 [1]
694 780 [6]
706 775 [0]
703 773 [6]
689 795 [0]
697 788 [0]
727 761 [1]
743 747 [1]
707 778 [7]
692 795 [7]
729 765 [0]
742 753 [1]
699 798 [0]
748 749 [0]
710 780 [7]
715 776 [7]
740 751 [7]
734 767 [0]
727 775 [0]
724 777 [1]
736 766 [0]
730 776 [0]
706 794 [6]
709 793 [7]
744 766 [0]
728 785 [0]
738 769 [6]
752 761 [0]
716 793 [7]
738 782 [0]
753 769 [1]
756 767 [1]
740 780 [7]
748 774 [7]
763 766 [1]
733 794 [6]
739 796 [0]
743 793 [0]
754 786 [0]
736 799 [7]
772 777 [1]
755 787 [9]
751 799 [1]
771 785 [0]
767 791 [1]
771 782 [7]
764 797 [0]
773 790 [0]
781 786 [1]
764 798 [7]
786 791 [0]
789 792 [0]
783 798 [9]
795 797 [1]
