1600
12
41
180
320
353
414
958
1287
1533
1210
893
546
58
1259
42
38
8
705
177
16
146
65
402
231
241
1
541
49
62
318
427
837
56
346
243
194
300
392
70
118
225
1224
87
135
92
343
380
12
262
30
278
113
5
1312
156
171
515
133
256
277
102
387
129
533
276
713
1320
444
50
327
67
474
170
89
157
650
57
319
429
185
537
696
270
389
580
52
408
175
680
111
106
640
486
653
24
11
385
538
44
281
357
60
26
48
913
195
897
386
182
167
219
505
506
332
35
140
271
55
600
27
83
261
47
150
218
119
224
698
305
169
703
435
101
274
456
196
72
322
412
222
366
932
401
1293
158
132
184
667
500
399
138
452
507
18
394
1031
655
181
763
88
455
110
289
269
166
759
96
61
245
120
1018
45
131
285
123
528
71
518
337
340
33
21
335
187
93
308
328
99
586
1245
191
1094
121
202
356
287
501
136
128
798
819
405
273
95
0
215
104
514
280
463
734
1001
608
571
1073
1264
602
234
364
145
22
626
126
418
263
291
39
78
584
1174
252
1080
360
661
551
164
68
144
374
293
85
192
664
303
149
616
159
115
525
173
870
461
147
90
570
80
205
393
362
268
548
51
961
10
116
687
851
482
550
228
244
204
165
1010
803
227
7
107
397
66
333
142
449
754
634
299
497
925
1222
81
786
1192
266
257
787
75
384
807
511
454
238
630
233
1179
479
235
1262
250
354
466
260
1146
292
331
838
368
390
203
404
638
592
74
73
660
190
901
53
1524
469
744
247
510
36
618
105
323
338
492
802
558
849
97
562
426
306
471
433
272
342
459
513
371
860
527
325
530
130
1112
605
1140
552
835
396
535
206
1337
524
810
683
886
313
574
629
681
508
757
976
151
631
953
79
751
725
821
295
127
1103
242
643
613
1070
223
174
379
211
400
43
915
1041
34
64
989
254
684
547
232
701
193
654
411
590
553
1380
633
334
172
649
699
666
521
212
201
100
249
658
1412
413
556
815
214
1193
882
40
834
561
748
671
294
382
783
499
29
614
920
282
344
504
489
54
523
823
887
37
178
1030
114
14
529
1171
307
921
1134
1033
1534
1581
448
230
1141
6
577
378
809
526
1426
601
568
741
1133
488
370
160
952
220
13
1165
879
692
82
23
771
148
373
410
709
434
997
1078
162
286
847
503
237
428
894
1176
460
841
375
416
1554
609
372
1382
606
665
876
1019
717
361
1391
951
304
576
731
872
575
596
776
25
1199
94
348
1100
475
678
350
755
1387
9
403
672
852
594
32
1051
1228
848
861
689
438
365
516
907
423
865
406
152
125
124
743
732
1124
259
1132
213
824
1043
155
161
1485
1263
1225
659
900
480
1014
1123
1254
462
875
1184
578
636
512
359
186
770
450
1065
59
607
69
566
1486
1252
458
903
943
329
1147
1294
534
226
679
15
19
1189
733
498
381
183
251
478
579
465
98
1047
1319
936
828
296
1077
1347
833
685
567
176
777
473
425
391
420
948
1384
321
975
1042
843
383
236
1508
695
816
189
302
4
1101
288
210
197
1063
341
1106
677
896
749
367
693
859
572
968
1440
1145
531
395
468
668
845
355
644
134
632
691
1469
199
1244
832
198
472
801
599
464
867
207
750
619
432
982
758
716
1286
409
1020
906
239
495
926
470
1378
358
522
745
376
657
1268
415
736
1217
884
347
481
1052
1273
117
1541
946
1067
559
904
773
1138
1575
1032
179
264
520
112
1388
880
1009
723
1441
28
314
255
407
724
430
439
424
1085
1522
3
635
419
1559
441
931
1346
1517
980
642
866
1095
229
168
545
431
761
1015
1420
1004
1276
564
1135
673
856
1288
476
217
539
700
878
651
721
820
702
1572
1499
1593
676
836
1568
730
1196
621
477
1122
137
781
1321
445
457
1115
719
682
889
484
992
988
163
1118
1086
1590
352
939
326
996
1180
1114
708
970
258
1195
785
369
77
792
297
317
1257
569
1016
674
739
398
290
1242
981
1197
216
908
623
710
779
972
1576
603
966
762
1410
1160
1034
772
330
84
944
1339
1291
1367
959
1058
1271
740
1484
624
2
938
283
267
563
540
316
63
637
1157
1108
720
881
1143
1090
645
940
188
221
747
1308
581
796
1188
417
265
1418
675
1536
728
969
869
963
284
775
1281
536
765
1212
46
315
442
1454
336
1381
827
1411
891
1341
767
1021
610
240
1530
1352
1396
1164
517
1580
598
627
436
1266
1084
1569
1301
1075
1137
987
1044
103
1215
555
309
1437
1175
1240
793
919
467
854
1299
795
1220
791
542
560
1431
1547
1045
998
971
1594
774
994
1111
1007
1208
858
1478
727
883
453
1331
154
1464
1029
1306
1049
485
339
1325
985
1340
1422
1523
1130
1591
937
855
1369
312
543
850
960
1444
1302
422
1011
611
1490
806
868
950
1105
993
892
1471
656
1204
494
604
1233
840
1203
862
246
143
1413
1565
451
1566
780
544
1274
585
1574
496
1155
617
1161
1170
688
846
686
999
1356
718
1006
1474
1117
964
1462
784
1064
591
844
1521
1436
1237
707
493
857
729
1120
1333
1241
864
1022
1338
704
1355
1379
377
1424
929
927
818
595
1432
363
826
934
549
1127
822
1048
1269
1303
349
1334
1136
805
1110
421
1480
519
1088
1326
706
1313
874
1354
1445
1429
1435
1036
922
979
582
76
1061
1363
663
764
1549
890
956
1261
86
1239
1560
487
557
1597
200
1463
1585
1023
1076
1168
1409
697
122
1351
1234
625
1399
669
831
1092
830
752
817
491
1148
275
1027
1595
1332
253
825
446
753
1442
942
1258
1198
1329
1202
1283
1055
1142
1544
899
153
1304
1200
1512
1551
1069
1187
1540
1074
1459
712
788
31
1256
1099
898
1305
1098
1360
1152
1282
1555
1509
1270
949
1506
871
694
483
1231
1344
1327
17
1025
1173
662
141
715
1166
1370
1503
1247
612
670
1482
1183
738
965
1250
1448
829
1318
648
789
1386
1487
1037
502
923
813
91
1219
1181
1131
1024
1121
1290
1191
1358
1407
1277
1376
1552
1513
324
1223
1012
1149
1592
1403
1476
1586
1377
1525
1491
910
1402
1577
954
310
1584
509
737
1571
20
1456
490
1249
1455
1408
1500
615
1139
1087
1598
1071
902
1397
1116
742
991
1059
554
1579
1284
1392
1232
1473
945
1465
1466
947
1280
1345
778
863
1553
1000
1328
1557
1005
1035
1348
1359
1452
1467
1314
990
1317
804
1406
641
1583
1563
1227
589
1079
1588
746
1279
909
1532
1362
208
756
1246
799
588
1002
912
885
955
1564
1050
1449
622
1458
1582
1434
1226
983
1515
1158
1162
984
1529
1374
1107
1113
1211
1177
593
1172
1194
1531
298
1511
977
797
1405
1561
1322
842
1272
1082
565
109
812
766
1017
1255
1538
1372
839
1046
769
573
1404
1479
209
1185
1446
1481
1527
1393
995
794
1307
1483
1519
1518
782
1438
1298
1470
1125
1543
1028
1163
941
1419
1494
1316
1008
1439
628
1126
1214
1081
1394
1539
1026
1366
1221
924
1453
967
1488
1443
1570
1207
1421
1216
1546
345
711
1093
1089
1361
388
1153
1205
1151
1415
1297
532
652
1504
1330
1578
1556
1053
808
1003
978
928
1315
1425
1186
1477
1516
962
1430
1097
1013
1496
1238
1368
1229
1501
1423
1235
1550
1209
1365
933
1417
1457
760
1178
1206
1057
1154
1390
986
1096
647
1573
351
1526
1109
1433
1596
974
917
1159
1213
1251
1389
1497
1461
1289
1450
1371
620
597
811
1336
301
1599
1275
1267
1493
1537
918
1400
1357
1335
800
1350
1278
1119
957
1072
311
447
911
1323
1062
1054
853
1373
1129
1398
1349
1492
1295
690
1562
916
1248
1520
1068
1253
1510
1495
1507
1447
279
1364
1514
1260
1201
1587
1460
1150
1414
1416
1542
1309
1489
873
1472
714
888
1144
1451
1401
1545
1104
1230
1296
1292
437
583
1427
1475
1528
1060
930
1353
440
877
139
722
1558
1040
1243
1505
1567
814
1218
1498
1324
587
1190
1535
1182
914
1548
1091
973
1311
895
1343
1128
1502
1169
1039
1310
1375
1428
1385
1265
1383
108
768
1300
726
905
935
443
1342
1156
735
1056
1285
639
1102
1167
248
790
1589
1066
1236
1083
1468
646
1395
1038
15 19 [0]
11 24 [0]
8 38 [0]
21 33 [0]
26 48 [0]
38 42 [0]
26 60 [0]
42 52 [1]
0 95 [0]
34 64 [0]
23 82 [0]
27 83 [0]
49 62 [0]
7 107 [0]
39 78 [0]
5 113 [0]
10 116 [0]
14 114 [0]
73 74 [0]
61 96 [0]
60 93 [6]
16 146 [0]
60 99 [6]
22 145 [0]
35 140 [0]
45 131 [0]
76 95 [8]
42 132 [7]
38 138 [7]
70 118 [0]
16 177 [0]
47 150 [0]
7 183 [9]
65 146 [0]
68 144 [0]
38 175 [1]
37 178 [0]
0 215 [0]
106 111 [0]
87 135 [0]
92 135 [0]
68 164 [0]
13 220 [0]
16 208 [9]
7 227 [0]
90 147 [0]
96 135 [7]
1 241 [0]
4 241 [0]
89 157 [0]
124 125 [0]
24 227 [4]
89 170 [0]
128 136 [0]
72 196 [0]
115 159 [0]
12 262 [0]
26 246 [5]
125 152 [0]
85 192 [0]
93 187 [0]
80 205 [0]
137 147 [5]
132 158 [0]
34 249 [8]
30 262 [0]
27 273 [0]
100 201 [0]
12 279 [11]
4 302 [0]
61 245 [0]
47 261 [0]
30 278 [0]
38 268 [6]
24 291 [0]
132 184 [0]
155 161 [0]
104 215 [0]
121 202 [0]
79 241 [4]
113 211 [0]
44 281 [0]
55 271 [0]
156 171 [0]
39 291 [0]
47 286 [0]
119 218 [0]
15 321 [3]
28 314 [0]
118 225 [0]
119 224 [0]
83 261 [0]
100 249 [0]
167 182 [0]
21 335 [0]
111 248 [1]
46 315 [0]
120 245 [0]
35 332 [0]
95 273 [0]
87 274 [7]
150 218 [0]
165 204 [0]
33 340 [0]
101 274 [0]
57 319 [0]
50 327 [0]
85 293 [0]
63 316 [0]
102 277 [0]
62 318 [0]
167 219 [0]
143 246 [0]
133 256 [0]
113 278 [0]
12 380 [0]
72 322 [0]
67 327 [0]
100 286 [9]
89 301 [5]
11 385 [0]
156 239 [2]
174 223 [0]
168 229 [0]
110 289 [0]
66 333 [0]
93 308 [0]
56 346 [0]
197 210 [0]
123 285 [0]
188 221 [0]
140 271 [0]
18 394 [0]
9 403 [0]
201 212 [0]
183 220 [11]
84 330 [0]
87 325 [4]
131 285 [0]
60 357 [0]
45 367 [9]
127 295 [0]
72 348 [2]
72 350 [2]
101 321 [2]
133 282 [10]
99 328 [0]
183 251 [0]
92 343 [0]
166 269 [0]
11 417 [9]
194 243 [0]
94 348 [0]
43 400 [0]
179 264 [0]
77 369 [0]
80 359 [9]
187 259 [2]
204 244 [0]
186 262 [0]
162 286 [0]
159 292 [0]
223 227 [2]
149 303 [0]
158 296 [2]
136 315 [5]
75 384 [0]
52 408 [0]
216 241 [3]
184 271 [6]
70 392 [0]
134 327 [2]
66 397 [0]
65 402 [0]
46 422 [4]
231 241 [0]
228 244 [0]
169 305 [0]
113 351 [11]
142 333 [0]
57 412 [7]
85 396 [0]
52 431 [2]
27 456 [3]
9 476 [3]
102 387 [0]
189 302 [0]
50 444 [0]
194 300 [0]
30 461 [4]
210 288 [0]
57 439 [2]
197 293 [9]
107 397 [0]
172 334 [0]
49 452 [7]
145 364 [0]
164 345 [1]
11 497 [4]
136 375 [2]
56 458 [0]
129 387 [0]
87 426 [4]
33 476 [9]
0 516 [2]
144 374 [0]
148 373 [0]
187 335 [0]
257 266 [0]
18 507 [0]
29 499 [0]
160 370 [0]
256 277 [0]
124 400 [9]
151 380 [4]
101 435 [0]
83 449 [4]
138 399 [0]
164 369 [5]
67 474 [0]
30 502 [9]
182 357 [3]
1 541 [0]
14 529 [0]
54 489 [0]
88 455 [0]
126 418 [0]
186 359 [0]
36 510 [0]
156 386 [7]
267 283 [0]
27 518 [6]
18 528 [6]
174 379 [0]
263 291 [0]
152 406 [0]
170 384 [4]
269 289 [0]
202 356 [0]
223 328 [10]
98 465 [0]
183 381 [0]
110 455 [0]
201 357 [10]
182 386 [0]
255 314 [0]
62 500 [7]
93 475 [2]
54 523 [0]
44 538 [0]
241 341 [0]
175 408 [0]
6 577 [0]
126 454 [3]
136 444 [6]
222 366 [0]
71 518 [0]
243 346 [0]
49 541 [0]
211 379 [0]
138 452 [0]
142 449 [0]
21 561 [10]
203 390 [0]
234 364 [0]
205 393 [0]
51 548 [0]
71 528 [0]
268 328 [4]
49 543 [9]
58 546 [0]
250 354 [0]
167 430 [9]
203 404 [0]
147 461 [0]
70 537 [1]
215 393 [3]
211 400 [0]
35 565 [11]
232 380 [0]
185 429 [0]
297 317 [0]
272 342 [0]
16 587 [11]
9 598 [8]
277 335 [6]
104 514 [0]
236 383 [0]
62 547 [10]
11 609 [0]
292 331 [0]
272 344 [8]
10 613 [2]
282 344 [0]
32 594 [0]
2 624 [0]
27 600 [0]
268 362 [0]
83 547 [0]
52 580 [0]
112 520 [0]
231 402 [0]
245 384 [4]
15 612 [6]
222 412 [0]
69 566 [0]
308 328 [0]
136 501 [0]
3 635 [0]
281 357 [0]
177 455 [7]
115 525 [0]
85 553 [2]
18 613 [10]
250 390 [2]
29 614 [0]
287 356 [0]
170 474 [0]
83 559 [2]
218 422 [5]
289 356 [0]
69 573 [4]
22 626 [0]
133 515 [0]
285 355 [9]
68 572 [9]
80 570 [0]
123 528 [0]
202 444 [6]
196 456 [0]
36 618 [0]
55 600 [0]
66 590 [2]
76 582 [0]
270 389 [0]
97 562 [0]
90 570 [0]
130 530 [0]
295 356 [10]
323 338 [0]
217 435 [9]
78 584 [0]
129 533 [0]
255 407 [0]
308 352 [3]
237 428 [0]
104 552 [10]
74 592 [0]
59 607 [0]
119 547 [0]
261 399 [6]
273 390 [3]
293 374 [0]
198 472 [0]
227 438 [9]
109 565 [0]
69 607 [0]
78 596 [2]
294 382 [0]
337 340 [0]
24 653 [0]
230 448 [0]
22 651 [5]
273 405 [0]
202 470 [9]
263 418 [0]
265 417 [0]
305 370 [10]
325 357 [3]
99 586 [0]
171 515 [0]
289 393 [4]
290 398 [0]
223 455 [10]
300 392 [0]
164 525 [3]
238 454 [0]
217 476 [0]
15 679 [0]
87 602 [6]
129 563 [3]
173 525 [0]
305 390 [4]
63 637 [0]
21 678 [2]
272 433 [0]
82 621 [3]
59 644 [3]
57 650 [0]
108 600 [1]
323 383 [5]
71 631 [10]
8 705 [0]
285 419 [9]
168 545 [0]
235 479 [0]
164 551 [0]
112 600 [9]
185 537 [0]
337 377 [8]
105 618 [0]
343 380 [0]
219 505 [0]
260 466 [0]
251 478 [0]
121 606 [2]
274 456 [0]
30 701 [0]
306 426 [0]
15 712 [6]
73 660 [0]
212 521 [0]
239 495 [0]
126 603 [5]
322 412 [0]
71 660 [3]
7 722 [6]
220 509 [6]
182 553 [0]
185 542 [9]
337 399 [0]
141 592 [7]
237 503 [0]
206 535 [0]
57 682 [3]
176 567 [0]
280 463 [0]
237 502 [6]
318 427 [0]
106 640 [0]
285 460 [2]
319 429 [0]
126 626 [0]
65 689 [0]
80 663 [11]
362 393 [0]
217 539 [0]
119 636 [2]
170 577 [10]
247 510 [0]
362 388 [7]
315 442 [0]
203 554 [1]
368 390 [0]
226 534 [0]
334 417 [11]
131 630 [3]
87 674 [3]
142 622 [1]
149 616 [0]
338 418 [10]
134 632 [0]
123 635 [9]
273 483 [11]
183 585 [1]
323 443 [4]
278 483 [9]
335 435 [0]
75 686 [11]
82 692 [0]
94 674 [7]
159 616 [0]
47 720 [9]
294 478 [5]
171 603 [3]
203 574 [0]
110 658 [10]
134 644 [0]
228 550 [0]
232 547 [0]
314 456 [9]
289 481 [9]
7 768 [6]
52 720 [9]
151 631 [0]
217 560 [6]
373 410 [0]
264 520 [0]
37 743 [5]
196 585 [5]
287 501 [0]
375 416 [0]
111 680 [0]
307 474 [10]
340 450 [2]
23 771 [0]
280 514 [0]
121 672 [2]
92 696 [7]
11 775 [9]
135 652 [8]
299 497 [0]
0 790 [6]
368 424 [5]
171 623 [3]
138 651 [9]
373 424 [3]
287 510 [3]
212 582 [7]
25 776 [0]
342 459 [0]
148 648 [6]
116 687 [0]
365 438 [0]
141 662 [0]
69 728 [7]
278 517 [9]
248 551 [6]
151 651 [3]
157 650 [0]
9 791 [8]
85 712 [11]
276 533 [0]
146 654 [10]
196 610 [5]
148 653 [10]
391 420 [0]
74 735 [4]
237 567 [11]
332 481 [2]
158 655 [3]
391 425 [0]
268 548 [0]
69 745 [3]
157 661 [0]
31 788 [0]
135 684 [0]
122 697 [0]
372 448 [0]
406 412 [2]
354 466 [0]
281 529 [10]
249 570 [2]
398 417 [6]
172 649 [0]
66 747 [8]
131 687 [4]
164 658 [2]
339 485 [0]
66 750 [9]
182 633 [10]
0 824 [2]
347 481 [0]
123 697 [8]
79 751 [0]
338 492 [0]
267 563 [0]
56 772 [3]
72 758 [2]
140 692 [0]
197 626 [9]
107 721 [5]
323 503 [8]
181 655 [0]
234 602 [0]
332 506 [0]
183 655 [2]
28 804 [10]
205 637 [5]
193 654 [0]
327 521 [0]
344 504 [0]
335 510 [3]
123 718 [8]
240 610 [0]
190 660 [0]
345 499 [6]
88 763 [0]
63 784 [4]
184 667 [0]
325 527 [0]
277 576 [0]
177 677 [0]
314 535 [5]
136 717 [2]
312 543 [0]
96 759 [0]
175 680 [0]
325 530 [0]
393 457 [5]
9 842 [4]
337 518 [0]
192 664 [0]
141 715 [0]
316 540 [0]
90 758 [9]
147 709 [2]
370 488 [0]
408 442 [9]
201 658 [0]
333 526 [2]
75 787 [0]
59 799 [4]
233 630 [0]
187 666 [10]
424 439 [0]
263 600 [0]
395 468 [0]
309 555 [0]
66 797 [1]
357 505 [3]
1 860 [4]
81 786 [0]
124 743 [0]
159 697 [11]
238 630 [0]
77 792 [0]
430 439 [0]
311 555 [3]
105 763 [3]
359 512 [0]
99 764 [8]
169 703 [0]
11 861 [0]
135 736 [2]
40 834 [0]
73 794 [7]
135 734 [6]
102 766 [8]
381 498 [0]
304 576 [0]
358 522 [0]
134 742 [4]
365 516 [0]
177 705 [0]
80 795 [8]
371 513 [0]
313 574 [0]
168 708 [11]
293 593 [1]
234 653 [0]
221 660 [8]
260 626 [3]
193 693 [5]
185 705 [1]
187 695 [9]
192 691 [9]
56 837 [0]
29 858 [7]
193 701 [0]
10 874 [11]
26 867 [2]
47 839 [11]
232 655 [10]
426 471 [0]
115 773 [9]
425 473 [0]
399 500 [0]
27 868 [5]
304 587 [10]
445 457 [0]
63 837 [3]
91 813 [0]
433 471 [0]
226 679 [0]
102 798 [6]
249 658 [0]
263 635 [9]
36 866 [5]
288 617 [6]
271 633 [10]
259 655 [2]
272 636 [9]
361 548 [8]
137 781 [0]
149 765 [5]
303 614 [2]
148 771 [0]
179 730 [11]
386 528 [6]
109 812 [0]
40 882 [0]
224 698 [0]
385 538 [0]
37 887 [0]
212 712 [1]
166 759 [0]
395 531 [0]
241 681 [4]
128 798 [0]
79 842 [6]
38 879 [10]
113 815 [0]
52 868 [9]
147 774 [8]
196 734 [0]
119 807 [4]
124 805 [1]
396 535 [0]
232 701 [0]
347 582 [4]
299 634 [0]
222 705 [7]
293 643 [0]
211 722 [4]
254 684 [0]
167 764 [8]
238 699 [2]
2 938 [0]
323 618 [0]
33 907 [2]
295 641 [7]
194 749 [0]
181 763 [0]
140 796 [9]
347 598 [1]
131 804 [11]
46 890 [10]
97 849 [0]
255 686 [6]
397 546 [6]
411 530 [8]
45 901 [3]
249 695 [5]
461 489 [2]
176 777 [0]
53 901 [0]
455 494 [5]
422 525 [8]
378 577 [0]
186 770 [0]
207 750 [0]
83 863 [11]
43 915 [0]
452 507 [0]
397 562 [0]
48 913 [0]
10 946 [5]
208 756 [0]
294 671 [0]
454 511 [0]
428 530 [8]
270 696 [0]
356 609 [2]
303 664 [0]
334 633 [0]
221 747 [0]
389 580 [0]
413 556 [0]
24 943 [2]
310 660 [1]
10 961 [0]
3 965 [4]
459 513 [0]
151 821 [3]
342 631 [2]
87 879 [10]
431 545 [0]
386 586 [6]
333 639 [6]
176 796 [7]
128 844 [8]
459 518 [3]
131 848 [2]
372 609 [0]
186 787 [9]
274 709 [0]
118 865 [0]
375 609 [0]
43 934 [7]
48 935 [1]
134 850 [1]
238 746 [1]
72 904 [9]
362 612 [11]
333 644 [9]
426 562 [0]
276 713 [0]
6 973 [10]
489 493 [7]
359 624 [8]
247 744 [0]
100 888 [4]
445 542 [6]
489 504 [0]
357 627 [9]
94 892 [8]
433 562 [0]
174 816 [5]
67 919 [9]
393 601 [2]
273 712 [11]
49 948 [0]
59 931 [8]
43 944 [11]
149 847 [2]
355 644 [0]
468 527 [5]
85 907 [9]
411 590 [0]
68 923 [11]
337 661 [4]
193 804 [6]
255 747 [1]
305 698 [0]
148 845 [11]
189 816 [0]
266 735 [4]
405 600 [0]
62 937 [9]
162 847 [1]
505 506 [0]
51 961 [0]
179 829 [4]
277 726 [10]
138 867 [9]
44 968 [2]
184 822 [8]
79 931 [5]
385 621 [9]
411 599 [5]
188 818 [10]
139 877 [0]
437 580 [1]
23 992 [3]
241 775 [3]
435 584 [0]
75 938 [8]
387 632 [2]
360 661 [0]
237 782 [4]
186 837 [0]
342 680 [3]
142 875 [9]
164 861 [2]
84 944 [0]
12 1008 [8]
350 678 [0]
432 592 [5]
214 815 [0]
198 832 [0]
227 803 [0]
93 929 [8]
101 922 [8]
79 953 [0]
376 657 [0]
387 646 [1]
179 854 [1]
169 862 [5]
213 824 [0]
338 696 [4]
63 971 [4]
175 860 [3]
92 944 [3]
517 518 [5]
133 906 [2]
362 669 [11]
404 638 [0]
173 870 [0]
168 871 [4]
151 888 [4]
359 679 [5]
485 551 [8]
487 557 [0]
465 579 [0]
257 787 [0]
498 546 [0]
80 959 [5]
335 700 [9]
196 844 [5]
149 891 [5]
471 568 [8]
68 974 [7]
499 543 [7]
201 843 [5]
439 610 [1]
196 853 [1]
432 619 [0]
153 899 [0]
64 989 [0]
419 635 [0]
219 833 [2]
92 955 [8]
345 711 [0]
478 579 [0]
505 553 [0]
284 775 [0]
178 882 [0]
367 693 [0]
87 965 [9]
474 583 [5]
511 548 [3]
464 599 [0]
436 627 [0]
45 1018 [0]
121 938 [5]
447 607 [10]
411 654 [0]
108 953 [4]
56 1009 [2]
137 927 [4]
256 804 [8]
359 702 [8]
346 715 [9]
60 1002 [11]
379 688 [7]
207 867 [0]
370 693 [11]
403 672 [0]
507 559 [9]
34 1041 [0]
123 952 [2]
234 837 [6]
135 940 [3]
361 717 [0]
8 1062 [8]
253 825 [0]
418 658 [2]
44 1032 [2]
231 848 [0]
23 1055 [1]
267 812 [0]
511 564 [5]
18 1056 [7]
80 1000 [1]
389 688 [5]
32 1051 [0]
134 947 [4]
399 685 [2]
325 759 [3]
7 1079 [1]
192 888 [7]
297 792 [0]
356 724 [9]
190 901 [0]
6 1081 [4]
195 897 [0]
280 802 [10]
10 1082 [1]
356 729 [8]
354 731 [8]
242 849 [2]
474 612 [8]
162 928 [4]
455 631 [10]
477 621 [0]
392 697 [9]
121 968 [9]
494 604 [0]
287 811 [1]
510 581 [8]
501 600 [0]
419 671 [11]
330 772 [0]
542 560 [0]
22 1078 [2]
540 563 [0]
118 978 [8]
350 755 [0]
4 1101 [0]
195 913 [0]
246 862 [0]
39 1062 [7]
342 763 [3]
494 609 [7]
215 886 [10]
160 952 [0]
316 791 [6]
466 642 [5]
137 970 [8]
68 1046 [1]
198 917 [0]
164 943 [9]
367 749 [0]
295 821 [0]
164 953 [0]
101 1011 [5]
410 709 [0]
376 745 [0]
314 799 [10]
322 800 [1]
216 908 [0]
296 828 [0]
59 1065 [0]
410 705 [10]
45 1070 [10]
92 1026 [8]
486 640 [0]
128 997 [2]
438 689 [0]
151 976 [0]
188 940 [0]
114 1007 [7]
109 1017 [3]
450 680 [0]
473 656 [1]
378 744 [8]
407 724 [0]
479 645 [8]
380 750 [2]
399 724 [9]
132 990 [11]
430 701 [3]
518 611 [5]
129 1001 [6]
468 668 [0]
10 1119 [7]
80 1047 [9]
398 739 [0]
76 1061 [0]
251 884 [3]
435 703 [0]
120 1018 [0]
486 653 [0]
6 1133 [0]
160 979 [1]
333 800 [7]
157 982 [2]
515 617 [9]
553 590 [0]
452 686 [5]
164 973 [6]
434 709 [0]
164 971 [8]
42 1101 [0]
107 1025 [11]
114 1030 [0]
501 633 [10]
98 1047 [0]
322 812 [11]
385 758 [2]
239 906 [0]
177 964 [5]
106 1030 [10]
6 1141 [0]
103 1044 [0]
512 636 [0]
283 862 [4]
476 669 [4]
205 940 [5]
99 1041 [10]
415 736 [0]
163 988 [0]
475 678 [0]
27 1124 [2]
433 714 [6]
454 696 [4]
430 724 [0]
567 587 [0]
185 960 [9]
369 785 [0]
318 837 [0]
81 1065 [9]
393 753 [11]
412 738 [8]
203 954 [1]
323 830 [7]
124 1036 [1]
32 1119 [10]
499 653 [10]
560 594 [8]
545 611 [6]
261 900 [2]
507 650 [6]
239 926 [0]
382 783 [0]
381 784 [1]
500 667 [0]
303 857 [8]
568 601 [0]
356 812 [1]
331 838 [0]
247 917 [6]
328 837 [6]
575 596 [0]
459 710 [3]
220 952 [0]
126 1040 [7]
139 1030 [4]
370 803 [2]
226 945 [4]
165 1010 [0]
273 895 [7]
546 620 [9]
455 714 [7]
483 694 [0]
79 1092 [7]
527 643 [8]
13 1165 [0]
571 608 [0]
425 747 [7]
402 775 [3]
49 1125 [8]
33 1142 [8]
532 652 [0]
444 734 [6]
390 788 [7]
433 744 [9]
268 911 [7]
249 926 [11]
521 666 [0]
378 809 [0]
395 782 [10]
382 795 [11]
327 859 [2]
508 681 [0]
3 1186 [0]
363 826 [0]
364 823 [2]
16 1165 [10]
384 807 [0]
172 1014 [5]
431 761 [0]
192 1000 [1]
485 703 [5]
359 829 [6]
92 1103 [0]
38 1150 [8]
463 734 [0]
155 1043 [0]
66 1121 [11]
313 886 [0]
446 753 [0]
493 707 [0]
531 663 [6]
355 845 [0]
530 670 [1]
343 856 [2]
282 920 [0]
234 963 [5]
449 754 [0]
390 803 [10]
574 629 [0]
378 818 [7]
337 865 [2]
504 692 [9]
257 940 [8]
106 1094 [6]
368 838 [0]
390 805 [11]
178 1030 [0]
293 906 [9]
19 1189 [0]
104 1095 [9]
430 776 [3]
169 1041 [0]
179 1032 [0]
551 661 [0]
469 744 [0]
71 1131 [11]
148 1062 [4]
578 636 [0]
385 820 [9]
121 1094 [0]
146 1064 [5]
375 841 [0]
269 944 [3]
430 780 [6]
236 976 [5]
597 620 [0]
350 861 [7]
313 899 [7]
479 729 [11]
183 1026 [10]
45 1166 [8]
450 770 [0]
562 655 [3]
283 938 [0]
45 1169 [7]
547 669 [7]
405 819 [0]
179 1034 [11]
140 1076 [8]
25 1199 [0]
0 1222 [3]
151 1068 [6]
171 1046 [8]
598 627 [0]
468 753 [4]
308 911 [7]
383 843 [0]
196 1021 [9]
128 1087 [11]
246 978 [3]
258 970 [0]
307 921 [0]
431 797 [0]
592 638 [0]
201 1022 [7]
127 1103 [0]
498 733 [0]
347 884 [0]
228 1002 [1]
396 835 [0]
371 860 [0]
547 684 [0]
568 661 [2]
537 696 [0]
187 1039 [7]
126 1102 [6]
113 1113 [8]
36 1193 [8]
198 1032 [7]
254 977 [6]
370 866 [3]
539 700 [0]
162 1078 [0]
378 855 [7]
130 1112 [0]
402 831 [9]
347 889 [7]
254 989 [0]
229 1005 [10]
425 811 [10]
277 966 [3]
38 1201 [8]
219 1017 [11]
48 1199 [0]
61 1184 [2]
284 963 [0]
578 663 [6]
611 636 [1]
473 777 [0]
65 1177 [9]
567 685 [0]
389 854 [9]
302 950 [1]
158 1086 [9]
171 1083 [1]
626 628 [1]
241 1010 [4]
304 951 [0]
501 745 [9]
292 957 [6]
613 643 [0]
121 1130 [5]
47 1202 [8]
308 944 [5]
36 1217 [5]
158 1092 [8]
46 1212 [0]
137 1122 [0]
15 1235 [10]
365 895 [0]
197 1063 [0]
181 1077 [2]
537 715 [8]
332 925 [4]
238 1017 [7]
599 657 [7]
580 681 [3]
310 954 [0]
326 939 [0]
590 669 [7]
522 745 [0]
580 689 [0]
293 965 [11]
602 665 [2]
430 832 [8]
474 788 [8]
599 666 [5]
18 1251 [1]
433 830 [7]
340 922 [8]
446 825 [0]
406 865 [0]
606 665 [0]
329 943 [0]
514 750 [9]
472 801 [0]
101 1164 [9]
300 975 [0]
562 710 [3]
607 667 [2]
591 680 [5]
356 909 [11]
390 886 [0]
504 765 [11]
163 1118 [0]
339 938 [4]
499 783 [0]
386 897 [0]
203 1074 [7]
314 964 [6]
191 1094 [0]
472 814 [0]
547 728 [11]
31 1256 [0]
359 926 [3]
389 890 [9]
423 865 [0]
444 834 [10]
29 1258 [1]
113 1168 [9]
15 1274 [1]
633 654 [3]
289 992 [9]
352 939 [0]
614 667 [10]
631 661 [0]
144 1143 [5]
479 803 [10]
555 737 [0]
94 1199 [0]
124 1168 [1]
223 1070 [0]
92 1194 [8]
492 802 [0]
99 1187 [8]
150 1134 [10]
344 945 [6]
528 756 [11]
321 975 [0]
253 1044 [0]
533 756 [8]
366 932 [0]
227 1067 [5]
512 777 [11]
256 1036 [9]
42 1259 [0]
536 765 [0]
460 841 [0]
201 1090 [11]
593 698 [11]
275 1027 [0]
630 665 [8]
81 1222 [0]
57 1235 [11]
24 1274 [5]
95 1209 [1]
576 731 [0]
141 1166 [1]
551 757 [0]
380 926 [2]
491 817 [0]
338 961 [10]
561 748 [0]
568 741 [0]
91 1219 [0]
629 681 [0]
149 1154 [7]
498 803 [9]
515 790 [5]
59 1252 [0]
87 1224 [0]
471 834 [8]
62 1245 [6]
537 767 [9]
254 1051 [9]
72 1236 [7]
503 808 [4]
148 1162 [6]
655 659 [2]
5 1312 [0]
58 1259 [0]
103 1215 [0]
551 763 [4]
511 807 [0]
577 739 [3]
467 854 [0]
346 975 [0]
627 694 [0]
428 894 [0]
632 691 [0]
295 1018 [10]
229 1095 [0]
544 780 [0]
86 1239 [0]
507 819 [0]
71 1254 [2]
400 922 [7]
186 1135 [8]
498 826 [6]
423 907 [0]
464 867 [0]
231 1094 [6]
431 889 [11]
461 870 [0]
287 1036 [8]
252 1080 [0]
73 1253 [6]
542 780 [10]
224 1102 [7]
542 791 [0]
337 995 [1]
482 851 [0]
401 932 [0]
479 844 [11]
104 1224 [6]
524 810 [0]
500 826 [8]
623 703 [9]
5 1322 [8]
526 809 [0]
471 854 [11]
228 1102 [6]
453 883 [0]
42 1291 [3]
632 703 [2]
462 875 [0]
369 964 [4]
132 1205 [1]
228 1104 [6]
496 837 [5]
409 920 [11]
629 704 [7]
60 1271 [9]
541 791 [9]
634 703 [4]
287 1049 [5]
573 769 [0]
453 884 [6]
60 1272 [11]
543 791 [10]
281 1055 [8]
33 1303 [8]
17 1327 [0]
213 1132 [0]
242 1103 [0]
535 810 [0]
488 852 [5]
500 843 [2]
1 1341 [3]
390 954 [1]
618 725 [2]
523 823 [0]
247 1092 [7]
106 1229 [11]
218 1121 [8]
86 1261 [0]
542 805 [0]
93 1252 [2]
649 699 [0]
34 1310 [4]
177 1167 [4]
671 674 [3]
403 937 [8]
503 847 [0]
175 1165 [10]
493 857 [0]
40 1299 [11]
188 1152 [10]
100 1250 [1]
343 1000 [8]
473 874 [6]
451 897 [5]
14 1336 [4]
182 1164 [9]
382 967 [6]
2 1344 [10]
250 1100 [8]
391 957 [10]
600 748 [10]
66 1282 [11]
6 1343 [10]
667 688 [5]
558 802 [0]
600 758 [2]
129 1221 [11]
458 903 [0]
334 1019 [9]
464 887 [11]
430 930 [2]
132 1229 [1]
375 986 [4]
666 699 [0]
137 1219 [10]
5 1354 [9]
420 948 [0]
410 948 [11]
619 750 [0]
335 1033 [2]
313 1052 [5]
556 815 [0]
469 891 [11]
230 1141 [0]
333 1034 [5]
596 776 [0]
484 889 [0]
296 1077 [0]
550 813 [11]
390 978 [7]
321 1050 [4]
418 950 [8]
581 796 [0]
439 938 [1]
327 1051 [0]
117 1259 [2]
480 900 [0]
152 1223 [6]
147 1225 [9]
467 907 [8]
476 901 [5]
604 771 [7]
187 1187 [8]
643 728 [11]
640 743 [0]
259 1124 [0]
608 768 [7]
643 736 [5]
391 993 [1]
619 765 [1]
39 1338 [8]
593 792 [0]
312 1074 [0]
671 705 [10]
467 919 [0]
273 1103 [10]
486 900 [0]
54 1332 [1]
527 860 [0]
140 1239 [8]
588 799 [0]
552 835 [0]
634 754 [0]
90 1292 [6]
376 1006 [6]
63 1323 [2]
125 1253 [10]
288 1101 [0]
117 1273 [0]
259 1132 [0]
383 1007 [1]
166 1220 [5]
536 853 [3]
34 1351 [7]
506 884 [2]
49 1336 [8]
215 1177 [1]
543 850 [0]
609 784 [1]
561 828 [5]
576 817 [1]
209 1185 [0]
561 834 [0]
470 926 [0]
9 1387 [0]
590 795 [11]
519 870 [8]
114 1277 [6]
648 739 [10]
1 1389 [8]
212 1175 [11]
130 1265 [4]
366 1025 [8]
392 1001 [6]
332 1065 [2]
465 929 [6]
599 801 [0]
534 863 [4]
682 719 [0]
378 1017 [6]
550 851 [0]
238 1162 [1]
162 1238 [4]
341 1063 [0]
195 1202 [8]
260 1146 [0]
418 980 [9]
214 1193 [0]
558 849 [0]
647 754 [7]
78 1330 [1]
387 1020 [2]
650 757 [3]
179 1230 [2]
143 1259 [9]
130 1275 [6]
233 1179 [0]
216 1197 [0]
489 923 [1]
595 818 [0]
34 1375 [4]
432 982 [0]
420 989 [5]
400 1008 [6]
469 936 [9]
193 1218 [4]
224 1189 [2]
284 1129 [3]
360 1049 [8]
192 1217 [9]
376 1040 [2]
671 743 [5]
166 1244 [9]
671 748 [0]
97 1317 [7]
626 790 [6]
518 901 [3]
497 925 [0]
516 907 [0]
275 1148 [0]
394 1031 [0]
35 1389 [1]
502 923 [0]
252 1174 [0]
159 1256 [11]
374 1043 [9]
663 764 [0]
205 1215 [8]
11 1413 [5]
31 1393 [5]
409 1020 [0]
698 727 [5]
172 1254 [5]
572 859 [0]
606 825 [1]
517 907 [8]
524 905 [4]
422 1011 [0]
345 1089 [1]
129 1295 [11]
591 844 [0]
618 809 [8]
191 1245 [0]
391 1044 [1]
648 789 [0]
292 1146 [0]
511 919 [8]
681 757 [0]
618 814 [6]
546 893 [0]
314 1116 [10]
360 1080 [0]
647 792 [2]
280 1157 [5]
199 1244 [0]
538 905 [1]
630 808 [7]
425 1018 [2]
575 859 [11]
594 852 [0]
226 1217 [3]
619 822 [6]
575 872 [0]
348 1100 [0]
127 1314 [7]
537 908 [3]
323 1119 [6]
225 1224 [0]
150 1291 [9]
547 901 [2]
93 1352 [5]
152 1289 [10]
323 1117 [11]
158 1293 [0]
0 1444 [8]
561 888 [4]
258 1195 [0]
461 991 [1]
208 1246 [0]
241 1204 [9]
42 1410 [3]
230 1221 [4]
293 1156 [6]
239 1215 [1]
153 1304 [0]
567 886 [5]
266 1192 [0]
220 1239 [1]
97 1357 [6]
115 1341 [5]
66 1387 [8]
408 1048 [5]
379 1077 [5]
467 988 [6]
464 998 [1]
559 904 [0]
699 761 [3]
360 1096 [7]
59 1394 [10]
165 1292 [6]
78 1379 [8]
478 980 [8]
160 1299 [7]
245 1211 [11]
33 1427 [7]
156 1312 [0]
28 1441 [0]
101 1368 [1]
608 855 [8]
195 1275 [1]
65 1395 [11]
337 1130 [5]
381 1087 [4]
122 1351 [0]
389 1083 [1]
214 1254 [5]
716 758 [0]
15 1455 [4]
113 1352 [9]
28 1442 [4]
653 813 [8]
476 993 [6]
101 1373 [1]
134 1340 [1]
530 934 [11]
104 1363 [8]
732 743 [0]
54 1411 [11]
20 1456 [0]
725 751 [0]
329 1147 [0]
484 992 [0]
538 928 [11]
385 1082 [11]
452 1021 [5]
307 1171 [0]
685 788 [6]
119 1356 [5]
12 1459 [9]
385 1087 [8]
475 1002 [4]
430 1045 [6]
274 1204 [5]
499 981 [3]
506 967 [11]
154 1331 [0]
462 1015 [8]
286 1192 [8]
238 1245 [3]
633 846 [7]
399 1084 [5]
710 779 [0]
72 1413 [5]
500 981 [9]
357 1132 [2]
413 1067 [11]
288 1198 [6]
392 1100 [0]
683 810 [0]
325 1162 [7]
523 964 [7]
447 1044 [3]
480 1014 [0]
452 1033 [10]
473 1016 [7]
7 1484 [5]
235 1262 [0]
74 1413 [11]
118 1380 [0]
387 1108 [3]
66 1425 [7]
616 878 [5]
239 1260 [0]
548 946 [5]
243 1247 [9]
185 1306 [9]
112 1388 [0]
602 890 [8]
42 1451 [8]
44 1446 [11]
478 1013 [10]
520 976 [5]
403 1095 [3]
327 1165 [10]
503 995 [4]
543 960 [0]
486 1015 [2]
70 1425 [8]
403 1091 [10]
568 926 [11]
346 1151 [8]
58 1438 [9]
157 1346 [2]
18 1486 [2]
129 1366 [11]
102 1397 [8]
259 1238 [10]
402 1097 [8]
642 866 [0]
739 769 [0]
424 1085 [0]
160 1346 [3]
428 1080 [2]
36 1463 [11]
541 962 [8]
695 816 [0]
379 1126 [6]
250 1262 [0]
676 836 [0]
567 938 [7]
141 1370 [1]
668 845 [0]
24 1482 [8]
127 1383 [4]
555 957 [3]
450 1065 [0]
123 1384 [9]
217 1290 [10]
497 1016 [5]
685 833 [0]
197 1317 [4]
606 913 [0]
128 1390 [1]
274 1244 [2]
715 801 [4]
57 1453 [11]
649 867 [5]
503 1015 [3]
702 820 [0]
59 1462 [1]
20 1500 [3]
267 1253 [3]
578 941 [4]
512 1004 [8]
672 852 [0]
173 1346 [5]
37 1487 [1]
92 1425 [8]
426 1092 [7]
3 1522 [0]
327 1199 [0]
357 1160 [9]
111 1405 [11]
74 1452 [1]
673 849 [5]
589 938 [0]
340 1177 [11]
651 878 [0]
673 856 [0]
667 857 [5]
216 1314 [0]
421 1110 [0]
623 908 [0]
433 1092 [7]
628 899 [5]
686 846 [0]
290 1242 [0]
410 1116 [6]
356 1168 [8]
84 1447 [2]
481 1052 [0]
444 1086 [3]
50 1476 [8]
688 846 [0]
344 1186 [4]
485 1049 [0]
274 1249 [11]
614 920 [0]
281 1253 [1]
687 851 [0]
48 1479 [11]
412 1118 [9]
220 1315 [4]
502 1037 [0]
726 810 [4]
572 968 [0]
591 947 [2]
50 1482 [8]
721 820 [0]
665 876 [0]
10 1523 [8]
744 792 [5]
367 1168 [6]
429 1109 [5]
206 1337 [0]
241 1297 [8]
725 821 [0]
324 1223 [0]
463 1080 [4]
760 785 [2]
323 1223 [1]
524 1017 [6]
370 1170 [7]
57 1479 [11]
649 899 [1]
19 1522 [8]
46 1501 [2]
576 966 [7]
689 861 [0]
759 784 [8]
693 859 [0]
567 979 [6]
203 1338 [11]
297 1257 [0]
95 1454 [5]
67 1478 [9]
37 1514 [4]
143 1413 [0]
461 1090 [5]
233 1316 [7]
754 802 [0]
273 1276 [9]
133 1414 [11]
49 1498 [11]
659 900 [0]
305 1253 [1]
244 1314 [1]
343 1208 [9]
550 1003 [7]
582 979 [0]
318 1235 [8]
215 1341 [5]
598 960 [4]
118 1433 [11]
205 1350 [7]
29 1529 [6]
534 1025 [6]
694 871 [0]
55 1500 [11]
744 819 [3]
205 1351 [11]
113 1446 [8]
718 843 [6]
304 1257 [7]
683 886 [0]
752 817 [0]
603 966 [0]
647 919 [3]
179 1390 [0]
178 1387 [5]
266 1297 [7]
208 1362 [0]
290 1280 [0]
371 1197 [3]
370 1200 [1]
692 879 [0]
167 1393 [11]
4 1563 [4]
52 1517 [2]
231 1331 [9]
599 971 [1]
457 1115 [0]
535 1034 [3]
677 896 [0]
575 989 [9]
264 1308 [1]
93 1479 [1]
541 1024 [9]
155 1411 [8]
439 1130 [6]
475 1100 [0]
176 1389 [10]
347 1229 [0]
717 856 [3]
134 1436 [6]
53 1524 [0]
700 878 [0]
766 812 [0]
392 1178 [8]
600 978 [1]
11 1567 [1]
596 973 [10]
65 1506 [9]
474 1099 [8]
752 830 [0]
80 1491 [11]
66 1506 [11]
785 789 [10]
631 953 [0]
758 815 [11]
253 1332 [0]
645 940 [0]
698 878 [9]
569 1016 [0]
729 857 [0]
548 1027 [11]
356 1219 [11]
307 1268 [11]
89 1488 [11]
344 1237 [7]
145 1443 [1]
551 1027 [11]
91 1491 [7]
165 1417 [7]
547 1039 [4]
34 1550 [6]
698 882 [10]
190 1393 [7]
20 1571 [0]
518 1066 [7]
247 1342 [4]
95 1492 [7]
291 1299 [5]
521 1072 [4]
113 1476 [8]
178 1416 [4]
653 943 [2]
484 1110 [4]
721 878 [0]
250 1341 [8]
477 1122 [0]
720 881 [0]
537 1065 [0]
714 888 [0]
120 1481 [1]
227 1368 [7]
480 1123 [0]
411 1191 [1]
731 872 [0]
359 1239 [6]
331 1267 [6]
348 1250 [6]
446 1153 [5]
257 1342 [6]
417 1188 [0]
168 1438 [0]
519 1088 [0]
679 926 [3]
719 889 [0]
751 848 [9]
225 1381 [3]
274 1327 [8]
608 1001 [0]
348 1261 [1]
524 1079 [7]
727 883 [0]
223 1385 [4]
254 1358 [1]
520 1093 [0]
554 1059 [0]
257 1347 [9]
770 833 [11]
407 1207 [0]
472 1139 [4]
166 1444 [5]
637 970 [8]
346 1264 [6]
798 819 [0]
545 1072 [0]
154 1464 [0]
710 908 [0]
360 1247 [11]
640 967 [11]
263 1349 [7]
113 1497 [11]
488 1133 [0]
642 980 [0]
695 923 [4]
562 1049 [11]
591 1028 [3]
72 1541 [9]
611 1011 [0]
562 1058 [3]
228 1389 [7]
216 1408 [0]
575 1048 [1]
202 1412 [10]
258 1358 [10]
559 1067 [0]
568 1054 [4]
780 835 [11]
403 1224 [0]
809 812 [6]
297 1325 [6]
562 1060 [6]
145 1483 [1]
550 1079 [1]
222 1397 [11]
610 1021 [0]
80 1540 [11]
125 1497 [10]
264 1368 [0]
572 1052 [8]
415 1217 [0]
152 1480 [1]
68 1558 [7]
167 1462 [5]
645 985 [4]
120 1506 [8]
563 1068 [3]
158 1465 [11]
216 1417 [2]
472 1153 [10]
543 1089 [3]
460 1176 [0]
264 1362 [10]
223 1410 [3]
241 1385 [11]
600 1026 [11]
301 1336 [0]
698 931 [9]
61 1568 [9]
259 1379 [1]
220 1415 [4]
424 1216 [0]
548 1084 [8]
173 1460 [7]
55 1576 [9]
239 1392 [10]
54 1576 [11]
282 1358 [1]
512 1122 [8]
267 1373 [2]
459 1174 [10]
571 1073 [0]
280 1356 [8]
121 1513 [11]
749 896 [0]
602 1036 [8]
392 1243 [11]
661 984 [1]
182 1456 [8]
161 1485 [0]
565 1082 [0]
665 978 [4]
365 1277 [6]
230 1414 [4]
290 1358 [0]
500 1146 [4]
496 1155 [0]
500 1141 [10]
622 1018 [11]
499 1147 [5]
766 883 [2]
692 948 [11]
349 1303 [0]
592 1056 [4]
164 1484 [5]
173 1479 [1]
576 1076 [1]
223 1424 [7]
410 1237 [7]
551 1092 [11]
239 1416 [0]
591 1064 [0]
446 1205 [5]
186 1461 [10]
746 907 [4]
496 1161 [0]
304 1343 [10]
479 1179 [0]
117 1541 [0]
687 963 [8]
763 891 [5]
192 1461 [7]
785 873 [2]
540 1119 [2]
146 1506 [9]
669 988 [4]
699 956 [7]
402 1253 [8]
232 1424 [7]
677 985 [1]
366 1288 [9]
339 1325 [0]
153 1512 [0]
413 1248 [4]
455 1202 [8]
496 1170 [0]
94 1562 [10]
171 1487 [8]
719 947 [0]
104 1552 [11]
118 1540 [9]
199 1469 [0]
589 1079 [0]
189 1470 [10]
386 1272 [11]
183 1477 [10]
507 1163 [1]
86 1585 [0]
631 1029 [11]
684 982 [5]
370 1291 [11]
253 1415 [5]
450 1213 [10]
287 1378 [9]
806 868 [0]
132 1542 [1]
260 1410 [5]
189 1482 [4]
531 1145 [0]
549 1127 [0]
496 1178 [3]
640 1026 [11]
826 845 [6]
773 904 [0]
821 848 [9]
771 904 [3]
708 970 [0]
541 1135 [2]
305 1369 [5]
505 1166 [8]
438 1241 [1]
149 1523 [8]
331 1338 [11]
460 1217 [3]
653 1017 [11]
517 1164 [0]
312 1369 [0]
91 1584 [7]
817 859 [6]
291 1385 [6]
579 1095 [8]
223 1453 [6]
613 1070 [0]
349 1334 [0]
786 893 [4]
142 1535 [6]
467 1213 [3]
415 1268 [0]
215 1464 [5]
204 1474 [8]
655 1031 [0]
416 1262 [8]
444 1233 [9]
192 1485 [9]
480 1200 [6]
468 1209 [10]
525 1155 [8]
209 1479 [0]
466 1222 [0]
222 1459 [8]
515 1169 [5]
418 1266 [5]
674 1016 [0]
463 1226 [1]
534 1155 [1]
402 1286 [2]
552 1140 [0]
561 1128 [4]
583 1100 [10]
401 1293 [0]
493 1197 [4]
478 1215 [1]
228 1460 [6]
450 1239 [6]
197 1498 [0]
385 1301 [9]
409 1286 [0]
537 1154 [5]
232 1460 [4]
728 969 [0]
157 1532 [8]
842 852 [4]
494 1204 [0]
729 961 [8]
203 1486 [9]
478 1220 [1]
564 1135 [0]
673 1018 [9]
101 1588 [11]
529 1171 [0]
695 1002 [4]
503 1196 [3]
510 1191 [1]
436 1266 [0]
494 1206 [3]
477 1220 [6]
738 965 [0]
321 1384 [0]
362 1336 [7]
413 1281 [11]
709 997 [0]
153 1551 [2]
776 929 [1]
710 993 [4]
198 1506 [4]
403 1295 [10]
125 1577 [6]
210 1488 [10]
136 1568 [5]
848 861 [0]
780 919 [10]
823 887 [0]
817 889 [4]
458 1252 [0]
793 919 [0]
371 1335 [6]
343 1367 [3]
523 1185 [6]
483 1231 [0]
515 1199 [0]
650 1063 [2]
343 1363 [9]
561 1143 [11]
379 1329 [7]
462 1254 [0]
290 1422 [4]
367 1349 [0]
605 1112 [0]
336 1381 [0]
287 1430 [1]
591 1127 [0]
846 872 [1]
454 1260 [6]
613 1104 [4]
548 1167 [6]
203 1511 [7]
401 1313 [8]
403 1315 [4]
800 919 [3]
174 1543 [6]
528 1192 [3]
415 1302 [6]
299 1420 [5]
422 1302 [0]
337 1376 [11]
365 1349 [10]
175 1548 [1]
766 953 [6]
768 953 [4]
191 1528 [7]
851 864 [11]
230 1492 [4]
627 1097 [2]
279 1447 [0]
406 1317 [4]
184 1534 [10]
359 1363 [6]
762 966 [0]
437 1292 [0]
264 1456 [10]
480 1246 [4]
128 1595 [8]
291 1433 [7]
336 1393 [2]
448 1283 [1]
723 1009 [0]
258 1472 [2]
503 1222 [8]
757 976 [0]
831 893 [9]
544 1179 [11]
734 1001 [0]
132 1592 [11]
645 1090 [0]
672 1054 [10]
358 1378 [0]
717 1019 [0]
801 929 [6]
493 1241 [2]
399 1329 [8]
177 1558 [3]
820 916 [2]
384 1349 [6]
684 1050 [6]
276 1456 [8]
758 982 [0]
618 1121 [1]
659 1076 [6]
668 1069 [4]
411 1329 [1]
734 1008 [1]
647 1096 [0]
629 1109 [6]
220 1520 [4]
236 1508 [0]
514 1224 [6]
281 1455 [8]
605 1140 [0]
818 927 [0]
309 1437 [0]
643 1103 [0]
207 1529 [10]
571 1169 [7]
407 1339 [1]
431 1313 [4]
428 1316 [4]
578 1170 [1]
287 1461 [1]
525 1218 [6]
395 1346 [8]
274 1471 [5]
600 1150 [1]
779 972 [0]
175 1575 [2]
195 1549 [8]
361 1391 [0]
862 884 [6]
396 1351 [7]
615 1139 [0]
628 1126 [0]
347 1397 [10]
372 1382 [0]
739 1016 [0]
285 1470 [1]
377 1379 [0]
293 1457 [7]
505 1251 [1]
584 1174 [0]
170 1578 [11]
594 1162 [4]
826 934 [0]
772 986 [2]
181 1576 [3]
579 1182 [0]
368 1392 [1]
405 1347 [9]
219 1542 [1]
407 1353 [2]
578 1184 [0]
402 1356 [5]
828 936 [0]
444 1320 [0]
322 1440 [2]
476 1288 [0]
593 1172 [0]
463 1295 [7]
753 1009 [4]
232 1523 [11]
445 1321 [0]
384 1380 [2]
564 1201 [2]
193 1572 [3]
868 900 [1]
423 1336 [10]
405 1356 [8]
312 1456 [2]
555 1215 [0]
338 1428 [4]
593 1177 [0]
872 891 [7]
606 1157 [7]
240 1530 [0]
667 1095 [9]
617 1155 [0]
201 1571 [1]
689 1077 [7]
797 977 [0]
340 1428 [7]
489 1280 [6]
761 1015 [0]
879 891 [7]
839 938 [0]
883 887 [7]
199 1572 [7]
288 1490 [1]
173 1599 [7]
673 1104 [2]
751 1022 [7]
535 1242 [3]
649 1131 [1]
834 943 [5]
677 1106 [0]
574 1202 [7]
453 1331 [0]
197 1584 [4]
410 1372 [4]
523 1260 [4]
593 1194 [0]
767 1021 [0]
794 995 [0]
285 1498 [7]
336 1454 [0]
471 1318 [1]
808 979 [5]
855 937 [0]
874 913 [5]
391 1401 [0]
440 1353 [0]
637 1157 [0]
363 1432 [0]
233 1554 [8]
564 1230 [2]
703 1082 [11]
885 912 [0]
200 1597 [0]
391 1403 [4]
234 1564 [1]
474 1317 [8]
683 1114 [3]
777 1020 [3]
750 1049 [1]
192 1597 [11]
377 1424 [0]
577 1220 [7]
711 1093 [0]
605 1194 [7]
409 1396 [1]
772 1034 [0]
556 1240 [11]
673 1135 [0]
389 1414 [5]
379 1423 [6]
527 1280 [1]
512 1290 [6]
797 1011 [2]
283 1527 [0]
558 1248 [6]
473 1333 [6]
744 1062 [6]
803 1010 [0]
847 960 [7]
398 1414 [2]
282 1528 [4]
791 1018 [5]
429 1377 [8]
769 1046 [0]
510 1298 [7]
343 1464 [9]
589 1227 [0]
403 1407 [6]
621 1196 [0]
536 1281 [0]
636 1177 [4]
642 1175 [1]
868 950 [0]
236 1576 [7]
433 1383 [4]
676 1141 [3]
649 1169 [4]
708 1114 [0]
456 1365 [1]
407 1415 [0]
473 1344 [6]
558 1258 [7]
689 1132 [3]
671 1152 [1]
264 1558 [2]
418 1400 [7]
413 1412 [0]
531 1288 [7]
569 1257 [0]
476 1350 [0]
709 1114 [3]
523 1293 [10]
703 1115 [9]
833 989 [5]
720 1108 [0]
534 1294 [0]
233 1590 [5]
687 1131 [11]
298 1531 [0]
474 1350 [5]
532 1297 [0]
224 1597 [8]
229 1594 [6]
273 1556 [1]
692 1128 [10]
714 1114 [2]
319 1501 [11]
586 1245 [0]
233 1598 [1]
400 1428 [4]
869 963 [0]
848 976 [9]
493 1338 [2]
460 1367 [7]
719 1115 [0]
516 1309 [10]
662 1173 [0]
417 1418 [0]
632 1200 [4]
604 1233 [0]
545 1291 [1]
610 1224 [3]
324 1513 [0]
426 1405 [7]
869 969 [0]
536 1293 [9]
400 1432 [7]
300 1536 [3]
905 935 [0]
885 955 [0]
488 1351 [1]
564 1276 [0]
505 1327 [8]
507 1326 [8]
698 1140 [3]
477 1366 [0]
253 1588 [3]
733 1107 [4]
629 1209 [6]
455 1387 [2]
846 999 [0]
868 974 [3]
268 1570 [7]
453 1389 [3]
464 1372 [10]
890 956 [0]
903 943 [0]
308 1538 [1]
677 1166 [4]
821 1025 [1]
470 1378 [0]
269 1574 [5]
333 1510 [6]
285 1553 [11]
729 1120 [0]
821 1018 [10]
568 1271 [11]
632 1218 [0]
813 1037 [0]
461 1383 [6]
431 1419 [0]
763 1084 [5]
420 1431 [1]
379 1469 [5]
861 985 [8]
535 1313 [7]
867 987 [1]
927 929 [0]
732 1124 [0]
742 1116 [0]
688 1170 [0]
540 1316 [2]
612 1247 [0]
303 1554 [2]
672 1184 [3]
585 1274 [0]
625 1234 [0]
308 1544 [8]
462 1387 [11]
708 1145 [7]
366 1490 [5]
524 1337 [0]
558 1300 [4]
541 1313 [9]
634 1219 [11]
924 940 [2]
602 1264 [0]
506 1352 [9]
824 1043 [0]
383 1482 [4]
822 1048 [0]
543 1327 [0]
882 983 [6]
872 995 [4]
486 1377 [8]
748 1117 [7]
539 1329 [4]
550 1316 [7]
670 1192 [11]
741 1133 [0]
743 1130 [1]
692 1178 [4]
474 1389 [11]
731 1137 [7]
852 1022 [1]
583 1292 [0]
351 1526 [0]
576 1297 [4]
675 1197 [6]
490 1378 [10]
815 1060 [4]
667 1208 [5]
491 1384 [6]
673 1203 [6]
420 1458 [4]
613 1265 [4]
525 1350 [7]
514 1358 [11]
624 1250 [10]
659 1225 [0]
818 1065 [1]
839 1046 [0]
843 1042 [0]
892 993 [0]
864 1022 [0]
703 1182 [1]
626 1250 [11]
705 1180 [2]
501 1379 [8]
448 1434 [6]
294 1588 [6]
788 1090 [10]
428 1457 [4]
332 1546 [11]
581 1308 [0]
880 1009 [0]
776 1104 [10]
345 1546 [0]
396 1489 [6]
913 971 [9]
754 1135 [5]
943 950 [1]
774 1114 [6]
841 1042 [11]
398 1487 [10]
876 1019 [0]
365 1525 [6]
425 1467 [4]
442 1454 [0]
857 1031 [8]
382 1510 [4]
835 1055 [7]
420 1473 [4]
299 1598 [1]
346 1542 [11]
586 1308 [5]
732 1163 [4]
783 1110 [7]
922 979 [0]
421 1480 [0]
394 1507 [1]
428 1470 [4]
603 1297 [2]
828 1067 [8]
717 1187 [1]
449 1456 [1]
510 1390 [6]
725 1179 [2]
412 1494 [1]
430 1467 [10]
497 1399 [11]
435 1472 [1]
607 1302 [1]
754 1150 [6]
415 1496 [0]
369 1542 [2]
586 1319 [9]
409 1505 [0]
696 1207 [11]
912 1002 [0]
333 1574 [8]
543 1370 [2]
708 1203 [4]
805 1110 [0]
670 1247 [0]
556 1355 [7]
630 1285 [4]
606 1313 [1]
860 1054 [6]
325 1593 [3]
738 1183 [0]
830 1092 [0]
733 1189 [0]
470 1443 [10]
831 1092 [0]
351 1573 [0]
698 1222 [4]
598 1323 [3]
522 1392 [10]
719 1199 [7]
657 1268 [0]
530 1387 [9]
689 1231 [6]
906 1020 [0]
730 1196 [0]
715 1212 [0]
581 1338 [10]
368 1555 [7]
922 1003 [5]
692 1232 [6]
943 984 [4]
431 1491 [10]
679 1245 [9]
553 1380 [0]
503 1429 [1]
960 969 [4]
721 1213 [0]
477 1448 [10]
939 996 [0]
408 1524 [4]
574 1355 [7]
842 1092 [3]
388 1546 [4]
479 1458 [1]
660 1271 [8]
527 1405 [7]
507 1424 [8]
606 1324 [10]
848 1092 [1]
478 1462 [1]
399 1531 [11]
805 1136 [0]
607 1333 [1]
674 1262 [5]
472 1469 [1]
352 1590 [0]
653 1282 [8]
803 1139 [1]
707 1237 [0]
596 1341 [7]
966 976 [3]
496 1446 [3]
382 1557 [6]
490 1456 [0]
955 982 [10]
822 1127 [0]
686 1259 [5]
487 1463 [0]
580 1362 [8]
672 1276 [3]
734 1216 [1]
684 1263 [5]
526 1426 [0]
466 1479 [7]
828 1118 [7]
453 1497 [3]
870 1082 [1]
417 1536 [1]
862 1089 [3]
610 1340 [4]
869 1078 [7]
372 1578 [4]
754 1195 [5]
763 1181 [11]
492 1457 [6]
466 1484 [5]
915 1041 [0]
605 1345 [7]
709 1247 [1]
380 1567 [11]
911 1044 [3]
922 1036 [0]
707 1250 [2]
976 981 [3]
866 1095 [0]
971 988 [6]
606 1352 [7]
817 1148 [0]
383 1573 [10]
648 1318 [0]
813 1149 [5]
882 1075 [11]
741 1220 [7]
971 998 [0]
416 1554 [0]
865 1099 [6]
569 1400 [2]
801 1168 [4]
469 1499 [5]
902 1071 [0]
464 1510 [0]
700 1268 [7]
745 1230 [0]
457 1509 [10]
621 1345 [10]
746 1227 [4]
754 1215 [8]
765 1212 [0]
786 1192 [0]
551 1426 [2]
685 1293 [2]
988 992 [0]
785 1195 [0]
978 1003 [0]
721 1250 [10]
549 1432 [0]
779 1201 [2]
869 1113 [0]
506 1466 [11]
900 1075 [8]
698 1276 [9]
659 1318 [6]
832 1141 [11]
796 1188 [0]
650 1325 [9]
672 1312 [0]
690 1295 [0]
752 1234 [0]
937 1049 [0]
626 1353 [7]
944 1032 [11]
669 1308 [10]
606 1382 [0]
561 1421 [6]
738 1250 [0]
621 1367 [1]
624 1355 [10]
601 1378 [11]
582 1406 [3]
560 1431 [0]
620 1371 [0]
913 1071 [8]
994 998 [0]
531 1461 [0]
469 1524 [0]
953 1029 [11]
455 1538 [1]
953 1036 [7]
732 1258 [6]
613 1378 [5]
732 1257 [8]
898 1099 [0]
413 1578 [6]
393 1599 [7]
519 1480 [0]
441 1559 [0]
423 1571 [6]
850 1140 [11]
992 1006 [4]
716 1286 [0]
649 1350 [4]
846 1146 [11]
460 1536 [7]
480 1514 [10]
609 1384 [11]
676 1318 [10]
522 1473 [10]
823 1175 [7]
608 1386 [11]
485 1523 [0]
945 1059 [5]
733 1270 [6]
740 1271 [0]
791 1220 [0]
717 1293 [2]
633 1380 [0]
946 1067 [0]
613 1391 [9]
795 1220 [0]
717 1291 [7]
451 1565 [0]
977 1036 [3]
526 1485 [5]
975 1042 [0]
959 1058 [0]
451 1566 [0]
574 1438 [6]
961 1049 [8]
605 1406 [7]
907 1103 [9]
579 1430 [10]
470 1550 [0]
569 1442 [10]
545 1475 [2]
477 1545 [2]
881 1143 [0]
625 1399 [0]
724 1290 [10]
825 1196 [4]
458 1567 [0]
746 1279 [0]
663 1363 [0]
497 1529 [1]
916 1108 [3]
601 1426 [0]
700 1318 [10]
681 1343 [4]
448 1581 [0]
573 1454 [2]
957 1072 [0]
550 1471 [8]
679 1344 [6]
497 1527 [7]
987 1044 [0]
671 1357 [4]
706 1326 [0]
793 1240 [0]
713 1320 [0]
1003 1020 [10]
616 1407 [11]
648 1386 [0]
489 1542 [4]
822 1211 [3]
879 1153 [4]
653 1372 [11]
650 1384 [2]
532 1504 [0]
654 1378 [5]
728 1306 [4]
526 1502 [10]
694 1344 [1]
1005 1035 [0]
861 1177 [4]
704 1338 [0]
998 1045 [0]
840 1203 [0]
928 1110 [5]
582 1459 [2]
879 1165 [0]
936 1103 [5]
801 1239 [4]
927 1114 [4]
627 1409 [10]
738 1308 [0]
786 1250 [11]
552 1489 [6]
487 1560 [0]
641 1406 [0]
632 1406 [10]
929 1116 [3]
991 1059 [0]
551 1493 [7]
566 1486 [0]
757 1292 [4]
939 1114 [0]
638 1410 [5]
624 1418 [11]
618 1430 [6]
780 1274 [0]
758 1296 [0]
893 1152 [9]
950 1105 [0]
747 1308 [0]
921 1134 [0]
545 1511 [0]
841 1211 [4]
772 1273 [11]
775 1281 [0]
913 1135 [9]
454 1596 [7]
463 1589 [6]
680 1370 [8]
875 1184 [0]
704 1355 [0]
857 1204 [0]
696 1358 [8]
729 1333 [0]
851 1200 [11]
542 1519 [2]
489 1570 [4]
973 1091 [0]
977 1082 [5]
861 1195 [8]
862 1203 [0]
858 1208 [0]
786 1270 [11]
669 1399 [0]
987 1079 [2]
569 1497 [2]
961 1102 [6]
502 1565 [2]
594 1474 [1]
658 1412 [0]
894 1176 [0]
496 1574 [0]
798 1272 [1]
622 1449 [0]
878 1183 [10]
599 1472 [0]
808 1254 [10]
840 1233 [0]
718 1356 [0]
997 1078 [0]
882 1193 [0]
705 1367 [3]
763 1308 [5]
848 1228 [0]
832 1244 [0]
485 1591 [0]
957 1119 [0]
523 1547 [7]
885 1189 [4]
972 1103 [3]
949 1124 [6]
951 1119 [10]
822 1256 [2]
634 1441 [5]
622 1458 [0]
592 1487 [1]
498 1573 [10]
510 1560 [11]
964 1117 [0]
892 1179 [11]
882 1194 [6]
986 1096 [0]
704 1379 [0]
679 1396 [8]
579 1500 [4]
886 1195 [3]
547 1531 [6]
710 1373 [2]
919 1166 [0]
528 1551 [8]
898 1184 [6]
523 1562 [4]
978 1114 [0]
529 1557 [6]
509 1584 [0]
675 1418 [0]
757 1330 [6]
963 1120 [10]
749 1338 [6]
795 1299 [0]
907 1179 [9]
642 1451 [2]
990 1094 [11]
517 1580 [0]
754 1332 [11]
699 1392 [6]
569 1529 [0]
993 1105 [0]
803 1291 [5]
516 1576 [7]
660 1433 [6]
611 1490 [0]
884 1217 [0]
798 1294 [9]
522 1570 [10]
908 1188 [6]
781 1321 [0]
524 1576 [3]
893 1210 [0]
566 1530 [7]
941 1163 [0]
664 1432 [8]
864 1241 [0]
722 1384 [0]
697 1409 [0]
841 1257 [8]
991 1116 [0]
560 1547 [0]
914 1184 [10]
678 1429 [1]
624 1484 [0]
572 1526 [10]
767 1341 [0]
998 1111 [0]
637 1473 [0]
671 1434 [6]
836 1268 [7]
569 1542 [2]
700 1409 [4]
878 1228 [8]
744 1364 [6]
1043 1065 [7]
615 1500 [0]
1012 1101 [4]
960 1146 [11]
899 1214 [5]
1007 1111 [0]
867 1247 [4]
645 1463 [10]
978 1136 [5]
906 1213 [0]
618 1494 [7]
986 1135 [0]
804 1317 [0]
970 1142 [10]
952 1164 [7]
778 1345 [0]
903 1217 [3]
987 1137 [0]
608 1510 [7]
805 1315 [5]
607 1512 [6]
656 1471 [0]
882 1242 [3]
625 1500 [3]
1044 1082 [2]
551 1572 [5]
835 1291 [3]
1031 1097 [1]
1020 1111 [1]
544 1581 [7]
795 1335 [3]
1052 1078 [3]
554 1579 [0]
876 1255 [4]
624 1510 [3]
990 1141 [6]
898 1237 [2]
747 1390 [2]
806 1330 [3]
951 1187 [1]
988 1150 [2]
1032 1108 [1]
561 1581 [0]
755 1387 [0]
731 1406 [6]
856 1288 [0]
924 1221 [0]
1024 1121 [0]
829 1318 [0]
925 1222 [0]
811 1336 [0]
574 1572 [3]
906 1243 [0]
969 1181 [0]
567 1575 [8]
609 1537 [4]
890 1261 [0]
670 1482 [0]
854 1299 [0]
614 1535 [4]
557 1597 [0]
561 1588 [6]
1024 1131 [0]
1036 1112 [7]
785 1360 [10]
654 1490 [11]
951 1197 [7]
949 1208 [0]
691 1469 [0]
940 1215 [6]
1012 1149 [0]
568 1590 [3]
799 1362 [0]
975 1183 [4]
710 1442 [10]
759 1392 [11]
887 1269 [7]
723 1441 [0]
842 1322 [0]
722 1441 [2]
684 1471 [11]
692 1470 [4]
619 1547 [1]
1033 1134 [0]
707 1459 [2]
640 1528 [1]
1063 1106 [0]
751 1414 [4]
933 1233 [3]
699 1465 [6]
712 1459 [0]
956 1215 [0]
719 1450 [2]
762 1410 [0]
642 1528 [2]
840 1333 [0]
819 1344 [11]
1019 1149 [6]
716 1455 [4]
668 1507 [0]
996 1180 [0]
1064 1106 [6]
700 1477 [0]
592 1584 [1]
719 1448 [10]
759 1413 [5]
981 1197 [0]
598 1580 [0]
643 1529 [6]
607 1562 [10]
603 1576 [0]
710 1459 [10]
704 1469 [6]
1009 1166 [4]
833 1347 [0]
1064 1117 [0]
811 1371 [0]
713 1468 [1]
697 1483 [3]
644 1529 [10]
673 1511 [0]
874 1313 [0]
786 1394 [7]
909 1279 [0]
802 1383 [4]
723 1456 [10]
610 1578 [2]
886 1300 [4]
835 1350 [6]
1041 1152 [1]
761 1429 [4]
635 1559 [0]
1034 1160 [0]
984 1208 [2]
684 1504 [6]
753 1442 [0]
1055 1142 [0]
751 1441 [5]
765 1430 [2]
1025 1173 [0]
810 1384 [5]
942 1258 [0]
713 1477 [11]
614 1586 [1]
831 1366 [5]
797 1405 [0]
917 1286 [0]
695 1508 [0]
1086 1118 [0]
1067 1138 [0]
739 1462 [4]
809 1391 [5]
658 1536 [11]
727 1478 [0]
970 1233 [4]
827 1381 [0]
863 1345 [0]
870 1327 [11]
688 1518 [3]
804 1406 [0]
998 1210 [3]
1057 1154 [0]
709 1499 [3]
839 1372 [0]
1030 1181 [1]
1075 1137 [0]
749 1453 [10]
1007 1208 [0]
983 1227 [5]
1049 1166 [0]
795 1419 [2]
1020 1186 [10]
760 1457 [0]
693 1523 [1]
709 1498 [10]
1095 1122 [1]
949 1270 [0]
772 1444 [4]
1107 1113 [0]
782 1438 [0]
1054 1165 [4]
638 1584 [1]
981 1242 [0]
740 1484 [0]
861 1358 [6]
853 1373 [0]
1034 1183 [10]
947 1280 [0]
699 1521 [7]
907 1317 [4]
831 1399 [0]
877 1353 [0]
939 1282 [10]
891 1341 [0]
950 1276 [6]
1090 1143 [0]
1020 1213 [0]
692 1540 [1]
876 1356 [1]
781 1451 [2]
1012 1223 [0]
725 1504 [6]
805 1425 [5]
725 1507 [4]
984 1247 [5]
970 1256 [10]
699 1531 [6]
977 1255 [5]
1082 1145 [10]
827 1411 [0]
878 1356 [4]
740 1495 [3]
1071 1162 [5]
988 1244 [7]
980 1249 [10]
1024 1215 [0]
717 1514 [10]
1035 1204 [2]
643 1598 [1]
880 1356 [6]
938 1299 [6]
1076 1168 [0]
927 1308 [10]
784 1462 [0]
839 1404 [3]
788 1459 [0]
1038 1210 [0]
795 1452 [2]
818 1432 [0]
959 1289 [2]
689 1559 [3]
993 1257 [4]
936 1319 [0]
1069 1187 [0]
1111 1136 [10]
883 1371 [3]
1042 1215 [1]
1123 1132 [3]
683 1565 [11]
894 1359 [6]
832 1419 [10]
707 1550 [5]
927 1326 [9]
710 1547 [6]
788 1470 [5]
1042 1220 [1]
728 1536 [0]
1057 1204 [3]
1108 1157 [0]
1032 1235 [0]
880 1388 [0]
765 1501 [2]
676 1593 [0]
772 1496 [2]
975 1293 [2]
1030 1233 [7]
747 1520 [3]
1120 1145 [6]
843 1420 [8]
719 1553 [0]
919 1350 [3]
1050 1222 [1]
673 1594 [6]
702 1572 [0]
1075 1200 [0]
729 1536 [10]
755 1521 [1]
931 1346 [0]
829 1448 [0]
1103 1164 [11]
734 1537 [7]
1051 1228 [0]
846 1424 [9]
1114 1161 [4]
938 1332 [10]
1108 1170 [4]
744 1531 [7]
759 1513 [11]
944 1339 [0]
1040 1244 [0]
1107 1173 [5]
983 1302 [2]
1093 1195 [0]
1051 1230 [10]
763 1523 [5]
802 1480 [11]
972 1321 [1]
834 1455 [6]
1081 1214 [0]
837 1450 [8]
806 1490 [0]
796 1500 [0]
1025 1270 [1]
897 1392 [8]
730 1568 [0]
933 1365 [0]
707 1588 [3]
902 1397 [0]
710 1587 [2]
791 1508 [1]
782 1518 [0]
1137 1162 [2]
1048 1252 [1]
823 1473 [6]
1117 1184 [1]
1007 1294 [1]
891 1411 [0]
995 1307 [0]
990 1314 [0]
707 1595 [2]
1136 1166 [2]
724 1571 [10]
876 1422 [7]
770 1532 [4]
937 1369 [0]
990 1317 [0]
737 1571 [0]
929 1379 [0]
1110 1195 [4]
985 1325 [0]
841 1460 [10]
910 1402 [0]
1131 1181 [0]
834 1471 [7]
953 1358 [1]
764 1549 [0]
717 1592 [6]
781 1525 [10]
713 1595 [9]
1048 1269 [0]
936 1377 [4]
1107 1211 [1]
959 1362 [0]
857 1454 [10]
737 1584 [0]
870 1444 [8]
1008 1316 [0]
1032 1291 [1]
950 1372 [3]
1052 1273 [0]
985 1340 [0]
959 1367 [0]
1136 1186 [5]
1000 1328 [0]
821 1501 [6]
1058 1271 [0]
991 1337 [1]
819 1500 [11]
878 1453 [0]
851 1475 [6]
966 1364 [2]
948 1384 [0]
944 1378 [11]
845 1489 [0]
1051 1279 [4]
860 1473 [1]
937 1394 [3]
1029 1306 [0]
901 1428 [6]
845 1484 [7]
858 1478 [0]
1073 1264 [0]
887 1444 [7]
1055 1283 [0]
807 1527 [7]
951 1391 [0]
1035 1308 [0]
1157 1186 [2]
780 1566 [0]
1106 1240 [1]
1070 1272 [6]
989 1358 [1]
1084 1266 [0]
786 1563 [1]
861 1488 [4]
1115 1233 [6]
780 1574 [0]
999 1356 [0]
1099 1256 [0]
1049 1306 [0]
1173 1177 [5]
1151 1205 [0]
915 1440 [5]
1006 1356 [0]
1135 1219 [10]
1002 1362 [0]
787 1566 [11]
844 1521 [0]
1047 1319 [0]
1042 1324 [0]
908 1458 [0]
946 1410 [11]
1117 1241 [9]
774 1594 [0]
1042 1321 [7]
867 1494 [10]
1159 1213 [0]
1021 1352 [0]
940 1424 [10]
1168 1197 [10]
986 1390 [0]
1075 1301 [0]
871 1506 [0]
1123 1254 [0]
828 1541 [8]
924 1453 [0]
1155 1217 [6]
1058 1320 [3]
1035 1348 [0]
942 1442 [0]
1010 1363 [11]
1062 1323 [0]
969 1415 [2]
1025 1358 [3]
1019 1362 [6]
807 1575 [5]
872 1511 [4]
995 1393 [0]
1127 1261 [0]
963 1423 [2]
870 1509 [11]
1026 1366 [0]
1095 1298 [0]
1150 1242 [2]
926 1462 [6]
822 1565 [9]
1119 1278 [0]
1141 1253 [4]
963 1431 [4]
1054 1341 [3]
981 1409 [10]
1181 1219 [0]
919 1479 [2]
910 1491 [0]
1139 1256 [7]
1098 1305 [0]
1017 1380 [6]
836 1568 [0]
960 1444 [0]
1099 1305 [0]
844 1557 [3]
1024 1381 [0]
882 1522 [3]
968 1440 [0]
1112 1293 [3]
1058 1349 [2]
917 1490 [3]
1087 1318 [5]
1121 1290 [0]
889 1512 [10]
947 1466 [0]
943 1461 [10]
1088 1326 [0]
1175 1240 [0]
903 1506 [6]
959 1448 [10]
1188 1231 [0]
967 1453 [0]
1053 1363 [5]
1103 1320 [0]
1112 1301 [11]
1004 1420 [0]
1061 1363 [0]
969 1445 [10]
1077 1347 [0]
1105 1319 [1]
964 1462 [0]
1080 1337 [10]
1206 1220 [3]
1070 1360 [1]
1016 1416 [2]
1064 1365 [5]
1015 1420 [0]
929 1501 [5]
1124 1311 [0]
1018 1408 [11]
879 1553 [6]
1188 1248 [3]
890 1549 [0]
979 1459 [2]
907 1524 [9]
1147 1294 [0]
899 1544 [0]
932 1500 [11]
920 1518 [6]
954 1491 [0]
931 1517 [0]
1045 1400 [3]
1013 1432 [5]
1089 1361 [0]
1173 1273 [4]
1185 1264 [1]
1209 1237 [5]
943 1503 [6]
918 1537 [0]
921 1534 [0]
949 1506 [0]
1198 1258 [0]
1151 1302 [3]
1012 1442 [3]
1098 1360 [0]
1222 1228 [9]
858 1599 [3]
1187 1262 [11]
1073 1379 [8]
908 1552 [0]
914 1548 [0]
1213 1251 [0]
961 1498 [6]
1100 1359 [6]
898 1566 [2]
869 1594 [4]
1144 1321 [2]
976 1491 [1]
1136 1334 [0]
896 1564 [10]
951 1516 [4]
1232 1242 [0]
1070 1403 [1]
925 1545 [6]
912 1564 [0]
962 1516 [0]
995 1483 [0]
916 1562 [0]
1006 1474 [0]
1191 1290 [0]
1148 1332 [1]
1030 1444 [7]
966 1514 [2]
1076 1408 [0]
1202 1283 [0]
1064 1417 [5]
1208 1275 [3]
1137 1348 [2]
931 1556 [0]
946 1541 [0]
1225 1263 [0]
977 1511 [0]
931 1559 [0]
1223 1259 [9]
1173 1314 [5]
1028 1459 [5]
975 1513 [4]
1242 1244 [7]
1159 1331 [3]
1029 1464 [0]
902 1583 [9]
980 1517 [0]
1156 1342 [0]
1118 1370 [10]
1095 1404 [0]
1045 1453 [2]
1111 1382 [7]
952 1549 [1]
921 1581 [0]
912 1590 [0]
1063 1430 [10]
1247 1249 [7]
1007 1493 [3]
948 1549 [6]
1200 1304 [0]
1041 1465 [1]
1119 1388 [0]
913 1583 [11]
1013 1496 [0]
1195 1304 [10]
1133 1369 [7]
939 1566 [4]
1127 1382 [1]
997 1511 [4]
965 1544 [3]
1152 1360 [0]
1116 1397 [0]
1162 1347 [4]
984 1529 [0]
995 1519 [0]
1036 1480 [0]
1108 1408 [0]
1112 1403 [1]
1136 1377 [3]
1088 1429 [0]
937 1583 [2]
1088 1435 [0]
1075 1446 [2]
1037 1487 [0]
1197 1318 [10]
1122 1401 [2]
1008 1517 [0]
1205 1321 [0]
1230 1296 [0]
1064 1457 [5]
1129 1398 [0]
1198 1329 [0]
1097 1430 [0]
952 1569 [7]
1088 1432 [9]
1202 1329 [0]
1110 1419 [3]
1248 1286 [0]
1190 1347 [0]
1239 1301 [0]
1267 1275 [0]
968 1571 [4]
1154 1390 [0]
1237 1299 [10]
1124 1422 [1]
972 1576 [0]
1191 1358 [0]
982 1567 [0]
1000 1553 [0]
963 1581 [11]
1000 1557 [0]
1210 1346 [2]
1164 1396 [0]
1032 1518 [10]
1082 1469 [10]
982 1570 [10]
1005 1557 [0]
1263 1291 [8]
1215 1338 [10]
1255 1306 [2]
971 1594 [0]
1026 1539 [0]
1192 1363 [11]
1263 1303 [1]
1058 1507 [3]
1257 1309 [2]
1092 1473 [3]
1160 1410 [0]
1225 1337 [9]
1269 1303 [0]
1105 1471 [0]
1222 1344 [11]
1168 1409 [0]
972 1595 [10]
1235 1338 [5]
1176 1400 [4]
1105 1469 [6]
1245 1331 [5]
1264 1310 [7]
1163 1419 [0]
1234 1351 [0]
1103 1471 [11]
1145 1440 [0]
1261 1322 [3]
1221 1366 [0]
1292 1296 [0]
1282 1305 [2]
1215 1371 [3]
1117 1474 [0]
1146 1439 [7]
1117 1469 [6]
1045 1547 [0]
1272 1322 [0]
1270 1319 [6]
1154 1433 [8]
1125 1470 [0]
1263 1333 [1]
1191 1407 [0]
1055 1544 [0]
1223 1379 [2]
1238 1368 [0]
1276 1326 [4]
1073 1524 [10]
1032 1575 [0]
1085 1522 [0]
1023 1585 [0]
1261 1345 [3]
1078 1527 [4]
1001 1598 [11]
1051 1550 [10]
1099 1509 [3]
1077 1535 [0]
1175 1437 [0]
1050 1564 [0]
1074 1540 [0]
1174 1435 [8]
1063 1549 [6]
1069 1551 [0]
1060 1559 [2]
1137 1474 [10]
1027 1595 [0]
1024 1592 [7]
1232 1392 [0]
1257 1365 [2]
1280 1345 [0]
1179 1439 [7]
1247 1374 [5]
1163 1459 [5]
1297 1330 [0]
1278 1350 [0]
1291 1339 [0]
1185 1446 [0]
1106 1528 [0]
1216 1421 [0]
1296 1337 [4]
1091 1548 [0]
1313 1326 [0]
1070 1567 [4]
1175 1465 [2]
1280 1359 [5]
1063 1577 [4]
1194 1441 [10]
1124 1523 [1]
1111 1537 [3]
1130 1523 [0]
1092 1556 [5]
1277 1376 [0]
1223 1426 [6]
1136 1516 [5]
1173 1479 [5]
1291 1367 [0]
1163 1494 [1]
1140 1511 [7]
1197 1460 [2]
1196 1459 [4]
1226 1434 [0]
1076 1585 [0]
1299 1361 [2]
1186 1477 [0]
1181 1476 [7]
1183 1482 [0]
1185 1481 [0]
1229 1432 [5]
1079 1588 [0]
1280 1384 [4]
1071 1598 [0]
1124 1540 [6]
1327 1344 [0]
1220 1449 [2]
1312 1349 [11]
1158 1515 [0]
1237 1436 [0]
1097 1574 [3]
1204 1471 [0]
1111 1563 [2]
1231 1442 [3]
1284 1392 [0]
1086 1590 [0]
1140 1529 [7]
1188 1488 [2]
1174 1498 [7]
1229 1440 [10]
1199 1480 [1]
1326 1354 [0]
1283 1394 [5]
1164 1516 [2]
1109 1573 [0]
1098 1585 [0]
1277 1407 [0]
1258 1421 [5]
1168 1515 [3]
1197 1490 [4]
1146 1538 [7]
1322 1369 [2]
1147 1547 [1]
1276 1420 [0]
1250 1448 [0]
1249 1455 [0]
1276 1427 [2]
1249 1456 [0]
1199 1498 [10]
1302 1403 [2]
1139 1566 [2]
1131 1580 [0]
1297 1415 [0]
1138 1575 [0]
1356 1366 [3]
1293 1424 [8]
1194 1531 [0]
1262 1466 [1]
1174 1549 [8]
1283 1443 [5]
1165 1558 [10]
1238 1496 [0]
1319 1409 [6]
1280 1452 [5]
1252 1486 [0]
1204 1524 [11]
1257 1478 [6]
1270 1465 [7]
1148 1592 [3]
1302 1444 [0]
1160 1575 [11]
1325 1422 [0]
1349 1398 [0]
1227 1515 [5]
1263 1485 [0]
1257 1489 [2]
1305 1440 [4]
1247 1503 [0]
1289 1461 [0]
1277 1469 [4]
1351 1397 [3]
1257 1494 [0]
1280 1467 [5]
1364 1388 [0]
1286 1463 [4]
1334 1410 [10]
1276 1479 [0]
1263 1486 [7]
1334 1421 [3]
1284 1473 [2]
1183 1574 [2]
1185 1574 [3]
1258 1503 [3]
1283 1482 [3]
1260 1514 [0]
1181 1586 [7]
1207 1570 [0]
1270 1509 [0]
1242 1539 [0]
1314 1467 [0]
1295 1492 [0]
1256 1527 [5]
1227 1563 [0]
1332 1453 [5]
1255 1538 [0]
1284 1503 [7]
1301 1494 [2]
1354 1445 [0]
1239 1560 [0]
1337 1458 [7]
1204 1596 [3]
1290 1513 [2]
1365 1436 [5]
1379 1423 [5]
1316 1494 [0]
1279 1532 [0]
1298 1518 [0]
1239 1575 [4]
1242 1578 [2]
1225 1597 [6]
1277 1552 [0]
1266 1569 [0]
1282 1555 [0]
1284 1579 [0]
1408 1456 [0]
1397 1465 [5]
1288 1574 [6]
1268 1593 [7]
1397 1466 [5]
1301 1569 [0]
1370 1503 [0]
1386 1487 [0]
1382 1491 [6]
1281 1594 [4]
1352 1530 [0]
1306 1573 [3]
1322 1561 [0]
1299 1586 [0]
1391 1486 [11]
1398 1492 [1]
1362 1532 [0]
1345 1553 [0]
1377 1525 [0]
1439 1459 [5]
1329 1570 [5]
1357 1547 [3]
1330 1578 [0]
1372 1538 [0]
1450 1461 [0]
1396 1530 [1]
1459 1466 [7]
1394 1539 [0]
1356 1576 [4]
1370 1566 [2]
1448 1486 [6]
1453 1488 [0]
1380 1554 [9]
1411 1524 [8]
1411 1531 [2]
1430 1516 [0]
1380 1571 [1]
1436 1521 [0]
1461 1497 [0]
1365 1593 [0]
1398 1562 [1]
1377 1586 [0]
1390 1573 [1]
1405 1561 [0]
1434 1532 [3]
1413 1565 [0]
1402 1577 [0]
1454 1529 [2]
1462 1522 [6]
1425 1565 [3]
1442 1546 [5]
1403 1592 [0]
1459 1540 [1]
1473 1517 [10]
1485 1508 [11]
1484 1522 [1]
1470 1543 [0]
1449 1564 [0]
1508 1516 [10]
1454 1576 [6]
1518 1519 [0]
1441 1596 [0]
1458 1582 [0]
1511 1531 [0]
1478 1559 [6]
1448 1598 [5]
1499 1572 [0]
1513 1574 [2]
1540 1551 [0]
1541 1576 [11]
1563 1583 [0]
1565 1579 [2]
1572 1593 [0]
