1000
8
500
0
1
2
3
4
5
6
7
8
9
10
12
20
45
78
277
605
719
775
937
910
852
972
413
553
664
106
119
165
473
804
178
240
335
349
383
570
710
777
332
638
338
866
109
141
214
233
318
334
411
839
427
441
957
645
784
794
803
880
437
744
469
626
858
809
989
975
706
746
763
805
898
58
228
246
284
530
687
807
969
402
31
118
552
867
918
997
883
47
125
962
151
164
461
505
554
701
555
641
823
559
870
83
101
215
463
583
688
841
376
446
121
130
166
684
851
819
879
953
616
740
967
848
490
576
635
649
995
875
447
13
14
16
17
59
904
96
198
257
449
575
667
930
699
561
981
27
28
35
53
82
189
621
643
623
758
207
377
390
693
979
431
726
752
146
428
479
515
986
528
659
683
822
845
873
503
655
737
864
38
56
87
108
398
129
131
225
890
571
887
640
974
272
329
343
409
420
472
491
902
508
760
859
712
790
980
162
236
950
977
358
535
865
702
724
939
110
128
135
256
305
556
585
892
696
565
572
679
723
806
882
243
832
952
136
767
169
186
202
258
399
933
993
542
998
439
589
971
518
810
830
827
265
538
886
598
536
588
611
633
133
370
965
205
354
750
671
876
50
64
75
86
98
102
116
123
161
861
227
279
493
311
567
319
372
594
614
742
139
158
229
533
566
685
941
948
293
584
716
925
768
273
321
325
445
546
978
791
104
264
755
365
622
935
477
481
547
893
627
751
91
175
204
262
521
847
260
442
607
909
270
155
314
654
167
313
467
976
176
187
210
217
261
298
544
299
389
835
394
785
885
595
776
76
103
344
353
426
488
700
478
531
757
524
666
600
625
630
681
170
290
732
903
40
142
568
877
63
24
143
306
386
450
590
603
938
781
869
416
355
360
606
901
574
157
378
406
739
239
271
715
808
891
959
15
18
137
232
268
296
300
705
927
558
889
906
970
868
320
504
721
942
404
968
30
124
212
340
695
274
453
492
213
316
899
862
52
183
292
307
619
915
983
499
963
615
920
21
26
43
203
230
242
385
397
539
985
854
248
465
831
250
285
932
251
269
412
788
680
400
408
772
81
673
741
921
49
61
72
199
263
348
414
482
519
802
596
722
302
438
569
917
68
115
156
310
675
362
395
916
134
160
218
770
800
850
69
70
138
276
345
631
434
462
936
647
931
286
582
747
765
668
946
717
73
132
185
226
494
511
452
780
907
874
275
817
369
419
709
150
923
425
195
312
815
224
294
359
367
738
982
474
545
833
422
573
579
945
418
451
22
29
32
41
171
676
799
620
77
326
454
476
529
637
280
323
926
429
464
856
42
85
127
154
295
403
423
562
821
955
961
919
209
244
381
495
663
704
734
836
211
220
231
853
537
557
665
720
648
761
289
373
629
66
197
201
644
787
878
678
415
351
812
460
657
914
39
74
433
520
534
541
92
112
181
222
247
686
996
330
580
990
814
223
496
387
838
97
111
140
347
498
506
617
564
182
237
527
849
145
333
929
352
900
396
599
516
999
424
602
610
728
729
991
44
94
249
550
748
928
632
753
60
88
122
206
405
964
577
281
512
532
624
786
587
783
346
911
526
672
733
840
855
771
798
99
177
191
736
636
179
356
417
639
480
764
793
940
905
507
769
828
430
563
148
152
252
513
283
401
912
958
646
196
444
486
652
308
388
456
795
25
34
84
184
391
884
193
208
235
331
105
149
601
661
703
730
826
984
987
973
254
287
301
843
238
304
745
364
443
393
743
994
470
484
54
192
382
612
713
896
163
234
324
656
689
824
120
168
371
543
628
797
11
23
57
62
174
221
259
560
662
459
754
79
80
100
113
188
267
357
392
522
825
549
924
818
834
895
421
435
540
863
960
468
114
172
682
266
650
669
871
337
551
779
816
846
190
282
692
735
820
988
888
291
634
731
144
153
375
36
48
55
180
245
303
618
947
339
90
147
159
466
711
219
241
278
944
317
384
440
677
691
789
436
489
342
951
956
368
502
509
592
766
670
698
253
658
510
578
778
756
200
651
782
216
255
363
707
966
366
374
604
458
725
749
857
593
773
796
872
37
315
46
126
327
432
497
860
894
613
881
660
586
642
792
19
65
89
95
328
336
949
801
954
350
525
548
708
913
697
33
51
93
288
653
407
471
591
714
813
897
762
837
107
194
361
483
727
774
829
844
934
380
448
694
117
297
523
581
597
718
908
759
842
341
410
457
485
608
514
674
992
475
922
173
309
322
379
609
517
943
811
501
67
71
455
487
690
0 1 [0]
1 2 [0]
0 2 [2]
2 3 [0]
1 6 [0]
2 5 [0]
0 4 [3]
3 4 [0]
1 3 [3]
2 4 [1]
0 7 [0]
1 4 [3]
0 5 [3]
3 5 [0]
0 8 [0]
0 3 [5]
1 7 [0]
2 6 [0]
1 8 [0]
4 5 [0]
0 9 [0]
1 5 [3]
3 6 [0]
2 7 [0]
4 6 [0]
2 8 [0]
1 9 [0]
3 7 [0]
5 6 [0]
4 7 [0]
3 8 [0]
6 7 [0]
5 7 [3]
7 8 [0]
0 11 [4]
8 9 [0]
0 10 [7]
2 9 [7]
7 9 [2]
1 10 [7]
9 10 [0]
2 13 [4]
2 11 [6]
3 9 [7]
4 8 [7]
8 10 [1]
6 11 [2]
2 10 [7]
7 10 [2]
5 13 [1]
4 11 [5]
3 11 [6]
0 13 [7]
4 9 [7]
5 8 [7]
1 12 [7]
7 12 [1]
9 11 [0]
5 14 [1]
1 15 [4]
6 13 [1]
4 15 [1]
2 14 [4]
7 11 [2]
5 11 [5]
0 14 [7]
1 19 [1]
2 15 [4]
2 12 [7]
8 12 [1]
4 10 [7]
5 9 [7]
5 15 [1]
1 13 [7]
6 8 [7]
5 10 [7]
2 16 [4]
10 12 [0]
5 16 [1]
8 11 [3]
1 14 [7]
6 9 [7]
9 13 [0]
0 19 [4]
6 10 [7]
1 18 [4]
0 16 [7]
2 17 [4]
4 18 [1]
5 17 [1]
4 12 [7]
2 18 [4]
1 16 [7]
0 17 [7]
8 13 [3]
5 12 [7]
9 15 [0]
2 22 [1]
1 17 [7]
9 12 [4]
4 19 [2]
6 12 [7]
8 14 [3]
10 13 [2]
1 21 [4]
4 21 [1]
7 13 [6]
8 15 [3]
10 15 [2]
0 23 [4]
7 14 [6]
5 21 [1]
1 25 [1]
2 19 [6]
13 14 [0]
6 15 [6]
1 22 [4]
6 19 [2]
4 22 [1]
3 19 [5]
8 16 [3]
7 20 [1]
1 20 [7]
0 21 [7]
7 15 [6]
9 19 [0]
8 17 [3]
7 19 [3]
8 18 [3]
0 22 [7]
1 24 [4]
2 20 [7]
10 14 [5]
0 25 [4]
9 17 [3]
9 14 [6]
14 16 [0]
9 21 [0]
5 24 [1]
13 16 [1]
8 19 [3]
2 24 [4]
10 18 [2]
10 20 [0]
6 18 [6]
4 26 [1]
9 22 [0]
1 26 [4]
0 24 [7]
4 20 [7]
9 16 [6]
2 23 [6]
10 16 [5]
6 23 [2]
7 18 [6]
7 23 [2]
3 23 [6]
9 18 [5]
8 21 [3]
10 17 [5]
5 26 [1]
5 20 [7]
12 20 [0]
2 29 [1]
4 23 [5]
9 23 [0]
5 22 [6]
9 20 [4]
8 22 [3]
6 21 [6]
5 27 [1]
2 25 [6]
14 17 [2]
10 21 [2]
0 29 [4]
2 27 [4]
6 22 [5]
0 26 [7]
6 20 [7]
15 18 [0]
16 17 [0]
9 24 [0]
7 21 [6]
8 23 [3]
7 25 [2]
0 27 [7]
10 22 [2]
5 28 [1]
11 23 [0]
1 29 [4]
2 28 [4]
9 25 [0]
4 29 [1]
4 25 [6]
1 30 [4]
5 25 [5]
0 28 [7]
1 33 [1]
1 27 [7]
8 24 [3]
0 32 [4]
1 28 [7]
2 30 [4]
8 25 [3]
5 30 [1]
0 33 [4]
10 25 [2]
1 32 [4]
4 32 [1]
8 26 [3]
0 34 [4]
10 26 [2]
8 27 [3]
7 31 [1]
7 26 [6]
4 31 [4]
8 28 [3]
10 24 [5]
1 31 [7]
14 24 [2]
2 31 [7]
8 29 [3]
6 29 [5]
5 29 [6]
9 26 [5]
5 31 [4]
8 30 [3]
2 35 [4]
5 35 [1]
6 31 [4]
1 39 [1]
3 33 [5]
0 37 [4]
10 29 [2]
8 33 [0]
2 33 [6]
5 33 [3]
14 27 [0]
9 33 [0]
10 30 [2]
8 31 [3]
2 34 [6]
10 27 [5]
6 33 [3]
6 30 [6]
7 30 [6]
7 33 [3]
8 32 [3]
16 27 [0]
1 35 [7]
9 31 [3]
9 34 [0]
7 34 [2]
4 37 [2]
0 39 [4]
13 24 [6]
5 32 [6]
10 28 [5]
6 32 [6]
4 34 [6]
6 36 [2]
5 38 [1]
9 30 [5]
10 32 [2]
2 38 [4]
2 36 [6]
3 36 [5]
5 34 [5]
4 39 [1]
2 37 [6]
6 37 [2]
13 27 [5]
4 36 [5]
9 36 [0]
3 37 [5]
15 30 [0]
7 36 [2]
12 31 [2]
1 40 [4]
8 34 [3]
0 38 [7]
2 42 [1]
0 41 [4]
10 34 [2]
1 44 [1]
9 37 [0]
8 35 [3]
4 41 [1]
1 41 [4]
0 42 [4]
5 36 [5]
2 40 [4]
21 26 [0]
7 37 [3]
8 36 [3]
2 44 [1]
14 28 [5]
1 42 [4]
0 40 [7]
8 37 [3]
1 43 [4]
0 44 [4]
11 36 [1]
4 43 [1]
9 39 [0]
9 40 [0]
11 37 [1]
8 38 [3]
5 43 [1]
8 39 [3]
6 39 [5]
10 35 [5]
5 39 [6]
0 46 [4]
16 28 [6]
0 43 [7]
10 39 [2]
22 29 [0]
8 40 [3]
5 41 [6]
4 46 [2]
14 38 [0]
8 41 [3]
13 40 [0]
14 35 [4]
6 41 [6]
10 38 [5]
8 42 [3]
1 51 [1]
6 42 [5]
10 41 [2]
1 45 [7]
5 46 [2]
5 42 [6]
4 49 [1]
10 42 [2]
1 49 [4]
4 44 [6]
6 47 [1]
6 46 [2]
2 46 [6]
2 45 [7]
8 43 [3]
7 47 [1]
4 47 [4]
8 44 [3]
1 47 [7]
27 28 [0]
10 40 [5]
5 49 [1]
9 46 [0]
5 44 [6]
6 45 [4]
0 51 [4]
10 43 [2]
6 44 [5]
7 45 [4]
2 47 [7]
5 50 [1]
14 40 [2]
1 54 [1]
7 46 [3]
3 51 [2]
0 49 [7]
10 44 [2]
7 43 [6]
4 45 [7]
3 48 [5]
2 50 [4]
2 48 [6]
6 48 [2]
16 35 [6]
0 50 [7]
7 48 [2]
4 52 [1]
8 46 [3]
4 48 [5]
9 48 [0]
10 47 [0]
5 52 [1]
0 54 [4]
11 46 [1]
1 50 [7]
2 52 [4]
8 47 [3]
5 48 [5]
9 45 [4]
2 51 [6]
8 51 [0]
2 53 [4]
25 34 [0]
8 48 [3]
5 51 [3]
10 45 [4]
9 51 [0]
12 45 [3]
8 49 [3]
16 38 [6]
6 49 [6]
0 57 [4]
29 32 [0]
22 39 [0]
8 50 [3]
1 53 [7]
22 32 [7]
12 47 [2]
7 51 [3]
2 54 [6]
5 53 [4]
7 49 [6]
1 60 [1]
9 47 [6]
16 40 [6]
2 56 [4]
9 54 [0]
0 56 [7]
28 35 [0]
3 55 [5]
13 50 [0]
9 49 [5]
2 55 [6]
2 60 [1]
7 54 [2]
8 52 [3]
10 52 [2]
6 52 [6]
21 43 [0]
4 55 [5]
5 54 [5]
0 60 [4]
7 55 [2]
9 55 [0]
8 53 [3]
5 59 [1]
7 52 [6]
5 55 [5]
8 54 [3]
2 59 [4]
10 50 [5]
27 35 [3]
2 57 [6]
20 45 [0]
6 57 [2]
1 61 [4]
1 58 [7]
8 55 [3]
4 61 [1]
4 57 [5]
0 59 [7]
28 38 [0]
7 57 [2]
9 57 [0]
10 54 [2]
3 57 [6]
4 58 [4]
9 52 [5]
7 58 [1]
0 62 [4]
1 65 [1]
8 56 [3]
2 58 [7]
5 58 [4]
1 59 [7]
15 52 [0]
5 61 [1]
27 38 [2]
6 58 [4]
10 53 [5]
8 57 [3]
0 61 [7]
1 63 [4]
0 67 [1]
2 63 [4]
26 43 [0]
0 65 [4]
5 63 [1]
9 60 [0]
8 59 [3]
0 66 [4]
0 63 [7]
5 64 [1]
2 62 [6]
3 62 [5]
14 56 [0]
22 41 [7]
2 64 [4]
4 60 [6]
21 49 [0]
2 67 [2]
5 60 [6]
9 59 [3]
8 60 [3]
9 62 [0]
10 56 [5]
4 66 [1]
6 60 [5]
4 62 [5]
7 62 [2]
1 66 [4]
29 42 [0]
22 42 [7]
4 65 [2]
0 64 [7]
10 58 [3]
0 71 [1]
16 50 [6]
1 64 [7]
2 65 [6]
6 61 [6]
6 67 [0]
22 44 [7]
4 68 [1]
3 65 [5]
1 68 [4]
8 62 [3]
32 41 [0]
1 67 [6]
9 65 [0]
7 61 [6]
8 63 [3]
5 68 [1]
1 69 [4]
4 67 [3]
7 67 [0]
16 53 [6]
1 70 [4]
5 67 [3]
8 64 [3]
0 68 [7]
7 65 [3]
12 58 [5]
2 71 [2]
14 59 [2]
3 67 [5]
9 61 [5]
0 69 [7]
9 67 [0]
16 59 [1]
17 59 [0]
5 70 [1]
8 65 [3]
1 74 [1]
1 72 [4]
0 70 [7]
6 71 [0]
4 72 [1]
8 66 [3]
6 66 [5]
5 66 [6]
13 64 [1]
1 71 [6]
10 66 [2]
7 71 [0]
5 72 [1]
10 63 [5]
1 73 [4]
0 74 [4]
16 56 [6]
8 71 [0]
14 63 [2]
8 68 [3]
0 72 [7]
5 71 [3]
4 74 [1]
27 50 [2]
3 71 [5]
8 69 [3]
23 57 [0]
9 71 [0]
20 58 [2]
7 68 [5]
0 73 [7]
25 54 [1]
5 69 [6]
2 75 [4]
10 69 [2]
0 77 [4]
5 75 [1]
8 70 [3]
6 69 [6]
1 76 [4]
7 69 [5]
4 77 [1]
28 53 [1]
1 77 [4]
0 75 [7]
7 70 [5]
5 76 [1]
6 70 [6]
10 70 [2]
9 68 [5]
21 61 [0]
13 63 [6]
27 53 [3]
27 56 [0]
0 79 [4]
1 75 [7]
0 76 [7]
9 69 [5]
9 74 [0]
0 80 [4]
33 51 [0]
6 72 [6]
36 48 [0]
8 73 [3]
9 70 [5]
19 65 [0]
10 73 [2]
16 63 [6]
28 56 [1]
5 74 [6]
23 62 [0]
6 74 [5]
6 73 [6]
7 73 [5]
8 74 [3]
9 72 [5]
1 78 [7]
4 81 [1]
16 64 [6]
8 75 [3]
5 81 [1]
8 76 [3]
2 78 [7]
6 79 [2]
3 79 [5]
9 73 [5]
0 84 [4]
4 79 [5]
2 85 [1]
6 78 [4]
9 79 [0]
6 80 [2]
35 53 [0]
7 79 [2]
5 77 [6]
5 82 [1]
0 81 [7]
2 82 [4]
8 77 [3]
4 80 [5]
7 78 [4]
5 83 [1]
0 85 [4]
13 76 [0]
10 77 [2]
4 78 [7]
7 80 [2]
22 60 [7]
21 68 [0]
9 80 [0]
8 79 [3]
6 83 [1]
21 69 [0]
1 85 [4]
1 88 [1]
1 82 [7]
10 76 [5]
2 88 [1]
1 89 [1]
7 83 [1]
8 80 [3]
9 78 [4]
1 83 [7]
4 83 [4]
14 76 [2]
5 86 [1]
2 86 [4]
9 83 [0]
8 81 [3]
2 84 [6]
36 55 [1]
0 89 [4]
9 84 [0]
11 79 [3]
10 81 [2]
2 87 [4]
7 84 [2]
8 82 [3]
21 72 [0]
10 83 [0]
27 64 [2]
0 86 [7]
12 78 [3]
5 84 [5]
1 86 [7]
38 56 [0]
7 81 [6]
11 80 [3]
0 87 [7]
21 73 [0]
8 83 [3]
1 92 [1]
4 84 [6]
29 66 [0]
9 81 [5]
4 89 [2]
22 66 [7]
1 93 [1]
8 85 [3]
0 92 [4]
10 84 [2]
1 91 [4]
1 94 [1]
5 85 [6]
6 85 [5]
22 74 [0]
12 83 [2]
4 92 [1]
5 91 [1]
2 91 [4]
1 95 [1]
2 94 [1]
9 88 [0]
3 89 [5]
0 93 [4]
8 86 [3]
16 75 [6]
3 90 [5]
2 90 [6]
4 88 [6]
16 76 [6]
0 94 [4]
6 89 [3]
8 87 [3]
0 91 [7]
9 89 [0]
3 93 [2]
6 90 [2]
9 90 [0]
6 88 [5]
8 88 [3]
7 90 [2]
5 88 [6]
7 89 [3]
1 97 [1]
4 90 [5]
8 89 [3]
5 93 [2]
1 99 [1]
9 92 [0]
14 87 [0]
4 95 [2]
8 93 [0]
2 93 [6]
8 90 [3]
5 96 [1]
10 87 [5]
2 96 [4]
21 81 [0]
23 79 [1]
48 55 [0]
3 95 [5]
6 95 [2]
6 92 [5]
7 93 [3]
0 96 [7]
5 92 [6]
0 99 [4]
10 92 [2]
13 91 [0]
20 78 [6]
5 98 [1]
1 96 [7]
27 75 [2]
23 80 [1]
2 98 [4]
4 94 [6]
9 95 [0]
16 82 [6]
6 94 [5]
27 76 [2]
0 98 [7]
5 94 [6]
7 95 [3]
8 94 [3]
8 95 [3]
9 97 [0]
10 94 [2]
22 77 [7]
29 77 [0]
2 99 [6]
5 101 [1]
4 97 [6]
8 96 [3]
6 97 [5]
2 102 [4]
5 97 [6]
6 100 [2]
8 97 [3]
16 86 [6]
9 96 [3]
9 99 [0]
5 102 [1]
4 99 [6]
8 98 [3]
10 97 [2]
0 102 [7]
4 101 [4]
1 104 [4]
16 87 [6]
0 105 [4]
9 100 [0]
1 107 [1]
7 100 [2]
5 103 [1]
4 100 [5]
1 101 [7]
32 77 [0]
5 99 [5]
0 103 [7]
2 104 [4]
6 99 [5]
8 99 [3]
5 104 [1]
49 61 [0]
11 100 [0]
0 107 [4]
10 96 [5]
8 100 [3]
3 107 [2]
28 82 [2]
26 81 [5]
16 96 [0]
27 82 [3]
8 101 [3]
1 111 [1]
39 74 [0]
10 101 [2]
8 102 [3]
2 105 [6]
17 96 [0]
16 91 [6]
19 95 [0]
7 106 [1]
8 103 [3]
27 87 [0]
22 85 [7]
22 92 [0]
7 105 [2]
7 101 [6]
1 106 [7]
2 108 [4]
29 85 [0]
4 105 [5]
50 64 [0]
0 108 [7]
19 89 [7]
8 107 [0]
2 106 [7]
27 86 [2]
5 105 [5]
8 104 [3]
5 107 [3]
2 107 [6]
13 103 [0]
6 106 [4]
9 107 [0]
8 105 [3]
2 110 [4]
0 112 [4]
9 101 [6]
25 84 [7]
0 110 [7]
10 105 [2]
4 112 [1]
4 106 [7]
4 109 [4]
7 107 [3]
7 109 [1]
22 88 [7]
12 101 [5]
34 84 [0]
10 103 [5]
0 117 [1]
2 109 [7]
49 68 [2]
22 97 [0]
6 109 [4]
35 82 [2]
57 62 [0]
14 103 [2]
8 108 [3]
16 98 [6]
9 111 [0]
4 115 [1]
1 115 [4]
27 91 [2]
5 115 [1]
9 112 [0]
12 106 [3]
8 110 [3]
4 111 [6]
0 115 [7]
5 111 [6]
7 113 [2]
14 108 [0]
5 116 [1]
9 113 [0]
1 120 [1]
6 111 [5]
10 106 [6]
2 116 [4]
4 113 [5]
6 114 [2]
8 111 [3]
3 117 [2]
49 72 [2]
5 112 [6]
10 108 [5]
45 78 [0]
10 111 [2]
9 114 [0]
6 112 [5]
7 114 [2]
8 113 [3]
1 122 [1]
10 112 [2]
12 109 [3]
9 109 [6]
0 120 [4]
16 102 [6]
10 109 [6]
16 103 [6]
2 122 [1]
2 117 [6]
5 117 [3]
50 75 [0]
10 110 [5]
8 114 [3]
8 117 [0]
16 104 [6]
9 117 [0]
1 118 [7]
8 115 [3]
7 118 [1]
2 118 [7]
33 93 [1]
27 98 [2]
7 119 [1]
7 117 [3]
11 113 [3]
36 90 [1]
1 119 [7]
5 118 [4]
8 116 [3]
42 85 [0]
22 99 [7]
6 118 [4]
2 120 [6]
2 119 [7]
38 87 [3]
6 121 [1]
1 121 [7]
6 119 [4]
7 120 [2]
9 115 [5]
2 123 [4]
4 121 [4]
4 120 [5]
1 124 [4]
20 109 [0]
8 118 [3]
5 123 [1]
16 108 [6]
4 119 [7]
0 123 [7]
27 102 [1]
23 100 [7]
2 127 [1]
0 126 [4]
5 124 [1]
2 124 [4]
5 120 [5]
0 127 [4]
8 120 [3]
6 120 [5]
9 122 [0]
20 106 [6]
4 126 [2]
11 114 [7]
4 122 [6]
16 110 [6]
10 120 [2]
12 118 [2]
8 121 [3]
27 103 [2]
6 125 [1]
1 127 [4]
61 72 [0]
7 125 [1]
39 92 [2]
10 121 [2]
8 122 [3]
9 118 [6]
5 122 [6]
27 104 [2]
5 126 [2]
6 122 [5]
4 125 [4]
1 125 [7]
3 126 [5]
22 112 [0]
7 121 [6]
2 126 [6]
8 123 [3]
2 125 [7]
12 119 [3]
6 126 [2]
0 128 [7]
8 124 [3]
27 108 [0]
2 129 [4]
53 82 [0]
10 119 [6]
9 121 [6]
50 86 [0]
6 124 [6]
7 126 [3]
8 125 [3]
21 115 [0]
0 129 [7]
7 124 [6]
8 126 [3]
27 110 [0]
6 130 [1]
25 105 [7]
2 131 [4]
12 121 [5]
5 127 [6]
1 130 [7]
28 110 [0]
16 116 [6]
9 124 [5]
6 127 [5]
4 130 [4]
8 127 [3]
44 94 [0]
11 126 [1]
0 132 [7]
1 134 [4]
69 70 [0]
8 128 [3]
2 133 [4]
64 75 [0]
5 133 [1]
12 125 [2]
5 134 [1]
0 133 [7]
9 125 [6]
34 105 [1]
8 129 [3]
50 91 [0]
0 134 [7]
8 130 [3]
69 73 [0]
48 90 [4]
10 130 [2]
2 136 [4]
0 135 [7]
14 128 [0]
8 131 [3]
1 140 [1]
4 137 [1]
1 137 [4]
10 128 [5]
0 136 [7]
14 129 [0]
23 113 [7]
56 87 [0]
1 138 [4]
7 130 [6]
39 97 [7]
8 132 [3]
7 132 [5]
23 114 [7]
51 93 [0]
8 133 [3]
10 132 [2]
6 132 [6]
10 129 [5]
8 134 [3]
9 130 [6]
0 138 [7]
14 131 [0]
5 139 [1]
2 139 [4]
16 123 [6]
27 116 [2]
20 119 [6]
15 124 [7]
10 131 [5]
0 139 [7]
8 135 [3]
9 132 [5]
7 134 [5]
1 145 [1]
8 136 [3]
14 133 [0]
2 142 [4]
50 98 [0]
8 137 [3]
9 134 [5]
0 144 [4]
60 88 [0]
1 143 [4]
9 140 [0]
5 143 [1]
38 108 [3]
6 137 [6]
14 135 [0]
2 143 [4]
7 141 [1]
10 137 [2]
5 138 [6]
0 142 [7]
8 138 [3]
31 118 [0]
6 138 [6]
8 139 [3]
2 141 [7]
7 137 [6]
38 110 [2]
7 138 [5]
16 128 [6]
10 138 [2]
10 135 [5]
1 148 [1]
9 142 [0]
5 140 [6]
8 140 [3]
10 136 [5]
6 141 [4]
22 122 [7]
16 129 [6]
6 140 [5]
9 137 [5]
2 146 [4]
10 140 [2]
50 102 [0]
9 143 [0]
6 144 [2]
27 123 [2]
0 148 [4]
8 142 [3]
4 144 [5]
16 131 [6]
45 106 [2]
21 132 [0]
9 144 [0]
7 144 [2]
9 145 [0]
50 104 [0]
30 124 [0]
1 146 [7]
1 152 [1]
8 143 [3]
10 141 [3]
27 128 [0]
3 147 [5]
6 147 [2]
4 145 [6]
18 137 [0]
1 150 [4]
21 134 [0]
13 142 [0]
8 144 [3]
33 117 [5]
2 147 [6]
16 133 [6]
7 147 [2]
9 141 [6]
28 128 [0]
2 148 [6]
45 109 [2]
8 145 [3]
4 147 [5]
5 145 [6]
12 141 [3]
11 144 [1]
9 148 [0]
2 154 [1]
8 146 [3]
10 142 [5]
2 149 [6]
10 145 [2]
0 150 [7]
39 111 [7]
14 142 [2]
4 148 [6]
39 112 [7]
4 149 [5]
16 136 [6]
6 151 [1]
10 143 [5]
8 147 [3]
7 149 [2]
0 154 [4]
9 150 [0]
14 143 [2]
8 148 [3]
5 149 [5]
6 148 [5]
15 137 [7]
7 151 [1]
1 151 [7]
1 154 [4]
79 80 [0]
4 151 [4]
2 151 [7]
1 155 [4]
10 148 [2]
2 152 [6]
8 149 [3]
64 91 [5]
16 139 [6]
1 156 [4]
20 141 [0]
5 155 [1]
75 86 [0]
6 153 [2]
8 150 [3]
6 150 [5]
10 146 [5]
4 156 [1]
29 127 [5]
9 152 [0]
5 150 [6]
10 149 [2]
4 152 [6]
10 150 [2]
13 143 [6]
7 150 [5]
27 133 [2]
27 135 [0]
8 151 [3]
9 153 [0]
0 155 [7]
7 153 [2]
1 157 [4]
4 153 [5]
28 133 [1]
6 152 [5]
0 156 [7]
51 107 [5]
8 152 [3]
2 157 [4]
28 135 [0]
5 157 [1]
0 157 [7]
5 158 [1]
10 152 [2]
2 158 [4]
8 153 [3]
16 142 [6]
6 154 [5]
28 136 [1]
0 158 [7]
5 154 [6]
12 151 [2]
1 163 [1]
11 153 [1]
27 136 [2]
5 160 [1]
9 151 [6]
50 116 [0]
8 155 [3]
5 161 [1]
0 160 [7]
6 159 [2]
5 156 [6]
24 143 [0]
56 110 [1]
0 163 [4]
49 115 [3]
3 159 [5]
7 159 [2]
0 161 [7]
27 139 [2]
38 128 [2]
4 159 [5]
16 146 [6]
13 155 [0]
8 157 [3]
8 158 [3]
0 162 [7]
1 168 [1]
9 156 [5]
38 129 [3]
42 127 [1]
7 157 [6]
8 159 [3]
2 164 [4]
2 163 [6]
8 160 [3]
7 164 [1]
8 161 [3]
4 164 [4]
7 163 [2]
4 163 [5]
9 163 [0]
7 160 [5]
38 131 [3]
10 157 [5]
1 164 [7]
47 125 [0]
7 165 [1]
5 163 [5]
75 98 [0]
2 167 [4]
50 123 [0]
51 117 [5]
5 167 [1]
64 104 [5]
1 165 [7]
6 166 [1]
14 157 [2]
38 133 [2]
8 162 [3]
4 166 [4]
2 165 [7]
9 160 [5]
0 167 [7]
1 166 [7]
0 173 [1]
22 145 [7]
27 146 [2]
8 164 [3]
0 171 [4]
38 135 [2]
10 163 [2]
2 169 [4]
1 170 [4]
6 165 [4]
1 171 [4]
2 170 [4]
4 165 [7]
2 168 [6]
4 171 [1]
13 157 [6]
38 136 [2]
0 169 [7]
5 170 [1]
14 162 [0]
4 168 [5]
16 155 [6]
8 166 [3]
7 168 [2]
0 170 [7]
10 162 [5]
22 148 [7]
21 156 [0]
8 167 [3]
3 173 [2]
75 102 [1]
5 168 [5]
0 174 [4]
10 166 [2]
7 166 [6]
76 103 [0]
28 146 [5]
1 177 [1]
6 168 [5]
9 164 [6]
8 168 [3]
13 167 [0]
8 169 [3]
1 173 [6]
12 165 [3]
7 173 [0]
6 172 [2]
10 168 [2]
80 100 [0]
5 175 [1]
1 176 [4]
22 152 [7]
1 179 [1]
5 173 [3]
9 166 [6]
2 175 [4]
25 149 [7]
21 160 [0]
35 146 [0]
12 164 [5]
7 172 [2]
2 173 [6]
0 177 [4]
6 174 [2]
2 174 [6]
2 176 [4]
40 142 [0]
3 174 [5]
5 176 [1]
0 175 [7]
5 171 [6]
9 173 [0]
8 171 [3]
16 161 [6]
9 174 [0]
8 172 [3]
0 176 [7]
0 179 [4]
10 171 [2]
14 169 [0]
13 170 [0]
68 115 [0]
29 154 [0]
7 174 [2]
83 101 [0]
16 162 [6]
75 104 [5]
10 169 [5]
86 98 [0]
89 95 [0]
34 149 [1]
27 155 [2]
36 147 [1]
1 182 [1]
8 174 [3]
56 128 [1]
79 100 [6]
49 134 [2]
2 177 [6]
10 170 [5]
0 181 [4]
4 181 [1]
14 170 [2]
7 178 [1]
39 140 [7]
9 177 [0]
4 177 [6]
2 179 [6]
8 176 [3]
56 129 [2]
2 178 [7]
27 158 [2]
5 177 [5]
13 175 [0]
4 183 [1]
1 183 [4]
8 177 [3]
45 141 [2]
0 184 [4]
3 180 [5]
6 178 [4]
9 179 [0]
6 177 [5]
16 167 [6]
27 162 [0]
9 180 [0]
50 139 [0]
5 183 [1]
4 179 [6]
4 180 [5]
4 178 [7]
7 180 [2]
56 131 [2]
13 176 [0]
2 183 [4]
8 179 [3]
5 180 [5]
9 181 [0]
6 179 [5]
27 161 [2]
11 172 [7]
9 182 [0]
8 180 [3]
20 165 [6]
39 145 [7]
16 169 [6]
0 185 [7]
5 181 [6]
2 186 [4]
56 135 [1]
1 187 [4]
6 181 [5]
4 182 [6]
16 170 [6]
2 184 [6]
2 187 [4]
80 113 [0]
56 136 [1]
5 187 [1]
12 178 [3]
6 182 [5]
7 184 [2]
1 191 [1]
10 181 [2]
8 182 [3]
0 186 [7]
75 116 [2]
9 184 [0]
5 182 [6]
0 187 [7]
10 182 [2]
1 192 [1]
5 184 [5]
10 178 [6]
4 184 [6]
8 183 [3]
0 191 [4]
2 189 [4]
5 189 [1]
10 183 [2]
80 114 [1]
25 163 [7]
87 108 [0]
1 194 [1]
7 183 [6]
27 167 [2]
0 192 [4]
6 185 [6]
16 175 [6]
42 154 [1]
9 188 [0]
1 189 [7]
7 188 [2]
9 183 [5]
4 188 [5]
8 186 [3]
7 185 [5]
0 193 [4]
10 185 [2]
0 194 [4]
6 190 [2]
23 174 [1]
16 176 [6]
28 169 [1]
15 183 [0]
47 151 [0]
8 187 [3]
1 196 [1]
3 194 [2]
4 190 [5]
36 159 [4]
8 188 [3]
7 190 [2]
2 191 [6]
9 185 [5]
27 170 [2]
79 113 [7]
79 114 [6]
48 147 [4]
9 190 [0]
14 186 [0]
98 102 [0]
4 195 [1]
13 187 [0]
75 123 [2]
22 171 [7]
1 195 [4]
9 191 [0]
2 192 [6]
8 189 [3]
2 193 [6]
69 132 [0]
4 191 [6]
8 190 [3]
0 197 [4]
7 192 [2]
1 197 [4]
6 191 [5]
11 188 [3]
8 194 [0]
5 192 [5]
8 191 [3]
5 194 [3]
2 194 [6]
38 162 [2]
23 172 [7]
7 193 [2]
9 193 [0]
8 192 [3]
4 193 [6]
9 194 [0]
22 181 [0]
92 112 [0]
20 178 [6]
1 199 [4]
10 192 [2]
2 198 [4]
27 175 [2]
9 195 [0]
5 198 [1]
32 171 [1]
2 196 [6]
83 121 [0]
53 146 [5]
7 194 [3]
4 199 [1]
0 201 [4]
9 196 [0]
50 155 [0]
27 176 [2]
73 132 [0]
0 198 [7]
10 193 [2]
5 195 [6]
4 196 [6]
21 185 [0]
8 195 [3]
1 198 [7]
0 199 [7]
6 195 [5]
1 201 [4]
5 200 [2]
8 196 [3]
7 195 [5]
10 195 [2]
6 196 [5]
3 200 [5]
22 179 [7]
4 203 [1]
8 197 [3]
69 138 [1]
50 158 [0]
5 197 [6]
6 200 [2]
70 138 [0]
49 156 [3]
2 200 [6]
1 203 [4]
1 206 [1]
68 134 [6]
6 197 [5]
10 196 [2]
11 190 [7]
16 186 [6]
97 111 [0]
4 200 [5]
8 198 [3]
10 197 [2]
9 200 [0]
5 203 [1]
2 206 [1]
16 187 [6]
38 169 [2]
0 202 [7]
88 122 [0]
5 204 [1]
0 203 [7]
7 200 [3]
0 204 [7]
47 164 [0]
48 159 [4]
5 205 [1]
16 189 [6]
2 205 [4]
33 173 [5]
6 199 [6]
8 200 [3]
49 160 [2]
50 161 [0]
6 201 [5]
2 209 [1]
5 201 [6]
8 201 [3]
7 199 [6]
0 205 [7]
85 127 [0]
41 171 [0]
2 207 [4]
100 113 [0]
83 130 [0]
9 199 [5]
8 202 [3]
0 209 [4]
10 201 [2]
10 198 [5]
14 198 [2]
98 116 [0]
1 209 [4]
8 203 [3]
16 198 [0]
2 211 [1]
28 186 [1]
10 203 [2]
0 211 [4]
9 206 [0]
27 186 [2]
1 207 [7]
5 210 [1]
75 139 [2]
2 210 [4]
25 184 [7]
7 203 [6]
4 206 [6]
14 202 [0]
8 205 [3]
2 208 [6]
21 195 [0]
9 208 [0]
8 206 [3]
5 206 [6]
1 212 [4]
50 167 [0]
87 129 [1]
7 208 [2]
0 210 [7]
36 180 [1]
13 204 [0]
6 206 [5]
2 212 [4]
34 184 [0]
4 208 [6]
102 116 [0]
100 114 [4]
5 208 [5]
1 213 [4]
8 207 [3]
27 189 [2]
23 188 [7]
69 150 [0]
56 162 [1]
14 205 [0]
5 213 [1]
28 189 [2]
21 199 [0]
5 209 [6]
6 209 [5]
87 131 [2]
10 208 [2]
10 205 [5]
5 215 [1]
8 210 [3]
17 198 [6]
5 211 [6]
1 217 [4]
7 214 [1]
6 211 [5]
8 211 [3]
4 216 [2]
2 220 [1]
2 214 [7]
13 210 [0]
4 218 [1]
1 215 [7]
4 215 [4]
8 212 [3]
5 216 [2]
5 217 [1]
2 217 [4]
6 212 [6]
64 155 [5]
0 217 [7]
16 202 [6]
6 214 [4]
2 216 [6]
8 213 [3]
0 220 [4]
6 216 [2]
25 192 [7]
25 193 [7]
50 175 [0]
7 212 [6]
106 119 [0]
9 216 [0]
22 196 [7]
0 221 [4]
0 218 [7]
10 213 [2]
6 213 [6]
38 186 [2]
7 216 [3]
16 204 [6]
9 212 [5]
56 169 [1]
29 197 [0]
7 213 [6]
22 197 [7]
8 215 [3]
21 203 [2]
68 156 [2]
4 222 [1]
8 216 [3]
6 219 [2]
16 205 [6]
39 181 [7]
2 219 [6]
10 215 [2]
3 219 [5]
0 223 [4]
9 213 [5]
7 219 [2]
7 215 [6]
34 193 [1]
4 223 [1]
8 217 [3]
39 182 [7]
4 219 [5]
80 144 [4]
48 180 [0]
8 218 [3]
5 218 [6]
16 207 [6]
4 224 [1]
79 144 [6]
2 221 [6]
12 215 [2]
1 224 [4]
3 221 [5]
9 214 [6]
10 214 [6]
13 217 [0]
7 221 [2]
7 218 [5]
8 219 [3]
9 221 [0]
102 123 [5]
22 201 [7]
2 225 [4]
9 222 [0]
5 220 [6]
28 202 [1]
51 173 [7]
8 220 [3]
6 220 [5]
27 202 [2]
0 224 [7]
6 221 [5]
9 223 [0]
57 174 [1]
9 218 [5]
16 210 [6]
5 222 [6]
6 222 [5]
5 227 [1]
27 204 [2]
0 226 [7]
10 222 [2]
11 216 [7]
68 160 [6]
28 205 [1]
0 227 [7]
5 223 [6]
2 231 [1]
15 212 [7]
2 229 [4]
15 213 [7]
5 224 [6]
5 229 [1]
10 223 [2]
0 231 [4]
55 180 [0]
1 230 [4]
8 224 [3]
4 230 [1]
6 224 [6]
1 234 [1]
27 207 [2]
20 214 [2]
10 224 [2]
0 229 [7]
4 228 [4]
8 225 [3]
5 230 [1]
7 224 [5]
64 167 [5]
1 228 [7]
5 228 [4]
2 228 [7]
28 207 [2]
75 158 [4]
1 232 [4]
4 232 [1]
36 200 [1]
97 140 [0]
80 153 [4]
0 230 [7]
90 147 [0]
75 161 [2]
8 227 [3]
6 228 [4]
79 153 [6]
22 209 [7]
10 226 [2]
29 209 [0]
6 226 [6]
0 234 [4]
7 226 [5]
1 237 [1]
16 217 [6]
14 225 [0]
21 218 [0]
10 225 [5]
9 226 [5]
25 208 [7]
8 229 [3]
22 211 [7]
29 211 [0]
85 154 [2]
7 233 [1]
10 228 [3]
38 202 [2]
2 233 [7]
30 212 [0]
10 230 [2]
0 238 [4]
53 189 [0]
35 207 [0]
2 236 [4]
5 231 [6]
8 231 [3]
98 139 [5]
2 235 [6]
7 230 [6]
30 213 [0]
56 186 [1]
7 234 [2]
0 236 [7]
9 234 [0]
6 233 [4]
4 234 [5]
34 208 [1]
8 232 [3]
9 235 [0]
22 222 [0]
5 234 [5]
6 232 [6]
1 239 [4]
64 175 [5]
7 232 [6]
12 228 [5]
4 235 [6]
8 234 [3]
2 239 [4]
38 205 [2]
5 235 [5]
64 176 [5]
21 224 [0]
22 223 [0]
97 145 [4]
2 238 [6]
9 232 [5]
10 234 [2]
43 203 [0]
0 239 [7]
54 192 [0]
10 235 [2]
4 242 [1]
2 244 [1]
1 242 [4]
4 238 [5]
16 225 [6]
4 237 [6]
8 236 [3]
9 238 [0]
8 237 [3]
5 242 [1]
7 240 [1]
9 233 [6]
5 237 [6]
15 232 [1]
5 238 [5]
0 244 [4]
6 237 [5]
22 220 [7]
10 237 [2]
16 227 [6]
1 244 [4]
10 233 [6]
90 159 [0]
2 241 [6]
6 241 [2]
2 240 [7]
3 241 [5]
0 242 [7]
8 238 [3]
109 141 [0]
20 228 [2]
6 240 [4]
87 162 [1]
4 241 [5]
49 199 [2]
8 239 [3]
7 241 [2]
14 236 [0]
10 238 [2]
0 243 [7]
111 140 [0]
121 130 [0]
1 249 [1]
21 230 [0]
18 232 [1]
23 221 [7]
10 236 [5]
10 239 [2]
4 240 [7]
7 239 [6]
8 241 [3]
2 249 [1]
9 239 [5]
3 245 [5]
36 216 [1]
1 248 [4]
4 248 [1]
80 172 [1]
0 249 [4]
7 246 [1]
13 239 [2]
7 245 [2]
50 204 [0]
9 245 [0]
105 149 [0]
4 246 [4]
10 242 [2]
1 252 [1]
69 185 [0]
4 245 [5]
8 243 [3]
1 246 [7]
6 244 [5]
14 239 [2]
7 242 [6]
0 248 [7]
12 240 [3]
20 233 [2]
5 246 [4]
1 250 [4]
2 246 [7]
5 244 [6]
27 227 [2]
4 251 [1]
6 246 [4]
5 250 [1]
10 240 [6]
1 251 [4]
42 211 [3]
64 187 [5]
9 247 [0]
8 245 [3]
5 251 [1]
14 243 [0]
79 172 [6]
0 250 [7]
0 251 [7]
10 243 [5]
42 209 [7]
5 247 [6]
6 247 [5]
16 236 [6]
0 254 [4]
27 229 [2]
4 249 [6]
10 247 [2]
56 202 [1]
8 248 [3]
36 219 [4]
129 131 [0]
5 249 [6]
6 249 [5]
22 231 [7]
10 248 [2]
29 231 [0]
53 207 [0]
2 252 [6]
6 253 [2]
8 250 [3]
10 249 [2]
4 255 [2]
9 252 [0]
7 248 [6]
2 253 [6]
45 214 [2]
98 158 [5]
4 252 [6]
2 254 [6]
8 251 [3]
10 250 [2]
5 255 [2]
4 253 [5]
73 185 [4]
9 253 [0]
7 253 [3]
128 135 [0]
21 242 [0]
10 251 [2]
66 197 [0]
5 257 [1]
0 259 [4]
7 250 [6]
12 246 [5]
6 255 [2]
6 252 [5]
8 252 [3]
61 199 [3]
7 254 [2]
2 257 [4]
0 256 [7]
4 254 [5]
27 236 [0]
2 255 [6]
10 252 [2]
8 253 [3]
0 257 [7]
5 254 [5]
38 225 [2]
8 254 [3]
1 260 [4]
1 257 [7]
42 220 [3]
0 258 [7]
7 255 [3]
16 243 [6]
25 234 [7]
5 260 [1]
20 240 [6]
10 254 [2]
2 260 [4]
8 255 [3]
91 175 [0]
98 161 [7]
1 261 [4]
5 261 [1]
2 261 [4]
0 260 [7]
25 235 [7]
8 256 [3]
2 259 [6]
6 259 [2]
66 201 [1]
7 259 [2]
9 259 [0]
84 184 [0]
20 246 [2]
0 261 [7]
39 222 [7]
5 262 [1]
1 263 [4]
3 259 [6]
102 161 [5]
4 263 [1]
8 258 [3]
49 218 [2]
21 248 [0]
22 247 [0]
1 264 [4]
39 223 [7]
0 262 [7]
2 264 [4]
34 235 [1]
5 264 [1]
14 256 [0]
25 238 [7]
82 189 [0]
115 156 [0]
2 265 [4]
10 256 [5]
106 165 [0]
48 219 [4]
21 250 [0]
80 190 [1]
14 258 [0]
21 251 [0]
0 265 [7]
8 261 [3]
27 243 [2]
10 257 [5]
1 268 [4]
34 238 [1]
14 257 [2]
64 204 [5]
11 255 [7]
29 244 [0]
43 230 [0]
4 268 [1]
16 257 [0]
13 260 [0]
1 269 [4]
4 269 [1]
13 261 [0]
79 188 [7]
79 190 [6]
7 266 [2]
8 264 [3]
9 266 [0]
13 262 [0]
42 231 [2]
1 270 [4]
5 269 [1]
6 263 [6]
99 177 [0]
0 269 [7]
1 271 [4]
100 172 [4]
38 236 [2]
7 267 [2]
8 265 [3]
2 270 [4]
4 267 [5]
9 267 [0]
7 263 [6]
5 271 [1]
0 270 [7]
9 263 [5]
2 271 [4]
8 266 [3]
50 227 [0]
2 272 [4]
8 267 [3]
0 271 [7]
1 273 [4]
14 265 [0]
1 274 [4]
2 273 [4]
8 268 [3]
5 273 [1]
0 272 [7]
64 210 [5]
45 233 [2]
8 269 [3]
84 193 [3]
6 268 [6]
0 273 [7]
99 179 [2]
5 274 [1]
1 275 [4]
17 257 [6]
7 268 [6]
1 276 [4]
22 252 [7]
127 154 [0]
5 276 [1]
8 271 [3]
9 268 [5]
0 275 [7]
16 260 [6]
7 269 [6]
36 245 [1]
56 225 [2]
1 281 [1]
0 276 [7]
16 261 [6]
8 272 [3]
39 237 [7]
6 271 [6]
13 270 [0]
38 243 [2]
2 281 [1]
16 262 [6]
119 165 [0]
0 280 [4]
11 266 [7]
106 178 [0]
7 271 [6]
21 263 [0]
9 275 [0]
8 273 [3]
4 280 [1]
9 271 [5]
8 274 [3]
5 279 [1]
43 242 [0]
1 283 [1]
57 221 [7]
1 280 [4]
6 274 [6]
114 172 [0]
14 272 [0]
3 278 [5]
2 278 [6]
2 277 [7]
6 278 [2]
8 275 [3]
13 271 [2]
58 228 [0]
16 264 [6]
0 279 [7]
64 217 [5]
10 275 [2]
7 274 [6]
27 258 [2]
16 265 [6]
7 275 [5]
28 258 [1]
10 272 [5]
6 275 [6]
6 277 [4]
7 278 [2]
4 278 [5]
121 166 [1]
6 276 [6]
120 168 [0]
9 274 [5]
10 276 [2]
4 277 [7]
7 276 [5]
7 277 [4]
27 260 [2]
34 254 [1]
23 259 [7]
18 268 [3]
9 276 [5]
6 282 [2]
1 288 [1]
9 277 [4]
8 279 [3]
21 269 [0]
1 285 [4]
9 281 [0]
27 261 [2]
0 287 [4]
7 282 [2]
2 283 [6]
9 282 [0]
4 281 [6]
6 280 [5]
28 256 [7]
5 285 [1]
4 282 [5]
8 280 [3]
1 286 [4]
36 255 [1]
1 284 [7]
0 285 [7]
2 289 [1]
68 218 [6]
8 281 [3]
10 280 [2]
16 270 [6]
5 286 [1]
9 283 [0]
7 284 [1]
99 191 [2]
12 277 [3]
6 281 [5]
2 284 [7]
42 244 [7]
112 181 [0]
39 247 [7]
44 249 [0]
27 264 [2]
0 289 [4]
3 288 [2]
5 284 [4]
8 282 [3]
0 286 [7]
36 253 [4]
85 209 [0]
100 190 [4]
8 283 [3]
6 284 [4]
27 265 [2]
16 272 [6]
1 289 [4]
82 207 [5]
6 283 [5]
43 248 [3]
28 265 [1]
134 160 [0]
100 188 [6]
2 287 [6]
69 226 [0]
1 290 [4]
84 208 [3]
10 283 [2]
88 206 [2]
8 285 [3]
7 287 [2]
48 241 [7]
23 266 [7]
5 288 [3]
8 288 [0]
130 166 [0]
15 274 [7]
43 250 [3]
38 256 [2]
2 290 [4]
5 290 [1]
2 288 [6]
139 158 [0]
10 285 [2]
8 286 [3]
0 290 [7]
144 153 [0]
48 245 [4]
111 182 [4]
1 292 [4]
5 287 [5]
10 284 [3]
23 267 [7]
38 258 [2]
8 287 [3]
6 286 [6]
85 211 [2]
10 286 [2]
91 204 [3]
7 286 [5]
83 215 [0]
2 295 [1]
2 292 [4]
7 288 [3]
5 292 [1]
43 251 [5]
27 270 [2]
5 293 [1]
1 294 [4]
119 178 [2]
6 291 [2]
10 287 [2]
0 295 [4]
9 284 [6]
4 294 [1]
2 293 [4]
56 243 [1]
9 291 [0]
148 152 [0]
5 289 [6]
73 226 [1]
1 295 [4]
4 291 [5]
8 289 [3]
11 282 [7]
7 291 [2]
0 293 [7]
6 289 [5]
4 296 [1]
8 290 [3]
1 296 [4]
12 284 [5]
0 297 [4]
113 188 [0]
10 289 [2]
0 294 [7]
107 194 [0]
27 273 [2]
3 297 [2]
8 291 [3]
1 298 [4]
20 277 [6]
13 290 [0]
8 292 [3]
9 294 [0]
5 298 [1]
58 246 [0]
10 292 [2]
8 293 [3]
55 245 [4]
30 274 [0]
2 298 [4]
1 299 [4]
5 294 [6]
1 300 [4]
5 297 [3]
6 294 [5]
2 299 [4]
0 298 [7]
38 265 [2]
8 294 [3]
2 297 [6]
5 299 [1]
7 292 [6]
4 300 [1]
0 301 [4]
10 290 [5]
0 299 [7]
6 295 [5]
75 227 [4]
10 294 [2]
9 297 [0]
147 159 [0]
20 284 [2]
9 292 [5]
14 290 [2]
21 285 [0]
7 297 [3]
8 296 [3]
1 302 [4]
4 302 [1]
85 220 [2]
27 279 [2]
0 304 [4]
5 302 [1]
75 229 [4]
48 253 [7]
2 301 [6]
8 298 [3]
22 280 [7]
29 280 [0]
7 296 [6]
7 301 [2]
22 281 [7]
8 299 [3]
9 296 [5]
5 301 [5]
1 306 [4]
13 298 [0]
3 303 [5]
8 300 [3]
50 262 [0]
0 305 [7]
7 303 [2]
1 307 [4]
4 303 [5]
0 308 [4]
5 306 [1]
13 299 [0]
22 283 [7]
38 272 [2]
8 301 [3]
9 303 [0]
5 307 [1]
56 256 [1]
10 301 [2]
4 304 [5]
0 309 [4]
9 304 [0]
2 307 [4]
6 302 [6]
5 304 [5]
3 309 [2]
15 292 [7]
7 302 [5]
9 300 [5]
49 263 [2]
8 304 [3]
56 258 [1]
23 291 [1]
151 164 [0]
1 310 [4]
9 306 [0]
21 294 [0]
4 310 [1]
1 309 [6]
101 215 [0]
8 305 [3]
7 309 [0]
10 304 [2]
18 296 [2]
9 302 [5]
5 310 [1]
2 308 [6]
32 280 [5]
1 312 [4]
8 306 [3]
132 185 [0]
43 269 [5]
2 309 [6]
9 308 [0]
5 311 [1]
4 312 [1]
9 309 [0]
4 308 [6]
22 289 [7]
92 223 [3]
0 311 [7]
85 231 [2]
8 307 [3]
27 290 [2]
25 287 [7]
5 313 [1]
2 313 [4]
0 315 [4]
6 308 [5]
10 307 [2]
14 305 [0]
8 308 [3]
1 314 [4]
10 305 [5]
50 270 [0]
18 300 [2]
10 308 [2]
7 307 [6]
16 298 [6]
0 313 [7]
9 307 [5]
4 315 [2]
9 312 [0]
10 306 [5]
16 299 [6]
1 316 [4]
8 310 [3]
0 314 [7]
5 316 [1]
84 235 [3]
34 287 [1]
56 265 [1]
33 288 [1]
8 311 [3]
14 306 [2]
45 277 [0]
27 293 [2]
6 315 [2]
21 302 [0]
8 312 [3]
6 312 [5]
3 315 [5]
2 315 [6]
50 273 [0]
7 312 [5]
9 310 [5]
10 312 [2]
29 295 [0]
87 236 [1]
5 319 [1]
4 320 [1]
2 317 [6]
6 317 [2]
8 314 [3]
7 315 [3]
13 306 [6]
3 317 [5]
1 320 [4]
7 317 [2]
8 315 [3]
0 322 [4]
2 322 [2]
7 318 [1]
13 313 [0]
1 321 [4]
1 324 [1]
0 319 [7]
2 321 [4]
2 318 [7]
61 263 [3]
3 322 [2]
8 316 [3]
11 315 [1]
13 314 [0]
5 321 [1]
0 323 [4]
10 316 [2]
27 299 [2]
6 316 [6]
109 214 [5]
0 324 [4]
8 317 [3]
122 206 [0]
1 323 [4]
0 321 [7]
6 318 [4]
50 279 [0]
7 316 [6]
7 322 [0]
98 227 [4]
64 260 [5]
8 319 [3]
24 306 [0]
1 325 [4]
1 328 [1]
64 262 [5]
43 285 [3]
85 244 [2]
0 327 [4]
5 325 [1]
9 322 [0]
1 326 [4]
4 326 [1]
21 310 [0]
10 320 [2]
0 325 [7]
8 321 [3]
2 324 [6]
6 320 [6]
98 229 [5]
7 324 [2]
21 312 [0]
16 311 [6]
9 324 [0]
42 289 [2]
4 327 [2]
4 324 [5]
7 320 [6]
64 264 [5]
25 301 [7]
48 278 [7]
9 318 [6]
5 324 [5]
6 323 [5]
4 328 [2]
9 320 [5]
102 227 [5]
8 323 [3]
56 272 [7]
3 327 [5]
1 333 [1]
16 313 [6]
33 297 [5]
112 222 [1]
10 323 [2]
4 330 [1]
6 327 [2]
2 327 [6]
8 324 [3]
2 329 [4]
124 212 [0]
8 325 [3]
3 328 [5]
25 304 [7]
0 329 [7]
16 314 [6]
15 320 [2]
8 326 [3]
7 327 [3]
22 308 [7]
9 328 [0]
5 326 [6]
6 328 [3]
1 336 [1]
7 328 [3]
42 295 [1]
97 237 [4]
8 327 [3]
18 320 [0]
10 326 [2]
112 223 [3]
15 316 [7]
2 331 [6]
9 330 [0]
51 288 [0]
64 270 [5]
34 304 [1]
8 328 [3]
20 318 [2]
36 303 [1]
8 329 [3]
1 332 [7]
7 332 [1]
27 311 [2]
9 331 [0]
7 331 [2]
5 331 [5]
2 332 [7]
4 331 [6]
5 330 [6]
16 319 [6]
6 330 [5]
7 334 [1]
9 333 [0]
4 336 [2]
10 330 [2]
27 313 [2]
6 332 [4]
4 333 [6]
2 334 [7]
94 249 [0]
7 335 [1]
27 314 [2]
90 253 [0]
4 332 [7]
50 293 [0]
3 336 [5]
5 333 [6]
10 329 [5]
2 335 [7]
8 333 [3]
6 334 [4]
75 264 [5]
38 305 [2]
6 335 [4]
1 340 [4]
10 333 [2]
6 336 [3]
11 327 [7]
6 337 [2]
69 275 [1]
2 340 [4]
7 336 [3]
5 339 [2]
70 276 [0]
7 338 [1]
69 276 [1]
1 338 [7]
3 341 [2]
4 338 [4]
9 337 [0]
4 335 [7]
30 316 [0]
7 337 [2]
12 332 [3]
2 339 [6]
109 233 [5]
8 336 [3]
80 266 [1]
3 339 [5]
2 338 [7]
33 309 [5]
16 325 [6]
7 339 [2]
6 338 [4]
9 339 [0]
4 339 [5]
7 341 [0]
8 337 [3]
1 346 [1]
10 332 [6]
148 196 [4]
27 319 [2]
5 341 [3]
2 346 [1]
2 341 [6]
8 341 [0]
73 275 [1]
2 343 [4]
9 334 [6]
9 341 [0]
8 339 [3]
5 344 [1]
0 343 [7]
6 342 [2]
2 342 [6]
12 335 [3]
3 342 [5]
27 321 [2]
1 345 [4]
79 266 [6]
4 342 [5]
16 329 [6]
8 340 [3]
0 344 [7]
5 345 [1]
37 315 [0]
22 330 [0]
0 345 [7]
22 323 [7]
1 350 [1]
79 267 [6]
6 340 [6]
29 323 [0]
111 237 [4]
8 342 [3]
4 348 [1]
75 273 [5]
7 340 [6]
12 338 [3]
1 348 [4]
1 351 [1]
49 302 [2]
10 338 [6]
8 343 [3]
1 352 [1]
27 325 [2]
91 260 [3]
0 350 [4]
2 351 [1]
29 326 [0]
22 326 [7]
0 351 [4]
11 337 [7]
78 277 [0]
141 214 [0]
48 303 [4]
129 225 [1]
9 346 [0]
51 297 [7]
75 279 [2]
91 262 [3]
4 350 [2]
9 347 [0]
20 334 [2]
25 324 [7]
4 351 [1]
4 346 [6]
131 225 [0]
70 286 [0]
7 349 [1]
36 317 [4]
10 345 [2]
14 343 [0]
5 346 [6]
6 346 [5]
8 346 [3]
20 332 [5]
6 345 [6]
7 345 [5]
13 344 [0]
1 356 [1]
3 350 [5]
69 286 [3]
8 350 [0]
6 347 [5]
8 347 [3]
2 350 [6]
10 343 [5]
5 347 [6]
2 349 [7]
9 350 [0]
105 254 [0]
132 226 [1]
5 353 [1]
9 345 [5]
10 344 [5]
6 349 [4]
10 347 [2]
33 322 [5]
1 355 [4]
5 354 [1]
32 323 [5]
6 348 [6]
2 354 [4]
14 344 [2]
4 349 [7]
0 353 [7]
7 350 [3]
112 247 [2]
49 310 [2]
2 355 [4]
9 352 [0]
50 311 [0]
119 240 [2]
7 348 [6]
0 354 [7]
20 335 [6]
19 336 [6]
22 333 [7]
1 354 [7]
9 348 [5]
8 351 [3]
4 352 [6]
0 355 [7]
15 340 [7]
6 351 [5]
56 305 [1]
10 351 [2]
1 361 [1]
8 352 [3]
176 187 [0]
80 282 [1]
5 352 [6]
32 326 [5]
25 331 [7]
86 273 [5]
12 349 [3]
1 359 [4]
10 352 [2]
2 358 [4]
2 356 [6]
9 355 [0]
91 270 [3]
50 314 [0]
4 359 [1]
55 303 [7]
0 358 [7]
8 354 [3]
9 356 [0]
16 343 [6]
1 360 [4]
45 318 [2]
34 331 [1]
7 357 [2]
2 360 [4]
16 344 [6]
61 302 [3]
8 355 [3]
4 357 [5]
3 361 [2]
4 356 [6]
13 353 [0]
8 356 [3]
51 309 [7]
4 362 [1]
1 362 [4]
23 337 [7]
64 298 [5]
147 219 [1]
0 360 [7]
6 356 [5]
177 191 [0]
104 264 [0]
5 362 [1]
9 359 [0]
0 364 [4]
50 313 [5]
10 353 [5]
8 357 [3]
0 362 [7]
50 319 [0]
5 361 [3]
137 232 [0]
139 229 [1]
21 348 [0]
8 361 [0]
8 358 [3]
2 361 [6]
14 353 [2]
4 363 [2]
10 354 [5]
38 329 [2]
8 359 [3]
6 359 [5]
30 340 [0]
5 359 [6]
100 266 [4]
10 355 [5]
5 363 [2]
1 365 [4]
9 361 [0]
2 365 [4]
6 363 [2]
2 363 [6]
5 365 [1]
7 361 [3]
50 321 [0]
8 360 [3]
88 281 [2]
10 359 [2]
14 355 [2]
75 293 [4]
48 317 [7]
4 366 [2]
4 367 [1]
1 367 [4]
27 344 [2]
7 363 [3]
100 267 [6]
8 362 [3]
10 358 [5]
1 371 [1]
9 364 [0]
5 366 [2]
4 364 [5]
8 363 [3]
2 366 [6]
141 233 [0]
13 355 [6]
5 364 [5]
6 366 [2]
80 291 [4]
128 243 [4]
20 349 [6]
10 360 [5]
8 364 [3]
0 371 [4]
50 325 [0]
19 350 [7]
79 291 [6]
2 368 [6]
14 360 [2]
16 354 [6]
39 330 [7]
8 365 [3]
7 366 [3]
2 373 [1]
36 339 [1]
10 364 [2]
3 368 [5]
2 370 [4]
5 370 [1]
0 369 [7]
6 368 [2]
0 370 [7]
8 366 [3]
0 373 [4]
4 368 [5]
1 373 [4]
8 367 [3]
5 367 [6]
9 369 [0]
5 372 [1]
6 367 [5]
2 371 [6]
33 341 [5]
13 360 [6]
8 368 [3]
10 367 [2]
0 375 [4]
0 372 [7]
175 204 [0]
22 351 [7]
9 371 [0]
113 267 [0]
114 266 [0]
51 322 [7]
21 359 [0]
16 358 [6]
8 369 [3]
68 310 [2]
7 371 [2]
29 351 [0]
4 371 [5]
22 352 [7]
5 371 [5]
45 334 [2]
11 363 [7]
6 369 [6]
8 370 [3]
93 288 [0]
10 369 [2]
7 369 [5]
5 374 [2]
0 380 [1]
6 371 [5]
27 353 [2]
64 313 [5]
98 279 [5]
5 376 [1]
36 342 [4]
2 374 [6]
1 380 [1]
6 374 [2]
2 379 [2]
6 375 [2]
2 377 [4]
10 371 [2]
21 362 [0]
28 354 [1]
27 354 [2]
38 343 [2]
3 375 [5]
1 378 [4]
64 314 [5]
8 372 [3]
0 379 [4]
1 382 [1]
86 293 [5]
5 373 [6]
2 378 [4]
14 370 [0]
1 376 [7]
5 378 [1]
4 375 [5]
8 373 [3]
11 366 [7]
9 375 [0]
2 381 [1]
7 375 [2]
4 376 [4]
7 374 [3]
3 379 [2]
1 377 [7]
0 378 [7]
27 358 [0]
45 338 [2]
8 374 [3]
3 380 [2]
0 381 [4]
22 356 [7]
10 373 [2]
7 379 [0]
102 279 [5]
24 355 [7]
0 382 [4]
5 377 [4]
1 381 [4]
8 375 [3]
128 256 [2]
100 282 [4]
11 375 [1]
23 357 [7]
8 376 [3]
158 229 [0]
85 295 [7]
16 365 [6]
8 377 [3]
5 380 [3]
8 380 [0]
9 379 [0]
21 367 [0]
186 202 [0]
176 210 [2]
75 311 [2]
2 380 [6]
1 387 [1]
7 376 [6]
9 380 [0]
1 388 [1]
21 369 [0]
2 382 [6]
4 385 [1]
1 386 [4]
0 387 [4]
5 385 [1]
9 376 [6]
7 382 [2]
24 360 [7]
135 256 [0]
7 378 [6]
0 388 [4]
4 387 [1]
2 384 [6]
3 384 [5]
6 384 [2]
11 374 [7]
56 329 [7]
6 381 [5]
5 382 [5]
5 386 [1]
2 383 [7]
0 385 [7]
5 381 [6]
2 386 [4]
105 287 [0]
6 383 [4]
12 376 [5]
7 384 [2]
39 347 [7]
13 378 [2]
10 378 [5]
8 382 [3]
14 378 [2]
1 389 [4]
16 372 [6]
27 365 [2]
4 383 [7]
2 389 [4]
8 384 [3]
176 217 [2]
9 386 [0]
174 221 [0]
5 389 [1]
100 291 [4]
0 391 [4]
147 241 [7]
9 387 [0]
25 364 [7]
0 389 [7]
2 388 [6]
5 390 [1]
2 390 [4]
98 293 [5]
8 386 [3]
48 342 [7]
10 385 [2]
9 388 [0]
0 393 [4]
187 210 [0]
7 385 [6]
6 387 [5]
1 390 [7]
197 201 [0]
1 396 [1]
39 352 [7]
75 319 [4]
38 358 [2]
12 383 [3]
5 388 [5]
16 377 [6]
10 383 [6]
27 370 [2]
28 370 [1]
8 388 [3]
124 274 [1]
10 387 [2]
2 391 [6]
34 364 [1]
6 388 [5]
51 341 [7]
1 394 [4]
7 391 [2]
55 339 [6]
9 391 [0]
8 389 [3]
10 388 [2]
36 363 [1]
4 395 [1]
2 394 [4]
1 395 [4]
5 395 [1]
8 390 [3]
27 372 [2]
0 394 [7]
4 392 [5]
7 392 [2]
10 386 [5]
4 391 [6]
75 321 [5]
29 373 [0]
9 393 [0]
4 393 [5]
13 389 [0]
129 272 [1]
0 395 [7]
22 373 [7]
14 386 [2]
8 392 [3]
5 397 [1]
5 393 [5]
181 222 [0]
77 326 [0]
0 397 [7]
152 252 [0]
2 398 [4]
8 393 [3]
4 400 [1]
8 394 [3]
1 400 [4]
10 393 [2]
0 398 [7]
9 396 [0]
75 325 [5]
137 268 [0]
27 377 [2]
8 395 [3]
4 396 [6]
2 403 [1]
0 399 [7]
105 301 [0]
5 400 [1]
21 385 [0]
8 396 [3]
122 281 [4]
0 403 [4]
1 405 [1]
5 396 [6]
0 400 [7]
13 394 [0]
10 396 [2]
2 405 [1]
1 403 [4]
36 368 [4]
10 397 [2]
1 404 [4]
2 401 [6]
20 383 [6]
1 407 [1]
22 387 [0]
9 401 [0]
2 404 [4]
24 386 [0]
4 402 [4]
7 397 [6]
7 402 [1]
29 381 [0]
1 402 [7]
8 399 [3]
38 370 [2]
2 402 [7]
185 226 [0]
0 407 [4]
16 389 [6]
8 400 [3]
1 406 [4]
3 407 [2]
5 406 [1]
35 377 [0]
6 402 [4]
6 401 [5]
10 400 [2]
14 398 [0]
61 348 [3]
16 390 [6]
2 406 [4]
8 401 [3]
49 362 [2]
10 401 [2]
1 408 [4]
10 398 [5]
4 408 [1]
0 406 [7]
14 399 [0]
9 402 [3]
9 405 [0]
117 297 [0]
6 403 [5]
25 382 [7]
56 358 [1]
0 408 [7]
10 402 [3]
8 404 [3]
69 345 [1]
2 409 [4]
3 410 [2]
5 407 [3]
2 407 [6]
0 409 [7]
5 405 [6]
8 405 [3]
10 404 [2]
6 404 [6]
86 325 [5]
16 394 [6]
12 402 [2]
21 395 [0]
6 405 [5]
7 407 [3]
4 412 [1]
22 388 [7]
33 379 [5]
1 412 [4]
42 373 [2]
7 404 [6]
1 415 [1]
51 361 [5]
80 337 [1]
21 397 [0]
102 311 [5]
84 331 [3]
5 410 [3]
178 240 [0]
9 404 [5]
27 389 [2]
8 410 [0]
2 410 [6]
5 412 [1]
7 411 [1]
0 415 [4]
1 417 [1]
8 408 [3]
1 414 [4]
0 412 [7]
27 390 [2]
8 409 [3]
7 410 [3]
10 408 [2]
16 398 [6]
2 411 [7]
4 415 [1]
6 411 [4]
1 413 [7]
13 406 [2]
1 416 [4]
10 406 [5]
21 400 [0]
7 413 [1]
2 416 [4]
98 319 [5]
9 413 [0]
5 416 [1]
18 404 [0]
2 413 [7]
50 372 [0]
14 406 [2]
27 394 [2]
14 409 [0]
8 412 [3]
95 328 [0]
6 413 [4]
25 391 [7]
4 418 [1]
48 368 [7]
89 328 [6]
1 418 [4]
36 384 [4]
10 412 [2]
10 409 [5]
76 344 [4]
4 413 [7]
1 419 [4]
20 402 [2]
25 393 [7]
180 245 [0]
0 418 [7]
22 396 [7]
27 398 [0]
2 417 [6]
0 419 [7]
2 423 [1]
6 415 [5]
6 414 [6]
8 415 [3]
2 420 [4]
15 404 [7]
9 417 [0]
34 391 [1]
5 415 [6]
0 423 [4]
7 414 [6]
1 422 [4]
4 422 [1]
0 420 [7]
9 418 [0]
27 399 [2]
28 399 [1]
12 413 [3]
43 385 [0]
9 414 [5]
6 417 [5]
1 423 [4]
8 417 [3]
0 424 [4]
34 393 [1]
9 419 [0]
76 353 [0]
5 418 [6]
21 408 [0]
6 418 [5]
0 422 [7]
8 418 [3]
127 295 [7]
7 421 [2]
42 381 [7]
53 377 [0]
9 416 [5]
1 425 [4]
9 421 [0]
6 419 [5]
8 419 [3]
4 421 [5]
22 401 [7]
7 418 [5]
10 419 [2]
26 400 [5]
89 336 [6]
115 310 [6]
181 247 [3]
211 220 [0]
16 409 [6]
7 419 [5]
10 416 [5]
8 420 [3]
9 422 [0]
14 416 [2]
5 426 [1]
68 362 [2]
29 403 [0]
90 342 [0]
109 318 [5]
147 278 [7]
1 430 [1]
0 425 [7]
8 421 [3]
203 230 [0]
20 411 [2]
9 424 [0]
0 429 [4]
0 426 [7]
6 422 [5]
8 422 [3]
5 422 [6]
39 387 [7]
174 259 [0]
21 412 [0]
9 425 [0]
10 422 [2]
64 365 [5]
0 430 [4]
14 420 [0]
2 428 [4]
97 333 [4]
6 423 [5]
128 305 [1]
4 424 [6]
1 429 [4]
5 428 [1]
4 429 [1]
8 424 [3]
148 283 [4]
10 420 [5]
95 336 [4]
137 296 [2]
13 416 [6]
6 424 [5]
5 424 [6]
21 414 [0]
7 427 [1]
88 346 [2]
1 428 [7]
2 427 [7]
8 425 [3]
51 380 [5]
10 424 [2]
0 432 [4]
7 425 [5]
2 431 [4]
10 425 [2]
5 431 [1]
54 382 [1]
6 425 [6]
6 427 [4]
0 433 [4]
2 430 [6]
4 432 [2]
69 369 [0]
4 433 [1]
1 434 [4]
38 399 [2]
9 430 [0]
1 431 [7]
137 300 [2]
38 398 [3]
8 428 [3]
48 384 [7]
152 283 [4]
176 261 [2]
26 408 [5]
21 418 [0]
6 432 [2]
8 429 [3]
5 429 [6]
5 434 [1]
4 430 [6]
2 432 [6]
5 430 [5]
6 429 [5]
3 432 [5]
0 434 [7]
100 337 [4]
8 430 [3]
10 426 [5]
175 262 [4]
6 430 [5]
7 432 [3]
14 426 [2]
8 431 [3]
9 427 [6]
79 357 [6]
211 231 [0]
208 235 [0]
8 432 [3]
73 369 [1]
53 390 [0]
43 397 [3]
4 438 [1]
1 438 [4]
3 436 [5]
106 338 [0]
6 436 [2]
9 435 [0]
4 435 [5]
97 347 [0]
33 407 [4]
7 435 [2]
22 415 [7]
5 438 [1]
29 415 [0]
2 436 [6]
135 305 [4]
8 433 [3]
6 433 [5]
5 433 [6]
4 436 [5]
112 330 [3]
2 439 [4]
7 436 [2]
7 437 [1]
75 365 [5]
22 417 [7]
49 395 [2]
8 435 [3]
1 444 [1]
21 425 [0]
7 434 [5]
6 434 [6]
2 437 [7]
10 434 [2]
87 358 [1]
103 344 [0]
0 443 [4]
6 437 [4]
1 442 [4]
8 436 [3]
24 416 [7]
9 433 [5]
33 410 [5]
3 440 [5]
2 440 [6]
5 442 [1]
6 440 [2]
43 400 [5]
109 334 [5]
2 442 [4]
186 258 [5]
143 306 [0]
20 427 [2]
0 448 [1]
0 442 [7]
154 295 [0]
7 441 [1]
1 448 [1]
16 428 [6]
6 438 [6]
10 437 [3]
8 439 [3]
2 441 [7]
7 438 [5]
5 445 [1]
6 441 [4]
75 372 [4]
23 421 [7]
8 440 [3]
2 444 [6]
9 443 [0]
5 446 [1]
9 437 [6]
0 445 [7]
4 443 [5]
9 438 [5]
29 423 [0]
5 443 [5]
2 447 [4]
209 244 [0]
3 448 [2]
126 327 [0]
14 439 [0]
22 424 [7]
119 332 [2]
1 446 [7]
4 444 [6]
4 446 [4]
6 447 [1]
198 257 [0]
1 450 [4]
6 444 [5]
1 447 [7]
27 426 [2]
4 447 [4]
188 267 [0]
5 449 [1]
22 433 [0]
8 444 [3]
2 449 [4]
10 443 [2]
4 451 [1]
203 248 [5]
9 441 [6]
8 448 [0]
2 450 [4]
0 455 [1]
9 447 [0]
114 337 [5]
5 450 [1]
8 445 [3]
5 448 [3]
119 335 [2]
43 408 [5]
10 444 [2]
1 451 [4]
9 448 [0]
1 449 [7]
27 428 [2]
45 411 [2]
7 448 [3]
10 446 [2]
29 429 [0]
1 456 [1]
22 429 [7]
1 453 [4]
0 451 [7]
8 447 [3]
90 368 [0]
203 250 [5]
117 341 [1]
21 438 [0]
20 437 [2]
2 455 [2]
1 454 [4]
103 353 [3]
10 447 [2]
7 446 [6]
4 454 [1]
0 452 [7]
129 329 [1]
5 453 [1]
203 251 [5]
83 376 [0]
219 241 [0]
27 431 [2]
12 446 [2]
0 456 [4]
202 258 [0]
79 375 [6]
148 308 [4]
141 318 [1]
9 451 [0]
7 447 [6]
43 412 [5]
6 455 [0]
28 428 [5]
16 439 [6]
8 450 [3]
9 446 [6]
5 451 [6]
7 455 [0]
1 460 [1]
111 347 [4]
99 356 [7]
199 263 [0]
6 451 [5]
4 455 [3]
1 455 [6]
51 407 [4]
2 460 [1]
10 451 [2]
20 441 [2]
45 413 [5]
3 455 [5]
5 455 [3]
7 451 [5]
100 357 [6]
35 428 [0]
0 459 [4]
10 449 [5]
0 460 [4]
12 447 [5]
8 453 [3]
4 458 [2]
2 456 [6]
7 452 [5]
6 452 [6]
28 431 [5]
82 377 [5]
137 320 [7]
10 452 [2]
9 455 [0]
16 442 [6]
14 449 [2]
147 317 [1]
6 453 [6]
5 457 [3]
5 458 [2]
5 454 [6]
16 449 [0]
8 454 [3]
4 460 [1]
9 456 [0]
8 457 [0]
10 450 [5]
2 457 [6]
204 262 [0]
9 452 [5]
35 431 [0]
7 453 [6]
5 456 [5]
6 458 [2]
2 458 [6]
124 340 [2]
14 450 [2]
32 429 [5]
10 454 [2]
8 456 [3]
7 457 [3]
6 459 [2]
2 461 [4]
1 462 [4]
2 459 [6]
3 459 [5]
16 445 [6]
9 453 [5]
9 459 [0]
51 410 [7]
10 456 [2]
28 439 [1]
7 458 [3]
27 439 [2]
85 381 [2]
7 461 [1]
222 247 [0]
0 462 [7]
1 464 [4]
4 461 [4]
4 464 [1]
104 365 [0]
8 458 [3]
1 461 [7]
68 395 [6]
5 463 [1]
155 314 [0]
39 424 [7]
119 349 [2]
1 465 [4]
216 255 [0]
1 463 [7]
113 357 [1]
8 460 [3]
6 460 [5]
27 442 [2]
230 242 [0]
8 461 [3]
21 451 [0]
0 465 [7]
122 346 [4]
17 449 [6]
10 460 [2]
190 282 [0]
1 471 [1]
5 462 [6]
129 343 [1]
5 467 [1]
22 444 [7]
107 361 [5]
21 452 [0]
8 463 [3]
10 462 [2]
0 467 [7]
6 462 [6]
7 462 [5]
3 466 [5]
27 445 [2]
6 466 [2]
183 292 [0]
7 466 [2]
5 464 [6]
6 464 [5]
0 471 [4]
24 450 [1]
4 466 [5]
10 463 [2]
25 443 [7]
15 453 [7]
8 464 [3]
176 298 [2]
8 465 [3]
7 463 [6]
84 391 [1]
9 461 [6]
9 462 [5]
11 458 [7]
3 471 [2]
36 436 [4]
7 469 [1]
12 463 [2]
82 390 [5]
79 392 [6]
203 269 [5]
8 466 [3]
10 465 [2]
9 468 [0]
7 468 [2]
4 468 [5]
176 299 [2]
2 470 [6]
2 469 [7]
12 461 [5]
61 414 [3]
2 472 [4]
145 333 [0]
34 443 [1]
7 465 [6]
0 475 [4]
9 470 [0]
8 468 [3]
4 470 [5]
39 433 [7]
2 471 [6]
7 470 [2]
4 474 [1]
5 471 [3]
6 469 [4]
38 439 [2]
36 440 [4]
3 475 [2]
221 259 [0]
5 470 [5]
13 467 [0]
167 313 [0]
7 471 [3]
8 470 [3]
4 476 [1]
1 476 [4]
7 473 [1]
66 415 [0]
1 473 [7]
2 473 [7]
92 387 [3]
10 469 [3]
1 480 [1]
101 376 [5]
10 470 [2]
7 475 [0]
1 477 [4]
173 309 [0]
8 475 [0]
8 472 [3]
115 362 [6]
6 473 [4]
2 475 [6]
9 474 [0]
30 453 [0]
5 477 [1]
5 475 [3]
22 454 [7]
23 459 [1]
4 473 [7]
0 477 [7]
9 469 [6]
5 478 [1]
5 479 [1]
2 479 [4]
5 474 [6]
0 478 [7]
1 483 [1]
8 474 [3]
22 456 [7]
21 465 [0]
6 474 [6]
53 428 [5]
10 474 [2]
14 472 [0]
87 398 [1]
1 481 [4]
11 468 [7]
1 482 [4]
5 481 [1]
10 472 [5]
5 476 [6]
8 476 [3]
140 347 [0]
0 487 [1]
2 480 [6]
85 403 [0]
3 483 [2]
10 476 [2]
0 481 [7]
0 484 [4]
8 477 [3]
1 486 [1]
53 431 [5]
9 480 [0]
16 467 [6]
69 419 [1]
180 303 [6]
22 460 [7]
29 460 [0]
8 479 [3]
3 485 [2]
147 342 [1]
6 480 [5]
5 483 [3]
13 478 [0]
107 380 [4]
183 307 [1]
32 454 [5]
20 469 [2]
8 483 [0]
2 487 [2]
8 480 [3]
2 484 [6]
8 481 [3]
9 483 [0]
203 285 [5]
10 478 [5]
6 487 [0]
7 484 [2]
22 464 [7]
29 464 [0]
9 484 [0]
73 419 [1]
2 485 [6]
78 413 [2]
4 484 [5]
7 483 [3]
5 485 [3]
8 485 [0]
7 487 [0]
5 484 [5]
69 425 [0]
106 383 [5]
1 487 [6]
16 472 [6]
5 488 [1]
14 478 [2]
10 479 [5]
6 482 [6]
0 488 [7]
7 482 [6]
7 485 [3]
8 484 [3]
48 440 [7]
21 474 [0]
50 445 [0]
3 487 [5]
33 457 [5]
36 458 [1]
5 487 [3]
5 490 [1]
9 487 [0]
4 486 [6]
27 467 [2]
10 484 [2]
9 482 [5]
56 439 [1]
1 492 [4]
2 491 [4]
219 278 [0]
8 486 [3]
97 396 [4]
6 486 [5]
3 489 [5]
6 490 [1]
173 322 [2]
2 489 [6]
6 489 [2]
100 392 [6]
0 491 [7]
10 486 [2]
4 489 [5]
7 489 [2]
1 490 [7]
4 490 [4]
23 468 [7]
0 495 [4]
20 473 [6]
5 493 [1]
9 490 [0]
16 477 [6]
88 405 [7]
0 500 [0]
16 478 [6]
232 268 [0]
0 493 [7]
0 496 [4]
1 495 [4]
32 464 [5]
16 479 [6]
8 490 [3]
0 497 [4]
0 494 [7]
76 426 [0]
25 470 [7]
145 352 [5]
61 438 [3]
0 501 [1]
8 491 [3]
10 490 [2]
21 482 [0]
8 492 [3]
16 481 [6]
7 490 [6]
4 497 [2]
133 370 [0]
10 488 [5]
8 493 [3]
93 407 [4]
119 383 [2]
51 448 [5]
6 492 [6]
70 434 [0]
1 499 [4]
2 500 [2]
4 499 [1]
69 434 [1]
34 470 [1]
2 499 [4]
2 497 [6]
22 476 [7]
6 497 [2]
5 499 [1]
9 496 [0]
2 501 [2]
7 492 [6]
10 491 [5]
10 494 [2]
6 494 [6]
36 466 [4]
79 421 [6]
9 492 [5]
5 495 [6]
113 392 [1]
7 494 [5]
27 477 [2]
4 496 [6]
227 279 [0]
6 495 [5]
108 398 [0]
6 501 [0]
195 312 [0]
27 478 [2]
7 497 [3]
5 496 [6]
9 498 [0]
1 500 [6]
4 500 [3]
74 433 [0]
10 496 [2]
33 471 [4]
27 479 [2]
8 497 [3]
5 500 [3]
8 500 [0]
47 461 [0]
9 494 [5]
7 501 [0]
4 504 [1]
2 503 [4]
22 480 [7]
8 501 [0]
6 498 [5]
5 501 [3]
5 498 [6]
3 501 [5]
1 504 [4]
9 500 [0]
8 498 [3]
1 507 [1]
5 503 [1]
9 501 [0]
27 481 [2]
8 499 [3]
2 502 [6]
10 498 [2]
6 502 [2]
3 502 [5]
2 505 [4]
64 442 [5]
4 502 [5]
43 465 [3]
28 479 [5]
7 499 [6]
7 502 [3]
33 475 [5]
7 505 [1]
32 476 [5]
8 502 [3]
9 499 [5]
16 491 [6]
1 505 [7]
8 503 [3]
35 479 [0]
1 512 [1]
2 508 [4]
15 492 [7]
181 330 [3]
51 457 [7]
2 512 [1]
22 486 [7]
8 504 [3]
9 506 [0]
1 513 [1]
85 423 [7]
2 507 [6]
9 507 [0]
147 368 [1]
6 504 [6]
115 395 [6]
8 505 [3]
10 504 [2]
5 506 [6]
2 509 [6]
3 509 [5]
7 504 [6]
27 488 [2]
8 506 [3]
4 507 [6]
6 509 [2]
5 510 [2]
14 503 [0]
57 459 [1]
0 511 [7]
1 516 [1]
10 506 [2]
6 510 [2]
8 507 [3]
178 335 [5]
10 503 [5]
48 466 [4]
82 431 [5]
4 509 [5]
2 510 [6]
3 510 [5]
241 278 [0]
8 508 [3]
7 509 [3]
3 514 [2]
34 484 [1]
9 510 [0]
79 435 [6]
9 505 [6]
8 509 [3]
7 510 [3]
9 511 [0]
69 452 [0]
2 515 [4]
8 510 [3]
9 512 [0]
15 499 [7]
2 513 [6]
2 517 [2]
0 517 [4]
27 493 [2]
12 505 [5]
9 513 [0]
30 492 [0]
100 421 [1]
2 514 [6]
50 467 [5]
8 514 [0]
18 504 [0]
5 514 [3]
14 508 [0]
10 511 [2]
99 417 [7]
8 512 [3]
6 512 [5]
6 511 [6]
10 508 [5]
7 511 [5]
7 514 [3]
2 518 [4]
8 513 [3]
29 495 [0]
6 513 [5]
1 519 [4]
7 517 [0]
22 495 [7]
0 520 [4]
4 519 [1]
109 411 [5]
9 516 [0]
75 445 [5]
10 513 [2]
16 503 [6]
3 517 [5]
0 518 [7]
73 452 [1]
15 504 [7]
9 517 [0]
4 516 [6]
8 515 [3]
5 516 [6]
8 516 [3]
50 477 [0]
0 523 [4]
1 525 [1]
1 526 [1]
0 521 [7]
117 410 [1]
3 523 [2]
2 526 [1]
22 500 [7]
0 525 [4]
213 316 [0]
36 489 [4]
83 446 [0]
8 518 [3]
1 527 [1]
5 524 [1]
10 515 [5]
16 508 [6]
127 403 [0]
232 296 [2]
0 526 [4]
77 454 [0]
5 520 [6]
8 520 [3]
0 524 [7]
7 522 [2]
5 523 [3]
122 405 [4]
28 503 [0]
6 520 [5]
99 430 [2]
38 491 [2]
4 525 [2]
50 481 [0]
4 522 [5]
9 523 [0]
27 503 [2]
7 519 [6]
103 426 [3]
14 518 [0]
0 529 [4]
2 525 [6]
3 525 [5]
7 523 [3]
51 475 [7]
9 519 [5]
8 522 [3]
9 520 [5]
13 521 [0]
5 528 [1]
2 528 [4]
1 529 [4]
9 525 [0]
1 532 [1]
4 529 [1]
157 378 [0]
7 525 [3]
250 285 [0]
9 526 [0]
2 532 [1]
179 356 [0]
143 386 [7]
100 435 [1]
91 442 [3]
1 528 [7]
22 507 [7]
219 317 [0]
5 526 [5]
86 445 [5]
69 462 [5]
64 467 [5]
4 527 [6]
8 526 [3]
13 524 [0]
16 515 [6]
6 526 [5]
5 531 [1]
53 479 [5]
5 527 [6]
113 421 [4]
7 530 [1]
6 527 [5]
0 534 [4]
8 527 [3]
1 530 [7]
0 531 [7]
35 503 [0]
10 524 [5]
232 300 [7]
4 534 [1]
129 409 [1]
10 527 [2]
5 533 [1]
2 530 [7]
8 528 [3]
2 533 [4]
21 519 [0]
6 530 [4]
5 529 [6]
2 537 [1]
16 518 [6]
109 427 [5]
2 535 [4]
33 501 [7]
51 483 [7]
9 532 [0]
22 512 [7]
0 537 [4]
10 529 [2]
0 535 [7]
2 536 [4]
22 520 [0]
4 532 [6]
227 311 [4]
36 502 [4]
22 513 [7]
39 496 [7]
238 304 [0]
9 534 [0]
51 485 [7]
50 493 [0]
0 536 [7]
6 532 [5]
10 530 [3]
10 528 [5]
208 331 [4]
16 521 [6]
2 538 [4]
42 495 [7]
27 515 [2]
39 498 [7]
8 533 [3]
13 531 [0]
8 534 [3]
5 539 [1]
0 541 [4]
9 530 [6]
5 534 [6]
6 534 [5]
0 538 [7]
22 516 [7]
64 477 [5]
4 541 [1]
83 463 [0]
188 357 [1]
8 535 [3]
16 524 [6]
10 531 [5]
145 396 [5]
61 482 [3]
0 539 [7]
14 531 [2]
12 530 [5]
0 543 [4]
8 536 [3]
36 510 [1]
28 518 [1]
8 537 [3]
6 537 [5]
38 508 [2]
245 303 [0]
5 537 [6]
28 515 [5]
80 468 [1]
8 538 [3]
1 544 [4]
4 540 [5]
36 509 [4]
7 540 [2]
9 540 [0]
0 542 [7]
1 548 [1]
27 521 [2]
35 515 [0]
9 541 [0]
4 545 [1]
129 420 [1]
227 319 [4]
16 528 [6]
2 544 [4]
10 535 [5]
14 536 [0]
19 525 [7]
10 536 [5]
1 546 [4]
8 540 [3]
2 543 [6]
0 544 [7]
10 539 [2]
109 437 [5]
233 318 [0]
101 446 [5]
20 530 [2]
8 541 [3]
212 340 [0]
7 543 [2]
7 539 [6]
5 546 [1]
113 435 [4]
39 506 [7]
9 543 [0]
47 505 [0]
23 522 [7]
5 541 [6]
14 538 [0]
0 548 [4]
4 543 [5]
16 531 [6]
27 524 [2]
5 543 [5]
79 468 [6]
0 546 [7]
5 547 [1]
173 379 [1]
2 550 [1]
8 542 [3]
77 476 [0]
148 401 [4]
6 543 [5]
4 548 [2]
0 550 [4]
0 547 [7]
199 348 [7]
8 544 [3]
10 543 [2]
33 517 [5]
109 441 [5]
22 526 [7]
3 548 [5]
8 545 [3]
2 548 [6]
5 545 [6]
14 542 [0]
16 535 [6]
75 477 [5]
27 528 [2]
8 546 [3]
6 545 [6]
152 401 [4]
9 548 [0]
13 544 [0]
10 545 [2]
22 529 [7]
38 518 [2]
8 547 [3]
7 549 [2]
16 536 [6]
7 548 [3]
4 549 [5]
29 529 [0]
6 551 [2]
6 552 [1]
126 432 [1]
107 448 [4]
76 478 [6]
1 552 [7]
7 552 [1]
8 549 [3]
4 552 [4]
27 531 [2]
2 554 [4]
9 551 [0]
4 550 [6]
2 557 [1]
154 403 [3]
7 551 [2]
5 552 [4]
8 550 [3]
1 553 [7]
0 557 [4]
256 305 [0]
75 481 [5]
6 550 [5]
2 552 [7]
5 550 [6]
33 523 [5]
7 553 [1]
22 532 [7]
2 555 [4]
178 383 [0]
27 535 [0]
8 551 [3]
10 550 [2]
27 533 [2]
2 553 [7]
39 516 [7]
9 553 [0]
4 554 [4]
1 554 [7]
6 555 [1]
0 556 [7]
4 558 [1]
7 555 [1]
8 552 [3]
1 555 [7]
1 558 [4]
35 528 [0]
69 494 [0]
101 463 [0]
76 488 [0]
268 296 [0]
0 560 [4]
4 553 [7]
2 562 [1]
2 559 [4]
143 416 [6]
8 554 [3]
27 536 [2]
48 510 [7]
1 563 [1]
16 544 [6]
29 537 [0]
21 545 [0]
6 559 [1]
0 562 [4]
8 555 [3]
39 520 [7]
32 529 [5]
1 564 [1]
22 537 [7]
157 406 [3]
12 552 [2]
28 538 [1]
27 538 [2]
5 561 [1]
8 556 [3]
0 563 [4]
7 559 [1]
60 500 [7]
1 559 [7]
4 559 [4]
1 562 [4]
2 561 [4]
8 557 [3]
16 546 [6]
6 560 [2]
73 494 [1]
6 557 [5]
2 560 [6]
3 560 [5]
5 557 [6]
0 561 [7]
12 553 [3]
11 551 [7]
9 560 [0]
1 561 [7]
9 554 [6]
7 560 [2]
16 547 [6]
8 558 [3]
233 334 [3]
9 555 [6]
6 558 [6]
14 556 [0]
23 540 [7]
8 559 [3]
141 427 [3]
50 521 [0]
7 558 [6]
93 471 [7]
12 554 [5]
27 542 [2]
10 556 [5]
28 542 [1]
8 561 [3]
0 565 [7]
5 566 [1]
51 514 [7]
12 555 [5]
2 566 [4]
9 563 [0]
176 394 [2]
6 562 [5]
12 559 [2]
9 564 [0]
9 561 [3]
4 563 [6]
53 515 [5]
5 563 [5]
83 490 [0]
8 563 [3]
4 569 [1]
2 568 [4]
6 563 [5]
9 559 [6]
192 382 [0]
0 567 [7]
15 558 [2]
240 335 [0]
5 564 [6]
56 518 [1]
8 564 [3]
268 300 [7]
117 457 [1]
184 391 [0]
27 546 [2]
51 517 [7]
0 568 [7]
38 535 [2]
27 547 [2]
8 565 [3]
38 536 [2]
10 564 [2]
8 566 [3]
9 568 [0]
14 561 [2]
16 561 [0]
38 538 [2]
18 558 [2]
8 567 [3]
1 573 [4]
106 473 [0]
124 453 [2]
1 577 [1]
23 549 [7]
2 570 [7]
1 574 [4]
20 553 [6]
0 573 [7]
5 574 [1]
5 569 [6]
154 423 [3]
10 565 [5]
39 534 [7]
69 511 [0]
2 574 [4]
2 577 [1]
6 570 [4]
188 392 [1]
99 480 [2]
53 528 [0]
51 523 [7]
6 569 [6]
13 568 [0]
0 574 [7]
42 537 [2]
141 437 [3]
5 575 [1]
4 570 [7]
5 576 [1]
38 542 [2]
0 575 [7]
7 569 [6]
85 495 [2]
39 541 [2]
8 571 [3]
9 573 [0]
61 519 [3]
6 576 [1]
1 575 [7]
31 552 [0]
9 569 [5]
10 568 [5]
109 469 [5]
8 572 [3]
5 573 [6]
17 561 [6]
147 436 [1]
4 576 [4]
4 579 [1]
14 568 [2]
1 579 [4]
8 573 [3]
12 570 [3]
5 578 [2]
10 573 [2]
8 574 [3]
0 581 [4]
6 573 [6]
43 539 [3]
73 511 [1]
4 580 [1]
141 441 [3]
14 571 [0]
9 576 [0]
113 468 [4]
22 557 [7]
3 578 [5]
3 581 [2]
10 570 [6]
216 366 [4]
9 577 [0]
0 579 [7]
10 571 [5]
6 578 [2]
2 578 [6]
9 578 [0]
8 576 [3]
1 582 [4]
4 578 [5]
4 577 [6]
10 572 [5]
287 301 [0]
60 526 [2]
8 577 [3]
9 574 [5]
6 577 [5]
10 576 [2]
9 580 [0]
5 581 [3]
2 581 [6]
5 583 [1]
1 587 [1]
0 582 [7]
16 567 [6]
240 349 [0]
7 576 [6]
8 578 [3]
186 399 [5]
21 569 [0]
14 574 [2]
5 579 [6]
9 581 [0]
0 586 [4]
5 584 [1]
6 579 [5]
23 560 [7]
8 579 [3]
64 521 [5]
10 575 [5]
2 584 [4]
2 587 [1]
16 568 [6]
1 583 [7]
20 570 [1]
14 575 [2]
5 580 [6]
92 496 [3]
16 575 [0]
10 579 [2]
0 584 [7]
7 581 [3]
203 385 [3]
0 585 [7]
90 502 [0]
10 580 [2]
22 563 [7]
16 571 [6]
1 591 [1]
5 586 [2]
5 582 [6]
56 536 [1]
8 582 [3]
117 475 [1]
12 576 [5]
13 574 [6]
8 583 [3]
119 473 [2]
103 488 [3]
7 582 [5]
6 586 [2]
273 321 [0]
216 374 [4]
2 586 [6]
21 573 [0]
10 582 [2]
44 550 [0]
3 586 [5]
28 565 [1]
10 583 [2]
27 566 [2]
97 498 [0]
0 588 [7]
2 589 [4]
1 590 [4]
0 591 [4]
8 584 [3]
56 538 [1]
5 590 [1]
296 300 [0]
9 587 [0]
148 444 [4]
74 520 [2]
3 591 [2]
9 582 [5]
8 585 [3]
38 556 [2]
98 493 [5]
7 586 [3]
27 567 [2]
50 547 [0]
107 483 [7]
12 583 [2]
8 586 [3]
4 587 [6]
179 417 [2]
6 587 [5]
17 575 [6]
11 586 [1]
8 587 [3]
56 542 [1]
4 593 [2]
14 585 [0]
2 591 [6]
5 591 [3]
292 307 [0]
90 509 [0]
8 588 [3]
5 594 [1]
45 553 [2]
102 493 [5]
5 593 [2]
2 592 [6]
8 589 [3]
21 579 [0]
3 592 [5]
143 450 [7]
10 585 [5]
1 595 [4]
47 554 [0]
0 597 [4]
2 595 [4]
42 557 [2]
4 592 [5]
1 596 [4]
2 593 [6]
1 599 [1]
7 591 [3]
272 329 [0]
8 590 [3]
0 594 [7]
28 572 [1]
4 596 [1]
5 595 [1]
14 588 [0]
9 593 [0]
22 580 [0]
47 555 [0]
3 597 [2]
88 512 [2]
129 472 [1]
7 592 [3]
7 593 [3]
203 397 [3]
97 506 [0]
10 588 [5]
280 323 [0]
8 592 [3]
14 589 [0]
227 372 [4]
117 485 [1]
219 384 [1]
8 593 [3]
202 399 [4]
0 598 [7]
24 574 [7]
8 594 [3]
2 597 [6]
38 565 [2]
10 590 [5]
5 597 [3]
0 602 [4]
5 600 [1]
9 597 [0]
47 559 [0]
14 590 [2]
8 595 [3]
77 529 [0]
76 524 [6]
79 522 [6]
0 600 [7]
99 507 [2]
1 603 [4]
13 595 [0]
238 364 [6]
9 599 [0]
6 596 [6]
7 596 [6]
2 601 [6]
40 568 [1]
4 599 [6]
8 598 [3]
5 603 [1]
7 601 [2]
9 596 [5]
16 588 [6]
74 534 [2]
8 599 [3]
5 599 [6]
39 564 [7]
4 601 [6]
206 405 [0]
11 593 [7]
38 571 [2]
16 589 [6]
5 604 [2]
10 599 [2]
263 348 [0]
9 602 [0]
1 606 [4]
112 496 [3]
5 601 [5]
4 602 [6]
8 601 [3]
1 607 [4]
38 572 [2]
6 604 [2]
2 606 [4]
14 598 [0]
75 533 [4]
2 604 [6]
56 556 [1]
141 469 [3]
27 584 [2]
3 608 [2]
6 602 [5]
10 601 [2]
5 607 [1]
2 609 [2]
64 544 [5]
5 602 [6]
2 607 [4]
188 421 [4]
13 600 [0]
8 602 [3]
0 610 [4]
2 605 [7]
147 466 [1]
8 603 [3]
1 612 [1]
7 604 [3]
10 602 [2]
10 600 [5]
6 605 [4]
8 604 [3]
91 521 [3]
272 343 [0]
36 578 [1]
16 594 [6]
4 605 [7]
0 612 [4]
8 608 [0]
22 587 [7]
7 605 [4]
7 609 [0]
2 608 [6]
5 608 [3]
16 595 [6]
3 609 [5]
97 516 [4]
50 567 [0]
8 606 [3]
21 596 [0]
27 588 [2]
0 613 [4]
74 541 [2]
9 605 [4]
7 608 [3]
255 363 [0]
28 589 [1]
124 492 [2]
0 611 [7]
27 589 [2]
10 603 [5]
230 385 [3]
9 609 [0]
33 581 [5]
14 603 [2]
9 610 [0]
4 613 [2]
4 615 [1]
203 412 [5]
2 612 [6]
9 606 [5]
12 605 [3]
16 598 [6]
199 414 [7]
5 614 [1]
5 610 [6]
5 615 [1]
255 366 [0]
24 590 [7]
3 613 [5]
129 491 [1]
6 613 [2]
10 606 [5]
276 345 [0]
7 612 [2]
2 613 [6]
8 610 [3]
111 506 [4]
2 615 [4]
6 610 [5]
0 614 [7]
88 532 [2]
14 606 [2]
11 604 [7]
8 611 [3]
10 610 [2]
5 612 [5]
16 600 [6]
56 565 [1]
6 616 [1]
87 535 [1]
8 612 [3]
8 613 [3]
0 620 [4]
1 619 [4]
267 357 [0]
1 616 [7]
126 497 [1]
4 616 [4]
27 595 [2]
4 620 [1]
9 616 [0]
244 381 [0]
2 619 [4]
38 585 [2]
1 620 [4]
5 619 [1]
164 461 [0]
8 614 [3]
79 540 [6]
13 606 [6]
159 466 [0]
14 611 [0]
1 624 [1]
39 580 [7]
10 611 [5]
3 618 [5]
9 617 [0]
8 615 [3]
75 546 [5]
188 435 [4]
9 618 [0]
28 598 [1]
27 598 [2]
10 615 [2]
2 624 [1]
75 547 [5]
2 621 [4]
1 622 [4]
7 618 [2]
6 617 [5]
38 588 [2]
33 591 [4]
2 622 [4]
10 616 [2]
5 622 [1]
97 527 [4]
7 615 [6]
22 599 [7]
100 522 [6]
5 617 [6]
10 617 [2]
5 623 [1]
38 589 [2]
255 374 [0]
27 600 [2]
186 439 [4]
8 618 [3]
9 615 [5]
7 616 [6]
56 571 [2]
2 623 [4]
16 607 [6]
1 621 [7]
56 572 [1]
5 621 [4]
8 619 [3]
36 593 [1]
103 524 [3]
15 615 [0]
8 620 [3]
10 619 [2]
309 322 [0]
20 605 [6]
22 602 [7]
11 613 [7]
5 620 [6]
6 620 [5]
1 623 [7]
5 625 [1]
80 551 [1]
0 625 [7]
0 628 [4]
230 397 [5]
10 620 [2]
36 592 [4]
2 629 [1]
7 619 [6]
1 627 [4]
117 514 [1]
8 621 [3]
9 619 [5]
2 627 [4]
0 629 [4]
61 569 [3]
8 622 [3]
25 601 [7]
48 578 [7]
78 553 [2]
9 624 [0]
12 616 [5]
5 627 [1]
1 629 [4]
4 624 [6]
0 627 [7]
1 632 [1]
174 459 [1]
8 623 [3]
24 603 [7]
7 626 [1]
167 467 [0]
2 632 [1]
6 624 [5]
33 597 [5]
2 626 [7]
0 632 [4]
16 614 [6]
5 630 [1]
6 626 [4]
113 522 [1]
1 631 [4]
27 607 [2]
98 533 [5]
2 628 [6]
9 628 [0]
7 628 [2]
24 606 [7]
4 628 [5]
86 546 [5]
238 393 [6]
147 489 [1]
165 473 [0]
5 628 [5]
8 627 [3]
129 508 [1]
1 636 [1]
122 512 [4]
148 486 [4]
13 625 [0]
38 598 [2]
10 626 [3]
22 610 [7]
6 628 [5]
51 581 [7]
140 498 [1]
117 523 [0]
0 636 [4]
10 625 [5]
10 628 [2]
8 629 [3]
5 629 [6]
185 452 [3]
196 444 [0]
27 611 [2]
0 633 [7]
6 629 [5]
9 626 [6]
15 619 [7]
0 637 [4]
5 635 [1]
1 639 [1]
100 540 [1]
4 637 [1]
111 527 [4]
4 632 [6]
1 637 [4]
56 585 [1]
6 634 [2]
5 631 [6]
9 634 [0]
8 632 [3]
13 630 [0]
6 631 [6]
5 632 [6]
7 631 [5]
16 621 [6]
27 614 [2]
1 635 [7]
10 631 [2]
4 635 [4]
4 634 [5]
10 632 [2]
2 636 [6]
50 594 [0]
9 635 [0]
25 612 [7]
85 557 [2]
8 633 [3]
56 588 [1]
9 636 [0]
10 630 [5]
75 566 [4]
9 631 [5]
8 634 [3]
16 623 [6]
56 589 [1]
8 635 [3]
2 640 [4]
1 638 [7]
7 638 [1]
5 636 [5]
0 642 [4]
6 636 [5]
16 625 [6]
8 636 [3]
48 592 [7]
33 609 [5]
2 638 [7]
233 411 [3]
49 596 [2]
94 550 [3]
2 639 [6]
198 449 [0]
2 641 [4]
140 506 [1]
10 635 [2]
14 633 [0]
8 637 [3]
75 567 [6]
6 638 [4]
137 504 [7]
7 635 [6]
10 633 [5]
6 641 [1]
0 644 [4]
1 646 [1]
2 643 [4]
4 638 [7]
10 637 [2]
1 644 [4]
1 641 [7]
4 641 [4]
22 620 [7]
5 643 [1]
16 627 [6]
147 502 [1]
45 605 [0]
50 595 [5]
3 642 [5]
8 639 [3]
6 639 [5]
27 621 [2]
6 642 [2]
100 549 [1]
2 642 [6]
22 629 [0]
2 648 [1]
38 611 [2]
1 643 [7]
27 622 [2]
8 640 [3]
0 648 [4]
27 623 [2]
12 635 [5]
8 641 [3]
318 334 [0]
1 647 [4]
16 630 [6]
7 642 [3]
70 582 [0]
22 624 [7]
8 642 [3]
7 645 [1]
12 638 [3]
28 623 [2]
294 359 [0]
0 647 [7]
1 652 [1]
69 582 [3]
14 640 [0]
2 646 [6]
2 645 [7]
11 642 [1]
8 643 [3]
85 562 [7]
219 436 [0]
51 597 [7]
5 649 [1]
1 653 [1]
8 644 [3]
9 646 [0]
100 551 [4]
56 598 [1]
36 618 [1]
6 644 [5]
10 640 [5]
39 610 [7]
6 649 [1]
9 641 [6]
10 644 [2]
258 399 [0]
8 646 [3]
4 649 [4]
6 646 [5]
1 649 [7]
113 540 [4]
29 629 [0]
1 656 [1]
5 651 [2]
23 634 [1]
10 646 [2]
5 647 [6]
122 532 [4]
12 641 [5]
9 649 [0]
3 653 [2]
6 651 [2]
6 648 [5]
27 630 [2]
1 657 [1]
8 648 [3]
3 651 [5]
9 650 [0]
2 651 [6]
7 647 [5]
10 647 [2]
5 648 [6]
1 654 [4]
83 576 [0]
6 647 [6]
8 649 [3]
9 645 [6]
4 651 [5]
219 440 [1]
9 651 [0]
2 657 [1]
0 656 [4]
5 654 [1]
0 657 [4]
8 653 [0]
8 650 [3]
0 654 [7]
2 653 [6]
2 655 [4]
9 647 [5]
179 480 [2]
5 653 [3]
41 620 [0]
7 649 [6]
8 651 [3]
97 564 [1]
267 392 [3]
27 633 [2]
4 652 [6]
4 657 [1]
16 640 [6]
294 367 [1]
7 653 [3]
6 652 [5]
233 427 [3]
20 638 [5]
113 549 [1]
87 571 [5]
39 617 [7]
0 660 [4]
64 595 [5]
99 563 [2]
2 656 [6]
50 614 [0]
75 584 [5]
10 652 [2]
8 654 [3]
2 659 [4]
7 656 [2]
9 656 [0]
5 659 [1]
83 583 [0]
12 649 [5]
145 516 [5]
4 660 [2]
0 662 [4]
2 658 [6]
8 655 [3]
51 608 [7]
22 637 [7]
29 637 [0]
6 658 [2]
5 656 [5]
88 577 [2]
8 656 [3]
20 645 [2]
13 654 [0]
4 658 [5]
0 663 [4]
1 659 [7]
6 660 [2]
2 660 [6]
5 657 [6]
6 657 [5]
8 657 [3]
2 665 [1]
56 611 [1]
1 663 [4]
22 639 [7]
11 650 [7]
3 660 [5]
7 658 [3]
0 665 [4]
2 661 [6]
14 655 [0]
152 513 [4]
98 566 [5]
8 658 [3]
6 662 [2]
10 655 [5]
7 661 [2]
233 437 [0]
3 662 [5]
114 551 [5]
2 662 [6]
48 618 [4]
164 505 [2]
8 660 [3]
5 661 [5]
7 662 [2]
9 662 [0]
139 533 [0]
11 660 [1]
27 643 [2]
8 661 [3]
1 664 [7]
50 622 [0]
5 666 [1]
7 664 [1]
203 465 [5]
10 661 [2]
2 667 [4]
0 666 [7]
75 594 [4]
22 644 [7]
5 667 [1]
2 664 [7]
42 629 [2]
1 668 [4]
9 664 [0]
102 567 [5]
53 621 [0]
5 663 [6]
10 659 [5]
32 637 [5]
6 663 [5]
1 672 [1]
0 667 [7]
22 646 [7]
0 668 [7]
86 584 [5]
4 664 [7]
1 667 [7]
53 623 [0]
5 665 [6]
44 632 [0]
0 672 [4]
6 665 [5]
8 665 [3]
16 654 [6]
64 607 [5]
5 671 [1]
88 587 [2]
22 648 [7]
2 671 [4]
50 627 [0]
16 655 [6]
29 648 [0]
0 671 [7]
1 673 [4]
215 463 [0]
4 673 [1]
7 669 [2]
6 670 [2]
8 667 [3]
2 670 [6]
8 668 [3]
1 671 [7]
4 670 [5]
7 670 [2]
13 666 [0]
5 668 [6]
5 673 [1]
12 664 [3]
3 674 [2]
263 414 [2]
111 564 [4]
0 676 [4]
23 650 [7]
7 668 [5]
76 600 [4]
2 672 [6]
8 669 [3]
1 675 [4]
55 618 [7]
10 668 [2]
38 640 [2]
4 675 [1]
6 668 [6]
1 676 [4]
4 676 [1]
22 652 [7]
16 659 [6]
10 666 [5]
221 459 [1]
272 409 [0]
8 670 [3]
9 672 [0]
5 675 [1]
106 570 [5]
183 499 [0]
196 486 [0]
5 674 [3]
90 592 [0]
2 674 [6]
0 678 [4]
8 674 [0]
185 494 [3]
4 672 [6]
9 668 [5]
5 672 [6]
1 678 [4]
16 667 [0]
28 655 [0]
14 667 [2]
27 655 [2]
8 673 [3]
7 674 [3]
335 349 [0]
283 401 [0]
3 677 [5]
20 664 [1]
10 673 [2]
6 677 [2]
4 680 [1]
14 671 [0]
1 680 [4]
7 673 [6]
5 680 [1]
7 677 [2]
22 657 [7]
29 657 [0]
10 671 [5]
128 556 [2]
0 679 [7]
8 675 [3]
0 680 [7]
9 673 [5]
5 676 [6]
33 653 [1]
238 443 [6]
8 676 [3]
11 669 [7]
98 584 [5]
27 659 [2]
299 389 [0]
16 666 [6]
36 651 [1]
0 681 [7]
8 677 [3]
199 482 [7]
25 656 [7]
47 641 [0]
2 683 [4]
101 583 [5]
9 675 [5]
309 379 [1]
5 678 [6]
5 683 [1]
8 678 [3]
6 678 [5]
56 633 [1]
179 507 [4]
6 682 [2]
35 655 [0]
17 667 [6]
8 679 [3]
10 678 [2]
2 685 [4]
6 684 [1]
1 689 [1]
319 372 [0]
158 533 [0]
64 622 [5]
5 685 [1]
0 690 [1]
8 680 [3]
23 662 [7]
272 420 [0]
42 648 [2]
10 680 [2]
4 684 [4]
29 663 [0]
22 663 [7]
7 680 [6]
8 682 [3]
25 661 [7]
0 689 [4]
16 671 [6]
2 690 [2]
10 679 [5]
5 688 [1]
21 673 [0]
13 681 [0]
35 659 [0]
137 558 [0]
0 694 [1]
36 658 [1]
8 684 [3]
112 580 [3]
7 687 [1]
9 686 [0]
1 687 [7]
135 556 [4]
1 688 [7]
2 687 [7]
10 684 [2]
1 694 [1]
64 627 [5]
53 643 [0]
10 681 [5]
344 353 [0]
7 684 [6]
1 690 [6]
4 690 [3]
14 681 [2]
5 686 [6]
7 690 [0]
128 565 [4]
2 689 [6]
56 640 [2]
10 683 [5]
9 689 [0]
295 403 [0]
5 690 [3]
3 690 [5]
10 686 [2]
7 689 [2]
299 394 [5]
8 690 [0]
4 689 [5]
3 691 [5]
83 616 [0]
9 684 [6]
3 694 [2]
23 669 [7]
1 697 [1]
185 511 [3]
2 693 [4]
9 690 [0]
8 688 [3]
6 691 [2]
175 521 [4]
10 688 [2]
10 687 [3]
28 671 [1]
11 682 [7]
7 691 [2]
27 671 [2]
8 689 [3]
1 695 [4]
6 692 [2]
91 607 [3]
322 379 [0]
317 384 [0]
4 692 [5]
1 693 [7]
129 571 [1]
0 697 [4]
2 695 [4]
22 672 [7]
7 692 [2]
9 692 [0]
233 469 [0]
9 687 [6]
75 622 [5]
8 691 [3]
5 694 [3]
8 694 [0]
12 688 [2]
2 694 [6]
260 442 [0]
0 696 [7]
122 577 [4]
8 692 [3]
16 681 [6]
9 694 [0]
4 697 [2]
8 693 [3]
128 572 [4]
12 687 [5]
50 654 [0]
135 565 [4]
26 673 [5]
69 631 [5]
22 676 [7]
16 683 [6]
76 625 [4]
5 699 [1]
2 699 [4]
2 697 [6]
8 697 [0]
140 564 [1]
0 699 [7]
257 449 [0]
103 600 [3]
2 698 [6]
9 697 [0]
6 698 [2]
8 695 [3]
3 698 [5]
5 700 [1]
75 627 [5]
7 698 [2]
8 696 [3]
2 701 [4]
29 678 [0]
151 554 [2]
6 695 [6]
2 704 [1]
22 678 [7]
0 700 [7]
7 697 [3]
209 495 [3]
1 699 [7]
4 698 [5]
151 555 [2]
2 702 [4]
0 704 [4]
7 695 [6]
28 679 [1]
82 621 [5]
22 686 [0]
219 489 [0]
186 518 [5]
0 702 [7]
7 701 [1]
8 698 [3]
1 704 [4]
1 701 [7]
20 687 [2]
42 665 [2]
45 664 [0]
131 571 [7]
4 701 [4]
1 708 [1]
76 630 [4]
142 568 [0]
105 601 [4]
276 434 [0]
4 705 [1]
14 696 [0]
36 670 [4]
27 681 [2]
8 699 [3]
10 696 [5]
2 703 [6]
135 572 [4]
66 644 [1]
0 708 [4]
8 701 [3]
33 674 [5]
23 682 [7]
27 683 [2]
126 586 [0]
7 703 [2]
53 659 [1]
248 465 [0]
4 707 [2]
255 458 [0]
13 700 [0]
8 702 [3]
48 658 [7]
32 676 [5]
27 685 [2]
1 709 [4]
10 699 [5]
4 708 [2]
7 706 [1]
5 707 [2]
77 637 [0]
88 624 [2]
8 703 [3]
6 704 [5]
1 713 [1]
14 699 [2]
10 700 [5]
2 707 [6]
6 707 [2]
97 617 [1]
10 703 [2]
2 706 [7]
355 360 [0]
16 693 [6]
14 702 [0]
8 705 [3]
0 709 [7]
3 708 [5]
2 708 [6]
9 701 [6]
14 700 [2]
128 585 [4]
9 708 [0]
0 713 [4]
36 677 [4]
10 702 [5]
98 614 [5]
7 707 [3]
15 695 [7]
7 708 [3]
83 635 [0]
12 701 [5]
2 712 [4]
35 683 [0]
7 705 [6]
0 714 [4]
80 634 [4]
223 496 [0]
154 562 [3]
38 679 [2]
3 714 [2]
3 711 [5]
2 710 [7]
79 634 [6]
10 706 [3]
69 647 [3]
9 705 [5]
0 712 [7]
6 711 [2]
164 554 [2]
295 423 [2]
4 711 [5]
7 711 [2]
226 494 [0]
8 709 [3]
6 710 [4]
1 715 [4]
6 709 [5]
5 715 [1]
25 689 [7]
9 706 [6]
7 709 [5]
2 715 [4]
102 614 [5]
2 713 [6]
41 676 [5]
17 699 [6]
5 714 [3]
27 693 [2]
0 718 [4]
2 714 [6]
8 711 [3]
5 716 [1]
1 717 [4]
2 716 [4]
176 544 [2]
9 709 [5]
8 712 [3]
19 697 [7]
2 720 [1]
12 706 [5]
5 713 [5]
294 422 [7]
3 718 [2]
64 654 [5]
0 720 [4]
8 713 [3]
7 714 [3]
0 717 [7]
227 493 [4]
16 702 [6]
18 705 [2]
48 670 [7]
30 695 [0]
11 707 [7]
199 519 [7]
12 710 [3]
10 710 [6]
4 721 [1]
104 622 [0]
1 721 [4]
117 608 [1]
14 712 [0]
49 675 [2]
359 367 [0]
2 718 [6]
8 715 [3]
5 718 [3]
10 712 [5]
1 722 [4]
4 722 [1]
10 715 [2]
6 715 [6]
9 718 [0]
204 521 [2]
8 716 [3]
8 717 [3]
20 706 [2]
5 717 [6]
2 719 [7]
7 715 [6]
35 693 [0]
43 680 [5]
7 717 [5]
6 719 [4]
1 727 [1]
318 411 [0]
6 717 [6]
27 700 [2]
9 715 [5]
4 719 [7]
2 724 [4]
0 723 [7]
7 719 [4]
13 715 [2]
1 728 [1]
158 566 [6]
82 643 [5]
21 709 [0]
6 720 [5]
0 724 [7]
9 717 [5]
4 725 [2]
1 729 [1]
5 720 [6]
80 650 [1]
103 625 [3]
8 720 [3]
36 691 [4]
39 686 [7]
48 677 [7]
8 721 [3]
51 674 [7]
83 649 [0]
111 617 [4]
5 726 [1]
0 728 [4]
6 721 [6]
94 632 [7]
29 704 [0]
22 704 [7]
6 725 [2]
0 729 [4]
2 725 [6]
186 542 [5]
87 640 [7]
7 721 [6]
1 726 [7]
16 712 [6]
12 719 [3]
7 722 [5]
60 672 [2]
6 722 [6]
8 723 [3]
9 721 [5]
7 725 [3]
8 727 [0]
8 724 [3]
79 650 [6]
36 698 [1]
25 703 [7]
20 710 [5]
1 733 [1]
5 727 [3]
56 679 [1]
38 696 [2]
103 630 [3]
8 725 [3]
53 683 [0]
9 727 [0]
8 726 [3]
9 728 [0]
1 732 [4]
7 727 [3]
2 734 [1]
0 733 [4]
99 636 [2]
1 736 [1]
0 734 [4]
4 728 [6]
10 723 [5]
100 634 [4]
16 716 [6]
5 732 [1]
2 730 [6]
70 668 [0]
14 724 [0]
6 731 [2]
4 729 [6]
6 728 [5]
18 721 [0]
5 728 [6]
8 728 [3]
10 724 [5]
1 734 [4]
0 732 [7]
7 730 [2]
5 729 [6]
126 613 [1]
8 729 [3]
0 736 [4]
99 639 [2]
302 438 [0]
10 728 [2]
7 731 [2]
143 590 [7]
6 729 [5]
4 731 [5]
366 374 [0]
9 731 [0]
147 592 [1]
109 626 [5]
2 733 [6]
8 730 [3]
188 549 [4]
10 729 [2]
276 462 [3]
8 731 [3]
38 702 [2]
121 616 [5]
10 730 [2]
9 733 [0]
21 722 [0]
8 732 [3]
15 721 [7]
2 737 [4]
4 733 [6]
4 738 [1]
11 725 [7]
1 738 [4]
7 735 [2]
36 707 [1]
1 739 [4]
4 735 [5]
2 736 [6]
272 472 [0]
9 735 [0]
68 675 [2]
6 734 [5]
203 539 [3]
334 411 [0]
20 719 [6]
5 739 [1]
27 716 [2]
9 736 [0]
13 732 [0]
2 739 [4]
318 427 [0]
25 713 [7]
48 691 [7]
8 735 [3]
4 741 [1]
4 736 [6]
53 693 [0]
76 666 [4]
1 741 [4]
16 724 [6]
0 739 [7]
8 736 [3]
6 740 [1]
10 732 [5]
33 714 [0]
5 741 [1]
263 482 [2]
0 743 [4]
4 740 [4]
1 740 [7]
14 732 [2]
178 570 [0]
5 742 [1]
8 737 [3]
202 542 [4]
90 658 [0]
0 742 [7]
8 738 [3]
0 745 [4]
42 704 [3]
357 392 [0]
9 740 [0]
5 738 [6]
145 599 [5]
149 601 [0]
6 738 [6]
85 663 [2]
93 653 [4]
51 694 [5]
80 669 [1]
36 711 [4]
27 724 [0]
14 737 [0]
341 410 [0]
2 748 [1]
1 747 [4]
9 743 [0]
343 409 [0]
7 739 [6]
7 744 [1]
0 748 [4]
10 740 [2]
4 743 [5]
8 741 [3]
85 665 [2]
10 737 [5]
38 712 [2]
28 723 [1]
56 696 [1]
143 603 [7]
48 698 [7]
5 743 [5]
211 537 [5]
8 742 [3]
2 744 [7]
11 735 [7]
10 741 [2]
79 669 [6]
9 745 [0]
4 745 [5]
10 739 [5]
4 746 [4]
7 741 [6]
0 747 [7]
7 746 [1]
100 650 [4]
13 739 [2]
9 741 [5]
10 743 [2]
23 731 [1]
5 745 [5]
4 749 [2]
2 746 [7]
1 753 [1]
27 726 [2]
2 750 [4]
1 751 [4]
2 753 [1]
45 706 [5]
6 746 [4]
5 750 [1]
6 749 [2]
2 751 [4]
10 745 [2]
2 749 [6]
0 750 [7]
12 740 [5]
10 744 [3]
317 440 [1]
5 747 [6]
0 754 [4]
140 617 [1]
1 750 [7]
8 747 [3]
5 752 [1]
22 729 [7]
2 752 [4]
0 751 [7]
4 748 [6]
119 638 [2]
10 747 [2]
16 737 [6]
56 702 [1]
109 645 [5]
5 748 [6]
28 726 [5]
9 744 [6]
7 749 [3]
21 738 [0]
10 746 [3]
318 441 [0]
6 748 [5]
327 432 [0]
1 755 [4]
8 749 [3]
90 670 [0]
10 748 [2]
1 752 [7]
9 746 [6]
76 681 [4]
2 755 [4]
8 750 [3]
5 755 [1]
35 726 [0]
9 747 [5]
27 732 [2]
21 741 [0]
3 754 [5]
8 751 [3]
229 533 [0]
2 754 [6]
36 725 [1]
25 730 [7]
22 733 [7]
6 754 [2]
348 414 [0]
80 682 [1]
9 754 [0]
272 491 [0]
0 759 [4]
29 734 [0]
4 753 [6]
8 752 [3]
5 757 [1]
22 734 [7]
38 723 [2]
5 756 [2]
1 762 [1]
0 757 [7]
181 580 [3]
3 756 [5]
343 420 [1]
3 759 [2]
2 761 [1]
6 756 [2]
237 527 [0]
2 758 [4]
6 753 [5]
2 756 [6]
5 758 [1]
16 742 [6]
75 685 [4]
5 753 [6]
8 753 [3]
0 761 [4]
10 753 [2]
252 513 [0]
9 756 [0]
51 714 [0]
4 756 [5]
10 750 [5]
28 737 [0]
50 716 [0]
27 737 [2]
8 755 [3]
1 764 [1]
2 760 [4]
0 762 [4]
20 744 [2]
3 762 [2]
79 682 [6]
2 759 [6]
54 713 [0]
377 390 [0]
11 749 [7]
8 756 [3]
5 759 [3]
126 642 [0]
211 557 [0]
9 759 [0]
20 746 [2]
114 650 [5]
45 719 [5]
8 758 [3]
13 757 [0]
8 762 [0]
294 474 [2]
1 765 [4]
141 626 [3]
2 762 [6]
325 445 [0]
5 762 [3]
105 661 [4]
8 760 [3]
7 763 [1]
4 763 [4]
83 688 [0]
1 769 [1]
6 761 [5]
10 757 [5]
0 765 [7]
16 750 [6]
2 763 [7]
26 741 [5]
7 762 [3]
2 764 [6]
8 761 [3]
103 666 [3]
279 493 [0]
1 771 [1]
9 764 [0]
14 757 [2]
49 722 [2]
356 417 [0]
2 767 [4]
16 751 [6]
80 692 [1]
100 669 [4]
230 539 [5]
0 767 [7]
16 752 [6]
344 426 [4]
39 728 [7]
2 768 [4]
5 768 [1]
2 766 [6]
3 766 [5]
1 770 [4]
0 768 [7]
39 729 [7]
8 764 [3]
4 770 [1]
0 771 [4]
10 760 [5]
6 764 [5]
4 766 [5]
25 743 [7]
10 763 [3]
5 770 [1]
1 774 [1]
5 765 [6]
8 765 [3]
198 575 [3]
51 718 [7]
2 769 [6]
0 770 [7]
8 766 [3]
1 772 [4]
10 765 [2]
7 765 [5]
4 772 [1]
25 745 [7]
16 755 [6]
9 769 [0]
69 709 [0]
34 743 [1]
131 640 [7]
9 763 [6]
8 767 [3]
23 754 [1]
0 772 [7]
2 771 [6]
4 769 [6]
3 774 [2]
9 765 [5]
353 426 [0]
4 773 [2]
28 750 [1]
8 768 [3]
5 773 [2]
313 467 [0]
8 769 [3]
12 763 [5]
34 745 [1]
56 723 [1]
9 771 [0]
82 693 [5]
326 454 [0]
16 758 [6]
272 508 [0]
27 752 [2]
5 771 [5]
56 724 [1]
2 773 [6]
4 771 [6]
8 770 [3]
1 776 [4]
16 760 [6]
76 700 [6]
9 773 [0]
2 774 [6]
8 774 [0]
5 774 [3]
6 771 [5]
385 397 [0]
5 776 [1]
7 770 [5]
221 560 [1]
8 772 [3]
9 774 [0]
7 773 [3]
173 609 [1]
73 709 [1]
27 755 [2]
263 519 [2]
8 773 [3]
378 406 [0]
9 770 [5]
10 772 [2]
53 726 [5]
20 763 [2]
206 577 [2]
5 778 [2]
7 772 [6]
51 727 [7]
28 752 [5]
1 783 [1]
6 775 [4]
2 778 [6]
126 660 [0]
7 775 [4]
100 682 [4]
69 717 [0]
1 781 [4]
4 775 [7]
2 777 [7]
2 783 [1]
27 757 [2]
6 778 [2]
27 758 [2]
6 779 [2]
5 781 [1]
4 778 [5]
2 781 [4]
9 778 [0]
70 717 [0]
8 776 [3]
6 777 [4]
103 681 [3]
98 685 [5]
114 669 [5]
7 779 [2]
28 758 [2]
1 786 [1]
5 782 [2]
141 645 [3]
2 786 [1]
16 767 [6]
13 776 [0]
8 778 [3]
9 780 [0]
22 761 [7]
12 775 [3]
6 782 [2]
87 702 [1]
3 782 [5]
2 782 [6]
8 779 [3]
16 768 [6]
1 785 [4]
29 761 [0]
4 782 [5]
0 787 [4]
11 773 [7]
85 704 [2]
2 785 [4]
10 780 [2]
1 787 [4]
9 783 [0]
0 785 [7]
44 748 [0]
50 742 [0]
8 781 [3]
6 780 [6]
7 780 [5]
1 788 [4]
8 782 [3]
281 512 [0]
4 788 [1]
36 756 [1]
2 784 [7]
267 522 [4]
22 764 [7]
21 772 [0]
10 777 [6]
4 783 [6]
151 641 [2]
101 688 [5]
5 788 [1]
6 783 [5]
8 783 [3]
60 733 [2]
1 793 [1]
9 786 [0]
0 788 [7]
28 767 [1]
75 716 [5]
45 746 [5]
8 785 [3]
4 786 [6]
10 781 [5]
114 682 [0]
115 675 [6]
27 767 [2]
0 792 [4]
100 692 [4]
2 790 [4]
0 790 [7]
3 789 [5]
6 786 [5]
44 753 [0]
11 779 [7]
27 768 [2]
6 789 [2]
1 795 [1]
232 558 [7]
33 759 [5]
14 781 [2]
5 791 [1]
4 792 [2]
7 789 [2]
183 615 [0]
22 769 [7]
6 787 [5]
16 776 [6]
0 791 [7]
13 785 [0]
341 457 [0]
227 567 [4]
8 787 [3]
215 583 [1]
1 797 [1]
9 784 [6]
5 792 [2]
10 787 [2]
152 646 [1]
8 788 [3]
0 795 [4]
38 760 [2]
2 792 [6]
6 792 [2]
1 798 [1]
3 792 [5]
10 788 [2]
22 771 [7]
112 686 [2]
8 789 [3]
0 797 [4]
229 566 [6]
21 780 [0]
2 793 [6]
8 790 [3]
50 751 [0]
20 775 [6]
9 792 [0]
90 711 [0]
9 793 [0]
0 798 [4]
199 596 [7]
8 791 [3]
7 794 [1]
7 792 [3]
20 777 [5]
4 796 [2]
265 538 [0]
5 796 [2]
26 772 [5]
1 801 [1]
23 779 [1]
2 795 [6]
0 799 [4]
14 790 [0]
8 793 [3]
9 795 [0]
180 618 [6]
1 799 [4]
192 612 [0]
11 792 [1]
148 652 [4]
2 796 [6]
6 793 [5]
6 794 [4]
6 796 [2]
121 684 [0]
27 776 [2]
85 720 [0]
107 694 [4]
4 795 [6]
9 796 [0]
2 797 [6]
1 800 [4]
5 795 [5]
42 761 [2]
10 790 [5]
6 797 [2]
36 766 [4]
6 795 [5]
20 784 [2]
4 797 [5]
7 796 [3]
103 700 [3]
7 797 [2]
2 798 [6]
4 801 [2]
9 798 [0]
38 767 [2]
4 802 [1]
1 802 [4]
5 797 [5]
86 716 [5]
0 800 [7]
364 443 [0]
10 795 [2]
16 785 [6]
400 408 [0]
5 798 [5]
6 798 [5]
21 788 [0]
3 801 [5]
216 593 [0]
10 797 [2]
9 794 [6]
8 799 [3]
189 621 [0]
36 773 [1]
9 801 [0]
5 799 [6]
155 654 [1]
53 752 [5]
149 661 [0]
7 803 [1]
48 756 [7]
128 679 [4]
8 800 [3]
7 801 [3]
10 799 [2]
5 800 [6]
53 758 [0]
22 783 [7]
87 724 [1]
7 804 [1]
105 703 [4]
1 804 [7]
7 800 [5]
8 801 [3]
24 781 [7]
0 811 [1]
1 808 [4]
4 805 [4]
2 804 [7]
82 726 [5]
7 805 [1]
16 791 [6]
6 803 [4]
45 763 [5]
189 623 [1]
0 806 [7]
130 684 [0]
27 785 [2]
6 804 [4]
1 812 [1]
93 714 [7]
284 530 [0]
9 800 [5]
5 808 [1]
11 796 [7]
6 802 [6]
2 805 [7]
2 808 [4]
36 778 [1]
7 807 [1]
2 812 [1]
2 811 [2]
7 802 [6]
80 731 [4]
1 807 [7]
0 812 [4]
2 807 [7]
22 787 [7]
9 802 [5]
2 810 [4]
69 747 [0]
79 731 [6]
80 735 [1]
20 794 [2]
7 809 [1]
6 807 [4]
51 759 [7]
8 806 [3]
4 812 [1]
0 810 [7]
70 747 [0]
0 813 [4]
343 472 [2]
7 811 [0]
51 762 [5]
50 768 [0]
0 814 [4]
3 813 [2]
2 809 [7]
1 811 [6]
147 670 [1]
10 805 [3]
259 560 [0]
36 782 [1]
3 811 [5]
98 716 [5]
281 532 [6]
4 814 [1]
8 808 [3]
5 811 [3]
6 809 [4]
179 639 [2]
10 808 [2]
9 805 [6]
6 808 [6]
177 636 [7]
43 772 [5]
27 791 [2]
10 807 [3]
297 523 [0]
109 706 [5]
1 815 [4]
267 549 [4]
64 751 [5]
5 813 [2]
4 815 [1]
106 710 [5]
49 770 [2]
85 734 [2]
8 810 [3]
10 806 [5]
48 766 [7]
9 807 [6]
10 809 [3]
1 817 [4]
22 793 [7]
9 808 [5]
7 813 [3]
8 812 [3]
13 808 [2]
83 740 [0]
6 812 [5]
21 802 [0]
9 814 [0]
56 767 [1]
2 821 [1]
384 440 [0]
22 795 [7]
12 807 [5]
64 755 [5]
0 817 [7]
14 810 [0]
6 816 [2]
216 604 [4]
10 812 [2]
227 594 [4]
20 803 [2]
20 804 [1]
6 814 [5]
5 814 [6]
7 816 [2]
45 775 [5]
9 816 [0]
0 821 [4]
1 821 [4]
344 478 [4]
1 824 [1]
403 423 [0]
10 814 [2]
6 819 [1]
8 815 [3]
9 817 [0]
6 815 [6]
7 815 [5]
22 798 [7]
8 816 [3]
7 818 [2]
10 815 [2]
4 819 [4]
4 818 [5]
20 805 [2]
19 801 [7]
1 819 [7]
256 565 [6]
341 485 [2]
22 799 [7]
2 822 [4]
8 817 [3]
0 824 [4]
20 807 [2]
9 815 [5]
10 817 [2]
9 820 [0]
4 820 [5]
409 420 [0]
2 823 [4]
7 820 [2]
7 817 [5]
36 789 [4]
8 818 [3]
38 790 [2]
6 823 [1]
1 822 [7]
1 828 [1]
8 819 [3]
75 751 [5]
1 829 [1]
10 819 [2]
4 823 [4]
348 482 [1]
1 823 [7]
20 809 [2]
50 776 [5]
8 820 [3]
327 497 [7]
309 517 [6]
2 824 [6]
51 774 [7]
6 821 [5]
16 810 [6]
7 819 [6]
60 771 [2]
36 796 [1]
7 824 [2]
189 643 [1]
48 778 [7]
2 827 [4]
8 822 [3]
9 824 [0]
256 572 [6]
69 765 [0]
7 825 [2]
0 827 [7]
8 823 [3]
2 826 [6]
11 816 [7]
4 825 [5]
3 829 [2]
257 575 [3]
28 806 [1]
135 696 [4]
7 826 [2]
4 826 [5]
8 824 [3]
5 826 [5]
344 488 [4]
22 814 [0]
32 799 [5]
2 828 [6]
343 491 [2]
8 825 [3]
386 450 [0]
21 815 [0]
2 830 [4]
1 831 [4]
8 829 [0]
8 826 [3]
99 736 [2]
10 822 [5]
0 830 [7]
9 828 [0]
2 829 [6]
4 833 [1]
10 826 [2]
9 829 [0]
4 828 [6]
11 820 [7]
9 823 [6]
0 831 [7]
107 727 [4]
105 730 [4]
0 832 [7]
2 836 [1]
27 810 [2]
76 757 [6]
100 735 [4]
82 752 [5]
28 810 [1]
8 828 [3]
6 828 [5]
1 838 [1]
0 836 [4]
23 816 [1]
41 799 [0]
1 835 [4]
356 480 [4]
359 474 [7]
197 644 [0]
50 791 [0]
22 812 [7]
14 827 [0]
5 835 [1]
2 835 [4]
0 837 [4]
8 830 [3]
0 838 [4]
1 840 [1]
129 712 [1]
9 833 [0]
3 837 [2]
137 705 [0]
298 544 [0]
322 517 [3]
0 835 [7]
8 832 [3]
10 831 [2]
7 834 [2]
4 834 [5]
14 830 [0]
16 822 [6]
48 789 [7]
388 456 [0]
7 831 [6]
0 840 [4]
361 483 [0]
8 833 [3]
294 545 [5]
68 770 [6]
6 833 [5]
5 833 [6]
5 837 [3]
10 833 [2]
98 742 [5]
2 837 [6]
8 837 [0]
201 644 [0]
227 614 [4]
82 758 [5]
347 498 [0]
8 834 [3]
64 776 [5]
14 832 [0]
1 844 [1]
33 813 [0]
8 835 [3]
38 806 [2]
147 698 [1]
141 706 [0]
7 837 [3]
9 838 [0]
10 832 [5]
56 790 [1]
171 676 [0]
5 841 [1]
3 842 [2]
353 488 [6]
0 843 [4]
6 836 [6]
85 761 [2]
4 838 [6]
2 839 [7]
13 835 [0]
196 652 [0]
4 841 [4]
69 780 [0]
16 827 [6]
158 685 [6]
9 840 [0]
102 742 [5]
6 838 [5]
6 839 [4]
94 748 [7]
5 838 [6]
3 844 [2]
28 822 [0]
166 684 [0]
2 842 [6]
4 840 [6]
5 842 [3]
33 811 [7]
2 843 [6]
1 849 [1]
49 800 [2]
27 822 [2]
200 651 [0]
9 842 [0]
2 845 [4]
16 830 [6]
7 843 [2]
21 831 [0]
149 703 [0]
2 844 [6]
8 841 [3]
8 844 [0]
9 844 [0]
10 841 [2]
5 843 [5]
343 508 [2]
151 701 [2]
6 846 [2]
0 847 [7]
172 682 [0]
7 841 [6]
94 753 [7]
21 833 [0]
16 832 [6]
128 723 [4]
45 805 [5]
7 846 [2]
9 846 [0]
23 825 [7]
109 746 [0]
4 850 [1]
10 843 [2]
1 850 [4]
6 848 [1]
8 845 [3]
421 435 [0]
28 827 [1]
27 827 [2]
90 766 [0]
1 848 [7]
4 848 [4]
25 824 [7]
73 780 [4]
35 822 [0]
347 506 [4]
8 846 [3]
16 835 [6]
0 853 [4]
9 848 [0]
0 850 [7]
22 828 [7]
9 849 [0]
12 841 [5]
109 744 [5]
25 826 [7]
6 851 [1]
4 851 [4]
86 768 [5]
4 854 [1]
341 514 [4]
147 711 [1]
0 855 [4]
4 849 [6]
211 648 [0]
233 626 [0]
1 854 [4]
104 755 [0]
295 562 [2]
27 830 [2]
5 854 [1]
60 798 [2]
80 779 [1]
10 845 [5]
6 849 [5]
5 849 [6]
39 814 [7]
13 847 [0]
10 848 [2]
22 838 [0]
4 856 [1]
27 832 [2]
263 596 [2]
5 850 [6]
9 852 [0]
7 848 [6]
8 850 [3]
20 839 [2]
2 852 [7]
0 854 [7]
305 556 [0]
1 856 [4]
10 849 [2]
8 851 [3]
6 852 [4]
6 850 [6]
93 762 [7]
7 850 [5]
2 855 [6]
4 857 [2]
10 851 [2]
4 852 [7]
56 806 [1]
79 779 [6]
8 853 [3]
7 851 [6]
5 857 [2]
9 855 [0]
5 853 [6]
11 846 [7]
0 860 [4]
6 857 [2]
4 855 [6]
2 859 [4]
29 836 [0]
99 764 [2]
12 848 [5]
2 857 [6]
22 836 [7]
137 721 [7]
10 854 [2]
7 858 [1]
0 859 [7]
245 618 [3]
121 740 [5]
16 845 [6]
38 827 [2]
12 852 [3]
5 856 [6]
5 861 [1]
1 862 [4]
56 810 [1]
356 507 [4]
7 857 [3]
410 457 [0]
260 607 [0]
164 701 [2]
8 856 [3]
2 858 [7]
6 856 [5]
7 854 [6]
198 667 [3]
427 441 [0]
6 858 [4]
5 862 [1]
2 862 [4]
348 519 [1]
265 598 [5]
0 861 [7]
2 860 [6]
6 860 [2]
22 840 [7]
51 813 [5]
51 811 [7]
16 847 [6]
181 686 [3]
2 864 [4]
7 860 [3]
159 711 [0]
23 846 [1]
8 859 [3]
47 823 [0]
99 769 [2]
2 865 [4]
21 850 [0]
8 860 [3]
75 791 [5]
98 768 [5]
281 587 [3]
10 858 [3]
8 861 [3]
0 865 [7]
344 524 [4]
109 763 [0]
38 832 [2]
7 863 [2]
4 863 [5]
4 868 [1]
302 569 [2]
28 845 [0]
8 862 [3]
14 859 [0]
20 852 [1]
1 868 [4]
27 845 [2]
294 573 [7]
68 800 [6]
10 862 [2]
8 863 [3]
1 866 [7]
1 869 [4]
6 862 [6]
4 866 [4]
7 866 [1]
8 864 [3]
4 867 [4]
11 857 [7]
197 678 [0]
21 854 [0]
25 843 [7]
209 663 [3]
1 867 [7]
7 867 [1]
2 869 [4]
325 546 [4]
350 525 [0]
88 786 [2]
9 862 [5]
5 867 [4]
53 822 [1]
8 865 [3]
27 847 [2]
6 866 [4]
211 665 [0]
2 867 [7]
293 584 [0]
43 831 [3]
6 870 [1]
4 872 [2]
14 864 [0]
7 870 [1]
4 870 [4]
1 870 [7]
407 471 [0]
8 867 [3]
311 567 [0]
87 790 [1]
34 843 [1]
5 872 [2]
357 522 [0]
344 531 [4]
2 873 [4]
297 581 [1]
10 864 [5]
8 868 [3]
33 842 [5]
294 579 [7]
8 869 [3]
2 872 [6]
10 865 [5]
7 871 [2]
6 872 [2]
9 871 [0]
1 878 [1]
35 845 [0]
6 868 [6]
12 866 [3]
233 645 [3]
8 870 [3]
7 868 [6]
0 874 [7]
5 875 [1]
16 859 [6]
86 791 [5]
8 871 [3]
0 878 [4]
9 868 [5]
277 605 [0]
22 853 [7]
29 853 [0]
6 875 [1]
190 692 [0]
2 876 [4]
7 872 [3]
10 866 [6]
1 875 [7]
100 779 [4]
409 472 [2]
2 877 [4]
9 874 [0]
0 876 [7]
8 872 [3]
16 861 [6]
106 777 [0]
0 877 [7]
1 876 [7]
56 827 [1]
11 872 [1]
39 838 [7]
15 862 [7]
12 870 [2]
22 855 [7]
8 873 [3]
12 867 [5]
10 869 [5]
9 875 [0]
29 856 [0]
15 868 [2]
9 870 [6]
22 856 [7]
0 881 [4]
14 869 [2]
107 774 [4]
16 864 [6]
8 875 [3]
69 817 [0]
9 877 [0]
6 879 [1]
10 874 [2]
7 874 [5]
18 868 [0]
45 839 [2]
20 866 [0]
51 829 [7]
16 865 [6]
8 876 [3]
4 879 [4]
4 881 [2]
1 879 [7]
10 875 [2]
56 830 [1]
7 880 [1]
8 877 [3]
337 551 [0]
7 875 [6]
10 873 [5]
203 680 [5]
141 744 [3]
178 710 [0]
2 881 [6]
3 881 [5]
6 881 [2]
0 882 [7]
6 878 [5]
8 878 [3]
56 832 [1]
129 760 [1]
6 883 [1]
8 879 [3]
13 877 [0]
14 876 [0]
27 861 [2]
4 883 [4]
2 885 [4]
5 885 [1]
1 883 [7]
10 876 [5]
73 817 [1]
7 883 [1]
5 883 [4]
7 879 [6]
28 864 [0]
12 875 [5]
2 884 [6]
2 883 [7]
30 862 [0]
27 865 [0]
0 885 [7]
10 877 [5]
51 837 [5]
32 856 [5]
23 863 [7]
9 884 [0]
0 886 [7]
429 464 [0]
27 864 [2]
7 884 [2]
11 881 [1]
358 535 [0]
14 877 [2]
8 882 [3]
9 879 [6]
4 889 [1]
4 884 [6]
36 857 [1]
99 793 [2]
1 889 [4]
8 883 [3]
89 801 [4]
21 874 [0]
39 849 [7]
297 597 [1]
16 873 [6]
305 585 [6]
2 890 [4]
6 888 [2]
157 739 [0]
8 885 [3]
1 891 [4]
12 883 [2]
219 677 [1]
42 853 [2]
8 886 [3]
80 816 [1]
7 888 [2]
9 888 [0]
50 847 [0]
4 888 [5]
410 485 [2]
10 882 [5]
5 891 [1]
2 891 [4]
45 852 [1]
1 896 [1]
109 784 [5]
350 548 [0]
16 876 [6]
114 779 [5]
1 893 [4]
13 885 [0]
0 894 [4]
38 859 [2]
53 845 [1]
1 897 [1]
16 877 [6]
0 892 [7]
8 888 [3]
0 896 [4]
24 869 [7]
51 842 [7]
0 893 [7]
8 889 [3]
43 854 [3]
198 699 [3]
95 801 [4]
4 894 [2]
14 886 [0]
23 871 [7]
28 873 [0]
6 889 [6]
49 850 [2]
14 887 [0]
0 897 [4]
80 820 [1]
8 890 [3]
79 816 [6]
2 894 [6]
3 897 [2]
6 894 [2]
20 880 [2]
27 873 [2]
8 891 [3]
10 887 [5]
7 889 [6]
51 844 [7]
60 840 [2]
1 900 [1]
31 867 [5]
136 767 [0]
79 818 [6]
10 891 [2]
6 891 [6]
2 896 [6]
8 893 [3]
7 895 [2]
14 890 [0]
7 894 [3]
4 895 [5]
5 899 [1]
38 865 [2]
9 891 [5]
192 713 [0]
28 876 [1]
27 876 [2]
2 897 [6]
5 897 [3]
5 896 [5]
7 898 [1]
357 549 [0]
1 901 [4]
13 891 [2]
1 898 [7]
14 892 [0]
11 888 [7]
8 895 [3]
215 688 [4]
10 892 [5]
276 631 [0]
2 898 [7]
18 889 [0]
16 885 [6]
22 878 [7]
1 905 [1]
8 896 [3]
10 896 [2]
109 794 [5]
6 898 [4]
35 873 [0]
0 901 [7]
1 903 [4]
2 902 [4]
212 695 [1]
0 902 [7]
122 783 [4]
5 903 [1]
16 887 [6]
36 872 [1]
2 903 [4]
9 900 [0]
79 825 [6]
330 580 [0]
0 903 [7]
5 904 [1]
8 899 [3]
4 900 [6]
106 804 [0]
8 900 [3]
359 545 [7]
50 861 [0]
253 658 [0]
292 619 [0]
10 899 [2]
281 624 [6]
4 906 [1]
1 906 [4]
6 899 [6]
10 898 [3]
5 900 [6]
0 904 [7]
28 882 [1]
222 686 [4]
122 786 [4]
1 904 [7]
8 901 [3]
10 900 [2]
0 908 [4]
7 899 [6]
16 890 [6]
9 899 [5]
1 911 [1]
45 866 [2]
3 908 [2]
2 905 [6]
93 813 [7]
9 898 [6]
8 902 [3]
426 488 [0]
371 543 [0]
1 909 [4]
31 883 [0]
27 885 [2]
109 805 [0]
147 766 [1]
8 903 [3]
28 886 [1]
8 904 [3]
5 909 [1]
27 886 [2]
2 909 [4]
9 901 [5]
12 898 [5]
16 893 [6]
6 905 [5]
266 650 [0]
64 847 [5]
1 914 [1]
10 901 [5]
5 908 [3]
8 905 [3]
9 907 [0]
2 908 [6]
209 704 [3]
9 904 [3]
25 884 [7]
8 906 [3]
47 870 [0]
0 913 [4]
14 901 [2]
9 908 [0]
60 855 [2]
2 914 [1]
109 803 [5]
40 877 [1]
0 914 [4]
10 903 [5]
319 594 [5]
7 907 [5]
309 609 [1]
34 884 [1]
6 907 [6]
79 834 [6]
4 913 [2]
14 903 [2]
2 911 [6]
7 906 [6]
2 910 [7]
100 818 [1]
2 912 [6]
9 911 [0]
6 910 [4]
20 898 [2]
129 790 [1]
14 904 [2]
1 915 [4]
177 736 [7]
13 901 [6]
7 910 [4]
2 913 [6]
229 685 [7]
15 899 [7]
5 915 [1]
9 912 [0]
4 916 [1]
1 916 [4]
85 836 [0]
3 913 [5]
17 904 [0]
2 915 [4]
4 910 [7]
9 913 [0]
2 919 [1]
6 911 [5]
1 917 [4]
8 911 [3]
27 893 [2]
38 882 [2]
5 911 [6]
4 917 [1]
8 912 [3]
0 922 [1]
7 913 [3]
109 809 [5]
6 912 [5]
0 916 [7]
385 539 [0]
100 820 [4]
18 906 [0]
259 662 [3]
16 902 [6]
10 912 [2]
1 919 [4]
83 841 [0]
436 489 [0]
6 914 [5]
119 804 [2]
5 914 [6]
291 634 [0]
4 920 [1]
8 914 [3]
12 910 [3]
16 904 [5]
8 915 [3]
276 647 [3]
1 921 [4]
4 918 [4]
7 918 [1]
10 914 [2]
5 920 [1]
4 921 [1]
38 886 [2]
100 825 [1]
2 920 [4]
1 918 [7]
3 922 [2]
5 921 [1]
53 873 [1]
191 736 [0]
2 918 [7]
8 916 [3]
10 915 [2]
38 887 [2]
199 722 [7]
7 915 [6]
1 923 [4]
141 784 [3]
410 514 [4]
21 907 [0]
25 896 [7]
5 917 [6]
8 918 [3]
7 917 [5]
22 900 [7]
9 915 [5]
432 497 [0]
30 899 [0]
6 917 [6]
7 922 [0]
0 926 [4]
444 486 [0]
33 897 [0]
454 476 [0]
0 923 [7]
5 922 [3]
283 646 [1]
6 919 [5]
8 922 [0]
38 890 [2]
2 922 [6]
2 928 [1]
190 735 [6]
83 848 [0]
79 846 [6]
211 720 [0]
2 925 [4]
8 920 [3]
1 929 [1]
5 925 [1]
16 909 [6]
9 917 [5]
174 754 [3]
38 892 [2]
9 923 [0]
27 903 [2]
8 921 [3]
1 927 [4]
6 920 [6]
113 818 [1]
10 920 [2]
24 901 [7]
0 928 [4]
10 921 [2]
4 924 [5]
247 686 [0]
7 924 [2]
92 838 [3]
7 920 [6]
9 920 [5]
5 923 [6]
22 905 [7]
8 923 [3]
7 921 [6]
322 609 [3]
6 923 [5]
8 924 [3]
105 826 [4]
7 923 [5]
12 918 [5]
100 834 [1]
114 816 [5]
15 920 [0]
22 914 [0]
1 934 [1]
5 930 [1]
1 931 [4]
20 910 [6]
2 930 [4]
397 539 [0]
21 916 [0]
266 669 [2]
8 926 [3]
0 930 [7]
93 837 [7]
6 926 [5]
128 806 [4]
8 927 [3]
21 917 [0]
4 928 [6]
1 930 [7]
9 929 [0]
141 794 [3]
5 932 [1]
27 909 [2]
10 926 [2]
6 927 [6]
5 928 [6]
6 928 [5]
19 913 [7]
3 934 [2]
0 932 [7]
113 825 [1]
4 929 [6]
0 933 [7]
10 928 [2]
121 819 [0]
107 829 [4]
327 613 [0]
7 927 [6]
85 853 [2]
8 929 [3]
1 935 [4]
5 929 [6]
9 927 [5]
256 679 [6]
5 935 [1]
91 847 [3]
8 930 [3]
22 912 [7]
1 936 [4]
288 653 [0]
455 487 [0]
5 936 [1]
5 931 [6]
21 921 [0]
2 934 [6]
8 934 [0]
1 940 [1]
38 902 [2]
5 934 [3]
7 931 [5]
69 874 [0]
0 936 [7]
56 886 [1]
6 931 [6]
50 893 [0]
10 931 [2]
29 914 [0]
8 932 [3]
7 934 [3]
10 932 [2]
5 938 [1]
232 705 [7]
56 887 [2]
453 492 [0]
179 764 [2]
2 939 [4]
66 878 [1]
9 931 [5]
7 932 [6]
0 939 [7]
16 930 [0]
209 734 [3]
39 900 [7]
8 935 [3]
101 841 [5]
14 933 [0]
141 803 [3]
16 925 [6]
6 937 [4]
2 943 [2]
4 942 [1]
2 941 [4]
1 942 [4]
18 927 [2]
0 943 [4]
45 898 [5]
29 919 [0]
344 600 [4]
10 936 [2]
0 941 [7]
189 758 [1]
7 936 [5]
56 890 [2]
2 940 [6]
6 936 [6]
105 843 [0]
79 863 [6]
73 874 [1]
7 937 [4]
4 937 [7]
56 892 [1]
31 918 [0]
8 938 [3]
9 940 [0]
54 896 [0]
7 943 [0]
1 945 [4]
9 936 [5]
97 849 [4]
8 939 [3]
100 846 [4]
141 809 [0]
4 945 [1]
1 949 [1]
3 943 [5]
6 940 [5]
6 944 [2]
0 945 [7]
3 944 [5]
179 769 [4]
12 937 [3]
9 943 [0]
2 944 [6]
26 921 [5]
8 941 [3]
80 871 [1]
17 930 [6]
8 942 [3]
383 570 [0]
10 938 [5]
14 939 [0]
51 897 [5]
0 946 [7]
109 839 [5]
7 944 [2]
433 520 [0]
4 944 [5]
21 932 [0]
87 865 [1]
6 942 [6]
10 939 [5]
14 938 [2]
5 948 [1]
2 948 [4]
9 945 [0]
27 925 [2]
130 819 [5]
10 942 [2]
178 777 [0]
7 942 [6]
29 926 [0]
0 948 [7]
4 949 [2]
22 926 [7]
107 844 [4]
3 947 [5]
1 954 [1]
9 942 [5]
79 871 [6]
9 947 [0]
2 950 [4]
8 945 [3]
5 945 [6]
7 947 [2]
8 946 [3]
3 949 [5]
0 950 [7]
10 945 [2]
5 946 [6]
477 481 [0]
22 929 [7]
8 947 [3]
6 946 [6]
6 949 [3]
2 955 [1]
10 946 [2]
256 696 [6]
83 875 [0]
7 946 [5]
0 955 [4]
3 951 [5]
0 952 [7]
6 951 [2]
2 951 [6]
7 949 [3]
8 949 [3]
9 946 [5]
33 922 [5]
4 954 [2]
1 955 [4]
4 951 [5]
16 939 [6]
4 953 [4]
8 950 [3]
355 606 [0]
1 953 [7]
255 707 [0]
27 933 [2]
3 954 [5]
64 893 [5]
83 879 [0]
28 933 [1]
8 951 [3]
59 904 [0]
32 926 [5]
176 785 [2]
98 861 [4]
20 937 [6]
9 954 [0]
318 645 [0]
6 954 [3]
8 952 [3]
3 956 [5]
27 935 [2]
14 950 [0]
2 961 [1]
1 959 [4]
2 956 [6]
15 942 [7]
6 956 [2]
8 953 [3]
111 849 [4]
100 863 [1]
7 954 [3]
2 959 [4]
4 956 [5]
7 957 [1]
0 961 [4]
114 846 [5]
8 954 [3]
403 562 [0]
10 950 [5]
10 953 [2]
27 939 [0]
7 953 [6]
1 961 [4]
2 958 [6]
0 959 [7]
461 505 [0]
14 952 [0]
372 594 [0]
51 908 [7]
21 945 [0]
1 964 [1]
6 955 [5]
2 964 [1]
433 534 [0]
8 956 [3]
6 957 [4]
49 916 [2]
9 958 [0]
102 861 [5]
9 953 [6]
185 780 [3]
4 963 [1]
421 540 [7]
9 959 [0]
2 962 [4]
347 617 [4]
5 963 [1]
8 958 [3]
22 940 [7]
6 958 [5]
7 960 [2]
24 938 [7]
6 962 [1]
9 960 [0]
2 963 [4]
4 960 [5]
4 962 [4]
16 948 [6]
10 958 [2]
332 638 [0]
171 799 [0]
8 959 [3]
7 962 [1]
1 962 [7]
27 941 [2]
8 960 [3]
2 965 [4]
10 959 [2]
5 965 [1]
84 884 [3]
6 959 [6]
366 604 [1]
165 804 [3]
109 858 [5]
13 959 [0]
80 888 [4]
6 961 [5]
121 851 [0]
44 928 [0]
106 866 [0]
9 957 [6]
7 959 [6]
284 687 [1]
211 761 [0]
16 950 [6]
0 965 [7]
344 625 [4]
75 893 [5]
268 705 [0]
38 933 [2]
227 742 [4]
8 962 [3]
79 888 [6]
5 966 [2]
4 968 [1]
1 968 [4]
9 964 [0]
2 966 [6]
282 692 [0]
121 848 [5]
16 952 [6]
6 967 [1]
8 963 [3]
6 966 [2]
6 964 [5]
4 967 [4]
8 964 [3]
5 964 [6]
4 970 [1]
1 967 [7]
50 925 [0]
19 949 [7]
100 871 [4]
433 541 [1]
1 970 [4]
149 826 [0]
69 907 [0]
9 967 [0]
345 631 [0]
151 823 [2]
12 962 [2]
386 590 [0]
7 966 [3]
7 963 [6]
8 966 [3]
9 963 [5]
27 948 [2]
1 969 [7]
9 962 [6]
2 971 [4]
7 969 [1]
233 744 [0]
64 909 [5]
43 932 [3]
344 630 [4]
154 821 [3]
2 969 [7]
221 754 [3]
374 604 [0]
10 967 [2]
8 968 [3]
14 965 [0]
6 969 [4]
20 957 [2]
2 974 [4]
324 656 [0]
7 972 [1]
6 968 [6]
255 725 [0]
10 968 [2]
113 863 [4]
61 917 [3]
2 973 [6]
7 968 [6]
87 887 [7]
27 952 [2]
73 907 [1]
2 972 [7]
4 973 [5]
6 972 [4]
8 971 [3]
7 973 [2]
6 970 [6]
10 969 [3]
9 968 [5]
2 977 [4]
7 975 [1]
1 978 [4]
15 968 [0]
5 973 [5]
7 970 [6]
4 972 [7]
0 976 [7]
8 973 [3]
2 975 [7]
197 787 [0]
5 978 [1]
36 947 [1]
11 966 [7]
12 967 [5]
0 977 [7]
272 712 [0]
2 979 [4]
14 971 [0]
423 562 [0]
6 975 [4]
5 979 [1]
50 935 [0]
310 675 [0]
15 963 [7]
8 974 [3]
256 723 [6]
10 973 [2]
173 811 [1]
130 851 [5]
12 969 [5]
200 782 [4]
2 980 [4]
18 968 [0]
126 860 [1]
2 981 [4]
0 980 [7]
5 981 [1]
22 958 [7]
327 660 [0]
1 982 [4]
263 722 [2]
16 965 [6]
12 972 [3]
238 743 [6]
1 979 [7]
4 982 [1]
45 937 [5]
18 970 [0]
10 975 [3]
0 981 [7]
14 974 [0]
1 983 [4]
379 609 [0]
13 976 [0]
5 983 [1]
10 974 [5]
2 983 [4]
386 603 [0]
129 859 [1]
238 745 [6]
8 978 [3]
114 871 [5]
8 979 [3]
9 975 [6]
38 950 [2]
23 960 [7]
68 916 [6]
29 961 [0]
51 934 [5]
36 951 [4]
50 941 [0]
5 985 [1]
14 977 [0]
20 969 [2]
8 980 [3]
0 985 [7]
2 984 [6]
2 986 [4]
8 981 [3]
5 986 [1]
38 952 [2]
10 977 [5]
166 819 [7]
9 981 [3]
16 971 [6]
69 923 [1]
5 982 [6]
4 984 [5]
8 982 [3]
7 984 [2]
1 991 [1]
6 982 [5]
20 972 [1]
28 965 [1]
5 984 [5]
479 515 [0]
14 980 [0]
27 965 [2]
382 612 [0]
8 983 [3]
109 880 [5]
201 787 [6]
317 677 [0]
93 897 [5]
10 980 [5]
2 987 [6]
396 599 [0]
0 991 [4]
4 990 [1]
8 984 [3]
36 956 [4]
203 788 [5]
16 974 [6]
56 939 [1]
7 987 [2]
4 987 [5]
100 895 [1]
7 983 [6]
20 975 [2]
7 989 [1]
4 988 [5]
16 981 [0]
7 988 [2]
9 988 [0]
10 985 [2]
3 992 [2]
14 981 [2]
9 983 [5]
5 987 [5]
7 985 [6]
407 591 [0]
50 948 [0]
277 719 [2]
2 989 [7]
16 976 [6]
0 994 [4]
8 988 [3]
356 639 [4]
181 814 [4]
141 858 [0]
7 992 [0]
10 987 [2]
48 947 [4]
16 977 [6]
48 944 [7]
27 971 [2]
5 992 [3]
8 992 [0]
16 978 [6]
121 879 [0]
28 971 [1]
0 993 [7]
6 990 [5]
88 911 [2]
5 995 [1]
296 705 [0]
10 986 [5]
5 990 [6]
186 810 [5]
16 979 [6]
51 943 [7]
10 990 [2]
5 991 [6]
6 995 [1]
10 989 [3]
8 991 [3]
6 991 [5]
91 909 [3]
9 994 [0]
4 994 [5]
1 995 [7]
36 966 [1]
69 931 [3]
10 991 [2]
64 935 [5]
255 749 [0]
9 995 [0]
8 993 [3]
27 977 [0]
17 981 [6]
6 997 [1]
4 997 [4]
38 965 [2]
25 973 [7]
494 511 [0]
15 983 [7]
7 997 [1]
75 925 [5]
27 976 [2]
0 998 [7]
8 995 [3]
11 988 [7]
5 997 [4]
99 905 [2]
2 997 [7]
85 919 [2]
21 985 [0]
10 994 [2]
438 569 [0]
27 978 [2]
305 696 [6]
5 996 [6]
14 993 [0]
126 881 [1]
55 947 [6]
16 986 [6]
8 997 [3]
317 691 [0]
34 973 [1]
7 995 [6]
199 802 [7]
10 996 [2]
9 999 [0]
27 979 [2]
132 874 [3]
56 952 [1]
8 998 [3]
478 531 [0]
4 999 [6]
5 999 [6]
8 999 [3]
188 818 [4]
20 989 [2]
179 828 [4]
12 997 [2]
38 971 [2]
502 509 [0]
22 990 [0]
14 998 [0]
12 995 [5]
324 689 [0]
128 882 [4]
344 666 [4]
130 879 [5]
35 979 [0]
38 974 [2]
75 935 [5]
27 986 [2]
216 796 [4]
86 925 [5]
297 718 [1]
195 815 [6]
70 946 [0]
25 984 [7]
38 977 [2]
129 887 [1]
233 784 [0]
186 827 [5]
22 996 [0]
474 545 [0]
28 986 [5]
264 755 [0]
25 987 [7]
341 674 [4]
38 980 [2]
75 941 [4]
129 890 [1]
22 991 [7]
186 830 [5]
35 986 [0]
126 894 [1]
28 993 [1]
290 732 [0]
410 608 [4]
166 851 [5]
45 972 [5]
161 861 [0]
282 735 [6]
135 882 [6]
477 547 [0]
128 892 [4]
141 880 [3]
100 924 [1]
131 887 [7]
424 602 [0]
25 994 [7]
188 834 [4]
137 889 [0]
75 948 [4]
233 794 [0]
87 939 [1]
28 998 [1]
27 998 [2]
31 997 [0]
439 589 [0]
98 925 [5]
131 890 [7]
56 971 [1]
481 547 [0]
22 999 [7]
34 994 [1]
291 731 [7]
344 681 [4]
94 928 [7]
97 929 [4]
33 992 [5]
43 985 [3]
50 976 [5]
129 902 [1]
272 760 [0]
38 993 [2]
294 738 [1]
340 695 [0]
424 610 [1]
233 803 [0]
39 990 [7]
83 953 [0]
56 974 [7]
56 980 [1]
122 911 [4]
39 991 [7]
115 916 [6]
113 924 [1]
87 950 [1]
203 831 [5]
53 986 [0]
450 590 [0]
117 922 [1]
90 951 [0]
99 940 [2]
39 996 [7]
233 809 [0]
137 906 [0]
98 941 [5]
64 976 [5]
89 949 [7]
39 999 [7]
107 934 [4]
79 960 [6]
104 935 [7]
463 583 [0]
89 954 [4]
209 836 [3]
442 607 [0]
304 745 [0]
127 919 [3]
51 992 [7]
83 967 [0]
56 993 [1]
98 948 [5]
204 847 [1]
85 961 [7]
95 954 [4]
277 775 [2]
350 697 [7]
56 998 [1]
417 639 [0]
75 978 [5]
450 603 [6]
353 700 [6]
215 841 [4]
384 677 [0]
185 874 [3]
471 591 [0]
176 885 [2]
211 853 [0]
137 927 [0]
148 912 [4]
87 977 [1]
82 979 [5]
281 783 [3]
263 802 [2]
87 980 [1]
256 806 [6]
152 912 [4]
86 978 [5]
281 786 [3]
377 693 [0]
363 707 [0]
184 884 [3]
109 957 [5]
80 988 [4]
216 857 [0]
525 548 [0]
150 923 [0]
154 919 [2]
384 691 [0]
197 878 [0]
534 541 [0]
243 832 [0]
233 839 [3]
113 960 [4]
83 995 [0]
145 929 [5]
427 645 [7]
121 953 [5]
248 831 [1]
190 888 [6]
231 853 [0]
267 818 [0]
201 878 [6]
139 941 [6]
137 942 [7]
125 962 [0]
188 895 [4]
130 953 [5]
192 896 [0]
143 938 [7]
410 674 [4]
179 905 [4]
230 854 [5]
109 975 [5]
299 785 [5]
122 964 [4]
233 858 [0]
100 988 [4]
275 817 [0]
361 727 [4]
216 872 [4]
485 608 [0]
139 948 [6]
105 984 [4]
469 626 [0]
383 710 [2]
382 713 [0]
185 907 [3]
105 987 [4]
444 652 [0]
147 944 [7]
147 951 [1]
533 566 [0]
97 999 [4]
267 834 [0]
141 957 [3]
359 738 [5]
318 784 [0]
109 989 [5]
133 965 [5]
129 974 [1]
354 750 [0]
147 956 [1]
344 757 [4]
367 738 [0]
158 941 [6]
343 760 [2]
112 990 [3]
317 789 [0]
232 868 [7]
282 820 [6]
112 996 [1]
129 980 [1]
148 958 [4]
117 992 [1]
255 857 [0]
154 955 [3]
131 974 [7]
318 794 [0]
233 880 [0]
137 970 [7]
225 890 [0]
141 975 [0]
188 924 [4]
325 791 [0]
378 739 [0]
213 899 [5]
295 821 [2]
407 714 [0]
318 803 [0]
149 973 [0]
186 933 [5]
536 588 [0]
232 889 [7]
141 989 [0]
277 852 [1]
198 930 [3]
272 859 [0]
287 843 [1]
149 984 [0]
180 947 [6]
393 743 [0]
149 987 [0]
565 572 [0]
266 871 [0]
486 652 [0]
299 835 [5]
202 933 [4]
361 774 [5]
203 932 [5]
297 842 [1]
556 585 [0]
256 882 [6]
232 906 [7]
167 976 [3]
183 963 [0]
536 611 [0]
324 824 [0]
145 999 [5]
348 802 [1]
356 793 [4]
463 688 [4]
532 624 [0]
265 886 [5]
318 839 [0]
431 726 [0]
495 663 [0]
503 655 [0]
267 895 [0]
383 777 [2]
351 812 [0]
232 927 [7]
183 983 [0]
386 781 [0]
371 797 [1]
543 628 [0]
206 964 [2]
536 633 [4]
272 902 [0]
357 818 [0]
181 990 [4]
581 597 [0]
500 672 [7]
334 839 [6]
181 996 [3]
437 744 [0]
357 825 [0]
458 725 [0]
190 988 [6]
186 993 [5]
241 944 [1]
236 950 [0]
528 659 [0]
356 828 [4]
250 932 [6]
277 910 [1]
186 998 [4]
299 885 [5]
524 666 [0]
357 834 [0]
327 860 [7]
267 924 [4]
268 927 [0]
361 829 [5]
258 933 [6]
318 880 [0]
588 611 [0]
243 952 [4]
290 903 [6]
202 993 [4]
359 833 [7]
412 788 [0]
305 892 [6]
202 998 [4]
343 859 [2]
297 908 [1]
280 926 [1]
292 915 [0]
233 975 [0]
327 881 [0]
232 970 [7]
483 727 [0]
276 931 [3]
458 749 [4]
459 754 [0]
236 977 [0]
528 683 [3]
276 936 [3]
427 784 [4]
277 937 [1]
295 919 [2]
530 687 [0]
553 664 [0]
533 685 [0]
222 996 [1]
230 985 [5]
255 966 [0]
327 894 [0]
278 944 [0]
557 665 [0]
560 662 [0]
233 989 [0]
358 865 [0]
403 821 [0]
389 835 [0]
600 625 [0]
427 794 [4]
407 813 [5]
588 633 [4]
586 642 [0]
452 780 [0]
600 630 [2]
427 803 [4]
450 781 [6]
478 757 [3]
238 994 [6]
525 708 [7]
500 733 [7]
503 737 [1]
247 996 [1]
294 945 [5]
480 764 [0]
611 633 [0]
565 679 [0]
343 902 [2]
423 821 [5]
323 926 [0]
411 839 [0]
277 972 [2]
566 685 [0]
352 900 [0]
295 955 [2]
357 895 [0]
284 969 [0]
309 943 [3]
386 869 [0]
548 708 [0]
355 901 [0]
346 911 [0]
258 993 [6]
295 961 [2]
333 929 [0]
601 661 [0]
621 643 [0]
356 905 [4]
508 760 [0]
322 943 [3]
350 913 [7]
391 884 [0]
292 983 [0]
318 957 [0]
507 769 [0]
480 793 [4]
473 804 [0]
294 982 [2]
570 710 [0]
469 809 [2]
357 924 [0]
557 720 [7]
336 949 [0]
421 863 [7]
313 976 [3]
342 951 [0]
465 831 [0]
432 860 [5]
550 748 [0]
581 718 [0]
356 940 [4]
361 934 [5]
325 978 [0]
342 956 [7]
601 703 [1]
407 897 [5]
474 833 [4]
395 916 [0]
401 912 [0]
427 880 [7]
597 718 [0]
596 722 [0]
464 856 [0]
532 786 [3]
330 990 [4]
605 719 [0]
386 938 [0]
450 869 [6]
432 894 [0]
403 919 [6]
469 858 [2]
582 747 [0]
399 933 [0]
601 730 [1]
363 966 [4]
341 992 [4]
530 807 [0]
659 683 [0]
581 759 [5]
359 982 [5]
522 825 [0]
500 840 [7]
582 765 [1]
570 777 [1]
367 982 [2]
578 778 [0]
616 740 [0]
614 742 [0]
497 860 [0]
377 979 [1]
442 909 [7]
403 955 [0]
592 766 [0]
438 917 [4]
401 958 [1]
452 907 [1]
597 759 [5]
500 855 [7]
403 961 [0]
661 703 [0]
593 773 [0]
677 691 [0]
521 847 [0]
405 964 [0]
595 776 [0]
477 893 [4]
385 985 [4]
627 751 [0]
421 960 [0]
605 775 [1]
562 821 [0]
423 955 [5]
427 957 [0]
665 720 [0]
397 985 [4]
480 905 [3]
423 961 [5]
393 994 [3]
497 894 [0]
655 737 [0]
491 902 [0]
450 938 [6]
661 730 [5]
475 922 [0]
462 936 [0]
441 957 [0]
679 723 [0]
540 863 [0]
672 733 [0]
410 992 [4]
552 867 [0]
480 940 [4]
538 886 [0]
581 842 [5]
645 784 [0]
559 870 [0]
644 787 [0]
651 782 [0]
703 730 [0]
704 734 [0]
597 842 [1]
467 976 [0]
525 913 [7]
558 889 [0]
565 882 [0]
556 892 [0]
605 852 [0]
571 887 [0]
469 989 [2]
517 943 [0]
499 963 [0]
641 823 [0]
558 906 [2]
677 789 [1]
552 918 [0]
479 986 [7]
549 924 [0]
725 749 [0]
585 892 [0]
691 789 [0]
550 928 [3]
626 858 [0]
679 806 [0]
710 777 [0]
719 775 [0]
613 881 [0]
530 969 [0]
540 960 [0]
597 908 [5]
689 824 [0]
605 910 [0]
516 999 [0]
607 909 [0]
672 840 [5]
715 808 [0]
644 878 [1]
546 978 [0]
655 864 [7]
714 813 [0]
558 970 [2]
672 855 [3]
619 915 [0]
684 851 [0]
542 998 [0]
603 938 [0]
561 981 [0]
704 836 [3]
605 937 [1]
552 997 [2]
735 820 [0]
622 935 [0]
589 971 [0]
618 947 [0]
763 805 [0]
771 798 [0]
770 800 [0]
734 836 [0]
733 840 [0]
605 972 [0]
647 931 [0]
616 967 [3]
733 855 [3]
667 930 [0]
794 803 [0]
762 837 [0]
737 864 [0]
774 829 [0]
715 891 [0]
668 946 [0]
774 844 [3]
718 908 [0]
719 910 [0]
810 830 [0]
716 925 [0]
649 995 [0]
781 869 [0]
818 834 [0]
741 921 [0]
822 845 [0]
829 844 [0]
794 880 [6]
686 996 [0]
803 880 [0]
780 907 [0]
740 967 [0]
775 937 [0]
845 873 [0]
729 991 [0]
738 982 [0]
818 895 [7]
735 988 [0]
834 895 [0]
793 940 [0]
743 994 [0]
821 955 [0]
832 952 [0]
867 918 [0]
889 906 [0]
809 989 [0]
826 984 [0]
826 987 [1]
889 970 [5]
912 958 [0]
951 956 [0]
