1600
12
41
180
320
353
414
958
1287
1533
121
202
356
287
501
136
128
798
102
277
256
133
282
344
272
342
459
513
371
860
1
241
4
302
189
816
174
223
227
7
107
397
66
333
142
449
83
27
273
95
0
215
104
514
280
463
734
135
87
274
101
321
15
19
1189
224
119
218
150
47
261
399
138
38
8
705
177
16
146
65
402
231
848
131
45
367
693
193
654
411
530
130
1112
605
1140
552
835
396
85
192
664
303
149
616
159
115
525
164
68
144
374
293
197
210
288
617
515
171
156
239
495
906
1020
387
129
533
276
713
1320
444
50
327
67
474
170
89
157
650
57
319
429
185
537
70
118
225
1224
403
9
476
33
21
335
187
93
60
26
48
913
195
897
386
182
167
219
505
357
201
100
249
34
64
989
254
684
547
62
49
452
507
18
394
1031
655
158
132
42
52
408
175
680
111
106
640
486
653
24
11
385
538
44
281
529
14
114
1007
383
236
976
151
380
12
262
30
278
113
5
1312
672
852
488
370
160
952
123
285
355
644
59
607
69
566
1486
203
390
250
354
466
260
626
22
145
364
234
602
665
606
825
253
1044
103
1215
205
80
359
186
770
450
340
337
377
1379
78
39
291
263
418
126
454
238
630
233
1179
479
235
1262
416
375
609
372
448
230
1141
6
577
378
744
247
510
36
618
105
763
88
455
110
289
269
166
759
96
61
245
120
1018
295
127
1103
92
343
856
673
849
97
562
426
306
471
433
714
888
561
748
600
55
271
140
35
332
481
347
582
76
1061
1363
663
531
395
468
527
325
1162
148
373
410
709
147
90
570
758
72
196
456
314
28
804
1317
406
152
125
124
400
43
915
1041
99
328
268
362
388
1546
345
499
29
614
667
184
822
619
432
592
74
73
660
71
518
517
907
423
865
1099
898
1184
578
636
512
777
176
567
237
428
894
1176
460
841
1042
843
500
826
363
1432
549
1127
591
844
1521
699
649
172
334
417
265
398
290
1242
535
206
1337
524
810
683
886
313
574
629
681
508
580
389
270
696
338
323
443
503
808
979
922
1003
550
228
244
204
165
1010
803
498
381
183
220
13
1165
879
692
82
23
771
604
494
1204
857
493
489
54
523
823
887
37
178
882
40
834
943
329
1147
1294
534
226
679
926
470
1378
358
522
745
376
657
599
464
867
207
750
1049
360
661
551
248
485
339
938
2
624
1250
348
94
674
671
294
382
783
1110
421
1480
519
870
173
1346
931
79
751
725
821
1025
366
222
412
322
800
919
467
854
179
264
520
112
1388
880
1009
56
346
243
194
300
392
697
122
1351
1234
625
1399
497
299
634
703
169
305
698
593
792
77
369
785
760
1457
492
802
558
1248
413
556
815
214
1193
1254
462
875
1015
761
431
545
168
229
1005
1035
1308
581
796
1188
908
216
1197
675
1418
951
304
576
731
872
575
596
776
25
1199
719
682
889
484
992
988
163
1118
828
296
1077
181
1576
516
365
438
689
861
350
678
475
1002
695
923
502
1037
813
91
1219
137
781
1321
445
457
393
601
568
741
1133
1369
312
543
791
316
63
637
970
258
1195
754
647
1096
986
772
330
84
944
308
352
939
326
996
1180
1114
708
1145
1082
10
116
687
851
482
864
1022
1241
1117
964
1462
478
251
884
453
883
727
1478
858
1208
949
1124
259
1132
213
824
1043
155
161
1485
526
809
812
109
565
1017
1380
384
75
686
255
407
724
430
439
424
368
838
331
292
957
391
420
948
1384
491
817
752
830
1092
831
893
546
58
1259
117
1273
1052
572
859
968
1440
1229
1305
1098
1360
1070
613
643
728
969
869
963
284
775
1281
536
765
504
1212
46
315
442
1454
336
1381
827
1411
891
469
936
1319
586
1245
191
1094
990
1314
1173
662
141
715
801
472
198
832
1244
199
1469
379
211
722
1441
723
1456
20
1500
579
465
98
1047
929
927
818
188
221
747
425
473
656
1471
1105
950
868
806
1330
757
1292
437
583
1100
1359
1280
947
134
632
691
1200
480
900
659
1076
1168
1409
627
436
1266
1084
548
51
961
729
1120
1333
840
1203
862
246
143
1413
1565
451
1566
780
542
560
217
435
584
1174
252
1080
1435
1088
1326
706
1276
564
511
807
1527
283
267
563
540
1119
32
594
1474
1006
1356
405
819
1344
694
483
1231
1442
569
1016
739
648
789
1318
676
836
1268
307
921
1134
1033
1534
1581
544
1171
415
736
1217
903
458
1252
1048
1269
1303
349
1334
1136
805
1315
1425
978
1111
998
971
1594
774
994
1045
1400
1453
749
896
677
985
645
940
257
266
735
1192
286
162
847
960
598
1323
1062
1580
1131
1024
541
962
1516
1164
1396
409
920
1518
688
846
633
999
1146
1439
1459
707
1237
1209
1299
795
590
553
669
1220
477
621
1196
730
1568
1345
778
863
1261
86
1239
1301
1075
1137
987
1079
589
1227
746
1279
909
1051
1228
878
651
700
539
1329
1198
1258
732
743
1130
1523
232
701
1424
1293
401
932
1313
874
685
788
31
1256
1139
615
1393
190
901
53
1524
1073
571
608
768
953
108
631
1029
1306
1255
876
1019
717
361
1391
1187
1069
668
845
1484
740
1271
1058
959
1289
1461
1450
837
318
427
1235
1032
1108
720
881
1143
1090
461
991
1059
554
1579
1284
1392
1232
1473
1517
980
642
866
1095
1122
1401
1298
1404
839
1046
769
573
1372
1538
1175
212
521
666
1072
712
1240
793
1106
1063
341
1430
1097
1574
496
1155
1161
1170
1178
1446
1185
209
1479
1264
1310
1481
1183
738
965
3
635
419
1559
441
1060
1186
1157
1477
1522
1085
1544
899
153
1304
1512
1551
528
756
208
1246
1362
799
588
1532
1434
1226
1540
1074
628
1126
1214
1081
1055
1142
1283
1202
1394
786
81
1065
1222
925
1545
1050
1564
912
885
955
982
1567
1570
1207
1590
1086
1449
622
1458
1582
1270
733
1107
1113
1211
1465
1397
902
1071
1598
1001
1448
829
1583
937
855
1563
1116
742
1466
506
967
1352
1021
610
240
1530
1340
1578
767
1341
1054
1509
1539
1026
1366
1221
924
1443
1482
670
1247
612
984
1529
1249
1455
716
1286
917
1490
611
1011
422
1302
983
1151
1205
446
753
1153
1403
1592
1148
275
1027
1595
972
779
710
993
892
1257
297
317
1325
1422
1309
1365
933
1233
1030
139
877
1353
440
1181
1476
1586
1377
1525
1444
1115
1064
1417
1436
1593
1572
702
820
721
1213
1159
1331
154
1464
1251
916
1562
1398
1129
1349
1492
1295
690
1499
1489
1494
1163
941
1419
1316
1008
1373
853
1547
1357
1587
1201
1332
797
977
1036
1511
997
1078
1531
298
1194
1405
1561
1322
842
1272
1463
487
557
1597
200
1225
1263
1291
1339
1367
1560
1374
1503
1370
975
1513
324
1223
1012
1101
1149
1426
1290
1121
1191
1358
1407
1277
1376
1552
1034
1160
1410
638
404
1584
509
737
555
309
1437
311
1571
762
966
603
1297
532
652
1504
1415
1364
1514
1260
946
1067
559
904
773
1138
1575
1541
1288
1549
764
890
956
1577
1402
910
1491
954
310
1382
1528
1451
945
1383
1408
1338
704
1355
1497
1507
1495
1573
351
1526
1109
1390
1154
1057
1433
766
1386
1487
1510
1169
1428
995
794
1307
1483
1519
1470
1125
1543
833
1347
1190
1460
942
1421
1216
1230
1296
1550
1515
1158
1588
1348
1569
1585
1023
1553
1000
1328
1557
1206
1335
1452
1361
1089
1028
782
1438
1505
1508
1135
928
1238
1368
1496
1013
787
1342
1156
1166
1488
1210
1038
1537
918
1506
871
1087
1416
1542
1327
17
718
1278
1350
1068
1253
1420
1004
1427
1354
1445
1429
1498
1472
1431
1274
585
1536
658
1412
1102
1167
981
1014
1123
1218
1406
641
850
1467
974
811
1336
301
1371
620
597
1520
1152
595
1501
1182
490
1596
1423
1040
814
1177
1104
1265
1282
1555
1556
1267
1275
930
1554
1502
1311
1599
1389
784
1475
911
1447
279
1150
1093
711
1144
755
1387
895
1535
973
1091
1548
914
587
1343
623
1300
873
1172
1243
1558
1414
1591
1493
1128
1083
726
905
935
934
1324
1066
1056
1236
434
1053
242
1285
1385
447
790
1039
1375
1468
646
1395
1589
639
15 19 [0]
11 24 [0]
8 38 [0]
21 33 [0]
26 48 [0]
26 60 [0]
38 42 [9]
42 52 [0]
0 95 [0]
34 64 [0]
23 82 [0]
27 83 [0]
49 62 [0]
7 107 [0]
39 78 [0]
5 113 [0]
10 116 [0]
14 114 [0]
73 74 [0]
60 93 [0]
61 96 [0]
16 146 [0]
60 99 [8]
22 145 [0]
42 132 [0]
35 140 [0]
38 138 [0]
45 131 [0]
76 95 [5]
70 118 [0]
16 177 [0]
47 150 [0]
7 183 [8]
65 146 [0]
68 144 [0]
37 178 [0]
0 215 [0]
106 111 [0]
38 175 [9]
87 135 [0]
16 208 [1]
68 164 [0]
92 135 [5]
13 220 [0]
7 227 [0]
96 135 [5]
90 147 [0]
1 241 [0]
4 241 [0]
89 157 [0]
124 125 [0]
89 170 [0]
24 227 [9]
128 136 [0]
72 196 [0]
26 246 [1]
115 159 [0]
12 262 [0]
85 192 [0]
125 152 [0]
93 187 [0]
34 249 [0]
80 205 [0]
132 158 [0]
30 262 [0]
12 279 [3]
137 147 [11]
27 273 [0]
100 201 [0]
4 302 [0]
61 245 [0]
30 278 [0]
47 261 [0]
38 268 [8]
155 161 [0]
104 215 [0]
24 291 [8]
121 202 [0]
132 184 [8]
44 281 [0]
113 211 [1]
55 271 [0]
156 171 [0]
79 241 [8]
39 291 [0]
47 286 [2]
15 321 [0]
119 218 [0]
28 314 [0]
118 225 [0]
119 224 [0]
83 261 [3]
167 182 [0]
100 249 [0]
21 335 [0]
87 274 [0]
46 315 [0]
120 245 [0]
111 248 [7]
35 332 [0]
95 273 [0]
150 218 [0]
165 204 [0]
101 274 [0]
57 319 [0]
50 327 [0]
33 340 [5]
85 293 [0]
102 277 [0]
63 316 [0]
167 219 [0]
100 286 [2]
133 256 [0]
143 246 [0]
62 318 [11]
113 278 [0]
12 380 [0]
89 301 [3]
67 327 [0]
156 239 [0]
72 322 [1]
11 385 [0]
168 229 [0]
174 223 [0]
66 333 [0]
110 289 [0]
56 346 [0]
183 220 [0]
93 308 [6]
197 210 [0]
123 285 [0]
188 221 [0]
140 271 [0]
45 367 [0]
9 403 [0]
18 394 [0]
84 330 [0]
133 282 [0]
87 325 [5]
131 285 [5]
72 348 [1]
127 295 [0]
101 321 [0]
201 212 [11]
60 357 [8]
99 328 [0]
72 350 [11]
11 417 [7]
92 343 [0]
166 269 [0]
183 251 [2]
194 243 [0]
80 359 [0]
94 348 [0]
179 264 [0]
43 400 [0]
77 369 [0]
204 244 [0]
162 286 [0]
223 227 [0]
187 259 [6]
149 303 [0]
186 262 [8]
159 292 [6]
136 315 [6]
75 384 [0]
52 408 [0]
158 296 [6]
184 271 [7]
134 327 [1]
66 397 [0]
216 241 [7]
65 402 [0]
70 392 [7]
228 244 [0]
169 305 [0]
113 351 [10]
231 241 [3]
142 333 [0]
57 412 [7]
46 422 [8]
85 396 [0]
9 476 [0]
27 456 [5]
102 387 [0]
52 431 [6]
197 293 [0]
189 302 [0]
194 300 [0]
50 444 [0]
210 288 [0]
49 452 [0]
30 461 [11]
57 439 [6]
107 397 [0]
172 334 [0]
145 364 [0]
33 476 [0]
11 497 [6]
129 387 [0]
164 345 [8]
56 458 [4]
144 374 [0]
87 426 [5]
136 375 [9]
148 373 [0]
187 335 [0]
0 516 [7]
257 266 [0]
124 400 [0]
18 507 [0]
29 499 [0]
160 370 [0]
151 380 [0]
83 449 [0]
256 277 [0]
138 399 [0]
30 502 [6]
101 435 [2]
164 369 [7]
67 474 [0]
182 357 [2]
54 489 [0]
14 529 [0]
88 455 [0]
126 418 [0]
156 386 [2]
1 541 [2]
186 359 [0]
36 510 [0]
267 283 [0]
18 528 [4]
27 518 [5]
263 291 [0]
223 328 [5]
202 356 [0]
152 406 [0]
269 289 [0]
201 357 [0]
174 379 [6]
170 384 [6]
98 465 [0]
183 381 [0]
110 455 [0]
182 386 [0]
62 500 [7]
93 475 [6]
54 523 [0]
136 444 [0]
255 314 [11]
126 454 [0]
44 538 [0]
175 408 [0]
241 341 [1]
6 577 [0]
222 366 [0]
71 518 [0]
243 346 [0]
211 379 [0]
21 561 [8]
142 449 [0]
49 541 [2]
203 390 [0]
268 328 [0]
49 543 [6]
234 364 [0]
51 548 [0]
205 393 [1]
138 452 [9]
167 430 [6]
250 354 [0]
58 546 [0]
70 537 [0]
9 598 [1]
71 528 [10]
62 547 [0]
35 565 [11]
277 335 [0]
147 461 [4]
211 400 [2]
16 587 [10]
272 342 [0]
297 317 [0]
185 429 [0]
215 393 [7]
272 344 [0]
203 404 [10]
104 514 [0]
236 383 [0]
232 380 [11]
10 613 [0]
292 331 [0]
2 624 [0]
32 594 [0]
282 344 [0]
11 609 [8]
15 612 [1]
268 362 [0]
27 600 [5]
112 520 [0]
18 613 [1]
231 402 [0]
222 412 [0]
69 566 [0]
177 455 [5]
136 501 [0]
3 635 [0]
83 547 [9]
52 580 [7]
85 553 [1]
285 355 [0]
250 390 [0]
245 384 [11]
115 525 [0]
69 573 [0]
287 356 [0]
29 614 [0]
281 357 [5]
170 474 [0]
202 444 [0]
68 572 [6]
308 328 [11]
22 626 [0]
289 356 [5]
133 515 [3]
218 422 [11]
217 435 [0]
196 456 [0]
83 559 [11]
36 618 [0]
123 528 [4]
55 600 [0]
295 356 [5]
80 570 [7]
76 582 [0]
66 590 [2]
97 562 [0]
270 389 [0]
104 552 [3]
308 352 [0]
130 530 [0]
261 399 [0]
90 570 [0]
323 338 [0]
255 407 [0]
129 533 [0]
78 584 [2]
237 428 [0]
74 592 [0]
59 607 [0]
293 374 [0]
198 472 [0]
227 438 [7]
273 390 [9]
109 565 [0]
78 596 [1]
119 547 [9]
69 607 [0]
294 382 [0]
24 653 [0]
337 340 [0]
230 448 [0]
273 405 [2]
202 470 [8]
305 370 [6]
263 418 [0]
265 417 [0]
223 455 [5]
289 393 [1]
22 651 [11]
171 515 [0]
99 586 [2]
290 398 [0]
164 525 [0]
325 357 [8]
300 392 [0]
238 454 [0]
129 563 [1]
217 476 [1]
87 602 [9]
63 637 [0]
305 390 [6]
15 679 [8]
59 644 [0]
173 525 [7]
21 678 [6]
71 631 [4]
57 650 [0]
82 621 [4]
285 419 [4]
108 600 [0]
272 433 [5]
168 545 [0]
323 383 [7]
112 600 [1]
8 705 [0]
235 479 [0]
337 377 [0]
185 537 [0]
164 551 [7]
105 618 [0]
219 505 [0]
260 466 [0]
185 542 [1]
15 712 [1]
251 478 [0]
71 660 [0]
343 380 [8]
306 426 [0]
126 603 [3]
212 521 [0]
73 660 [0]
322 412 [0]
239 495 [0]
274 456 [5]
141 592 [2]
7 722 [6]
182 553 [1]
121 606 [9]
220 509 [9]
337 399 [5]
237 503 [1]
206 535 [0]
30 701 [11]
176 567 [0]
280 463 [0]
318 427 [0]
57 682 [6]
106 640 [0]
319 429 [0]
362 388 [0]
237 502 [11]
80 663 [7]
334 417 [0]
170 577 [5]
285 460 [7]
203 554 [0]
247 510 [0]
315 442 [0]
273 483 [2]
368 390 [1]
217 539 [3]
126 626 [8]
226 534 [0]
75 686 [0]
65 689 [7]
123 635 [4]
338 418 [6]
278 483 [2]
119 636 [8]
142 622 [1]
149 616 [0]
362 393 [11]
323 443 [0]
134 632 [0]
131 630 [5]
87 674 [7]
47 720 [1]
94 674 [0]
314 456 [0]
335 435 [1]
183 585 [5]
82 692 [0]
294 478 [2]
159 616 [0]
110 658 [9]
289 481 [7]
7 768 [2]
217 560 [0]
228 550 [0]
171 603 [4]
134 644 [2]
307 474 [1]
52 720 [11]
373 410 [0]
203 574 [7]
264 520 [0]
37 743 [4]
11 775 [1]
287 501 [0]
138 651 [1]
196 585 [9]
340 450 [0]
232 547 [11]
111 680 [0]
375 416 [0]
368 424 [0]
151 631 [11]
92 696 [6]
280 514 [0]
23 771 [0]
299 497 [0]
148 648 [0]
171 623 [3]
135 652 [11]
69 728 [1]
212 582 [4]
85 712 [1]
248 551 [0]
0 790 [10]
146 654 [0]
342 459 [0]
25 776 [0]
278 517 [7]
121 672 [9]
116 687 [0]
141 662 [0]
365 438 [0]
237 567 [0]
287 510 [9]
9 791 [6]
157 650 [0]
373 424 [11]
276 533 [0]
74 735 [0]
148 653 [8]
281 529 [0]
391 420 [0]
151 651 [11]
158 655 [0]
332 481 [0]
398 417 [0]
268 548 [0]
196 610 [10]
182 633 [2]
66 747 [6]
122 697 [0]
31 788 [0]
406 412 [1]
354 466 [0]
69 745 [6]
372 448 [0]
172 649 [0]
339 485 [0]
66 750 [8]
131 687 [6]
157 661 [7]
391 425 [10]
123 697 [6]
323 503 [0]
249 570 [8]
347 481 [0]
135 684 [9]
197 626 [5]
107 721 [1]
79 751 [0]
72 758 [0]
0 824 [6]
56 772 [2]
267 563 [0]
28 804 [0]
164 658 [10]
234 602 [0]
140 692 [6]
338 492 [11]
181 655 [6]
205 637 [1]
345 499 [0]
123 718 [3]
183 655 [7]
193 654 [0]
90 758 [0]
332 506 [10]
393 457 [0]
240 610 [0]
335 510 [5]
184 667 [0]
88 763 [0]
408 442 [1]
325 527 [0]
63 784 [7]
344 504 [6]
190 660 [4]
314 535 [6]
136 717 [2]
312 543 [0]
9 842 [4]
175 680 [0]
96 759 [0]
177 677 [2]
192 664 [0]
147 709 [0]
141 715 [0]
370 488 [0]
327 521 [11]
277 576 [7]
1 860 [0]
59 799 [4]
357 505 [0]
201 658 [3]
337 518 [7]
233 630 [0]
424 439 [0]
395 468 [0]
325 530 [8]
159 697 [7]
187 666 [11]
66 797 [1]
309 555 [0]
333 526 [6]
316 540 [10]
311 555 [0]
99 764 [3]
81 786 [0]
238 630 [0]
105 763 [0]
430 439 [0]
102 766 [1]
135 734 [0]
77 792 [0]
75 787 [7]
263 600 [7]
124 743 [4]
169 703 [0]
135 736 [2]
40 834 [0]
73 794 [9]
359 512 [7]
11 861 [6]
168 708 [2]
381 498 [0]
358 522 [0]
304 576 [0]
365 516 [0]
177 705 [0]
221 660 [2]
371 513 [0]
134 742 [8]
192 691 [2]
260 626 [0]
80 795 [11]
193 693 [0]
313 574 [0]
47 839 [1]
187 695 [6]
234 653 [5]
115 773 [4]
293 593 [7]
10 874 [9]
193 701 [1]
426 471 [0]
29 858 [11]
232 655 [11]
425 473 [0]
304 587 [7]
185 705 [9]
26 867 [7]
102 798 [0]
27 868 [6]
445 457 [0]
263 635 [4]
56 837 [10]
433 471 [0]
271 633 [0]
91 813 [0]
288 617 [0]
226 679 [0]
36 866 [4]
399 500 [8]
63 837 [9]
249 658 [3]
361 548 [3]
272 636 [5]
137 781 [0]
179 730 [10]
259 655 [6]
149 765 [6]
148 771 [1]
52 868 [1]
109 812 [0]
147 774 [0]
40 882 [0]
385 538 [0]
212 712 [0]
37 887 [0]
38 879 [8]
166 759 [0]
303 614 [8]
386 528 [11]
128 798 [0]
395 531 [0]
119 807 [2]
347 582 [0]
224 698 [7]
124 805 [0]
241 681 [8]
79 842 [9]
167 764 [0]
299 634 [0]
232 701 [0]
211 722 [0]
222 705 [7]
113 815 [6]
196 734 [5]
140 796 [1]
254 684 [0]
396 535 [8]
2 938 [0]
255 686 [0]
411 530 [0]
46 890 [5]
293 643 [6]
131 804 [8]
238 699 [7]
347 598 [0]
181 763 [1]
295 641 [9]
97 849 [0]
45 901 [1]
323 618 [6]
33 907 [8]
83 863 [2]
397 546 [6]
249 695 [6]
176 777 [0]
194 749 [10]
53 901 [0]
455 494 [6]
378 577 [0]
186 770 [0]
207 750 [0]
422 525 [11]
43 915 [0]
452 507 [0]
461 489 [10]
10 946 [5]
48 913 [0]
208 756 [0]
397 562 [5]
294 671 [0]
270 696 [0]
428 530 [8]
303 664 [0]
221 747 [0]
3 965 [0]
389 580 [0]
413 556 [0]
334 633 [4]
459 513 [0]
310 660 [3]
386 586 [1]
87 879 [8]
24 943 [7]
356 609 [9]
342 631 [2]
431 545 [0]
454 511 [11]
186 787 [3]
128 844 [5]
151 821 [6]
131 848 [0]
72 904 [3]
10 961 [10]
372 609 [0]
459 518 [5]
43 934 [5]
333 639 [10]
489 493 [0]
48 935 [0]
176 796 [11]
375 609 [0]
238 746 [0]
362 612 [10]
357 627 [1]
273 712 [1]
333 644 [9]
274 709 [5]
426 562 [0]
6 973 [9]
276 713 [0]
359 624 [6]
94 892 [3]
174 816 [0]
134 850 [6]
118 865 [8]
247 744 [0]
67 919 [7]
393 601 [0]
468 527 [0]
489 504 [2]
433 562 [0]
100 888 [8]
59 931 [6]
149 847 [1]
148 845 [4]
445 542 [10]
68 923 [6]
43 944 [11]
49 948 [1]
355 644 [0]
85 907 [8]
266 735 [0]
411 590 [1]
305 698 [0]
62 937 [4]
337 661 [6]
189 816 [0]
193 804 [8]
188 818 [0]
184 822 [0]
162 847 [0]
79 931 [0]
179 829 [3]
51 961 [0]
255 747 [10]
44 968 [1]
138 867 [8]
277 726 [11]
505 506 [4]
75 938 [2]
405 600 [11]
139 877 [0]
385 621 [11]
437 580 [0]
411 599 [7]
435 584 [0]
387 632 [1]
12 1008 [0]
360 661 [0]
241 775 [6]
93 929 [1]
186 837 [0]
432 592 [0]
142 875 [7]
23 992 [11]
84 944 [0]
237 782 [9]
350 678 [0]
214 815 [0]
198 832 [0]
101 922 [8]
164 861 [6]
342 680 [9]
362 669 [0]
376 657 [0]
179 854 [0]
338 696 [0]
517 518 [0]
169 862 [4]
387 646 [3]
335 700 [1]
485 551 [0]
213 824 [0]
92 944 [1]
227 803 [8]
80 959 [0]
133 906 [0]
471 568 [1]
79 953 [10]
404 638 [0]
173 870 [0]
359 679 [6]
465 579 [0]
175 860 [9]
63 971 [10]
487 557 [0]
149 891 [6]
498 546 [2]
196 844 [6]
168 871 [8]
92 955 [0]
151 888 [8]
257 787 [6]
432 619 [0]
196 853 [3]
201 843 [8]
153 899 [0]
68 974 [10]
87 965 [1]
64 989 [0]
499 543 [11]
419 635 [0]
478 579 [0]
439 610 [8]
474 583 [1]
505 553 [1]
284 775 [0]
367 693 [0]
178 882 [0]
108 953 [0]
345 711 [5]
219 833 [10]
436 627 [0]
464 599 [0]
447 607 [9]
137 927 [0]
411 654 [0]
56 1009 [0]
256 804 [5]
346 715 [4]
121 938 [8]
511 548 [8]
60 1002 [6]
370 693 [5]
45 1018 [5]
234 837 [0]
359 702 [10]
8 1062 [2]
207 867 [0]
123 952 [0]
511 564 [0]
507 559 [10]
379 688 [9]
135 940 [2]
18 1056 [3]
253 825 [0]
361 717 [0]
231 848 [0]
403 672 [5]
134 947 [0]
389 688 [4]
80 1000 [3]
34 1041 [8]
192 888 [5]
418 658 [9]
399 685 [1]
455 631 [0]
32 1051 [3]
356 724 [7]
44 1032 [11]
7 1079 [2]
23 1055 [10]
267 812 [10]
280 802 [7]
392 697 [0]
474 612 [4]
6 1081 [4]
354 731 [6]
356 729 [6]
190 901 [0]
325 759 [8]
10 1082 [0]
510 581 [1]
195 897 [0]
121 968 [6]
242 849 [5]
162 928 [6]
118 978 [1]
297 792 [9]
477 621 [0]
494 604 [0]
287 811 [1]
419 671 [10]
330 772 [0]
542 560 [0]
540 563 [0]
501 600 [5]
4 1101 [1]
316 791 [0]
246 862 [0]
466 642 [0]
195 913 [0]
494 609 [6]
215 886 [8]
137 970 [2]
342 763 [5]
22 1078 [10]
350 755 [7]
160 952 [0]
39 1062 [11]
101 1011 [1]
164 943 [7]
68 1046 [1]
295 821 [1]
367 749 [2]
164 953 [1]
410 709 [0]
410 705 [5]
114 1007 [0]
376 745 [0]
45 1070 [6]
378 744 [0]
322 800 [0]
198 917 [8]
132 990 [1]
314 799 [10]
296 828 [0]
216 908 [0]
109 1017 [0]
486 640 [0]
128 997 [1]
151 976 [0]
438 689 [0]
92 1026 [10]
59 1065 [4]
473 656 [0]
80 1047 [2]
399 724 [6]
407 724 [0]
515 617 [0]
450 680 [5]
251 884 [0]
479 645 [11]
164 971 [1]
380 750 [6]
501 633 [2]
322 812 [2]
106 1030 [0]
398 739 [0]
76 1061 [0]
188 940 [9]
120 1018 [0]
10 1119 [10]
518 611 [10]
107 1025 [7]
486 653 [0]
452 686 [1]
6 1133 [1]
468 668 [4]
333 800 [7]
99 1041 [0]
164 973 [3]
430 701 [9]
129 1001 [11]
435 703 [4]
553 590 [0]
42 1101 [0]
114 1030 [0]
98 1047 [0]
239 906 [0]
185 960 [1]
476 669 [1]
160 979 [7]
81 1065 [0]
177 964 [6]
103 1044 [0]
433 714 [0]
6 1141 [0]
512 636 [0]
434 709 [5]
157 982 [11]
283 862 [5]
385 758 [8]
415 736 [0]
32 1119 [0]
163 988 [0]
475 678 [0]
369 785 [0]
430 724 [0]
323 830 [2]
318 837 [0]
393 753 [9]
205 940 [11]
454 696 [6]
27 1124 [6]
567 587 [5]
412 738 [9]
499 653 [8]
507 650 [5]
560 594 [9]
124 1036 [3]
261 900 [2]
382 783 [0]
545 611 [9]
203 954 [10]
303 857 [7]
500 667 [2]
568 601 [0]
331 838 [0]
139 1030 [0]
328 837 [4]
381 784 [5]
459 710 [1]
575 596 [0]
425 747 [0]
273 895 [4]
239 926 [7]
546 620 [7]
79 1092 [2]
247 917 [10]
356 812 [7]
126 1040 [9]
165 1010 [0]
455 714 [7]
483 694 [0]
13 1165 [0]
444 734 [0]
220 952 [7]
571 608 [0]
370 803 [7]
226 945 [9]
527 643 [11]
249 926 [7]
402 775 [6]
532 652 [0]
433 744 [7]
49 1125 [10]
268 911 [5]
395 782 [9]
33 1142 [11]
521 666 [0]
382 795 [10]
378 809 [1]
359 829 [0]
508 681 [0]
363 826 [0]
16 1165 [8]
390 788 [11]
3 1186 [0]
172 1014 [5]
327 859 [6]
431 761 [0]
364 823 [6]
531 663 [0]
92 1103 [0]
192 1000 [4]
257 940 [0]
463 734 [0]
38 1150 [10]
66 1121 [11]
378 818 [2]
234 963 [1]
504 692 [2]
155 1043 [0]
343 856 [0]
446 753 [0]
313 886 [0]
293 906 [0]
485 703 [11]
104 1095 [1]
390 803 [7]
106 1094 [1]
384 807 [10]
71 1131 [0]
574 629 [0]
493 707 [4]
282 920 [2]
385 820 [0]
368 838 [0]
390 805 [11]
19 1189 [0]
337 865 [7]
479 729 [2]
148 1062 [0]
449 754 [7]
430 776 [4]
178 1030 [3]
350 861 [0]
530 670 [11]
355 845 [11]
169 1041 [1]
551 661 [0]
236 976 [0]
183 1026 [3]
578 636 [0]
269 944 [1]
45 1166 [4]
128 1087 [1]
597 620 [0]
140 1076 [2]
45 1169 [4]
450 770 [0]
430 780 [10]
179 1032 [10]
146 1064 [11]
121 1094 [6]
313 899 [10]
179 1034 [9]
151 1068 [3]
375 841 [7]
0 1222 [1]
405 819 [0]
25 1199 [0]
469 744 [11]
562 655 [8]
283 938 [4]
308 911 [7]
187 1039 [0]
547 669 [11]
196 1021 [10]
258 970 [0]
171 1046 [11]
307 921 [0]
568 661 [0]
201 1022 [6]
127 1103 [0]
113 1113 [4]
36 1193 [1]
547 684 [0]
371 860 [0]
396 835 [0]
254 977 [0]
468 753 [10]
378 855 [0]
592 638 [3]
198 1032 [3]
246 978 [9]
383 843 [7]
229 1005 [0]
598 627 [9]
370 866 [0]
431 797 [9]
126 1102 [9]
347 889 [1]
402 831 [6]
539 700 [0]
537 696 [7]
498 733 [10]
228 1002 [11]
347 884 [11]
425 811 [6]
130 1112 [0]
219 1017 [6]
254 989 [0]
277 966 [1]
578 663 [6]
162 1078 [7]
284 963 [0]
158 1086 [4]
292 957 [0]
38 1201 [11]
47 1202 [1]
15 1235 [1]
61 1184 [6]
158 1092 [1]
473 777 [2]
65 1177 [10]
308 944 [0]
48 1199 [6]
537 715 [1]
121 1130 [2]
501 745 [8]
389 854 [11]
304 951 [0]
613 643 [0]
599 657 [0]
238 1017 [1]
567 685 [4]
171 1083 [3]
611 636 [10]
332 925 [0]
46 1212 [0]
626 628 [4]
181 1077 [0]
302 950 [6]
590 669 [0]
241 1010 [8]
580 681 [0]
474 788 [1]
36 1217 [11]
310 954 [0]
326 939 [0]
356 909 [2]
101 1164 [2]
522 745 [0]
602 665 [0]
365 895 [7]
137 1122 [9]
340 922 [6]
293 965 [11]
504 765 [0]
18 1251 [0]
606 665 [0]
446 825 [0]
197 1063 [11]
514 750 [8]
430 832 [10]
329 943 [0]
472 801 [0]
433 830 [11]
599 666 [10]
547 728 [1]
406 865 [6]
339 938 [0]
591 680 [7]
580 689 [11]
614 667 [0]
163 1118 [0]
607 667 [7]
203 1074 [4]
289 992 [1]
562 710 [10]
499 783 [1]
386 897 [0]
113 1168 [2]
390 886 [7]
528 756 [0]
300 975 [9]
191 1094 [0]
444 834 [7]
150 1134 [2]
31 1256 [0]
479 803 [6]
423 865 [0]
389 890 [9]
144 1143 [1]
633 654 [1]
512 777 [0]
314 964 [11]
99 1187 [4]
593 698 [0]
352 939 [0]
29 1258 [4]
359 926 [6]
555 737 [0]
472 814 [6]
94 1199 [0]
256 1036 [1]
15 1274 [4]
492 802 [0]
124 1168 [2]
92 1194 [10]
253 1044 [0]
338 961 [0]
223 1070 [6]
344 945 [11]
533 756 [11]
460 841 [0]
536 765 [0]
498 803 [0]
24 1274 [3]
42 1259 [1]
275 1027 [0]
631 661 [10]
201 1090 [11]
630 665 [8]
57 1235 [11]
81 1222 [1]
227 1067 [11]
95 1209 [2]
321 975 [11]
576 731 [0]
149 1154 [4]
491 817 [0]
62 1245 [1]
551 757 [0]
366 932 [10]
537 767 [4]
515 790 [3]
568 741 [0]
561 748 [0]
148 1162 [0]
629 681 [0]
91 1219 [0]
87 1224 [0]
471 834 [6]
503 808 [0]
380 926 [7]
295 1018 [0]
72 1236 [5]
141 1166 [7]
655 659 [1]
254 1051 [11]
5 1312 [0]
58 1259 [0]
511 807 [0]
103 1215 [0]
551 763 [6]
467 854 [0]
542 780 [0]
59 1252 [11]
428 894 [0]
400 922 [1]
632 691 [0]
186 1135 [3]
287 1036 [1]
86 1239 [0]
431 889 [5]
498 826 [1]
500 826 [0]
471 854 [1]
577 739 [11]
104 1224 [0]
507 819 [2]
409 920 [0]
627 694 [8]
479 844 [6]
224 1102 [4]
423 907 [0]
346 975 [9]
464 867 [0]
231 1094 [6]
252 1080 [0]
60 1272 [0]
229 1095 [9]
401 932 [0]
482 851 [0]
42 1291 [0]
544 780 [9]
524 810 [0]
623 703 [8]
543 791 [0]
526 809 [0]
337 995 [3]
73 1253 [9]
369 964 [2]
228 1102 [5]
453 883 [0]
71 1254 [11]
106 1229 [1]
462 875 [0]
634 703 [0]
228 1104 [5]
5 1322 [10]
132 1205 [0]
453 884 [0]
33 1303 [1]
496 837 [5]
632 703 [4]
488 852 [0]
281 1055 [4]
461 870 [10]
60 1271 [11]
541 791 [10]
573 769 [0]
629 704 [9]
40 1299 [4]
542 791 [10]
500 843 [0]
1 1341 [1]
403 937 [4]
287 1049 [8]
17 1327 [0]
671 674 [0]
213 1132 [0]
93 1252 [1]
535 810 [1]
343 1000 [3]
188 1152 [6]
523 823 [0]
175 1165 [7]
86 1261 [0]
649 699 [0]
600 748 [0]
182 1164 [2]
177 1167 [4]
391 957 [0]
618 725 [6]
451 897 [1]
473 874 [3]
242 1103 [5]
2 1344 [4]
218 1121 [11]
493 857 [0]
247 1092 [11]
464 887 [1]
250 1100 [2]
66 1282 [4]
382 967 [3]
14 1336 [3]
503 847 [4]
390 954 [10]
34 1310 [11]
667 688 [0]
542 805 [9]
137 1219 [0]
100 1250 [7]
334 1019 [4]
6 1343 [9]
558 802 [0]
469 891 [0]
458 903 [0]
129 1221 [11]
375 986 [1]
5 1354 [3]
132 1229 [1]
600 758 [6]
430 930 [7]
313 1052 [2]
420 948 [0]
410 948 [11]
335 1033 [1]
418 950 [2]
619 750 [1]
643 728 [0]
230 1141 [0]
556 815 [0]
321 1050 [1]
596 776 [0]
296 1077 [0]
484 889 [0]
550 813 [11]
666 699 [10]
467 907 [1]
147 1225 [3]
604 771 [0]
117 1259 [0]
608 768 [0]
581 796 [0]
152 1223 [3]
333 1034 [11]
327 1051 [1]
390 978 [11]
439 938 [2]
140 1239 [0]
480 900 [0]
39 1338 [3]
273 1103 [5]
671 705 [7]
259 1124 [0]
90 1292 [2]
593 792 [0]
590 795 [0]
187 1187 [11]
166 1220 [0]
467 919 [0]
619 765 [2]
376 1006 [4]
212 1175 [0]
588 799 [0]
648 739 [0]
125 1253 [9]
552 835 [0]
643 736 [9]
49 1336 [3]
476 901 [11]
486 900 [2]
54 1332 [3]
519 870 [0]
312 1074 [3]
634 754 [2]
117 1273 [0]
561 828 [1]
383 1007 [0]
366 1025 [0]
259 1132 [0]
34 1351 [6]
391 993 [8]
527 860 [5]
288 1101 [4]
465 929 [0]
209 1185 [0]
536 853 [5]
640 743 [11]
215 1177 [4]
470 926 [0]
392 1001 [3]
378 1017 [1]
63 1323 [10]
576 817 [4]
332 1065 [0]
506 884 [8]
543 850 [5]
9 1387 [3]
599 801 [0]
114 1277 [10]
550 851 [0]
647 754 [0]
682 719 [0]
1 1389 [11]
534 863 [4]
561 834 [6]
195 1202 [4]
418 980 [4]
609 784 [9]
341 1063 [0]
130 1265 [10]
469 936 [0]
162 1238 [6]
214 1193 [0]
387 1020 [0]
238 1162 [7]
650 757 [1]
558 849 [1]
34 1375 [0]
360 1049 [0]
78 1330 [2]
420 989 [1]
143 1259 [9]
192 1217 [2]
400 1008 [3]
233 1179 [0]
489 923 [0]
224 1189 [0]
216 1197 [0]
179 1230 [5]
130 1275 [10]
159 1256 [1]
97 1317 [2]
260 1146 [11]
284 1129 [5]
595 818 [6]
671 748 [1]
205 1215 [0]
376 1040 [5]
193 1218 [10]
166 1244 [11]
275 1148 [0]
374 1043 [6]
518 901 [4]
517 907 [0]
432 982 [10]
31 1393 [0]
671 743 [10]
394 1031 [0]
497 925 [3]
626 790 [9]
502 923 [0]
252 1174 [0]
11 1413 [2]
698 727 [2]
129 1295 [4]
618 809 [1]
409 1020 [1]
663 764 [3]
572 859 [0]
606 825 [0]
35 1389 [9]
422 1011 [0]
511 919 [4]
524 905 [5]
516 907 [11]
591 844 [0]
391 1044 [1]
191 1245 [0]
172 1254 [11]
648 789 [0]
280 1157 [1]
681 757 [0]
575 859 [4]
546 893 [0]
314 1116 [10]
323 1117 [0]
647 792 [2]
618 814 [9]
619 822 [0]
323 1119 [0]
345 1089 [9]
199 1244 [0]
360 1080 [4]
630 808 [6]
152 1289 [4]
0 1444 [1]
425 1018 [2]
292 1146 [9]
226 1217 [4]
575 872 [0]
594 852 [2]
225 1224 [0]
93 1352 [4]
561 888 [0]
537 908 [6]
127 1314 [11]
348 1100 [4]
538 905 [9]
150 1291 [11]
461 991 [0]
241 1204 [8]
258 1195 [0]
567 886 [1]
208 1246 [0]
467 988 [0]
245 1211 [0]
360 1096 [0]
153 1304 [0]
66 1387 [4]
78 1379 [0]
59 1394 [4]
165 1292 [0]
408 1048 [2]
266 1192 [1]
547 901 [11]
293 1156 [10]
239 1215 [5]
33 1427 [0]
379 1077 [4]
230 1221 [10]
42 1410 [10]
158 1293 [11]
559 904 [0]
65 1395 [3]
220 1239 [4]
97 1357 [10]
113 1352 [0]
464 998 [4]
115 1341 [11]
478 980 [9]
337 1130 [0]
54 1411 [2]
385 1082 [1]
214 1254 [0]
538 928 [3]
608 855 [7]
28 1442 [0]
160 1299 [11]
699 761 [11]
15 1455 [1]
28 1441 [2]
104 1363 [5]
653 813 [6]
101 1368 [4]
156 1312 [5]
381 1087 [5]
476 993 [4]
195 1275 [3]
122 1351 [0]
685 788 [0]
506 967 [0]
530 934 [10]
385 1087 [3]
732 743 [0]
329 1147 [0]
725 751 [0]
20 1456 [0]
484 992 [0]
389 1083 [5]
119 1356 [2]
452 1021 [4]
475 1002 [0]
462 1015 [0]
286 1192 [0]
633 846 [0]
307 1171 [3]
134 1340 [8]
12 1459 [11]
716 758 [10]
430 1045 [9]
399 1084 [2]
101 1373 [11]
72 1413 [0]
154 1331 [0]
500 981 [5]
274 1204 [8]
452 1033 [2]
288 1198 [1]
325 1162 [0]
74 1413 [0]
413 1067 [8]
523 964 [2]
499 981 [9]
710 779 [0]
66 1425 [2]
683 810 [0]
7 1484 [2]
243 1247 [3]
44 1446 [4]
568 926 [0]
238 1245 [11]
616 878 [1]
357 1132 [6]
478 1013 [5]
392 1100 [4]
70 1425 [1]
387 1108 [1]
403 1091 [3]
235 1262 [0]
327 1165 [7]
402 1097 [1]
112 1388 [0]
346 1151 [3]
480 1014 [6]
447 1044 [9]
473 1016 [11]
102 1397 [1]
548 946 [7]
602 890 [10]
259 1238 [5]
185 1306 [11]
520 976 [6]
42 1451 [10]
541 962 [0]
239 1260 [4]
58 1438 [7]
118 1380 [6]
129 1366 [11]
24 1482 [0]
567 938 [1]
486 1015 [6]
503 995 [9]
642 866 [0]
123 1384 [1]
428 1080 [0]
403 1095 [11]
18 1486 [5]
36 1463 [10]
157 1346 [7]
57 1453 [1]
676 836 [0]
160 1346 [6]
424 1085 [3]
379 1126 [8]
668 845 [0]
543 960 [10]
127 1383 [3]
217 1290 [7]
715 801 [0]
141 1370 [5]
111 1405 [0]
739 769 [8]
357 1160 [0]
649 867 [1]
555 957 [5]
497 1016 [4]
695 816 [7]
173 1346 [0]
128 1390 [1]
450 1065 [4]
20 1500 [0]
250 1262 [8]
702 820 [0]
59 1462 [1]
197 1317 [8]
578 941 [3]
673 849 [0]
274 1249 [1]
606 913 [5]
685 833 [6]
672 852 [0]
274 1244 [6]
512 1004 [9]
667 857 [1]
3 1522 [0]
267 1253 [6]
340 1177 [9]
628 899 [0]
92 1425 [11]
651 878 [0]
673 856 [0]
426 1092 [11]
503 1015 [11]
356 1168 [6]
412 1118 [0]
50 1476 [4]
421 1110 [0]
344 1186 [1]
327 1199 [6]
290 1242 [0]
37 1487 [9]
216 1314 [4]
688 846 [0]
614 920 [0]
485 1049 [1]
74 1452 [9]
410 1116 [10]
433 1092 [11]
50 1482 [4]
589 938 [10]
281 1253 [3]
744 792 [1]
367 1168 [2]
687 851 [0]
84 1447 [7]
48 1479 [11]
623 908 [7]
591 947 [0]
502 1037 [0]
220 1315 [4]
370 1170 [0]
572 968 [0]
721 820 [0]
444 1086 [11]
726 810 [5]
665 876 [0]
686 846 [9]
10 1523 [9]
19 1522 [1]
206 1337 [0]
524 1017 [2]
481 1052 [11]
463 1080 [2]
760 785 [0]
725 821 [0]
324 1223 [0]
567 979 [1]
57 1479 [11]
429 1109 [10]
241 1297 [11]
323 1223 [3]
689 861 [0]
49 1498 [3]
576 966 [8]
67 1478 [6]
273 1276 [2]
461 1090 [0]
203 1338 [10]
759 784 [9]
550 1003 [0]
318 1235 [0]
46 1501 [7]
297 1257 [0]
95 1454 [6]
143 1413 [0]
215 1341 [1]
55 1500 [2]
133 1414 [11]
649 899 [10]
205 1350 [3]
754 802 [2]
598 960 [0]
693 859 [6]
233 1316 [10]
113 1446 [0]
659 900 [0]
244 1314 [2]
37 1514 [9]
118 1433 [10]
343 1208 [11]
205 1351 [6]
541 1024 [0]
155 1411 [0]
305 1253 [8]
582 979 [6]
29 1529 [10]
4 1563 [1]
647 919 [2]
752 817 [0]
683 886 [0]
603 966 [0]
290 1280 [0]
718 843 [9]
266 1297 [7]
176 1389 [5]
534 1025 [11]
575 989 [6]
208 1362 [0]
304 1257 [9]
694 871 [6]
692 879 [0]
167 1393 [11]
264 1308 [0]
370 1200 [2]
535 1034 [3]
178 1387 [8]
231 1331 [11]
717 856 [0]
677 896 [0]
599 971 [4]
758 815 [1]
744 819 [11]
80 1491 [3]
179 1390 [5]
65 1506 [4]
307 1268 [0]
134 1436 [5]
475 1100 [0]
371 1197 [7]
596 973 [7]
53 1524 [0]
439 1130 [9]
600 978 [0]
700 878 [0]
392 1178 [9]
548 1027 [5]
52 1517 [11]
457 1115 [8]
474 1099 [8]
551 1027 [3]
11 1567 [4]
356 1219 [7]
752 830 [0]
66 1506 [11]
190 1393 [0]
766 812 [5]
344 1237 [2]
93 1479 [11]
785 789 [10]
569 1016 [0]
631 953 [1]
645 940 [0]
165 1417 [3]
547 1039 [0]
729 857 [0]
698 878 [10]
347 1229 [11]
89 1488 [10]
95 1492 [1]
145 1443 [0]
113 1476 [0]
518 1066 [5]
91 1491 [8]
698 882 [11]
250 1341 [0]
247 1342 [3]
521 1072 [0]
34 1550 [10]
484 1110 [0]
253 1332 [10]
20 1571 [5]
348 1250 [0]
446 1153 [0]
178 1416 [5]
291 1299 [11]
720 881 [0]
714 888 [0]
731 872 [0]
653 943 [7]
257 1342 [6]
331 1267 [7]
679 926 [0]
120 1481 [4]
274 1327 [4]
411 1191 [4]
770 833 [3]
751 848 [7]
721 878 [7]
227 1368 [11]
225 1381 [1]
524 1079 [4]
637 970 [0]
477 1122 [8]
719 889 [0]
480 1123 [6]
359 1239 [11]
360 1247 [3]
727 883 [0]
640 967 [4]
519 1088 [4]
257 1347 [7]
254 1358 [0]
223 1385 [4]
562 1049 [1]
554 1059 [0]
537 1065 [11]
472 1139 [3]
168 1438 [8]
417 1188 [11]
72 1541 [3]
202 1412 [2]
608 1001 [7]
780 835 [2]
407 1207 [3]
695 923 [0]
154 1464 [0]
346 1264 [9]
798 819 [2]
348 1261 [10]
166 1444 [10]
113 1497 [10]
809 812 [0]
520 1093 [8]
297 1325 [0]
228 1389 [5]
642 980 [0]
263 1349 [10]
222 1397 [3]
488 1133 [1]
611 1011 [0]
572 1052 [0]
258 1358 [8]
80 1540 [4]
562 1058 [4]
125 1497 [3]
559 1067 [0]
562 1060 [4]
545 1072 [9]
158 1465 [4]
403 1224 [0]
710 908 [9]
591 1028 [9]
698 931 [0]
68 1558 [3]
264 1362 [3]
61 1568 [0]
241 1385 [4]
645 985 [0]
54 1576 [0]
568 1054 [9]
610 1021 [0]
145 1483 [3]
216 1408 [8]
239 1392 [1]
55 1576 [1]
415 1217 [0]
548 1084 [0]
152 1480 [1]
575 1048 [10]
550 1079 [4]
472 1153 [8]
120 1506 [9]
167 1462 [6]
600 1026 [10]
460 1176 [0]
121 1513 [2]
563 1068 [6]
301 1336 [0]
543 1089 [5]
264 1368 [5]
173 1460 [5]
280 1356 [2]
512 1122 [4]
259 1379 [1]
459 1174 [6]
182 1456 [1]
622 1018 [0]
282 1358 [1]
216 1417 [9]
692 948 [2]
392 1243 [8]
223 1410 [11]
571 1073 [0]
220 1415 [9]
749 896 [0]
424 1216 [5]
551 1092 [2]
267 1373 [5]
161 1485 [0]
186 1461 [0]
499 1147 [1]
500 1141 [6]
410 1237 [0]
661 984 [3]
602 1036 [10]
223 1424 [2]
164 1484 [1]
365 1277 [8]
500 1146 [4]
687 963 [0]
565 1082 [4]
446 1205 [0]
290 1358 [3]
496 1155 [0]
349 1303 [0]
230 1414 [9]
592 1056 [5]
766 883 [5]
192 1461 [1]
665 978 [11]
304 1343 [7]
576 1076 [4]
146 1506 [4]
232 1424 [0]
496 1161 [0]
746 907 [4]
591 1064 [3]
386 1272 [0]
479 1179 [0]
540 1119 [0]
402 1253 [4]
631 1029 [0]
455 1202 [4]
413 1248 [0]
171 1487 [4]
677 985 [0]
173 1479 [10]
117 1541 [5]
366 1288 [9]
699 956 [9]
94 1562 [9]
763 891 [11]
153 1512 [0]
239 1416 [10]
496 1170 [0]
785 873 [8]
640 1026 [0]
669 988 [10]
339 1325 [3]
104 1552 [11]
199 1469 [0]
589 1079 [0]
118 1540 [11]
684 982 [4]
189 1470 [11]
183 1477 [10]
507 1163 [0]
719 947 [4]
505 1166 [0]
370 1291 [10]
653 1017 [1]
189 1482 [1]
287 1378 [8]
450 1213 [10]
149 1523 [1]
331 1338 [5]
806 868 [0]
496 1178 [1]
826 845 [4]
549 1127 [0]
821 848 [7]
468 1209 [0]
86 1585 [6]
773 904 [0]
460 1217 [0]
579 1095 [3]
132 1542 [3]
253 1415 [10]
204 1474 [0]
416 1262 [0]
223 1453 [2]
305 1369 [5]
260 1410 [10]
480 1200 [0]
215 1464 [1]
817 859 [4]
312 1369 [0]
444 1233 [4]
517 1164 [0]
142 1535 [4]
708 970 [4]
541 1135 [6]
786 893 [3]
91 1584 [8]
613 1070 [0]
583 1100 [0]
192 1485 [6]
349 1334 [0]
438 1241 [4]
771 904 [9]
291 1385 [9]
418 1266 [2]
415 1268 [3]
655 1031 [0]
531 1145 [11]
515 1169 [4]
209 1479 [0]
203 1486 [0]
467 1213 [9]
463 1226 [1]
729 961 [0]
222 1459 [10]
525 1155 [11]
552 1140 [0]
466 1222 [4]
101 1588 [4]
478 1215 [1]
401 1293 [0]
674 1016 [4]
673 1018 [4]
228 1460 [9]
477 1220 [0]
695 1002 [0]
385 1301 [11]
728 969 [0]
232 1460 [6]
413 1281 [4]
561 1128 [9]
494 1204 [0]
534 1155 [10]
402 1286 [11]
409 1286 [5]
450 1239 [11]
157 1532 [11]
537 1154 [10]
493 1197 [11]
529 1171 [2]
403 1295 [4]
436 1266 [0]
738 965 [0]
503 1196 [4]
780 919 [4]
710 993 [0]
510 1191 [3]
153 1551 [0]
842 852 [10]
494 1206 [5]
197 1498 [10]
125 1577 [3]
564 1135 [7]
136 1568 [2]
362 1336 [9]
478 1220 [9]
210 1488 [10]
561 1143 [4]
343 1363 [2]
776 929 [4]
709 997 [3]
823 887 [0]
458 1252 [0]
817 889 [4]
198 1506 [7]
321 1384 [6]
379 1329 [3]
343 1367 [3]
483 1231 [0]
401 1313 [0]
851 864 [0]
290 1422 [3]
462 1254 [0]
848 861 [7]
371 1335 [11]
605 1112 [0]
454 1260 [3]
336 1381 [0]
523 1185 [10]
591 1127 [0]
184 1534 [0]
287 1430 [2]
800 919 [0]
403 1315 [1]
515 1199 [6]
548 1167 [6]
768 953 [0]
365 1349 [8]
415 1302 [5]
793 919 [10]
406 1317 [0]
337 1376 [10]
191 1528 [5]
264 1456 [4]
650 1063 [11]
132 1592 [0]
613 1104 [7]
422 1302 [0]
831 893 [0]
128 1595 [1]
203 1511 [10]
766 953 [6]
279 1447 [0]
175 1548 [3]
672 1054 [0]
291 1433 [3]
299 1420 [8]
367 1349 [11]
846 872 [10]
528 1192 [8]
762 966 [0]
174 1543 [11]
399 1329 [1]
437 1292 [0]
359 1363 [7]
336 1393 [3]
627 1097 [8]
230 1492 [10]
276 1456 [1]
480 1246 [8]
493 1241 [0]
544 1179 [11]
757 976 [2]
503 1222 [10]
659 1076 [0]
258 1472 [5]
448 1283 [4]
723 1009 [4]
734 1001 [1]
358 1378 [0]
717 1019 [0]
281 1455 [0]
668 1069 [0]
514 1224 [0]
820 916 [2]
684 1050 [4]
207 1529 [3]
801 929 [9]
384 1349 [8]
411 1329 [1]
618 1121 [3]
395 1346 [1]
647 1096 [0]
645 1090 [8]
195 1549 [0]
605 1140 [0]
177 1558 [10]
220 1520 [5]
818 927 [0]
571 1169 [6]
309 1437 [0]
428 1316 [3]
236 1508 [3]
629 1109 [9]
287 1461 [2]
758 982 [10]
274 1471 [6]
779 972 [0]
407 1339 [5]
361 1391 [0]
170 1578 [4]
734 1008 [11]
525 1218 [10]
431 1313 [10]
347 1397 [10]
628 1126 [0]
396 1351 [7]
615 1139 [0]
739 1016 [0]
232 1523 [0]
377 1379 [0]
594 1162 [0]
862 884 [10]
372 1382 [3]
293 1457 [7]
181 1576 [0]
643 1103 [11]
578 1170 [10]
584 1174 [0]
772 986 [0]
285 1470 [3]
405 1347 [7]
600 1150 [9]
402 1356 [2]
505 1251 [4]
175 1575 [10]
219 1542 [0]
405 1356 [0]
578 1184 [0]
368 1392 [3]
444 1320 [0]
322 1440 [2]
384 1380 [0]
826 934 [5]
667 1095 [4]
445 1321 [0]
872 891 [4]
579 1182 [6]
606 1157 [4]
312 1456 [0]
689 1077 [2]
828 936 [4]
423 1336 [9]
407 1353 [8]
463 1295 [11]
489 1280 [0]
240 1530 [0]
564 1201 [5]
753 1009 [9]
340 1428 [3]
201 1571 [0]
883 887 [2]
879 891 [2]
593 1172 [8]
476 1288 [10]
797 977 [0]
751 1022 [2]
338 1428 [9]
761 1015 [0]
199 1572 [5]
193 1572 [11]
834 943 [0]
535 1242 [0]
593 1177 [8]
868 900 [11]
173 1599 [8]
555 1215 [10]
617 1155 [11]
649 1131 [4]
197 1584 [4]
410 1372 [4]
285 1498 [3]
574 1202 [10]
673 1104 [9]
839 938 [10]
703 1082 [2]
808 979 [0]
794 995 [0]
288 1490 [11]
336 1454 [0]
767 1021 [2]
677 1106 [8]
453 1331 [8]
855 937 [0]
523 1260 [9]
192 1597 [4]
440 1353 [0]
363 1432 [0]
391 1401 [3]
593 1194 [9]
233 1554 [9]
885 912 [0]
577 1220 [0]
200 1597 [0]
637 1157 [3]
874 913 [11]
474 1317 [8]
750 1049 [0]
471 1318 [11]
377 1424 [0]
564 1230 [7]
234 1564 [4]
391 1403 [8]
711 1093 [0]
409 1396 [0]
556 1240 [9]
777 1020 [8]
512 1290 [3]
558 1248 [0]
847 960 [0]
683 1114 [11]
389 1414 [5]
379 1423 [7]
527 1280 [2]
429 1377 [4]
283 1527 [0]
605 1194 [11]
403 1407 [0]
791 1018 [1]
282 1528 [1]
510 1298 [4]
803 1010 [0]
797 1011 [6]
772 1034 [8]
769 1046 [0]
589 1227 [0]
536 1281 [0]
621 1196 [0]
473 1333 [11]
343 1464 [10]
673 1135 [9]
744 1062 [11]
398 1414 [5]
636 1177 [5]
236 1576 [6]
868 950 [0]
433 1383 [3]
642 1175 [2]
319 1501 [0]
523 1293 [4]
708 1114 [0]
531 1288 [3]
233 1590 [0]
689 1132 [4]
558 1258 [10]
407 1415 [5]
649 1169 [9]
687 1131 [9]
703 1115 [9]
671 1152 [5]
692 1128 [8]
676 1141 [11]
534 1294 [0]
473 1344 [11]
720 1108 [0]
298 1531 [0]
532 1297 [0]
418 1400 [11]
264 1558 [8]
460 1367 [3]
586 1245 [0]
456 1365 [10]
569 1257 [5]
233 1598 [0]
505 1327 [0]
632 1200 [0]
536 1293 [3]
833 989 [10]
224 1597 [11]
869 963 [0]
273 1556 [4]
229 1594 [10]
848 976 [9]
413 1412 [8]
709 1114 [11]
474 1350 [10]
426 1405 [3]
516 1309 [9]
662 1173 [0]
507 1326 [2]
476 1350 [10]
324 1513 [0]
400 1428 [9]
610 1224 [4]
400 1432 [6]
869 969 [0]
714 1114 [11]
821 1018 [1]
885 955 [0]
564 1276 [0]
905 935 [0]
733 1107 [0]
604 1233 [3]
493 1338 [9]
285 1553 [3]
629 1209 [4]
719 1115 [9]
300 1536 [8]
253 1588 [3]
488 1351 [6]
545 1291 [9]
698 1140 [7]
417 1418 [11]
821 1025 [0]
890 956 [0]
464 1372 [10]
269 1574 [4]
846 999 [3]
268 1570 [10]
470 1378 [0]
477 1366 [5]
379 1469 [0]
568 1271 [9]
868 974 [6]
677 1166 [6]
453 1389 [7]
729 1120 [0]
763 1084 [2]
461 1383 [6]
813 1037 [0]
903 943 [4]
455 1387 [9]
535 1313 [4]
708 1145 [0]
333 1510 [11]
308 1544 [3]
308 1538 [9]
927 929 [0]
861 985 [10]
632 1218 [6]
462 1387 [8]
420 1431 [7]
742 1116 [0]
506 1352 [0]
634 1219 [5]
585 1274 [0]
625 1234 [0]
612 1247 [0]
366 1490 [3]
431 1419 [9]
524 1337 [0]
540 1316 [5]
541 1313 [8]
486 1377 [0]
672 1184 [7]
867 987 [10]
732 1124 [9]
383 1482 [0]
558 1300 [8]
688 1170 [8]
474 1389 [3]
824 1043 [0]
303 1554 [10]
670 1192 [5]
882 983 [3]
539 1329 [0]
924 940 [5]
550 1316 [3]
602 1264 [4]
822 1048 [0]
675 1197 [0]
743 1130 [0]
490 1378 [5]
741 1133 [0]
624 1250 [0]
491 1384 [0]
872 995 [8]
852 1022 [1]
543 1327 [5]
748 1117 [11]
583 1292 [1]
351 1526 [0]
731 1137 [10]
815 1060 [3]
673 1203 [2]
692 1178 [10]
576 1297 [8]
626 1250 [6]
514 1358 [11]
841 1042 [0]
843 1042 [0]
525 1350 [10]
332 1546 [7]
892 993 [0]
613 1265 [7]
839 1046 [0]
913 971 [1]
864 1022 [0]
420 1458 [8]
667 1208 [11]
788 1090 [8]
448 1434 [4]
294 1588 [5]
776 1104 [8]
659 1225 [5]
581 1308 [0]
501 1379 [9]
880 1009 [0]
818 1065 [8]
345 1546 [0]
705 1180 [6]
703 1182 [8]
346 1542 [5]
783 1110 [0]
943 950 [0]
754 1135 [5]
398 1487 [9]
857 1031 [7]
876 1019 [0]
396 1489 [11]
428 1457 [11]
497 1399 [0]
442 1454 [0]
420 1473 [3]
774 1114 [10]
586 1308 [4]
425 1467 [6]
365 1525 [9]
299 1598 [3]
603 1297 [0]
421 1480 [0]
835 1055 [11]
382 1510 [9]
922 979 [0]
732 1163 [7]
510 1390 [3]
828 1067 [8]
430 1467 [7]
717 1187 [0]
586 1319 [0]
428 1470 [9]
333 1574 [1]
607 1302 [0]
725 1179 [6]
394 1507 [10]
754 1150 [7]
449 1456 [6]
435 1472 [6]
696 1207 [10]
860 1054 [1]
412 1494 [9]
470 1443 [3]
415 1496 [6]
670 1247 [0]
912 1002 [3]
719 1199 [0]
556 1355 [8]
805 1110 [4]
369 1542 [8]
409 1505 [6]
598 1323 [0]
708 1203 [10]
738 1183 [0]
543 1370 [8]
830 1092 [0]
698 1222 [3]
831 1092 [0]
733 1189 [1]
351 1573 [0]
630 1285 [9]
679 1245 [0]
522 1392 [10]
922 1003 [0]
906 1020 [0]
730 1196 [0]
715 1212 [0]
581 1338 [8]
530 1387 [10]
325 1593 [10]
657 1268 [4]
606 1313 [11]
431 1491 [8]
689 1231 [10]
368 1555 [7]
943 984 [3]
477 1448 [5]
721 1213 [0]
388 1546 [0]
692 1232 [10]
939 996 [0]
527 1405 [3]
660 1271 [4]
479 1458 [0]
503 1429 [5]
955 982 [0]
574 1355 [9]
653 1282 [3]
960 969 [9]
606 1324 [9]
842 1092 [5]
596 1341 [3]
478 1462 [0]
399 1531 [11]
805 1136 [0]
472 1469 [0]
674 1262 [6]
507 1424 [11]
607 1333 [2]
553 1380 [9]
408 1524 [11]
496 1446 [1]
382 1557 [5]
707 1237 [0]
352 1590 [3]
686 1259 [0]
803 1139 [4]
848 1092 [6]
828 1118 [0]
684 1263 [0]
492 1457 [0]
466 1479 [4]
754 1195 [0]
672 1276 [2]
372 1578 [0]
822 1127 [1]
487 1463 [0]
466 1484 [0]
605 1345 [1]
380 1567 [4]
966 976 [10]
580 1362 [10]
869 1078 [5]
490 1456 [6]
610 1340 [2]
870 1082 [2]
734 1216 [4]
763 1181 [10]
453 1497 [5]
915 1041 [0]
606 1352 [0]
862 1089 [7]
417 1536 [5]
526 1426 [8]
976 981 [3]
882 1075 [4]
922 1036 [3]
866 1095 [0]
707 1250 [4]
865 1099 [0]
911 1044 [9]
648 1318 [0]
383 1573 [10]
709 1247 [10]
621 1345 [1]
971 988 [10]
971 998 [0]
754 1215 [1]
813 1149 [8]
741 1220 [9]
700 1268 [3]
569 1400 [3]
506 1466 [0]
469 1499 [5]
902 1071 [0]
746 1227 [0]
817 1148 [8]
457 1509 [9]
765 1212 [0]
900 1075 [3]
685 1293 [0]
801 1168 [9]
698 1276 [4]
416 1554 [9]
626 1353 [0]
650 1325 [4]
601 1378 [0]
988 992 [0]
745 1230 [5]
721 1250 [9]
549 1432 [0]
785 1195 [2]
786 1192 [5]
953 1029 [1]
464 1510 [9]
796 1188 [0]
832 1141 [11]
672 1312 [0]
978 1003 [4]
690 1295 [0]
561 1421 [3]
659 1318 [8]
944 1032 [9]
551 1426 [9]
779 1201 [6]
669 1308 [10]
913 1071 [4]
624 1355 [9]
752 1234 [2]
937 1049 [3]
869 1113 [8]
732 1258 [0]
606 1382 [3]
953 1036 [2]
620 1371 [0]
613 1378 [2]
676 1318 [0]
413 1578 [3]
609 1384 [1]
994 998 [3]
621 1367 [7]
531 1461 [4]
469 1524 [3]
732 1257 [7]
846 1146 [5]
582 1406 [9]
423 1571 [3]
898 1099 [0]
455 1538 [4]
560 1431 [6]
738 1250 [10]
519 1480 [0]
393 1599 [7]
850 1140 [10]
441 1559 [0]
608 1386 [6]
480 1514 [7]
716 1286 [0]
733 1270 [0]
522 1473 [10]
460 1536 [9]
613 1391 [3]
649 1350 [9]
823 1175 [10]
992 1006 [10]
945 1059 [6]
717 1291 [2]
740 1271 [0]
569 1442 [0]
526 1485 [0]
579 1430 [3]
946 1067 [0]
977 1036 [0]
961 1049 [4]
717 1293 [5]
907 1103 [6]
451 1565 [0]
959 1058 [0]
451 1566 [0]
485 1523 [10]
795 1220 [3]
724 1290 [5]
791 1220 [9]
975 1042 [3]
550 1471 [0]
700 1318 [3]
605 1406 [10]
574 1438 [9]
633 1380 [9]
881 1143 [0]
625 1399 [0]
746 1279 [0]
470 1550 [5]
663 1363 [0]
916 1108 [2]
679 1344 [4]
616 1407 [4]
477 1545 [5]
497 1527 [4]
545 1475 [8]
681 1343 [5]
497 1529 [3]
573 1454 [3]
1003 1020 [8]
957 1072 [3]
706 1326 [0]
825 1196 [11]
793 1240 [0]
713 1320 [0]
458 1567 [8]
879 1153 [3]
526 1502 [7]
601 1426 [8]
653 1372 [11]
489 1542 [5]
532 1504 [0]
627 1409 [0]
728 1306 [3]
671 1357 [9]
694 1344 [0]
654 1378 [7]
786 1250 [3]
650 1384 [6]
1005 1035 [0]
448 1581 [11]
648 1386 [7]
582 1459 [0]
927 1114 [0]
704 1338 [0]
987 1044 [11]
624 1418 [0]
928 1110 [5]
840 1203 [0]
822 1211 [10]
632 1406 [6]
879 1165 [0]
861 1177 [7]
998 1045 [3]
641 1406 [0]
638 1410 [0]
487 1560 [1]
757 1292 [0]
772 1273 [4]
801 1239 [9]
936 1103 [11]
991 1059 [0]
680 1370 [0]
552 1489 [11]
551 1493 [8]
893 1152 [7]
566 1486 [0]
618 1430 [4]
939 1114 [0]
929 1116 [8]
921 1134 [0]
950 1105 [0]
738 1308 [9]
775 1281 [0]
786 1270 [2]
913 1135 [10]
861 1195 [2]
704 1355 [0]
454 1596 [9]
747 1308 [4]
780 1274 [6]
851 1200 [10]
857 1204 [0]
463 1589 [10]
729 1333 [0]
841 1211 [10]
696 1358 [9]
758 1296 [9]
973 1091 [0]
862 1203 [0]
545 1511 [9]
858 1208 [0]
987 1079 [0]
878 1183 [5]
977 1082 [8]
542 1519 [7]
594 1474 [0]
489 1570 [10]
961 1102 [6]
875 1184 [11]
894 1176 [0]
658 1412 [0]
496 1574 [0]
798 1272 [1]
622 1449 [0]
763 1308 [1]
949 1124 [0]
569 1497 [7]
523 1547 [3]
808 1254 [11]
885 1189 [1]
997 1078 [0]
599 1472 [5]
832 1244 [0]
502 1565 [10]
848 1228 [1]
840 1233 [5]
547 1531 [0]
669 1399 [10]
528 1551 [0]
679 1396 [4]
634 1441 [4]
579 1500 [0]
622 1458 [0]
718 1356 [6]
951 1119 [10]
510 1560 [10]
498 1573 [9]
964 1117 [0]
892 1179 [10]
986 1096 [0]
822 1256 [4]
898 1184 [0]
705 1367 [11]
485 1591 [8]
990 1094 [0]
882 1194 [9]
972 1103 [10]
957 1119 [9]
882 1193 [11]
704 1379 [3]
757 1330 [0]
523 1562 [3]
592 1487 [9]
710 1373 [6]
529 1557 [3]
919 1166 [5]
963 1120 [9]
516 1576 [0]
886 1195 [11]
907 1179 [7]
675 1418 [0]
509 1584 [0]
749 1338 [7]
754 1332 [8]
795 1299 [0]
699 1392 [4]
908 1188 [0]
566 1530 [0]
803 1291 [3]
517 1580 [0]
642 1451 [6]
798 1294 [8]
841 1257 [3]
611 1490 [0]
978 1114 [10]
522 1570 [10]
781 1321 [0]
660 1433 [9]
914 1184 [5]
572 1526 [5]
569 1529 [5]
993 1105 [5]
941 1163 [0]
836 1268 [0]
664 1432 [8]
864 1241 [0]
878 1228 [0]
767 1341 [0]
671 1434 [3]
998 1111 [0]
893 1210 [7]
697 1409 [4]
884 1217 [10]
1043 1065 [3]
744 1364 [3]
524 1576 [11]
560 1547 [5]
700 1409 [3]
678 1429 [5]
960 1146 [7]
1012 1101 [0]
899 1214 [0]
991 1116 [7]
970 1142 [3]
645 1463 [7]
722 1384 [10]
569 1542 [6]
867 1247 [3]
978 1136 [3]
615 1500 [3]
624 1484 [10]
637 1473 [9]
805 1315 [0]
903 1217 [0]
1007 1111 [2]
804 1317 [0]
618 1494 [10]
607 1512 [4]
906 1213 [4]
778 1345 [0]
987 1137 [0]
608 1510 [6]
882 1242 [1]
544 1581 [0]
986 1135 [5]
551 1572 [3]
952 1164 [11]
1044 1082 [1]
656 1471 [0]
625 1500 [4]
835 1291 [4]
876 1255 [0]
1020 1111 [1]
554 1579 [0]
1052 1078 [5]
795 1335 [6]
806 1330 [0]
1031 1097 [11]
898 1237 [4]
1032 1108 [0]
990 1141 [11]
755 1387 [0]
624 1510 [9]
747 1390 [7]
988 1150 [7]
567 1575 [3]
924 1221 [0]
731 1406 [8]
925 1222 [0]
856 1288 [3]
811 1336 [0]
951 1187 [9]
609 1537 [3]
785 1360 [4]
574 1572 [3]
951 1197 [1]
670 1482 [0]
561 1588 [3]
1024 1121 [7]
906 1243 [3]
561 1581 [11]
890 1261 [2]
557 1597 [0]
614 1535 [5]
1024 1131 [0]
829 1318 [8]
654 1490 [11]
759 1392 [4]
684 1471 [1]
949 1208 [0]
710 1442 [5]
969 1181 [8]
1036 1112 [11]
887 1269 [4]
568 1590 [3]
799 1362 [0]
854 1299 [10]
819 1344 [0]
1012 1149 [2]
722 1441 [0]
723 1441 [0]
975 1183 [6]
842 1322 [0]
707 1459 [0]
940 1215 [11]
933 1233 [0]
1033 1134 [0]
691 1469 [9]
607 1562 [0]
619 1547 [3]
1063 1106 [0]
1019 1149 [2]
719 1448 [3]
692 1470 [9]
716 1455 [0]
1064 1106 [2]
840 1333 [0]
762 1410 [1]
644 1529 [0]
751 1414 [8]
759 1413 [2]
956 1215 [3]
699 1465 [10]
996 1180 [0]
710 1459 [7]
642 1528 [6]
640 1528 [10]
719 1450 [9]
723 1456 [0]
598 1580 [1]
712 1459 [8]
592 1584 [3]
786 1394 [0]
1009 1166 [5]
833 1347 [0]
704 1469 [7]
643 1529 [8]
668 1507 [6]
700 1477 [5]
811 1371 [0]
713 1468 [3]
697 1483 [5]
981 1197 [8]
603 1576 [8]
874 1313 [0]
909 1279 [0]
1064 1117 [8]
610 1578 [2]
886 1300 [5]
802 1383 [8]
635 1559 [0]
1034 1160 [0]
658 1536 [0]
673 1511 [10]
835 1350 [10]
751 1441 [4]
810 1384 [2]
1055 1142 [0]
684 1504 [10]
761 1429 [8]
1025 1173 [0]
765 1430 [3]
984 1208 [8]
753 1442 [5]
713 1477 [11]
870 1327 [5]
749 1453 [0]
1041 1152 [9]
917 1286 [0]
727 1478 [0]
831 1366 [8]
1067 1138 [0]
942 1258 [6]
688 1518 [0]
797 1405 [4]
1086 1118 [3]
827 1381 [0]
863 1345 [0]
695 1508 [5]
809 1391 [9]
614 1586 [10]
1030 1181 [0]
1057 1154 [0]
739 1462 [10]
970 1233 [8]
1075 1137 [0]
839 1372 [2]
998 1210 [6]
709 1498 [9]
1007 1208 [1]
983 1227 [7]
760 1457 [0]
1020 1186 [11]
693 1523 [1]
1095 1122 [0]
709 1499 [10]
804 1406 [9]
1049 1166 [5]
1107 1113 [0]
699 1521 [0]
782 1438 [0]
795 1419 [7]
638 1584 [0]
1054 1165 [3]
949 1270 [3]
1034 1183 [6]
772 1444 [8]
740 1484 [0]
853 1373 [0]
1082 1145 [0]
947 1280 [0]
861 1358 [8]
981 1242 [5]
939 1282 [7]
805 1425 [0]
877 1353 [0]
907 1317 [6]
984 1247 [0]
980 1249 [2]
831 1399 [2]
1090 1143 [0]
717 1514 [2]
699 1531 [3]
977 1255 [2]
1012 1223 [0]
970 1256 [9]
988 1244 [4]
1020 1213 [4]
950 1276 [11]
878 1356 [3]
827 1411 [0]
725 1504 [9]
927 1308 [4]
876 1356 [8]
781 1451 [8]
891 1341 [8]
880 1356 [4]
740 1495 [6]
725 1507 [9]
938 1299 [4]
692 1540 [10]
839 1404 [0]
1071 1162 [10]
1076 1168 [0]
959 1289 [0]
1038 1210 [0]
683 1565 [0]
643 1598 [8]
1024 1215 [11]
1111 1136 [3]
1035 1204 [11]
993 1257 [0]
689 1559 [3]
818 1432 [2]
795 1452 [6]
894 1359 [0]
784 1462 [7]
788 1459 [8]
936 1319 [0]
832 1419 [5]
1069 1187 [0]
883 1371 [7]
1123 1132 [7]
1030 1233 [0]
707 1550 [6]
710 1547 [6]
927 1326 [11]
788 1470 [6]
1042 1215 [7]
1042 1220 [4]
673 1594 [0]
1032 1235 [0]
1103 1164 [0]
880 1388 [0]
975 1293 [2]
1057 1204 [9]
728 1536 [7]
729 1536 [6]
1108 1157 [7]
843 1420 [9]
772 1496 [5]
765 1501 [7]
1050 1222 [1]
747 1520 [6]
676 1593 [5]
702 1572 [0]
919 1350 [5]
1120 1145 [10]
734 1537 [4]
829 1448 [0]
931 1346 [0]
1114 1161 [3]
1075 1200 [3]
846 1424 [8]
1051 1228 [0]
938 1332 [9]
719 1553 [8]
755 1521 [5]
802 1480 [0]
759 1513 [10]
1108 1170 [5]
744 1531 [10]
983 1302 [0]
763 1523 [0]
1051 1230 [6]
837 1450 [0]
1107 1173 [8]
1040 1244 [6]
944 1339 [8]
834 1455 [3]
1081 1214 [0]
1093 1195 [7]
730 1568 [0]
1025 1270 [3]
933 1365 [0]
1137 1162 [0]
902 1397 [0]
897 1392 [11]
724 1571 [5]
1048 1252 [0]
796 1500 [4]
707 1588 [6]
972 1321 [9]
891 1411 [0]
995 1307 [0]
710 1587 [6]
990 1314 [0]
791 1508 [5]
806 1490 [8]
834 1471 [0]
1110 1195 [0]
876 1422 [7]
823 1473 [10]
782 1518 [6]
770 1532 [4]
1136 1166 [6]
737 1571 [0]
1007 1294 [7]
707 1595 [7]
990 1317 [2]
841 1460 [9]
713 1595 [4]
910 1402 [0]
1117 1184 [11]
764 1549 [0]
953 1358 [2]
857 1454 [2]
781 1525 [8]
937 1369 [9]
985 1325 [5]
717 1592 [7]
1048 1269 [0]
1107 1211 [0]
936 1377 [5]
1131 1181 [7]
929 1379 [11]
737 1584 [0]
944 1378 [0]
870 1444 [9]
1008 1316 [0]
1032 1291 [2]
1052 1273 [0]
950 1372 [3]
959 1362 [7]
959 1367 [2]
1000 1328 [0]
1058 1271 [0]
845 1484 [0]
821 1501 [8]
1136 1186 [8]
966 1364 [0]
1051 1279 [0]
985 1340 [5]
819 1500 [11]
948 1384 [0]
851 1475 [7]
887 1444 [3]
807 1527 [0]
878 1453 [3]
901 1428 [6]
1029 1306 [0]
860 1473 [2]
845 1489 [2]
858 1478 [0]
991 1337 [10]
1055 1283 [0]
937 1394 [9]
1073 1264 [5]
1157 1186 [0]
1035 1308 [0]
780 1566 [0]
1106 1240 [0]
1070 1272 [5]
989 1358 [0]
1084 1266 [0]
951 1391 [9]
1115 1233 [6]
861 1488 [5]
786 1563 [6]
1173 1177 [6]
946 1410 [0]
1151 1205 [0]
915 1440 [2]
1117 1241 [0]
999 1356 [3]
1099 1256 [4]
1135 1219 [5]
787 1566 [7]
780 1574 [8]
1006 1356 [0]
867 1494 [3]
1049 1306 [10]
844 1521 [0]
1002 1362 [3]
774 1594 [0]
908 1458 [3]
1168 1197 [4]
1042 1324 [5]
1159 1213 [0]
940 1424 [8]
1021 1352 [0]
1042 1321 [11]
1075 1301 [0]
1047 1319 [10]
871 1506 [0]
828 1541 [8]
1058 1320 [1]
1010 1363 [6]
1155 1217 [8]
986 1390 [5]
924 1453 [5]
870 1509 [3]
1123 1254 [8]
1062 1323 [0]
822 1565 [0]
1019 1362 [7]
969 1415 [5]
807 1575 [7]
926 1462 [2]
1035 1348 [8]
872 1511 [8]
942 1442 [7]
1026 1366 [0]
1025 1358 [9]
1127 1261 [4]
1095 1298 [0]
963 1423 [7]
995 1393 [6]
1054 1341 [0]
1139 1256 [0]
981 1409 [6]
1150 1242 [5]
1017 1380 [0]
910 1491 [0]
963 1431 [7]
1098 1305 [0]
1141 1253 [9]
1119 1278 [6]
889 1512 [3]
1099 1305 [2]
1112 1293 [1]
917 1490 [0]
836 1568 [3]
1181 1219 [8]
968 1440 [0]
919 1479 [10]
1058 1349 [2]
844 1557 [9]
1121 1290 [0]
960 1444 [7]
1087 1318 [6]
943 1461 [10]
1088 1326 [0]
882 1522 [10]
959 1448 [7]
1024 1381 [9]
1112 1301 [1]
1175 1240 [0]
903 1506 [6]
1080 1337 [0]
947 1466 [8]
1053 1363 [5]
969 1445 [7]
1061 1363 [0]
1004 1420 [0]
967 1453 [5]
964 1462 [0]
1103 1320 [5]
1018 1408 [3]
1188 1231 [10]
1070 1360 [0]
1077 1347 [8]
1206 1220 [6]
1105 1319 [9]
907 1524 [4]
1064 1365 [6]
932 1500 [3]
1188 1248 [0]
929 1501 [6]
1016 1416 [6]
920 1518 [0]
890 1549 [1]
879 1553 [9]
1147 1294 [0]
979 1459 [4]
1124 1311 [7]
899 1544 [0]
1015 1420 [8]
954 1491 [0]
1045 1400 [0]
1209 1237 [0]
1187 1262 [0]
1185 1264 [0]
1089 1361 [0]
1073 1379 [0]
1151 1302 [0]
1013 1432 [9]
921 1534 [0]
918 1537 [0]
943 1503 [9]
1222 1228 [5]
1198 1258 [0]
1173 1273 [10]
931 1517 [10]
1098 1360 [0]
1100 1359 [0]
949 1506 [5]
1012 1442 [7]
914 1548 [0]
858 1599 [7]
898 1566 [0]
1213 1251 [0]
961 1498 [6]
908 1552 [8]
896 1564 [8]
925 1545 [0]
1136 1334 [0]
869 1594 [9]
1144 1321 [7]
1030 1444 [1]
912 1564 [0]
976 1491 [10]
951 1516 [10]
962 1516 [0]
995 1483 [0]
916 1562 [0]
966 1514 [0]
1006 1474 [0]
1064 1417 [0]
1191 1290 [0]
1070 1403 [8]
1232 1242 [10]
1202 1283 [0]
1148 1332 [6]
902 1583 [2]
946 1541 [0]
1173 1314 [0]
1223 1259 [5]
977 1511 [0]
1242 1244 [2]
1225 1263 [0]
975 1513 [0]
1208 1275 [7]
1159 1331 [0]
1137 1348 [6]
1076 1408 [7]
1028 1459 [6]
1063 1430 [0]
931 1556 [8]
1118 1370 [8]
980 1517 [0]
1156 1342 [0]
1247 1249 [2]
1045 1453 [1]
1095 1404 [0]
913 1583 [4]
1029 1464 [7]
1111 1382 [7]
931 1559 [10]
1133 1369 [0]
948 1549 [5]
1195 1304 [3]
912 1590 [2]
921 1581 [3]
997 1511 [0]
965 1544 [0]
1007 1493 [9]
1013 1496 [0]
1119 1388 [4]
952 1549 [10]
1200 1304 [8]
984 1529 [0]
995 1519 [0]
939 1566 [10]
1116 1397 [2]
1041 1465 [10]
1136 1377 [5]
1127 1382 [9]
1162 1347 [9]
1152 1360 [7]
1088 1432 [0]
937 1583 [0]
1108 1408 [6]
1088 1435 [0]
1122 1401 [0]
1088 1429 [6]
952 1569 [3]
1036 1480 [9]
1197 1318 [10]
1075 1446 [5]
1112 1403 [11]
1230 1296 [0]
1198 1329 [0]
1008 1517 [2]
1097 1430 [0]
1129 1398 [0]
1037 1487 [5]
1064 1457 [9]
1205 1321 [9]
1202 1329 [5]
1190 1347 [0]
1237 1299 [1]
1110 1419 [9]
1239 1301 [0]
1267 1275 [0]
1248 1286 [9]
1154 1390 [0]
968 1571 [5]
982 1567 [0]
1191 1358 [0]
1082 1469 [0]
982 1570 [0]
1000 1553 [0]
963 1581 [9]
1124 1422 [8]
1263 1291 [0]
1192 1363 [0]
1215 1338 [3]
1000 1557 [0]
972 1576 [9]
1032 1518 [8]
1164 1396 [0]
1210 1346 [5]
1255 1306 [0]
1026 1539 [0]
1225 1337 [3]
971 1594 [0]
1257 1309 [0]
972 1595 [0]
1092 1473 [3]
1005 1557 [8]
1160 1410 [0]
1058 1507 [6]
1269 1303 [0]
1263 1303 [7]
1222 1344 [8]
1264 1310 [0]
1176 1400 [0]
1103 1471 [2]
1105 1471 [0]
1168 1409 [0]
1235 1338 [6]
1105 1469 [5]
1245 1331 [5]
1163 1419 [0]
1146 1439 [0]
1234 1351 [0]
1117 1469 [0]
1221 1366 [0]
1154 1433 [0]
1145 1440 [4]
1215 1371 [3]
1261 1322 [7]
1272 1322 [0]
1282 1305 [7]
1292 1296 [7]
1125 1470 [0]
1270 1319 [8]
1073 1524 [0]
1055 1544 [0]
1045 1547 [7]
1001 1598 [0]
1117 1474 [10]
1263 1333 [5]
1191 1407 [4]
1276 1326 [0]
1238 1368 [0]
1261 1345 [0]
1085 1522 [0]
1051 1550 [6]
1023 1585 [0]
1174 1435 [1]
1078 1527 [5]
1223 1379 [10]
1032 1575 [6]
1137 1474 [3]
1074 1540 [0]
1050 1564 [0]
1099 1509 [10]
1175 1437 [6]
1063 1549 [6]
1060 1559 [0]
1077 1535 [7]
1024 1592 [5]
1027 1595 [0]
1257 1365 [0]
1232 1392 [0]
1247 1374 [6]
1069 1551 [7]
1278 1350 [0]
1280 1345 [3]
1163 1459 [7]
1179 1439 [11]
1291 1339 [0]
1185 1446 [0]
1297 1330 [5]
1216 1421 [0]
1280 1359 [0]
1091 1548 [0]
1106 1528 [6]
1194 1441 [5]
1296 1337 [9]
1313 1326 [3]
1070 1567 [8]
1063 1577 [6]
1175 1465 [7]
1223 1426 [3]
1277 1376 [0]
1130 1523 [0]
1111 1537 [6]
1173 1479 [3]
1136 1516 [3]
1092 1556 [7]
1124 1523 [9]
1163 1494 [0]
1181 1476 [0]
1291 1367 [0]
1196 1459 [3]
1226 1434 [0]
1312 1349 [0]
1140 1511 [11]
1186 1477 [0]
1229 1432 [2]
1197 1460 [8]
1299 1361 [6]
1185 1481 [0]
1183 1482 [2]
1124 1540 [3]
1076 1585 [7]
1229 1440 [0]
1071 1598 [0]
1097 1574 [0]
1231 1442 [0]
1079 1588 [6]
1158 1515 [0]
1220 1449 [5]
1280 1384 [10]
1204 1471 [0]
1284 1392 [0]
1086 1590 [0]
1283 1394 [0]
1327 1344 [6]
1174 1498 [6]
1199 1480 [0]
1111 1563 [5]
1164 1516 [0]
1140 1529 [11]
1237 1436 [7]
1109 1573 [0]
1188 1488 [8]
1277 1407 [0]
1258 1421 [6]
1326 1354 [6]
1168 1515 [7]
1098 1585 [7]
1146 1538 [8]
1197 1490 [9]
1147 1547 [3]
1322 1369 [8]
1250 1448 [3]
1276 1420 [6]
1249 1455 [0]
1199 1498 [8]
1302 1403 [1]
1139 1566 [3]
1276 1427 [6]
1131 1580 [0]
1297 1415 [0]
1138 1575 [0]
1249 1456 [8]
1293 1424 [0]
1194 1531 [0]
1356 1366 [5]
1283 1443 [2]
1262 1466 [0]
1174 1549 [7]
1165 1558 [8]
1204 1524 [4]
1238 1496 [0]
1160 1575 [1]
1319 1409 [9]
1270 1465 [2]
1280 1452 [7]
1148 1592 [0]
1257 1478 [8]
1305 1440 [0]
1349 1398 [0]
1325 1422 [0]
1227 1515 [6]
1302 1444 [2]
1252 1486 [11]
1289 1461 [0]
1334 1410 [7]
1351 1397 [3]
1277 1469 [5]
1257 1489 [6]
1280 1467 [6]
1286 1463 [6]
1263 1485 [8]
1247 1503 [6]
1257 1494 [6]
1284 1473 [0]
1183 1574 [1]
1263 1486 [10]
1185 1574 [1]
1364 1388 [9]
1334 1421 [7]
1258 1503 [2]
1276 1479 [8]
1283 1482 [2]
1181 1586 [1]
1260 1514 [0]
1207 1570 [0]
1270 1509 [2]
1256 1527 [3]
1295 1492 [0]
1314 1467 [7]
1284 1503 [2]
1242 1539 [10]
1332 1453 [7]
1227 1563 [5]
1255 1538 [5]
1354 1445 [0]
1301 1494 [7]
1204 1596 [5]
1337 1458 [10]
1239 1560 [7]
1365 1436 [6]
1290 1513 [6]
1316 1494 [1]
1379 1423 [9]
1279 1532 [5]
1239 1575 [2]
1225 1597 [0]
1298 1518 [8]
1277 1552 [0]
1242 1578 [10]
1282 1555 [0]
1266 1569 [7]
1397 1465 [0]
1284 1579 [0]
1397 1466 [2]
1268 1593 [5]
1288 1574 [6]
1408 1456 [7]
1370 1503 [0]
1386 1487 [0]
1382 1491 [0]
1301 1569 [6]
1322 1561 [0]
1352 1530 [1]
1281 1594 [9]
1306 1573 [6]
1391 1486 [11]
1398 1492 [1]
1299 1586 [7]
1362 1532 [0]
1439 1459 [0]
1377 1525 [0]
1345 1553 [6]
1357 1547 [0]
1329 1570 [5]
1372 1538 [0]
1450 1461 [0]
1330 1578 [8]
1459 1466 [5]
1396 1530 [5]
1448 1486 [0]
1394 1539 [2]
1411 1524 [3]
1380 1554 [7]
1356 1576 [10]
1370 1566 [7]
1411 1531 [5]
1453 1488 [6]
1430 1516 [8]
1380 1571 [5]
1398 1562 [0]
1436 1521 [3]
1390 1573 [0]
1377 1586 [0]
1365 1593 [6]
1461 1497 [6]
1434 1532 [0]
1405 1561 [0]
1413 1565 [0]
1402 1577 [0]
1462 1522 [3]
1442 1546 [0]
1473 1517 [0]
1454 1529 [8]
1403 1592 [0]
1485 1508 [5]
1425 1565 [9]
1459 1540 [5]
1470 1543 [0]
1484 1522 [7]
1449 1564 [2]
1508 1516 [6]
1454 1576 [4]
1518 1519 [2]
1478 1559 [3]
1458 1582 [0]
1511 1531 [0]
1441 1596 [6]
1448 1598 [0]
1499 1572 [6]
1540 1551 [0]
1513 1574 [6]
1541 1576 [8]
1565 1579 [3]
1563 1583 [1]
1572 1593 [0]
