800
10
400
7
2
0
1
3
5
10
4
8
19
11
13
16
23
17
6
18
12
15
31
20
43
55
54
90
46
22
35
62
44
32
28
39
67
34
9
25
21
60
14
41
27
52
36
30
38
26
47
58
86
61
50
64
66
37
57
72
42
114
59
143
139
48
127
92
24
40
56
65
82
186
111
33
53
68
74
115
69
76
75
73
77
104
87
29
147
45
133
63
49
84
89
132
118
91
97
71
107
108
70
128
172
106
94
117
85
51
81
95
98
123
152
203
80
150
141
140
100
224
153
268
121
110
151
102
99
120
162
166
159
169
165
79
103
137
96
175
116
122
78
93
136
88
113
221
83
164
124
149
215
177
160
125
189
226
157
182
158
129
176
154
109
184
119
236
174
181
148
134
130
146
126
163
170
217
200
199
195
198
131
155
187
112
144
214
245
193
259
197
101
206
168
191
210
173
179
287
216
223
208
167
202
294
247
204
248
227
233
196
178
138
142
230
276
242
161
321
332
185
270
241
275
251
135
183
319
258
220
313
234
228
201
246
326
192
292
222
190
282
207
156
254
205
290
250
229
289
145
213
105
218
237
212
261
257
304
280
256
211
238
225
209
243
180
239
310
284
295
286
271
344
232
235
330
302
315
249
171
283
342
309
348
293
279
291
300
388
231
350
303
386
341
351
381
362
406
252
298
307
269
343
219
311
305
569
439
458
363
414
244
274
356
372
379
328
337
389
194
354
316
322
323
334
462
376
297
357
390
366
561
378
296
365
398
331
369
349
499
262
285
336
320
367
188
263
265
299
267
281
434
346
468
399
318
353
438
387
314
317
340
396
301
407
324
493
472
264
368
404
255
430
278
260
325
530
338
277
426
253
360
500
445
329
377
453
266
385
403
537
542
417
397
413
370
482
442
571
374
373
410
423
359
395
391
435
424
273
371
312
335
509
333
456
358
375
411
418
533
425
515
501
436
678
416
401
308
380
345
528
427
408
529
448
535
429
492
383
547
288
393
510
522
420
676
364
447
511
446
466
443
392
384
516
412
496
519
552
667
738
494
444
612
524
405
441
498
488
580
484
306
382
476
614
361
440
487
598
347
454
538
652
461
394
504
460
240
327
449
451
584
545
422
556
481
437
352
355
613
477
523
467
536
517
555
486
452
798
432
655
503
640
563
455
339
421
490
469
433
415
478
471
593
626
570
495
459
497
475
507
543
592
562
521
565
576
585
474
409
465
457
272
428
768
796
739
564
550
450
526
532
601
559
558
594
609
663
479
637
470
525
688
505
534
483
708
502
683
551
644
784
649
520
681
603
600
623
582
751
639
544
635
756
518
595
587
646
662
531
419
583
463
480
622
625
666
630
621
597
615
590
473
568
632
765
685
618
599
506
553
648
402
714
620
692
513
539
608
647
740
602
658
674
715
631
566
548
578
718
624
741
567
560
721
629
779
698
588
690
634
737
699
673
549
727
682
464
541
722
546
489
606
769
753
657
514
653
586
773
703
591
775
706
628
617
508
679
627
689
485
687
755
709
650
680
589
573
581
684
691
607
527
730
776
664
574
577
726
610
540
557
746
643
491
660
604
762
697
788
572
554
596
790
700
733
717
702
735
713
716
732
636
747
743
710
579
724
777
772
665
752
761
763
766
736
799
744
760
694
670
782
771
785
728
767
701
734
654
711
720
791
786
754
781
668
794
642
780
707
575
672
758
719
795
797
764
677
778
671
651
745
793
731
787
774
748
749
656
742
723
616
783
638
792
789
705
757
431
659
675
645
729
759
661
712
605
696
725
619
693
704
669
641
686
633
770
695
512
611
750
0 1 [0]
0 2 [0]
1 3 [0]
0 3 [1]
0 4 [1]
2 3 [1]
0 5 [1]
2 4 [1]
0 6 [1]
1 6 [1]
3 5 [0]
2 6 [1]
2 7 [0]
0 10 [1]
3 6 [3]
4 8 [0]
1 11 [1]
1 9 [3]
0 13 [1]
4 10 [0]
5 10 [0]
2 12 [1]
3 10 [2]
1 12 [3]
0 15 [1]
0 19 [1]
4 17 [0]
3 15 [3]
3 16 [3]
2 19 [1]
0 20 [3]
6 17 [0]
7 14 [3]
0 21 [3]
6 18 [0]
11 13 [0]
5 19 [1]
4 18 [3]
8 19 [0]
12 15 [0]
7 19 [1]
5 20 [3]
1 25 [3]
13 16 [0]
4 22 [3]
10 16 [3]
11 19 [0]
1 24 [5]
12 18 [0]
7 21 [3]
0 28 [3]
7 23 [1]
3 25 [3]
1 28 [3]
4 26 [3]
9 25 [0]
4 27 [3]
5 24 [5]
11 17 [7]
0 32 [3]
7 25 [3]
12 20 [3]
2 30 [3]
1 31 [3]
8 25 [3]
10 23 [3]
7 26 [3]
0 34 [3]
12 22 [3]
3 32 [3]
17 18 [3]
13 22 [3]
0 36 [3]
16 23 [0]
9 29 [2]
2 35 [3]
6 27 [7]
17 23 [0]
8 30 [3]
3 35 [3]
2 36 [3]
1 37 [3]
0 38 [3]
6 32 [3]
17 22 [3]
11 28 [3]
7 33 [3]
9 34 [0]
12 28 [3]
3 37 [3]
17 25 [3]
3 39 [3]
11 29 [5]
12 26 [7]
19 23 [3]
5 38 [3]
21 25 [0]
15 31 [0]
20 23 [3]
1 40 [5]
1 43 [3]
5 39 [3]
4 41 [3]
10 33 [5]
4 37 [7]
22 23 [3]
4 40 [5]
7 39 [3]
16 26 [7]
3 44 [3]
16 32 [3]
10 38 [3]
2 46 [3]
20 31 [0]
10 39 [3]
8 40 [5]
7 44 [3]
23 28 [3]
19 32 [3]
18 30 [7]
14 41 [0]
23 26 [7]
22 35 [0]
1 51 [5]
5 48 [5]
16 39 [3]
25 26 [7]
3 52 [3]
2 54 [3]
28 32 [0]
6 47 [7]
17 36 [7]
12 46 [3]
23 33 [5]
0 59 [3]
7 51 [5]
15 41 [7]
13 45 [5]
6 50 [7]
20 43 [0]
26 38 [0]
24 40 [0]
11 49 [5]
1 62 [3]
30 36 [0]
25 37 [5]
4 60 [3]
7 57 [3]
6 56 [5]
28 39 [0]
22 46 [0]
30 38 [0]
27 41 [0]
2 64 [3]
14 53 [2]
15 47 [7]
29 38 [2]
20 45 [5]
1 66 [3]
8 57 [5]
16 47 [7]
7 60 [3]
23 44 [3]
9 57 [5]
10 58 [3]
6 58 [7]
26 47 [0]
14 60 [0]
30 42 [2]
7 64 [3]
5 66 [3]
7 63 [5]
3 68 [5]
18 55 [3]
32 44 [0]
7 66 [3]
10 64 [3]
6 66 [5]
15 55 [7]
22 50 [5]
2 70 [5]
3 69 [5]
14 58 [5]
32 39 [7]
0 73 [5]
5 69 [5]
6 68 [5]
27 52 [0]
6 69 [5]
16 59 [5]
9 70 [2]
4 72 [5]
21 60 [0]
9 68 [5]
18 59 [5]
17 62 [3]
13 67 [3]
6 70 [7]
36 45 [2]
5 73 [5]
38 41 [5]
22 57 [5]
10 69 [5]
3 77 [5]
32 48 [5]
4 76 [5]
0 80 [5]
33 53 [0]
9 72 [5]
40 41 [5]
1 80 [5]
11 70 [5]
2 80 [5]
6 77 [5]
17 66 [5]
15 68 [5]
36 52 [0]
36 51 [2]
4 78 [7]
2 82 [5]
8 76 [5]
39 44 [7]
10 75 [5]
23 63 [5]
26 63 [2]
11 75 [5]
13 73 [5]
29 60 [2]
6 78 [7]
36 50 [5]
6 79 [7]
7 82 [3]
0 87 [5]
41 44 [7]
19 66 [7]
4 84 [5]
6 80 [7]
22 66 [5]
14 77 [2]
2 87 [5]
17 72 [5]
40 52 [2]
37 57 [0]
6 84 [5]
40 56 [0]
41 53 [2]
10 81 [5]
2 92 [3]
44 48 [5]
12 78 [7]
35 62 [0]
1 92 [5]
43 55 [0]
41 52 [5]
8 85 [5]
10 84 [5]
27 70 [2]
24 73 [2]
14 83 [2]
18 76 [5]
23 72 [5]
11 83 [7]
34 67 [0]
36 63 [2]
7 88 [7]
2 93 [7]
26 74 [2]
21 79 [2]
11 85 [7]
37 66 [0]
47 52 [5]
23 76 [5]
17 82 [5]
2 97 [5]
15 84 [5]
12 90 [3]
16 84 [5]
13 85 [7]
40 60 [5]
47 58 [0]
21 83 [2]
28 73 [5]
16 83 [7]
39 67 [0]
44 62 [0]
41 61 [5]
25 80 [2]
27 78 [2]
6 95 [7]
31 71 [7]
54 55 [0]
20 84 [5]
33 69 [7]
44 58 [7]
27 80 [2]
2 105 [2]
38 69 [2]
3 99 [7]
4 99 [7]
50 61 [0]
46 58 [7]
24 80 [7]
2 104 [5]
33 71 [7]
49 63 [0]
10 97 [5]
51 60 [2]
50 64 [0]
42 72 [0]
44 63 [7]
38 74 [2]
5 104 [5]
4 106 [5]
6 104 [5]
14 99 [2]
34 79 [2]
36 77 [2]
24 92 [0]
55 56 [5]
29 87 [0]
10 99 [7]
0 110 [7]
11 99 [7]
1 111 [5]
27 86 [5]
19 94 [5]
12 99 [7]
2 109 [7]
22 89 [7]
52 61 [5]
56 61 [2]
21 96 [2]
22 92 [5]
23 91 [5]
2 114 [3]
18 97 [5]
11 104 [5]
6 112 [2]
56 65 [0]
53 68 [0]
55 60 [7]
27 93 [2]
5 110 [7]
0 118 [5]
58 60 [5]
0 116 [7]
56 62 [5]
9 112 [2]
41 82 [2]
5 113 [7]
28 92 [5]
28 95 [2]
60 63 [2]
14 109 [2]
46 74 [5]
12 112 [2]
6 113 [7]
55 66 [5]
6 115 [5]
15 109 [2]
4 116 [7]
4 118 [5]
24 97 [7]
2 121 [5]
0 123 [5]
47 79 [2]
20 102 [7]
57 72 [0]
7 117 [5]
1 123 [5]
9 118 [2]
24 105 [0]
16 108 [5]
23 99 [7]
31 91 [7]
13 109 [7]
20 104 [5]
15 108 [7]
24 104 [2]
15 113 [2]
64 66 [0]
56 73 [2]
35 89 [7]
4 120 [7]
30 100 [2]
41 86 [5]
4 121 [7]
51 81 [0]
49 84 [0]
28 103 [2]
2 124 [7]
32 99 [2]
21 105 [8]
31 98 [7]
46 90 [0]
3 131 [2]
51 85 [0]
14 120 [2]
27 107 [2]
3 128 [5]
20 111 [5]
43 86 [7]
35 99 [2]
6 124 [7]
7 127 [3]
28 104 [5]
46 85 [7]
24 107 [7]
47 89 [2]
11 121 [7]
19 113 [7]
52 85 [2]
27 110 [2]
35 97 [7]
0 138 [2]
60 78 [2]
9 129 [2]
14 125 [2]
25 111 [5]
21 119 [2]
40 95 [7]
52 88 [2]
68 74 [0]
44 96 [2]
10 127 [5]
51 83 [8]
32 109 [2]
52 86 [5]
56 80 [7]
33 111 [0]
37 100 [7]
46 96 [2]
54 90 [0]
50 92 [2]
21 121 [2]
58 86 [0]
7 132 [5]
50 90 [5]
69 76 [0]
0 140 [5]
7 131 [7]
47 96 [2]
71 72 [2]
13 128 [5]
8 133 [5]
40 104 [2]
72 73 [2]
1 141 [5]
60 85 [2]
49 98 [0]
38 107 [2]
3 142 [2]
65 82 [0]
61 86 [0]
4 139 [5]
73 75 [0]
20 126 [2]
15 131 [2]
21 125 [2]
52 94 [2]
55 86 [7]
12 132 [5]
53 96 [0]
21 126 [2]
2 145 [2]
16 128 [5]
3 141 [5]
43 99 [7]
17 131 [2]
31 114 [5]
73 77 [0]
22 121 [7]
19 127 [5]
7 142 [2]
75 76 [0]
41 108 [2]
58 91 [2]
4 140 [7]
51 100 [0]
8 139 [5]
20 130 [2]
51 93 [8]
1 147 [5]
6 140 [7]
34 117 [2]
9 139 [5]
53 94 [7]
10 142 [2]
34 115 [5]
37 109 [8]
2 147 [5]
53 102 [0]
19 129 [7]
34 119 [2]
35 115 [5]
0 150 [5]
42 114 [0]
8 143 [5]
1 150 [5]
19 132 [5]
31 118 [7]
63 93 [0]
47 103 [7]
14 135 [8]
32 123 [2]
67 88 [2]
20 133 [5]
26 125 [7]
75 83 [0]
6 147 [5]
44 112 [2]
11 146 [2]
2 152 [5]
42 115 [2]
11 143 [5]
54 98 [7]
1 156 [2]
23 134 [2]
1 151 [7]
4 148 [7]
71 86 [2]
24 136 [0]
9 149 [2]
16 142 [2]
54 99 [7]
61 93 [7]
58 96 [7]
1 153 [7]
22 137 [2]
66 90 [5]
15 144 [2]
17 142 [2]
51 103 [8]
60 100 [2]
40 122 [0]
19 136 [7]
5 151 [7]
18 144 [2]
20 142 [2]
16 146 [2]
52 110 [2]
64 93 [7]
32 127 [5]
68 96 [0]
7 152 [5]
42 116 [7]
62 101 [2]
3 155 [7]
4 154 [7]
60 103 [2]
37 121 [7]
39 124 [2]
0 159 [7]
54 110 [2]
2 157 [7]
18 143 [5]
18 146 [2]
66 93 [7]
18 141 [7]
9 155 [2]
36 129 [2]
0 160 [7]
71 97 [0]
76 85 [7]
5 161 [2]
75 87 [7]
1 162 [7]
62 107 [2]
0 164 [7]
65 99 [7]
78 93 [0]
55 110 [7]
63 108 [2]
4 162 [7]
4 167 [2]
1 165 [7]
84 89 [0]
17 149 [7]
59 114 [0]
23 148 [2]
34 137 [2]
33 133 [7]
62 110 [2]
35 137 [2]
36 130 [8]
5 167 [2]
18 154 [2]
14 158 [2]
6 167 [2]
48 127 [0]
57 114 [4]
17 151 [7]
87 88 [0]
29 147 [0]
66 103 [7]
67 107 [2]
81 95 [0]
43 131 [2]
4 166 [7]
53 124 [0]
41 134 [2]
5 165 [7]
86 89 [2]
49 128 [0]
62 108 [7]
70 108 [0]
45 133 [0]
36 140 [2]
2 169 [7]
71 107 [0]
65 107 [7]
7 165 [7]
42 129 [8]
4 173 [2]
2 170 [7]
28 150 [2]
84 96 [0]
18 160 [2]
62 116 [2]
26 152 [2]
17 161 [2]
15 159 [7]
77 104 [0]
38 135 [8]
6 173 [2]
0 174 [7]
33 141 [7]
14 165 [2]
68 113 [0]
0 180 [2]
14 166 [2]
5 172 [5]
79 103 [0]
28 152 [2]
6 174 [2]
31 147 [5]
78 97 [8]
69 115 [0]
3 174 [7]
18 159 [7]
0 177 [7]
6 176 [2]
8 172 [5]
4 174 [7]
17 167 [2]
84 102 [0]
89 90 [7]
29 149 [8]
49 129 [8]
38 147 [2]
64 116 [7]
9 176 [2]
65 122 [0]
74 111 [2]
48 139 [0]
35 145 [8]
6 175 [7]
91 97 [0]
17 164 [7]
26 160 [2]
14 172 [2]
15 166 [7]
74 115 [0]
19 168 [2]
46 135 [8]
36 146 [8]
44 144 [2]
33 150 [7]
2 181 [7]
44 138 [8]
10 178 [2]
52 131 [8]
84 107 [0]
87 104 [0]
4 185 [2]
19 165 [7]
57 132 [2]
10 179 [2]
23 167 [2]
17 173 [2]
77 108 [7]
46 138 [8]
21 171 [0]
65 120 [7]
38 146 [8]
75 115 [2]
45 147 [0]
58 132 [2]
81 103 [8]
76 116 [0]
16 172 [5]
12 179 [2]
22 169 [2]
95 98 [0]
76 115 [2]
2 190 [2]
10 177 [7]
0 192 [2]
53 135 [6]
3 186 [5]
1 191 [2]
18 169 [7]
67 126 [2]
2 187 [7]
0 189 [7]
63 133 [0]
4 190 [2]
25 170 [2]
64 126 [8]
76 122 [0]
92 104 [2]
27 163 [8]
30 166 [2]
70 128 [0]
3 193 [2]
50 141 [7]
6 191 [2]
8 184 [7]
69 123 [7]
22 175 [2]
78 122 [0]
2 196 [2]
94 106 [0]
33 161 [6]
74 119 [8]
88 113 [0]
51 144 [6]
30 169 [2]
6 193 [2]
34 165 [2]
99 102 [0]
65 129 [8]
65 137 [0]
57 143 [2]
0 194 [8]
84 111 [7]
59 143 [0]
85 117 [0]
7 189 [7]
9 194 [0]
55 141 [7]
17 184 [2]
12 183 [8]
36 165 [2]
28 168 [8]
63 139 [2]
28 174 [2]
36 166 [2]
49 156 [0]
52 145 [8]
1 202 [2]
7 191 [7]
20 184 [2]
0 204 [2]
40 166 [0]
4 194 [8]
30 168 [8]
72 128 [7]
57 142 [8]
19 181 [7]
64 136 [7]
13 193 [2]
31 175 [2]
0 203 [5]
66 134 [8]
19 182 [7]
91 109 [8]
48 153 [7]
1 203 [5]
12 195 [2]
15 194 [0]
38 171 [0]
7 194 [8]
40 162 [7]
39 168 [2]
91 111 [7]
66 136 [7]
91 118 [0]
9 199 [2]
41 161 [8]
0 208 [2]
2 203 [5]
31 171 [8]
12 196 [2]
7 201 [2]
6 202 [2]
33 177 [0]
77 126 [8]
94 117 [0]
35 174 [2]
11 198 [2]
15 195 [2]
75 137 [0]
84 128 [0]
21 186 [5]
60 144 [8]
53 159 [0]
45 160 [8]
12 199 [2]
1 210 [2]
7 204 [2]
44 161 [8]
61 150 [2]
83 122 [8]
7 205 [2]
75 131 [8]
17 195 [2]
66 141 [7]
99 115 [0]
36 170 [8]
59 148 [8]
26 181 [8]
16 197 [2]
107 108 [0]
46 162 [7]
1 212 [2]
12 202 [2]
51 157 [8]
4 210 [2]
1 213 [2]
57 152 [7]
94 123 [0]
26 183 [8]
10 206 [2]
84 126 [8]
20 196 [2]
25 185 [8]
3 213 [2]
8 208 [2]
81 131 [6]
50 162 [7]
10 207 [2]
97 118 [4]
13 204 [2]
92 127 [0]
97 115 [7]
99 120 [0]
11 206 [2]
17 194 [8]
98 114 [7]
71 142 [6]
62 155 [2]
39 173 [8]
67 145 [8]
7 206 [7]
53 161 [6]
18 200 [2]
34 184 [2]
28 185 [8]
50 164 [7]
89 132 [0]
44 175 [2]
10 209 [2]
11 203 [7]
7 212 [2]
50 163 [8]
98 123 [0]
55 159 [7]
85 131 [6]
58 162 [2]
4 216 [2]
13 207 [2]
35 188 [0]
87 136 [0]
22 199 [2]
2 215 [7]
61 155 [8]
66 151 [7]
87 137 [0]
86 130 [8]
84 133 [7]
88 136 [0]
60 162 [2]
63 162 [0]
1 222 [2]
15 208 [2]
51 166 [8]
55 168 [2]
46 171 [8]
32 191 [2]
51 171 [4]
6 212 [8]
28 190 [8]
80 147 [0]
8 217 [2]
71 149 [8]
60 166 [2]
28 198 [2]
6 220 [2]
59 162 [7]
1 225 [2]
85 138 [6]
91 130 [8]
60 161 [8]
4 223 [2]
89 140 [0]
63 166 [0]
93 136 [0]
57 165 [7]
26 195 [8]
50 180 [0]
61 162 [7]
63 161 [6]
21 201 [8]
11 217 [2]
18 210 [2]
53 177 [0]
15 207 [8]
78 146 [6]
97 125 [8]
80 150 [0]
10 218 [2]
115 116 [0]
22 201 [8]
4 219 [8]
94 131 [6]
97 126 [8]
110 121 [0]
24 199 [8]
60 169 [2]
7 217 [7]
62 161 [8]
91 140 [0]
11 212 [8]
50 173 [8]
0 230 [2]
66 159 [7]
27 197 [8]
41 183 [8]
27 203 [2]
55 175 [2]
49 178 [6]
0 226 [7]
5 221 [7]
47 178 [8]
96 137 [0]
16 209 [8]
89 138 [6]
47 179 [8]
43 186 [5]
102 126 [6]
50 176 [8]
44 186 [5]
41 194 [0]
61 172 [2]
46 187 [2]
16 217 [2]
9 218 [8]
6 222 [8]
7 227 [2]
27 209 [0]
74 154 [8]
68 160 [8]
15 213 [8]
10 219 [8]
66 163 [8]
29 200 [8]
18 211 [8]
36 193 [8]
97 140 [0]
70 161 [6]
21 208 [8]
19 211 [8]
116 122 [0]
94 138 [6]
17 213 [8]
26 212 [0]
81 149 [8]
59 172 [7]
92 138 [8]
39 198 [2]
44 193 [2]
95 138 [6]
91 142 [6]
11 221 [7]
10 227 [2]
20 211 [8]
14 225 [0]
17 215 [7]
9 222 [8]
22 209 [8]
58 173 [8]
47 185 [8]
15 223 [2]
79 155 [6]
100 140 [0]
87 153 [0]
103 137 [0]
62 171 [8]
78 157 [6]
0 239 [2]
2 237 [2]
118 123 [0]
66 167 [8]
28 206 [8]
115 119 [8]
37 205 [0]
43 197 [2]
97 139 [7]
8 233 [2]
45 192 [6]
21 214 [8]
2 239 [2]
89 147 [7]
67 175 [2]
79 165 [0]
28 214 [2]
14 231 [0]
68 177 [0]
72 166 [7]
40 197 [8]
89 156 [0]
25 212 [8]
93 146 [6]
2 236 [7]
61 176 [8]
102 136 [8]
3 241 [2]
13 225 [8]
17 227 [2]
56 182 [8]
77 169 [0]
8 237 [2]
59 186 [2]
19 221 [7]
54 185 [8]
43 202 [2]
78 163 [6]
94 153 [0]
34 205 [8]
83 164 [0]
17 224 [7]
39 201 [8]
55 185 [8]
122 124 [2]
30 210 [8]
27 213 [8]
27 214 [8]
42 207 [0]
70 173 [6]
117 126 [6]
118 132 [0]
4 238 [8]
2 246 [2]
84 166 [0]
84 158 [8]
24 220 [6]
10 238 [2]
60 189 [2]
27 216 [8]
29 216 [6]
2 247 [2]
12 231 [8]
47 197 [8]
7 243 [2]
88 158 [6]
21 223 [8]
17 233 [2]
115 137 [0]
87 157 [8]
63 181 [8]
61 183 [8]
115 129 [8]
27 218 [8]
25 226 [2]
6 239 [8]
10 236 [7]
45 200 [8]
48 197 [8]
102 151 [0]
94 156 [4]
10 242 [2]
29 225 [0]
50 196 [8]
2 251 [2]
20 233 [2]
71 178 [6]
8 246 [2]
26 222 [8]
0 254 [2]
39 215 [2]
84 164 [8]
45 211 [0]
112 144 [0]
61 187 [8]
44 205 [8]
91 158 [8]
117 134 [6]
66 183 [8]
49 200 [8]
58 192 [8]
53 197 [8]
27 223 [8]
20 236 [2]
9 249 [0]
39 219 [0]
98 154 [6]
60 190 [8]
28 222 [8]
21 236 [2]
72 179 [8]
102 149 [8]
87 164 [8]
8 243 [8]
66 185 [8]
16 235 [8]
70 181 [8]
12 245 [2]
15 237 [8]
76 178 [6]
88 168 [4]
8 244 [8]
70 182 [8]
30 222 [8]
8 250 [2]
122 135 [4]
16 237 [8]
56 197 [8]
1 258 [2]
36 225 [0]
94 159 [8]
71 182 [8]
110 151 [0]
95 159 [8]
27 235 [0]
127 128 [7]
97 157 [8]
55 206 [2]
109 154 [0]
2 253 [8]
21 234 [8]
83 171 [9]
130 134 [0]
11 251 [2]
107 149 [8]
64 192 [8]
61 196 [8]
56 209 [0]
40 217 [8]
23 235 [8]
106 156 [4]
112 145 [9]
59 199 [8]
84 174 [8]
109 151 [6]
119 139 [8]
47 219 [0]
57 202 [8]
102 161 [4]
10 249 [8]
33 228 [6]
70 188 [9]
108 156 [4]
6 262 [0]
78 190 [0]
82 186 [0]
2 259 [7]
88 174 [6]
16 251 [2]
10 257 [2]
64 197 [8]
25 244 [0]
23 238 [8]
40 229 [0]
0 262 [8]
13 249 [8]
2 260 [8]
44 224 [2]
21 240 [9]
7 255 [8]
88 177 [6]
111 153 [7]
95 170 [6]
3 260 [8]
8 255 [8]
68 195 [8]
9 254 [8]
96 175 [0]
126 146 [0]
44 226 [2]
29 243 [0]
1 264 [8]
132 141 [0]
84 183 [6]
126 139 [8]
124 149 [0]
54 211 [8]
94 173 [6]
55 211 [8]
4 266 [4]
30 244 [0]
17 253 [4]
122 146 [6]
6 264 [4]
1 266 [8]
19 254 [2]
123 152 [0]
53 214 [8]
69 198 [8]
15 252 [8]
63 212 [0]
34 233 [8]
19 249 [8]
4 270 [2]
6 266 [4]
2 266 [8]
66 202 [8]
65 211 [0]
130 146 [0]
68 202 [6]
52 216 [8]
54 221 [2]
42 235 [0]
103 168 [6]
114 155 [8]
44 225 [8]
108 163 [6]
87 190 [0]
107 163 [8]
76 196 [6]
8 262 [8]
3 267 [8]
10 260 [8]
17 259 [2]
50 220 [8]
43 233 [2]
106 172 [0]
53 225 [0]
107 164 [8]
38 233 [8]
65 215 [0]
106 168 [6]
73 207 [0]
88 192 [0]
138 142 [0]
71 205 [4]
93 182 [6]
140 141 [0]
78 194 [9]
74 207 [0]
76 205 [0]
7 266 [8]
11 262 [8]
36 237 [8]
26 248 [8]
75 207 [0]
120 162 [0]
95 183 [4]
44 230 [8]
139 143 [0]
3 271 [8]
134 148 [0]
4 271 [8]
93 190 [0]
98 179 [6]
80 203 [0]
43 232 [8]
80 197 [6]
90 185 [8]
23 259 [2]
67 215 [2]
0 282 [2]
60 216 [8]
125 160 [0]
8 269 [8]
130 147 [8]
98 183 [4]
6 271 [8]
122 157 [6]
127 152 [7]
70 212 [4]
53 227 [6]
131 155 [0]
17 266 [4]
2 277 [8]
6 272 [9]
129 158 [0]
84 195 [8]
30 257 [0]
131 156 [0]
1 284 [2]
58 229 [0]
87 193 [8]
23 257 [8]
60 226 [2]
63 217 [8]
124 164 [0]
45 239 [4]
16 270 [2]
50 230 [8]
104 176 [8]
139 147 [2]
95 190 [4]
54 233 [2]
97 188 [4]
93 192 [4]
21 264 [4]
50 239 [0]
126 163 [0]
83 200 [6]
39 243 [8]
106 180 [4]
1 287 [2]
13 273 [4]
116 175 [0]
90 199 [2]
141 150 [0]
61 231 [0]
49 239 [4]
62 222 [8]
126 160 [6]
7 277 [8]
84 202 [6]
103 185 [4]
47 240 [6]
138 151 [4]
104 181 [8]
0 285 [8]
109 184 [0]
90 202 [2]
48 240 [6]
88 202 [4]
2 290 [2]
35 255 [4]
2 291 [2]
7 286 [2]
36 251 [8]
124 167 [4]
38 253 [4]
4 283 [8]
51 236 [8]
8 280 [8]
6 282 [8]
47 241 [8]
4 284 [8]
106 182 [8]
75 221 [0]
64 232 [0]
93 194 [9]
111 186 [0]
66 231 [0]
32 257 [8]
5 290 [2]
3 292 [2]
1 294 [2]
147 151 [0]
1 295 [2]
62 228 [8]
93 205 [0]
64 226 [8]
27 271 [0]
101 197 [0]
87 211 [0]
37 261 [0]
18 272 [9]
112 187 [0]
94 201 [4]
44 247 [8]
68 223 [8]
86 206 [8]
6 286 [8]
46 246 [8]
90 208 [2]
33 259 [8]
110 184 [6]
140 156 [4]
147 153 [0]
95 199 [6]
128 172 [0]
64 228 [8]
10 283 [8]
32 269 [0]
112 180 [9]
130 165 [6]
3 291 [8]
74 222 [6]
111 185 [6]
139 155 [8]
121 178 [4]
47 256 [0]
95 202 [6]
119 184 [0]
34 265 [4]
33 271 [0]
93 203 [8]
83 221 [0]
9 287 [8]
56 242 [6]
39 257 [8]
124 172 [8]
26 272 [6]
133 163 [8]
71 227 [6]
59 240 [6]
24 275 [6]
23 274 [8]
134 167 [4]
39 258 [8]
129 176 [0]
0 297 [8]
77 222 [6]
102 197 [6]
5 293 [8]
12 286 [8]
98 202 [6]
17 281 [8]
143 155 [8]
2 296 [8]
101 206 [0]
43 260 [4]
99 204 [4]
16 283 [8]
12 296 [0]
96 208 [4]
25 275 [8]
37 271 [0]
107 195 [6]
52 256 [0]
94 208 [6]
18 283 [8]
85 224 [0]
116 187 [6]
58 252 [0]
78 226 [6]
129 178 [4]
54 249 [8]
9 294 [8]
43 264 [4]
22 282 [8]
30 273 [9]
73 233 [6]
9 295 [8]
111 193 [8]
14 290 [8]
64 241 [8]
24 289 [0]
79 230 [4]
82 224 [7]
130 183 [0]
72 233 [8]
46 267 [0]
125 189 [0]
134 171 [9]
77 237 [0]
44 266 [4]
150 161 [4]
66 241 [8]
141 168 [6]
99 212 [4]
114 193 [8]
68 241 [6]
147 160 [8]
37 272 [6]
118 189 [8]
151 161 [4]
1 307 [8]
138 178 [0]
31 285 [0]
3 305 [8]
46 266 [4]
104 212 [0]
78 239 [0]
123 190 [4]
109 204 [4]
0 309 [8]
54 263 [0]
70 241 [6]
29 289 [0]
130 184 [4]
31 279 [8]
115 195 [8]
135 183 [0]
105 213 [0]
127 188 [4]
8 303 [8]
120 193 [6]
3 312 [4]
125 186 [8]
58 261 [0]
40 279 [0]
124 191 [4]
131 184 [4]
38 273 [9]
55 265 [0]
63 257 [0]
65 247 [8]
108 206 [6]
19 293 [8]
97 219 [4]
145 172 [4]
110 203 [8]
52 269 [0]
80 240 [1]
6 306 [9]
132 182 [8]
17 301 [4]
71 245 [6]
86 228 [8]
56 262 [4]
3 311 [8]
49 264 [9]
92 224 [7]
51 263 [9]
56 259 [8]
18 297 [8]
105 218 [0]
136 183 [4]
37 286 [0]
155 164 [4]
66 257 [0]
100 224 [0]
7 315 [2]
6 314 [4]
46 270 [8]
12 308 [4]
41 283 [0]
96 219 [9]
21 299 [4]
76 242 [6]
138 187 [0]
120 201 [4]
17 300 [8]
6 311 [8]
159 166 [0]
72 245 [8]
59 262 [4]
0 317 [8]
69 251 [6]
37 285 [4]
3 321 [2]
123 203 [0]
13 305 [8]
146 171 [9]
121 200 [6]
4 315 [8]
17 302 [8]
59 264 [4]
30 297 [0]
123 198 [6]
128 193 [6]
31 294 [2]
58 266 [4]
125 199 [4]
32 296 [0]
159 169 [0]
162 166 [0]
154 170 [4]
2 318 [8]
131 198 [0]
18 303 [8]
72 253 [4]
6 321 [2]
92 237 [0]
78 247 [4]
4 317 [8]
90 231 [8]
148 181 [0]
25 305 [0]
47 283 [0]
92 238 [0]
27 303 [0]
34 296 [0]
79 245 [6]
102 219 [9]
154 176 [0]
77 247 [6]
60 271 [0]
143 186 [2]
139 188 [4]
45 277 [9]
147 178 [6]
148 179 [4]
54 273 [4]
77 248 [6]
127 196 [8]
53 279 [0]
136 192 [4]
37 287 [8]
14 314 [4]
97 231 [4]
121 203 [8]
70 253 [9]
120 209 [4]
2 323 [8]
24 309 [0]
23 302 [8]
163 170 [0]
113 221 [0]
84 250 [0]
121 209 [4]
165 169 [0]
108 220 [6]
163 166 [6]
107 222 [6]
124 203 [8]
20 306 [9]
13 314 [8]
53 282 [0]
118 213 [4]
23 304 [8]
122 210 [4]
14 322 [0]
21 306 [9]
9 324 [4]
103 230 [4]
7 322 [8]
20 309 [8]
31 298 [8]
165 166 [6]
83 254 [0]
160 177 [0]
97 234 [6]
69 260 [9]
9 325 [4]
10 320 [8]
82 252 [4]
4 332 [2]
10 326 [2]
13 317 [8]
56 276 [6]
127 211 [0]
83 255 [1]
157 182 [0]
98 237 [4]
72 259 [8]
1 331 [8]
73 263 [4]
30 310 [0]
133 207 [0]
22 310 [8]
158 182 [0]
20 317 [4]
13 326 [2]
159 178 [4]
40 297 [4]
136 201 [4]
128 209 [4]
106 230 [6]
92 250 [0]
137 199 [6]
73 260 [9]
116 222 [4]
58 276 [8]
155 187 [0]
106 232 [4]
11 323 [8]
44 290 [8]
118 224 [0]
19 315 [8]
64 270 [8]
114 229 [0]
75 268 [0]
7 328 [8]
28 306 [9]
74 265 [4]
43 292 [8]
32 311 [0]
133 211 [0]
167 172 [6]
21 320 [4]
46 299 [0]
63 273 [9]
27 314 [4]
64 277 [4]
3 334 [8]
107 233 [6]
0 338 [8]
35 303 [8]
25 313 [8]
57 289 [0]
4 334 [8]
23 321 [2]
9 333 [4]
41 305 [0]
49 292 [6]
58 289 [0]
44 295 [8]
37 310 [0]
129 214 [4]
157 190 [0]
42 305 [0]
72 270 [6]
2 344 [2]
66 278 [4]
127 221 [0]
0 340 [8]
33 311 [4]
53 287 [8]
137 207 [4]
15 326 [8]
20 325 [4]
162 181 [6]
71 274 [4]
76 269 [4]
59 290 [0]
95 250 [4]
1 340 [8]
21 328 [0]
2 339 [9]
16 332 [2]
68 276 [6]
8 338 [4]
105 240 [5]
19 323 [8]
54 296 [0]
9 342 [0]
126 225 [0]
89 253 [9]
98 247 [6]
109 242 [0]
7 336 [8]
133 218 [0]
70 275 [6]
30 318 [4]
67 281 [4]
23 325 [4]
123 225 [4]
173 179 [0]
123 223 [6]
4 340 [8]
13 331 [8]
141 207 [4]
137 211 [4]
7 337 [8]
6 346 [0]
52 292 [8]
77 270 [6]
150 194 [9]
69 284 [0]
25 328 [0]
121 228 [4]
49 304 [0]
87 262 [4]
54 299 [0]
16 330 [8]
72 278 [4]
26 328 [0]
57 288 [9]
15 335 [4]
166 182 [6]
4 343 [8]
34 317 [4]
50 305 [0]
80 271 [4]
7 339 [9]
17 330 [8]
147 202 [6]
152 203 [0]
91 255 [9]
34 313 [8]
60 287 [8]
82 272 [1]
174 181 [0]
119 236 [0]
26 330 [0]
75 275 [6]
0 348 [8]
81 271 [4]
125 232 [0]
174 183 [0]
97 256 [4]
81 270 [6]
78 278 [1]
6 344 [8]
1 349 [8]
89 265 [4]
144 214 [0]
40 314 [4]
7 347 [4]
145 213 [0]
33 322 [4]
14 339 [6]
41 314 [4]
168 191 [0]
79 276 [4]
125 234 [0]
10 345 [4]
106 247 [6]
4 347 [9]
89 267 [4]
151 205 [4]
168 192 [0]
11 345 [4]
62 290 [8]
44 312 [4]
12 339 [9]
34 319 [8]
119 242 [0]
66 295 [0]
165 192 [4]
33 324 [4]
22 335 [4]
164 193 [4]
57 304 [0]
100 258 [4]
152 204 [6]
67 287 [8]
22 332 [8]
29 324 [9]
88 273 [1]
63 296 [4]
102 252 [9]
168 194 [1]
7 352 [4]
138 221 [4]
177 182 [4]
32 331 [0]
156 207 [0]
22 338 [4]
15 341 [8]
106 254 [4]
152 206 [6]
1 359 [4]
149 215 [0]
2 358 [4]
35 325 [4]
172 184 [8]
8 348 [8]
48 308 [9]
143 214 [8]
58 307 [0]
94 262 [9]
157 204 [4]
112 253 [1]
7 355 [4]
9 353 [4]
150 212 [4]
102 255 [9]
97 260 [9]
85 276 [6]
177 190 [0]
74 293 [0]
2 361 [4]
11 349 [8]
122 242 [4]
0 364 [4]
34 334 [0]
154 210 [4]
167 202 [0]
4 357 [8]
20 349 [0]
21 348 [0]
172 188 [9]
1 364 [4]
86 275 [8]
70 295 [4]
41 321 [8]
5 357 [8]
34 336 [0]
39 331 [0]
75 291 [4]
35 327 [9]
7 356 [8]
130 232 [9]
133 238 [0]
95 268 [8]
144 227 [0]
14 357 [0]
157 210 [4]
95 270 [6]
10 352 [9]
142 230 [0]
27 339 [6]
42 330 [0]
135 228 [9]
39 334 [0]
53 316 [4]
11 358 [4]
4 362 [8]
173 201 [0]
168 206 [0]
178 196 [0]
30 340 [4]
10 360 [4]
83 283 [9]
105 261 [9]
154 217 [4]
66 309 [0]
167 208 [0]
2 365 [8]
32 343 [0]
111 258 [6]
187 188 [1]
60 316 [0]
44 329 [4]
6 363 [8]
123 250 [4]
124 244 [9]
3 366 [8]
153 224 [0]
57 316 [4]
61 316 [0]
122 251 [4]
149 219 [9]
12 365 [0]
176 197 [4]
24 349 [4]
165 209 [4]
0 374 [4]
51 318 [9]
88 281 [9]
16 354 [8]
1 373 [4]
129 245 [4]
6 368 [4]
90 280 [8]
131 238 [9]
79 295 [4]
5 366 [8]
20 351 [8]
2 373 [4]
36 343 [0]
111 264 [4]
50 321 [8]
5 370 [4]
183 196 [0]
25 354 [0]
75 300 [4]
16 359 [4]
40 336 [4]
94 277 [9]
73 303 [4]
135 244 [1]
166 208 [6]
163 217 [0]
68 306 [6]
1 375 [4]
93 279 [9]
140 240 [1]
136 241 [4]
121 256 [4]
31 342 [8]
6 371 [4]
59 318 [4]
152 221 [8]
125 255 [1]
17 360 [4]
75 303 [4]
181 201 [0]
12 361 [9]
17 357 [8]
47 331 [4]
23 351 [8]
157 226 [0]
127 248 [8]
100 274 [9]
141 238 [4]
107 267 [9]
177 202 [4]
74 305 [4]
174 203 [6]
173 210 [0]
6 373 [4]
45 332 [6]
3 372 [8]
23 352 [9]
74 310 [0]
95 288 [1]
6 374 [4]
168 210 [6]
59 319 [6]
113 271 [0]
69 311 [4]
7 369 [8]
98 283 [4]
107 274 [4]
136 249 [0]
17 364 [4]
102 274 [9]
6 375 [4]
111 266 [9]
79 306 [1]
89 293 [4]
74 306 [6]
144 242 [0]
36 346 [4]
6 372 [8]
142 235 [9]
23 359 [4]
135 251 [0]
16 362 [8]
41 339 [6]
128 254 [4]
0 382 [4]
125 252 [9]
37 346 [4]
90 289 [8]
84 299 [4]
23 355 [9]
49 332 [6]
87 296 [4]
170 217 [0]
190 197 [0]
190 198 [0]
23 357 [8]
1 379 [8]
2 383 [4]
7 374 [8]
124 264 [1]
55 326 [8]
56 327 [6]
67 322 [0]
121 268 [0]
3 379 [8]
100 286 [4]
128 253 [9]
110 276 [4]
117 272 [1]
70 316 [4]
73 314 [4]
159 226 [6]
63 327 [1]
16 371 [4]
10 377 [4]
148 240 [3]
35 348 [8]
130 260 [1]
11 372 [8]
177 215 [0]
28 360 [4]
43 349 [0]
111 275 [6]
41 351 [0]
123 260 [9]
3 385 [4]
130 259 [4]
79 305 [9]
12 377 [4]
195 198 [0]
104 285 [4]
191 198 [4]
79 310 [4]
31 358 [4]
117 267 [9]
39 345 [9]
176 214 [4]
0 386 [8]
195 199 [0]
73 317 [4]
37 353 [4]
126 267 [1]
0 391 [4]
9 386 [0]
18 373 [4]
0 387 [8]
75 317 [4]
63 324 [9]
30 366 [0]
6 387 [4]
167 224 [6]
22 371 [4]
92 305 [0]
2 391 [4]
95 298 [4]
51 345 [1]
16 377 [4]
60 337 [0]
115 282 [0]
36 355 [6]
107 281 [9]
34 355 [9]
21 373 [4]
124 270 [4]
98 294 [6]
45 347 [6]
57 341 [0]
171 224 [4]
199 200 [0]
51 344 [4]
2 393 [4]
62 333 [4]
175 220 [4]
9 387 [4]
7 385 [8]
90 302 [8]
87 309 [4]
115 281 [4]
175 225 [0]
159 240 [1]
130 270 [0]
143 251 [6]
1 395 [4]
195 202 [4]
90 303 [8]
191 210 [0]
3 395 [4]
112 290 [0]
63 336 [4]
16 379 [8]
65 334 [4]
161 242 [0]
46 350 [8]
35 369 [0]
8 388 [8]
7 389 [8]
112 292 [0]
163 232 [9]
9 391 [4]
154 247 [4]
6 399 [0]
106 295 [4]
49 353 [4]
1 401 [4]
58 348 [0]
116 290 [0]
68 334 [4]
11 391 [4]
32 370 [4]
65 342 [0]
30 373 [4]
90 309 [8]
2 401 [4]
4 394 [9]
114 293 [0]
7 400 [0]
34 364 [9]
107 296 [4]
2 397 [8]
96 303 [9]
12 388 [8]
102 297 [9]
58 346 [4]
194 213 [1]
40 359 [9]
179 226 [4]
32 373 [4]
2 399 [8]
181 219 [9]
37 372 [0]
122 278 [9]
182 221 [6]
77 326 [6]
147 253 [9]
82 321 [6]
11 395 [4]
54 347 [9]
84 322 [4]
3 399 [8]
12 398 [0]
66 335 [9]
128 276 [6]
174 236 [0]
156 254 [0]
136 270 [4]
19 382 [9]
137 273 [1]
123 284 [4]
47 360 [4]
107 300 [4]
20 382 [9]
90 317 [4]
58 347 [6]
0 403 [8]
34 378 [0]
15 389 [8]
80 323 [9]
116 292 [4]
190 222 [0]
112 299 [1]
150 258 [4]
0 408 [4]
187 226 [0]
176 233 [4]
1 408 [4]
8 401 [4]
111 294 [8]
199 210 [4]
27 386 [0]
197 216 [0]
69 344 [0]
7 398 [8]
74 339 [1]
141 264 [9]
101 313 [0]
2 408 [4]
112 293 [9]
52 362 [0]
25 389 [0]
109 297 [9]
75 339 [1]
116 295 [4]
189 226 [0]
10 398 [8]
56 356 [4]
15 400 [1]
19 389 [8]
158 249 [9]
11 401 [4]
110 302 [4]
187 229 [0]
1 407 [8]
108 305 [4]
200 217 [0]
43 370 [4]
59 354 [4]
10 405 [4]
180 239 [0]
93 325 [1]
23 393 [4]
147 272 [1]
171 249 [0]
47 364 [9]
172 244 [4]
6 405 [9]
52 359 [9]
19 400 [1]
13 403 [4]
154 265 [1]
159 252 [9]
59 357 [4]
111 305 [4]
53 358 [9]
112 306 [3]
196 221 [4]
153 268 [0]
184 233 [4]
191 230 [0]
16 401 [4]
173 239 [9]
184 238 [0]
36 386 [0]
34 388 [0]
75 343 [4]
2 416 [4]
144 277 [1]
103 315 [4]
2 413 [8]
63 356 [4]
160 259 [4]
16 403 [4]
180 243 [0]
90 329 [4]
148 272 [3]
100 319 [4]
25 395 [4]
22 393 [9]
62 362 [0]
57 358 [9]
84 336 [4]
196 220 [9]
1 415 [9]
75 346 [4]
83 339 [3]
56 360 [9]
41 375 [9]
145 277 [3]
175 245 [6]
47 379 [0]
134 292 [0]
73 349 [4]
156 261 [9]
120 302 [4]
6 412 [9]
90 337 [0]
46 377 [4]
3 415 [9]
10 409 [9]
14 410 [4]
86 333 [9]
25 394 [9]
20 404 [4]
52 373 [4]
196 233 [0]
81 344 [4]
108 312 [9]
98 322 [9]
146 274 [9]
201 228 [0]
8 417 [4]
54 371 [4]
195 234 [0]
176 254 [0]
23 403 [4]
48 373 [9]
86 340 [4]
26 395 [9]
112 317 [1]
208 223 [0]
52 379 [0]
50 377 [4]
48 374 [9]
21 401 [9]
25 406 [0]
74 353 [4]
131 299 [1]
104 321 [6]
2 421 [9]
122 301 [9]
203 223 [6]
2 427 [4]
168 264 [1]
44 380 [9]
87 342 [4]
144 280 [9]
129 304 [0]
84 340 [9]
18 411 [4]
138 286 [9]
44 389 [0]
4 421 [9]
145 289 [0]
48 386 [0]
209 225 [0]
107 318 [9]
86 348 [0]
28 403 [4]
10 419 [6]
27 404 [4]
111 320 [4]
17 409 [9]
109 326 [0]
87 344 [4]
177 258 [0]
46 381 [8]
104 328 [4]
117 315 [4]
69 361 [6]
5 422 [9]
102 330 [4]
112 324 [1]
79 349 [9]
22 411 [4]
17 416 [4]
187 250 [0]
108 320 [9]
23 411 [4]
197 232 [9]
71 358 [9]
193 245 [0]
159 275 [4]
66 368 [4]
216 223 [0]
71 359 [9]
152 278 [9]
111 324 [4]
156 281 [3]
3 428 [9]
164 267 [9]
82 352 [6]
12 424 [4]
142 289 [9]
188 249 [3]
43 398 [0]
12 425 [4]
11 421 [9]
13 424 [4]
60 381 [0]
19 414 [8]
0 432 [9]
5 428 [9]
48 385 [9]
21 417 [4]
108 330 [4]
12 426 [4]
73 365 [4]
49 389 [4]
9 425 [9]
4 435 [4]
40 402 [1]
173 261 [9]
169 273 [1]
101 339 [3]
18 419 [6]
75 359 [9]
120 314 [9]
4 436 [4]
169 271 [4]
55 381 [8]
89 351 [4]
23 417 [4]
11 429 [4]
98 345 [1]
63 373 [9]
180 262 [3]
18 423 [4]
7 430 [8]
186 255 [4]
43 393 [9]
12 434 [0]
65 381 [0]
80 357 [9]
2 440 [4]
96 341 [9]
98 347 [1]
201 246 [0]
44 399 [4]
32 409 [6]
126 320 [1]
100 338 [9]
56 387 [4]
15 431 [1]
106 333 [9]
8 436 [4]
11 428 [9]
7 437 [4]
123 321 [4]
71 368 [9]
66 373 [9]
69 370 [9]
48 391 [9]
38 407 [4]
211 238 [0]
191 258 [0]
130 319 [0]
34 409 [6]
94 346 [9]
158 287 [4]
215 230 [4]
212 237 [0]
218 222 [9]
153 292 [4]
56 390 [4]
175 272 [3]
186 258 [6]
97 352 [1]
13 428 [9]
89 357 [4]
48 398 [4]
143 307 [0]
126 315 [9]
162 288 [1]
144 298 [9]
188 263 [0]
9 438 [4]
204 247 [0]
84 361 [6]
88 354 [9]
157 285 [9]
48 402 [1]
134 317 [1]
180 268 [4]
11 432 [9]
25 421 [6]
169 279 [4]
37 409 [6]
204 248 [0]
209 243 [0]
0 448 [4]
66 386 [0]
193 259 [0]
22 421 [9]
108 335 [9]
22 422 [9]
39 414 [0]
7 438 [8]
4 445 [4]
115 334 [4]
6 439 [8]
66 388 [0]
86 359 [9]
92 362 [0]
171 283 [0]
100 350 [4]
90 360 [4]
120 325 [9]
62 383 [9]
21 424 [9]
99 346 [9]
83 362 [9]
100 346 [9]
150 296 [9]
6 445 [4]
218 237 [0]
5 446 [4]
65 384 [6]
155 291 [9]
4 447 [4]
185 270 [0]
132 314 [9]
26 420 [9]
49 397 [9]
139 308 [9]
130 326 [0]
197 259 [0]
158 294 [4]
208 239 [9]
87 366 [4]
126 322 [9]
74 374 [9]
155 301 [1]
11 437 [9]
7 446 [4]
43 406 [8]
67 387 [4]
114 335 [9]
6 448 [4]
214 245 [0]
205 254 [0]
196 254 [9]
114 339 [6]
37 413 [9]
8 447 [4]
129 329 [1]
83 367 [9]
38 417 [4]
109 341 [9]
49 406 [4]
227 233 [0]
148 303 [9]
33 421 [6]
228 231 [1]
19 432 [9]
58 400 [3]
85 372 [4]
1 451 [9]
15 442 [4]
79 382 [1]
228 234 [0]
1 453 [8]
59 402 [1]
115 343 [4]
68 390 [4]
16 438 [8]
225 238 [0]
46 408 [9]
88 374 [1]
88 366 [9]
46 413 [4]
71 388 [4]
103 351 [9]
31 431 [1]
11 444 [9]
223 241 [0]
0 455 [9]
72 383 [9]
134 329 [1]
164 291 [9]
61 399 [4]
12 443 [9]
176 288 [1]
102 354 [9]
70 394 [1]
58 403 [4]
18 439 [8]
45 411 [9]
63 398 [4]
0 461 [4]
32 428 [6]
2 455 [9]
179 287 [0]
30 427 [9]
63 402 [1]
157 308 [1]
173 284 [9]
120 337 [9]
85 380 [1]
8 449 [9]
230 236 [0]
33 431 [3]
101 365 [1]
59 404 [4]
232 235 [0]
19 444 [4]
185 281 [1]
226 232 [9]
52 409 [6]
51 407 [9]
60 403 [4]
211 256 [0]
39 424 [4]
121 342 [4]
56 405 [6]
14 444 [9]
97 366 [4]
7 453 [8]
0 459 [9]
198 261 [9]
217 247 [4]
210 258 [0]
76 383 [9]
81 378 [9]
82 386 [0]
22 437 [9]
210 249 [9]
3 458 [8]
148 321 [0]
109 351 [9]
178 283 [9]
36 431 [3]
91 370 [9]
21 440 [9]
84 377 [9]
137 324 [9]
134 335 [1]
9 462 [0]
182 288 [1]
95 367 [9]
21 441 [9]
3 459 [9]
149 314 [9]
182 290 [0]
209 260 [3]
180 291 [1]
166 297 [9]
227 245 [0]
64 404 [4]
190 282 [0]
80 388 [4]
118 350 [4]
6 458 [8]
150 314 [9]
44 425 [4]
133 336 [4]
106 363 [4]
138 326 [9]
212 261 [0]
228 245 [0]
0 465 [9]
207 264 [3]
204 270 [0]
11 454 [9]
4 466 [4]
140 333 [1]
97 368 [9]
204 269 [1]
13 452 [9]
133 337 [4]
72 393 [9]
53 415 [6]
175 295 [4]
82 383 [9]
15 451 [9]
92 379 [4]
65 409 [1]
81 385 [9]
7 459 [9]
227 248 [0]
78 388 [9]
37 439 [0]
10 458 [8]
6 462 [8]
197 278 [1]
54 418 [4]
233 234 [9]
12 464 [0]
12 455 [9]
218 255 [3]
73 402 [1]
152 321 [4]
11 458 [8]
79 389 [9]
225 243 [9]
130 346 [1]
102 366 [9]
1 468 [8]
169 304 [4]
185 283 [9]
8 460 [9]
164 312 [1]
53 416 [9]
2 467 [9]
92 377 [9]
185 284 [9]
2 468 [8]
149 320 [9]
220 258 [0]
162 307 [9]
224 250 [4]
229 250 [0]
75 395 [9]
41 432 [6]
166 312 [1]
197 282 [0]
14 459 [6]
156 320 [3]
189 290 [0]
37 438 [4]
7 463 [9]
21 449 [9]
217 262 [1]
185 286 [9]
17 454 [9]
74 397 [9]
51 428 [1]
200 271 [9]
10 466 [4]
45 427 [9]
37 435 [9]
165 307 [9]
209 268 [4]
56 416 [9]
231 249 [1]
12 460 [9]
61 411 [9]
95 377 [9]
21 455 [6]
16 458 [8]
40 438 [4]
22 451 [9]
164 309 [9]
83 390 [9]
207 274 [1]
161 321 [0]
78 403 [1]
105 371 [6]
206 273 [3]
38 436 [9]
204 278 [1]
112 362 [9]
126 348 [9]
45 434 [4]
96 378 [9]
90 384 [9]
22 452 [9]
192 292 [0]
45 430 [9]
65 410 [9]
113 362 [9]
73 405 [6]
199 285 [1]
80 400 [5]
7 469 [9]
165 311 [9]
193 292 [0]
5 472 [8]
63 422 [1]
105 375 [6]
76 409 [1]
104 373 [9]
206 271 [9]
23 454 [9]
21 464 [1]
140 337 [9]
234 252 [1]
203 280 [4]
89 392 [6]
118 360 [9]
11 470 [6]
11 468 [8]
141 345 [1]
76 407 [4]
139 348 [0]
167 320 [1]
130 355 [3]
31 453 [4]
193 286 [9]
0 479 [9]
237 242 [9]
113 366 [9]
61 418 [9]
177 303 [9]
31 449 [9]
207 282 [0]
4 476 [9]
197 283 [9]
161 325 [3]
3 482 [4]
97 388 [4]
19 466 [4]
222 264 [3]
85 395 [9]
155 333 [1]
19 464 [6]
34 447 [9]
2 479 [9]
84 397 [9]
10 471 [9]
56 430 [4]
2 484 [4]
69 415 [6]
130 359 [1]
7 474 [9]
141 340 [9]
118 369 [4]
15 472 [4]
96 386 [9]
6 476 [9]
111 376 [4]
90 392 [9]
170 320 [1]
207 281 [3]
34 448 [9]
6 479 [6]
7 475 [9]
5 480 [6]
108 374 [9]
81 406 [4]
6 485 [0]
17 465 [9]
62 425 [4]
40 443 [9]
210 282 [0]
32 451 [9]
74 412 [6]
102 386 [4]
171 318 [3]
223 269 [1]
26 461 [6]
135 357 [1]
73 419 [1]
195 297 [1]
100 385 [9]
11 474 [9]
130 361 [3]
2 488 [4]
180 311 [3]
235 251 [9]
66 420 [9]
218 272 [5]
39 447 [9]
54 432 [9]
205 290 [0]
115 376 [4]
221 273 [1]
39 450 [6]
202 294 [0]
124 363 [9]
20 467 [9]
5 491 [0]
63 424 [9]
0 492 [4]
243 252 [1]
39 453 [4]
23 465 [9]
123 365 [9]
150 338 [9]
208 280 [9]
199 294 [4]
242 246 [9]
27 465 [6]
9 489 [0]
172 317 [9]
60 434 [4]
145 347 [6]
200 297 [1]
120 369 [9]
218 277 [3]
40 452 [6]
180 312 [6]
127 367 [4]
7 485 [6]
189 300 [9]
167 331 [1]
23 470 [6]
35 455 [9]
174 324 [1]
88 410 [1]
244 254 [1]
0 490 [9]
132 363 [4]
94 402 [3]
57 438 [4]
212 286 [1]
29 469 [1]
45 449 [6]
36 463 [1]
94 405 [1]
101 398 [1]
147 349 [4]
170 327 [3]
181 318 [1]
172 327 [1]
175 321 [4]
29 470 [1]
125 375 [1]
12 483 [6]
63 437 [1]
126 366 [9]
165 335 [1]
44 448 [9]
62 439 [0]
9 486 [6]
149 344 [9]
57 436 [9]
126 375 [1]
12 481 [9]
145 356 [1]
1 493 [8]
201 300 [1]
144 355 [3]
183 319 [0]
123 370 [9]
108 394 [1]
216 287 [0]
191 311 [1]
125 377 [1]
28 469 [6]
17 482 [4]
205 297 [1]
204 291 [9]
109 386 [9]
201 302 [1]
232 268 [4]
224 276 [4]
28 470 [6]
232 266 [6]
185 310 [9]
15 481 [9]
36 460 [9]
242 262 [1]
187 317 [1]
64 438 [4]
68 432 [6]
150 355 [1]
20 482 [4]
243 254 [9]
138 367 [1]
154 343 [9]
164 339 [3]
36 461 [9]
155 342 [9]
14 491 [1]
230 276 [0]
49 457 [1]
5 498 [4]
64 437 [6]
115 388 [4]
104 399 [4]
180 324 [3]
157 341 [9]
112 392 [3]
21 480 [6]
147 356 [4]
129 377 [1]
11 492 [4]
22 485 [0]
210 296 [1]
154 344 [9]
177 327 [3]
20 478 [9]
1 497 [9]
156 351 [1]
212 295 [1]
228 277 [3]
189 319 [0]
38 461 [9]
91 408 [9]
4 500 [4]
149 350 [9]
57 443 [9]
45 463 [1]
162 338 [9]
12 493 [4]
75 433 [1]
30 474 [6]
55 446 [9]
184 326 [0]
74 427 [9]
98 403 [9]
4 497 [9]
76 426 [9]
221 290 [0]
53 452 [6]
148 354 [9]
193 309 [9]
4 499 [8]
144 366 [1]
241 270 [0]
14 493 [4]
203 304 [4]
180 327 [5]
8 500 [4]
23 483 [6]
183 328 [1]
88 421 [3]
126 385 [1]
131 380 [1]
212 300 [1]
58 446 [9]
53 459 [1]
21 491 [1]
17 487 [9]
83 429 [1]
251 260 [3]
222 292 [0]
214 299 [1]
40 473 [1]
198 307 [9]
92 413 [9]
33 475 [6]
83 428 [3]
14 495 [6]
101 413 [1]
110 396 [9]
50 456 [9]
11 500 [4]
8 498 [9]
90 419 [6]
79 431 [5]
233 281 [1]
1 510 [4]
57 452 [6]
184 323 [9]
87 428 [1]
56 454 [6]
198 317 [1]
0 507 [9]
241 275 [0]
73 437 [6]
67 440 [9]
51 456 [9]
59 453 [4]
131 382 [3]
105 405 [6]
129 387 [1]
114 402 [1]
59 452 [6]
33 483 [1]
213 301 [3]
6 505 [6]
19 494 [4]
185 332 [0]
10 500 [8]
257 261 [0]
166 343 [9]
244 274 [0]
153 364 [1]
229 289 [0]
248 269 [1]
162 355 [1]
177 340 [1]
192 326 [0]
242 276 [0]
145 372 [1]
23 489 [6]
103 406 [9]
188 325 [6]
198 320 [1]
106 404 [9]
5 505 [9]
34 476 [9]
228 288 [3]
51 467 [1]
129 381 [9]
43 467 [9]
12 498 [9]
187 331 [1]
34 485 [0]
96 422 [1]
245 268 [6]
107 404 [9]
17 494 [9]
69 442 [9]
56 463 [1]
70 449 [1]
64 447 [9]
34 477 [9]
151 360 [9]
13 502 [6]
63 457 [1]
99 421 [1]
122 390 [9]
135 383 [3]
166 346 [9]
222 290 [9]
221 291 [9]
101 418 [3]
241 278 [3]
50 468 [4]
23 490 [9]
243 277 [3]
147 372 [4]
139 375 [9]
10 512 [1]
221 293 [9]
34 483 [6]
22 495 [6]
173 341 [9]
168 354 [1]
65 457 [1]
3 514 [6]
165 349 [9]
232 291 [1]
70 445 [9]
248 276 [0]
247 272 [5]
12 506 [6]
13 503 [9]
140 384 [1]
91 433 [1]
70 454 [1]
209 315 [1]
74 442 [9]
115 407 [4]
251 275 [0]
151 366 [9]
218 304 [4]
172 350 [4]
221 296 [9]
108 412 [6]
189 328 [9]
247 278 [1]
7 515 [4]
56 470 [1]
244 282 [1]
89 429 [9]
214 304 [9]
76 450 [1]
216 302 [9]
146 372 [9]
62 459 [6]
151 375 [1]
208 310 [9]
0 524 [4]
249 273 [6]
161 366 [1]
27 492 [9]
263 265 [0]
133 394 [1]
252 275 [1]
20 508 [0]
199 327 [3]
141 379 [9]
10 513 [6]
71 457 [1]
221 300 [9]
4 520 [6]
178 351 [1]
54 467 [9]
117 412 [1]
94 427 [9]
59 470 [1]
127 400 [3]
219 311 [0]
232 296 [3]
11 514 [6]
160 362 [9]
34 493 [4]
144 384 [3]
242 280 [9]
77 445 [9]
34 488 [9]
254 272 [5]
171 357 [3]
126 404 [1]
86 440 [6]
120 403 [9]
178 353 [1]
4 524 [4]
66 462 [4]
104 422 [6]
124 407 [1]
134 397 [1]
181 342 [9]
178 352 [3]
150 374 [9]
26 498 [9]
50 477 [6]
1 523 [9]
220 313 [0]
129 403 [1]
88 444 [1]
29 503 [1]
136 389 [9]
263 270 [1]
222 306 [6]
7 518 [9]
76 457 [1]
169 364 [1]
6 519 [9]
216 319 [0]
88 446 [1]
2 529 [4]
3 528 [4]
243 291 [1]
187 345 [3]
105 424 [6]
157 369 [9]
75 459 [1]
152 383 [1]
162 373 [1]
195 340 [1]
65 465 [6]
33 502 [1]
76 454 [6]
217 318 [1]
160 367 [9]
88 447 [1]
129 398 [9]
265 270 [1]
79 456 [1]
256 280 [0]
228 307 [1]
30 498 [9]
18 510 [9]
165 363 [9]
2 526 [9]
185 351 [1]
133 395 [9]
104 431 [3]
25 504 [9]
118 411 [9]
58 474 [6]
48 484 [6]
70 467 [1]
260 278 [0]
234 303 [1]
126 411 [1]
1 531 [6]
78 460 [1]
34 496 [9]
221 309 [9]
237 299 [3]
54 479 [6]
189 347 [3]
31 502 [6]
6 524 [9]
198 340 [1]
172 358 [9]
123 407 [9]
222 316 [1]
172 359 [9]
3 533 [4]
213 324 [3]
114 417 [9]
57 477 [6]
8 528 [4]
250 290 [0]
14 520 [6]
221 311 [9]
1 540 [0]
59 476 [6]
247 294 [0]
3 530 [8]
192 346 [3]
36 496 [9]
38 494 [9]
230 308 [3]
225 315 [1]
171 367 [3]
206 334 [1]
139 402 [1]
34 508 [0]
10 523 [9]
28 514 [0]
3 535 [4]
94 447 [1]
7 526 [9]
80 458 [4]
42 495 [6]
125 417 [1]
203 331 [9]
184 351 [9]
215 320 [9]
254 282 [8]
109 434 [1]
51 492 [1]
63 480 [1]
32 507 [6]
54 491 [0]
241 303 [1]
32 509 [4]
123 419 [3]
179 366 [1]
79 464 [3]
85 460 [1]
78 465 [3]
26 511 [9]
9 531 [6]
261 284 [1]
262 285 [0]
163 383 [1]
79 467 [1]
188 352 [7]
175 371 [1]
234 313 [0]
35 503 [9]
41 506 [0]
81 463 [3]
108 430 [9]
188 353 [6]
52 490 [6]
253 292 [3]
95 452 [1]
194 354 [0]
165 382 [1]
43 501 [4]
82 462 [4]
267 281 [0]
70 477 [1]
174 373 [1]
146 401 [1]
4 536 [9]
2 541 [6]
115 431 [3]
8 537 [4]
34 512 [3]
239 310 [0]
248 292 [9]
84 465 [1]
189 360 [1]
255 292 [3]
12 532 [6]
252 298 [0]
209 338 [3]
157 392 [1]
213 334 [3]
132 414 [4]
88 459 [3]
4 541 [6]
46 496 [9]
154 396 [1]
108 439 [4]
146 404 [1]
168 380 [3]
107 435 [9]
62 489 [0]
39 507 [6]
202 349 [1]
162 381 [9]
24 527 [1]
12 540 [0]
134 417 [1]
180 369 [3]
106 446 [1]
70 480 [3]
221 323 [9]
26 521 [6]
90 457 [6]
2 547 [4]
140 412 [1]
7 540 [6]
118 426 [9]
111 438 [4]
87 464 [3]
243 306 [5]
268 282 [4]
188 360 [6]
26 519 [9]
35 515 [4]
128 417 [9]
40 513 [1]
39 512 [3]
194 357 [3]
195 358 [1]
242 304 [9]
1 545 [9]
15 540 [0]
29 525 [1]
188 367 [0]
164 391 [1]
24 531 [1]
6 544 [6]
114 438 [4]
68 485 [3]
206 349 [1]
123 424 [9]
78 477 [1]
140 407 [9]
88 464 [5]
95 453 [9]
274 282 [1]
134 414 [9]
268 288 [1]
95 458 [4]
25 526 [6]
271 286 [0]
275 281 [1]
10 541 [6]
157 399 [1]
6 547 [4]
6 543 [9]
136 419 [3]
207 345 [6]
3 549 [6]
216 339 [3]
268 286 [4]
21 531 [6]
65 488 [6]
144 406 [9]
56 502 [1]
28 522 [9]
208 342 [9]
49 501 [9]
139 411 [9]
117 441 [1]
163 395 [1]
33 525 [1]
35 518 [6]
43 507 [9]
71 487 [1]
193 364 [3]
163 396 [1]
174 385 [1]
196 361 [3]
127 424 [9]
133 418 [9]
87 467 [6]
71 488 [1]
229 329 [3]
187 373 [1]
83 475 [3]
50 505 [6]
257 304 [0]
146 412 [3]
93 465 [3]
21 534 [6]
35 520 [6]
171 388 [3]
136 425 [1]
10 546 [6]
59 499 [4]
95 466 [1]
219 343 [0]
177 376 [9]
180 381 [1]
18 536 [9]
212 345 [6]
50 507 [6]
40 517 [6]
147 407 [9]
48 512 [3]
194 364 [5]
84 478 [1]
25 529 [9]
206 348 [9]
22 541 [0]
268 292 [4]
261 302 [1]
116 447 [1]
249 315 [0]
72 486 [6]
265 299 [0]
36 523 [6]
2 557 [6]
222 340 [3]
5 551 [9]
33 531 [1]
235 330 [0]
20 536 [9]
72 487 [6]
225 337 [3]
228 337 [1]
267 299 [0]
49 512 [5]
131 434 [1]
202 363 [1]
156 407 [3]
63 502 [1]
168 395 [3]
94 471 [1]
53 513 [1]
240 327 [0]
21 542 [4]
99 467 [1]
163 404 [1]
64 500 [4]
179 381 [9]
66 497 [6]
192 374 [3]
2 558 [9]
261 307 [1]
122 447 [1]
46 518 [6]
7 557 [6]
279 291 [0]
177 392 [1]
61 503 [6]
69 492 [9]
21 543 [6]
1 561 [8]
89 472 [9]
183 382 [6]
127 435 [9]
214 356 [1]
37 530 [4]
146 422 [3]
201 369 [1]
242 328 [1]
115 447 [9]
5 560 [6]
145 421 [5]
117 454 [1]
39 524 [9]
148 423 [1]
279 293 [0]
246 326 [0]
137 426 [9]
193 378 [1]
52 511 [9]
237 326 [9]
214 350 [9]
223 341 [9]
54 515 [4]
29 541 [3]
75 497 [1]
70 502 [1]
19 548 [6]
236 336 [1]
35 532 [6]
280 284 [9]
151 422 [1]
148 425 [1]
87 486 [1]
194 374 [6]
162 409 [3]
36 532 [6]
176 389 [9]
36 529 [9]
205 366 [3]
23 546 [6]
99 475 [1]
67 502 [6]
206 368 [1]
7 559 [9]
47 519 [9]
243 329 [3]
4 563 [9]
73 499 [4]
179 394 [3]
3 567 [6]
76 494 [6]
44 523 [9]
220 353 [3]
99 468 [9]
237 333 [6]
149 426 [1]
232 344 [0]
269 307 [0]
7 561 [8]
19 551 [6]
93 480 [3]
161 413 [3]
258 319 [0]
3 574 [0]
27 544 [6]
217 351 [9]
146 428 [3]
204 372 [1]
212 359 [6]
19 553 [6]
124 453 [1]
242 333 [3]
259 310 [9]
152 425 [1]
7 562 [9]
236 339 [3]
125 450 [3]
5 567 [6]
29 548 [1]
220 352 [6]
10 561 [8]
284 295 [0]
73 505 [1]
54 516 [9]
257 313 [9]
33 537 [9]
182 394 [3]
247 332 [0]
237 341 [1]
34 536 [9]
50 523 [6]
113 458 [9]
16 558 [6]
192 385 [3]
206 371 [3]
7 567 [6]
126 451 [3]
26 553 [1]
175 396 [9]
231 350 [0]
17 555 [9]
16 556 [9]
232 346 [3]
102 478 [1]
87 491 [3]
50 522 [9]
85 495 [1]
287 294 [0]
286 295 [0]
93 487 [1]
35 542 [4]
55 517 [9]
286 287 [9]
262 314 [6]
205 374 [3]
41 540 [1]
3 579 [0]
106 476 [1]
25 557 [1]
95 487 [1]
249 331 [3]
12 562 [9]
216 366 [1]
194 389 [0]
280 304 [0]
133 450 [1]
63 520 [1]
290 293 [1]
245 338 [1]
30 553 [1]
10 568 [6]
33 545 [6]
239 344 [1]
5 570 [9]
92 486 [6]
135 447 [3]
118 464 [3]
80 502 [3]
260 325 [0]
48 528 [9]
13 572 [0]
227 355 [3]
12 573 [0]
147 429 [9]
227 357 [1]
213 369 [3]
59 525 [1]
110 473 [3]
264 319 [3]
229 356 [1]
165 420 [1]
98 487 [1]
60 520 [6]
234 351 [1]
139 441 [6]
124 461 [1]
254 329 [3]
2 579 [6]
286 298 [3]
256 330 [1]
3 580 [4]
55 526 [6]
220 361 [6]
234 347 [6]
99 487 [1]
211 370 [6]
151 435 [1]
90 488 [9]
2 576 [9]
157 428 [3]
85 502 [1]
256 329 [3]
41 538 [9]
127 455 [6]
284 302 [3]
118 470 [1]
114 466 [9]
0 583 [6]
181 407 [1]
89 494 [6]
108 480 [1]
112 474 [3]
286 303 [1]
151 430 [9]
227 362 [1]
126 461 [3]
193 394 [3]
267 317 [6]
257 331 [3]
235 350 [6]
291 300 [0]
49 539 [3]
59 531 [1]
287 295 [9]
15 569 [8]
43 543 [6]
81 508 [3]
248 343 [1]
195 396 [1]
38 553 [1]
243 348 [1]
293 296 [3]
148 443 [1]
275 316 [1]
3 583 [6]
148 441 [3]
235 354 [3]
181 410 [1]
90 494 [9]
155 431 [7]
12 581 [0]
38 554 [1]
113 477 [3]
158 432 [3]
290 294 [9]
16 569 [8]
108 484 [1]
72 520 [1]
284 310 [0]
170 419 [5]
251 340 [3]
205 383 [6]
15 570 [9]
103 490 [1]
20 568 [6]
140 445 [9]
2 586 [6]
260 329 [5]
111 477 [6]
0 585 [9]
226 368 [1]
149 445 [1]
233 359 [3]
74 520 [1]
198 396 [1]
252 339 [5]
2 585 [9]
15 581 [0]
233 360 [3]
32 558 [6]
206 381 [9]
151 444 [1]
210 383 [3]
58 529 [9]
263 332 [1]
222 371 [3]
56 539 [1]
119 474 [3]
4 584 [9]
110 486 [1]
256 338 [3]
148 448 [1]
36 552 [9]
16 581 [0]
152 444 [1]
279 312 [6]
285 310 [3]
192 403 [3]
23 571 [4]
118 479 [1]
67 522 [9]
276 313 [9]
97 492 [9]
22 575 [1]
3 589 [6]
7 582 [9]
154 443 [1]
94 503 [1]
241 356 [1]
9 589 [1]
246 344 [9]
142 454 [3]
107 489 [3]
280 316 [3]
62 531 [6]
282 314 [3]
20 570 [9]
21 577 [1]
58 536 [6]
131 464 [5]
39 561 [0]
235 359 [6]
35 559 [6]
26 573 [1]
213 386 [1]
50 549 [1]
210 390 [1]
37 558 [6]
59 536 [6]
26 574 [1]
40 555 [6]
189 409 [3]
7 588 [6]
92 503 [6]
32 563 [6]
106 494 [1]
72 523 [6]
28 573 [0]
25 570 [6]
247 352 [3]
127 466 [9]
219 377 [6]
171 425 [6]
251 350 [1]
140 461 [1]
179 420 [3]
78 523 [1]
131 469 [3]
36 566 [1]
103 497 [3]
110 492 [1]
28 574 [1]
39 555 [9]
148 452 [3]
198 404 [1]
155 439 [9]
66 532 [6]
171 428 [5]
102 501 [1]
102 493 [9]
261 342 [1]
124 477 [3]
105 495 [5]
0 599 [6]
235 364 [6]
105 494 [6]
82 517 [6]
41 558 [6]
4 592 [9]
298 307 [0]
262 338 [6]
258 345 [3]
12 585 [9]
3 597 [6]
199 402 [5]
98 505 [3]
96 509 [1]
17 589 [0]
67 534 [6]
201 403 [3]
134 472 [1]
66 540 [1]
25 576 [6]
56 550 [1]
62 542 [4]
71 528 [9]
9 593 [6]
124 481 [3]
125 480 [3]
88 517 [3]
3 599 [6]
164 443 [1]
89 511 [9]
18 591 [0]
284 322 [3]
123 483 [3]
65 538 [6]
44 559 [6]
63 545 [1]
227 381 [1]
195 413 [1]
69 539 [1]
40 563 [6]
296 313 [1]
59 542 [9]
41 563 [6]
237 370 [3]
65 544 [1]
233 376 [1]
28 576 [6]
68 540 [3]
4 598 [9]
167 441 [3]
117 491 [3]
43 562 [6]
106 504 [1]
51 557 [3]
42 569 [0]
42 564 [6]
248 361 [3]
192 415 [5]
68 535 [9]
19 587 [6]
0 603 [9]
269 343 [0]
12 594 [6]
57 554 [1]
53 557 [3]
52 555 [6]
115 497 [1]
3 610 [0]
198 412 [3]
130 482 [1]
212 398 [3]
198 406 [9]
134 476 [3]
253 360 [0]
177 433 [3]
88 524 [1]
6 601 [6]
145 463 [5]
4 603 [6]
138 471 [5]
286 325 [3]
217 394 [3]
251 362 [1]
65 543 [6]
4 601 [9]
14 595 [6]
2 607 [6]
238 371 [6]
268 338 [9]
213 399 [3]
276 330 [9]
292 322 [1]
15 594 [6]
153 461 [1]
271 344 [0]
22 587 [6]
277 338 [0]
299 312 [5]
15 592 [9]
305 311 [0]
258 352 [6]
76 539 [1]
178 435 [3]
3 608 [6]
247 369 [1]
127 484 [6]
46 565 [6]
231 380 [6]
237 377 [3]
111 505 [1]
61 547 [9]
138 474 [5]
299 315 [3]
25 591 [1]
230 384 [3]
302 315 [0]
168 446 [3]
133 483 [1]
135 476 [6]
257 355 [5]
7 601 [9]
6 611 [1]
127 482 [9]
12 606 [0]
44 568 [6]
8 610 [0]
168 447 [3]
111 506 [1]
179 438 [1]
155 460 [3]
2 612 [4]
11 598 [9]
2 616 [0]
231 388 [0]
126 490 [3]
83 535 [1]
166 445 [9]
286 331 [3]
99 518 [3]
300 319 [1]
195 422 [3]
37 582 [1]
92 519 [9]
45 572 [3]
29 590 [1]
13 607 [0]
280 337 [3]
206 412 [3]
269 347 [5]
32 580 [9]
202 416 [3]
244 371 [6]
111 504 [6]
54 567 [0]
242 378 [1]
52 569 [0]
285 336 [0]
191 427 [3]
16 600 [6]
57 559 [6]
61 560 [1]
197 422 [3]
224 390 [9]
292 330 [1]
5 614 [4]
47 570 [6]
125 495 [3]
133 484 [6]
34 580 [9]
16 607 [0]
17 605 [1]
179 442 [3]
108 510 [6]
143 480 [1]
35 583 [6]
292 329 [3]
193 430 [1]
213 405 [6]
18 606 [0]
45 571 [9]
32 584 [9]
283 342 [0]
5 619 [1]
19 598 [9]
75 542 [9]
194 426 [6]
137 488 [1]
239 382 [5]
78 547 [1]
84 539 [3]
160 463 [3]
246 379 [1]
79 544 [3]
101 520 [5]
6 619 [1]
59 566 [1]
44 576 [6]
139 481 [6]
12 609 [6]
4 614 [9]
57 564 [6]
238 388 [1]
209 412 [6]
265 355 [7]
97 524 [6]
0 621 [6]
154 472 [1]
215 409 [3]
229 392 [6]
211 411 [6]
229 396 [3]
197 430 [1]
210 415 [3]
1 621 [6]
150 477 [1]
26 602 [1]
1 622 [6]
23 605 [1]
191 435 [3]
61 562 [6]
21 607 [1]
179 448 [3]
274 356 [0]
78 549 [3]
127 497 [6]
176 451 [3]
13 616 [1]
21 603 [6]
232 392 [6]
153 476 [1]
86 535 [9]
96 533 [1]
32 593 [6]
4 627 [0]
85 537 [9]
314 317 [0]
267 359 [5]
264 368 [0]
2 624 [6]
81 542 [9]
302 330 [0]
186 440 [6]
29 602 [1]
19 608 [6]
135 491 [7]
94 530 [9]
220 410 [3]
292 338 [3]
30 602 [1]
113 517 [3]
13 619 [1]
6 627 [0]
26 606 [1]
42 591 [1]
24 609 [1]
22 611 [1]
246 382 [6]
54 579 [1]
0 628 [6]
245 381 [9]
225 407 [3]
190 442 [3]
99 536 [1]
16 619 [1]
185 448 [3]
83 552 [1]
27 603 [6]
108 522 [6]
224 403 [9]
40 595 [1]
200 433 [3]
243 390 [3]
30 598 [9]
45 589 [3]
214 420 [3]
211 420 [6]
113 521 [3]
286 350 [1]
11 621 [6]
85 552 [1]
256 379 [3]
108 527 [3]
269 364 [5]
145 487 [6]
12 620 [6]
3 626 [9]
3 629 [6]
179 458 [1]
316 322 [0]
215 421 [3]
5 633 [1]
107 531 [1]
7 623 [9]
223 413 [3]
283 353 [3]
259 379 [1]
93 541 [5]
29 609 [1]
4 626 [9]
203 436 [1]
9 631 [0]
48 591 [1]
68 569 [4]
188 448 [5]
193 439 [9]
313 325 [3]
7 625 [9]
187 453 [1]
12 623 [6]
66 574 [1]
293 348 [0]
36 604 [1]
35 600 [6]
156 480 [5]
1 641 [0]
15 621 [6]
6 630 [6]
235 401 [6]
191 448 [3]
178 459 [5]
190 446 [6]
65 574 [3]
88 549 [5]
28 609 [6]
0 643 [0]
75 567 [1]
299 338 [6]
284 356 [3]
145 491 [7]
114 523 [6]
36 601 [6]
247 393 [3]
8 626 [9]
229 408 [6]
205 435 [3]
128 513 [3]
247 394 [3]
63 578 [3]
273 371 [0]
66 575 [3]
235 403 [6]
18 627 [0]
252 390 [3]
234 408 [3]
111 530 [4]
6 638 [1]
16 623 [6]
322 323 [0]
93 549 [3]
153 489 [3]
41 604 [1]
102 543 [1]
22 624 [0]
11 626 [9]
114 526 [6]
212 429 [6]
6 635 [6]
312 335 [0]
5 641 [1]
186 453 [9]
222 423 [3]
37 610 [1]
199 448 [1]
41 601 [6]
49 596 [3]
233 414 [1]
45 603 [1]
242 406 [1]
153 495 [1]
252 392 [5]
21 622 [6]
46 597 [6]
141 499 [9]
52 596 [1]
133 514 [3]
42 605 [3]
88 559 [3]
284 361 [5]
85 564 [1]
109 538 [3]
222 425 [3]
27 614 [9]
224 425 [1]
83 564 [3]
35 609 [6]
223 424 [3]
14 633 [3]
309 342 [0]
65 580 [6]
197 453 [1]
266 385 [0]
235 414 [3]
138 512 [2]
141 510 [1]
246 403 [3]
242 407 [3]
105 541 [7]
2 645 [6]
303 350 [0]
289 358 [6]
100 552 [1]
107 537 [9]
321 332 [0]
19 633 [1]
283 367 [3]
248 403 [3]
149 502 [3]
65 588 [1]
185 468 [1]
19 629 [6]
275 378 [1]
90 555 [9]
85 566 [3]
297 357 [0]
105 545 [5]
215 437 [3]
279 370 [6]
127 527 [1]
157 495 [3]
10 645 [0]
194 455 [7]
53 602 [1]
303 348 [5]
221 432 [3]
183 467 [6]
46 610 [0]
9 647 [0]
24 631 [1]
35 615 [6]
48 607 [1]
320 336 [0]
2 648 [6]
17 638 [1]
317 340 [0]
155 501 [1]
271 380 [6]
66 585 [6]
135 516 [6]
21 633 [3]
293 358 [6]
323 334 [0]
309 348 [0]
244 414 [0]
196 457 [5]
204 451 [3]
36 621 [1]
270 382 [6]
153 504 [1]
252 406 [0]
96 557 [5]
287 362 [9]
299 352 [7]
183 470 [5]
88 561 [9]
209 443 [6]
7 645 [6]
106 549 [3]
3 656 [0]
307 347 [5]
27 626 [6]
148 506 [5]
39 620 [0]
101 555 [3]
0 659 [0]
246 410 [3]
255 404 [0]
235 418 [6]
4 649 [6]
105 548 [7]
191 468 [1]
114 537 [9]
11 640 [9]
297 358 [5]
171 484 [5]
304 356 [1]
42 613 [6]
322 333 [6]
296 365 [0]
285 370 [6]
293 365 [3]
68 591 [3]
226 435 [1]
100 559 [3]
143 518 [1]
210 449 [3]
189 470 [3]
280 381 [1]
55 601 [6]
249 408 [6]
35 622 [6]
73 584 [6]
101 557 [5]
110 550 [3]
318 342 [3]
117 537 [9]
233 427 [3]
245 417 [1]
159 503 [1]
6 657 [0]
94 567 [3]
262 402 [0]
69 594 [1]
231 431 [2]
209 450 [5]
28 630 [6]
202 459 [3]
240 422 [2]
161 500 [3]
83 578 [3]
229 429 [6]
3 661 [0]
141 522 [1]
98 565 [1]
1 657 [6]
89 573 [3]
44 615 [6]
283 379 [3]
79 581 [5]
328 337 [0]
10 649 [6]
190 470 [5]
299 361 [5]
84 578 [3]
135 528 [3]
130 535 [1]
227 438 [1]
35 625 [6]
87 578 [1]
17 640 [9]
144 519 [3]
77 586 [3]
68 596 [3]
127 539 [1]
237 424 [6]
23 639 [6]
8 659 [1]
228 439 [1]
186 476 [6]
83 582 [3]
31 631 [6]
248 417 [3]
212 451 [5]
97 568 [3]
173 492 [3]
42 625 [1]
141 525 [3]
51 615 [3]
10 653 [6]
4 665 [0]
116 552 [1]
230 438 [1]
164 504 [1]
1 668 [0]
258 408 [3]
99 567 [3]
144 520 [5]
48 621 [1]
109 558 [3]
143 521 [6]
316 354 [0]
6 664 [0]
16 654 [0]
70 597 [3]
332 335 [3]
113 556 [1]
17 653 [0]
99 570 [1]
198 469 [3]
280 387 [3]
41 628 [1]
178 485 [7]
257 409 [5]
318 353 [0]
202 464 [5]
91 575 [5]
127 538 [6]
2 669 [0]
68 602 [1]
64 605 [3]
40 626 [6]
53 618 [1]
8 655 [9]
10 661 [1]
178 489 [5]
69 602 [1]
281 388 [3]
33 636 [3]
113 554 [5]
234 433 [5]
43 623 [6]
196 471 [5]
78 589 [5]
190 478 [5]
2 662 [9]
150 520 [3]
162 510 [1]
111 556 [6]
297 376 [0]
276 396 [1]
266 400 [8]
82 591 [1]
296 378 [0]
22 646 [6]
4 670 [0]
141 533 [1]
64 610 [1]
10 665 [0]
180 490 [5]
9 665 [1]
98 576 [1]
6 663 [6]
141 531 [3]
84 589 [3]
166 509 [1]
12 664 [0]
311 359 [6]
327 344 [5]
227 446 [3]
49 624 [3]
17 659 [1]
119 553 [5]
198 476 [3]
313 363 [1]
59 617 [1]
133 535 [9]
154 522 [1]
86 585 [6]
213 459 [5]
13 658 [6]
200 474 [3]
112 562 [3]
190 483 [5]
130 545 [3]
222 453 [3]
254 418 [6]
93 584 [1]
60 617 [1]
42 633 [3]
203 474 [1]
198 478 [3]
196 478 [5]
88 588 [3]
63 611 [5]
253 426 [0]
7 663 [9]
69 609 [1]
123 553 [3]
155 521 [3]
71 606 [3]
43 631 [6]
206 471 [3]
10 670 [0]
36 643 [1]
64 615 [1]
150 529 [1]
198 479 [3]
218 457 [5]
76 598 [6]
44 630 [6]
245 434 [1]
162 517 [1]
324 350 [6]
47 632 [1]
334 343 [3]
288 393 [0]
63 612 [6]
295 380 [6]
139 541 [1]
104 574 [3]
261 415 [5]
24 654 [3]
13 662 [6]
45 635 [1]
260 415 [7]
7 669 [6]
18 664 [0]
152 527 [3]
45 637 [1]
263 414 [6]
312 371 [0]
3 676 [4]
234 443 [6]
52 625 [6]
173 507 [3]
284 393 [6]
78 602 [3]
23 660 [0]
87 595 [1]
70 610 [3]
83 597 [3]
36 647 [1]
76 605 [3]
26 652 [6]
135 544 [5]
133 542 [9]
2 678 [4]
30 653 [1]
239 440 [5]
174 510 [1]
139 537 [9]
103 577 [5]
255 430 [0]
304 378 [3]
34 650 [1]
26 656 [3]
296 384 [5]
223 459 [3]
91 593 [1]
269 409 [7]
97 586 [3]
1 679 [6]
232 449 [5]
0 686 [0]
201 482 [3]
187 496 [3]
44 637 [6]
58 628 [1]
141 537 [9]
232 450 [5]
120 564 [3]
320 367 [0]
308 380 [0]
110 569 [9]
306 382 [0]
127 560 [1]
300 388 [0]
233 452 [3]
239 443 [6]
266 417 [5]
136 550 [3]
111 575 [3]
156 530 [3]
245 441 [3]
108 580 [1]
303 386 [0]
180 504 [5]
34 649 [6]
108 578 [3]
236 450 [3]
170 516 [3]
279 404 [6]
152 534 [3]
182 504 [3]
106 582 [1]
18 666 [6]
332 357 [1]
275 414 [1]
51 636 [3]
121 566 [3]
2 682 [6]
10 674 [6]
12 677 [1]
261 426 [3]
44 647 [0]
227 459 [5]
12 679 [0]
341 351 [0]
162 529 [1]
85 604 [3]
143 543 [6]
153 530 [9]
269 418 [6]
230 462 [1]
161 529 [3]
0 693 [0]
21 671 [1]
73 617 [3]
2 685 [6]
57 633 [3]
98 594 [1]
168 522 [3]
282 405 [6]
53 638 [3]
295 393 [6]
172 521 [1]
116 573 [5]
18 675 [1]
236 455 [3]
0 695 [0]
29 661 [5]
141 551 [3]
4 691 [0]
52 637 [6]
310 380 [6]
215 478 [3]
307 384 [5]
247 446 [3]
195 500 [1]
33 660 [3]
255 436 [5]
94 599 [3]
253 443 [0]
273 424 [0]
28 668 [1]
2 695 [0]
101 591 [5]
124 570 [3]
271 421 [5]
56 638 [3]
75 621 [1]
301 396 [0]
178 516 [3]
265 427 [5]
6 685 [6]
247 448 [3]
70 625 [3]
96 599 [3]
270 425 [3]
246 446 [6]
174 521 [3]
307 388 [3]
21 677 [1]
154 540 [5]
171 523 [5]
237 456 [6]
53 640 [6]
18 678 [4]
20 674 [6]
70 627 [3]
193 502 [5]
13 687 [0]
272 428 [0]
240 460 [0]
331 369 [0]
34 665 [1]
42 657 [1]
74 626 [1]
96 602 [3]
314 387 [0]
57 641 [3]
114 586 [1]
78 620 [3]
155 543 [3]
181 517 [3]
231 463 [7]
7 694 [0]
44 657 [0]
302 393 [6]
6 690 [6]
269 431 [2]
243 454 [5]
270 429 [3]
277 426 [0]
130 568 [5]
197 503 [3]
113 587 [3]
71 629 [3]
149 551 [3]
63 639 [1]
53 649 [1]
323 374 [6]
131 567 [5]
124 576 [3]
123 571 [9]
282 418 [3]
156 540 [7]
146 553 [5]
274 424 [6]
84 617 [3]
31 672 [1]
291 407 [6]
209 490 [5]
8 690 [6]
139 559 [6]
142 561 [1]
264 433 [7]
108 595 [1]
109 593 [3]
79 623 [3]
56 648 [1]
170 532 [3]
27 675 [3]
317 387 [1]
98 604 [3]
21 685 [0]
114 591 [1]
159 544 [3]
48 657 [1]
4 702 [0]
139 566 [1]
329 377 [0]
25 682 [0]
106 600 [1]
97 609 [1]
97 605 [5]
51 653 [3]
220 481 [6]
316 388 [3]
46 652 [9]
53 651 [3]
194 506 [7]
3 704 [0]
328 379 [0]
352 355 [0]
141 565 [1]
20 687 [0]
313 391 [3]
2 699 [6]
84 619 [5]
301 407 [0]
278 430 [0]
93 614 [1]
133 572 [3]
101 602 [5]
203 502 [3]
298 404 [6]
215 493 [1]
13 690 [6]
265 437 [7]
163 543 [3]
254 449 [6]
313 393 [3]
36 672 [1]
198 506 [5]
4 699 [6]
137 571 [1]
119 587 [3]
12 696 [1]
308 401 [0]
10 700 [0]
105 600 [5]
176 531 [3]
143 566 [1]
106 603 [1]
341 364 [6]
21 689 [1]
0 711 [0]
328 377 [6]
57 651 [3]
105 605 [2]
26 685 [1]
142 569 [1]
47 664 [1]
143 568 [1]
3 703 [6]
27 684 [1]
348 359 [6]
233 475 [5]
126 584 [3]
101 605 [7]
2 711 [0]
40 670 [3]
3 710 [0]
112 597 [5]
2 712 [0]
259 452 [3]
43 670 [1]
2 706 [6]
254 455 [5]
4 710 [0]
36 677 [1]
263 445 [6]
25 683 [6]
27 678 [9]
89 625 [1]
193 519 [3]
4 711 [0]
281 434 [0]
76 636 [3]
119 593 [3]
28 678 [9]
290 423 [3]
161 552 [3]
306 402 [8]
86 629 [1]
36 679 [1]
58 657 [1]
115 600 [1]
217 496 [3]
333 378 [5]
155 558 [3]
11 705 [1]
217 497 [3]
153 563 [1]
58 658 [1]
318 399 [0]
144 568 [5]
147 567 [3]
273 444 [0]
97 617 [3]
96 618 [3]
280 434 [3]
349 369 [0]
214 501 [3]
1 717 [0]
238 475 [5]
270 445 [3]
277 441 [0]
14 703 [1]
141 574 [3]
39 679 [0]
165 551 [3]
131 583 [5]
114 604 [1]
21 697 [1]
176 542 [1]
95 621 [3]
207 507 [5]
35 684 [0]
267 447 [5]
266 453 [0]
317 397 [5]
180 534 [5]
73 641 [5]
74 642 [3]
166 551 [3]
56 661 [3]
147 569 [4]
54 665 [1]
267 448 [5]
97 622 [1]
215 502 [3]
100 617 [3]
31 683 [6]
59 655 [6]
104 611 [5]
112 604 [5]
250 464 [7]
175 543 [3]
2 713 [6]
191 525 [5]
196 522 [3]
329 392 [0]
79 639 [3]
14 706 [1]
75 643 [3]
284 434 [3]
186 534 [1]
294 424 [3]
83 634 [5]
163 554 [5]
250 466 [6]
79 638 [5]
331 385 [6]
223 496 [3]
226 491 [5]
273 450 [0]
321 400 [2]
217 503 [3]
83 633 [7]
2 715 [6]
6 717 [0]
320 397 [6]
3 720 [0]
10 713 [0]
20 703 [0]
9 714 [0]
243 473 [7]
221 501 [1]
42 681 [1]
170 551 [3]
5 719 [0]
220 501 [3]
315 407 [3]
2 723 [0]
184 538 [3]
49 671 [5]
140 582 [3]
45 675 [5]
206 512 [7]
96 626 [3]
55 669 [1]
255 470 [0]
345 380 [0]
275 444 [6]
264 456 [5]
337 389 [0]
312 411 [3]
34 692 [0]
270 453 [3]
94 630 [3]
55 666 [6]
341 386 [0]
106 616 [5]
66 660 [1]
26 700 [1]
55 671 [1]
213 512 [2]
6 720 [1]
281 441 [5]
105 615 [7]
174 551 [3]
0 728 [0]
308 420 [0]
81 642 [5]
52 667 [9]
356 372 [0]
100 625 [3]
69 656 [3]
212 510 [6]
15 713 [0]
74 651 [3]
101 622 [5]
128 600 [1]
67 661 [1]
253 469 [7]
193 533 [3]
213 510 [6]
29 695 [5]
280 443 [6]
331 398 [0]
2 721 [6]
272 457 [0]
40 686 [3]
104 624 [1]
281 444 [5]
151 574 [5]
70 657 [3]
179 546 [5]
3 721 [6]
48 681 [1]
0 724 [6]
254 471 [5]
83 643 [5]
293 433 [5]
246 480 [5]
130 596 [5]
9 722 [0]
24 706 [1]
2 729 [0]
246 482 [3]
199 527 [5]
297 429 [5]
96 632 [3]
324 407 [0]
49 681 [1]
249 477 [5]
291 435 [6]
170 557 [5]
266 466 [0]
134 595 [3]
80 649 [3]
167 560 [5]
168 557 [7]
6 725 [1]
351 381 [0]
128 603 [1]
59 671 [3]
248 482 [3]
69 661 [3]
180 547 [6]
360 367 [6]
238 490 [5]
358 375 [0]
315 412 [6]
329 402 [2]
1 732 [0]
318 410 [5]
227 502 [5]
127 606 [1]
183 545 [6]
216 513 [5]
132 601 [1]
259 470 [5]
281 448 [5]
213 515 [6]
36 698 [1]
199 531 [5]
215 519 [1]
300 428 [7]
15 719 [1]
264 472 [0]
22 708 [6]
183 546 [7]
337 394 [5]
2 734 [0]
48 687 [1]
200 535 [1]
340 396 [0]
171 559 [7]
17 720 [0]
50 678 [9]
281 449 [7]
220 511 [6]
155 577 [5]
263 467 [7]
223 511 [3]
314 418 [5]
106 628 [3]
74 661 [3]
289 443 [6]
64 673 [1]
183 550 [5]
120 615 [3]
182 553 [3]
115 622 [1]
12 726 [0]
318 414 [6]
175 560 [3]
255 483 [0]
355 378 [5]
101 632 [5]
317 416 [5]
147 590 [1]
138 598 [3]
144 592 [3]
89 649 [1]
70 666 [3]
11 722 [6]
63 673 [3]
158 580 [1]
41 697 [1]
45 691 [3]
244 490 [5]
331 403 [6]
59 680 [1]
19 715 [6]
298 436 [6]
180 555 [5]
6 734 [1]
59 681 [1]
261 473 [7]
44 696 [1]
12 728 [1]
167 571 [3]
125 613 [3]
130 606 [5]
28 708 [6]
191 546 [5]
238 498 [6]
44 698 [0]
207 529 [6]
92 649 [1]
55 686 [1]
44 695 [3]
15 721 [6]
45 694 [3]
100 638 [5]
22 720 [1]
255 481 [7]
250 487 [6]
362 381 [0]
262 476 [5]
294 446 [3]
10 733 [0]
351 389 [3]
20 718 [6]
1 737 [6]
151 590 [3]
12 731 [1]
364 380 [0]
110 631 [3]
302 437 [5]
64 677 [3]
299 441 [5]
21 723 [1]
26 718 [1]
19 725 [1]
18 721 [6]
2 737 [6]
55 690 [0]
188 551 [7]
212 527 [7]
36 709 [1]
0 740 [6]
33 710 [3]
223 518 [5]
284 456 [6]
218 523 [5]
219 520 [7]
160 583 [3]
25 721 [0]
11 735 [0]
131 612 [3]
338 400 [8]
5 742 [0]
70 676 [1]
163 579 [5]
58 683 [6]
373 374 [0]
208 534 [5]
112 630 [5]
12 735 [0]
357 390 [0]
107 640 [1]
283 462 [3]
201 540 [7]
224 523 [1]
250 491 [7]
357 388 [3]
48 699 [1]
14 733 [1]
188 560 [0]
46 701 [1]
158 587 [3]
49 697 [3]
134 610 [5]
210 534 [5]
60 683 [6]
307 436 [6]
336 408 [5]
47 702 [1]
351 394 [5]
153 594 [3]
18 732 [0]
2 739 [9]
372 379 [0]
341 406 [4]
136 614 [1]
303 442 [6]
147 598 [6]
263 482 [6]
166 582 [3]
112 634 [5]
228 518 [5]
31 714 [6]
315 432 [5]
172 571 [9]
213 534 [5]
263 484 [5]
15 736 [1]
170 575 [7]
4 739 [9]
111 638 [3]
220 529 [3]
250 497 [5]
133 618 [1]
27 723 [3]
39 708 [6]
128 622 [3]
282 464 [7]
4 749 [0]
312 441 [0]
255 498 [0]
178 570 [5]
223 525 [5]
119 629 [5]
121 629 [3]
21 731 [1]
63 687 [3]
89 659 [5]
183 565 [5]
97 654 [3]
11 742 [1]
163 586 [5]
242 507 [5]
341 407 [6]
359 395 [0]
246 503 [5]
98 653 [3]
70 683 [1]
265 484 [5]
154 596 [5]
10 745 [0]
114 638 [3]
332 420 [3]
231 519 [5]
262 488 [5]
12 743 [0]
251 501 [3]
130 623 [3]
217 536 [3]
294 459 [3]
366 390 [0]
284 466 [6]
197 556 [3]
30 723 [3]
279 470 [7]
22 734 [1]
81 673 [3]
51 703 [3]
68 686 [3]
198 554 [5]
21 735 [1]
25 729 [3]
221 535 [1]
15 743 [0]
59 696 [3]
21 736 [1]
238 513 [7]
281 470 [7]
4 755 [0]
173 581 [5]
201 552 [6]
34 724 [1]
13 746 [0]
257 499 [3]
95 663 [1]
225 527 [7]
262 490 [7]
38 720 [1]
321 431 [7]
278 474 [7]
125 629 [5]
131 623 [5]
53 704 [3]
52 705 [3]
187 570 [3]
282 473 [5]
339 421 [0]
376 381 [3]
235 519 [6]
202 553 [5]
80 675 [5]
258 497 [5]
187 568 [5]
174 584 [3]
262 499 [0]
199 557 [5]
63 693 [5]
235 521 [5]
30 730 [1]
269 487 [5]
108 650 [3]
33 727 [1]
36 724 [1]
1 760 [0]
152 606 [3]
119 640 [3]
313 443 [6]
153 604 [5]
310 446 [6]
35 727 [0]
77 682 [3]
4 758 [0]
48 714 [1]
127 633 [3]
229 527 [7]
208 552 [3]
242 514 [7]
177 583 [3]
365 398 [0]
52 710 [1]
293 463 [7]
380 383 [0]
56 706 [1]
28 735 [1]
314 445 [5]
88 669 [7]
30 731 [3]
263 496 [5]
164 596 [5]
348 412 [5]
54 710 [1]
192 568 [5]
201 559 [5]
76 688 [1]
47 717 [1]
4 761 [0]
88 676 [1]
272 489 [4]
251 508 [7]
5 761 [0]
172 591 [3]
6 760 [0]
150 611 [5]
250 510 [6]
227 537 [3]
204 558 [5]
218 544 [5]
222 542 [3]
130 632 [5]
289 473 [5]
310 452 [5]
111 654 [3]
35 732 [1]
328 434 [6]
24 738 [6]
362 406 [0]
175 590 [3]
100 667 [1]
338 426 [5]
38 730 [1]
191 573 [5]
11 758 [0]
36 732 [1]
328 436 [5]
116 652 [1]
65 701 [3]
182 584 [3]
158 607 [5]
144 621 [5]
191 576 [3]
20 749 [1]
154 613 [3]
269 496 [5]
354 410 [6]
3 767 [0]
284 481 [5]
131 633 [7]
204 562 [5]
133 637 [1]
80 688 [3]
257 512 [2]
4 767 [0]
241 525 [5]
244 522 [5]
208 558 [5]
81 687 [3]
280 486 [5]
176 592 [3]
265 501 [5]
368 404 [0]
68 703 [1]
105 660 [7]
323 444 [5]
201 566 [5]
279 488 [5]
7 759 [6]
8 764 [0]
124 641 [7]
88 679 [5]
32 740 [0]
243 525 [5]
261 507 [5]
352 421 [0]
218 550 [5]
18 755 [0]
74 696 [3]
187 579 [7]
172 600 [1]
183 584 [6]
42 730 [1]
290 478 [5]
242 529 [3]
329 445 [0]
179 592 [3]
9 765 [0]
150 621 [3]
30 744 [1]
274 496 [5]
65 709 [1]
326 446 [3]
45 727 [3]
162 612 [1]
384 386 [5]
189 581 [5]
189 583 [3]
65 707 [3]
365 404 [6]
366 406 [3]
288 486 [2]
136 637 [3]
32 743 [1]
172 603 [1]
384 392 [0]
327 449 [0]
142 627 [7]
261 509 [6]
46 730 [0]
295 476 [5]
128 646 [3]
77 695 [5]
104 667 [6]
116 656 [5]
363 414 [0]
338 432 [7]
245 527 [5]
185 587 [5]
22 755 [0]
31 746 [0]
163 610 [5]
133 642 [3]
40 737 [1]
6 772 [0]
381 391 [6]
233 542 [3]
62 716 [1]
120 654 [5]
255 524 [0]
84 692 [3]
167 605 [7]
152 626 [1]
102 674 [3]
106 668 [5]
254 520 [5]
97 677 [5]
338 441 [0]
297 475 [7]
12 766 [1]
264 514 [2]
346 434 [0]
203 574 [3]
71 706 [3]
75 702 [3]
270 504 [6]
281 494 [5]
82 695 [3]
230 547 [3]
292 483 [5]
6 774 [1]
126 650 [5]
223 553 [5]
376 399 [6]
119 657 [5]
245 531 [5]
94 684 [3]
120 656 [5]
6 776 [0]
374 400 [8]
118 663 [1]
82 697 [3]
308 467 [7]
81 698 [3]
359 423 [0]
5 768 [9]
164 611 [7]
169 612 [1]
1 775 [6]
38 742 [3]
373 410 [0]
370 413 [0]
8 769 [6]
28 755 [0]
165 611 [7]
162 618 [3]
152 628 [3]
277 506 [0]
48 733 [3]
126 651 [7]
42 741 [1]
354 425 [5]
63 718 [3]
84 697 [3]
75 706 [3]
175 606 [3]
256 523 [5]
155 624 [5]
278 501 [5]
153 628 [3]
328 452 [5]
229 549 [7]
307 472 [6]
146 634 [5]
171 607 [7]
335 445 [5]
127 657 [1]
288 495 [2]
265 515 [5]
84 696 [5]
380 401 [5]
391 395 [0]
315 464 [7]
301 478 [7]
117 666 [3]
356 424 [6]
5 781 [0]
375 411 [0]
113 668 [5]
320 461 [5]
134 649 [3]
31 754 [1]
256 524 [6]
101 680 [5]
198 585 [3]
323 457 [7]
6 780 [1]
231 549 [7]
255 532 [0]
306 479 [2]
147 639 [1]
25 761 [1]
126 654 [7]
2 785 [0]
95 689 [3]
75 709 [3]
140 644 [3]
71 713 [3]
125 656 [7]
359 429 [0]
87 698 [3]
70 715 [3]
43 739 [6]
103 682 [3]
385 403 [0]
204 577 [7]
213 570 [5]
128 657 [3]
61 725 [3]
301 481 [7]
25 763 [1]
296 491 [2]
333 456 [0]
76 710 [3]
236 550 [3]
212 575 [2]
36 750 [3]
265 519 [5]
8 781 [0]
352 437 [0]
125 662 [3]
25 765 [0]
138 645 [7]
365 420 [5]
37 750 [3]
260 523 [7]
124 663 [3]
368 415 [7]
53 734 [3]
3 787 [0]
280 505 [5]
306 484 [0]
205 578 [7]
106 683 [1]
205 579 [7]
353 438 [0]
229 556 [6]
247 539 [5]
266 525 [0]
82 708 [1]
66 724 [1]
12 778 [1]
360 426 [5]
298 488 [5]
226 560 [5]
77 711 [3]
127 663 [1]
342 444 [5]
91 697 [3]
28 762 [1]
1 791 [0]
35 751 [6]
82 707 [3]
128 663 [1]
17 775 [0]
18 768 [6]
246 540 [7]
17 776 [0]
4 789 [0]
219 572 [2]
344 444 [5]
387 401 [5]
385 400 [8]
1 792 [0]
0 784 [9]
207 580 [6]
129 662 [3]
124 665 [5]
302 485 [7]
24 769 [1]
281 513 [0]
339 455 [0]
323 466 [5]
292 499 [3]
244 543 [7]
19 774 [1]
278 514 [2]
274 513 [7]
315 475 [5]
130 660 [5]
75 717 [3]
62 732 [1]
58 734 [3]
199 591 [5]
373 415 [7]
22 773 [0]
11 783 [1]
235 553 [7]
87 706 [3]
43 753 [0]
394 395 [7]
334 462 [0]
203 593 [1]
283 512 [2]
102 692 [3]
78 712 [7]
215 577 [5]
107 687 [3]
21 775 [1]
4 793 [0]
155 636 [7]
278 520 [0]
363 428 [7]
23 774 [1]
95 700 [3]
38 757 [3]
29 766 [3]
180 613 [5]
17 780 [1]
53 742 [3]
63 732 [3]
20 777 [1]
278 515 [5]
266 533 [0]
363 430 [6]
25 768 [6]
160 634 [5]
321 473 [5]
63 733 [3]
184 610 [5]
234 560 [5]
255 544 [0]
122 672 [5]
153 641 [5]
395 402 [2]
152 642 [5]
151 643 [5]
288 504 [7]
229 565 [5]
309 486 [5]
156 639 [5]
390 405 [5]
304 489 [7]
88 707 [5]
354 441 [5]
371 424 [5]
77 720 [3]
216 577 [7]
183 610 [7]
312 488 [0]
18 782 [1]
269 525 [7]
118 680 [3]
253 546 [2]
399 402 [0]
280 515 [6]
347 454 [0]
138 658 [5]
297 497 [7]
27 768 [6]
330 468 [3]
112 684 [5]
361 440 [0]
40 758 [3]
289 507 [5]
241 554 [7]
125 672 [5]
12 784 [6]
354 442 [6]
124 673 [5]
348 449 [5]
45 754 [3]
12 789 [1]
253 542 [7]
37 765 [1]
152 648 [3]
26 776 [1]
62 741 [0]
345 453 [5]
234 565 [5]
112 687 [5]
146 651 [7]
229 570 [5]
181 616 [7]
251 548 [5]
218 579 [7]
129 668 [7]
51 748 [5]
276 523 [6]
173 627 [5]
70 732 [3]
9 795 [1]
134 666 [5]
161 639 [5]
186 616 [3]
247 555 [3]
156 644 [5]
275 528 [3]
36 769 [1]
14 789 [3]
231 568 [7]
181 620 [5]
329 472 [5]
239 562 [5]
32 768 [6]
301 505 [0]
164 640 [3]
27 779 [1]
287 517 [3]
68 736 [3]
62 744 [1]
368 432 [7]
195 607 [5]
56 748 [3]
66 740 [1]
111 693 [3]
174 628 [5]
399 400 [8]
92 715 [1]
190 612 [6]
252 549 [7]
131 670 [7]
261 540 [7]
294 511 [3]
372 430 [6]
222 579 [7]
70 734 [5]
73 733 [3]
64 744 [1]
9 799 [1]
372 432 [5]
70 736 [3]
313 493 [3]
213 589 [7]
144 660 [5]
387 417 [5]
288 514 [8]
397 413 [0]
260 543 [7]
229 574 [7]
223 584 [3]
43 766 [1]
26 781 [3]
96 709 [5]
340 470 [0]
206 599 [5]
223 582 [5]
41 769 [1]
364 447 [0]
148 658 [5]
261 545 [5]
65 743 [3]
121 687 [3]
302 504 [5]
26 783 [3]
21 790 [1]
260 545 [7]
387 420 [5]
132 675 [5]
162 645 [5]
372 434 [6]
226 581 [5]
229 577 [7]
257 549 [7]
133 675 [5]
96 714 [3]
66 738 [9]
8 796 [9]
144 664 [5]
67 746 [1]
92 721 [1]
358 456 [0]
240 566 [8]
397 417 [0]
346 468 [0]
267 548 [0]
216 594 [5]
229 580 [6]
358 457 [0]
211 597 [7]
20 794 [1]
386 423 [6]
314 502 [0]
28 787 [1]
404 406 [6]
126 685 [5]
43 772 [1]
187 624 [5]
258 552 [6]
208 603 [5]
42 768 [6]
210 601 [5]
301 514 [2]
389 421 [7]
76 740 [1]
324 493 [0]
359 451 [7]
401 416 [0]
42 772 [3]
217 595 [5]
188 629 [0]
64 750 [3]
49 766 [3]
117 698 [3]
84 729 [5]
203 614 [1]
169 646 [3]
376 437 [5]
165 652 [1]
209 602 [7]
72 738 [9]
314 505 [0]
185 627 [7]
170 642 [7]
314 499 [6]
113 702 [5]
378 437 [5]
70 747 [3]
338 475 [7]
97 720 [3]
139 680 [1]
330 483 [7]
241 573 [7]
225 589 [7]
331 483 [7]
190 624 [7]
199 617 [5]
120 696 [5]
300 515 [6]
382 434 [5]
363 458 [0]
75 743 [3]
201 615 [5]
100 716 [5]
123 694 [5]
375 440 [7]
364 451 [7]
278 544 [0]
386 430 [6]
272 546 [4]
22 799 [1]
312 510 [0]
59 762 [1]
60 761 [1]
48 771 [3]
16 798 [9]
158 660 [5]
37 783 [3]
298 518 [7]
66 756 [1]
191 628 [5]
269 548 [7]
245 576 [3]
26 795 [3]
161 658 [5]
245 572 [7]
122 697 [5]
46 777 [1]
41 782 [1]
274 543 [7]
85 738 [1]
148 676 [1]
56 766 [3]
30 792 [3]
230 590 [5]
240 577 [8]
304 515 [6]
120 700 [5]
387 438 [0]
21 798 [6]
391 435 [0]
174 649 [3]
290 531 [5]
24 796 [6]
397 424 [5]
56 767 [3]
326 495 [5]
117 706 [3]
76 747 [3]
150 674 [3]
149 673 [5]
179 641 [7]
209 616 [2]
159 667 [1]
328 493 [6]
105 715 [7]
102 722 [3]
322 500 [6]
170 653 [5]
159 666 [3]
162 663 [3]
176 647 [5]
36 789 [3]
326 497 [5]
172 655 [1]
56 770 [3]
411 418 [0]
234 590 [5]
204 620 [5]
389 434 [6]
236 588 [5]
192 632 [5]
252 575 [2]
120 705 [5]
81 746 [3]
267 556 [7]
249 579 [2]
397 426 [7]
315 509 [6]
377 453 [0]
410 414 [6]
163 662 [5]
401 422 [7]
182 641 [7]
169 656 [5]
118 709 [3]
49 779 [3]
276 550 [5]
261 565 [5]
145 681 [5]
161 667 [3]
201 625 [5]
293 531 [7]
59 770 [3]
284 541 [7]
98 729 [5]
194 636 [2]
42 787 [3]
221 608 [3]
95 732 [5]
307 518 [7]
394 438 [0]
159 669 [5]
62 770 [1]
218 608 [7]
43 790 [0]
220 606 [7]
45 785 [3]
286 540 [7]
251 575 [7]
361 470 [2]
208 620 [5]
410 423 [0]
342 486 [5]
38 792 [3]
46 786 [1]
169 659 [5]
97 731 [5]
72 758 [3]
41 791 [1]
40 790 [3]
372 456 [6]
77 754 [3]
284 545 [5]
301 528 [5]
368 464 [2]
236 595 [3]
187 641 [7]
408 427 [0]
282 546 [7]
288 547 [0]
115 717 [3]
176 654 [5]
392 443 [0]
33 799 [3]
292 539 [5]
356 473 [7]
90 745 [1]
120 711 [5]
90 740 [6]
144 687 [5]
162 670 [5]
139 695 [3]
73 761 [3]
167 667 [3]
171 660 [7]
201 632 [5]
88 745 [5]
407 426 [5]
180 656 [2]
49 786 [3]
376 462 [0]
137 698 [3]
119 712 [7]
85 748 [5]
159 675 [5]
106 728 [5]
277 560 [2]
186 650 [3]
401 432 [7]
114 723 [3]
254 579 [7]
353 487 [0]
240 600 [0]
280 555 [5]
109 726 [5]
397 438 [5]
336 497 [7]
66 773 [1]
91 746 [3]
123 713 [5]
406 429 [6]
173 663 [5]
110 726 [5]
183 652 [6]
136 700 [5]
150 686 [5]
140 696 [5]
400 433 [9]
333 509 [0]
261 576 [5]
118 719 [5]
88 751 [3]
55 788 [0]
91 751 [1]
206 632 [5]
139 701 [3]
260 575 [8]
269 572 [2]
143 700 [1]
293 544 [7]
175 664 [5]
132 707 [5]
335 509 [0]
363 477 [5]
268 576 [1]
147 693 [5]
343 495 [7]
352 485 [8]
198 644 [3]
145 694 [7]
307 533 [6]
107 734 [5]
231 608 [7]
243 596 [7]
407 431 [8]
358 488 [0]
378 462 [6]
405 441 [0]
184 658 [5]
123 719 [5]
58 788 [1]
205 637 [5]
195 649 [3]
54 792 [1]
57 787 [3]
194 651 [2]
97 745 [5]
349 499 [0]
415 433 [0]
298 545 [5]
186 660 [3]
211 631 [7]
178 669 [2]
196 648 [5]
310 534 [5]
316 526 [7]
414 428 [7]
246 596 [7]
203 644 [3]
409 434 [7]
254 589 [7]
244 606 [0]
334 511 [5]
239 604 [7]
338 513 [0]
386 462 [3]
335 512 [4]
146 700 [5]
406 440 [5]
59 789 [3]
249 595 [7]
351 495 [5]
52 799 [1]
294 553 [5]
121 726 [5]
289 558 [5]
311 536 [5]
211 634 [7]
350 499 [3]
157 690 [5]
134 713 [5]
171 674 [7]
370 482 [0]
139 710 [3]
296 554 [2]
200 645 [7]
367 479 [7]
392 454 [7]
74 776 [3]
304 544 [5]
75 776 [3]
215 634 [5]
64 784 [6]
397 457 [0]
284 565 [5]
210 638 [7]
377 471 [7]
389 459 [7]
416 431 [8]
325 530 [0]
89 763 [3]
129 721 [5]
394 461 [0]
194 659 [2]
322 526 [7]
279 571 [6]
82 771 [3]
198 651 [7]
187 664 [5]
178 673 [5]
371 478 [7]
344 505 [7]
72 781 [3]
105 749 [2]
54 796 [6]
170 682 [5]
213 639 [5]
61 793 [3]
412 445 [0]
93 757 [7]
296 556 [5]
164 689 [5]
329 527 [2]
230 623 [5]
382 476 [0]
213 640 [5]
103 753 [3]
424 435 [0]
202 650 [7]
216 636 [7]
244 608 [7]
145 712 [2]
289 565 [5]
316 537 [6]
322 533 [5]
192 663 [5]
360 500 [0]
243 610 [7]
167 688 [5]
318 537 [5]
78 777 [5]
243 616 [2]
78 778 [5]
339 520 [2]
258 596 [7]
154 702 [5]
99 758 [5]
184 673 [5]
258 599 [5]
232 623 [7]
395 460 [7]
247 612 [3]
272 582 [8]
307 554 [2]
240 623 [0]
272 583 [8]
263 600 [0]
242 619 [2]
187 669 [7]
423 433 [7]
362 497 [5]
367 490 [7]
281 576 [7]
112 745 [7]
162 699 [3]
301 556 [7]
350 508 [7]
105 758 [2]
127 737 [1]
115 747 [3]
111 753 [1]
426 431 [8]
107 755 [3]
291 567 [7]
145 714 [7]
344 516 [6]
274 585 [7]
405 459 [2]
189 672 [5]
223 636 [7]
336 523 [7]
350 510 [6]
131 729 [7]
82 784 [1]
96 768 [3]
167 693 [7]
399 468 [0]
160 702 [5]
174 686 [7]
103 759 [5]
334 528 [5]
179 683 [5]
83 780 [5]
250 616 [2]
104 759 [5]
198 667 [3]
87 778 [3]
181 682 [5]
81 784 [3]
89 776 [3]
390 471 [7]
338 530 [0]
405 458 [5]
392 474 [2]
127 741 [1]
83 781 [5]
353 511 [5]
217 645 [7]
170 693 [7]
203 664 [3]
256 609 [5]
424 446 [0]
79 786 [5]
207 661 [2]
164 701 [5]
381 484 [5]
73 794 [3]
304 560 [7]
160 704 [7]
71 795 [5]
250 619 [2]
372 494 [5]
167 699 [5]
328 538 [5]
82 787 [3]
205 662 [5]
121 746 [5]
370 502 [0]
112 756 [5]
345 528 [0]
300 566 [7]
273 593 [7]
411 455 [7]
194 679 [0]
288 577 [8]
189 680 [5]
163 708 [3]
91 778 [5]
409 465 [0]
305 569 [0]
169 700 [5]
122 747 [5]
354 515 [5]
344 526 [5]
383 492 [0]
73 799 [3]
336 532 [7]
117 755 [3]
93 779 [3]
269 606 [0]
434 436 [5]
82 790 [3]
166 706 [3]
399 469 [7]
321 552 [3]
82 791 [3]
269 600 [7]
79 792 [5]
295 574 [7]
174 697 [5]
299 578 [0]
356 516 [5]
298 577 [2]
419 456 [2]
133 738 [6]
342 529 [6]
318 560 [0]
114 761 [3]
137 736 [5]
80 793 [5]
335 536 [7]
138 733 [7]
132 744 [3]
203 671 [5]
390 484 [5]
227 645 [7]
167 708 [5]
419 461 [0]
168 705 [7]
387 486 [7]
191 684 [5]
140 737 [3]
201 672 [7]
237 642 [2]
307 567 [7]
289 586 [7]
117 760 [5]
103 774 [5]
200 675 [7]
133 746 [3]
92 788 [3]
220 658 [5]
409 474 [0]
148 728 [7]
270 608 [5]
276 602 [5]
98 780 [5]
390 488 [5]
296 588 [0]
188 694 [2]
108 773 [3]
105 772 [7]
237 645 [2]
396 481 [7]
150 729 [5]
226 651 [7]
173 705 [7]
205 673 [7]
218 660 [7]
369 511 [5]
172 710 [3]
292 586 [7]
143 741 [1]
370 513 [2]
120 760 [5]
438 443 [5]
188 698 [0]
165 716 [5]
171 708 [7]
129 752 [5]
145 735 [7]
147 739 [1]
198 684 [5]
361 525 [2]
164 719 [5]
243 640 [5]
214 668 [7]
229 653 [7]
131 753 [5]
156 731 [2]
121 764 [5]
249 634 [7]
170 716 [5]
203 685 [3]
363 521 [7]
278 605 [8]
233 653 [5]
237 647 [7]
215 676 [1]
295 592 [5]
99 788 [5]
268 619 [5]
268 621 [3]
116 771 [5]
336 554 [2]
319 568 [5]
387 505 [0]
228 657 [7]
239 647 [7]
345 546 [2]
309 577 [7]
428 458 [7]
157 729 [7]
415 478 [0]
96 793 [5]
169 722 [3]
318 571 [5]
167 720 [7]
257 630 [7]
119 771 [5]
153 739 [3]
404 489 [2]
266 627 [2]
431 460 [4]
320 573 [2]
285 603 [7]
157 733 [5]
308 585 [2]
130 761 [5]
434 455 [7]
184 705 [7]
255 633 [8]
266 630 [0]
314 575 [8]
162 730 [5]
183 712 [2]
439 458 [0]
269 628 [0]
335 562 [0]
253 643 [2]
230 661 [7]
301 597 [0]
394 504 [0]
304 587 [7]
114 781 [3]
322 575 [2]
423 469 [7]
352 539 [8]
152 742 [5]
313 580 [6]
384 516 [0]
313 582 [5]
387 513 [0]
449 451 [0]
172 726 [3]
438 463 [0]
125 771 [5]
204 695 [2]
332 563 [6]
224 672 [5]
285 609 [7]
208 686 [7]
222 673 [7]
251 646 [5]
259 640 [3]
104 795 [3]
202 693 [7]
374 528 [0]
433 469 [0]
203 695 [5]
138 758 [7]
297 606 [0]
393 510 [0]
272 627 [4]
209 687 [7]
179 717 [7]
149 748 [7]
348 549 [7]
241 661 [2]
126 771 [7]
237 662 [5]
163 734 [7]
191 708 [5]
257 645 [2]
391 507 [7]
377 521 [7]
103 797 [5]
357 548 [0]
218 680 [7]
172 728 [5]
339 564 [2]
155 743 [7]
197 701 [7]
135 764 [7]
150 753 [3]
313 588 [5]
430 469 [7]
245 657 [5]
212 693 [2]
365 540 [2]
224 680 [3]
141 761 [5]
336 564 [7]
108 795 [5]
134 769 [5]
411 490 [7]
173 730 [5]
288 616 [4]
416 492 [0]
253 653 [2]
412 496 [0]
278 628 [2]
433 475 [0]
334 572 [2]
440 468 [0]
290 616 [2]
175 729 [5]
149 755 [5]
323 586 [0]
355 547 [7]
443 466 [0]
430 479 [0]
188 720 [2]
168 737 [5]
117 790 [3]
249 659 [2]
260 642 [8]
442 462 [6]
284 620 [7]
330 574 [7]
421 490 [0]
337 572 [2]
386 518 [7]
267 644 [0]
238 671 [2]
265 640 [7]
182 723 [7]
200 705 [7]
319 588 [5]
312 593 [7]
142 765 [5]
265 647 [0]
238 672 [2]
446 466 [0]
346 567 [0]
252 659 [2]
221 687 [5]
226 682 [5]
300 611 [2]
314 600 [0]
132 779 [3]
451 458 [5]
202 705 [7]
453 456 [5]
277 637 [0]
400 508 [6]
171 737 [7]
302 606 [7]
192 716 [7]
140 770 [5]
134 774 [7]
243 670 [2]
218 695 [2]
258 650 [7]
337 578 [0]
363 547 [5]
194 722 [0]
175 736 [5]
333 581 [2]
282 628 [7]
252 658 [7]
137 775 [5]
177 735 [5]
140 772 [5]
454 456 [7]
126 785 [7]
151 762 [5]
232 679 [7]
437 481 [0]
187 724 [7]
286 625 [7]
167 744 [7]
319 594 [5]
262 652 [5]
367 547 [5]
140 774 [5]
348 564 [7]
262 657 [0]
361 556 [2]
392 525 [2]
151 763 [5]
192 725 [2]
137 779 [3]
390 527 [2]
353 559 [7]
447 468 [5]
193 720 [7]
141 774 [5]
246 668 [7]
268 650 [3]
429 492 [0]
164 752 [5]
153 763 [5]
232 682 [7]
457 465 [0]
301 621 [0]
249 666 [7]
309 611 [2]
390 525 [7]
260 655 [7]
450 472 [0]
413 508 [2]
324 592 [7]
289 627 [7]
134 782 [7]
165 756 [3]
120 799 [5]
130 787 [7]
427 489 [8]
442 482 [0]
227 691 [7]
369 554 [2]
128 796 [1]
438 485 [2]
126 796 [3]
376 549 [0]
298 627 [0]
286 638 [2]
257 662 [7]
345 573 [8]
238 686 [2]
298 621 [7]
149 770 [7]
366 561 [0]
147 777 [3]
239 686 [2]
292 633 [2]
440 487 [0]
308 612 [7]
176 745 [7]
163 758 [7]
278 642 [8]
231 690 [7]
311 612 [5]
356 565 [7]
412 516 [0]
373 553 [2]
405 524 [0]
165 759 [5]
329 600 [0]
384 538 [7]
372 552 [5]
145 777 [7]
396 534 [0]
161 762 [7]
405 523 [2]
154 771 [5]
383 547 [0]
189 736 [5]
380 548 [2]
364 564 [2]
331 592 [7]
367 556 [7]
192 732 [7]
282 644 [5]
160 764 [7]
264 667 [0]
332 594 [5]
146 778 [7]
423 506 [2]
398 526 [7]
342 584 [5]
290 634 [7]
232 692 [7]
159 767 [5]
186 742 [3]
310 615 [7]
319 606 [7]
269 661 [2]
356 574 [2]
166 761 [5]
222 703 [7]
312 618 [2]
430 502 [0]
267 664 [2]
334 592 [7]
314 617 [2]
219 708 [7]
366 568 [0]
387 542 [5]
132 797 [5]
205 722 [7]
190 742 [2]
289 640 [5]
164 766 [5]
263 670 [2]
240 687 [8]
359 574 [2]
243 685 [7]
184 746 [5]
421 506 [8]
312 616 [8]
130 799 [7]
408 529 [0]
372 558 [7]
436 501 [0]
330 605 [2]
317 613 [7]
171 764 [2]
195 737 [5]
283 647 [7]
291 639 [7]
181 750 [7]
452 486 [0]
393 538 [7]
275 656 [7]
156 775 [7]
275 661 [2]
369 562 [7]
141 796 [1]
151 784 [3]
444 494 [0]
311 621 [7]
319 615 [5]
441 498 [0]
279 655 [5]
265 672 [2]
378 561 [0]
244 694 [2]
184 749 [7]
403 537 [0]
425 515 [0]
443 489 [8]
145 788 [7]
192 741 [7]
255 684 [2]
310 626 [5]
384 549 [8]
148 787 [7]
294 641 [7]
232 703 [7]
393 541 [8]
395 547 [0]
149 788 [5]
180 760 [2]
163 772 [7]
420 522 [0]
462 473 [7]
191 744 [7]
463 480 [0]
144 796 [3]
150 788 [5]
143 797 [3]
152 788 [3]
327 608 [8]
458 478 [7]
173 765 [5]
439 499 [6]
312 630 [2]
176 765 [3]
153 786 [5]
220 717 [7]
385 559 [0]
374 571 [0]
325 613 [7]
347 598 [0]
144 798 [3]
240 701 [4]
445 500 [0]
426 519 [0]
141 799 [5]
429 512 [4]
156 787 [2]
215 726 [5]
415 527 [4]
401 538 [7]
256 684 [7]
434 513 [0]
207 733 [7]
173 769 [5]
233 707 [7]
326 619 [2]
464 482 [2]
305 641 [2]
394 546 [8]
466 480 [2]
293 648 [7]
204 739 [5]
283 658 [7]
410 538 [0]
250 691 [7]
341 601 [7]
471 478 [0]
158 786 [5]
163 780 [7]
419 531 [0]
159 786 [5]
156 793 [2]
418 533 [0]
164 782 [5]
216 728 [7]
163 781 [7]
456 495 [0]
200 744 [7]
168 779 [5]
186 763 [3]
285 665 [2]
179 768 [5]
416 534 [2]
321 626 [5]
275 673 [5]
315 636 [2]
459 495 [0]
395 557 [2]
197 750 [7]
219 733 [2]
236 712 [7]
253 694 [8]
427 528 [0]
311 642 [2]
171 782 [2]
205 748 [2]
379 571 [6]
459 497 [0]
250 704 [2]
229 725 [2]
227 723 [7]
446 511 [0]
215 737 [5]
232 718 [7]
225 726 [7]
447 511 [0]
205 746 [7]
425 533 [0]
469 490 [0]
182 772 [5]
268 686 [5]
352 599 [8]
417 542 [0]
439 512 [8]
161 792 [7]
425 530 [5]
471 482 [7]
293 665 [2]
333 619 [8]
167 787 [7]
423 538 [0]
364 589 [8]
334 619 [8]
271 683 [7]
416 538 [7]
354 601 [7]
198 757 [7]
382 572 [8]
235 725 [2]
318 644 [0]
430 526 [7]
366 597 [0]
208 748 [7]
312 649 [2]
230 726 [7]
204 752 [7]
460 504 [0]
306 654 [4]
429 535 [0]
263 693 [8]
287 671 [7]
301 656 [8]
445 515 [5]
472 493 [0]
468 492 [5]
329 637 [0]
164 797 [5]
398 561 [7]
309 652 [5]
327 636 [4]
464 501 [2]
422 545 [0]
320 647 [0]
439 521 [7]
329 636 [2]
295 670 [2]
478 482 [7]
240 724 [4]
355 613 [0]
260 706 [2]
210 753 [5]
375 591 [2]
250 711 [7]
274 686 [8]
249 717 [2]
180 784 [5]
325 644 [0]
282 680 [7]
319 643 [7]
276 688 [5]
243 724 [2]
455 506 [8]
259 706 [5]
328 635 [7]
391 577 [2]
343 627 [0]
201 762 [7]
248 716 [7]
224 742 [5]
201 765 [5]
301 668 [2]
206 758 [7]
297 674 [0]
475 497 [0]
373 597 [2]
371 600 [2]
342 624 [7]
354 611 [8]
259 709 [5]
167 799 [7]
385 586 [2]
397 574 [2]
273 698 [2]
243 728 [2]
221 747 [5]
405 560 [8]
253 718 [2]
342 626 [5]
208 759 [7]
204 765 [5]
322 650 [2]
437 530 [7]
204 763 [7]
451 516 [7]
220 747 [7]
368 604 [2]
342 625 [7]
294 678 [3]
304 664 [7]
302 667 [6]
338 637 [0]
376 599 [0]
361 614 [0]
450 526 [0]
396 580 [0]
243 726 [7]
190 779 [7]
439 531 [7]
218 757 [2]
448 529 [0]
369 608 [0]
274 701 [2]
256 719 [2]
343 633 [2]
399 577 [2]
329 641 [8]
422 556 [0]
182 791 [5]
238 733 [7]
326 647 [5]
376 602 [0]
282 689 [7]
404 572 [2]
440 533 [7]
349 631 [0]
389 591 [0]
391 587 [2]
326 649 [5]
342 631 [7]
229 749 [2]
265 713 [2]
344 629 [7]
221 754 [5]
438 537 [5]
368 612 [0]
263 716 [2]
263 718 [0]
311 668 [2]
456 525 [0]
475 507 [0]
204 773 [5]
198 777 [7]
448 535 [0]
286 690 [7]
372 610 [2]
290 687 [7]
371 605 [8]
365 611 [8]
326 651 [7]
194 784 [7]
404 579 [2]
281 696 [8]
205 773 [7]
231 752 [2]
335 642 [8]
488 498 [0]
255 723 [8]
347 639 [0]
219 766 [2]
463 522 [2]
390 597 [0]
327 656 [4]
192 788 [7]
219 767 [2]
208 775 [5]
441 539 [8]
316 667 [5]
296 692 [0]
289 692 [7]
385 603 [0]
253 733 [2]
285 702 [2]
448 539 [2]
272 713 [4]
358 629 [2]
283 704 [2]
364 623 [2]
292 690 [7]
262 727 [0]
375 607 [8]
210 775 [5]
423 561 [6]
467 523 [0]
297 691 [2]
490 498 [2]
229 759 [2]
239 749 [2]
284 700 [7]
461 530 [0]
246 740 [5]
241 743 [7]
454 538 [0]
415 573 [4]
373 611 [8]
474 514 [4]
295 696 [2]
270 716 [7]
387 604 [2]
408 577 [8]
263 728 [2]
190 798 [5]
478 509 [7]
243 749 [2]
219 768 [7]
276 711 [7]
464 522 [8]
396 599 [0]
460 528 [7]
308 685 [2]
411 582 [2]
308 679 [8]
470 525 [0]
196 793 [7]
269 725 [2]
391 603 [2]
429 565 [2]
392 596 [8]
209 786 [2]
302 693 [2]
312 683 [2]
246 749 [2]
240 754 [4]
362 629 [7]
218 778 [2]
197 798 [3]
193 799 [7]
472 522 [5]
477 523 [0]
220 773 [7]
450 550 [0]
452 542 [7]
362 632 [7]
338 663 [0]
356 640 [5]
230 764 [7]
471 528 [2]
355 642 [4]
481 521 [0]
419 583 [0]
289 706 [7]
418 582 [2]
492 511 [0]
224 776 [3]
249 752 [2]
433 570 [0]
467 536 [0]
247 751 [5]
298 698 [7]
462 540 [2]
310 687 [7]
222 775 [7]
430 573 [2]
464 541 [0]
216 783 [7]
434 565 [7]
439 560 [7]
301 703 [2]
378 628 [0]
398 607 [2]
466 539 [2]
265 738 [5]
244 762 [2]
290 711 [7]
308 696 [4]
439 569 [0]
418 588 [2]
239 762 [7]
372 630 [7]
255 752 [2]
303 699 [7]
302 705 [2]
412 595 [2]
238 770 [2]
325 685 [0]
214 789 [7]
348 660 [2]
473 535 [2]
397 605 [8]
345 661 [4]
320 683 [7]
315 689 [7]
239 765 [7]
235 774 [2]
316 688 [7]
501 510 [0]
439 566 [7]
228 779 [5]
268 741 [3]
223 783 [7]
442 571 [0]
497 509 [7]
264 747 [2]
363 650 [0]
249 763 [2]
343 669 [2]
319 693 [2]
254 759 [2]
496 519 [0]
367 648 [0]
219 794 [2]
278 736 [2]
368 648 [0]
245 764 [7]
422 586 [8]
501 513 [2]
501 515 [0]
319 695 [2]
483 534 [0]
481 529 [7]
434 581 [2]
336 679 [2]
455 563 [0]
378 638 [2]
493 525 [0]
289 722 [7]
499 512 [8]
287 725 [7]
321 691 [7]
222 791 [7]
315 698 [7]
389 631 [0]
423 595 [2]
294 719 [7]
291 728 [2]
309 710 [2]
424 595 [2]
427 586 [8]
384 633 [4]
450 571 [0]
296 723 [2]
284 730 [7]
261 756 [5]
274 746 [2]
300 715 [7]
485 529 [8]
417 604 [2]
389 634 [0]
267 756 [0]
465 554 [4]
361 659 [4]
477 539 [8]
440 582 [2]
352 668 [4]
469 548 [8]
237 784 [5]
273 745 [8]
282 738 [6]
383 636 [8]
293 727 [7]
301 724 [2]
278 747 [2]
256 770 [2]
276 745 [7]
500 521 [7]
386 635 [7]
372 654 [2]
433 591 [4]
472 554 [2]
440 581 [8]
257 765 [7]
299 728 [2]
280 748 [2]
329 699 [2]
422 604 [4]
481 541 [8]
417 605 [8]
365 666 [0]
247 777 [7]
404 619 [8]
399 632 [0]
484 540 [8]
317 713 [2]
502 530 [0]
510 522 [0]
447 577 [8]
351 674 [7]
413 613 [7]
448 583 [2]
423 608 [2]
287 741 [5]
284 748 [2]
251 776 [7]
441 586 [8]
277 750 [8]
337 698 [0]
461 569 [5]
489 546 [0]
387 648 [0]
238 790 [7]
451 584 [0]
475 557 [4]
317 717 [2]
350 679 [7]
257 772 [7]
418 617 [2]
468 562 [7]
356 676 [5]
421 608 [8]
481 556 [0]
260 770 [8]
472 566 [0]
462 575 [2]
505 534 [0]
504 529 [7]
455 581 [4]
271 767 [2]
243 790 [7]
503 535 [2]
364 676 [0]
473 568 [0]
377 656 [8]
393 646 [2]
273 760 [8]
470 571 [0]
486 555 [0]
373 666 [2]
365 669 [8]
375 667 [0]
423 611 [8]
467 567 [8]
264 776 [2]
515 525 [2]
467 576 [0]
418 623 [2]
423 618 [2]
494 541 [8]
355 688 [0]
361 674 [8]
246 791 [7]
417 619 [8]
341 701 [2]
463 572 [9]
323 721 [0]
449 588 [8]
333 704 [8]
350 688 [7]
481 565 [0]
463 583 [0]
337 707 [2]
298 741 [7]
396 642 [8]
302 737 [7]
385 655 [7]
384 659 [4]
255 790 [2]
501 544 [2]
430 618 [0]
295 746 [7]
259 782 [7]
468 579 [2]
398 644 [7]
245 797 [7]
482 561 [6]
425 622 [2]
523 524 [2]
408 639 [2]
376 672 [2]
313 730 [7]
327 719 [4]
507 543 [0]
339 703 [8]
411 637 [2]
319 724 [7]
469 577 [4]
368 680 [2]
288 754 [8]
402 648 [0]
438 605 [8]
288 759 [4]
455 588 [8]
513 539 [0]
312 732 [8]
379 673 [0]
427 617 [8]
496 555 [2]
256 790 [7]
517 536 [0]
270 779 [5]
275 773 [7]
376 679 [0]
335 712 [8]
370 677 [8]
444 612 [0]
352 700 [4]
465 583 [8]
499 550 [7]
379 669 [8]
461 593 [2]
277 771 [8]
514 535 [8]
413 636 [8]
319 731 [7]
390 665 [2]
346 710 [2]
526 532 [0]
377 679 [2]
449 609 [0]
259 796 [3]
509 548 [2]
506 553 [0]
291 766 [2]
366 691 [2]
474 585 [0]
437 619 [4]
305 754 [2]
339 719 [4]
472 588 [2]
473 590 [0]
508 547 [8]
454 605 [4]
396 659 [8]
368 694 [2]
484 580 [0]
471 593 [0]
326 731 [7]
346 716 [2]
439 618 [7]
283 775 [7]
317 746 [2]
386 677 [2]
495 570 [0]
482 575 [8]
276 784 [5]
260 798 [7]
382 676 [7]
473 589 [4]
422 644 [0]
412 651 [4]
523 544 [0]
374 691 [2]
361 698 [8]
471 594 [2]
448 612 [7]
324 741 [2]
267 792 [8]
330 735 [2]
287 775 [5]
281 778 [8]
374 686 [8]
269 797 [2]
488 580 [0]
343 723 [2]
394 671 [4]
411 650 [8]
461 605 [4]
314 748 [8]
421 645 [4]
519 552 [0]
335 728 [8]
302 762 [7]
477 586 [8]
399 670 [2]
347 717 [8]
517 555 [0]
419 650 [4]
453 613 [7]
408 663 [2]
458 608 [7]
282 785 [7]
296 770 [8]
332 735 [7]
358 715 [2]
413 654 [8]
350 718 [7]
441 632 [2]
307 767 [2]
456 613 [7]
308 761 [8]
363 712 [2]
456 614 [7]
524 547 [7]
326 750 [2]
489 585 [4]
341 735 [2]
509 568 [2]
405 670 [4]
537 542 [0]
409 662 [8]
493 587 [0]
368 704 [8]
284 794 [2]
377 702 [2]
523 554 [4]
523 559 [0]
326 751 [5]
288 786 [8]
370 705 [8]
422 653 [8]
386 695 [2]
483 598 [2]
521 562 [0]
529 546 [8]
482 601 [0]
424 652 [7]
421 663 [0]
337 745 [2]
532 550 [2]
401 681 [2]
533 545 [7]
487 598 [0]
377 706 [2]
374 709 [2]
353 730 [2]
291 793 [2]
521 565 [0]
297 787 [2]
374 704 [8]
289 791 [7]
432 655 [0]
354 725 [8]
352 727 [8]
329 750 [8]
323 763 [2]
460 620 [8]
397 689 [2]
392 689 [8]
325 762 [2]
524 563 [2]
481 604 [4]
477 613 [0]
528 554 [8]
308 774 [8]
476 614 [0]
431 659 [0]
418 664 [8]
371 718 [2]
492 597 [2]
358 725 [8]
484 599 [8]
347 737 [8]
324 766 [2]
299 791 [2]
319 768 [5]
292 796 [5]
410 675 [8]
305 787 [2]
416 678 [0]
363 729 [2]
489 606 [0]
369 724 [2]
451 644 [0]
495 596 [4]
420 676 [0]
387 707 [2]
385 709 [2]
510 580 [7]
419 674 [4]
430 665 [2]
499 592 [7]
323 768 [7]
309 787 [2]
348 749 [2]
530 567 [2]
460 632 [8]
473 619 [9]
367 732 [2]
443 650 [8]
531 566 [4]
434 665 [2]
441 656 [4]
401 696 [4]
506 591 [4]
397 702 [2]
473 624 [4]
443 652 [7]
480 622 [0]
353 747 [2]
503 598 [2]
474 621 [8]
462 633 [8]
416 679 [8]
357 745 [2]
313 789 [2]
310 793 [2]
519 578 [8]
506 599 [0]
385 718 [2]
304 796 [5]
455 641 [9]
371 726 [8]
430 668 [8]
459 643 [4]
470 637 [0]
461 646 [0]
366 741 [0]
423 682 [2]
444 662 [2]
493 615 [0]
430 671 [8]
457 644 [8]
376 731 [2]
406 701 [2]
431 675 [3]
392 715 [2]
365 742 [2]
307 798 [5]
412 690 [8]
319 789 [2]
350 753 [7]
455 651 [4]
445 666 [0]
413 697 [2]
414 698 [0]
474 630 [8]
461 643 [8]
546 562 [4]
414 696 [2]
411 694 [8]
471 633 [9]
475 630 [8]
491 614 [8]
374 731 [8]
518 595 [0]
461 652 [0]
550 564 [0]
436 678 [0]
508 598 [8]
548 566 [0]
460 651 [4]
372 742 [2]
402 714 [0]
479 637 [0]
418 691 [8]
323 792 [2]
558 559 [0]
471 643 [4]
450 659 [9]
364 750 [4]
356 756 [7]
435 682 [2]
345 766 [8]
372 740 [7]
521 590 [8]
454 663 [2]
382 734 [4]
412 700 [8]
537 583 [0]
481 631 [8]
405 711 [4]
514 598 [8]
370 743 [8]
554 564 [4]
415 699 [8]
349 771 [2]
511 609 [2]
412 708 [2]
330 792 [2]
534 586 [4]
363 760 [2]
508 617 [0]
410 707 [8]
548 578 [0]
425 699 [2]
504 622 [0]
554 572 [0]
453 665 [8]
326 793 [7]
351 768 [7]
560 567 [0]
436 684 [8]
340 780 [8]
505 615 [8]
384 736 [8]
545 584 [0]
325 798 [7]
326 797 [7]
422 704 [4]
351 778 [2]
364 765 [2]
456 676 [0]
369 762 [2]
461 664 [8]
532 601 [0]
391 740 [2]
527 607 [0]
491 643 [0]
543 592 [0]
498 633 [4]
378 750 [8]
511 623 [2]
524 612 [0]
516 616 [4]
384 749 [4]
521 614 [2]
372 763 [2]
338 792 [8]
333 797 [8]
556 580 [2]
495 635 [8]
371 759 [8]
367 771 [2]
564 572 [4]
380 757 [4]
565 576 [0]
362 773 [7]
476 666 [0]
479 663 [0]
338 798 [7]
556 585 [2]
549 590 [4]
533 608 [2]
380 759 [4]
427 714 [2]
503 640 [0]
391 744 [8]
519 617 [8]
506 634 [4]
479 656 [9]
426 717 [2]
436 701 [8]
464 682 [0]
500 646 [0]
507 631 [8]
369 770 [8]
453 686 [8]
539 608 [0]
430 716 [2]
400 742 [6]
532 608 [8]
472 668 [8]
436 705 [8]
399 751 [0]
540 610 [0]
449 697 [4]
388 755 [7]
495 647 [8]
406 743 [2]
574 577 [0]
380 769 [2]
491 660 [0]
442 701 [8]
558 594 [0]
494 654 [4]
517 627 [8]
441 707 [4]
444 705 [4]
395 750 [8]
464 680 [9]
495 654 [4]
415 734 [4]
411 734 [8]
363 789 [2]
446 704 [4]
559 587 [8]
562 592 [0]
515 637 [2]
500 653 [2]
401 750 [4]
563 592 [0]
531 620 [4]
561 587 [7]
489 657 [9]
424 723 [8]
570 578 [8]
369 785 [2]
436 718 [2]
536 616 [4]
413 741 [2]
533 622 [2]
503 655 [0]
534 620 [4]
561 597 [0]
569 582 [7]
370 780 [8]
479 678 [2]
504 647 [8]
533 624 [2]
362 795 [2]
468 692 [0]
510 642 [8]
559 601 [0]
436 722 [2]
576 585 [0]
429 729 [4]
496 658 [8]
535 625 [2]
573 589 [0]
446 714 [2]
436 719 [8]
383 772 [8]
385 771 [8]
516 646 [2]
476 680 [8]
425 739 [0]
542 622 [0]
570 591 [4]
551 612 [2]
456 702 [8]
517 645 [4]
578 580 [8]
409 748 [9]
465 697 [4]
501 663 [2]
535 629 [2]
424 734 [8]
556 609 [2]
493 674 [0]
514 653 [0]
388 777 [2]
572 596 [0]
453 707 [8]
375 785 [8]
520 649 [0]
514 657 [0]
485 678 [8]
517 646 [8]
499 671 [2]
485 687 [0]
383 781 [8]
458 712 [2]
516 655 [2]
485 689 [0]
434 741 [0]
490 683 [2]
379 794 [2]
557 610 [9]
379 795 [2]
377 791 [8]
373 795 [8]
581 589 [6]
571 604 [2]
393 776 [8]
393 777 [8]
457 712 [9]
542 634 [2]
557 614 [8]
404 773 [2]
411 768 [0]
544 635 [0]
474 696 [9]
405 770 [4]
405 771 [4]
423 750 [8]
410 763 [8]
424 749 [8]
429 748 [4]
390 789 [2]
429 744 [8]
518 660 [4]
421 757 [4]
587 595 [0]
557 617 [9]
421 758 [4]
544 639 [0]
583 592 [8]
535 645 [4]
584 598 [2]
427 749 [8]
410 773 [2]
500 677 [8]
419 758 [9]
390 794 [2]
508 679 [0]
497 682 [8]
569 613 [5]
431 757 [0]
572 610 [6]
530 651 [8]
451 730 [8]
401 780 [8]
469 716 [4]
392 793 [4]
475 711 [4]
538 652 [0]
431 759 [0]
528 655 [7]
509 679 [2]
564 618 [8]
544 638 [9]
483 708 [0]
536 655 [0]
419 769 [4]
570 615 [8]
404 781 [8]
505 688 [0]
456 729 [8]
562 623 [8]
531 662 [0]
442 751 [0]
484 702 [8]
486 704 [4]
511 681 [2]
439 755 [0]
443 748 [4]
446 745 [4]
551 644 [0]
498 690 [8]
493 701 [2]
428 768 [0]
444 744 [8]
475 717 [4]
408 780 [8]
570 626 [0]
576 617 [4]
566 631 [0]
550 639 [8]
547 648 [2]
482 715 [2]
513 682 [4]
469 726 [4]
506 684 [9]
416 775 [8]
420 772 [8]
438 760 [2]
503 689 [8]
568 632 [0]
499 693 [8]
445 756 [0]
522 675 [4]
520 681 [0]
500 693 [8]
553 648 [0]
442 752 [8]
594 609 [0]
490 704 [9]
563 640 [0]
600 603 [0]
545 650 [8]
526 673 [4]
596 599 [9]
551 649 [4]
550 646 [8]
582 623 [0]
513 692 [0]
454 747 [4]
590 615 [0]
562 635 [8]
436 761 [8]
519 685 [2]
561 643 [2]
417 782 [8]
409 794 [4]
512 695 [0]
466 739 [2]
516 684 [8]
401 799 [8]
563 643 [4]
490 716 [4]
502 708 [0]
532 674 [4]
548 653 [9]
456 747 [8]
471 736 [4]
511 696 [4]
597 615 [0]
435 775 [2]
543 665 [4]
525 688 [0]
555 654 [4]
499 713 [2]
573 639 [4]
557 655 [4]
455 753 [8]
571 643 [2]
469 743 [4]
425 783 [8]
524 684 [8]
501 714 [2]
435 774 [8]
595 622 [0]
445 764 [8]
599 618 [0]
597 621 [0]
525 689 [4]
510 700 [8]
593 626 [0]
417 794 [8]
479 731 [9]
552 667 [0]
478 739 [2]
466 750 [4]
427 785 [8]
604 607 [9]
548 664 [9]
549 673 [0]
478 737 [8]
600 623 [0]
504 716 [4]
506 714 [4]
428 796 [1]
544 679 [4]
550 669 [9]
463 757 [9]
487 735 [8]
533 693 [4]
432 798 [0]
515 714 [2]
426 797 [8]
494 738 [0]
610 614 [8]
465 759 [9]
505 724 [4]
587 646 [0]
450 779 [4]
468 763 [2]
489 735 [9]
448 784 [2]
536 694 [4]
507 723 [4]
551 683 [0]
594 636 [4]
427 799 [8]
594 637 [4]
538 694 [4]
593 635 [8]
599 634 [4]
563 670 [4]
568 661 [9]
482 756 [0]
442 796 [0]
574 664 [0]
614 625 [0]
553 677 [9]
500 731 [8]
613 618 [8]
586 653 [0]
463 767 [9]
584 648 [8]
466 766 [8]
509 724 [8]
505 728 [9]
590 643 [9]
509 725 [8]
485 755 [2]
518 721 [4]
522 713 [8]
498 737 [8]
551 689 [4]
545 695 [4]
473 762 [9]
578 662 [4]
590 650 [4]
580 661 [4]
617 628 [0]
470 767 [9]
483 754 [9]
469 773 [4]
469 769 [8]
454 789 [4]
566 672 [9]
575 672 [0]
593 646 [8]
622 625 [0]
467 777 [4]
520 720 [9]
552 693 [4]
473 767 [9]
454 788 [8]
452 798 [0]
489 752 [9]
445 797 [8]
576 671 [4]
516 727 [8]
621 630 [0]
517 727 [8]
604 643 [6]
567 677 [9]
490 759 [4]
538 713 [4]
453 794 [8]
608 647 [0]
550 696 [9]
533 721 [2]
527 730 [0]
508 745 [6]
498 757 [4]
570 681 [8]
602 658 [0]
472 780 [8]
475 781 [4]
504 754 [4]
541 722 [0]
620 639 [4]
586 673 [4]
482 779 [2]
559 696 [9]
581 676 [8]
581 684 [0]
626 632 [8]
597 660 [9]
585 677 [4]
597 661 [9]
611 652 [4]
545 714 [8]
479 785 [4]
546 722 [0]
599 660 [9]
536 729 [4]
589 680 [0]
505 757 [9]
550 717 [4]
609 663 [0]
495 773 [4]
584 688 [0]
473 790 [9]
585 684 [4]
518 756 [0]
600 666 [8]
487 783 [4]
590 675 [9]
488 783 [4]
480 786 [9]
630 637 [8]
542 725 [8]
493 774 [8]
549 727 [0]
619 649 [9]
564 709 [4]
612 663 [2]
588 690 [0]
552 718 [8]
496 778 [4]
583 691 [4]
572 700 [6]
503 769 [8]
532 744 [4]
560 721 [0]
480 792 [9]
575 707 [0]
609 666 [8]
516 760 [8]
603 681 [0]
524 757 [4]
601 675 [9]
492 785 [8]
567 710 [9]
588 698 [0]
635 652 [0]
524 759 [4]
524 755 [8]
604 676 [8]
508 772 [9]
579 710 [0]
595 686 [9]
509 779 [2]
518 769 [4]
625 666 [0]
550 737 [4]
584 699 [8]
530 754 [8]
590 693 [9]
593 692 [8]
563 722 [8]
526 763 [4]
498 791 [4]
591 703 [0]
556 739 [0]
539 747 [9]
630 666 [0]
495 797 [4]
578 718 [0]
587 701 [9]
532 757 [9]
630 659 [9]
607 691 [0]
540 756 [4]
536 761 [4]
608 684 [9]
579 724 [0]
564 739 [0]
577 726 [0]
625 676 [2]
557 746 [0]
514 783 [6]
618 685 [0]
599 696 [9]
526 770 [9]
599 697 [9]
538 764 [4]
627 679 [0]
594 704 [9]
651 652 [4]
551 753 [4]
567 741 [0]
530 776 [2]
601 703 [4]
646 662 [0]
584 720 [4]
553 753 [4]
622 684 [4]
641 669 [0]
520 781 [9]
574 731 [6]
620 692 [0]
517 796 [0]
566 739 [8]
627 689 [0]
573 739 [4]
578 730 [9]
605 712 [0]
549 764 [6]
645 675 [0]
532 785 [4]
558 754 [9]
598 720 [4]
651 671 [0]
600 718 [4]
536 784 [2]
537 777 [8]
634 690 [0]
635 681 [8]
633 683 [9]
631 690 [4]
615 704 [9]
655 670 [4]
550 770 [9]
533 788 [8]
555 770 [4]
572 752 [6]
650 680 [0]
658 674 [0]
582 751 [0]
538 791 [4]
620 714 [0]
639 686 [9]
628 706 [0]
579 752 [3]
617 709 [9]
543 788 [4]
610 726 [0]
613 719 [4]
614 719 [4]
626 704 [9]
616 723 [0]
627 703 [9]
642 688 [9]
545 791 [4]
662 669 [9]
595 736 [9]
620 712 [9]
664 671 [6]
597 736 [9]
602 740 [0]
624 718 [0]
601 737 [4]
569 771 [2]
541 795 [6]
622 712 [9]
547 792 [4]
576 768 [0]
667 678 [0]
555 787 [4]
643 697 [6]
631 715 [0]
549 792 [6]
622 716 [9]
579 763 [6]
562 782 [4]
613 731 [4]
665 676 [8]
629 721 [0]
565 782 [4]
558 790 [4]
563 785 [4]
618 725 [9]
625 727 [4]
564 783 [9]
616 738 [4]
630 720 [9]
650 709 [0]
586 773 [0]
603 748 [9]
594 757 [9]
639 717 [4]
613 744 [4]
590 762 [9]
670 694 [0]
624 741 [0]
654 711 [0]
637 719 [9]
604 762 [0]
580 784 [2]
591 775 [0]
672 685 [9]
648 715 [4]
574 787 [6]
636 732 [0]
673 692 [4]
588 772 [9]
634 737 [0]
673 699 [0]
590 774 [9]
581 786 [6]
587 778 [9]
645 729 [0]
623 751 [0]
684 691 [0]
606 769 [0]
575 795 [6]
610 760 [6]
628 742 [6]
681 688 [8]
637 738 [2]
591 781 [6]
607 762 [9]
671 707 [0]
593 785 [4]
661 715 [6]
610 766 [6]
658 716 [9]
655 725 [4]
618 758 [9]
655 722 [8]
596 790 [0]
624 754 [9]
647 740 [0]
654 734 [0]
674 715 [0]
620 760 [9]
643 746 [0]
626 756 [8]
639 751 [0]
607 777 [6]
635 756 [0]
680 703 [9]
600 788 [4]
691 692 [9]
648 735 [9]
683 708 [2]
609 778 [9]
632 765 [0]
658 730 [9]
690 699 [9]
656 742 [0]
647 745 [9]
689 707 [6]
646 747 [9]
653 740 [9]
656 749 [0]
635 761 [9]
667 738 [0]
629 779 [0]
682 727 [0]
657 753 [0]
699 705 [6]
688 714 [8]
681 726 [4]
682 720 [9]
623 780 [9]
632 779 [4]
618 789 [9]
673 740 [4]
681 733 [4]
624 789 [6]
702 717 [0]
638 783 [0]
684 732 [6]
705 708 [9]
630 783 [9]
674 744 [9]
625 793 [9]
635 783 [9]
698 721 [8]
644 784 [0]
678 743 [8]
702 718 [9]
713 716 [0]
672 758 [0]
711 720 [0]
632 790 [9]
700 733 [0]
642 794 [0]
677 751 [9]
665 772 [0]
709 723 [6]
635 795 [9]
664 776 [0]
677 764 [0]
655 782 [4]
711 726 [6]
664 774 [6]
716 732 [0]
713 735 [0]
702 738 [8]
691 752 [6]
668 781 [0]
717 733 [0]
685 765 [0]
685 757 [9]
670 782 [0]
707 745 [0]
678 770 [4]
710 743 [0]
694 760 [0]
677 778 [0]
688 759 [9]
721 727 [9]
705 757 [0]
668 794 [0]
709 755 [0]
694 767 [6]
701 767 [0]
711 755 [6]
712 751 [9]
707 760 [6]
682 782 [9]
733 735 [6]
710 760 [6]
681 786 [9]
703 773 [0]
719 758 [0]
722 747 [9]
719 753 [6]
732 747 [0]
731 740 [9]
694 780 [6]
674 797 [9]
706 775 [0]
722 752 [9]
691 787 [6]
697 788 [0]
707 778 [0]
743 747 [0]
689 795 [6]
740 751 [4]
692 795 [9]
710 780 [6]
727 761 [9]
748 749 [0]
715 776 [9]
742 753 [6]
724 777 [0]
734 767 [0]
736 766 [0]
729 765 [9]
699 798 [8]
730 776 [0]
706 794 [6]
709 793 [6]
744 766 [0]
727 775 [9]
728 785 [0]
752 761 [0]
738 769 [8]
716 793 [6]
753 769 [0]
748 774 [0]
738 782 [8]
740 780 [9]
763 766 [0]
756 767 [9]
733 794 [6]
739 796 [0]
736 799 [0]
754 786 [0]
743 793 [6]
755 787 [6]
772 777 [0]
771 782 [0]
771 785 [0]
751 799 [9]
764 797 [0]
767 791 [6]
764 798 [4]
781 786 [0]
773 790 [9]
786 791 [0]
789 792 [0]
783 798 [4]
795 797 [0]
