1000
8
500
0
1
2
3
4
5
6
7
8
9
10
12
20
45
78
277
605
719
775
937
910
852
972
413
553
664
106
119
165
473
804
178
240
335
349
383
570
710
777
332
638
338
866
109
141
214
233
318
334
411
839
427
441
957
645
784
794
803
880
437
744
469
626
858
809
989
975
706
746
763
805
898
58
228
246
284
530
687
807
969
402
31
118
552
867
918
997
883
47
125
962
151
164
461
505
554
701
555
641
823
559
870
83
101
215
463
583
688
841
376
446
121
130
166
684
851
819
879
953
616
740
967
848
490
576
635
649
995
875
447
13
14
16
17
59
904
96
198
257
449
575
667
930
699
561
981
27
28
35
53
82
189
621
643
623
758
207
377
390
693
979
431
726
752
146
428
479
515
986
528
659
683
822
845
873
503
655
737
864
38
56
87
108
398
129
131
225
890
571
887
640
974
272
329
343
409
420
472
491
902
508
760
859
712
790
980
162
236
950
977
358
535
865
702
724
939
110
128
135
256
305
556
585
892
696
565
572
679
723
806
882
243
832
952
136
767
169
186
202
258
399
933
993
542
998
439
589
971
518
810
830
827
265
538
886
598
536
588
611
633
133
370
965
205
354
750
671
876
50
64
75
86
98
102
116
123
161
861
227
279
493
311
567
319
372
594
614
742
139
158
229
533
566
685
941
948
293
584
716
925
768
273
321
325
445
546
978
791
104
264
755
365
622
935
477
481
547
893
627
751
91
175
204
262
521
847
260
442
607
909
270
155
314
654
167
313
467
976
176
187
210
217
261
298
544
299
389
835
394
785
885
595
776
76
103
344
353
426
488
700
478
531
757
524
666
600
625
630
681
170
290
732
903
40
142
568
877
63
24
143
306
386
450
590
603
938
781
869
416
355
360
606
901
574
157
378
406
739
239
271
715
808
891
959
15
18
137
232
268
296
300
705
927
558
889
906
970
868
320
504
721
942
404
968
30
124
212
340
695
274
453
492
213
316
899
862
52
183
292
307
619
915
983
499
963
615
920
21
26
43
203
230
242
385
397
539
985
854
248
465
831
250
285
932
251
269
412
788
680
400
408
772
81
673
741
921
49
61
72
199
263
348
414
482
519
802
596
722
302
438
569
917
68
115
156
310
675
362
395
916
134
160
218
770
800
850
69
70
138
276
345
631
434
462
936
647
931
286
582
747
765
668
946
717
73
132
185
226
494
511
452
780
907
874
275
817
369
419
709
150
923
425
195
312
815
224
294
359
367
738
982
474
545
833
422
573
579
945
418
451
22
29
32
41
171
676
799
620
77
326
454
476
529
637
280
323
926
429
464
856
42
85
127
154
295
403
423
562
821
955
961
919
209
244
381
495
663
704
734
836
211
220
231
853
537
557
665
720
648
761
289
373
629
66
197
201
644
787
878
678
415
351
812
460
657
914
39
74
433
520
534
541
92
112
181
222
247
686
996
330
580
990
814
223
496
387
838
97
111
140
347
498
506
617
564
182
237
527
849
145
333
929
352
900
396
599
516
999
424
602
610
728
729
991
44
94
249
550
748
928
632
753
60
88
122
206
405
964
577
281
512
532
624
786
587
783
346
911
526
672
733
840
855
771
798
99
177
191
736
636
179
356
417
639
480
764
793
940
905
507
769
828
430
563
148
152
252
513
283
401
912
958
646
196
444
486
652
308
388
456
795
25
34
84
184
391
884
193
208
235
331
105
149
601
661
703
730
826
984
987
973
254
287
301
843
238
304
745
364
443
393
743
994
470
484
54
192
382
612
713
896
163
234
324
656
689
824
120
168
371
543
628
797
11
23
57
62
174
221
259
560
662
459
754
79
80
100
113
188
267
357
392
522
825
549
924
818
834
895
421
435
540
863
960
468
114
172
682
266
650
669
871
337
551
779
816
846
190
282
692
735
820
988
888
291
634
731
144
153
375
36
48
55
180
245
303
618
947
339
90
147
159
466
711
219
241
278
944
317
384
440
677
691
789
436
489
342
951
956
368
502
509
592
766
670
698
253
658
510
578
778
756
200
651
782
216
255
363
707
966
366
374
604
458
725
749
857
593
773
796
872
37
315
46
126
327
432
497
860
894
613
881
660
586
642
792
19
65
89
95
328
336
949
801
954
350
525
548
708
913
697
33
51
93
288
653
407
471
591
714
813
897
762
837
107
194
361
483
727
774
829
844
934
380
448
694
117
297
523
581
597
718
908
759
842
341
410
457
485
608
514
674
992
475
922
173
309
322
379
609
517
943
811
501
67
71
455
487
690
0 1 [0]
0 3 [0]
1 2 [0]
1 3 [0]
2 3 [0]
0 5 [2]
3 4 [0]
0 2 [5]
2 4 [1]
1 4 [3]
3 5 [0]
4 5 [0]
0 4 [6]
5 6 [0]
4 6 [1]
1 5 [6]
1 6 [6]
2 5 [6]
6 7 [0]
0 7 [6]
6 8 [0]
0 8 [6]
1 7 [6]
2 6 [6]
2 11 [1]
7 8 [0]
1 8 [6]
3 6 [6]
0 9 [6]
2 7 [6]
3 7 [6]
3 11 [3]
8 9 [0]
1 9 [7]
6 11 [0]
0 10 [7]
2 8 [7]
7 9 [1]
3 8 [7]
0 11 [7]
1 10 [7]
7 10 [1]
4 7 [7]
2 9 [7]
9 10 [0]
8 11 [0]
2 10 [7]
4 8 [7]
6 9 [4]
3 9 [7]
2 13 [4]
5 7 [7]
4 9 [7]
1 15 [4]
6 10 [4]
0 13 [7]
5 8 [7]
2 14 [4]
4 11 [5]
4 15 [1]
7 11 [2]
8 10 [2]
1 12 [7]
4 10 [7]
2 15 [4]
5 9 [7]
5 13 [3]
2 12 [7]
5 11 [5]
0 14 [7]
1 13 [7]
3 19 [0]
1 14 [7]
10 12 [0]
2 16 [4]
6 13 [3]
6 15 [1]
5 14 [3]
2 19 [1]
5 10 [7]
6 12 [4]
4 18 [1]
4 12 [7]
7 13 [3]
1 19 [3]
7 15 [1]
2 17 [4]
1 18 [4]
7 12 [4]
10 13 [0]
5 15 [3]
0 16 [7]
7 14 [3]
8 12 [4]
5 16 [3]
1 16 [7]
2 18 [4]
5 12 [7]
0 17 [7]
9 12 [3]
1 17 [7]
10 15 [0]
5 17 [3]
2 22 [1]
6 18 [1]
10 14 [1]
4 21 [1]
8 13 [5]
1 21 [4]
9 11 [6]
7 18 [1]
0 19 [7]
2 23 [1]
10 16 [1]
1 22 [4]
4 22 [1]
6 19 [2]
8 14 [5]
13 14 [0]
10 17 [1]
6 21 [1]
1 20 [7]
9 13 [6]
0 21 [7]
2 25 [1]
4 19 [5]
9 14 [5]
7 19 [2]
8 15 [5]
6 23 [0]
0 22 [7]
1 25 [3]
1 24 [4]
2 20 [7]
8 16 [5]
13 16 [0]
5 21 [3]
6 20 [4]
8 17 [5]
9 15 [6]
9 16 [5]
5 22 [3]
14 16 [0]
0 23 [7]
10 18 [2]
2 24 [4]
1 26 [4]
9 17 [5]
4 26 [1]
0 24 [7]
8 18 [5]
4 20 [7]
3 23 [5]
10 21 [0]
8 23 [0]
7 20 [4]
8 22 [2]
2 29 [1]
0 25 [7]
7 23 [2]
5 20 [7]
10 22 [0]
5 24 [3]
9 20 [3]
4 23 [5]
12 20 [0]
0 29 [4]
2 27 [4]
8 19 [6]
16 17 [0]
15 18 [0]
7 21 [5]
0 26 [7]
9 18 [6]
10 20 [3]
6 22 [5]
14 17 [3]
7 25 [2]
5 26 [3]
0 27 [7]
1 29 [4]
9 19 [6]
4 25 [5]
8 21 [5]
4 29 [1]
11 23 [0]
2 28 [4]
0 28 [7]
10 24 [1]
1 30 [4]
5 27 [3]
8 25 [2]
10 25 [0]
1 27 [7]
5 25 [5]
2 33 [1]
9 21 [6]
0 32 [4]
5 28 [3]
2 30 [4]
1 28 [7]
5 29 [3]
13 24 [0]
6 30 [1]
8 24 [5]
9 22 [6]
1 32 [4]
2 34 [1]
4 32 [1]
1 33 [3]
7 26 [5]
7 30 [1]
9 23 [6]
10 26 [2]
10 27 [1]
5 30 [3]
9 24 [6]
1 31 [7]
10 28 [1]
2 36 [1]
4 31 [4]
3 36 [0]
10 29 [0]
8 29 [2]
8 26 [5]
14 24 [2]
2 31 [7]
0 33 [7]
5 33 [2]
2 37 [1]
5 31 [4]
8 27 [5]
9 25 [6]
3 37 [0]
5 32 [3]
6 29 [5]
6 33 [2]
9 26 [6]
8 28 [5]
2 35 [4]
6 31 [4]
7 31 [3]
0 34 [7]
3 33 [5]
5 36 [0]
10 30 [2]
8 32 [2]
6 36 [0]
7 33 [2]
10 32 [0]
16 27 [0]
7 34 [2]
5 35 [3]
8 30 [5]
14 27 [2]
6 32 [5]
0 39 [4]
4 34 [5]
1 35 [7]
8 34 [2]
1 39 [4]
5 34 [5]
2 38 [4]
10 34 [0]
12 31 [1]
0 37 [7]
8 31 [5]
13 27 [4]
4 39 [1]
8 36 [0]
7 36 [2]
6 37 [2]
1 40 [4]
2 42 [1]
9 31 [5]
4 36 [5]
16 28 [1]
15 30 [0]
0 41 [4]
0 38 [7]
9 30 [6]
4 41 [1]
14 28 [4]
1 41 [4]
7 37 [2]
10 35 [1]
4 37 [5]
2 40 [4]
0 42 [4]
5 38 [3]
0 40 [7]
8 33 [6]
5 39 [3]
1 42 [4]
21 26 [0]
2 44 [1]
1 44 [3]
0 44 [4]
8 35 [5]
1 43 [4]
4 43 [1]
9 33 [6]
10 39 [0]
2 46 [1]
10 38 [1]
5 41 [3]
8 39 [2]
9 34 [6]
11 36 [3]
6 39 [5]
0 43 [7]
5 42 [3]
8 41 [2]
10 40 [1]
11 37 [3]
10 41 [0]
4 44 [3]
8 38 [5]
3 48 [0]
9 36 [6]
22 29 [0]
5 43 [3]
5 46 [0]
8 37 [6]
2 48 [1]
6 41 [5]
10 42 [0]
5 44 [3]
16 35 [1]
8 42 [2]
9 37 [6]
1 45 [7]
14 35 [4]
5 48 [0]
6 42 [5]
14 38 [1]
8 40 [5]
0 46 [7]
8 44 [2]
4 49 [1]
9 39 [6]
6 48 [0]
2 51 [1]
2 45 [7]
1 49 [4]
6 46 [2]
10 44 [0]
22 32 [0]
27 28 [0]
6 44 [5]
1 51 [3]
7 43 [5]
10 43 [2]
4 46 [5]
4 47 [4]
1 47 [7]
7 46 [2]
10 45 [0]
9 40 [6]
6 45 [4]
7 45 [4]
2 47 [7]
8 48 [0]
4 45 [7]
16 40 [0]
0 49 [7]
6 49 [1]
2 50 [4]
14 40 [2]
8 43 [5]
4 48 [5]
6 47 [4]
5 49 [3]
12 45 [0]
10 47 [0]
2 54 [1]
7 47 [3]
4 52 [1]
9 45 [3]
7 48 [2]
0 50 [7]
5 50 [3]
1 54 [3]
1 50 [7]
0 51 [7]
2 55 [1]
2 52 [4]
3 55 [0]
5 51 [2]
3 51 [5]
13 40 [6]
25 34 [0]
6 52 [1]
2 53 [4]
5 52 [3]
5 55 [0]
16 38 [6]
8 46 [6]
8 47 [5]
12 47 [1]
2 57 [1]
11 46 [3]
7 51 [2]
0 54 [7]
1 53 [7]
9 46 [6]
5 53 [3]
10 50 [1]
29 32 [0]
7 49 [5]
9 47 [6]
8 49 [5]
8 54 [0]
2 56 [4]
28 35 [0]
7 54 [2]
22 41 [0]
8 55 [0]
9 48 [6]
8 50 [5]
0 56 [7]
6 57 [0]
2 60 [1]
7 55 [2]
9 49 [6]
5 54 [5]
4 55 [5]
10 54 [0]
1 60 [3]
10 53 [1]
10 52 [2]
21 43 [0]
0 60 [4]
7 52 [5]
0 57 [7]
8 52 [5]
27 38 [0]
8 51 [6]
2 62 [1]
3 57 [5]
8 57 [0]
2 59 [4]
20 45 [0]
27 35 [3]
4 61 [1]
16 50 [0]
0 59 [7]
1 61 [4]
4 58 [4]
9 51 [6]
8 53 [5]
4 57 [5]
7 57 [2]
1 58 [7]
10 56 [1]
4 60 [3]
5 59 [3]
5 58 [4]
2 58 [7]
22 39 [6]
15 52 [0]
9 52 [6]
1 59 [7]
2 65 [1]
0 61 [7]
6 58 [4]
7 58 [3]
6 61 [1]
10 58 [0]
1 63 [4]
3 65 [0]
0 67 [1]
28 38 [2]
9 54 [6]
5 61 [3]
1 65 [3]
8 56 [5]
0 62 [7]
13 50 [6]
26 43 [0]
2 63 [4]
21 49 [0]
8 60 [2]
0 66 [4]
22 42 [6]
3 62 [5]
2 64 [4]
9 55 [6]
8 62 [0]
3 67 [0]
16 53 [1]
0 63 [7]
5 60 [5]
6 60 [5]
4 62 [5]
1 66 [4]
5 63 [3]
1 67 [3]
7 62 [2]
4 66 [1]
0 64 [7]
14 56 [1]
9 57 [6]
8 59 [5]
5 64 [3]
12 58 [2]
0 65 [7]
0 71 [1]
1 64 [7]
1 68 [4]
22 44 [7]
4 67 [2]
7 61 [5]
4 68 [1]
32 41 [0]
9 59 [5]
7 65 [2]
2 67 [5]
10 63 [1]
5 67 [2]
3 71 [0]
1 69 [4]
4 65 [5]
5 66 [3]
0 68 [7]
9 60 [6]
16 59 [0]
1 70 [4]
1 71 [3]
9 61 [6]
8 63 [5]
8 66 [2]
17 59 [0]
10 66 [0]
13 63 [0]
5 68 [3]
0 69 [7]
8 64 [5]
5 69 [3]
14 59 [4]
0 70 [7]
6 66 [5]
4 72 [1]
9 62 [6]
1 72 [4]
1 73 [4]
29 42 [7]
16 56 [6]
0 74 [4]
5 71 [2]
5 70 [3]
2 71 [5]
8 68 [2]
20 58 [1]
14 63 [2]
6 67 [6]
6 72 [1]
27 50 [2]
8 69 [2]
16 63 [0]
0 72 [7]
8 65 [6]
1 74 [4]
7 67 [6]
0 73 [7]
6 69 [5]
9 65 [6]
23 57 [0]
8 70 [2]
5 72 [3]
7 68 [5]
16 64 [0]
4 74 [3]
2 75 [4]
7 69 [5]
0 77 [4]
10 69 [2]
1 76 [4]
6 70 [5]
9 67 [6]
4 77 [1]
5 74 [3]
7 70 [5]
25 54 [3]
21 61 [0]
1 77 [4]
0 75 [7]
10 70 [2]
0 76 [7]
13 64 [6]
27 56 [0]
1 75 [7]
5 75 [3]
28 53 [2]
9 68 [6]
8 73 [2]
27 53 [3]
6 71 [6]
6 73 [5]
8 74 [2]
5 76 [3]
28 56 [0]
19 65 [0]
7 71 [6]
33 51 [0]
9 69 [6]
36 48 [0]
8 71 [6]
9 70 [6]
5 77 [3]
6 79 [0]
6 74 [5]
7 73 [5]
10 73 [2]
9 71 [6]
4 81 [1]
0 79 [7]
6 80 [0]
1 78 [7]
10 76 [1]
2 78 [7]
2 84 [1]
8 79 [0]
0 80 [7]
9 72 [6]
3 79 [5]
8 77 [2]
10 77 [0]
7 79 [2]
6 78 [4]
9 73 [6]
35 53 [0]
2 85 [1]
2 82 [4]
8 80 [0]
4 79 [5]
0 81 [7]
8 75 [5]
5 81 [3]
8 76 [5]
23 62 [4]
22 60 [7]
0 85 [4]
7 80 [2]
4 78 [7]
9 74 [6]
4 80 [5]
21 68 [0]
7 78 [4]
1 82 [7]
21 69 [0]
1 85 [4]
5 82 [3]
9 78 [3]
4 83 [4]
1 83 [7]
2 88 [1]
16 75 [0]
0 84 [7]
2 86 [4]
6 83 [3]
14 76 [2]
3 89 [0]
5 83 [4]
1 88 [3]
16 76 [0]
21 72 [0]
5 85 [3]
10 81 [2]
7 84 [2]
27 64 [2]
3 90 [0]
7 81 [5]
7 83 [3]
0 86 [7]
10 83 [0]
2 90 [1]
1 89 [3]
2 87 [4]
4 84 [5]
22 66 [6]
38 56 [0]
5 86 [3]
9 79 [6]
21 73 [0]
10 84 [0]
8 81 [5]
0 87 [7]
1 86 [7]
5 84 [5]
4 88 [3]
1 93 [1]
11 80 [4]
8 82 [5]
9 80 [6]
13 76 [6]
11 79 [5]
8 85 [2]
0 92 [4]
12 78 [6]
0 89 [7]
6 85 [5]
2 93 [1]
1 91 [4]
6 90 [0]
8 83 [5]
12 83 [1]
9 81 [6]
2 91 [4]
2 94 [1]
6 89 [2]
1 92 [4]
8 90 [0]
8 88 [2]
7 89 [2]
1 94 [3]
10 87 [1]
5 88 [5]
9 83 [6]
3 95 [0]
4 89 [5]
0 94 [4]
0 91 [7]
36 55 [7]
4 90 [5]
4 92 [3]
8 86 [5]
16 82 [1]
6 88 [5]
1 95 [3]
7 90 [2]
5 91 [3]
9 84 [6]
20 78 [2]
5 93 [2]
0 93 [7]
8 87 [5]
5 92 [3]
3 93 [5]
4 94 [3]
10 92 [0]
16 86 [0]
14 87 [1]
7 93 [2]
29 66 [7]
1 97 [4]
2 99 [1]
21 81 [0]
5 94 [3]
2 96 [4]
9 88 [6]
6 92 [5]
6 95 [2]
22 74 [7]
0 99 [4]
8 89 [6]
48 55 [0]
0 96 [7]
1 99 [3]
4 95 [5]
22 77 [5]
2 98 [4]
10 94 [0]
9 89 [6]
4 97 [3]
7 95 [2]
5 96 [3]
8 94 [2]
1 96 [7]
27 75 [2]
23 79 [3]
6 94 [5]
5 97 [3]
0 98 [7]
9 90 [6]
27 76 [2]
4 99 [3]
6 100 [0]
5 98 [3]
23 80 [4]
8 93 [6]
8 97 [2]
10 97 [0]
9 92 [6]
10 96 [1]
16 91 [0]
2 105 [1]
6 97 [5]
8 100 [0]
2 102 [4]
25 84 [0]
8 96 [5]
5 99 [5]
8 95 [6]
0 102 [7]
4 101 [4]
1 107 [1]
16 87 [6]
1 104 [4]
8 99 [2]
7 100 [2]
4 100 [5]
1 101 [7]
0 103 [7]
5 102 [3]
5 101 [4]
9 96 [5]
49 61 [0]
2 104 [4]
6 99 [5]
13 91 [6]
9 95 [6]
8 98 [5]
5 103 [3]
7 101 [3]
27 82 [3]
19 89 [4]
9 97 [6]
16 96 [0]
0 105 [7]
29 77 [6]
5 104 [3]
39 74 [0]
22 85 [6]
10 101 [2]
26 81 [6]
11 100 [2]
4 105 [5]
16 98 [0]
8 101 [5]
2 108 [4]
2 107 [5]
27 87 [0]
17 96 [1]
50 64 [0]
10 103 [1]
9 99 [6]
7 105 [2]
5 107 [2]
1 106 [7]
0 107 [7]
2 106 [7]
8 102 [5]
10 105 [0]
5 105 [5]
3 107 [5]
27 86 [2]
0 108 [7]
32 77 [6]
12 101 [2]
8 105 [2]
9 100 [6]
2 110 [4]
28 82 [6]
8 103 [5]
0 112 [4]
7 106 [3]
1 111 [4]
6 106 [4]
9 101 [6]
22 88 [7]
8 104 [5]
4 109 [4]
0 110 [7]
4 106 [7]
19 95 [4]
16 102 [0]
34 84 [0]
4 111 [3]
2 109 [7]
6 109 [4]
57 62 [0]
5 111 [3]
49 68 [2]
10 108 [1]
14 103 [2]
4 112 [3]
16 103 [0]
7 109 [3]
16 104 [0]
5 112 [3]
4 115 [1]
27 91 [2]
6 114 [0]
3 117 [0]
1 115 [4]
7 107 [6]
12 106 [2]
22 92 [7]
8 113 [0]
8 107 [6]
10 111 [0]
49 72 [0]
8 108 [5]
29 85 [7]
10 110 [1]
8 111 [2]
2 116 [4]
6 111 [5]
10 112 [0]
9 107 [6]
13 103 [6]
0 115 [7]
10 106 [6]
8 114 [0]
7 113 [2]
4 113 [5]
45 78 [0]
12 109 [2]
14 108 [1]
2 120 [1]
35 82 [6]
5 115 [3]
8 110 [5]
6 112 [5]
7 114 [2]
9 109 [5]
0 117 [7]
5 116 [3]
1 120 [3]
5 117 [2]
2 117 [5]
10 109 [6]
2 122 [1]
50 75 [0]
8 115 [2]
22 97 [7]
6 120 [0]
16 110 [0]
9 111 [6]
23 100 [3]
1 122 [3]
1 118 [7]
2 118 [7]
42 85 [0]
27 98 [2]
1 119 [7]
0 120 [7]
9 112 [6]
5 118 [4]
8 120 [0]
7 118 [3]
6 118 [4]
22 99 [7]
11 114 [3]
9 113 [6]
2 119 [7]
1 124 [4]
1 121 [7]
11 113 [5]
3 126 [0]
38 87 [4]
2 126 [1]
8 116 [5]
2 123 [4]
7 120 [2]
7 119 [3]
9 114 [6]
4 120 [5]
4 122 [3]
4 121 [4]
6 119 [4]
33 93 [4]
6 121 [3]
10 120 [0]
2 127 [1]
16 108 [6]
2 124 [4]
5 120 [5]
9 115 [6]
4 119 [7]
7 117 [6]
0 123 [7]
5 123 [3]
7 121 [3]
8 117 [6]
8 118 [5]
12 118 [1]
27 102 [2]
20 106 [5]
39 92 [0]
0 127 [4]
5 126 [0]
6 124 [1]
16 116 [0]
7 124 [1]
1 127 [4]
9 117 [6]
8 122 [2]
5 124 [3]
5 122 [5]
27 103 [2]
36 90 [7]
10 121 [2]
27 104 [2]
6 122 [5]
61 72 [0]
0 126 [7]
1 125 [7]
4 125 [4]
9 118 [6]
6 126 [2]
12 121 [1]
2 125 [7]
20 109 [5]
25 105 [4]
8 121 [5]
5 127 [3]
4 126 [5]
2 129 [4]
7 126 [2]
7 125 [3]
10 119 [6]
0 128 [7]
6 125 [4]
53 82 [0]
9 121 [6]
0 129 [7]
8 123 [5]
50 86 [0]
21 115 [0]
39 97 [1]
2 131 [4]
8 124 [5]
27 110 [0]
8 127 [2]
12 119 [6]
9 122 [6]
6 127 [5]
4 130 [4]
1 130 [7]
44 94 [0]
8 125 [5]
28 110 [0]
12 125 [2]
69 70 [0]
16 123 [0]
64 75 [0]
6 130 [3]
10 128 [1]
23 113 [3]
1 134 [4]
0 132 [7]
9 124 [6]
2 133 [4]
23 114 [3]
7 130 [3]
0 133 [7]
11 126 [3]
9 125 [6]
8 126 [6]
10 129 [1]
27 108 [6]
8 128 [5]
5 133 [3]
48 90 [3]
22 112 [7]
0 134 [7]
1 137 [4]
5 134 [3]
10 131 [1]
10 130 [2]
0 135 [7]
2 136 [4]
4 137 [1]
34 105 [3]
8 129 [5]
8 132 [2]
69 73 [0]
56 87 [0]
1 138 [4]
8 130 [5]
6 132 [5]
0 136 [7]
16 128 [0]
10 132 [2]
7 132 [5]
51 93 [0]
20 119 [5]
6 137 [1]
8 131 [5]
0 138 [7]
9 130 [6]
7 137 [1]
27 116 [2]
1 140 [4]
2 139 [4]
10 135 [1]
0 139 [7]
8 133 [5]
5 138 [3]
15 124 [7]
7 134 [5]
8 134 [5]
5 139 [3]
9 132 [6]
50 91 [6]
10 136 [1]
60 88 [0]
5 140 [3]
8 138 [2]
1 143 [4]
2 142 [4]
8 135 [5]
14 128 [6]
50 98 [0]
10 137 [2]
14 129 [6]
31 118 [0]
2 143 [4]
0 142 [7]
8 136 [5]
1 145 [3]
6 138 [5]
9 134 [6]
16 133 [0]
10 138 [2]
6 144 [0]
38 110 [2]
2 141 [7]
8 137 [5]
38 108 [4]
8 140 [2]
2 147 [1]
3 147 [0]
7 138 [5]
10 140 [0]
6 140 [5]
45 106 [0]
0 144 [7]
16 129 [6]
7 141 [3]
22 122 [7]
14 131 [6]
6 141 [4]
5 143 [3]
39 111 [1]
2 148 [1]
2 146 [4]
8 144 [0]
39 112 [1]
8 139 [5]
4 145 [3]
0 148 [4]
27 123 [2]
1 148 [3]
9 137 [6]
16 136 [0]
2 149 [1]
14 133 [6]
6 147 [0]
5 145 [3]
21 132 [0]
7 144 [2]
4 144 [5]
16 131 [6]
10 142 [1]
30 124 [0]
10 143 [1]
45 109 [0]
33 117 [4]
50 102 [2]
1 146 [7]
1 150 [4]
2 152 [1]
14 135 [6]
18 137 [0]
10 145 [0]
9 140 [6]
27 128 [0]
16 139 [0]
4 148 [3]
8 142 [5]
9 141 [5]
21 134 [0]
8 145 [2]
8 147 [0]
4 147 [5]
10 141 [5]
7 147 [2]
1 152 [3]
8 143 [5]
28 128 [0]
64 91 [1]
10 146 [1]
9 142 [6]
15 137 [5]
2 154 [1]
2 151 [4]
0 150 [7]
12 141 [5]
5 150 [3]
16 142 [0]
4 149 [5]
0 154 [4]
7 149 [2]
8 148 [2]
9 143 [6]
11 144 [3]
51 107 [0]
14 142 [2]
10 148 [0]
4 152 [3]
79 80 [0]
1 154 [4]
8 149 [2]
6 148 [5]
4 151 [4]
1 151 [7]
14 143 [2]
10 149 [0]
6 153 [0]
9 144 [6]
5 149 [5]
8 146 [5]
50 104 [6]
1 155 [4]
9 145 [6]
8 150 [2]
75 86 [0]
4 156 [1]
13 142 [6]
6 150 [5]
7 151 [3]
8 153 [0]
1 156 [4]
6 151 [4]
4 153 [5]
10 150 [2]
0 155 [7]
7 150 [5]
7 153 [2]
13 143 [6]
1 157 [4]
8 152 [2]
10 152 [0]
5 154 [3]
27 133 [2]
3 159 [0]
27 135 [0]
0 156 [7]
6 152 [5]
2 157 [4]
9 148 [6]
28 135 [0]
5 155 [3]
16 146 [1]
29 127 [7]
28 133 [2]
27 136 [0]
0 157 [7]
5 156 [3]
2 158 [4]
8 151 [5]
7 157 [1]
5 157 [3]
0 158 [7]
12 151 [2]
6 154 [5]
9 150 [6]
6 159 [0]
5 158 [3]
9 151 [6]
28 136 [2]
20 141 [5]
2 163 [1]
50 116 [0]
0 160 [7]
11 153 [3]
9 152 [6]
1 163 [3]
24 143 [0]
5 160 [3]
8 155 [5]
4 159 [5]
10 157 [1]
0 161 [7]
51 117 [0]
27 139 [2]
7 159 [2]
9 153 [6]
38 128 [2]
64 104 [1]
56 110 [3]
0 162 [7]
5 161 [3]
2 164 [4]
8 157 [5]
0 163 [7]
13 157 [0]
42 127 [1]
9 156 [6]
49 115 [7]
16 155 [0]
38 131 [2]
8 158 [5]
2 168 [1]
38 129 [5]
7 163 [2]
7 160 [5]
4 163 [5]
1 164 [7]
1 168 [3]
47 125 [0]
4 164 [4]
2 167 [4]
50 123 [0]
1 165 [7]
8 159 [6]
10 163 [0]
5 163 [5]
14 157 [2]
8 160 [5]
10 162 [1]
4 166 [4]
0 173 [1]
38 133 [3]
8 161 [5]
0 167 [7]
1 166 [7]
2 165 [7]
7 164 [3]
6 168 [0]
22 145 [7]
13 155 [6]
7 165 [3]
5 167 [3]
0 171 [4]
1 170 [4]
9 160 [6]
38 135 [2]
6 165 [4]
1 173 [1]
2 169 [4]
8 162 [5]
6 166 [3]
4 171 [1]
4 165 [7]
2 170 [4]
0 169 [7]
8 168 [0]
38 136 [2]
7 166 [3]
1 171 [4]
3 173 [0]
0 170 [7]
21 156 [0]
7 168 [2]
4 168 [5]
2 174 [1]
16 161 [0]
22 148 [7]
8 164 [5]
10 166 [2]
10 168 [0]
6 172 [0]
5 168 [5]
12 164 [2]
5 170 [3]
25 149 [4]
9 164 [5]
9 163 [6]
27 146 [6]
12 165 [2]
8 166 [5]
76 103 [0]
5 171 [3]
75 98 [6]
28 146 [6]
80 100 [0]
8 167 [5]
10 169 [1]
2 173 [5]
39 140 [1]
5 173 [2]
6 174 [0]
2 177 [1]
8 172 [0]
75 104 [1]
21 160 [0]
10 171 [0]
22 152 [7]
10 170 [1]
0 177 [4]
2 175 [4]
9 166 [6]
1 176 [4]
35 146 [0]
7 172 [2]
8 171 [2]
1 177 [3]
0 174 [7]
14 162 [6]
8 174 [0]
2 179 [1]
40 142 [0]
3 174 [5]
2 176 [4]
79 100 [3]
8 169 [5]
0 175 [7]
0 176 [7]
75 102 [6]
68 115 [0]
7 174 [2]
16 167 [0]
0 179 [4]
1 179 [3]
5 175 [3]
3 180 [0]
27 155 [2]
86 98 [0]
83 101 [0]
16 162 [6]
89 95 [0]
5 176 [3]
4 177 [3]
0 181 [4]
39 145 [1]
5 180 [0]
49 134 [2]
16 169 [0]
14 170 [2]
7 173 [6]
13 167 [6]
1 182 [3]
16 170 [0]
11 172 [3]
4 179 [3]
5 177 [5]
56 128 [3]
8 177 [2]
2 184 [1]
45 141 [1]
2 178 [7]
27 158 [2]
56 129 [2]
34 149 [4]
8 180 [0]
1 183 [4]
4 181 [3]
7 178 [3]
6 177 [5]
4 183 [1]
9 173 [6]
6 178 [4]
9 174 [6]
2 183 [4]
27 162 [0]
14 169 [6]
5 181 [3]
8 176 [5]
4 182 [3]
7 180 [2]
4 180 [5]
56 131 [2]
13 170 [6]
4 178 [7]
8 179 [2]
27 161 [2]
20 165 [5]
6 179 [5]
29 154 [7]
36 147 [7]
5 182 [3]
10 181 [0]
5 183 [3]
16 175 [0]
0 184 [7]
9 177 [6]
25 163 [4]
1 187 [4]
0 185 [7]
16 176 [0]
12 178 [2]
2 186 [4]
8 182 [2]
6 181 [5]
10 182 [0]
6 182 [5]
2 187 [4]
22 171 [0]
0 186 [7]
7 184 [2]
50 139 [4]
4 184 [5]
79 113 [1]
13 175 [6]
10 178 [6]
0 187 [7]
80 113 [1]
5 184 [5]
79 114 [1]
9 179 [6]
56 135 [3]
2 191 [1]
7 183 [5]
56 136 [3]
5 187 [3]
9 180 [6]
1 191 [3]
0 191 [4]
13 176 [6]
2 189 [4]
2 192 [1]
87 108 [0]
10 183 [2]
1 192 [3]
6 190 [0]
6 185 [5]
1 194 [1]
9 181 [6]
8 188 [0]
2 193 [1]
8 183 [5]
27 167 [2]
10 185 [2]
7 185 [5]
75 116 [6]
4 188 [5]
5 189 [3]
27 170 [0]
9 182 [6]
7 188 [2]
42 154 [1]
1 189 [7]
80 114 [4]
4 191 [3]
9 183 [6]
8 190 [0]
47 151 [0]
23 172 [3]
15 183 [0]
0 192 [7]
7 190 [2]
28 169 [2]
4 190 [5]
9 184 [6]
8 186 [5]
2 196 [1]
48 147 [4]
9 185 [6]
8 192 [0]
1 196 [3]
1 195 [4]
8 187 [5]
98 102 [0]
0 193 [7]
4 195 [1]
53 146 [2]
5 194 [2]
8 191 [2]
0 197 [4]
23 174 [4]
7 192 [2]
0 194 [7]
2 194 [5]
7 193 [2]
5 192 [5]
8 189 [5]
69 132 [1]
10 192 [0]
36 159 [7]
38 162 [2]
4 193 [5]
1 197 [4]
3 194 [5]
6 191 [5]
16 186 [0]
20 178 [5]
16 187 [0]
2 200 [1]
10 193 [0]
3 200 [0]
9 188 [6]
5 195 [3]
2 198 [4]
11 188 [5]
4 199 [1]
75 123 [6]
11 190 [3]
1 199 [4]
83 121 [0]
68 134 [2]
27 175 [2]
92 112 [0]
9 190 [6]
27 176 [2]
73 132 [0]
0 198 [7]
4 196 [5]
8 195 [2]
0 201 [4]
10 195 [0]
5 200 [0]
5 197 [3]
1 198 [7]
21 185 [0]
13 187 [6]
9 191 [6]
0 199 [7]
10 196 [0]
14 186 [6]
6 199 [1]
1 201 [4]
8 196 [2]
5 198 [3]
6 195 [5]
16 189 [1]
6 196 [5]
7 194 [6]
10 197 [0]
8 197 [2]
7 195 [5]
1 203 [4]
6 197 [5]
9 193 [6]
97 111 [0]
6 200 [2]
22 179 [7]
4 203 [1]
8 194 [6]
70 138 [0]
7 200 [2]
38 169 [2]
2 206 [1]
0 202 [7]
5 201 [3]
4 200 [5]
32 171 [6]
10 198 [1]
9 194 [6]
88 122 [0]
0 203 [7]
1 206 [3]
9 195 [6]
22 181 [7]
25 184 [1]
33 173 [4]
69 138 [3]
2 208 [1]
2 205 [4]
9 196 [6]
7 199 [5]
50 161 [0]
8 201 [2]
10 201 [0]
5 203 [3]
48 159 [4]
8 198 [5]
49 160 [2]
50 155 [6]
0 204 [7]
85 127 [0]
6 201 [5]
5 204 [3]
50 158 [4]
41 171 [0]
47 164 [1]
49 156 [7]
0 205 [7]
2 209 [1]
0 209 [4]
4 206 [3]
2 207 [4]
27 186 [0]
83 130 [0]
100 113 [0]
5 205 [3]
98 116 [0]
8 200 [6]
16 198 [0]
23 188 [3]
9 199 [6]
1 209 [4]
2 211 [1]
9 200 [6]
1 207 [7]
7 203 [5]
8 202 [5]
10 203 [2]
0 211 [4]
8 206 [2]
87 129 [0]
5 206 [5]
10 205 [1]
8 203 [5]
2 210 [4]
28 186 [2]
21 195 [0]
14 198 [4]
4 208 [5]
7 208 [2]
17 198 [2]
1 212 [4]
0 210 [7]
6 206 [5]
5 209 [3]
56 162 [0]
50 167 [1]
5 210 [3]
8 205 [5]
102 116 [0]
10 208 [0]
5 208 [5]
1 213 [4]
2 212 [4]
25 193 [0]
16 202 [0]
5 211 [3]
6 212 [1]
2 216 [1]
27 189 [3]
75 139 [6]
87 131 [2]
8 207 [5]
25 192 [3]
16 204 [0]
6 213 [1]
21 199 [0]
7 212 [1]
64 155 [1]
6 209 [5]
69 150 [1]
8 211 [2]
39 181 [1]
100 114 [7]
7 213 [1]
16 205 [0]
5 213 [3]
5 216 [0]
9 206 [6]
39 182 [1]
1 217 [4]
34 184 [4]
14 202 [6]
3 219 [0]
6 211 [5]
2 219 [1]
5 215 [3]
2 220 [1]
9 208 [6]
2 217 [4]
2 214 [7]
28 189 [6]
13 204 [6]
4 218 [1]
4 215 [4]
36 180 [7]
8 210 [5]
1 215 [7]
16 207 [1]
68 156 [0]
6 214 [4]
0 220 [4]
0 217 [7]
79 144 [1]
7 214 [3]
6 216 [2]
2 221 [1]
4 216 [5]
22 196 [7]
0 218 [7]
22 197 [6]
7 215 [3]
21 203 [1]
14 205 [6]
5 217 [3]
8 212 [5]
10 213 [2]
7 216 [2]
6 219 [0]
106 119 [0]
5 218 [3]
102 123 [1]
38 186 [2]
16 210 [0]
8 213 [5]
6 221 [0]
51 173 [3]
9 212 [6]
10 215 [2]
0 223 [4]
8 215 [5]
9 213 [6]
0 221 [7]
9 214 [5]
5 220 [3]
56 169 [3]
4 219 [5]
8 218 [2]
7 219 [2]
27 202 [0]
4 222 [3]
4 224 [1]
10 214 [5]
3 221 [5]
12 215 [2]
22 201 [6]
13 210 [6]
1 224 [4]
8 220 [2]
7 221 [2]
11 216 [3]
8 217 [5]
7 218 [5]
5 222 [3]
68 160 [2]
8 216 [6]
4 223 [3]
50 175 [6]
80 144 [7]
0 224 [7]
5 223 [3]
2 225 [4]
6 220 [5]
34 193 [4]
9 216 [6]
5 224 [3]
10 222 [0]
64 167 [1]
48 180 [4]
28 202 [2]
16 217 [0]
79 153 [1]
9 218 [6]
27 204 [2]
6 222 [5]
8 219 [6]
29 197 [7]
0 226 [7]
10 223 [0]
8 224 [2]
0 227 [7]
2 231 [1]
15 212 [7]
57 174 [3]
10 224 [0]
0 231 [4]
1 230 [4]
4 230 [1]
55 180 [0]
28 205 [2]
2 229 [4]
15 213 [7]
5 227 [3]
6 224 [5]
10 225 [1]
0 229 [7]
4 228 [4]
9 221 [6]
1 228 [7]
7 224 [5]
13 217 [6]
1 232 [4]
9 222 [6]
22 209 [6]
97 140 [0]
5 229 [3]
6 226 [5]
5 228 [4]
2 228 [7]
0 230 [7]
25 208 [4]
90 147 [0]
4 232 [1]
8 225 [5]
7 226 [5]
1 234 [3]
10 226 [2]
2 235 [1]
6 228 [4]
98 139 [1]
5 230 [3]
9 223 [6]
85 154 [0]
20 214 [5]
6 232 [1]
75 158 [6]
5 231 [3]
21 218 [0]
22 211 [6]
36 200 [3]
27 207 [6]
80 153 [7]
8 227 [5]
7 232 [1]
64 175 [1]
8 231 [2]
9 226 [6]
2 238 [1]
28 207 [6]
64 176 [1]
0 234 [7]
1 237 [3]
12 228 [2]
7 230 [5]
75 161 [6]
2 233 [7]
35 207 [0]
38 202 [2]
2 236 [4]
10 230 [2]
8 229 [5]
8 234 [0]
53 189 [0]
16 227 [0]
30 213 [0]
4 234 [5]
6 233 [4]
7 233 [3]
0 236 [7]
7 234 [2]
30 212 [2]
4 237 [3]
4 235 [5]
1 239 [4]
10 228 [6]
5 234 [5]
3 241 [0]
10 234 [0]
2 241 [1]
21 224 [0]
56 186 [3]
2 239 [4]
29 209 [7]
10 235 [0]
0 238 [7]
8 232 [5]
14 225 [6]
5 237 [3]
5 235 [5]
34 208 [4]
54 192 [0]
38 205 [3]
8 238 [0]
43 203 [0]
0 239 [7]
10 237 [0]
9 232 [6]
4 242 [1]
4 238 [5]
10 236 [1]
1 242 [4]
6 241 [0]
9 233 [5]
23 221 [3]
8 237 [2]
2 244 [1]
7 239 [1]
16 225 [6]
29 211 [7]
10 238 [0]
6 237 [5]
22 220 [6]
3 245 [0]
5 238 [5]
10 233 [5]
0 244 [4]
1 244 [4]
20 228 [1]
90 159 [0]
97 145 [7]
9 234 [6]
8 236 [5]
0 242 [7]
10 239 [0]
2 240 [7]
7 240 [3]
6 240 [4]
4 241 [5]
7 241 [2]
9 235 [6]
0 243 [7]
109 141 [0]
5 242 [3]
111 140 [0]
22 222 [7]
4 240 [7]
121 130 [0]
64 187 [1]
79 172 [1]
2 249 [1]
8 239 [5]
22 223 [7]
15 232 [5]
87 162 [3]
5 244 [3]
13 239 [0]
1 249 [3]
9 238 [6]
49 199 [5]
4 248 [1]
0 249 [4]
8 245 [0]
1 248 [4]
4 246 [4]
4 245 [5]
9 239 [6]
21 230 [3]
20 233 [1]
1 246 [7]
7 245 [2]
10 243 [1]
12 240 [2]
10 242 [2]
105 149 [0]
7 242 [5]
2 252 [1]
36 216 [3]
2 246 [7]
8 241 [6]
42 211 [2]
6 244 [5]
5 246 [4]
14 239 [2]
5 247 [3]
69 185 [1]
0 248 [7]
1 250 [4]
8 243 [5]
2 253 [1]
10 240 [6]
27 227 [2]
1 251 [4]
80 172 [4]
7 246 [3]
4 249 [3]
14 236 [6]
1 252 [3]
6 246 [4]
4 251 [1]
2 254 [1]
0 250 [7]
10 247 [0]
18 232 [7]
5 249 [3]
98 158 [1]
42 209 [6]
16 236 [6]
5 250 [3]
6 247 [5]
27 229 [2]
0 251 [7]
2 255 [1]
10 249 [0]
5 251 [3]
22 231 [6]
16 243 [0]
50 204 [6]
6 249 [5]
53 207 [0]
45 214 [1]
5 255 [0]
12 246 [2]
9 245 [6]
7 248 [5]
10 248 [2]
129 131 [0]
0 254 [7]
6 253 [2]
73 185 [3]
56 202 [3]
8 248 [5]
4 252 [5]
7 250 [5]
2 259 [1]
39 222 [1]
9 247 [6]
10 250 [2]
7 253 [2]
36 219 [7]
10 252 [0]
4 253 [5]
61 199 [2]
8 252 [2]
14 243 [6]
8 250 [5]
2 257 [4]
128 135 [0]
10 251 [2]
4 254 [5]
6 252 [5]
7 254 [2]
25 234 [4]
6 255 [2]
66 197 [0]
0 256 [7]
39 223 [1]
27 236 [0]
10 254 [0]
8 251 [5]
4 255 [5]
7 255 [2]
102 161 [1]
0 257 [7]
8 254 [2]
5 254 [5]
25 235 [4]
42 220 [2]
0 258 [7]
38 225 [2]
20 240 [5]
6 259 [0]
5 257 [3]
21 242 [2]
1 260 [4]
1 257 [7]
2 260 [4]
91 175 [0]
1 261 [4]
0 259 [7]
98 161 [7]
25 238 [4]
29 231 [7]
0 260 [7]
2 261 [4]
3 259 [5]
8 253 [6]
10 256 [1]
9 252 [6]
66 201 [0]
20 246 [1]
10 257 [1]
7 259 [2]
4 263 [1]
9 253 [6]
5 260 [3]
84 184 [0]
0 261 [7]
1 263 [4]
79 188 [1]
5 261 [3]
8 255 [6]
0 262 [7]
1 264 [4]
49 218 [2]
21 248 [0]
11 255 [3]
64 204 [1]
8 256 [5]
5 262 [3]
27 243 [0]
6 263 [1]
2 264 [4]
79 190 [1]
115 156 [0]
48 219 [4]
21 250 [0]
8 258 [5]
2 265 [4]
82 189 [0]
0 265 [7]
21 251 [0]
5 264 [3]
34 235 [4]
1 268 [4]
4 268 [1]
106 165 [2]
4 269 [1]
1 269 [4]
80 190 [4]
9 259 [6]
8 266 [0]
8 261 [5]
43 230 [2]
7 263 [5]
7 266 [2]
42 231 [2]
1 270 [4]
6 268 [1]
8 267 [0]
14 257 [4]
64 210 [1]
34 238 [3]
7 268 [1]
16 260 [0]
99 177 [0]
14 256 [6]
4 267 [5]
1 271 [4]
38 236 [2]
22 247 [7]
2 270 [4]
7 267 [2]
0 269 [7]
0 270 [7]
8 264 [5]
2 271 [4]
39 237 [1]
5 269 [3]
50 227 [0]
16 261 [0]
99 179 [0]
6 271 [1]
0 271 [7]
16 262 [0]
9 263 [6]
2 272 [4]
8 265 [5]
1 273 [4]
14 258 [6]
7 271 [1]
2 273 [4]
0 272 [7]
13 260 [6]
1 274 [4]
45 233 [1]
16 257 [6]
5 271 [3]
100 172 [7]
29 244 [7]
1 275 [4]
0 273 [7]
84 193 [3]
17 257 [6]
16 264 [0]
11 266 [3]
13 261 [6]
57 221 [3]
2 278 [1]
6 274 [1]
16 265 [0]
13 262 [6]
1 276 [4]
9 266 [6]
7 269 [5]
127 154 [0]
5 273 [3]
8 268 [5]
22 252 [7]
3 278 [0]
8 269 [5]
9 267 [6]
5 274 [3]
64 217 [1]
7 274 [1]
0 275 [7]
9 268 [6]
56 225 [2]
10 272 [1]
0 276 [7]
38 243 [2]
119 165 [0]
8 271 [5]
2 281 [1]
5 276 [3]
21 263 [0]
0 280 [4]
6 278 [0]
28 256 [0]
27 258 [0]
8 272 [5]
4 280 [1]
1 280 [4]
23 259 [3]
1 281 [3]
14 265 [6]
8 275 [2]
13 271 [2]
114 172 [0]
106 178 [2]
2 277 [7]
9 271 [6]
0 279 [7]
8 273 [5]
6 275 [5]
58 228 [0]
16 270 [0]
2 283 [1]
43 242 [2]
8 274 [5]
6 276 [5]
5 279 [3]
10 275 [2]
6 277 [4]
7 275 [5]
7 278 [2]
1 283 [3]
4 278 [5]
39 247 [1]
7 277 [3]
121 166 [1]
120 168 [0]
4 281 [3]
10 276 [2]
68 218 [2]
36 245 [7]
28 258 [2]
7 276 [5]
4 277 [7]
6 282 [0]
13 270 [6]
27 260 [2]
9 277 [3]
9 274 [6]
27 261 [2]
99 191 [0]
1 288 [1]
1 285 [4]
100 188 [2]
2 287 [1]
8 282 [0]
8 280 [2]
21 269 [0]
10 280 [0]
9 275 [6]
43 248 [0]
34 254 [3]
9 276 [6]
2 288 [1]
82 207 [2]
1 286 [4]
8 281 [2]
7 282 [2]
6 280 [5]
12 277 [2]
4 282 [5]
6 281 [5]
8 279 [5]
42 244 [6]
0 285 [7]
2 289 [1]
23 266 [3]
14 272 [6]
1 284 [7]
5 284 [4]
18 268 [7]
27 264 [2]
2 284 [7]
8 283 [2]
5 285 [3]
112 181 [0]
36 253 [4]
0 289 [4]
48 241 [4]
0 286 [7]
10 283 [0]
23 267 [3]
7 284 [3]
0 287 [7]
6 283 [5]
27 265 [2]
6 284 [4]
134 160 [0]
16 272 [6]
1 289 [4]
85 209 [0]
5 286 [3]
10 284 [0]
28 265 [2]
88 206 [1]
5 288 [2]
84 208 [3]
1 290 [4]
7 287 [2]
69 226 [1]
15 274 [7]
3 288 [5]
9 281 [6]
11 282 [3]
38 256 [2]
2 290 [4]
130 166 [0]
8 286 [2]
85 211 [0]
100 190 [7]
9 282 [6]
48 245 [4]
6 291 [0]
144 153 [0]
119 178 [0]
10 287 [0]
5 289 [3]
6 286 [5]
10 285 [2]
139 158 [0]
8 287 [2]
0 290 [7]
1 292 [4]
5 287 [5]
111 182 [4]
2 292 [4]
9 284 [5]
36 255 [7]
12 284 [2]
7 286 [5]
8 285 [5]
5 290 [3]
10 286 [2]
0 297 [1]
38 258 [2]
2 295 [1]
9 283 [6]
2 293 [4]
83 215 [1]
0 295 [4]
43 250 [6]
20 277 [2]
8 289 [2]
10 289 [0]
4 294 [1]
27 270 [2]
8 291 [0]
1 294 [4]
5 292 [3]
1 295 [4]
6 289 [5]
91 204 [5]
44 249 [7]
4 291 [5]
0 293 [7]
148 152 [0]
43 251 [6]
7 291 [2]
113 188 [0]
107 194 [0]
5 293 [3]
7 288 [6]
4 296 [1]
1 296 [4]
10 290 [1]
0 294 [7]
27 273 [2]
5 294 [3]
56 243 [3]
8 288 [6]
73 226 [3]
1 298 [4]
55 245 [3]
8 290 [5]
7 296 [1]
2 297 [5]
1 299 [4]
5 297 [2]
8 294 [2]
2 298 [4]
58 246 [0]
10 292 [2]
48 253 [3]
7 292 [5]
10 294 [0]
2 301 [1]
20 284 [1]
4 300 [1]
6 294 [5]
0 298 [7]
85 220 [0]
3 297 [5]
2 299 [4]
1 300 [4]
8 292 [5]
38 265 [3]
14 290 [2]
30 274 [2]
5 298 [3]
3 303 [0]
147 159 [0]
0 299 [7]
9 291 [6]
8 293 [5]
21 285 [0]
6 295 [5]
1 302 [4]
4 302 [1]
9 292 [6]
5 299 [3]
0 301 [7]
22 280 [6]
27 279 [2]
75 227 [6]
13 290 [6]
6 302 [1]
8 296 [5]
9 294 [6]
75 229 [6]
7 297 [6]
5 302 [3]
0 309 [1]
22 281 [7]
7 301 [2]
2 308 [1]
5 301 [5]
10 301 [0]
8 301 [2]
1 306 [4]
9 296 [6]
8 298 [5]
0 304 [7]
9 297 [6]
38 272 [2]
3 309 [0]
4 303 [5]
7 303 [2]
8 304 [0]
1 307 [4]
22 283 [7]
8 299 [5]
0 305 [7]
1 309 [3]
4 304 [5]
2 307 [4]
8 300 [5]
16 298 [0]
7 302 [5]
10 304 [0]
5 306 [3]
15 292 [7]
5 304 [5]
4 310 [1]
29 280 [6]
21 294 [0]
1 310 [4]
56 256 [3]
16 299 [0]
9 300 [6]
5 307 [3]
151 164 [0]
0 308 [7]
10 305 [1]
85 231 [0]
101 215 [0]
2 309 [5]
25 287 [4]
4 308 [5]
4 312 [1]
1 312 [4]
92 223 [2]
10 306 [1]
49 263 [5]
132 185 [0]
13 298 [6]
56 258 [3]
22 289 [6]
9 302 [6]
50 262 [6]
23 291 [4]
10 308 [0]
13 299 [6]
8 305 [5]
9 303 [6]
5 310 [3]
2 315 [1]
8 308 [2]
43 269 [6]
3 315 [0]
0 311 [7]
8 306 [5]
6 308 [5]
5 311 [3]
27 290 [2]
10 307 [2]
32 280 [7]
1 314 [4]
9 304 [6]
2 313 [4]
7 307 [5]
0 313 [7]
8 307 [5]
2 317 [1]
8 310 [2]
3 317 [0]
5 313 [3]
9 306 [6]
18 296 [7]
1 316 [4]
0 314 [7]
84 235 [3]
9 307 [6]
0 315 [7]
8 312 [2]
14 306 [2]
27 293 [2]
7 309 [6]
45 277 [0]
10 312 [0]
6 312 [5]
0 322 [1]
9 308 [6]
109 214 [0]
6 316 [1]
6 315 [2]
21 302 [0]
4 315 [5]
56 265 [3]
5 316 [3]
8 311 [5]
34 287 [3]
9 309 [6]
7 312 [5]
7 315 [2]
14 305 [6]
6 317 [2]
13 306 [6]
33 288 [4]
1 320 [4]
18 300 [7]
3 322 [0]
9 310 [6]
4 320 [1]
64 260 [1]
0 319 [7]
87 236 [3]
50 270 [6]
7 317 [2]
61 263 [2]
1 321 [4]
9 312 [6]
64 262 [1]
0 323 [4]
2 318 [7]
16 311 [0]
5 319 [3]
6 320 [1]
8 314 [5]
2 324 [1]
2 321 [4]
56 272 [0]
1 324 [3]
98 229 [1]
7 320 [1]
7 316 [5]
6 318 [4]
1 323 [4]
0 321 [7]
7 318 [3]
122 206 [0]
10 316 [2]
27 299 [2]
50 273 [6]
8 316 [5]
11 315 [3]
8 315 [6]
2 322 [5]
16 313 [0]
98 227 [4]
5 321 [3]
64 264 [1]
102 227 [1]
2 327 [1]
1 325 [4]
48 278 [4]
16 314 [0]
3 327 [0]
25 301 [4]
29 295 [7]
0 324 [7]
85 244 [2]
21 310 [0]
1 326 [4]
24 306 [1]
3 328 [0]
42 289 [0]
4 326 [1]
8 317 [6]
8 319 [5]
1 328 [3]
13 313 [6]
8 324 [0]
9 318 [5]
0 325 [7]
10 320 [2]
4 324 [5]
5 325 [3]
8 323 [2]
25 304 [4]
21 312 [0]
13 314 [6]
7 324 [2]
33 297 [4]
6 323 [5]
5 324 [5]
0 327 [7]
2 331 [1]
43 285 [6]
5 326 [3]
8 321 [5]
10 323 [2]
2 329 [4]
16 319 [0]
6 327 [2]
64 270 [1]
7 322 [6]
9 320 [6]
112 222 [2]
50 279 [7]
8 326 [2]
0 329 [7]
124 212 [0]
6 328 [2]
10 326 [0]
4 327 [5]
7 327 [2]
4 330 [3]
1 333 [3]
9 322 [6]
22 308 [7]
4 328 [5]
112 223 [2]
7 328 [2]
8 325 [5]
18 320 [0]
42 295 [1]
5 330 [3]
15 316 [7]
51 288 [0]
20 318 [1]
3 336 [0]
9 324 [6]
10 330 [0]
27 311 [2]
4 333 [3]
1 332 [7]
7 331 [2]
10 329 [1]
1 336 [3]
4 331 [5]
75 264 [1]
34 304 [3]
6 330 [5]
2 332 [7]
16 325 [0]
5 333 [3]
97 237 [7]
5 331 [5]
8 327 [6]
109 233 [0]
15 320 [7]
7 332 [3]
2 339 [1]
8 328 [6]
3 339 [0]
11 327 [4]
8 329 [5]
6 332 [4]
27 313 [2]
8 333 [2]
2 334 [7]
4 332 [7]
27 314 [2]
10 333 [0]
9 328 [6]
94 249 [0]
6 337 [0]
5 339 [0]
2 335 [7]
3 341 [0]
7 334 [3]
6 334 [4]
6 336 [2]
6 335 [4]
3 342 [0]
38 305 [2]
69 276 [0]
7 335 [3]
2 342 [1]
69 275 [1]
1 340 [4]
8 337 [0]
4 336 [5]
7 336 [2]
9 330 [6]
70 276 [0]
30 316 [0]
33 309 [4]
4 335 [7]
2 340 [4]
79 266 [1]
9 331 [6]
7 337 [2]
36 303 [7]
90 253 [3]
1 338 [7]
12 332 [2]
6 340 [1]
2 338 [7]
9 334 [5]
6 342 [0]
148 196 [4]
7 340 [1]
4 339 [5]
2 341 [5]
10 332 [6]
9 333 [6]
7 339 [2]
7 338 [3]
5 341 [2]
27 319 [2]
6 338 [4]
75 273 [1]
50 293 [6]
2 343 [4]
12 335 [2]
2 346 [1]
4 338 [7]
79 267 [3]
0 343 [7]
27 321 [2]
80 266 [4]
1 346 [3]
1 345 [4]
8 336 [6]
16 329 [6]
51 297 [3]
22 323 [6]
73 275 [3]
11 337 [3]
0 344 [7]
4 342 [5]
111 237 [4]
9 337 [6]
5 344 [3]
0 345 [7]
12 338 [2]
37 315 [0]
4 346 [3]
4 348 [1]
2 350 [1]
5 345 [3]
22 326 [5]
1 348 [4]
8 340 [5]
49 302 [2]
3 350 [0]
8 339 [6]
25 324 [4]
7 341 [6]
2 351 [1]
129 225 [0]
9 339 [6]
10 343 [1]
48 303 [3]
1 350 [3]
10 338 [6]
27 325 [2]
10 344 [1]
0 351 [4]
8 341 [6]
20 334 [1]
6 348 [1]
69 286 [0]
78 277 [0]
141 214 [0]
5 347 [3]
91 260 [5]
8 343 [5]
5 346 [5]
4 351 [1]
8 342 [6]
1 351 [4]
1 352 [3]
6 345 [5]
9 341 [6]
131 225 [0]
8 346 [2]
6 346 [5]
20 332 [5]
7 345 [5]
10 345 [2]
10 347 [0]
0 350 [7]
8 347 [2]
70 286 [1]
2 349 [7]
6 347 [5]
132 226 [0]
29 323 [6]
91 262 [5]
33 322 [4]
19 336 [4]
7 350 [2]
7 349 [3]
4 350 [5]
4 352 [3]
22 330 [7]
2 356 [1]
6 349 [4]
119 240 [1]
20 335 [5]
86 273 [1]
1 356 [3]
36 317 [7]
16 344 [0]
7 348 [5]
0 353 [7]
14 344 [2]
2 354 [4]
1 355 [4]
9 345 [6]
4 349 [7]
5 352 [3]
25 331 [4]
75 279 [6]
29 326 [6]
112 247 [2]
2 355 [4]
9 346 [6]
8 351 [2]
0 354 [7]
5 353 [3]
50 311 [0]
55 303 [3]
10 351 [0]
15 340 [7]
32 323 [7]
9 347 [6]
0 355 [7]
8 352 [2]
5 354 [3]
1 354 [7]
6 351 [5]
10 352 [0]
22 333 [7]
1 361 [1]
23 337 [3]
12 349 [2]
13 344 [6]
14 343 [6]
64 298 [1]
9 348 [6]
51 309 [3]
176 187 [0]
4 356 [3]
2 358 [4]
56 305 [3]
45 318 [1]
50 313 [1]
10 353 [1]
1 359 [4]
4 359 [1]
8 350 [6]
105 254 [6]
9 350 [6]
0 358 [7]
10 354 [1]
8 357 [0]
32 326 [7]
1 360 [4]
16 343 [6]
10 355 [1]
4 357 [5]
80 282 [4]
61 302 [3]
2 360 [4]
91 270 [5]
8 356 [2]
2 363 [1]
49 310 [7]
7 357 [2]
4 362 [1]
6 356 [5]
9 352 [6]
147 219 [1]
5 359 [3]
8 354 [5]
1 362 [4]
0 360 [7]
34 331 [3]
8 355 [5]
104 264 [0]
177 191 [0]
5 361 [2]
5 363 [0]
2 361 [5]
13 355 [0]
10 359 [0]
100 267 [2]
8 359 [2]
38 329 [2]
2 366 [1]
48 317 [4]
21 348 [0]
0 362 [7]
14 353 [2]
137 232 [0]
10 358 [1]
3 361 [5]
50 319 [0]
139 229 [1]
6 359 [5]
50 314 [6]
1 365 [4]
9 355 [6]
5 362 [3]
39 330 [1]
16 354 [0]
14 355 [2]
9 356 [6]
3 368 [0]
6 363 [2]
2 365 [4]
2 368 [1]
0 364 [7]
8 358 [5]
79 291 [1]
5 366 [0]
10 360 [1]
30 340 [2]
4 363 [5]
13 353 [6]
8 364 [0]
7 363 [2]
1 367 [4]
4 367 [1]
27 344 [2]
4 364 [5]
8 360 [5]
100 266 [7]
5 365 [3]
19 350 [4]
13 360 [0]
75 293 [6]
6 368 [0]
9 359 [6]
6 366 [2]
2 371 [1]
5 364 [5]
20 349 [5]
7 361 [6]
10 364 [0]
1 371 [3]
5 367 [3]
4 366 [5]
8 361 [6]
128 243 [4]
8 362 [5]
7 366 [2]
9 361 [6]
14 360 [2]
2 373 [1]
0 369 [7]
88 281 [7]
51 322 [3]
141 233 [2]
2 370 [4]
4 368 [5]
8 367 [2]
11 363 [3]
6 371 [0]
0 370 [7]
0 373 [4]
10 367 [0]
2 374 [1]
8 363 [6]
50 321 [6]
6 367 [5]
33 341 [4]
64 313 [1]
0 371 [7]
3 375 [0]
5 370 [3]
98 279 [1]
1 373 [4]
80 291 [7]
8 365 [5]
64 314 [1]
175 204 [0]
9 364 [6]
22 351 [6]
0 372 [7]
5 374 [0]
8 369 [2]
7 371 [2]
86 293 [1]
0 379 [1]
16 358 [6]
5 372 [3]
6 369 [5]
11 366 [3]
85 295 [0]
4 371 [5]
21 359 [0]
8 366 [6]
45 334 [1]
6 375 [0]
10 371 [0]
7 369 [5]
16 365 [0]
50 325 [6]
93 288 [0]
10 369 [2]
22 352 [7]
5 371 [5]
5 373 [3]
3 379 [0]
1 380 [1]
8 368 [6]
0 375 [7]
6 374 [2]
36 339 [7]
27 353 [2]
102 279 [1]
2 377 [4]
8 370 [5]
3 380 [0]
68 310 [5]
7 374 [2]
8 375 [0]
10 373 [0]
8 373 [2]
27 354 [2]
1 378 [4]
21 362 [0]
38 343 [2]
23 357 [3]
28 354 [2]
5 376 [3]
9 369 [6]
7 375 [2]
4 376 [4]
45 338 [1]
1 376 [7]
4 375 [5]
2 378 [4]
2 381 [1]
56 329 [0]
1 377 [7]
128 256 [1]
114 266 [5]
22 356 [7]
0 378 [7]
27 358 [0]
8 372 [5]
0 381 [4]
5 377 [3]
36 342 [7]
2 382 [1]
9 371 [6]
7 376 [3]
7 378 [1]
24 355 [7]
5 378 [3]
1 382 [3]
2 379 [5]
1 381 [4]
39 347 [1]
29 351 [7]
0 380 [7]
5 380 [2]
2 384 [1]
2 380 [5]
113 267 [7]
3 384 [0]
158 229 [0]
176 210 [2]
21 367 [0]
8 374 [6]
16 372 [0]
186 202 [0]
11 374 [3]
8 376 [5]
0 382 [7]
5 381 [3]
100 282 [7]
10 378 [1]
11 375 [3]
147 241 [1]
12 376 [1]
8 377 [5]
14 370 [6]
9 375 [6]
6 384 [0]
4 385 [1]
21 369 [0]
8 382 [0]
1 386 [4]
135 256 [0]
0 387 [4]
2 388 [1]
24 360 [7]
7 382 [2]
9 376 [6]
13 378 [0]
2 383 [7]
98 293 [1]
0 385 [7]
1 387 [4]
1 388 [3]
5 382 [5]
6 381 [5]
7 379 [6]
39 352 [1]
2 386 [4]
75 311 [6]
5 385 [3]
6 383 [4]
25 364 [4]
7 384 [2]
8 380 [6]
14 378 [2]
9 379 [6]
4 387 [3]
27 365 [2]
16 377 [1]
2 391 [1]
5 386 [3]
48 342 [4]
1 389 [4]
4 383 [7]
9 380 [6]
55 339 [1]
2 389 [4]
51 341 [3]
0 388 [7]
174 221 [0]
176 217 [2]
2 390 [4]
0 389 [7]
187 210 [0]
10 387 [0]
75 321 [1]
10 385 [2]
5 389 [3]
7 385 [5]
12 383 [2]
10 386 [1]
1 390 [7]
124 274 [0]
8 388 [2]
8 384 [6]
5 388 [5]
100 291 [7]
38 358 [2]
10 388 [0]
105 287 [6]
6 387 [5]
5 390 [3]
197 201 [0]
0 391 [7]
10 383 [6]
1 394 [4]
27 370 [2]
8 386 [5]
6 388 [5]
4 395 [1]
1 395 [4]
1 396 [3]
4 391 [5]
75 319 [6]
8 392 [0]
7 391 [2]
0 393 [7]
2 394 [4]
28 370 [2]
75 325 [1]
7 392 [2]
34 364 [3]
4 392 [5]
9 386 [6]
22 373 [6]
8 393 [0]
0 394 [7]
27 372 [2]
8 389 [5]
4 393 [5]
0 395 [7]
9 387 [6]
14 386 [2]
181 222 [0]
4 396 [3]
5 393 [5]
77 326 [0]
8 390 [5]
5 395 [3]
9 388 [6]
10 393 [0]
122 281 [0]
2 398 [4]
0 397 [7]
152 252 [0]
129 272 [3]
5 396 [3]
2 401 [1]
16 389 [0]
0 398 [7]
8 395 [2]
4 400 [1]
1 400 [4]
5 397 [3]
8 396 [2]
10 396 [0]
36 363 [7]
9 391 [6]
0 399 [7]
2 403 [1]
0 400 [7]
137 268 [2]
0 403 [4]
8 394 [5]
16 390 [1]
9 393 [6]
5 400 [3]
2 405 [1]
13 389 [6]
21 385 [2]
1 403 [4]
36 368 [4]
20 383 [5]
1 404 [4]
29 373 [7]
10 397 [2]
10 398 [1]
7 397 [5]
1 405 [3]
1 407 [1]
16 394 [0]
4 402 [4]
1 402 [7]
27 377 [6]
2 407 [1]
2 404 [4]
6 404 [1]
8 401 [2]
38 370 [3]
185 226 [0]
61 348 [2]
10 401 [0]
9 396 [6]
2 402 [7]
1 406 [4]
25 382 [4]
6 402 [4]
86 325 [1]
7 404 [1]
2 406 [4]
10 400 [2]
7 402 [3]
35 377 [0]
6 401 [5]
8 399 [5]
10 402 [0]
105 301 [6]
4 408 [1]
0 406 [7]
3 410 [0]
1 408 [4]
13 394 [6]
8 400 [5]
56 358 [0]
117 297 [0]
5 406 [3]
6 403 [5]
5 407 [2]
0 407 [7]
69 345 [0]
102 311 [1]
42 373 [0]
3 407 [5]
2 409 [4]
0 408 [7]
51 361 [3]
12 402 [1]
5 405 [5]
8 405 [2]
9 402 [5]
25 391 [0]
10 404 [2]
33 379 [4]
22 387 [7]
0 409 [7]
6 405 [5]
9 401 [6]
21 395 [0]
8 404 [5]
10 406 [1]
22 388 [7]
1 412 [4]
29 381 [7]
2 410 [5]
5 410 [2]
24 386 [7]
4 412 [1]
178 240 [0]
98 319 [1]
49 362 [7]
14 398 [6]
27 389 [2]
84 331 [3]
21 397 [0]
0 412 [7]
9 404 [6]
15 404 [0]
14 399 [6]
0 415 [4]
1 414 [4]
10 409 [1]
2 411 [7]
48 368 [4]
7 407 [6]
4 415 [1]
2 417 [1]
9 405 [6]
10 408 [2]
16 398 [6]
1 415 [4]
5 412 [3]
89 328 [3]
13 406 [2]
7 411 [3]
6 414 [1]
8 408 [5]
1 416 [4]
1 417 [3]
80 337 [4]
76 344 [1]
6 411 [4]
1 413 [7]
21 400 [0]
14 406 [2]
25 393 [4]
8 409 [5]
127 295 [0]
2 413 [7]
2 416 [4]
1 418 [4]
4 418 [1]
27 394 [2]
6 413 [4]
20 402 [1]
27 390 [6]
7 410 [6]
5 415 [3]
7 413 [3]
95 328 [0]
5 416 [3]
8 410 [6]
10 412 [2]
1 419 [4]
4 413 [7]
9 413 [3]
180 245 [0]
8 415 [2]
18 404 [3]
8 412 [5]
0 418 [7]
22 396 [7]
5 418 [3]
50 372 [4]
147 278 [1]
7 414 [5]
27 399 [0]
0 419 [7]
6 415 [5]
2 420 [4]
2 423 [1]
0 423 [4]
12 413 [2]
115 310 [2]
8 417 [2]
4 422 [1]
39 387 [1]
36 384 [7]
1 422 [4]
0 420 [7]
10 416 [1]
43 385 [0]
181 247 [0]
1 423 [4]
0 424 [4]
8 418 [2]
6 417 [5]
28 399 [2]
6 418 [5]
14 409 [6]
9 414 [6]
21 408 [0]
42 381 [6]
13 416 [0]
8 421 [0]
0 422 [7]
34 391 [4]
8 419 [2]
64 365 [1]
7 421 [2]
4 421 [5]
1 425 [4]
34 393 [3]
76 353 [1]
53 377 [0]
5 422 [3]
109 318 [3]
22 401 [7]
6 419 [5]
7 418 [5]
10 420 [1]
51 380 [0]
211 220 [0]
27 398 [6]
9 416 [6]
16 409 [6]
148 283 [0]
7 419 [5]
10 419 [2]
4 424 [3]
89 336 [7]
95 336 [1]
0 425 [7]
5 424 [3]
14 416 [2]
20 411 [1]
8 422 [2]
26 400 [6]
10 422 [0]
9 417 [6]
9 418 [6]
0 426 [7]
2 430 [1]
21 412 [0]
6 422 [5]
174 259 [0]
203 230 [0]
8 420 [5]
0 429 [4]
2 428 [4]
9 419 [6]
128 305 [1]
4 429 [1]
6 423 [5]
1 430 [3]
8 424 [2]
1 429 [4]
0 430 [4]
10 424 [0]
5 426 [3]
3 432 [0]
137 296 [2]
21 414 [0]
68 362 [5]
6 424 [5]
8 425 [2]
90 342 [3]
2 432 [1]
10 425 [0]
2 427 [7]
6 425 [5]
1 428 [7]
5 428 [3]
48 384 [4]
9 421 [6]
79 357 [1]
0 433 [4]
2 431 [4]
97 333 [7]
9 422 [6]
10 426 [1]
6 427 [4]
4 430 [3]
5 429 [3]
7 427 [3]
7 425 [5]
88 346 [4]
69 369 [1]
176 261 [2]
1 434 [4]
21 418 [0]
152 283 [4]
9 424 [6]
38 399 [2]
3 436 [0]
1 431 [7]
137 300 [2]
2 436 [1]
29 403 [7]
0 432 [7]
8 429 [2]
5 431 [3]
38 398 [4]
43 397 [0]
5 430 [5]
4 433 [3]
6 429 [5]
14 420 [6]
54 382 [4]
26 408 [6]
8 430 [2]
6 432 [2]
9 425 [6]
24 416 [0]
5 433 [3]
8 428 [5]
7 432 [2]
0 434 [7]
75 365 [1]
4 432 [5]
9 427 [5]
175 262 [4]
6 430 [5]
14 426 [2]
5 434 [3]
6 436 [0]
3 440 [0]
8 435 [0]
1 438 [4]
8 433 [2]
53 390 [0]
22 415 [6]
2 440 [1]
4 438 [1]
208 235 [0]
112 330 [2]
135 305 [4]
4 435 [5]
6 433 [5]
100 337 [7]
106 338 [0]
7 435 [2]
33 407 [4]
8 431 [5]
6 434 [5]
7 436 [2]
186 258 [1]
6 438 [1]
97 347 [1]
4 436 [5]
2 439 [4]
73 369 [3]
9 430 [6]
109 334 [3]
2 437 [7]
22 417 [7]
5 438 [3]
8 432 [6]
10 434 [2]
7 434 [5]
21 425 [0]
6 440 [0]
7 437 [3]
33 410 [4]
23 421 [3]
1 442 [4]
6 437 [4]
2 444 [1]
103 344 [0]
2 442 [4]
87 358 [3]
1 444 [3]
20 427 [1]
9 433 [6]
0 442 [7]
143 306 [0]
43 400 [6]
211 231 [7]
154 295 [0]
1 448 [1]
8 436 [6]
16 428 [6]
7 438 [5]
0 443 [7]
5 442 [3]
2 441 [7]
9 435 [6]
7 441 [3]
3 448 [0]
9 437 [5]
29 415 [7]
49 395 [7]
119 332 [0]
6 441 [4]
4 443 [5]
0 445 [7]
8 439 [5]
209 244 [0]
4 444 [5]
22 424 [7]
126 327 [0]
75 372 [6]
10 443 [0]
5 443 [5]
9 438 [6]
10 437 [6]
2 447 [4]
5 445 [3]
5 446 [3]
4 446 [4]
1 446 [7]
10 444 [0]
8 440 [6]
8 444 [2]
16 439 [0]
5 448 [2]
188 267 [0]
79 375 [1]
27 426 [2]
6 444 [5]
1 447 [7]
119 335 [1]
4 447 [4]
9 441 [5]
2 449 [4]
1 450 [4]
0 448 [7]
198 257 [0]
99 356 [0]
4 451 [1]
114 337 [5]
1 451 [4]
2 450 [4]
0 455 [1]
7 446 [3]
6 447 [3]
22 429 [6]
10 447 [0]
5 449 [3]
7 447 [3]
203 248 [6]
1 449 [7]
43 408 [6]
45 411 [1]
45 413 [0]
10 446 [2]
16 442 [0]
3 455 [0]
51 407 [0]
9 443 [6]
0 451 [7]
28 428 [2]
20 437 [1]
5 450 [3]
1 455 [2]
1 453 [4]
8 445 [5]
83 376 [0]
12 446 [1]
1 454 [4]
203 250 [6]
100 357 [2]
4 454 [1]
14 439 [6]
0 452 [7]
2 456 [1]
5 451 [3]
29 423 [7]
21 438 [0]
203 251 [6]
8 447 [5]
12 447 [1]
1 456 [3]
219 241 [0]
202 258 [0]
103 353 [4]
148 308 [4]
137 320 [3]
6 453 [1]
10 449 [1]
10 450 [1]
7 453 [1]
16 445 [0]
4 455 [2]
43 412 [6]
129 329 [3]
10 451 [0]
2 458 [1]
90 368 [3]
7 448 [6]
5 453 [3]
9 446 [6]
82 377 [2]
27 428 [6]
20 441 [1]
2 455 [5]
8 448 [6]
2 459 [1]
6 451 [5]
22 433 [7]
5 454 [3]
199 263 [0]
5 455 [2]
141 318 [3]
9 447 [6]
35 428 [0]
9 448 [6]
0 456 [7]
8 450 [5]
6 452 [5]
7 451 [5]
2 460 [1]
124 340 [0]
10 452 [2]
51 410 [3]
2 457 [5]
39 424 [1]
7 452 [5]
27 431 [6]
8 454 [2]
10 454 [0]
5 457 [2]
0 460 [4]
28 431 [6]
4 460 [1]
5 458 [2]
29 429 [7]
68 395 [2]
1 460 [4]
147 317 [1]
117 341 [7]
6 459 [0]
111 347 [7]
5 456 [5]
0 459 [7]
8 456 [2]
8 453 [5]
10 456 [0]
27 439 [0]
6 458 [2]
35 431 [0]
9 451 [6]
14 450 [2]
204 262 [0]
4 458 [5]
7 458 [2]
9 452 [6]
14 449 [4]
1 462 [4]
2 461 [4]
3 459 [5]
6 455 [6]
85 381 [2]
7 455 [6]
32 429 [7]
107 361 [0]
9 453 [6]
122 346 [0]
17 449 [2]
119 349 [1]
1 461 [7]
222 247 [0]
3 466 [0]
4 464 [1]
155 314 [0]
0 462 [7]
1 464 [4]
28 439 [2]
4 461 [4]
10 460 [0]
7 457 [6]
1 465 [4]
9 455 [6]
5 462 [3]
8 460 [2]
27 442 [2]
9 456 [6]
7 461 [3]
16 449 [6]
8 457 [6]
5 463 [3]
216 255 [0]
1 463 [7]
6 460 [5]
190 282 [0]
39 433 [0]
25 443 [4]
6 466 [0]
11 458 [3]
5 464 [3]
8 458 [6]
0 465 [7]
21 451 [0]
230 242 [0]
22 444 [7]
6 462 [5]
2 470 [1]
7 463 [3]
21 452 [0]
1 471 [1]
10 462 [2]
82 390 [2]
8 461 [5]
8 466 [0]
8 464 [2]
9 459 [6]
2 471 [1]
79 392 [3]
27 445 [2]
7 462 [5]
0 467 [7]
12 461 [1]
84 391 [0]
7 466 [2]
15 453 [7]
129 343 [3]
183 292 [0]
5 467 [3]
10 463 [2]
104 365 [6]
6 464 [5]
4 466 [5]
36 436 [4]
176 298 [2]
8 468 [0]
9 461 [6]
8 463 [5]
0 475 [1]
101 376 [0]
4 468 [5]
12 463 [2]
7 468 [2]
61 414 [2]
10 465 [2]
9 462 [6]
7 465 [5]
176 299 [2]
113 357 [7]
3 475 [0]
8 465 [5]
8 470 [0]
0 471 [7]
203 269 [6]
2 469 [7]
2 472 [4]
145 333 [0]
5 471 [2]
4 474 [1]
7 470 [2]
7 469 [3]
115 362 [2]
3 471 [5]
6 469 [4]
4 470 [5]
167 313 [0]
5 470 [5]
221 259 [0]
38 439 [3]
34 443 [3]
10 470 [0]
24 450 [7]
1 473 [7]
1 476 [4]
22 454 [5]
4 476 [1]
92 387 [2]
5 475 [2]
5 474 [3]
66 415 [1]
11 468 [3]
2 475 [5]
173 309 [0]
2 473 [7]
1 477 [4]
10 472 [1]
9 468 [6]
2 480 [1]
53 428 [2]
16 467 [0]
36 440 [7]
7 473 [3]
9 469 [5]
6 473 [4]
10 474 [0]
7 471 [6]
8 474 [2]
180 303 [1]
0 477 [7]
5 476 [3]
1 480 [3]
4 473 [7]
5 477 [3]
30 453 [2]
6 474 [5]
1 483 [1]
23 459 [3]
2 479 [4]
10 469 [6]
0 478 [7]
9 470 [6]
22 456 [7]
8 472 [5]
87 398 [0]
13 467 [6]
53 431 [2]
1 481 [4]
10 476 [0]
5 478 [3]
21 465 [0]
8 476 [2]
2 484 [1]
1 482 [4]
5 479 [3]
140 347 [0]
22 460 [6]
7 475 [6]
0 487 [1]
0 481 [7]
8 475 [6]
69 419 [1]
6 482 [1]
9 474 [6]
10 478 [1]
5 481 [3]
183 307 [0]
8 477 [5]
8 480 [2]
1 487 [2]
20 469 [1]
1 486 [3]
106 383 [1]
10 479 [1]
5 483 [2]
3 485 [2]
3 487 [0]
0 484 [7]
6 480 [5]
3 483 [5]
107 380 [4]
8 479 [5]
48 440 [4]
3 489 [0]
5 485 [2]
14 472 [6]
147 342 [3]
2 489 [1]
2 485 [5]
8 484 [0]
22 464 [6]
4 484 [5]
32 454 [7]
7 484 [2]
16 477 [0]
7 482 [5]
14 478 [2]
23 468 [3]
33 457 [4]
5 487 [2]
8 481 [5]
203 285 [6]
16 472 [6]
5 484 [5]
85 403 [6]
10 484 [0]
2 487 [5]
16 478 [0]
88 405 [1]
9 480 [6]
21 474 [0]
69 425 [1]
6 489 [0]
4 486 [5]
0 488 [7]
73 419 [3]
173 322 [0]
29 460 [7]
5 488 [3]
8 486 [2]
100 392 [4]
27 467 [2]
7 483 [6]
16 479 [1]
10 486 [0]
2 491 [4]
16 481 [0]
6 486 [5]
1 492 [4]
78 413 [6]
97 396 [4]
9 482 [6]
13 478 [6]
8 483 [6]
9 483 [6]
1 490 [7]
56 439 [3]
7 489 [2]
0 491 [7]
4 489 [5]
145 352 [1]
4 490 [4]
20 473 [5]
7 485 [6]
5 490 [3]
9 484 [6]
6 487 [6]
25 470 [4]
6 492 [1]
0 495 [4]
6 490 [3]
8 485 [6]
10 488 [1]
1 495 [4]
29 464 [7]
7 490 [3]
232 268 [0]
0 496 [4]
7 487 [6]
2 497 [1]
0 493 [7]
7 492 [1]
0 500 [0]
5 493 [3]
0 494 [7]
36 458 [7]
79 421 [1]
50 445 [6]
0 501 [1]
61 438 [3]
10 491 [1]
76 426 [0]
2 499 [1]
9 487 [6]
51 448 [3]
10 490 [2]
69 434 [0]
133 370 [0]
21 482 [0]
1 500 [2]
32 464 [7]
93 407 [3]
4 496 [3]
22 476 [5]
8 490 [5]
119 383 [1]
5 495 [3]
8 491 [5]
5 496 [3]
0 497 [7]
1 499 [4]
70 434 [0]
4 499 [1]
219 278 [7]
3 501 [0]
6 497 [2]
3 502 [0]
8 492 [5]
2 502 [1]
6 494 [5]
9 490 [6]
108 398 [0]
5 498 [3]
7 497 [2]
7 494 [5]
227 279 [0]
10 494 [2]
8 493 [5]
4 497 [5]
10 496 [0]
27 477 [2]
6 495 [5]
5 500 [2]
34 470 [3]
5 499 [3]
195 312 [0]
27 478 [2]
2 500 [5]
74 433 [0]
64 442 [1]
9 492 [6]
10 498 [0]
2 501 [5]
8 498 [2]
33 471 [4]
5 501 [2]
43 465 [0]
2 503 [4]
4 504 [1]
9 494 [6]
22 480 [7]
47 461 [1]
1 504 [4]
28 479 [2]
113 392 [4]
36 466 [7]
6 498 [5]
27 481 [2]
4 500 [6]
6 502 [2]
2 507 [1]
51 457 [3]
2 505 [4]
9 496 [6]
6 504 [1]
7 499 [5]
5 503 [3]
1 507 [3]
4 502 [5]
7 502 [2]
8 497 [6]
27 479 [6]
115 395 [2]
33 475 [4]
7 504 [1]
2 509 [1]
3 509 [0]
8 499 [5]
178 335 [0]
1 505 [7]
2 510 [1]
9 498 [6]
6 501 [6]
16 491 [6]
3 510 [0]
7 501 [6]
35 479 [0]
5 506 [3]
8 500 [6]
9 499 [6]
85 423 [6]
4 507 [3]
10 503 [1]
2 508 [4]
15 492 [7]
7 505 [3]
8 501 [6]
181 330 [4]
2 512 [1]
9 500 [6]
5 510 [0]
82 431 [2]
79 435 [1]
32 476 [7]
22 486 [7]
1 512 [3]
99 417 [0]
10 506 [0]
8 502 [6]
9 501 [6]
2 513 [1]
8 506 [2]
8 503 [5]
10 504 [2]
8 504 [5]
1 513 [3]
27 488 [2]
6 509 [2]
3 514 [0]
8 507 [2]
8 505 [5]
4 509 [5]
6 510 [2]
0 517 [1]
0 511 [7]
14 503 [1]
50 467 [1]
147 368 [3]
7 509 [2]
12 505 [1]
48 466 [4]
241 278 [0]
7 510 [2]
10 508 [1]
3 517 [0]
9 505 [6]
1 516 [3]
57 459 [5]
8 508 [5]
9 506 [6]
34 484 [3]
2 514 [5]
15 499 [7]
5 514 [2]
75 445 [1]
2 515 [4]
27 493 [2]
18 504 [0]
30 492 [0]
9 507 [6]
69 452 [1]
6 511 [5]
8 512 [2]
7 511 [5]
6 512 [5]
8 509 [6]
109 411 [3]
22 495 [6]
8 513 [2]
10 511 [2]
10 513 [0]
4 516 [3]
1 519 [4]
5 516 [3]
2 517 [5]
0 523 [1]
0 520 [4]
6 513 [5]
2 518 [4]
4 519 [1]
8 510 [6]
9 510 [6]
100 421 [4]
16 503 [6]
0 518 [7]
10 515 [1]
9 511 [6]
3 523 [0]
8 516 [2]
15 504 [7]
9 512 [6]
122 405 [0]
7 514 [6]
5 520 [3]
73 452 [3]
2 525 [1]
0 521 [7]
3 525 [0]
14 508 [6]
9 513 [6]
232 296 [0]
8 514 [6]
8 515 [5]
99 430 [0]
1 525 [3]
2 526 [1]
51 475 [3]
143 386 [0]
213 316 [0]
83 446 [0]
103 426 [0]
22 500 [7]
27 503 [0]
8 520 [2]
8 522 [0]
0 526 [4]
16 508 [6]
1 526 [3]
5 523 [2]
7 517 [6]
6 520 [5]
7 522 [2]
69 462 [0]
9 516 [6]
77 454 [0]
7 519 [5]
1 527 [3]
8 518 [5]
29 495 [7]
0 524 [7]
4 522 [5]
38 491 [2]
36 489 [7]
9 517 [6]
0 525 [7]
5 524 [3]
64 467 [1]
86 445 [1]
0 529 [4]
28 503 [2]
50 477 [6]
2 528 [4]
53 479 [2]
16 518 [0]
4 527 [3]
4 525 [5]
4 529 [1]
7 525 [2]
9 519 [6]
117 410 [7]
1 529 [4]
232 300 [3]
250 285 [0]
157 378 [0]
179 356 [0]
9 520 [6]
10 524 [1]
5 527 [3]
2 532 [1]
7 523 [6]
1 532 [3]
5 526 [5]
5 528 [3]
8 526 [2]
22 507 [7]
127 403 [6]
1 528 [7]
39 496 [1]
5 529 [3]
8 527 [2]
16 515 [6]
6 526 [5]
10 527 [0]
51 483 [3]
50 481 [6]
0 534 [4]
91 442 [5]
33 501 [4]
0 531 [7]
35 503 [0]
14 518 [6]
1 530 [7]
39 498 [1]
6 527 [5]
9 523 [6]
16 521 [2]
2 530 [7]
5 531 [3]
219 317 [3]
10 529 [0]
10 528 [1]
2 533 [4]
4 532 [3]
100 435 [4]
51 485 [3]
16 524 [0]
6 530 [4]
13 521 [6]
2 537 [1]
21 519 [0]
7 530 [3]
9 525 [6]
8 528 [5]
2 535 [4]
5 533 [3]
22 512 [7]
113 421 [7]
0 537 [4]
4 534 [3]
9 526 [6]
208 331 [2]
129 409 [3]
227 311 [4]
22 513 [7]
2 536 [4]
238 304 [0]
64 477 [1]
109 427 [6]
5 534 [3]
10 531 [1]
0 535 [7]
36 502 [4]
6 532 [5]
42 495 [6]
13 524 [6]
0 536 [7]
50 493 [0]
8 534 [2]
12 530 [2]
2 538 [4]
9 530 [5]
145 396 [4]
6 534 [5]
5 537 [3]
61 482 [2]
0 541 [4]
22 516 [7]
28 515 [2]
0 538 [7]
10 530 [6]
2 543 [1]
10 535 [1]
8 533 [5]
188 357 [1]
0 539 [7]
39 506 [1]
5 539 [3]
14 531 [2]
16 531 [0]
10 536 [1]
9 532 [6]
83 463 [1]
101 446 [0]
8 537 [2]
38 508 [2]
28 518 [2]
6 537 [5]
19 525 [4]
79 468 [1]
27 515 [6]
8 535 [5]
23 522 [3]
4 541 [3]
245 303 [0]
8 540 [0]
22 520 [7]
36 509 [4]
9 534 [6]
0 542 [7]
8 536 [5]
6 543 [0]
4 540 [5]
1 544 [4]
7 540 [2]
5 541 [3]
227 319 [4]
0 543 [7]
4 545 [1]
16 528 [6]
13 531 [6]
27 521 [2]
36 510 [4]
35 515 [0]
2 544 [4]
1 546 [4]
8 538 [5]
7 539 [5]
8 541 [2]
2 548 [1]
20 530 [1]
0 544 [7]
10 539 [2]
233 318 [0]
3 548 [0]
212 340 [0]
7 543 [2]
80 468 [4]
16 536 [0]
1 548 [3]
4 543 [5]
129 420 [3]
109 437 [6]
75 477 [1]
5 545 [3]
10 543 [0]
27 524 [2]
0 546 [7]
5 543 [5]
148 401 [4]
2 550 [1]
77 476 [0]
47 505 [1]
199 348 [7]
76 478 [0]
0 550 [4]
0 547 [7]
173 379 [2]
5 546 [3]
33 517 [4]
9 540 [6]
5 547 [3]
10 545 [0]
113 435 [7]
8 545 [2]
22 526 [7]
8 542 [5]
0 548 [7]
39 516 [1]
6 545 [5]
22 529 [5]
14 536 [6]
9 541 [6]
109 441 [6]
8 549 [0]
75 481 [1]
16 535 [6]
7 548 [2]
6 551 [0]
8 544 [5]
4 550 [3]
4 548 [5]
152 401 [4]
5 550 [3]
7 549 [2]
14 538 [6]
126 432 [0]
9 543 [6]
4 549 [5]
38 518 [3]
8 546 [5]
8 551 [0]
107 448 [4]
16 544 [0]
1 552 [7]
7 551 [2]
2 554 [4]
33 523 [4]
39 520 [1]
4 552 [4]
2 557 [1]
8 550 [2]
8 547 [5]
10 550 [0]
27 531 [2]
2 555 [4]
2 552 [7]
48 510 [3]
1 553 [7]
5 552 [4]
22 532 [7]
256 305 [0]
6 550 [5]
178 383 [0]
0 557 [4]
27 528 [6]
16 546 [0]
27 535 [0]
7 552 [3]
4 554 [4]
1 554 [7]
14 542 [6]
27 533 [2]
6 552 [4]
2 553 [7]
1 555 [7]
1 558 [4]
9 548 [6]
4 558 [1]
35 528 [0]
7 553 [3]
13 544 [6]
0 556 [7]
16 547 [0]
154 403 [6]
2 560 [1]
4 553 [7]
60 500 [4]
69 494 [1]
101 463 [0]
6 555 [3]
76 488 [0]
29 529 [6]
268 296 [0]
8 552 [5]
11 551 [3]
2 562 [1]
12 552 [1]
27 536 [2]
2 559 [4]
22 537 [6]
7 555 [3]
5 557 [3]
6 558 [1]
9 553 [3]
23 540 [3]
9 551 [6]
21 545 [0]
0 562 [4]
143 416 [7]
6 560 [0]
7 558 [1]
8 557 [2]
0 563 [4]
10 556 [1]
12 554 [1]
1 559 [7]
12 553 [2]
27 538 [2]
2 561 [4]
93 471 [3]
0 560 [7]
4 559 [4]
1 562 [4]
8 554 [5]
1 563 [3]
32 529 [7]
6 557 [5]
1 564 [3]
157 406 [5]
28 538 [2]
6 559 [3]
51 514 [3]
3 560 [5]
0 561 [7]
8 555 [5]
12 555 [1]
27 542 [0]
7 560 [2]
5 561 [3]
1 561 [7]
8 556 [5]
7 559 [3]
9 554 [6]
53 515 [2]
4 563 [3]
9 555 [6]
73 494 [3]
268 300 [3]
8 558 [5]
51 517 [3]
0 565 [7]
12 559 [1]
176 394 [2]
8 559 [5]
5 564 [3]
28 542 [2]
2 566 [4]
233 334 [6]
6 562 [5]
83 490 [0]
5 563 [5]
29 537 [7]
8 563 [2]
4 569 [1]
192 382 [0]
8 561 [5]
2 568 [4]
0 567 [7]
5 566 [3]
39 534 [1]
141 427 [6]
10 564 [0]
6 563 [5]
8 564 [2]
9 559 [6]
38 535 [2]
184 391 [0]
27 546 [2]
0 568 [7]
9 560 [6]
23 549 [3]
9 561 [5]
240 335 [0]
27 547 [2]
14 556 [6]
10 565 [1]
56 518 [3]
5 569 [3]
124 453 [0]
50 521 [6]
16 561 [0]
38 536 [3]
14 561 [2]
51 523 [3]
20 553 [5]
8 565 [5]
9 563 [6]
1 573 [4]
1 574 [4]
9 564 [6]
10 568 [1]
99 480 [0]
2 570 [7]
42 537 [0]
8 566 [5]
154 423 [2]
38 538 [3]
6 570 [4]
141 437 [2]
39 541 [0]
6 569 [5]
2 574 [4]
0 573 [7]
17 561 [2]
8 567 [5]
2 577 [1]
15 558 [7]
1 577 [3]
117 457 [7]
13 568 [0]
69 511 [1]
106 473 [2]
7 569 [5]
4 570 [7]
0 574 [7]
2 578 [1]
5 573 [3]
3 578 [0]
85 495 [2]
61 519 [2]
0 581 [1]
43 539 [0]
5 574 [3]
10 571 [1]
38 542 [2]
216 366 [0]
0 575 [7]
16 567 [0]
9 568 [6]
10 573 [0]
18 558 [7]
8 573 [2]
53 528 [2]
31 552 [0]
5 578 [0]
5 575 [3]
10 572 [1]
1 575 [7]
8 571 [5]
5 576 [3]
12 570 [2]
14 568 [2]
4 577 [3]
6 573 [5]
9 569 [6]
1 579 [4]
3 581 [0]
6 578 [0]
188 392 [4]
4 576 [4]
109 469 [6]
16 568 [0]
4 579 [1]
6 576 [3]
22 557 [6]
8 572 [5]
0 579 [7]
186 399 [1]
60 526 [0]
23 560 [3]
147 436 [3]
10 575 [1]
64 521 [1]
7 576 [3]
10 570 [6]
4 580 [3]
8 577 [2]
13 574 [0]
4 578 [5]
8 574 [5]
1 582 [4]
73 511 [3]
5 579 [3]
5 580 [3]
113 468 [7]
203 385 [0]
141 441 [6]
287 301 [0]
6 577 [5]
10 576 [2]
2 581 [5]
5 581 [2]
9 573 [6]
12 576 [1]
9 574 [6]
8 579 [2]
10 579 [0]
2 586 [1]
8 576 [5]
0 582 [7]
3 586 [0]
6 579 [5]
2 587 [1]
5 582 [3]
216 374 [0]
14 574 [2]
21 569 [0]
10 580 [0]
2 584 [4]
92 496 [2]
1 587 [3]
5 583 [3]
14 571 [6]
1 583 [7]
9 576 [6]
0 584 [7]
14 575 [2]
5 584 [3]
22 563 [7]
0 585 [7]
9 577 [6]
98 493 [1]
8 582 [2]
8 578 [6]
119 473 [1]
9 578 [6]
5 586 [2]
0 586 [7]
1 591 [1]
16 571 [6]
143 450 [0]
7 581 [6]
6 586 [2]
17 575 [2]
107 483 [4]
10 582 [2]
273 321 [0]
7 582 [5]
2 591 [1]
4 587 [3]
21 573 [0]
0 588 [7]
1 590 [4]
240 349 [6]
103 488 [4]
27 566 [2]
28 565 [2]
2 589 [4]
74 520 [1]
3 592 [0]
9 580 [6]
56 536 [3]
20 570 [5]
10 583 [2]
90 502 [3]
2 592 [1]
7 586 [2]
9 581 [6]
38 556 [2]
296 300 [0]
2 593 [1]
179 417 [0]
148 444 [4]
102 493 [1]
8 583 [5]
27 567 [2]
10 585 [1]
16 575 [6]
56 538 [3]
12 583 [2]
8 587 [2]
8 584 [5]
9 582 [6]
0 591 [7]
45 553 [0]
5 591 [2]
0 597 [1]
6 587 [5]
8 585 [5]
5 590 [3]
42 557 [0]
10 588 [1]
117 475 [7]
292 307 [0]
3 591 [5]
1 595 [4]
76 524 [0]
21 579 [0]
5 593 [2]
3 597 [0]
203 397 [0]
8 586 [6]
7 591 [2]
7 592 [2]
10 590 [1]
4 596 [1]
2 595 [4]
0 594 [7]
1 596 [4]
4 592 [5]
272 329 [0]
8 588 [5]
56 542 [3]
44 550 [7]
11 586 [4]
90 509 [3]
9 587 [6]
8 589 [5]
47 554 [1]
4 593 [5]
97 498 [7]
47 555 [0]
5 594 [3]
28 572 [2]
7 593 [2]
280 323 [0]
5 595 [3]
238 364 [1]
227 372 [4]
6 596 [1]
8 590 [5]
1 599 [3]
50 547 [6]
79 522 [3]
2 597 [5]
39 564 [1]
2 601 [1]
16 588 [0]
5 597 [2]
88 512 [4]
129 472 [3]
14 585 [6]
38 565 [2]
0 598 [7]
202 399 [4]
16 589 [0]
24 574 [7]
219 384 [3]
47 559 [0]
0 602 [4]
14 590 [2]
4 599 [3]
8 592 [6]
99 507 [0]
5 599 [3]
11 593 [3]
8 593 [6]
0 600 [7]
2 604 [1]
8 594 [5]
8 595 [5]
14 588 [6]
5 600 [3]
7 596 [5]
9 593 [6]
1 603 [4]
8 599 [2]
5 604 [0]
74 534 [1]
64 544 [1]
117 485 [7]
22 580 [7]
4 602 [3]
10 599 [0]
14 589 [6]
5 602 [3]
97 506 [7]
16 594 [0]
4 601 [5]
112 496 [2]
7 601 [2]
3 608 [0]
8 598 [5]
206 405 [0]
10 601 [0]
40 568 [3]
9 596 [6]
5 603 [3]
38 571 [2]
5 601 [5]
8 601 [2]
16 595 [0]
1 606 [4]
10 600 [1]
263 348 [0]
38 572 [2]
1 607 [4]
6 604 [2]
9 597 [6]
2 606 [4]
77 529 [6]
141 469 [2]
10 602 [0]
8 602 [2]
3 609 [0]
7 604 [2]
2 607 [4]
6 602 [5]
199 414 [0]
27 584 [2]
24 590 [0]
13 595 [6]
16 598 [0]
147 466 [1]
2 605 [7]
9 599 [6]
0 610 [4]
75 533 [6]
10 603 [1]
6 605 [4]
2 608 [5]
5 607 [3]
230 385 [0]
5 608 [2]
74 541 [0]
2 612 [1]
188 421 [6]
272 343 [0]
56 556 [3]
7 605 [3]
203 412 [1]
2 613 [1]
4 605 [7]
16 600 [0]
27 589 [0]
124 492 [0]
1 612 [3]
8 603 [5]
3 613 [0]
22 587 [7]
2 609 [5]
27 588 [2]
9 605 [3]
50 567 [0]
9 602 [6]
97 516 [4]
21 596 [0]
91 521 [5]
10 606 [1]
2 615 [1]
36 578 [4]
11 604 [3]
8 604 [6]
255 363 [0]
14 598 [6]
0 611 [7]
5 610 [3]
33 581 [4]
13 606 [0]
13 600 [6]
14 603 [2]
12 605 [2]
8 606 [5]
28 589 [2]
0 612 [7]
39 580 [1]
8 612 [0]
4 615 [1]
8 610 [2]
10 610 [0]
0 613 [7]
79 540 [1]
6 613 [2]
7 612 [2]
0 614 [7]
6 610 [5]
276 345 [0]
9 606 [6]
7 608 [6]
3 618 [0]
8 608 [6]
10 611 [1]
5 614 [3]
75 546 [1]
14 606 [2]
5 612 [5]
7 609 [6]
4 613 [5]
129 491 [3]
5 615 [3]
16 607 [0]
75 547 [1]
1 619 [4]
1 616 [7]
4 616 [4]
27 595 [2]
0 620 [4]
88 532 [4]
9 609 [6]
8 611 [5]
267 357 [0]
111 506 [7]
56 565 [3]
38 585 [2]
244 381 [0]
1 620 [4]
164 461 [0]
87 535 [3]
159 466 [0]
2 619 [4]
4 620 [1]
5 617 [3]
6 616 [3]
9 610 [6]
255 366 [4]
8 618 [0]
7 616 [3]
186 439 [1]
100 522 [4]
10 617 [0]
8 614 [5]
24 603 [0]
126 497 [4]
1 622 [4]
7 615 [5]
10 615 [2]
2 624 [1]
8 613 [6]
27 598 [2]
56 571 [0]
20 605 [2]
2 621 [4]
5 619 [3]
7 618 [2]
33 591 [4]
22 599 [7]
8 615 [5]
5 620 [3]
11 613 [4]
6 617 [5]
1 624 [3]
28 598 [2]
10 616 [2]
2 622 [4]
27 600 [2]
12 616 [1]
188 435 [6]
5 621 [3]
38 588 [3]
48 578 [3]
2 623 [4]
1 621 [7]
5 622 [3]
16 614 [0]
15 615 [0]
24 606 [0]
8 620 [2]
25 601 [4]
9 615 [6]
38 589 [3]
10 620 [0]
7 619 [5]
2 628 [1]
6 620 [5]
14 611 [6]
4 624 [3]
103 524 [4]
9 616 [6]
5 623 [3]
97 527 [7]
22 602 [7]
1 623 [7]
309 322 [0]
56 572 [3]
10 619 [2]
36 592 [4]
8 619 [5]
2 629 [1]
9 617 [6]
1 627 [4]
0 625 [7]
238 393 [1]
98 533 [1]
230 397 [6]
0 629 [4]
5 625 [3]
86 546 [1]
9 618 [6]
255 374 [4]
2 627 [4]
6 628 [0]
9 619 [6]
1 629 [4]
8 621 [5]
33 597 [4]
0 627 [7]
6 624 [5]
5 627 [3]
0 628 [7]
51 581 [3]
8 622 [5]
80 551 [4]
2 626 [7]
2 632 [1]
10 625 [1]
36 593 [7]
1 631 [4]
0 632 [4]
8 623 [5]
6 626 [4]
27 607 [2]
1 632 [3]
7 626 [3]
7 628 [2]
78 553 [6]
4 628 [5]
61 569 [7]
5 629 [3]
117 514 [7]
16 621 [1]
148 486 [4]
122 512 [4]
5 630 [3]
140 498 [0]
165 473 [0]
5 628 [5]
174 459 [5]
10 628 [0]
2 636 [1]
4 632 [3]
5 631 [3]
167 467 [5]
22 610 [7]
9 624 [6]
147 489 [3]
8 629 [2]
38 598 [3]
113 522 [4]
0 633 [7]
27 611 [2]
1 636 [3]
9 626 [5]
6 634 [0]
8 627 [5]
6 629 [5]
117 523 [0]
129 508 [3]
0 636 [4]
196 444 [0]
16 623 [1]
0 637 [4]
15 619 [7]
25 612 [4]
185 452 [4]
16 625 [0]
10 630 [1]
10 632 [0]
85 557 [0]
8 634 [0]
5 632 [5]
1 637 [4]
111 527 [4]
8 632 [2]
4 637 [1]
10 626 [6]
6 631 [5]
2 639 [1]
7 631 [5]
5 635 [3]
4 635 [4]
48 592 [3]
27 614 [2]
10 631 [2]
1 639 [3]
1 635 [7]
16 627 [0]
9 628 [6]
4 634 [5]
56 585 [3]
100 540 [4]
13 625 [6]
137 504 [3]
10 633 [1]
7 635 [3]
2 642 [1]
3 642 [0]
8 633 [5]
5 636 [5]
50 595 [1]
9 631 [6]
2 640 [4]
8 636 [2]
1 638 [7]
94 550 [2]
16 630 [0]
33 609 [4]
56 588 [3]
2 641 [4]
10 637 [0]
22 620 [5]
10 635 [2]
49 596 [2]
2 638 [7]
8 637 [2]
75 566 [6]
6 636 [5]
75 567 [6]
12 635 [1]
56 589 [3]
6 638 [4]
0 644 [4]
50 594 [4]
8 635 [5]
7 638 [3]
4 641 [4]
198 449 [2]
4 638 [7]
13 630 [6]
1 644 [4]
2 643 [4]
9 634 [6]
1 641 [7]
2 646 [1]
0 642 [7]
8 639 [2]
1 646 [3]
39 610 [1]
140 506 [4]
6 641 [3]
9 635 [6]
6 639 [5]
233 411 [6]
6 642 [2]
69 582 [0]
1 643 [7]
27 621 [3]
27 622 [2]
10 640 [1]
7 642 [2]
45 605 [1]
2 648 [1]
5 643 [3]
51 597 [3]
9 636 [6]
38 611 [3]
0 648 [4]
318 334 [0]
12 638 [2]
147 502 [3]
1 647 [4]
85 562 [6]
70 582 [1]
27 623 [3]
8 640 [5]
14 633 [6]
294 359 [0]
100 549 [4]
22 624 [7]
3 651 [0]
0 647 [7]
2 651 [1]
8 644 [2]
10 644 [0]
8 641 [5]
12 641 [1]
2 645 [7]
5 647 [3]
1 653 [1]
7 645 [3]
6 644 [5]
5 648 [3]
10 646 [0]
2 653 [1]
8 642 [6]
1 652 [3]
8 643 [5]
8 646 [2]
5 651 [0]
11 642 [3]
9 641 [6]
22 629 [6]
4 649 [4]
6 646 [5]
28 623 [6]
39 617 [1]
1 649 [7]
56 598 [3]
258 399 [0]
5 649 [3]
6 649 [3]
6 647 [5]
219 436 [3]
8 650 [0]
8 648 [2]
87 571 [0]
122 532 [4]
100 551 [7]
6 648 [5]
9 645 [5]
6 651 [2]
7 647 [5]
7 649 [3]
10 647 [2]
2 656 [1]
83 576 [0]
27 630 [2]
1 654 [4]
113 540 [7]
64 595 [1]
4 651 [5]
5 653 [2]
1 656 [3]
14 640 [6]
2 657 [1]
23 634 [4]
3 653 [5]
0 654 [7]
36 618 [7]
4 652 [5]
2 658 [1]
2 655 [4]
0 657 [4]
9 646 [6]
4 657 [1]
294 367 [1]
51 608 [3]
16 640 [6]
99 563 [0]
27 633 [2]
10 652 [0]
5 654 [3]
12 649 [1]
9 647 [6]
219 440 [3]
1 657 [4]
8 649 [5]
20 638 [5]
0 656 [7]
2 660 [1]
3 660 [0]
6 652 [5]
9 649 [6]
2 661 [1]
8 656 [0]
11 650 [3]
6 658 [0]
9 650 [6]
22 637 [6]
267 392 [6]
98 566 [1]
7 656 [2]
8 651 [6]
179 480 [6]
75 584 [6]
29 629 [7]
5 657 [3]
2 659 [4]
2 662 [1]
7 653 [6]
10 655 [1]
145 516 [5]
41 620 [5]
20 645 [1]
233 427 [6]
9 651 [6]
5 656 [5]
4 658 [5]
5 659 [3]
0 660 [7]
8 657 [2]
8 653 [6]
83 583 [1]
0 663 [4]
7 658 [2]
1 659 [7]
8 654 [5]
6 660 [2]
22 639 [7]
2 665 [1]
6 657 [5]
1 663 [4]
97 564 [7]
8 655 [5]
50 614 [4]
6 662 [0]
152 513 [4]
113 549 [7]
164 505 [0]
0 665 [4]
48 618 [3]
0 662 [7]
4 660 [5]
3 662 [5]
233 437 [0]
102 567 [1]
7 661 [2]
16 654 [0]
10 659 [1]
14 655 [1]
114 551 [5]
56 611 [3]
5 661 [5]
10 661 [0]
5 663 [3]
86 584 [1]
8 661 [2]
7 662 [2]
42 629 [0]
9 656 [6]
88 577 [7]
8 658 [6]
29 637 [6]
64 607 [1]
1 664 [7]
22 644 [6]
13 654 [6]
1 668 [4]
2 667 [4]
139 533 [1]
5 665 [3]
0 666 [7]
2 670 [1]
27 643 [3]
2 664 [7]
5 666 [3]
8 660 [6]
203 465 [6]
7 664 [3]
0 667 [7]
53 621 [0]
55 618 [1]
6 663 [5]
5 667 [3]
1 667 [7]
0 668 [7]
8 665 [2]
11 660 [4]
75 594 [6]
4 664 [7]
2 672 [1]
22 646 [7]
0 672 [4]
5 668 [3]
9 664 [3]
23 650 [3]
53 623 [0]
32 637 [7]
1 672 [3]
22 648 [6]
6 665 [5]
16 655 [6]
10 666 [1]
2 671 [4]
9 662 [6]
3 674 [0]
106 570 [1]
8 669 [0]
7 669 [2]
6 670 [2]
50 622 [6]
12 664 [2]
215 463 [0]
0 671 [7]
1 673 [4]
4 673 [1]
8 668 [2]
88 587 [4]
111 564 [4]
5 671 [3]
4 670 [5]
7 670 [2]
6 668 [5]
1 671 [7]
4 672 [3]
3 677 [0]
7 668 [5]
76 600 [4]
263 414 [3]
10 668 [2]
8 667 [5]
1 675 [4]
38 640 [2]
0 676 [4]
4 675 [1]
1 676 [4]
5 674 [2]
16 659 [6]
2 674 [5]
4 676 [1]
5 673 [3]
22 652 [7]
10 671 [1]
183 499 [0]
0 678 [4]
27 655 [0]
238 443 [1]
5 672 [5]
16 666 [0]
272 409 [1]
1 678 [4]
98 584 [1]
44 632 [7]
6 677 [0]
5 675 [3]
50 627 [6]
28 655 [0]
14 667 [2]
185 494 [4]
9 668 [6]
11 669 [3]
283 401 [0]
5 676 [3]
8 670 [6]
29 648 [7]
221 459 [4]
335 349 [0]
101 583 [0]
22 657 [6]
1 680 [4]
25 656 [4]
13 666 [6]
7 673 [5]
10 673 [2]
4 680 [1]
90 592 [3]
128 556 [1]
5 678 [3]
8 673 [5]
7 677 [2]
0 679 [7]
8 676 [2]
17 667 [2]
16 671 [0]
64 622 [1]
7 674 [6]
0 680 [7]
9 672 [6]
9 673 [6]
10 678 [0]
47 641 [0]
299 389 [0]
0 681 [7]
8 674 [6]
6 682 [0]
8 678 [2]
23 662 [3]
199 482 [7]
5 680 [3]
8 675 [5]
196 486 [6]
2 683 [4]
16 667 [6]
20 664 [5]
6 678 [5]
8 682 [0]
9 675 [6]
179 507 [4]
35 655 [0]
309 379 [2]
33 653 [4]
0 690 [0]
42 648 [0]
10 679 [1]
25 661 [4]
36 651 [3]
8 677 [6]
158 533 [0]
5 683 [3]
2 685 [4]
319 372 [0]
22 663 [6]
14 671 [6]
27 659 [6]
7 680 [5]
10 680 [2]
10 681 [1]
4 684 [4]
64 627 [1]
8 679 [5]
56 633 [3]
2 689 [1]
1 690 [2]
29 657 [7]
5 685 [3]
1 689 [3]
8 680 [5]
6 684 [3]
3 690 [0]
112 580 [2]
272 420 [2]
35 659 [0]
5 686 [3]
21 673 [0]
299 394 [1]
10 683 [1]
3 691 [0]
7 684 [3]
1 687 [7]
135 556 [4]
23 669 [3]
137 558 [0]
0 694 [1]
10 684 [2]
11 682 [3]
4 690 [2]
1 694 [1]
0 689 [7]
53 643 [0]
2 687 [7]
5 688 [3]
10 686 [0]
1 688 [7]
56 640 [0]
14 681 [2]
7 687 [3]
2 690 [5]
8 684 [5]
6 691 [0]
3 694 [0]
128 565 [4]
5 690 [2]
16 681 [0]
8 689 [0]
344 353 [0]
7 689 [2]
36 658 [4]
295 403 [0]
22 676 [0]
75 622 [1]
6 692 [0]
4 689 [5]
122 577 [0]
9 684 [6]
2 693 [4]
29 663 [7]
83 616 [0]
13 681 [6]
2 697 [1]
129 571 [0]
1 695 [4]
10 688 [2]
27 671 [2]
8 692 [0]
185 511 [4]
175 521 [4]
69 631 [0]
7 691 [2]
5 694 [2]
3 698 [0]
1 693 [7]
2 695 [4]
9 687 [5]
12 688 [1]
22 672 [7]
1 697 [3]
2 698 [1]
28 671 [2]
317 384 [0]
12 687 [2]
9 686 [6]
8 688 [5]
7 692 [2]
4 692 [5]
322 379 [0]
2 694 [5]
6 695 [1]
233 469 [0]
260 442 [0]
75 627 [1]
10 687 [6]
7 695 [1]
7 690 [6]
0 696 [7]
91 607 [5]
8 690 [6]
135 565 [4]
128 572 [4]
0 697 [7]
9 689 [6]
209 495 [0]
9 690 [6]
186 518 [1]
2 699 [4]
26 673 [6]
76 625 [4]
131 571 [3]
16 683 [6]
82 621 [2]
8 691 [6]
151 555 [0]
6 698 [2]
22 678 [6]
257 449 [0]
2 703 [1]
7 697 [2]
8 693 [5]
4 697 [5]
0 699 [7]
0 700 [7]
151 554 [2]
1 699 [7]
42 665 [0]
9 692 [6]
4 698 [5]
5 699 [3]
2 701 [4]
2 704 [1]
103 600 [4]
10 696 [1]
7 698 [2]
2 702 [4]
8 694 [6]
23 682 [3]
20 687 [1]
0 704 [4]
5 700 [3]
140 564 [4]
8 695 [5]
0 702 [7]
28 679 [2]
1 704 [4]
9 694 [6]
45 664 [0]
8 696 [5]
4 701 [4]
1 701 [7]
48 658 [3]
36 670 [4]
16 693 [1]
10 699 [1]
76 630 [4]
2 707 [1]
27 681 [2]
142 568 [0]
50 654 [6]
4 705 [1]
33 674 [4]
219 489 [3]
135 572 [4]
276 434 [1]
7 701 [3]
8 697 [6]
2 708 [1]
3 708 [0]
10 700 [1]
8 699 [5]
8 698 [6]
5 707 [0]
9 697 [6]
1 708 [3]
7 703 [2]
105 601 [7]
248 465 [0]
10 703 [0]
98 614 [1]
10 702 [1]
7 705 [1]
8 703 [2]
53 659 [2]
3 711 [0]
29 678 [7]
77 637 [0]
8 701 [5]
32 676 [6]
1 709 [4]
79 634 [1]
12 701 [1]
27 685 [2]
22 686 [7]
6 707 [2]
0 708 [7]
355 360 [0]
8 702 [5]
2 706 [7]
126 586 [3]
6 704 [5]
14 699 [2]
14 696 [6]
0 709 [7]
7 706 [3]
27 683 [6]
4 707 [5]
9 701 [6]
2 713 [1]
14 700 [2]
88 624 [4]
128 585 [3]
7 707 [2]
69 647 [0]
7 708 [2]
6 711 [0]
2 714 [1]
15 695 [7]
4 708 [5]
102 614 [1]
1 713 [3]
255 458 [4]
66 644 [7]
2 712 [4]
35 683 [0]
8 705 [5]
25 689 [4]
83 635 [0]
17 699 [2]
164 554 [0]
154 562 [2]
0 718 [1]
8 709 [2]
64 654 [1]
0 712 [7]
223 496 [0]
2 710 [7]
38 679 [2]
13 700 [6]
36 677 [7]
226 494 [0]
6 710 [4]
12 706 [2]
4 711 [5]
0 713 [7]
6 709 [5]
9 705 [6]
7 711 [2]
19 697 [4]
227 493 [0]
9 706 [5]
1 715 [4]
295 423 [2]
7 709 [5]
2 715 [4]
5 714 [2]
11 707 [3]
8 713 [0]
97 617 [7]
48 670 [3]
80 634 [7]
0 714 [7]
3 718 [0]
3 714 [5]
14 702 [6]
1 717 [4]
2 716 [4]
6 715 [1]
41 676 [5]
10 706 [6]
176 544 [2]
2 720 [1]
10 712 [1]
294 422 [7]
7 715 [1]
9 708 [6]
5 715 [3]
5 713 [5]
0 720 [4]
9 709 [6]
0 717 [7]
12 710 [2]
16 702 [6]
5 716 [3]
8 711 [6]
2 718 [5]
199 519 [7]
5 718 [2]
8 712 [5]
5 717 [3]
359 367 [0]
4 721 [1]
39 686 [1]
1 721 [4]
10 710 [6]
27 693 [6]
1 722 [4]
4 722 [1]
204 521 [2]
87 640 [0]
8 717 [2]
7 714 [6]
10 715 [2]
82 643 [2]
20 706 [1]
30 695 [2]
6 717 [5]
8 715 [5]
2 725 [1]
6 721 [1]
51 674 [3]
2 719 [7]
35 693 [0]
5 720 [3]
7 717 [5]
6 722 [1]
48 677 [4]
7 719 [3]
43 680 [6]
27 700 [2]
1 727 [1]
186 542 [1]
318 411 [0]
6 719 [4]
8 716 [5]
7 721 [1]
21 709 [0]
9 715 [6]
8 720 [2]
13 715 [2]
4 719 [7]
18 705 [7]
79 650 [1]
2 724 [4]
0 723 [7]
49 675 [7]
6 720 [5]
0 724 [7]
158 566 [7]
83 649 [0]
104 622 [6]
1 728 [3]
117 608 [7]
60 672 [0]
111 617 [4]
25 703 [4]
14 712 [6]
0 728 [4]
22 704 [6]
103 625 [4]
94 632 [6]
16 716 [0]
9 717 [6]
1 729 [3]
0 729 [4]
2 730 [1]
143 590 [0]
12 719 [2]
9 718 [6]
6 725 [2]
8 721 [5]
5 727 [2]
10 723 [1]
7 725 [2]
1 726 [7]
5 726 [3]
80 650 [4]
7 722 [5]
4 725 [5]
16 712 [6]
36 691 [7]
10 724 [1]
4 728 [3]
99 636 [0]
20 710 [5]
4 729 [3]
2 733 [1]
9 721 [6]
8 723 [5]
5 728 [3]
15 721 [0]
38 696 [2]
2 734 [1]
8 724 [5]
0 733 [4]
6 731 [0]
121 616 [0]
5 729 [3]
1 732 [4]
1 733 [3]
8 728 [2]
36 698 [4]
188 549 [1]
56 679 [3]
10 728 [0]
103 630 [5]
53 683 [2]
99 639 [0]
0 734 [4]
8 729 [2]
7 730 [2]
8 731 [0]
1 734 [4]
276 462 [1]
0 732 [7]
2 736 [1]
10 729 [0]
11 725 [3]
18 721 [0]
70 668 [1]
6 728 [5]
8 725 [6]
8 726 [5]
302 438 [0]
7 731 [2]
6 729 [5]
4 733 [3]
1 736 [3]
366 374 [0]
0 736 [4]
29 704 [7]
5 732 [3]
10 730 [0]
4 731 [5]
8 730 [2]
7 727 [6]
8 727 [6]
109 626 [6]
100 634 [7]
9 727 [6]
147 592 [3]
25 713 [4]
38 702 [2]
4 738 [1]
2 737 [4]
48 691 [4]
21 722 [0]
126 613 [4]
10 732 [1]
4 736 [3]
1 738 [4]
8 735 [0]
9 728 [6]
14 724 [6]
7 735 [2]
1 739 [4]
20 719 [5]
4 735 [5]
27 716 [2]
8 732 [5]
6 734 [5]
2 739 [4]
318 427 [0]
334 411 [0]
8 736 [2]
9 731 [6]
203 539 [4]
76 666 [4]
0 739 [7]
143 603 [0]
16 724 [6]
5 738 [3]
272 472 [2]
1 741 [4]
4 741 [1]
53 693 [0]
5 739 [3]
7 739 [1]
68 675 [5]
4 740 [4]
42 704 [2]
9 733 [6]
14 732 [2]
178 570 [0]
263 482 [3]
1 740 [7]
51 694 [3]
8 738 [2]
10 737 [1]
202 542 [4]
93 653 [3]
6 738 [5]
11 735 [3]
48 698 [3]
145 599 [5]
5 741 [3]
79 669 [1]
6 740 [3]
357 392 [0]
0 742 [7]
0 743 [7]
9 735 [6]
8 737 [5]
10 739 [1]
85 665 [0]
5 742 [3]
85 663 [2]
149 601 [0]
36 707 [7]
90 658 [3]
33 714 [4]
13 732 [6]
45 706 [0]
27 724 [0]
2 748 [1]
341 410 [0]
9 736 [6]
14 737 [1]
343 409 [0]
1 747 [4]
38 712 [2]
4 743 [5]
10 740 [2]
13 739 [0]
0 748 [4]
2 749 [1]
0 745 [7]
211 537 [5]
10 741 [2]
2 744 [7]
80 669 [4]
7 741 [5]
28 723 [2]
10 743 [0]
5 743 [5]
12 740 [2]
36 711 [7]
4 745 [5]
8 741 [5]
7 744 [3]
0 747 [7]
4 746 [4]
5 745 [5]
2 746 [7]
9 740 [6]
8 742 [5]
4 748 [3]
5 747 [3]
56 696 [3]
10 745 [0]
9 741 [6]
7 746 [3]
2 753 [1]
1 751 [4]
6 746 [4]
2 750 [4]
2 751 [4]
1 753 [3]
0 750 [7]
8 747 [2]
3 754 [0]
2 754 [1]
100 650 [7]
119 638 [0]
6 749 [2]
2 752 [4]
23 731 [4]
5 750 [3]
317 440 [1]
4 749 [5]
1 750 [7]
10 748 [0]
22 729 [7]
16 742 [0]
9 743 [6]
0 751 [7]
7 749 [2]
5 748 [5]
9 744 [5]
10 747 [2]
3 756 [0]
2 756 [1]
25 730 [4]
27 726 [6]
16 737 [6]
21 738 [0]
6 748 [5]
327 432 [0]
10 744 [6]
28 726 [6]
1 755 [4]
9 746 [5]
9 745 [6]
4 753 [3]
1 752 [7]
109 645 [6]
5 752 [3]
6 754 [0]
0 759 [1]
27 732 [2]
0 754 [7]
2 755 [4]
35 726 [0]
56 702 [3]
76 681 [4]
5 756 [0]
140 617 [4]
10 750 [1]
318 441 [2]
22 733 [7]
229 533 [0]
79 682 [1]
3 759 [0]
22 734 [6]
21 741 [0]
9 747 [6]
348 414 [0]
10 746 [6]
11 749 [3]
5 753 [5]
8 749 [6]
8 750 [5]
10 753 [0]
38 723 [2]
5 755 [3]
8 753 [2]
90 670 [3]
8 751 [5]
2 761 [1]
1 762 [1]
0 757 [7]
6 753 [5]
6 756 [2]
2 758 [4]
27 737 [0]
237 527 [0]
181 580 [4]
0 761 [4]
343 420 [2]
252 513 [0]
45 719 [1]
2 762 [1]
4 756 [5]
272 491 [2]
5 757 [3]
20 744 [1]
51 714 [0]
8 752 [5]
16 750 [0]
75 685 [6]
5 758 [3]
2 760 [4]
2 759 [5]
5 759 [2]
80 682 [4]
20 746 [1]
28 737 [2]
377 390 [0]
16 751 [0]
2 764 [1]
8 755 [5]
10 757 [1]
39 728 [1]
36 725 [7]
1 764 [3]
114 650 [5]
3 766 [0]
9 754 [6]
141 626 [2]
0 762 [7]
39 729 [1]
2 766 [1]
16 752 [1]
5 762 [2]
8 756 [6]
344 426 [0]
325 445 [0]
29 734 [7]
1 765 [4]
3 762 [5]
9 756 [6]
8 758 [5]
126 642 [3]
8 761 [2]
4 763 [4]
10 760 [1]
16 755 [0]
2 763 [7]
2 769 [1]
51 718 [3]
25 743 [4]
50 716 [6]
0 765 [7]
83 688 [1]
279 493 [0]
6 761 [5]
54 713 [6]
14 757 [2]
49 722 [2]
26 741 [6]
5 765 [3]
103 666 [4]
211 557 [5]
8 760 [5]
2 767 [4]
1 769 [3]
356 417 [0]
105 661 [7]
198 575 [0]
7 763 [3]
0 767 [7]
2 771 [1]
9 759 [6]
25 745 [4]
2 768 [4]
294 474 [6]
131 640 [3]
8 764 [2]
16 758 [1]
8 765 [2]
6 764 [5]
1 771 [3]
230 539 [6]
4 770 [1]
1 770 [4]
0 768 [7]
0 771 [4]
7 762 [6]
4 766 [5]
8 762 [6]
4 769 [3]
76 700 [0]
2 773 [1]
100 669 [7]
80 692 [4]
13 757 [6]
1 774 [1]
5 768 [3]
2 774 [1]
10 765 [2]
12 763 [2]
9 763 [5]
0 770 [7]
7 765 [5]
1 772 [4]
82 693 [2]
4 772 [1]
4 771 [3]
5 773 [0]
5 770 [3]
353 426 [0]
9 764 [6]
0 772 [7]
8 769 [2]
10 763 [6]
69 709 [1]
8 766 [6]
23 754 [3]
9 765 [6]
326 454 [0]
313 467 [0]
34 743 [3]
28 750 [2]
272 508 [0]
8 767 [5]
5 774 [2]
2 778 [1]
1 776 [4]
53 726 [2]
5 771 [5]
51 727 [3]
8 768 [5]
7 773 [2]
3 774 [5]
6 771 [5]
7 770 [5]
16 760 [6]
385 397 [0]
56 723 [3]
34 745 [3]
4 773 [5]
8 770 [5]
16 767 [0]
5 778 [0]
56 724 [3]
378 406 [0]
16 768 [0]
20 763 [1]
173 609 [2]
5 776 [3]
27 755 [2]
9 769 [6]
98 685 [1]
10 772 [2]
7 772 [5]
27 752 [6]
3 782 [0]
263 519 [3]
9 770 [6]
73 709 [3]
221 560 [4]
6 775 [4]
7 775 [3]
8 772 [5]
2 782 [1]
6 779 [0]
1 781 [4]
28 752 [6]
4 775 [7]
2 777 [7]
9 771 [6]
27 757 [2]
69 717 [0]
2 783 [1]
6 778 [2]
11 773 [3]
2 781 [4]
206 577 [4]
1 783 [3]
6 777 [4]
4 778 [5]
8 773 [6]
5 782 [0]
8 779 [0]
141 645 [2]
114 669 [5]
7 779 [2]
8 774 [6]
70 717 [1]
9 773 [6]
9 774 [6]
101 688 [0]
103 681 [5]
100 682 [7]
5 781 [3]
126 660 [3]
22 761 [6]
2 786 [1]
8 776 [5]
12 775 [2]
4 783 [3]
6 782 [2]
1 786 [3]
1 785 [4]
45 746 [0]
27 758 [6]
2 785 [4]
6 780 [5]
0 787 [4]
4 782 [5]
85 704 [2]
16 776 [0]
7 780 [5]
8 778 [6]
10 780 [2]
10 781 [1]
0 785 [7]
115 675 [2]
1 787 [4]
3 789 [0]
28 758 [6]
87 702 [3]
281 512 [0]
9 778 [6]
1 788 [4]
11 779 [3]
60 733 [0]
22 764 [7]
2 784 [7]
10 777 [6]
4 788 [1]
4 786 [3]
21 772 [0]
8 783 [2]
232 558 [3]
151 641 [2]
27 767 [0]
6 783 [5]
8 781 [5]
36 756 [3]
267 522 [6]
9 780 [6]
6 789 [0]
13 776 [6]
3 792 [0]
0 788 [7]
2 792 [1]
33 759 [4]
2 793 [1]
2 790 [4]
8 782 [6]
5 788 [3]
50 742 [4]
27 768 [2]
14 781 [2]
6 786 [5]
0 790 [7]
29 761 [7]
75 716 [6]
1 793 [3]
8 787 [2]
28 767 [2]
9 783 [6]
227 567 [4]
183 615 [0]
2 795 [1]
7 789 [2]
6 787 [5]
9 784 [5]
22 769 [7]
0 791 [7]
8 785 [5]
44 748 [7]
10 787 [2]
2 796 [1]
5 792 [2]
1 795 [3]
100 692 [7]
180 618 [1]
341 457 [1]
5 791 [3]
0 792 [7]
6 792 [2]
10 788 [2]
2 797 [1]
112 686 [2]
22 771 [7]
20 775 [5]
38 760 [2]
1 797 [3]
7 792 [2]
2 798 [1]
16 785 [0]
4 792 [5]
21 780 [0]
114 682 [5]
10 790 [1]
8 788 [5]
9 786 [6]
229 566 [7]
152 646 [4]
0 795 [7]
0 798 [4]
1 798 [3]
215 583 [4]
20 777 [5]
199 596 [7]
5 796 [2]
6 797 [0]
44 753 [6]
265 538 [0]
8 793 [2]
8 789 [6]
86 716 [1]
8 790 [5]
42 761 [0]
0 799 [4]
7 794 [3]
3 801 [0]
6 794 [4]
8 791 [5]
26 772 [6]
148 652 [4]
13 785 [6]
4 795 [5]
6 796 [2]
1 799 [4]
192 612 [0]
6 793 [5]
0 797 [7]
4 796 [5]
5 795 [5]
1 800 [4]
107 694 [4]
10 795 [0]
90 711 [4]
24 781 [0]
20 784 [1]
1 801 [3]
27 776 [2]
7 796 [2]
85 720 [0]
7 797 [2]
121 684 [1]
4 797 [5]
6 795 [5]
11 792 [3]
23 779 [4]
36 766 [4]
9 792 [6]
103 700 [4]
1 802 [4]
4 802 [1]
10 797 [0]
364 443 [0]
38 767 [2]
5 797 [5]
16 791 [0]
48 756 [3]
53 752 [2]
0 800 [7]
5 799 [3]
50 751 [6]
5 800 [3]
400 408 [0]
9 794 [5]
5 798 [5]
45 763 [0]
9 793 [6]
6 802 [1]
21 788 [0]
6 798 [5]
10 799 [0]
8 799 [2]
189 621 [0]
11 796 [3]
14 790 [6]
9 795 [6]
4 801 [5]
93 714 [3]
82 726 [2]
7 801 [2]
53 758 [0]
79 731 [1]
128 679 [4]
9 796 [6]
105 703 [3]
0 811 [1]
7 800 [5]
155 654 [3]
22 783 [7]
1 804 [7]
281 532 [0]
0 806 [7]
2 804 [7]
149 661 [3]
51 759 [3]
8 800 [5]
51 762 [0]
6 803 [4]
7 803 [3]
216 593 [4]
9 798 [6]
4 805 [4]
177 636 [0]
1 808 [4]
87 724 [3]
2 808 [4]
130 684 [0]
284 530 [0]
6 804 [4]
3 811 [0]
27 785 [2]
7 804 [3]
2 805 [7]
7 802 [5]
109 706 [0]
9 800 [6]
8 801 [6]
2 812 [1]
343 472 [0]
6 808 [1]
20 794 [1]
1 811 [3]
7 805 [3]
1 807 [7]
98 716 [1]
22 787 [6]
9 801 [6]
69 747 [0]
64 751 [1]
36 773 [7]
2 810 [4]
5 808 [3]
0 812 [4]
2 807 [7]
1 812 [4]
6 807 [4]
9 802 [6]
7 807 [3]
0 810 [7]
4 812 [1]
106 710 [1]
48 766 [3]
10 806 [1]
5 811 [2]
70 747 [1]
36 778 [4]
189 623 [6]
2 809 [7]
2 811 [5]
0 814 [4]
179 639 [0]
80 731 [7]
85 734 [0]
8 806 [5]
6 809 [4]
7 809 [3]
259 560 [0]
9 805 [5]
80 735 [4]
10 808 [2]
297 523 [0]
4 815 [1]
64 755 [1]
1 815 [4]
27 791 [2]
147 670 [3]
5 813 [2]
0 813 [7]
36 782 [3]
45 775 [1]
8 808 [5]
10 805 [6]
4 814 [3]
3 813 [5]
256 565 [0]
49 770 [2]
22 799 [0]
12 807 [2]
43 772 [6]
9 807 [5]
5 814 [3]
8 812 [2]
10 812 [0]
22 793 [7]
267 549 [6]
6 816 [0]
1 817 [4]
9 808 [6]
10 807 [6]
8 810 [5]
6 812 [5]
13 808 [2]
21 802 [0]
83 740 [0]
7 811 [6]
2 821 [1]
0 817 [7]
8 816 [0]
19 801 [4]
10 814 [0]
384 440 [0]
216 604 [4]
22 795 [7]
50 768 [6]
20 803 [1]
227 594 [4]
10 815 [0]
0 821 [4]
10 809 [6]
7 816 [2]
8 815 [2]
6 814 [5]
1 821 [4]
403 423 [0]
56 767 [3]
7 813 [6]
16 810 [0]
6 815 [5]
8 818 [0]
20 805 [1]
50 776 [1]
22 798 [7]
1 819 [7]
344 478 [5]
341 485 [1]
4 819 [4]
75 751 [1]
4 818 [5]
7 815 [5]
2 824 [1]
327 497 [3]
8 817 [2]
7 818 [2]
20 807 [1]
1 824 [3]
8 820 [0]
256 572 [0]
51 774 [3]
6 819 [3]
2 822 [4]
7 817 [5]
2 826 [1]
20 804 [5]
7 819 [3]
4 820 [5]
48 778 [3]
9 814 [6]
10 817 [2]
409 420 [0]
7 820 [2]
2 823 [4]
38 790 [2]
20 809 [1]
9 815 [6]
11 816 [3]
1 822 [7]
14 810 [6]
0 824 [7]
10 819 [2]
4 823 [4]
1 829 [1]
1 823 [7]
60 771 [0]
9 816 [6]
2 828 [1]
6 821 [5]
6 823 [3]
257 575 [0]
36 789 [7]
9 817 [6]
1 828 [3]
8 824 [0]
8 819 [5]
10 822 [1]
76 757 [0]
2 827 [4]
309 517 [7]
7 824 [2]
8 825 [0]
7 825 [2]
11 820 [3]
69 765 [0]
343 491 [0]
4 825 [5]
0 827 [7]
4 826 [5]
7 826 [2]
8 822 [5]
4 828 [3]
9 820 [6]
135 696 [4]
5 826 [5]
8 826 [2]
10 826 [0]
2 830 [4]
21 815 [0]
2 829 [5]
82 752 [2]
1 831 [4]
386 450 [0]
8 823 [5]
28 806 [2]
344 488 [5]
32 799 [6]
348 482 [7]
0 830 [7]
3 829 [5]
0 831 [7]
107 727 [4]
4 833 [1]
189 643 [6]
9 823 [6]
105 730 [3]
8 828 [2]
9 824 [6]
6 828 [5]
36 796 [7]
2 836 [1]
27 810 [2]
0 832 [7]
28 810 [2]
359 474 [7]
68 770 [2]
0 836 [4]
1 835 [4]
356 480 [4]
2 837 [1]
22 812 [6]
2 835 [4]
48 789 [4]
98 742 [1]
64 776 [1]
5 833 [3]
298 544 [0]
82 758 [2]
197 644 [1]
100 735 [7]
0 838 [4]
99 736 [7]
0 835 [7]
322 517 [3]
8 834 [0]
9 828 [6]
16 827 [0]
158 685 [0]
5 835 [3]
7 834 [2]
10 833 [0]
8 830 [5]
10 832 [1]
8 833 [2]
8 829 [6]
22 814 [7]
7 831 [5]
1 838 [4]
10 831 [2]
4 834 [5]
23 816 [4]
137 705 [2]
16 822 [6]
5 837 [2]
0 840 [4]
0 837 [7]
361 483 [0]
388 456 [0]
1 840 [3]
6 833 [5]
129 712 [3]
9 829 [6]
201 644 [0]
4 838 [3]
227 614 [4]
41 799 [5]
3 842 [0]
353 488 [4]
8 832 [5]
347 498 [0]
3 837 [5]
102 742 [1]
38 806 [2]
1 844 [1]
16 830 [0]
294 545 [7]
56 790 [0]
5 838 [3]
2 843 [1]
85 761 [0]
4 840 [3]
6 836 [5]
50 791 [6]
171 676 [0]
14 827 [6]
16 832 [0]
94 748 [6]
33 811 [4]
9 833 [6]
2 839 [7]
147 698 [3]
8 835 [5]
141 706 [2]
6 839 [4]
2 842 [5]
6 838 [5]
5 841 [3]
4 841 [4]
5 842 [2]
166 684 [0]
45 805 [0]
14 830 [6]
69 780 [1]
7 837 [6]
0 843 [7]
33 813 [4]
200 651 [0]
8 837 [6]
49 800 [2]
7 841 [3]
16 835 [0]
343 508 [0]
2 844 [5]
23 825 [3]
2 845 [4]
3 844 [5]
7 843 [2]
6 846 [0]
151 701 [0]
21 831 [0]
14 832 [6]
28 822 [2]
94 753 [6]
25 824 [4]
1 849 [3]
9 838 [6]
10 841 [2]
10 843 [0]
5 843 [5]
8 846 [0]
12 841 [1]
21 833 [0]
172 682 [0]
13 835 [6]
196 652 [6]
0 847 [7]
8 841 [5]
39 814 [1]
1 850 [4]
4 850 [1]
86 768 [1]
128 723 [4]
25 826 [4]
7 846 [2]
9 840 [6]
149 703 [3]
27 822 [6]
109 746 [0]
10 845 [1]
1 848 [7]
4 848 [4]
27 827 [2]
421 435 [0]
4 849 [3]
73 780 [3]
341 514 [1]
6 848 [3]
22 828 [7]
295 562 [0]
0 850 [7]
5 849 [3]
0 853 [4]
347 506 [4]
35 822 [0]
9 842 [6]
28 827 [2]
8 845 [5]
7 848 [3]
93 762 [3]
5 850 [3]
2 855 [1]
8 844 [6]
60 798 [0]
109 744 [6]
147 711 [1]
27 830 [2]
0 855 [4]
10 849 [0]
4 851 [4]
4 854 [1]
27 832 [0]
1 854 [4]
9 844 [6]
79 779 [1]
233 626 [0]
90 766 [3]
2 857 [1]
6 851 [3]
6 849 [5]
8 850 [2]
10 848 [2]
11 846 [3]
20 839 [1]
137 721 [3]
0 854 [7]
9 846 [6]
305 556 [0]
121 740 [0]
1 856 [4]
5 853 [3]
7 851 [3]
4 856 [1]
12 848 [1]
2 852 [7]
6 850 [5]
5 854 [3]
263 596 [3]
7 850 [5]
6 852 [4]
4 855 [3]
10 851 [2]
9 848 [6]
4 852 [7]
99 764 [0]
80 779 [4]
265 598 [0]
16 847 [0]
8 853 [2]
2 860 [1]
9 852 [3]
5 857 [2]
5 856 [3]
8 851 [5]
22 836 [6]
9 849 [6]
51 813 [0]
164 701 [0]
51 811 [3]
56 806 [3]
6 857 [2]
104 755 [6]
2 859 [4]
198 667 [0]
10 854 [2]
8 856 [2]
211 648 [7]
12 852 [2]
7 854 [5]
4 857 [5]
7 857 [2]
0 859 [7]
13 847 [6]
16 845 [6]
6 856 [5]
245 618 [4]
22 838 [7]
2 858 [7]
98 768 [1]
1 862 [4]
356 507 [4]
75 791 [1]
410 457 [0]
0 860 [7]
260 607 [0]
281 587 [0]
99 769 [0]
427 441 [0]
0 861 [7]
7 858 [3]
6 858 [4]
2 862 [4]
6 860 [2]
38 827 [3]
56 810 [3]
6 862 [1]
5 861 [3]
22 840 [7]
7 860 [2]
68 800 [2]
47 823 [0]
2 864 [4]
9 855 [6]
5 862 [3]
8 863 [0]
11 857 [3]
21 850 [0]
2 865 [4]
181 686 [4]
8 859 [5]
7 863 [2]
0 865 [7]
25 843 [4]
4 863 [5]
209 663 [0]
38 832 [2]
29 836 [7]
4 868 [1]
159 711 [3]
1 868 [4]
23 846 [4]
344 524 [5]
348 519 [7]
1 866 [7]
8 861 [5]
109 763 [2]
43 831 [0]
4 866 [4]
10 858 [6]
10 862 [2]
8 860 [6]
1 869 [4]
294 573 [7]
325 546 [4]
6 868 [1]
21 854 [0]
2 869 [4]
350 525 [0]
28 845 [2]
2 872 [1]
1 867 [7]
8 862 [5]
10 864 [1]
4 867 [4]
2 867 [7]
7 866 [3]
197 678 [1]
5 867 [4]
7 868 [1]
10 865 [1]
6 866 [4]
27 847 [2]
9 862 [6]
53 822 [2]
293 584 [0]
16 861 [0]
8 864 [5]
20 852 [5]
7 867 [3]
15 862 [0]
4 870 [4]
302 569 [7]
407 471 [0]
311 567 [0]
86 791 [1]
8 865 [5]
88 786 [4]
27 845 [6]
39 838 [1]
1 870 [7]
14 864 [1]
6 870 [3]
2 873 [4]
8 871 [0]
14 859 [6]
33 842 [4]
5 872 [2]
7 871 [2]
294 579 [7]
87 790 [3]
34 843 [3]
12 867 [1]
10 869 [1]
35 845 [0]
233 645 [2]
344 531 [5]
357 522 [1]
6 872 [2]
7 870 [3]
8 867 [5]
12 866 [2]
16 859 [6]
8 868 [5]
0 874 [7]
409 472 [0]
4 872 [5]
7 872 [2]
211 665 [5]
22 853 [6]
10 866 [6]
2 876 [4]
277 605 [0]
0 878 [4]
8 869 [5]
190 692 [1]
1 875 [7]
51 829 [3]
5 875 [3]
12 870 [1]
9 868 [6]
8 870 [5]
297 581 [5]
1 878 [4]
0 876 [7]
2 877 [4]
1 876 [7]
2 881 [1]
3 881 [0]
0 877 [7]
10 873 [1]
6 875 [3]
22 855 [7]
22 856 [6]
106 777 [1]
45 839 [1]
9 870 [6]
7 875 [3]
14 869 [2]
107 774 [4]
10 875 [0]
16 864 [6]
8 872 [6]
11 872 [3]
100 779 [7]
9 871 [6]
56 827 [3]
18 868 [0]
8 873 [5]
7 874 [5]
10 874 [2]
4 879 [4]
10 876 [1]
16 865 [6]
2 884 [1]
1 879 [7]
69 817 [1]
141 744 [2]
8 875 [5]
10 877 [1]
51 837 [0]
12 875 [1]
337 551 [0]
6 879 [3]
8 878 [2]
178 710 [0]
0 881 [7]
203 680 [6]
6 878 [5]
39 849 [1]
0 882 [7]
7 879 [3]
56 830 [3]
29 853 [7]
23 863 [3]
6 881 [2]
8 876 [5]
9 874 [6]
7 880 [3]
15 868 [7]
8 877 [5]
305 585 [0]
13 877 [0]
27 861 [2]
9 875 [6]
4 881 [5]
2 885 [4]
4 883 [4]
20 866 [5]
56 832 [3]
27 864 [0]
1 883 [7]
16 876 [0]
0 885 [7]
5 883 [4]
99 793 [0]
29 856 [7]
30 862 [0]
2 883 [7]
8 879 [5]
9 877 [6]
129 760 [3]
27 865 [0]
6 883 [4]
5 885 [3]
73 817 [3]
16 877 [0]
358 535 [0]
24 869 [0]
7 884 [2]
0 886 [7]
10 882 [1]
7 883 [3]
429 464 [0]
14 877 [2]
4 884 [5]
28 864 [2]
9 879 [6]
1 889 [4]
6 888 [0]
4 889 [1]
21 874 [0]
8 882 [5]
42 853 [0]
16 873 [6]
32 856 [7]
410 485 [0]
157 739 [0]
79 816 [1]
2 890 [4]
8 883 [5]
1 891 [4]
51 842 [3]
8 888 [0]
12 883 [1]
11 881 [4]
14 876 [6]
6 889 [1]
2 891 [4]
95 801 [1]
4 888 [5]
2 894 [1]
7 889 [1]
89 801 [7]
198 699 [0]
23 871 [3]
7 888 [2]
8 885 [5]
6 891 [1]
350 548 [0]
10 887 [1]
79 818 [1]
45 852 [1]
51 844 [3]
114 779 [5]
1 893 [4]
9 884 [6]
8 886 [5]
0 892 [7]
1 897 [1]
38 859 [2]
219 677 [3]
2 896 [1]
109 784 [6]
5 891 [3]
0 893 [7]
31 867 [2]
27 873 [0]
2 897 [1]
60 840 [0]
53 845 [2]
80 816 [4]
36 857 [7]
1 896 [3]
43 854 [4]
49 850 [2]
16 885 [0]
297 597 [7]
0 894 [7]
20 880 [1]
8 889 [5]
11 888 [3]
6 894 [2]
10 891 [2]
0 896 [7]
50 847 [6]
136 767 [0]
28 873 [2]
8 895 [0]
4 894 [5]
9 888 [6]
7 894 [2]
8 890 [5]
10 892 [1]
4 895 [5]
0 897 [7]
5 897 [2]
80 820 [4]
13 885 [6]
1 900 [3]
13 891 [0]
8 896 [0]
8 891 [5]
7 895 [2]
122 783 [0]
281 624 [0]
38 865 [2]
27 876 [2]
3 897 [5]
9 891 [6]
5 896 [5]
22 878 [6]
14 886 [6]
6 899 [1]
10 896 [0]
1 898 [7]
1 901 [4]
8 893 [5]
28 876 [2]
18 889 [0]
4 900 [3]
357 549 [1]
215 688 [4]
5 899 [3]
14 887 [6]
276 631 [0]
79 825 [3]
2 898 [7]
5 900 [3]
2 902 [4]
0 901 [7]
122 786 [0]
2 905 [1]
6 898 [4]
1 903 [4]
7 898 [3]
35 873 [0]
10 898 [0]
25 884 [0]
0 902 [7]
16 887 [6]
109 794 [6]
1 905 [3]
93 813 [3]
2 903 [4]
0 908 [1]
16 893 [0]
0 903 [7]
330 580 [0]
14 890 [6]
8 900 [2]
212 695 [3]
10 900 [0]
192 713 [6]
10 899 [2]
0 904 [7]
7 899 [5]
5 903 [3]
45 866 [0]
1 906 [4]
359 545 [7]
253 658 [0]
50 861 [0]
3 908 [0]
4 906 [1]
222 686 [4]
5 904 [3]
10 901 [1]
8 899 [5]
292 619 [1]
12 898 [2]
36 872 [4]
28 882 [2]
14 892 [6]
1 904 [7]
64 847 [1]
9 898 [5]
16 890 [6]
106 804 [2]
209 704 [0]
371 543 [0]
10 903 [1]
8 901 [5]
13 901 [0]
9 899 [6]
7 906 [1]
229 685 [0]
27 885 [2]
79 834 [1]
426 488 [0]
31 883 [0]
2 911 [1]
1 909 [4]
319 594 [1]
9 900 [6]
2 909 [4]
2 908 [5]
2 912 [1]
1 911 [3]
27 886 [2]
8 902 [5]
5 908 [2]
60 855 [0]
8 905 [2]
266 650 [0]
9 901 [6]
3 913 [0]
2 913 [1]
28 886 [2]
8 903 [5]
109 805 [2]
6 905 [5]
147 766 [3]
14 901 [2]
2 914 [1]
5 909 [3]
8 904 [5]
47 870 [0]
109 809 [0]
6 907 [5]
109 803 [6]
9 904 [5]
0 914 [4]
14 903 [2]
2 910 [7]
8 906 [5]
1 914 [4]
20 898 [1]
7 907 [5]
177 736 [7]
16 904 [0]
0 913 [7]
7 910 [3]
40 877 [3]
6 910 [4]
1 915 [4]
1 916 [4]
15 899 [7]
8 911 [2]
4 916 [1]
2 915 [4]
5 911 [5]
85 836 [0]
4 910 [7]
10 912 [0]
1 917 [4]
2 919 [1]
6 911 [5]
129 790 [3]
27 893 [2]
38 882 [2]
14 904 [4]
100 818 [4]
8 912 [2]
17 904 [1]
4 913 [5]
4 917 [1]
34 884 [4]
5 914 [3]
9 907 [6]
6 912 [5]
0 916 [7]
119 804 [0]
9 908 [6]
2 920 [1]
5 915 [3]
199 722 [3]
1 919 [4]
12 910 [2]
8 914 [2]
16 902 [6]
276 647 [1]
10 914 [0]
410 514 [0]
4 920 [1]
83 841 [1]
6 914 [5]
309 609 [7]
291 634 [0]
385 539 [1]
436 489 [0]
5 917 [3]
16 909 [0]
25 896 [4]
18 906 [2]
259 662 [5]
190 735 [1]
7 913 [6]
9 911 [6]
1 918 [7]
4 921 [1]
4 918 [4]
79 846 [1]
1 921 [4]
3 922 [2]
10 915 [2]
100 820 [7]
6 920 [1]
191 736 [0]
2 918 [7]
9 912 [6]
38 887 [2]
141 784 [2]
38 886 [3]
7 915 [5]
8 915 [5]
5 920 [3]
7 918 [3]
53 873 [2]
21 907 [0]
9 913 [6]
6 917 [5]
1 923 [4]
432 497 [0]
0 922 [7]
30 899 [0]
2 922 [5]
5 921 [3]
8 916 [5]
22 900 [7]
7 917 [5]
5 922 [2]
100 825 [4]
9 915 [6]
444 486 [0]
454 476 [0]
0 926 [4]
6 919 [5]
10 920 [0]
38 890 [2]
0 923 [7]
2 928 [1]
5 923 [3]
12 918 [1]
8 918 [5]
2 925 [4]
83 848 [0]
9 917 [6]
27 903 [2]
1 927 [4]
0 928 [4]
24 901 [7]
8 924 [0]
7 920 [5]
283 646 [3]
92 838 [2]
174 754 [4]
38 892 [2]
7 921 [5]
7 924 [2]
1 929 [3]
247 686 [0]
5 925 [3]
8 923 [2]
10 921 [2]
8 920 [5]
4 924 [5]
93 837 [3]
33 897 [4]
8 921 [5]
6 927 [1]
322 609 [3]
22 905 [7]
6 923 [5]
105 826 [3]
20 910 [5]
15 920 [0]
7 927 [1]
7 923 [5]
4 928 [3]
256 679 [0]
114 816 [5]
9 920 [6]
7 922 [6]
1 931 [4]
1 934 [1]
397 539 [0]
8 926 [2]
19 913 [4]
10 926 [0]
4 929 [3]
2 930 [4]
8 922 [6]
3 934 [0]
232 705 [0]
6 926 [5]
266 669 [2]
5 929 [3]
141 794 [2]
21 916 [0]
0 930 [7]
100 834 [4]
1 930 [7]
128 806 [4]
5 930 [3]
113 818 [7]
5 928 [5]
27 909 [2]
9 923 [6]
85 853 [0]
211 720 [7]
21 917 [0]
8 929 [2]
0 932 [7]
5 931 [3]
6 928 [5]
10 928 [2]
39 900 [1]
5 932 [3]
1 935 [4]
107 829 [4]
0 933 [7]
8 927 [5]
16 925 [0]
121 819 [1]
2 934 [5]
5 934 [2]
22 912 [7]
1 936 [4]
288 653 [0]
21 921 [0]
6 931 [5]
101 841 [0]
455 487 [0]
22 914 [6]
113 825 [4]
9 927 [6]
38 902 [2]
10 931 [2]
91 847 [5]
0 936 [7]
8 930 [5]
56 887 [0]
2 940 [1]
79 863 [1]
5 935 [3]
7 931 [5]
209 734 [0]
45 898 [0]
327 613 [3]
10 932 [2]
5 936 [3]
9 929 [6]
69 874 [1]
7 932 [5]
0 943 [1]
1 940 [3]
56 886 [3]
2 939 [4]
453 492 [0]
66 878 [1]
8 932 [5]
0 939 [7]
5 938 [3]
9 931 [6]
3 943 [0]
141 803 [2]
6 937 [4]
7 937 [3]
3 944 [0]
4 942 [1]
1 942 [4]
2 941 [4]
7 934 [6]
6 936 [5]
2 944 [1]
0 941 [7]
56 890 [2]
8 935 [5]
7 936 [5]
8 934 [6]
51 897 [0]
4 937 [7]
10 936 [2]
6 942 [1]
344 600 [5]
17 930 [2]
179 764 [6]
10 938 [1]
130 819 [0]
50 893 [6]
2 943 [5]
1 945 [4]
73 874 [3]
29 914 [7]
6 944 [0]
7 942 [1]
4 945 [1]
10 939 [1]
3 947 [0]
12 937 [2]
56 892 [3]
31 918 [2]
9 936 [6]
79 871 [1]
8 938 [5]
6 940 [5]
179 769 [4]
8 939 [5]
256 696 [0]
0 945 [7]
141 809 [2]
3 949 [0]
18 927 [7]
16 930 [6]
97 849 [7]
383 570 [0]
100 846 [7]
189 758 [6]
433 520 [0]
1 949 [3]
21 932 [0]
7 944 [2]
0 946 [7]
5 945 [3]
26 921 [6]
4 944 [5]
14 933 [6]
2 951 [1]
14 938 [2]
3 951 [0]
22 926 [6]
5 946 [3]
10 942 [2]
105 843 [6]
109 839 [6]
27 925 [2]
2 948 [4]
8 941 [5]
107 844 [4]
8 945 [2]
87 865 [3]
178 777 [0]
80 871 [4]
8 942 [5]
16 939 [0]
8 947 [0]
10 945 [0]
29 919 [7]
0 948 [7]
9 940 [6]
5 948 [3]
7 947 [2]
7 943 [6]
8 946 [2]
54 896 [6]
2 950 [4]
6 949 [2]
6 946 [5]
3 954 [0]
0 950 [7]
15 942 [0]
6 951 [0]
9 942 [6]
477 481 [0]
4 949 [5]
7 946 [5]
22 929 [7]
9 943 [6]
10 946 [2]
2 955 [1]
64 893 [1]
7 949 [2]
83 875 [0]
1 954 [3]
0 955 [4]
14 939 [6]
0 952 [7]
2 956 [1]
33 922 [4]
9 945 [6]
27 933 [0]
4 951 [5]
1 955 [4]
9 946 [6]
4 953 [4]
10 950 [1]
29 926 [6]
2 958 [1]
1 953 [7]
51 908 [3]
24 938 [0]
20 937 [5]
6 954 [2]
9 947 [6]
6 956 [0]
83 879 [0]
59 904 [0]
176 785 [2]
7 953 [3]
7 954 [2]
8 950 [5]
28 933 [2]
4 954 [5]
98 861 [4]
8 949 [6]
27 935 [2]
2 961 [1]
102 861 [1]
3 956 [5]
16 948 [0]
355 606 [3]
1 959 [4]
421 540 [3]
8 952 [5]
8 951 [6]
114 846 [5]
32 926 [7]
318 645 [2]
4 956 [5]
2 959 [4]
0 961 [4]
10 953 [2]
403 562 [0]
255 707 [4]
21 945 [0]
1 961 [4]
461 505 [0]
2 963 [1]
8 953 [5]
372 594 [0]
0 959 [7]
27 939 [0]
6 959 [1]
6 955 [5]
111 849 [7]
100 863 [4]
49 916 [2]
7 957 [3]
2 964 [1]
7 959 [1]
6 957 [4]
433 534 [0]
109 858 [0]
79 888 [1]
9 953 [6]
16 952 [0]
2 962 [4]
347 617 [4]
8 958 [2]
8 960 [0]
10 958 [0]
4 963 [1]
8 954 [6]
1 964 [3]
75 893 [1]
165 804 [0]
10 959 [0]
22 940 [7]
9 954 [6]
2 966 [1]
185 780 [4]
4 960 [5]
7 960 [2]
6 958 [5]
332 638 [0]
4 962 [4]
27 941 [2]
14 950 [6]
121 848 [1]
8 956 [6]
1 962 [7]
2 965 [4]
84 884 [3]
5 963 [3]
5 966 [0]
9 957 [5]
6 962 [4]
14 952 [6]
8 959 [5]
0 965 [7]
13 959 [0]
106 866 [0]
6 961 [5]
19 949 [4]
16 950 [6]
7 962 [3]
284 687 [1]
1 968 [4]
5 965 [3]
9 958 [6]
268 705 [0]
121 851 [1]
4 968 [1]
38 933 [2]
227 742 [4]
6 966 [2]
282 692 [0]
87 887 [0]
9 959 [6]
433 541 [0]
8 964 [2]
151 823 [0]
344 625 [5]
64 909 [1]
5 964 [5]
7 963 [5]
8 962 [5]
9 960 [6]
4 970 [1]
7 966 [2]
80 888 [7]
4 967 [4]
1 970 [4]
6 964 [5]
366 604 [5]
1 967 [7]
6 968 [1]
345 631 [0]
6 967 [3]
386 590 [0]
7 968 [1]
12 962 [2]
8 963 [5]
2 973 [1]
2 971 [4]
69 907 [1]
233 744 [0]
6 970 [1]
171 799 [7]
9 962 [6]
1 969 [7]
27 948 [2]
154 821 [2]
7 970 [1]
100 871 [7]
2 969 [7]
374 604 [0]
20 957 [1]
9 963 [6]
44 928 [7]
10 967 [2]
256 723 [0]
211 761 [7]
27 952 [0]
9 964 [6]
7 969 [3]
6 969 [4]
344 630 [5]
221 754 [4]
2 974 [4]
12 967 [1]
324 656 [0]
10 968 [2]
11 966 [3]
8 966 [6]
2 972 [7]
130 851 [0]
43 932 [6]
149 826 [6]
8 968 [5]
16 965 [0]
50 925 [6]
7 972 [3]
7 973 [2]
4 973 [5]
9 967 [6]
6 972 [4]
238 743 [1]
45 937 [1]
9 968 [6]
8 973 [2]
10 973 [0]
0 976 [7]
2 977 [4]
1 978 [4]
12 969 [2]
73 907 [3]
15 968 [0]
4 972 [7]
113 863 [7]
5 973 [5]
2 975 [7]
238 745 [1]
272 712 [0]
8 971 [5]
0 977 [7]
255 725 [4]
15 963 [7]
310 675 [0]
51 934 [0]
197 787 [1]
6 975 [4]
10 969 [6]
2 979 [4]
61 917 [7]
14 965 [6]
423 562 [0]
10 974 [1]
7 975 [3]
2 980 [4]
200 782 [4]
68 916 [2]
173 811 [2]
126 860 [0]
23 960 [3]
5 978 [3]
12 972 [2]
5 979 [3]
8 974 [5]
2 984 [1]
0 980 [7]
1 979 [7]
2 981 [4]
22 958 [7]
4 982 [1]
1 982 [4]
16 971 [0]
1 983 [4]
10 977 [1]
263 722 [3]
379 609 [0]
18 970 [0]
0 981 [7]
18 968 [3]
9 975 [5]
5 981 [3]
2 983 [4]
20 969 [1]
2 987 [1]
5 982 [3]
38 950 [2]
327 660 [3]
114 871 [5]
36 947 [7]
10 980 [1]
36 951 [4]
8 978 [5]
14 971 [6]
5 983 [3]
10 975 [6]
50 935 [6]
201 787 [3]
129 859 [3]
0 985 [7]
8 979 [5]
38 952 [2]
8 982 [2]
2 986 [4]
166 819 [7]
16 976 [0]
6 982 [5]
7 984 [2]
5 985 [3]
4 984 [5]
69 923 [1]
93 897 [3]
8 980 [5]
8 981 [5]
5 986 [3]
8 984 [2]
382 612 [0]
5 984 [5]
16 978 [0]
27 965 [2]
479 515 [0]
14 974 [6]
7 983 [5]
13 976 [6]
1 991 [3]
0 991 [4]
109 880 [6]
396 599 [0]
28 965 [2]
3 992 [0]
9 981 [5]
20 975 [1]
16 974 [6]
16 979 [1]
386 603 [7]
8 988 [0]
8 983 [5]
7 987 [2]
4 987 [5]
317 677 [2]
48 944 [4]
203 788 [6]
10 986 [1]
10 985 [2]
4 990 [3]
29 961 [7]
16 981 [0]
14 977 [6]
50 941 [6]
186 810 [1]
5 987 [5]
10 987 [0]
51 943 [3]
7 985 [5]
7 988 [2]
14 981 [2]
20 972 [5]
4 988 [5]
9 983 [6]
27 971 [0]
48 947 [3]
56 939 [3]
2 989 [7]
5 990 [3]
407 591 [0]
100 895 [4]
5 991 [3]
16 977 [6]
36 956 [7]
181 814 [4]
5 992 [2]
356 639 [4]
7 989 [3]
88 911 [0]
0 993 [7]
17 981 [2]
14 980 [6]
69 931 [0]
10 990 [0]
64 935 [1]
296 705 [0]
6 990 [5]
305 696 [0]
141 858 [2]
0 994 [7]
8 991 [2]
277 719 [5]
121 879 [1]
28 971 [2]
10 991 [0]
11 988 [3]
25 973 [4]
6 991 [5]
4 994 [5]
9 988 [6]
55 947 [1]
5 995 [3]
1 995 [7]
5 996 [3]
85 919 [0]
10 994 [0]
50 948 [6]
99 905 [0]
6 995 [3]
27 977 [0]
10 989 [6]
15 983 [7]
7 995 [3]
4 997 [4]
27 976 [2]
7 992 [6]
0 998 [7]
494 511 [0]
91 909 [5]
5 997 [4]
8 993 [5]
4 999 [3]
21 985 [0]
75 925 [6]
38 965 [3]
10 996 [0]
8 992 [6]
2 997 [7]
126 881 [0]
7 997 [3]
5 999 [3]
27 978 [2]
438 569 [0]
188 818 [1]
6 997 [4]
255 749 [4]
16 986 [6]
8 995 [5]
12 995 [1]
199 802 [7]
9 994 [6]
36 966 [7]
8 999 [2]
130 879 [0]
478 531 [0]
12 997 [1]
132 874 [4]
8 997 [5]
9 995 [6]
34 973 [3]
20 989 [1]
179 828 [4]
56 952 [3]
8 998 [5]
502 509 [0]
75 935 [1]
27 979 [6]
38 971 [3]
86 925 [1]
324 689 [0]
14 993 [6]
317 691 [5]
195 815 [3]
25 984 [4]
38 974 [2]
35 979 [0]
186 827 [1]
128 882 [4]
9 999 [6]
344 666 [5]
216 796 [4]
25 987 [4]
341 674 [1]
28 986 [2]
70 946 [1]
186 830 [1]
45 972 [0]
135 882 [0]
38 977 [2]
14 998 [6]
410 608 [0]
129 890 [0]
474 545 [0]
264 755 [0]
233 784 [2]
27 986 [6]
22 990 [7]
126 894 [0]
38 980 [2]
282 735 [3]
22 991 [7]
131 887 [3]
35 986 [0]
75 941 [6]
161 861 [0]
297 718 [7]
290 732 [0]
188 834 [1]
28 993 [2]
129 887 [7]
141 880 [2]
25 994 [4]
128 892 [4]
131 890 [3]
291 731 [2]
477 547 [0]
166 851 [7]
98 925 [1]
27 998 [0]
22 996 [7]
137 889 [0]
424 602 [0]
50 976 [1]
31 997 [0]
100 924 [4]
439 589 [0]
94 928 [6]
28 998 [2]
22 999 [7]
481 547 [0]
43 985 [0]
87 939 [3]
233 794 [2]
33 992 [4]
75 948 [6]
344 681 [5]
39 990 [1]
56 974 [0]
56 971 [3]
39 991 [1]
34 994 [3]
272 760 [0]
38 993 [2]
97 929 [7]
115 916 [2]
122 911 [0]
129 902 [3]
340 695 [0]
424 610 [1]
83 953 [0]
233 803 [0]
39 996 [1]
56 980 [0]
294 738 [6]
99 940 [0]
39 999 [1]
450 590 [0]
79 960 [1]
98 941 [1]
87 950 [3]
203 831 [6]
64 976 [1]
53 986 [2]
107 934 [0]
233 809 [0]
113 924 [7]
90 951 [3]
209 836 [0]
137 906 [2]
89 949 [7]
51 992 [3]
117 922 [7]
104 935 [7]
463 583 [0]
98 948 [1]
127 919 [2]
442 607 [0]
350 697 [2]
304 745 [0]
89 954 [7]
83 967 [0]
95 954 [1]
204 847 [0]
85 961 [6]
56 993 [3]
75 978 [1]
417 639 [0]
277 775 [5]
56 998 [3]
353 700 [6]
450 603 [6]
215 841 [4]
471 591 [0]
256 806 [0]
176 885 [1]
82 979 [2]
185 874 [4]
148 912 [4]
281 783 [0]
137 927 [0]
86 978 [1]
384 677 [5]
281 786 [0]
87 977 [3]
263 802 [3]
152 912 [4]
211 853 [5]
377 693 [0]
87 980 [3]
363 707 [0]
184 884 [3]
109 957 [6]
427 645 [0]
150 923 [0]
525 548 [0]
121 953 [0]
154 919 [2]
534 541 [0]
80 988 [7]
243 832 [0]
145 929 [1]
197 878 [1]
216 857 [4]
233 839 [6]
83 995 [0]
190 888 [1]
384 691 [5]
248 831 [1]
139 941 [0]
113 960 [7]
143 938 [0]
201 878 [3]
137 942 [3]
130 953 [0]
109 975 [0]
231 853 [0]
299 785 [1]
122 964 [0]
139 948 [0]
125 962 [0]
361 727 [0]
179 905 [4]
410 674 [4]
188 895 [6]
230 854 [6]
233 858 [0]
267 818 [6]
147 944 [1]
105 984 [3]
275 817 [0]
216 872 [4]
383 710 [0]
485 608 [0]
192 896 [6]
105 987 [3]
100 988 [7]
469 626 [0]
185 907 [4]
444 652 [1]
133 965 [0]
109 989 [0]
158 941 [0]
533 566 [0]
97 999 [4]
147 951 [3]
382 713 [6]
343 760 [0]
359 738 [6]
232 868 [3]
354 750 [0]
318 784 [2]
141 957 [6]
282 820 [3]
367 738 [0]
344 757 [5]
112 990 [4]
129 974 [3]
147 956 [3]
267 834 [6]
137 970 [0]
131 974 [3]
148 958 [4]
112 996 [2]
154 955 [2]
317 789 [5]
318 794 [0]
129 980 [3]
233 880 [0]
188 924 [1]
225 890 [0]
255 857 [4]
295 821 [0]
117 992 [7]
378 739 [0]
213 899 [6]
141 975 [2]
186 933 [1]
318 803 [0]
407 714 [0]
325 791 [6]
536 588 [0]
232 889 [3]
180 947 [1]
149 973 [6]
198 930 [0]
277 852 [0]
272 859 [0]
141 989 [2]
287 843 [3]
361 774 [0]
299 835 [1]
393 743 [0]
565 572 [0]
486 652 [0]
256 882 [0]
202 933 [4]
266 871 [2]
149 984 [6]
232 906 [3]
556 585 [0]
203 932 [6]
149 987 [6]
297 842 [7]
183 963 [0]
167 976 [5]
324 824 [0]
145 999 [5]
265 886 [0]
536 611 [4]
356 793 [4]
532 624 [0]
463 688 [6]
348 802 [7]
318 839 [0]
431 726 [0]
495 663 [0]
503 655 [0]
232 927 [0]
351 812 [0]
383 777 [3]
183 983 [0]
267 895 [6]
543 628 [0]
371 797 [3]
536 633 [4]
386 781 [6]
206 964 [4]
334 839 [2]
181 990 [4]
500 672 [4]
272 902 [2]
357 818 [1]
581 597 [0]
190 988 [1]
186 993 [1]
181 996 [4]
437 744 [0]
458 725 [0]
250 932 [1]
357 825 [1]
299 885 [1]
186 998 [1]
236 950 [0]
528 659 [0]
277 910 [0]
356 828 [4]
241 944 [3]
524 666 [0]
327 860 [3]
361 829 [0]
290 903 [0]
258 933 [3]
267 924 [6]
305 892 [0]
268 927 [3]
357 834 [7]
318 880 [0]
202 993 [4]
243 952 [4]
359 833 [7]
588 611 [0]
412 788 [0]
343 859 [0]
202 998 [4]
232 970 [3]
280 926 [1]
458 749 [0]
233 975 [0]
292 915 [1]
276 931 [1]
483 727 [0]
327 881 [3]
427 784 [0]
297 908 [7]
236 977 [0]
276 936 [1]
459 754 [0]
295 919 [0]
528 683 [5]
530 687 [0]
553 664 [0]
533 685 [0]
407 813 [0]
277 937 [6]
588 633 [0]
427 794 [0]
230 985 [6]
278 944 [0]
233 989 [0]
560 662 [0]
222 996 [4]
557 665 [0]
358 865 [0]
403 821 [0]
327 894 [3]
389 835 [0]
600 625 [0]
255 966 [4]
586 642 [0]
427 803 [0]
600 630 [2]
452 780 [0]
238 994 [1]
525 708 [2]
500 733 [4]
450 781 [6]
478 757 [4]
503 737 [2]
611 633 [0]
480 764 [0]
343 902 [0]
294 945 [7]
423 821 [3]
247 996 [5]
277 972 [0]
323 926 [0]
411 839 [0]
565 679 [6]
295 955 [0]
566 685 [0]
352 900 [0]
284 969 [0]
258 993 [3]
295 961 [0]
548 708 [0]
346 911 [0]
357 895 [7]
355 901 [3]
309 943 [7]
386 869 [6]
333 929 [0]
601 661 [0]
621 643 [0]
356 905 [4]
350 913 [4]
508 760 [0]
322 943 [3]
391 884 [0]
507 769 [0]
292 983 [1]
480 793 [4]
318 957 [2]
473 804 [0]
469 809 [1]
570 710 [0]
357 924 [1]
294 982 [6]
557 720 [6]
336 949 [0]
421 863 [3]
432 860 [0]
313 976 [4]
342 951 [0]
361 934 [0]
465 831 [0]
550 748 [0]
581 718 [0]
356 940 [4]
342 956 [2]
407 897 [0]
325 978 [4]
427 880 [0]
601 703 [6]
474 833 [4]
395 916 [0]
401 912 [0]
597 718 [0]
596 722 [0]
464 856 [0]
532 786 [2]
605 719 [0]
450 869 [6]
330 990 [5]
403 919 [3]
432 894 [0]
469 858 [1]
582 747 [0]
386 938 [7]
399 933 [0]
341 992 [1]
363 966 [6]
601 730 [6]
530 807 [0]
659 683 [0]
500 840 [4]
581 759 [4]
522 825 [0]
359 982 [7]
570 777 [3]
582 765 [5]
616 740 [0]
367 982 [7]
578 778 [0]
614 742 [0]
442 909 [6]
438 917 [2]
497 860 [0]
592 766 [0]
377 979 [3]
500 855 [4]
597 759 [4]
403 955 [3]
401 958 [3]
661 703 [0]
452 907 [7]
593 773 [0]
403 961 [3]
677 691 [0]
521 847 [0]
405 964 [0]
595 776 [0]
385 985 [1]
477 893 [4]
627 751 [0]
423 955 [3]
397 985 [0]
562 821 [0]
427 957 [0]
421 960 [3]
665 720 [0]
605 775 [6]
480 905 [2]
393 994 [2]
423 961 [7]
655 737 [0]
491 902 [0]
450 938 [6]
497 894 [4]
661 730 [5]
475 922 [0]
441 957 [0]
462 936 [0]
679 723 [0]
410 992 [0]
540 863 [0]
672 733 [0]
552 867 [0]
538 886 [0]
480 940 [4]
581 842 [4]
559 870 [0]
645 784 [0]
644 787 [0]
651 782 [0]
703 730 [0]
704 734 [0]
525 913 [4]
467 976 [0]
597 842 [4]
558 889 [0]
556 892 [4]
565 882 [6]
605 852 [0]
571 887 [0]
469 989 [1]
517 943 [0]
499 963 [0]
641 823 [0]
558 906 [2]
677 789 [1]
479 986 [3]
552 918 [0]
549 924 [0]
725 749 [0]
585 892 [0]
691 789 [0]
550 928 [2]
626 858 [0]
710 777 [0]
679 806 [6]
719 775 [0]
613 881 [0]
530 969 [0]
540 960 [6]
597 908 [4]
689 824 [0]
672 840 [2]
605 910 [0]
516 999 [0]
607 909 [0]
655 864 [3]
644 878 [0]
715 808 [0]
546 978 [0]
714 813 [0]
672 855 [2]
558 970 [6]
619 915 [0]
684 851 [0]
542 998 [0]
603 938 [0]
704 836 [2]
561 981 [0]
605 937 [6]
552 997 [0]
735 820 [0]
622 935 [0]
589 971 [0]
618 947 [0]
763 805 [0]
771 798 [0]
770 800 [0]
734 836 [0]
733 840 [0]
647 931 [0]
605 972 [6]
616 967 [1]
733 855 [1]
667 930 [0]
794 803 [0]
762 837 [0]
737 864 [0]
774 829 [0]
715 891 [0]
668 946 [0]
774 844 [2]
718 908 [0]
719 910 [0]
810 830 [0]
716 925 [0]
649 995 [0]
781 869 [0]
818 834 [0]
741 921 [0]
822 845 [0]
829 844 [0]
794 880 [5]
686 996 [0]
803 880 [0]
780 907 [0]
740 967 [0]
775 937 [0]
818 895 [3]
845 873 [0]
729 991 [0]
738 982 [0]
735 988 [1]
834 895 [0]
793 940 [0]
743 994 [0]
821 955 [0]
832 952 [0]
867 918 [0]
889 906 [0]
809 989 [0]
826 984 [0]
826 987 [0]
889 970 [0]
912 958 [0]
951 956 [0]
