1000
8
556
0
1
2
3
4
5
6
7
8
9
10
12
20
45
78
277
605
719
775
937
910
852
972
413
553
664
106
119
165
473
804
178
240
335
349
383
570
710
777
332
638
338
866
109
141
214
233
318
334
411
839
427
441
957
645
784
794
803
880
437
744
469
626
858
809
989
975
706
746
763
805
898
58
228
246
284
530
687
807
969
402
31
118
552
867
918
997
883
47
125
962
151
164
461
505
554
701
555
641
823
559
870
83
101
215
463
583
688
841
376
446
121
130
166
684
851
819
879
953
616
740
967
848
490
576
635
649
995
875
447
13
14
16
17
59
904
96
198
257
449
575
667
930
699
561
981
27
28
35
53
82
189
621
643
623
758
207
377
390
693
979
431
726
752
146
428
479
515
986
528
659
683
822
845
873
503
655
737
864
38
56
87
108
398
129
131
225
890
571
887
640
974
272
329
343
409
420
472
491
902
508
760
859
712
790
980
162
236
950
977
358
535
865
702
724
939
110
128
135
256
305
585
892
696
565
572
679
723
806
882
243
832
952
136
767
169
186
202
258
399
933
993
542
998
439
589
971
518
810
830
827
265
538
886
598
536
588
611
633
133
370
965
205
354
750
671
876
50
64
75
86
98
102
116
123
161
861
227
279
493
311
567
319
372
594
614
742
139
158
229
533
566
685
941
948
293
584
716
925
768
273
321
325
445
546
978
791
104
264
755
365
622
935
477
481
547
893
627
751
91
175
204
262
521
847
260
442
607
909
270
155
314
654
167
313
467
976
176
187
210
217
261
298
544
299
389
835
394
785
885
595
776
76
103
344
353
426
488
700
478
531
757
524
666
600
625
630
681
170
290
732
903
40
142
568
877
63
24
143
306
386
450
590
603
938
781
869
416
355
360
606
901
574
157
378
406
739
239
271
715
808
891
959
15
18
137
232
268
296
300
705
927
558
889
906
970
868
320
504
721
942
404
968
30
124
212
340
695
274
453
492
213
316
899
862
52
183
292
307
619
915
983
499
963
615
920
21
26
43
203
230
242
385
397
539
985
854
248
465
831
250
285
932
251
269
412
788
680
400
408
772
81
673
741
921
49
61
72
199
263
348
414
482
519
802
596
722
302
438
569
917
68
115
156
310
675
362
395
916
134
160
218
770
800
850
69
70
138
276
345
631
434
462
936
647
931
286
582
747
765
668
946
717
73
132
185
226
494
511
452
780
907
874
275
817
369
419
709
150
923
425
195
312
815
224
294
359
367
738
982
474
545
833
422
573
579
945
418
451
22
29
32
41
171
676
799
620
77
326
454
476
529
637
280
323
926
429
464
856
42
85
127
154
295
403
423
562
821
955
961
919
209
244
381
495
663
704
734
836
211
220
231
853
537
557
665
720
648
761
289
373
629
66
197
201
644
787
878
678
415
351
812
460
657
914
39
74
433
520
534
541
92
112
181
222
247
686
996
330
580
990
814
223
496
387
838
97
111
140
347
498
506
617
564
182
237
527
849
145
333
929
352
900
396
599
516
999
424
602
610
728
729
991
44
94
249
550
748
928
632
753
60
88
122
206
405
964
577
281
512
532
624
786
587
783
346
911
500
672
733
840
855
526
771
798
99
177
191
736
636
179
356
417
639
480
764
793
940
905
507
769
828
430
563
148
152
252
513
283
401
912
958
646
196
444
486
652
308
388
456
795
25
34
84
184
391
884
193
208
235
331
105
149
601
661
703
730
826
984
987
973
254
287
301
843
238
304
745
364
443
393
743
994
470
484
54
192
382
612
713
896
163
234
324
656
689
824
120
168
371
543
628
797
11
23
57
62
174
221
259
560
662
459
754
79
80
100
113
188
267
357
392
522
825
549
924
818
834
895
421
435
540
863
960
468
114
172
682
266
650
669
871
337
551
779
816
846
190
282
692
735
820
988
888
291
634
731
144
153
375
36
48
55
180
245
303
618
947
339
90
147
159
466
711
219
241
278
944
317
384
440
677
691
789
436
489
342
951
956
368
502
509
592
766
670
698
253
658
510
578
778
756
200
651
782
216
255
363
707
966
366
374
604
458
725
749
857
593
773
796
872
37
315
46
126
327
432
497
860
894
613
881
660
586
642
792
19
65
89
95
328
336
949
801
954
350
525
548
708
913
697
33
51
93
288
653
407
471
591
714
813
897
762
837
107
194
361
483
727
774
829
844
934
380
448
694
117
297
523
581
597
718
908
759
842
341
410
457
485
608
514
674
992
475
922
173
309
322
379
609
517
943
811
501
67
71
455
487
690
0 1 [0]
1 2 [0]
0 2 [1]
2 3 [0]
0 3 [2]
0 4 [2]
1 3 [2]
3 4 [0]
0 7 [0]
1 6 [0]
2 6 [0]
0 8 [0]
1 7 [0]
0 5 [3]
1 8 [0]
2 7 [0]
1 5 [3]
4 5 [0]
3 6 [0]
0 9 [0]
2 5 [3]
1 9 [0]
2 8 [0]
0 10 [0]
3 7 [0]
4 6 [0]
2 4 [4]
1 4 [6]
5 6 [0]
3 5 [3]
4 7 [0]
3 8 [0]
6 7 [0]
3 11 [1]
7 8 [0]
0 11 [4]
4 11 [1]
1 10 [6]
8 9 [0]
5 11 [1]
7 9 [2]
7 10 [1]
2 11 [5]
2 9 [7]
2 10 [7]
8 10 [1]
0 13 [6]
1 12 [6]
6 11 [2]
9 10 [0]
6 8 [5]
4 8 [7]
5 7 [7]
3 9 [7]
4 9 [7]
7 11 [2]
1 13 [6]
5 8 [7]
9 11 [0]
0 14 [6]
2 12 [7]
7 13 [1]
4 10 [7]
5 9 [7]
1 14 [6]
6 9 [6]
10 12 [0]
2 13 [7]
8 11 [3]
6 10 [6]
5 13 [4]
7 14 [1]
0 16 [6]
5 10 [7]
0 17 [6]
0 19 [4]
7 12 [4]
4 12 [7]
1 15 [7]
7 15 [1]
3 19 [1]
6 13 [4]
2 14 [7]
1 16 [6]
4 15 [4]
5 14 [4]
10 13 [0]
1 17 [6]
8 12 [4]
5 15 [4]
6 12 [6]
2 15 [7]
5 12 [7]
2 16 [7]
9 13 [3]
9 12 [4]
4 19 [2]
5 16 [4]
5 17 [4]
6 15 [5]
2 17 [7]
10 14 [2]
8 13 [5]
1 18 [7]
4 18 [4]
2 19 [5]
7 18 [1]
13 14 [0]
1 19 [7]
10 15 [2]
9 15 [3]
0 21 [6]
1 20 [6]
6 19 [2]
8 14 [5]
2 18 [7]
1 22 [4]
3 23 [1]
8 15 [5]
9 19 [0]
0 22 [6]
9 14 [5]
4 23 [1]
10 16 [2]
2 22 [4]
2 20 [7]
0 25 [4]
7 19 [3]
6 22 [1]
4 21 [4]
8 16 [5]
1 21 [7]
0 23 [6]
6 18 [5]
7 21 [1]
10 17 [2]
10 18 [2]
4 25 [1]
2 23 [5]
9 18 [3]
9 16 [5]
8 19 [3]
14 16 [0]
0 24 [6]
8 17 [5]
7 20 [4]
9 17 [5]
6 23 [2]
4 20 [7]
8 18 [5]
1 26 [4]
4 22 [5]
5 25 [1]
5 21 [5]
6 21 [5]
7 23 [2]
6 20 [6]
0 26 [6]
1 24 [7]
12 20 [0]
2 25 [5]
9 23 [0]
5 20 [7]
9 20 [3]
5 22 [5]
5 24 [4]
8 22 [3]
13 16 [4]
2 24 [7]
16 17 [0]
9 21 [3]
0 27 [6]
9 22 [2]
0 29 [4]
10 20 [3]
10 21 [2]
15 18 [0]
1 25 [7]
7 25 [2]
10 22 [2]
7 26 [1]
1 29 [4]
8 21 [5]
8 23 [3]
11 23 [0]
1 27 [6]
0 28 [6]
4 26 [4]
1 28 [6]
2 29 [4]
10 25 [0]
5 27 [4]
9 25 [2]
10 24 [2]
2 27 [7]
0 32 [4]
5 26 [5]
8 25 [3]
6 29 [1]
2 30 [4]
9 24 [3]
2 28 [7]
0 33 [4]
8 24 [5]
3 33 [1]
5 28 [4]
1 32 [4]
0 34 [4]
14 17 [7]
9 26 [3]
7 30 [1]
1 30 [7]
14 24 [0]
4 29 [5]
1 31 [6]
10 26 [2]
7 31 [1]
5 29 [5]
5 30 [4]
6 32 [1]
4 34 [1]
10 27 [2]
8 26 [5]
5 34 [1]
2 31 [7]
10 28 [2]
8 29 [3]
5 31 [4]
2 33 [5]
5 33 [2]
8 27 [5]
13 24 [3]
3 36 [1]
2 34 [5]
4 32 [5]
6 31 [4]
6 33 [2]
10 29 [2]
6 30 [5]
4 36 [1]
4 31 [6]
1 33 [7]
3 37 [1]
8 28 [5]
0 37 [4]
5 32 [5]
14 27 [1]
9 30 [3]
10 30 [2]
1 35 [6]
5 36 [1]
4 37 [1]
9 33 [0]
7 33 [3]
8 30 [5]
9 31 [3]
0 39 [4]
16 27 [0]
2 36 [5]
8 32 [3]
7 34 [2]
13 27 [4]
8 33 [3]
2 35 [7]
10 32 [2]
8 31 [5]
5 35 [4]
2 37 [5]
10 34 [0]
0 38 [6]
6 36 [2]
0 41 [4]
8 34 [3]
7 36 [2]
9 34 [2]
6 37 [2]
9 36 [0]
15 30 [0]
12 31 [2]
16 28 [2]
0 40 [6]
6 39 [1]
1 41 [4]
0 42 [4]
9 37 [0]
1 42 [4]
1 39 [7]
8 36 [3]
21 26 [0]
5 38 [4]
10 35 [2]
2 38 [7]
7 37 [3]
1 40 [7]
6 41 [1]
8 35 [5]
8 37 [3]
4 39 [5]
1 43 [4]
0 44 [4]
5 39 [5]
2 40 [7]
0 43 [6]
6 42 [1]
14 28 [7]
10 39 [0]
10 38 [2]
5 44 [1]
9 39 [2]
0 46 [4]
4 41 [5]
8 39 [3]
2 44 [5]
7 43 [1]
11 36 [4]
2 42 [7]
4 46 [1]
22 29 [0]
8 38 [5]
6 44 [1]
5 41 [5]
4 43 [4]
10 40 [2]
1 45 [6]
11 37 [4]
1 44 [7]
8 41 [3]
5 42 [5]
9 40 [3]
3 48 [1]
8 42 [3]
5 43 [5]
4 44 [5]
4 48 [1]
8 40 [5]
2 46 [5]
16 35 [2]
5 46 [2]
10 41 [2]
14 40 [0]
2 45 [7]
1 49 [4]
5 48 [1]
1 47 [6]
6 46 [2]
10 42 [2]
10 44 [0]
14 38 [2]
10 43 [2]
2 48 [5]
7 47 [1]
9 46 [0]
3 51 [1]
0 49 [6]
27 28 [0]
8 44 [3]
4 45 [7]
14 35 [7]
0 50 [6]
6 48 [2]
7 46 [3]
7 45 [4]
2 47 [7]
8 43 [5]
13 40 [3]
8 46 [3]
9 45 [3]
4 49 [4]
1 50 [6]
4 47 [6]
7 48 [2]
6 47 [4]
9 48 [0]
16 38 [3]
6 45 [6]
7 49 [1]
0 51 [6]
16 40 [1]
2 52 [4]
5 51 [2]
0 54 [4]
10 45 [3]
12 45 [1]
2 51 [5]
5 49 [5]
3 55 [1]
8 51 [0]
1 51 [7]
25 34 [0]
2 50 [7]
9 47 [3]
8 48 [3]
5 50 [4]
4 55 [1]
4 52 [4]
8 47 [5]
1 53 [6]
7 52 [1]
6 49 [5]
9 51 [0]
5 54 [1]
12 47 [2]
7 51 [3]
29 32 [0]
2 54 [5]
9 49 [3]
3 57 [1]
22 32 [7]
5 52 [4]
4 57 [1]
1 54 [7]
0 56 [6]
2 55 [5]
8 49 [5]
2 53 [7]
5 55 [2]
10 50 [2]
10 47 [5]
5 53 [4]
9 54 [0]
0 57 [6]
28 35 [0]
7 54 [2]
8 50 [5]
6 52 [5]
2 57 [5]
10 52 [2]
11 46 [7]
7 55 [2]
0 60 [4]
10 54 [0]
21 43 [0]
9 52 [3]
9 55 [0]
1 58 [6]
8 52 [5]
0 59 [6]
2 56 [7]
6 57 [2]
8 54 [3]
10 53 [2]
20 45 [0]
1 59 [6]
27 35 [4]
9 57 [0]
13 50 [3]
28 38 [0]
8 53 [5]
1 61 [4]
3 62 [1]
8 55 [3]
7 58 [1]
16 50 [0]
7 57 [2]
5 60 [1]
4 62 [1]
15 52 [0]
5 58 [4]
0 61 [6]
22 39 [6]
2 60 [5]
6 60 [1]
2 58 [7]
2 59 [7]
4 58 [6]
8 57 [3]
27 38 [3]
5 59 [4]
1 60 [7]
10 56 [2]
6 58 [4]
0 62 [6]
26 43 [0]
2 62 [5]
3 65 [1]
0 63 [6]
4 61 [4]
7 61 [1]
4 60 [5]
0 65 [4]
8 56 [5]
2 67 [1]
22 41 [7]
0 66 [4]
0 64 [6]
21 49 [0]
7 62 [2]
16 53 [2]
4 65 [2]
0 67 [4]
8 60 [3]
1 63 [7]
22 42 [7]
1 64 [6]
29 42 [0]
5 61 [5]
9 60 [2]
9 62 [0]
12 58 [2]
6 61 [5]
2 65 [5]
2 63 [7]
8 59 [5]
5 63 [4]
14 56 [2]
3 67 [2]
22 44 [6]
32 41 [0]
5 64 [4]
1 68 [4]
4 67 [2]
9 61 [3]
10 58 [5]
6 66 [1]
1 65 [7]
8 62 [3]
9 59 [5]
2 64 [7]
1 67 [5]
0 68 [6]
9 65 [0]
2 71 [1]
1 66 [7]
1 69 [4]
4 66 [5]
16 56 [3]
0 71 [4]
7 65 [3]
5 67 [3]
0 69 [6]
1 70 [4]
10 63 [2]
3 71 [2]
9 67 [0]
8 65 [3]
5 66 [5]
6 69 [1]
0 70 [6]
6 67 [3]
7 68 [1]
4 68 [4]
17 59 [0]
8 63 [5]
14 63 [0]
1 71 [5]
8 64 [5]
6 70 [1]
7 69 [1]
8 66 [3]
1 72 [4]
7 67 [3]
10 66 [2]
5 68 [5]
16 59 [3]
7 70 [1]
0 72 [6]
1 73 [4]
0 74 [4]
27 50 [1]
5 71 [3]
5 69 [5]
8 71 [0]
0 73 [6]
8 68 [3]
13 63 [3]
6 73 [1]
8 69 [3]
13 64 [3]
5 70 [5]
9 71 [0]
16 64 [0]
9 68 [3]
6 71 [3]
16 63 [1]
14 59 [7]
4 72 [4]
23 57 [0]
9 69 [3]
0 77 [4]
6 74 [1]
10 69 [2]
0 75 [6]
7 73 [1]
8 70 [3]
7 71 [3]
1 75 [6]
9 70 [3]
1 77 [4]
0 76 [6]
10 70 [2]
1 74 [7]
5 72 [5]
20 58 [5]
3 79 [1]
6 72 [5]
4 74 [5]
4 79 [1]
2 75 [7]
28 53 [3]
9 72 [3]
19 65 [0]
33 51 [0]
5 75 [4]
1 76 [7]
8 73 [3]
36 48 [0]
27 53 [4]
28 56 [0]
5 74 [5]
5 76 [4]
10 73 [2]
25 54 [6]
4 80 [1]
9 73 [3]
8 74 [3]
0 79 [6]
9 74 [2]
1 78 [6]
23 62 [0]
0 80 [6]
4 77 [5]
27 56 [3]
6 79 [2]
2 78 [7]
0 81 [6]
5 77 [5]
8 75 [5]
35 53 [0]
6 80 [2]
22 60 [6]
8 77 [3]
7 79 [2]
22 66 [0]
0 84 [4]
10 76 [2]
9 79 [0]
21 61 [7]
7 80 [2]
7 78 [4]
10 77 [2]
4 84 [1]
8 76 [5]
4 78 [7]
9 80 [0]
7 81 [1]
0 85 [4]
1 82 [6]
4 81 [4]
14 76 [0]
5 84 [1]
21 69 [0]
1 85 [4]
1 83 [6]
8 79 [3]
6 78 [6]
9 78 [4]
7 83 [1]
5 81 [5]
2 82 [7]
8 80 [3]
12 78 [1]
16 75 [0]
2 84 [5]
36 55 [0]
5 82 [4]
27 64 [1]
13 76 [3]
0 86 [6]
5 83 [4]
6 85 [1]
16 76 [0]
4 83 [6]
0 87 [6]
7 84 [2]
9 81 [3]
0 89 [4]
6 83 [4]
1 86 [6]
10 81 [2]
3 89 [1]
11 80 [3]
5 88 [1]
11 79 [4]
38 56 [0]
8 81 [5]
10 84 [0]
3 90 [1]
2 85 [7]
2 88 [5]
5 85 [5]
8 82 [5]
5 86 [4]
4 90 [1]
4 89 [2]
2 86 [7]
10 83 [2]
6 88 [1]
9 84 [2]
9 83 [3]
21 68 [7]
8 85 [3]
2 87 [7]
0 92 [4]
1 88 [7]
8 83 [5]
3 93 [1]
0 91 [6]
6 89 [2]
12 83 [2]
2 90 [5]
4 88 [5]
1 89 [7]
6 90 [2]
0 94 [4]
9 89 [0]
20 78 [0]
8 88 [3]
9 88 [2]
3 95 [1]
1 91 [7]
10 87 [2]
7 89 [3]
8 86 [5]
9 90 [0]
7 90 [2]
6 92 [1]
0 93 [7]
21 72 [7]
2 93 [5]
5 94 [1]
16 82 [2]
8 89 [3]
5 93 [2]
5 91 [4]
1 92 [7]
8 87 [5]
2 91 [7]
2 94 [5]
21 73 [7]
4 92 [5]
6 94 [1]
29 66 [6]
8 93 [0]
1 93 [7]
4 95 [2]
8 90 [3]
21 81 [0]
5 92 [5]
1 94 [7]
22 74 [6]
16 86 [0]
0 96 [6]
48 55 [0]
4 94 [5]
7 93 [3]
9 92 [2]
6 95 [2]
0 99 [4]
1 95 [7]
1 96 [6]
14 87 [2]
27 75 [1]
6 97 [1]
10 92 [2]
27 76 [1]
0 98 [6]
9 95 [0]
10 94 [0]
5 96 [4]
5 99 [1]
4 100 [1]
7 95 [3]
2 96 [7]
8 94 [3]
1 97 [7]
16 87 [3]
6 99 [1]
22 77 [7]
8 95 [3]
23 79 [4]
29 77 [0]
4 97 [5]
23 80 [3]
2 99 [5]
1 99 [7]
16 91 [0]
2 98 [7]
5 98 [4]
13 91 [3]
5 97 [5]
22 85 [0]
10 97 [0]
9 97 [2]
0 102 [6]
4 99 [5]
8 97 [3]
1 101 [6]
10 96 [2]
6 100 [2]
9 100 [0]
0 105 [4]
25 84 [0]
7 100 [2]
8 96 [5]
32 77 [0]
7 101 [1]
0 103 [6]
8 99 [3]
5 101 [4]
4 105 [1]
49 61 [0]
9 99 [2]
9 96 [5]
2 102 [7]
5 105 [1]
3 107 [1]
8 98 [5]
8 100 [3]
5 102 [4]
4 101 [6]
2 105 [5]
1 104 [7]
5 103 [4]
27 82 [4]
5 104 [4]
17 96 [0]
28 82 [3]
39 74 [0]
10 101 [2]
9 101 [3]
2 104 [7]
1 106 [6]
29 85 [0]
26 81 [7]
16 98 [0]
11 100 [3]
7 105 [2]
19 89 [6]
50 64 [0]
27 86 [1]
5 107 [2]
8 101 [5]
0 107 [7]
2 107 [5]
0 108 [6]
8 102 [5]
16 96 [3]
12 101 [2]
10 103 [2]
1 107 [7]
2 106 [7]
10 105 [0]
8 107 [0]
8 105 [3]
9 107 [0]
6 106 [4]
22 88 [6]
0 112 [4]
8 103 [5]
4 106 [6]
0 110 [6]
10 106 [1]
2 108 [7]
49 68 [0]
27 87 [3]
8 104 [5]
7 106 [4]
7 109 [1]
14 103 [0]
7 107 [3]
4 113 [1]
2 109 [7]
34 84 [0]
6 111 [1]
16 102 [0]
12 106 [0]
16 103 [0]
6 109 [4]
27 91 [1]
57 62 [0]
4 109 [6]
6 112 [1]
1 111 [7]
2 110 [7]
13 103 [3]
16 104 [0]
4 111 [5]
19 95 [6]
1 115 [4]
35 82 [3]
10 108 [2]
22 92 [6]
10 109 [1]
0 115 [6]
12 109 [0]
5 111 [5]
9 109 [3]
4 112 [5]
49 72 [0]
8 108 [5]
10 111 [0]
3 117 [1]
9 111 [2]
7 113 [2]
8 111 [3]
10 110 [2]
5 112 [5]
9 113 [0]
6 114 [2]
7 114 [2]
4 115 [4]
45 78 [0]
9 112 [2]
9 114 [0]
8 110 [5]
0 120 [4]
8 113 [3]
10 112 [2]
5 117 [2]
2 117 [5]
14 108 [2]
0 117 [7]
2 116 [7]
5 115 [5]
5 116 [4]
8 114 [3]
4 120 [1]
22 97 [6]
1 118 [6]
8 117 [0]
20 106 [0]
7 118 [1]
1 119 [6]
9 117 [0]
8 115 [3]
5 120 [1]
27 98 [1]
22 99 [6]
2 118 [7]
42 85 [0]
50 75 [2]
5 118 [4]
33 93 [1]
2 120 [5]
16 108 [3]
11 113 [3]
9 115 [3]
7 117 [3]
2 119 [7]
1 121 [6]
1 120 [7]
5 122 [1]
6 120 [2]
6 118 [4]
11 114 [4]
0 123 [6]
4 119 [6]
16 110 [3]
7 121 [1]
7 120 [2]
6 119 [4]
2 122 [5]
8 116 [5]
6 122 [1]
10 119 [1]
10 120 [0]
23 100 [7]
38 87 [5]
36 90 [4]
2 124 [4]
3 126 [1]
0 126 [4]
9 118 [3]
1 122 [7]
7 119 [4]
27 102 [1]
20 109 [2]
27 103 [1]
4 126 [1]
6 121 [4]
0 127 [4]
8 118 [5]
4 122 [5]
4 121 [6]
39 92 [0]
8 120 [3]
5 123 [4]
1 125 [6]
7 124 [1]
27 104 [1]
12 118 [2]
16 116 [0]
1 127 [4]
1 124 [7]
12 119 [1]
2 123 [7]
61 72 [0]
9 122 [2]
12 121 [0]
5 124 [4]
10 121 [2]
25 105 [3]
9 121 [3]
8 122 [3]
7 125 [1]
5 126 [2]
2 126 [5]
0 128 [6]
2 125 [7]
6 127 [1]
8 121 [5]
6 126 [2]
6 124 [5]
0 129 [6]
4 125 [6]
53 82 [0]
6 125 [4]
8 123 [5]
2 127 [7]
9 124 [3]
7 126 [3]
50 86 [0]
39 97 [0]
5 127 [5]
9 125 [3]
27 110 [0]
8 126 [3]
1 130 [6]
8 124 [5]
2 129 [7]
8 125 [5]
27 108 [3]
0 132 [6]
8 127 [3]
28 110 [0]
44 94 [0]
7 130 [1]
1 134 [4]
16 123 [0]
69 70 [0]
0 133 [6]
6 132 [1]
12 125 [2]
64 75 [0]
2 131 [7]
6 130 [4]
22 112 [6]
7 132 [1]
0 134 [6]
10 128 [2]
4 130 [6]
20 119 [2]
10 129 [2]
8 128 [5]
0 135 [6]
7 134 [1]
8 129 [5]
69 73 [0]
10 130 [2]
5 133 [4]
9 130 [3]
2 133 [7]
0 136 [6]
56 87 [0]
21 115 [7]
50 91 [2]
1 138 [4]
8 130 [5]
10 131 [2]
23 113 [7]
8 132 [3]
9 132 [3]
48 90 [6]
11 126 [7]
5 134 [5]
23 114 [7]
0 138 [6]
8 131 [5]
51 93 [0]
27 116 [1]
10 132 [2]
0 139 [6]
7 137 [1]
8 134 [3]
34 105 [6]
2 136 [7]
6 138 [1]
14 128 [3]
15 124 [6]
4 137 [4]
1 137 [7]
14 129 [2]
7 138 [1]
8 133 [5]
9 134 [3]
6 140 [1]
10 135 [2]
16 128 [3]
16 129 [3]
5 139 [4]
50 98 [0]
2 139 [7]
14 131 [3]
5 138 [5]
8 135 [5]
60 88 [0]
1 140 [7]
10 136 [2]
0 142 [6]
6 137 [5]
7 141 [1]
4 144 [1]
9 137 [3]
10 137 [2]
8 136 [5]
31 118 [0]
8 138 [3]
16 133 [0]
14 133 [3]
0 144 [6]
10 138 [2]
2 141 [7]
16 131 [3]
5 140 [5]
22 122 [6]
10 140 [0]
8 137 [5]
39 111 [0]
38 108 [5]
39 112 [0]
2 142 [7]
8 140 [3]
27 123 [1]
3 147 [1]
9 140 [2]
6 141 [4]
1 143 [7]
6 144 [2]
4 147 [1]
5 143 [4]
38 110 [4]
14 135 [3]
0 148 [4]
8 139 [5]
16 136 [0]
50 102 [0]
10 141 [1]
2 143 [7]
7 144 [2]
12 141 [0]
9 141 [3]
1 145 [7]
1 146 [6]
9 144 [0]
30 124 [0]
10 142 [2]
33 117 [4]
4 149 [1]
4 145 [5]
2 147 [5]
9 142 [3]
8 144 [3]
6 148 [1]
5 145 [5]
2 148 [5]
2 146 [7]
16 139 [0]
10 143 [2]
5 149 [1]
18 137 [0]
27 128 [0]
10 145 [0]
8 142 [5]
6 147 [2]
9 143 [3]
1 150 [4]
8 145 [3]
14 142 [0]
7 147 [2]
45 106 [5]
8 143 [5]
0 150 [6]
9 145 [2]
2 149 [5]
28 128 [0]
1 148 [7]
50 104 [2]
4 148 [5]
6 150 [1]
10 146 [2]
7 150 [1]
15 137 [6]
14 143 [1]
13 142 [3]
0 154 [4]
4 153 [1]
64 91 [3]
1 151 [6]
10 148 [0]
7 149 [2]
8 147 [3]
6 152 [1]
45 109 [5]
13 143 [3]
10 149 [0]
16 142 [1]
8 146 [5]
2 152 [5]
1 154 [4]
9 148 [2]
79 80 [0]
8 148 [3]
7 151 [1]
11 144 [4]
8 149 [3]
21 132 [7]
2 151 [7]
5 150 [5]
1 152 [7]
0 155 [6]
6 153 [2]
6 154 [1]
6 151 [4]
75 86 [0]
1 156 [4]
8 150 [3]
4 151 [6]
4 152 [5]
27 133 [1]
21 134 [7]
27 135 [0]
10 152 [0]
7 153 [2]
51 107 [4]
29 127 [6]
28 133 [1]
0 156 [6]
9 153 [0]
9 150 [3]
10 150 [2]
8 152 [3]
28 135 [0]
27 136 [0]
20 141 [2]
0 157 [6]
2 154 [7]
3 159 [1]
9 151 [3]
9 152 [2]
1 155 [7]
16 146 [2]
5 155 [4]
8 153 [3]
0 158 [6]
8 151 [5]
28 136 [0]
4 159 [1]
4 156 [4]
5 154 [5]
1 157 [7]
7 157 [1]
12 151 [2]
5 156 [5]
50 116 [0]
2 157 [7]
0 160 [6]
49 115 [2]
5 157 [4]
24 143 [0]
2 158 [7]
5 158 [4]
6 159 [2]
0 163 [4]
27 139 [1]
0 161 [6]
56 110 [1]
7 159 [2]
11 153 [4]
9 156 [3]
4 163 [1]
8 155 [5]
7 160 [1]
0 162 [6]
10 157 [2]
5 163 [1]
2 163 [5]
8 157 [5]
5 160 [5]
5 161 [4]
8 159 [3]
38 128 [4]
1 163 [7]
1 164 [6]
8 160 [3]
64 104 [3]
16 155 [0]
14 157 [0]
13 155 [3]
8 158 [5]
13 157 [1]
51 117 [4]
38 129 [5]
7 164 [1]
7 163 [2]
9 160 [3]
1 165 [6]
9 163 [0]
47 125 [0]
2 164 [7]
22 145 [6]
10 163 [0]
50 123 [0]
0 167 [6]
1 166 [6]
38 131 [4]
4 168 [1]
2 165 [7]
5 168 [1]
28 146 [0]
8 161 [5]
4 164 [6]
7 166 [1]
10 162 [2]
38 133 [4]
2 168 [5]
8 162 [5]
6 165 [4]
75 98 [2]
42 127 [6]
4 165 [6]
0 171 [4]
0 169 [6]
6 168 [2]
9 164 [3]
27 146 [3]
1 171 [4]
6 166 [4]
1 168 [7]
0 170 [6]
7 165 [4]
4 166 [6]
22 148 [6]
2 167 [7]
5 167 [4]
7 168 [2]
38 135 [4]
16 161 [0]
8 164 [5]
3 173 [1]
12 164 [2]
1 170 [7]
2 169 [7]
12 165 [1]
9 166 [3]
3 174 [1]
10 168 [0]
38 136 [4]
10 166 [2]
8 168 [3]
2 170 [7]
39 140 [0]
75 102 [2]
14 162 [3]
76 103 [0]
1 173 [5]
8 166 [5]
5 170 [4]
4 171 [5]
6 172 [2]
25 149 [6]
8 167 [5]
0 173 [7]
2 173 [5]
80 100 [0]
0 174 [6]
22 152 [6]
10 169 [2]
2 174 [5]
0 175 [6]
7 172 [2]
16 162 [3]
35 146 [0]
5 171 [5]
0 177 [4]
5 173 [3]
8 169 [5]
10 170 [2]
0 176 [6]
40 142 [0]
75 104 [3]
8 171 [3]
6 174 [2]
9 173 [0]
13 167 [3]
79 100 [4]
16 167 [0]
68 115 [0]
27 155 [1]
0 179 [4]
9 174 [0]
7 174 [2]
7 173 [3]
8 172 [3]
10 171 [2]
5 177 [1]
1 176 [7]
2 175 [7]
39 145 [0]
2 177 [5]
21 156 [7]
83 101 [0]
89 95 [0]
14 170 [0]
5 175 [4]
86 98 [0]
3 180 [1]
6 177 [1]
49 134 [2]
56 128 [1]
8 174 [3]
4 180 [1]
2 176 [7]
1 177 [7]
16 169 [0]
0 181 [4]
5 176 [4]
13 170 [3]
4 177 [5]
6 179 [1]
2 179 [5]
27 158 [1]
14 169 [3]
11 172 [4]
5 180 [2]
2 178 [7]
1 179 [7]
20 165 [2]
16 170 [1]
8 177 [3]
4 178 [6]
21 160 [7]
6 181 [1]
6 178 [4]
4 179 [5]
0 184 [4]
9 177 [2]
6 182 [1]
4 184 [1]
8 176 [5]
34 149 [6]
7 178 [4]
27 161 [1]
29 154 [6]
27 162 [0]
2 183 [4]
10 178 [1]
7 180 [2]
56 129 [4]
9 180 [0]
4 181 [5]
36 147 [7]
5 184 [1]
9 179 [2]
12 178 [0]
1 182 [7]
8 179 [3]
16 175 [0]
56 131 [4]
1 183 [7]
2 184 [5]
13 175 [3]
4 182 [5]
0 185 [6]
4 183 [4]
5 181 [5]
45 141 [5]
7 183 [1]
8 180 [3]
5 183 [4]
5 182 [5]
9 181 [2]
13 176 [3]
10 182 [0]
56 135 [1]
0 186 [6]
6 185 [1]
16 176 [0]
0 187 [6]
10 181 [2]
8 182 [3]
56 136 [1]
4 188 [1]
7 184 [2]
9 182 [2]
7 185 [1]
75 116 [2]
25 163 [6]
4 190 [1]
1 187 [7]
0 191 [4]
9 184 [2]
2 186 [7]
9 183 [3]
87 108 [0]
10 183 [2]
27 167 [1]
2 187 [7]
50 139 [7]
8 183 [5]
5 187 [4]
1 189 [6]
0 192 [4]
79 114 [4]
7 188 [2]
28 169 [0]
0 193 [4]
10 185 [2]
9 185 [3]
15 183 [0]
4 193 [1]
6 190 [2]
27 170 [1]
47 151 [0]
3 194 [1]
5 192 [1]
5 189 [4]
6 191 [1]
2 189 [7]
2 191 [5]
2 192 [5]
1 191 [7]
9 190 [0]
7 190 [2]
8 186 [5]
79 113 [7]
9 188 [2]
8 188 [3]
1 192 [7]
80 114 [6]
4 191 [5]
22 171 [7]
1 195 [4]
2 193 [5]
53 146 [1]
75 123 [2]
8 187 [5]
80 113 [7]
98 102 [0]
20 178 [2]
8 190 [3]
2 194 [5]
5 194 [2]
69 132 [0]
4 196 [1]
23 174 [4]
0 194 [7]
7 192 [2]
0 197 [4]
48 147 [6]
36 159 [7]
16 186 [0]
23 172 [7]
8 191 [3]
7 193 [2]
42 154 [6]
68 134 [0]
6 195 [1]
8 194 [0]
9 191 [2]
10 192 [0]
11 188 [3]
8 189 [5]
1 194 [7]
9 194 [0]
4 195 [4]
27 175 [1]
2 196 [5]
13 187 [3]
8 192 [3]
6 196 [1]
7 195 [1]
10 193 [0]
16 187 [0]
14 186 [3]
1 196 [7]
1 199 [4]
92 112 [0]
7 194 [3]
38 162 [4]
3 200 [1]
83 121 [0]
27 176 [1]
9 193 [2]
0 198 [6]
6 197 [1]
1 197 [7]
5 195 [5]
11 190 [4]
0 199 [6]
4 200 [1]
1 198 [6]
0 201 [4]
73 132 [0]
10 196 [0]
8 195 [3]
16 189 [2]
49 156 [2]
9 196 [2]
2 200 [5]
5 200 [2]
22 179 [6]
2 198 [7]
5 197 [5]
4 199 [4]
69 138 [0]
10 195 [2]
5 198 [4]
9 195 [3]
8 196 [3]
50 155 [2]
7 199 [1]
97 111 [0]
70 138 [0]
1 203 [4]
6 201 [1]
0 202 [6]
8 197 [3]
6 200 [2]
10 197 [2]
1 201 [7]
9 200 [0]
32 171 [6]
22 181 [6]
0 203 [6]
25 184 [0]
7 200 [3]
0 204 [6]
6 199 [5]
10 198 [2]
88 122 [0]
33 173 [4]
50 161 [0]
0 205 [6]
9 199 [3]
8 200 [3]
38 169 [4]
8 198 [5]
49 160 [2]
7 203 [1]
5 201 [5]
4 203 [4]
47 164 [0]
41 171 [0]
8 201 [3]
5 206 [1]
85 127 [0]
5 204 [4]
48 159 [6]
5 203 [5]
4 208 [1]
100 113 [0]
27 186 [0]
2 206 [5]
21 185 [7]
6 206 [1]
0 209 [4]
10 201 [2]
5 205 [4]
1 207 [6]
5 208 [1]
2 205 [7]
1 206 [7]
28 186 [1]
0 211 [4]
98 116 [1]
4 206 [5]
50 158 [7]
2 208 [5]
17 198 [0]
8 202 [5]
10 203 [2]
21 195 [0]
2 207 [7]
6 209 [1]
0 210 [6]
75 139 [2]
8 203 [5]
87 129 [0]
7 208 [2]
9 206 [2]
1 209 [7]
10 205 [2]
8 206 [3]
16 198 [3]
56 162 [0]
23 188 [7]
8 205 [5]
2 212 [4]
16 202 [0]
2 209 [7]
102 116 [0]
10 208 [0]
6 211 [1]
14 202 [3]
5 210 [4]
14 198 [7]
69 150 [0]
5 209 [5]
100 114 [5]
50 167 [2]
27 189 [3]
9 208 [2]
2 210 [7]
22 197 [0]
36 180 [4]
83 130 [7]
8 207 [5]
1 212 [7]
16 204 [0]
2 211 [7]
28 189 [3]
13 204 [3]
7 212 [1]
39 181 [0]
16 205 [0]
4 216 [1]
7 213 [1]
25 193 [3]
1 213 [7]
5 211 [5]
39 182 [0]
64 155 [3]
5 213 [4]
8 211 [3]
14 205 [3]
1 215 [6]
87 131 [4]
7 214 [1]
8 210 [5]
5 216 [2]
6 212 [5]
22 201 [0]
0 217 [6]
3 219 [1]
2 214 [7]
2 216 [5]
25 192 [6]
7 215 [1]
6 216 [2]
0 220 [4]
6 213 [5]
6 214 [4]
9 212 [3]
0 218 [6]
4 219 [1]
68 156 [0]
5 215 [4]
22 196 [6]
34 184 [7]
1 217 [7]
106 119 [0]
9 213 [3]
10 213 [2]
10 214 [1]
16 207 [2]
9 216 [0]
8 212 [5]
3 221 [1]
4 215 [6]
7 218 [1]
2 219 [5]
13 210 [3]
56 169 [1]
2 217 [7]
5 217 [4]
9 214 [3]
8 213 [5]
7 216 [3]
4 218 [4]
16 210 [0]
50 175 [2]
21 199 [7]
0 221 [6]
6 220 [1]
8 216 [3]
21 203 [3]
0 223 [4]
6 219 [2]
10 215 [2]
102 123 [3]
2 221 [5]
8 215 [5]
5 218 [5]
79 144 [5]
68 160 [0]
38 186 [4]
7 219 [2]
6 222 [1]
80 144 [5]
6 221 [2]
12 215 [2]
2 220 [7]
8 218 [3]
1 224 [4]
27 202 [0]
34 193 [3]
9 218 [3]
0 224 [6]
9 221 [0]
8 219 [3]
5 220 [5]
7 221 [2]
28 202 [0]
8 217 [5]
51 173 [6]
4 222 [5]
11 216 [4]
8 220 [3]
6 224 [1]
22 209 [0]
27 204 [1]
4 224 [4]
5 222 [5]
4 223 [5]
29 197 [6]
48 180 [4]
0 226 [6]
7 224 [1]
15 212 [6]
9 222 [2]
16 217 [0]
13 217 [3]
5 223 [5]
6 226 [1]
0 227 [6]
22 211 [0]
2 225 [7]
64 167 [3]
28 205 [1]
9 223 [2]
7 226 [1]
10 222 [2]
15 213 [6]
5 224 [5]
55 180 [0]
1 230 [4]
75 158 [2]
0 231 [4]
0 229 [6]
1 228 [6]
57 174 [4]
10 223 [2]
8 224 [3]
25 208 [3]
20 214 [2]
0 230 [6]
10 224 [2]
5 227 [4]
2 228 [7]
10 225 [2]
5 228 [4]
79 153 [5]
90 147 [0]
27 207 [3]
10 226 [2]
4 230 [4]
8 225 [5]
80 153 [5]
4 228 [6]
28 207 [3]
0 234 [4]
5 229 [4]
2 229 [7]
7 230 [1]
6 228 [4]
75 161 [2]
9 226 [3]
4 234 [1]
7 232 [1]
4 232 [4]
98 139 [3]
5 230 [5]
36 200 [4]
5 234 [1]
2 231 [7]
1 232 [7]
4 235 [1]
8 227 [5]
14 225 [2]
7 233 [1]
5 231 [5]
85 154 [2]
5 235 [1]
1 234 [7]
64 175 [3]
35 207 [0]
12 228 [2]
8 229 [5]
0 238 [4]
10 230 [2]
8 231 [3]
2 233 [7]
22 220 [0]
2 235 [5]
0 236 [6]
56 186 [1]
10 228 [5]
6 233 [4]
97 140 [6]
6 232 [5]
64 176 [3]
30 213 [0]
30 212 [1]
4 238 [1]
9 234 [0]
7 234 [2]
16 227 [0]
6 237 [1]
9 232 [3]
29 209 [6]
38 202 [4]
5 238 [1]
53 189 [2]
10 234 [0]
10 233 [1]
16 225 [3]
10 235 [0]
9 233 [3]
3 241 [1]
8 232 [5]
0 239 [6]
2 238 [5]
21 224 [0]
8 234 [3]
2 236 [7]
1 237 [7]
54 192 [0]
97 145 [4]
4 237 [5]
4 241 [1]
43 203 [0]
9 235 [2]
29 211 [6]
21 218 [7]
38 205 [4]
7 239 [1]
1 242 [4]
1 239 [7]
10 237 [0]
5 237 [5]
0 244 [4]
10 238 [0]
8 237 [3]
2 239 [7]
0 242 [6]
2 241 [5]
23 221 [4]
49 199 [0]
10 236 [2]
3 245 [1]
0 243 [6]
9 238 [2]
8 238 [3]
6 241 [2]
2 240 [7]
8 236 [5]
34 208 [7]
22 222 [6]
4 240 [6]
4 242 [4]
4 245 [1]
6 240 [4]
87 162 [1]
7 242 [1]
109 141 [0]
7 241 [2]
10 240 [1]
6 244 [1]
9 239 [3]
111 140 [0]
7 240 [4]
10 239 [2]
18 232 [1]
121 130 [0]
22 223 [6]
5 242 [5]
1 244 [7]
8 239 [5]
12 240 [0]
13 239 [0]
90 159 [3]
8 241 [3]
1 248 [4]
42 209 [2]
2 244 [7]
22 231 [0]
0 249 [4]
14 236 [3]
1 246 [6]
14 239 [0]
20 228 [5]
15 232 [6]
7 246 [1]
9 245 [0]
5 244 [5]
10 242 [2]
6 247 [1]
0 248 [6]
7 245 [2]
105 149 [0]
21 230 [3]
64 187 [3]
69 185 [0]
1 250 [4]
79 172 [4]
42 211 [2]
5 246 [4]
10 243 [2]
20 233 [2]
27 227 [1]
16 236 [3]
5 249 [1]
2 246 [7]
2 249 [5]
1 251 [4]
4 246 [6]
7 248 [1]
4 248 [4]
6 246 [4]
36 216 [4]
6 249 [1]
0 250 [6]
8 245 [3]
8 243 [5]
50 204 [2]
0 251 [6]
5 247 [5]
27 229 [1]
1 249 [7]
4 249 [5]
0 254 [4]
7 250 [1]
9 247 [2]
80 172 [6]
4 253 [1]
4 254 [1]
16 243 [0]
98 158 [3]
4 251 [4]
10 249 [0]
2 252 [5]
6 252 [1]
10 247 [2]
56 202 [1]
129 131 [0]
14 243 [3]
1 252 [7]
5 254 [1]
12 246 [2]
4 255 [1]
2 253 [5]
10 248 [2]
53 207 [0]
5 250 [5]
5 251 [5]
61 199 [1]
2 254 [5]
39 222 [0]
8 248 [5]
4 252 [5]
6 253 [2]
20 240 [2]
5 255 [2]
36 219 [7]
2 255 [5]
39 223 [0]
0 256 [6]
9 253 [0]
10 252 [0]
45 214 [3]
10 250 [2]
66 197 [0]
9 252 [2]
27 236 [0]
6 255 [2]
8 250 [5]
73 185 [5]
8 252 [3]
128 135 [0]
25 235 [3]
3 259 [1]
7 253 [3]
0 257 [6]
7 254 [2]
10 251 [2]
8 253 [3]
42 220 [2]
0 258 [6]
1 257 [6]
10 254 [0]
8 251 [5]
8 254 [3]
7 255 [3]
0 259 [6]
25 234 [6]
98 161 [6]
0 260 [6]
21 242 [3]
5 257 [4]
8 255 [3]
2 257 [7]
29 231 [6]
2 259 [5]
102 161 [3]
91 175 [0]
6 259 [2]
0 261 [6]
38 225 [4]
9 259 [0]
1 260 [7]
1 263 [4]
0 262 [6]
10 256 [2]
66 201 [1]
7 259 [2]
84 184 [0]
10 257 [2]
49 218 [2]
2 260 [7]
8 256 [5]
1 261 [7]
25 238 [6]
5 260 [4]
2 261 [7]
5 261 [4]
11 255 [4]
27 243 [0]
106 165 [0]
20 246 [5]
82 189 [0]
0 265 [6]
64 204 [3]
4 263 [4]
8 258 [5]
115 156 [0]
7 263 [1]
5 262 [4]
21 248 [3]
4 267 [1]
1 264 [7]
14 256 [3]
43 230 [0]
5 264 [4]
48 219 [6]
2 264 [7]
6 263 [5]
8 261 [5]
1 269 [4]
2 265 [7]
21 250 [3]
17 257 [0]
79 188 [7]
0 269 [6]
42 231 [2]
7 266 [2]
21 251 [3]
9 266 [0]
79 190 [6]
22 247 [6]
14 258 [3]
9 263 [3]
39 237 [0]
9 267 [0]
16 257 [3]
16 260 [0]
99 177 [0]
1 268 [7]
34 235 [7]
4 268 [4]
13 260 [3]
80 190 [6]
7 268 [1]
0 270 [6]
7 267 [2]
0 271 [6]
100 172 [5]
8 264 [5]
7 269 [1]
13 261 [3]
4 269 [4]
8 266 [3]
64 210 [3]
16 261 [0]
13 262 [3]
16 262 [0]
8 267 [3]
1 270 [7]
38 236 [4]
0 272 [6]
14 257 [7]
8 265 [5]
99 179 [0]
0 273 [6]
2 270 [7]
7 271 [1]
5 269 [5]
6 268 [5]
29 244 [6]
1 271 [7]
34 238 [7]
2 271 [7]
9 268 [3]
16 264 [0]
84 193 [3]
1 275 [4]
22 252 [6]
5 271 [4]
1 273 [7]
8 268 [5]
127 154 [0]
2 272 [7]
0 275 [6]
11 266 [4]
1 276 [4]
45 233 [3]
16 265 [0]
7 274 [1]
2 273 [7]
1 274 [7]
14 265 [3]
8 269 [5]
3 278 [1]
0 276 [6]
5 273 [4]
6 275 [1]
6 271 [5]
7 275 [1]
6 276 [1]
9 271 [3]
4 278 [1]
5 274 [4]
13 271 [0]
10 272 [2]
106 178 [0]
119 165 [0]
8 271 [5]
50 227 [7]
28 256 [0]
0 280 [4]
64 217 [3]
7 276 [1]
43 242 [0]
57 221 [7]
2 278 [5]
8 272 [5]
1 280 [4]
6 274 [5]
56 225 [4]
27 258 [0]
0 279 [6]
38 243 [4]
2 277 [7]
68 218 [0]
9 274 [3]
13 270 [3]
114 172 [0]
16 270 [0]
23 259 [4]
39 247 [0]
8 275 [3]
8 273 [5]
58 228 [0]
6 278 [2]
5 276 [5]
6 280 [1]
4 282 [1]
28 258 [1]
18 268 [1]
10 275 [2]
7 278 [2]
8 274 [5]
9 275 [3]
36 245 [7]
7 277 [4]
27 260 [1]
4 277 [7]
5 279 [4]
2 281 [5]
120 168 [0]
42 244 [2]
6 281 [1]
9 276 [3]
121 166 [1]
10 276 [2]
100 188 [1]
14 272 [3]
1 281 [7]
4 280 [5]
6 277 [6]
27 261 [1]
6 283 [1]
99 191 [0]
4 281 [5]
2 283 [5]
1 285 [4]
9 277 [4]
21 269 [0]
82 207 [1]
6 282 [2]
12 277 [1]
8 280 [3]
21 263 [7]
16 272 [3]
7 282 [2]
1 284 [6]
1 286 [4]
0 287 [4]
9 282 [0]
43 248 [0]
1 283 [7]
0 285 [6]
27 265 [0]
3 288 [1]
9 281 [2]
8 279 [5]
7 284 [1]
8 281 [3]
0 286 [6]
27 264 [1]
10 280 [2]
43 250 [0]
0 289 [4]
5 287 [1]
6 286 [1]
112 181 [0]
5 284 [4]
8 282 [3]
2 284 [7]
10 283 [0]
6 284 [4]
9 283 [2]
28 265 [1]
7 286 [1]
43 251 [0]
85 209 [0]
8 283 [3]
2 287 [5]
134 160 [0]
34 254 [7]
5 285 [5]
15 274 [6]
2 288 [5]
100 190 [5]
48 241 [6]
5 288 [2]
23 266 [7]
36 253 [7]
130 166 [0]
4 291 [1]
6 289 [1]
5 286 [5]
9 284 [3]
1 288 [7]
0 290 [6]
7 287 [2]
88 206 [2]
1 289 [7]
144 153 [0]
23 267 [7]
8 286 [3]
111 182 [4]
139 158 [0]
11 282 [4]
36 255 [6]
10 285 [2]
10 287 [0]
7 288 [3]
10 286 [2]
27 270 [1]
38 256 [4]
1 290 [7]
2 292 [4]
2 289 [7]
84 208 [6]
8 285 [5]
8 287 [3]
12 284 [2]
5 290 [4]
0 295 [4]
2 290 [7]
10 284 [5]
5 289 [5]
44 249 [6]
83 215 [1]
20 277 [2]
8 288 [3]
6 291 [2]
85 211 [3]
1 294 [4]
0 293 [6]
7 291 [2]
48 245 [7]
119 178 [3]
9 291 [0]
1 292 [7]
1 295 [4]
56 243 [1]
8 289 [3]
148 152 [0]
7 292 [1]
38 258 [4]
0 294 [6]
91 204 [5]
10 289 [2]
6 294 [1]
107 194 [0]
5 292 [4]
113 188 [0]
3 297 [1]
27 273 [1]
69 226 [7]
2 293 [7]
10 290 [2]
5 293 [4]
8 291 [3]
4 294 [4]
6 295 [1]
73 226 [4]
8 290 [5]
4 296 [4]
1 296 [7]
10 292 [2]
0 297 [7]
14 290 [0]
7 296 [1]
2 297 [5]
2 295 [7]
5 297 [2]
75 227 [2]
58 246 [0]
9 292 [3]
0 298 [6]
5 294 [5]
8 294 [3]
0 299 [6]
55 245 [5]
0 301 [4]
8 292 [5]
75 229 [2]
9 297 [0]
1 298 [7]
30 274 [2]
9 294 [3]
8 293 [5]
10 294 [2]
147 159 [0]
13 290 [3]
1 302 [4]
5 301 [1]
2 298 [7]
7 297 [3]
3 303 [1]
38 265 [4]
27 279 [1]
5 298 [4]
1 299 [7]
48 253 [6]
85 220 [3]
1 300 [7]
2 301 [5]
0 304 [4]
5 299 [4]
2 299 [7]
4 303 [1]
9 296 [3]
4 300 [4]
8 296 [5]
22 281 [6]
21 285 [3]
22 280 [7]
29 280 [0]
4 304 [1]
20 284 [5]
7 302 [1]
7 301 [2]
5 304 [1]
4 302 [4]
0 305 [6]
22 283 [6]
8 298 [5]
22 289 [0]
10 301 [0]
9 300 [3]
7 303 [2]
5 302 [5]
9 303 [0]
43 269 [0]
8 299 [5]
0 308 [4]
8 301 [3]
49 263 [1]
6 302 [5]
9 304 [0]
3 309 [1]
56 256 [1]
4 308 [1]
2 307 [4]
8 300 [5]
15 292 [6]
38 272 [4]
13 298 [3]
1 306 [7]
50 262 [2]
9 302 [3]
16 298 [0]
10 304 [0]
2 308 [5]
5 306 [4]
1 310 [4]
1 309 [5]
16 299 [0]
6 308 [1]
7 307 [1]
13 299 [3]
8 304 [3]
151 164 [0]
21 294 [0]
1 307 [7]
56 258 [1]
101 215 [0]
2 309 [5]
0 309 [7]
18 296 [2]
5 307 [4]
0 311 [6]
10 305 [2]
132 185 [0]
1 312 [4]
25 287 [6]
10 306 [2]
9 306 [3]
10 308 [0]
4 310 [4]
27 290 [1]
32 280 [6]
9 309 [0]
8 305 [5]
85 231 [3]
9 308 [2]
3 315 [1]
10 307 [2]
9 307 [3]
8 306 [5]
0 313 [6]
6 312 [1]
0 315 [4]
8 308 [3]
7 309 [3]
8 307 [5]
0 314 [6]
5 310 [5]
4 315 [1]
4 312 [4]
5 311 [4]
7 312 [1]
18 300 [2]
14 306 [1]
27 293 [1]
8 310 [3]
3 317 [1]
23 291 [7]
2 313 [7]
13 306 [3]
56 265 [1]
2 315 [5]
92 223 [7]
1 314 [7]
14 305 [3]
5 313 [4]
50 270 [2]
9 310 [3]
33 288 [1]
6 315 [2]
8 312 [3]
1 316 [7]
87 236 [1]
2 317 [5]
45 277 [2]
9 312 [3]
7 316 [1]
10 312 [2]
8 311 [5]
50 273 [2]
6 317 [2]
5 316 [4]
7 315 [3]
61 263 [1]
84 235 [6]
0 319 [6]
3 322 [1]
7 318 [1]
8 315 [3]
7 317 [2]
8 314 [5]
27 299 [1]
6 316 [5]
0 321 [6]
64 260 [3]
0 323 [4]
16 311 [0]
2 318 [7]
1 323 [4]
4 320 [4]
10 316 [2]
56 272 [0]
43 285 [0]
1 320 [7]
8 317 [3]
34 287 [7]
6 318 [4]
5 319 [4]
0 324 [4]
122 206 [0]
7 320 [1]
2 322 [5]
1 321 [7]
64 262 [3]
4 324 [1]
8 316 [5]
0 322 [7]
16 313 [0]
109 214 [6]
13 313 [3]
5 324 [1]
9 318 [3]
16 314 [0]
29 295 [6]
6 323 [1]
21 302 [7]
5 321 [4]
98 229 [3]
13 314 [3]
2 321 [7]
6 320 [5]
2 324 [5]
64 264 [3]
0 327 [4]
24 306 [1]
9 322 [0]
1 326 [4]
85 244 [2]
0 325 [6]
3 327 [1]
102 227 [3]
4 327 [1]
1 324 [7]
48 278 [6]
25 301 [6]
10 320 [2]
98 227 [7]
3 328 [1]
8 319 [5]
9 320 [3]
7 322 [3]
9 324 [0]
11 315 [7]
42 289 [2]
7 324 [2]
1 325 [7]
33 297 [4]
8 321 [5]
2 327 [5]
5 325 [4]
8 323 [3]
4 328 [2]
10 323 [2]
8 324 [3]
6 327 [2]
4 326 [5]
0 329 [6]
16 319 [0]
25 304 [6]
5 326 [5]
6 328 [2]
22 308 [6]
124 212 [0]
50 279 [7]
4 331 [1]
1 328 [7]
7 327 [3]
15 316 [6]
64 270 [3]
6 330 [1]
8 326 [3]
5 331 [1]
9 328 [0]
7 328 [3]
2 331 [5]
10 326 [2]
8 325 [5]
2 329 [7]
21 310 [7]
112 223 [3]
8 327 [3]
27 311 [1]
4 330 [5]
51 288 [0]
1 332 [6]
8 328 [3]
20 318 [2]
7 331 [2]
18 320 [2]
97 237 [6]
7 332 [1]
21 312 [7]
5 330 [5]
3 336 [1]
16 325 [0]
112 222 [7]
27 313 [1]
1 333 [7]
9 330 [2]
10 329 [2]
2 332 [7]
15 320 [6]
4 332 [6]
10 330 [2]
8 329 [5]
7 334 [1]
9 331 [2]
6 332 [4]
11 327 [4]
27 314 [1]
75 264 [3]
4 333 [5]
4 336 [2]
2 334 [7]
3 339 [1]
10 333 [0]
42 295 [6]
10 332 [1]
36 303 [4]
5 333 [5]
94 249 [0]
6 334 [4]
12 332 [0]
9 333 [2]
69 275 [0]
6 336 [2]
4 339 [1]
2 335 [7]
8 333 [3]
1 336 [7]
34 304 [7]
3 341 [1]
1 338 [6]
6 337 [2]
50 293 [2]
69 276 [0]
6 335 [4]
4 335 [6]
9 337 [0]
7 337 [2]
7 338 [1]
33 309 [4]
3 342 [1]
7 335 [4]
2 340 [4]
5 339 [2]
30 316 [0]
7 336 [3]
2 339 [5]
9 334 [3]
90 253 [4]
27 319 [1]
2 338 [7]
38 305 [4]
12 335 [0]
8 336 [3]
4 342 [1]
7 340 [1]
16 329 [3]
7 339 [2]
109 233 [6]
9 339 [0]
8 337 [3]
2 341 [5]
5 341 [2]
6 338 [4]
1 340 [7]
4 338 [6]
148 196 [4]
10 338 [1]
27 321 [1]
2 342 [5]
0 343 [6]
79 266 [4]
8 341 [0]
12 338 [0]
0 344 [6]
6 342 [2]
1 345 [4]
9 341 [0]
8 339 [3]
49 302 [0]
75 273 [3]
7 341 [3]
6 340 [5]
0 345 [6]
80 266 [6]
111 237 [4]
2 343 [7]
73 275 [4]
11 337 [4]
37 315 [0]
5 346 [1]
29 323 [0]
6 345 [1]
22 323 [7]
1 348 [4]
6 346 [1]
8 342 [3]
79 267 [7]
7 345 [1]
2 346 [5]
8 340 [5]
70 276 [7]
5 344 [4]
27 325 [1]
0 350 [4]
51 297 [6]
6 347 [1]
1 346 [7]
129 225 [0]
20 332 [2]
3 350 [1]
48 303 [4]
10 343 [2]
22 326 [7]
4 346 [5]
0 351 [4]
141 214 [0]
5 345 [5]
25 324 [6]
78 277 [0]
29 326 [0]
69 286 [0]
10 344 [2]
91 260 [5]
4 350 [2]
75 279 [2]
4 348 [4]
131 225 [0]
20 334 [2]
8 343 [5]
7 348 [1]
2 350 [5]
9 346 [2]
10 345 [2]
9 345 [3]
8 346 [3]
10 347 [0]
20 335 [2]
5 347 [5]
8 347 [3]
14 344 [0]
1 350 [7]
6 351 [1]
2 349 [7]
91 262 [5]
2 351 [5]
22 330 [6]
9 347 [2]
6 349 [4]
6 348 [5]
25 331 [3]
33 322 [4]
4 349 [6]
1 351 [7]
9 350 [0]
0 353 [6]
19 336 [5]
16 344 [0]
0 354 [6]
7 350 [3]
4 351 [5]
7 349 [4]
14 343 [3]
36 317 [7]
13 344 [3]
1 352 [7]
9 348 [3]
32 323 [6]
12 349 [0]
0 355 [6]
15 340 [6]
49 310 [2]
8 350 [3]
4 352 [5]
1 354 [6]
22 333 [6]
5 352 [5]
8 351 [3]
119 240 [3]
4 357 [1]
16 343 [3]
56 305 [1]
5 353 [4]
86 273 [3]
132 226 [4]
10 352 [0]
1 355 [7]
2 354 [7]
70 286 [7]
10 351 [2]
2 356 [5]
6 356 [1]
8 352 [3]
5 354 [4]
55 303 [5]
9 352 [2]
176 187 [0]
105 254 [4]
32 326 [6]
1 359 [4]
2 355 [7]
1 356 [7]
0 358 [6]
10 353 [2]
61 302 [2]
64 298 [3]
50 313 [2]
3 361 [1]
4 356 [5]
7 357 [2]
91 270 [5]
112 247 [7]
50 314 [2]
10 354 [2]
51 309 [6]
6 359 [1]
0 360 [6]
147 219 [0]
45 318 [3]
9 356 [2]
8 354 [5]
2 358 [7]
14 353 [0]
10 355 [2]
23 337 [7]
8 356 [3]
80 282 [5]
9 355 [3]
1 362 [4]
177 191 [0]
8 355 [5]
4 359 [5]
5 361 [2]
100 267 [1]
0 362 [6]
0 364 [4]
4 363 [1]
8 357 [3]
104 264 [0]
1 360 [7]
2 361 [5]
50 311 [7]
8 361 [0]
137 232 [0]
139 229 [1]
39 330 [0]
13 353 [3]
13 355 [1]
1 361 [7]
5 359 [5]
2 360 [7]
4 364 [1]
5 363 [2]
16 354 [0]
8 359 [3]
5 364 [1]
4 362 [4]
9 361 [0]
75 293 [2]
10 358 [2]
2 363 [5]
14 355 [1]
9 359 [3]
8 358 [5]
34 331 [6]
4 366 [1]
20 349 [2]
38 329 [4]
10 359 [2]
100 266 [5]
7 361 [3]
48 317 [6]
6 363 [2]
3 368 [1]
1 367 [4]
27 344 [1]
30 340 [2]
10 360 [2]
5 362 [5]
8 362 [3]
8 360 [5]
4 368 [1]
1 365 [7]
88 281 [4]
2 366 [5]
5 366 [2]
22 351 [0]
7 363 [3]
9 364 [0]
50 321 [2]
141 233 [0]
2 365 [7]
6 367 [1]
10 364 [0]
8 363 [3]
6 366 [2]
5 365 [4]
13 360 [1]
2 368 [5]
0 371 [4]
8 364 [3]
0 369 [6]
4 367 [4]
19 350 [6]
14 360 [1]
50 319 [7]
7 366 [3]
4 371 [1]
21 348 [7]
6 369 [1]
80 291 [5]
79 291 [6]
0 370 [6]
6 368 [2]
0 373 [4]
5 367 [5]
5 371 [1]
8 366 [3]
50 325 [2]
16 358 [3]
7 369 [1]
33 341 [4]
11 363 [4]
68 310 [0]
8 367 [3]
0 372 [6]
8 365 [5]
2 371 [5]
128 243 [7]
8 368 [3]
10 367 [2]
3 375 [1]
2 370 [7]
175 204 [0]
24 355 [0]
5 370 [4]
6 371 [2]
51 322 [6]
36 339 [4]
1 371 [7]
9 371 [0]
113 267 [0]
22 352 [6]
64 313 [3]
8 369 [3]
85 295 [0]
4 375 [1]
7 371 [2]
114 266 [0]
93 288 [0]
16 365 [0]
10 369 [2]
5 374 [2]
11 366 [4]
0 375 [6]
64 314 [3]
1 373 [7]
10 371 [0]
5 372 [4]
2 374 [5]
27 353 [1]
9 369 [3]
2 373 [7]
27 354 [1]
45 334 [3]
86 293 [3]
2 379 [1]
6 374 [2]
5 373 [5]
6 375 [2]
1 376 [6]
8 370 [5]
3 379 [1]
28 354 [1]
24 360 [0]
3 380 [1]
0 378 [6]
22 356 [6]
98 279 [7]
7 374 [3]
1 377 [6]
8 373 [3]
7 375 [2]
9 375 [0]
7 376 [1]
102 279 [3]
56 329 [0]
0 381 [4]
10 373 [2]
5 376 [4]
36 342 [7]
8 372 [5]
128 256 [1]
8 374 [3]
27 358 [0]
38 343 [4]
0 379 [7]
2 377 [7]
7 378 [1]
4 376 [6]
39 347 [0]
8 375 [3]
1 378 [7]
0 382 [4]
5 377 [4]
29 351 [6]
0 380 [7]
21 359 [7]
23 357 [7]
158 229 [0]
2 378 [7]
5 380 [2]
176 210 [1]
100 282 [5]
2 380 [5]
14 370 [3]
5 378 [4]
8 380 [0]
3 384 [1]
147 241 [0]
186 202 [0]
9 376 [3]
6 381 [1]
75 311 [2]
16 372 [0]
1 380 [7]
5 382 [1]
9 379 [0]
45 338 [5]
11 374 [4]
7 379 [3]
9 380 [0]
1 381 [7]
2 382 [5]
8 376 [5]
8 377 [5]
21 362 [7]
1 382 [7]
2 381 [7]
11 375 [4]
12 376 [2]
10 378 [2]
0 385 [6]
2 384 [5]
135 256 [0]
5 381 [5]
0 387 [4]
7 382 [2]
2 383 [7]
14 378 [0]
6 384 [2]
0 388 [4]
13 378 [1]
8 382 [3]
6 383 [4]
4 383 [6]
27 365 [1]
7 384 [2]
7 385 [1]
4 385 [4]
1 386 [7]
5 388 [1]
176 217 [1]
10 383 [1]
6 387 [1]
98 293 [3]
0 389 [6]
2 386 [7]
8 384 [3]
21 367 [7]
5 385 [5]
16 377 [2]
2 388 [5]
1 387 [7]
12 383 [0]
22 373 [0]
174 221 [0]
25 364 [6]
6 388 [1]
0 391 [4]
5 386 [4]
4 387 [5]
75 319 [2]
48 342 [6]
105 287 [4]
1 388 [7]
4 391 [1]
100 291 [5]
187 210 [0]
10 385 [2]
0 393 [4]
10 387 [0]
1 389 [7]
1 390 [6]
4 392 [1]
21 369 [7]
4 393 [1]
197 201 [0]
2 389 [7]
10 388 [0]
39 352 [7]
27 370 [1]
5 389 [4]
2 391 [5]
51 341 [6]
10 386 [2]
124 274 [0]
9 387 [2]
9 386 [3]
9 388 [2]
5 393 [1]
75 321 [3]
5 390 [4]
2 390 [7]
8 388 [3]
28 370 [1]
8 386 [5]
27 372 [1]
1 395 [4]
55 339 [6]
38 358 [4]
0 394 [6]
7 391 [2]
0 395 [6]
7 392 [2]
14 386 [1]
8 389 [5]
129 272 [1]
1 394 [7]
9 393 [0]
9 391 [2]
8 392 [3]
0 397 [6]
77 326 [0]
10 393 [0]
75 325 [3]
4 395 [4]
8 390 [5]
122 281 [0]
2 394 [7]
181 222 [0]
0 398 [6]
8 393 [3]
1 396 [7]
152 252 [0]
0 399 [6]
137 268 [0]
5 395 [5]
1 400 [4]
36 363 [6]
4 396 [5]
20 383 [2]
7 397 [1]
16 389 [0]
13 389 [3]
34 364 [7]
8 395 [3]
5 396 [5]
0 400 [6]
10 396 [0]
8 394 [5]
5 397 [5]
8 396 [3]
9 396 [2]
2 398 [7]
0 403 [4]
27 377 [3]
16 390 [2]
4 400 [4]
1 403 [4]
29 373 [6]
2 401 [5]
6 401 [1]
21 385 [3]
1 402 [6]
10 397 [2]
10 398 [2]
5 400 [5]
6 403 [1]
13 394 [3]
7 402 [1]
105 301 [4]
61 348 [1]
16 394 [0]
2 404 [4]
185 226 [0]
10 401 [0]
5 405 [1]
2 402 [7]
36 368 [7]
24 386 [1]
3 407 [1]
4 402 [6]
7 404 [1]
6 402 [4]
38 370 [4]
35 377 [0]
2 405 [5]
10 400 [2]
1 404 [7]
9 401 [2]
8 399 [5]
8 401 [3]
2 403 [7]
6 405 [1]
0 406 [6]
25 382 [6]
1 405 [7]
8 400 [5]
1 408 [4]
49 362 [2]
3 410 [1]
0 408 [6]
117 297 [0]
2 407 [5]
56 358 [0]
14 398 [2]
1 406 [7]
5 407 [2]
86 325 [3]
9 402 [3]
0 407 [7]
69 345 [0]
6 404 [5]
2 406 [7]
22 387 [6]
0 409 [6]
5 406 [4]
1 407 [7]
29 381 [6]
10 404 [2]
51 361 [4]
9 404 [3]
22 388 [6]
9 405 [2]
14 399 [3]
102 311 [3]
4 408 [4]
25 391 [0]
8 405 [3]
33 379 [4]
12 402 [2]
42 373 [2]
27 389 [1]
1 412 [4]
8 404 [5]
2 410 [5]
5 410 [2]
10 402 [5]
16 398 [3]
7 407 [3]
10 406 [2]
2 409 [7]
178 240 [0]
8 410 [0]
0 412 [6]
7 411 [1]
0 415 [4]
1 414 [4]
13 406 [0]
98 319 [3]
2 411 [7]
10 408 [2]
1 413 [6]
4 412 [4]
14 406 [0]
27 390 [3]
7 410 [3]
84 331 [6]
89 328 [4]
76 344 [1]
6 411 [4]
8 408 [5]
10 409 [2]
21 400 [0]
21 397 [3]
8 409 [5]
27 394 [1]
6 415 [1]
2 413 [7]
127 295 [0]
48 368 [6]
18 404 [0]
7 414 [1]
5 412 [5]
95 328 [0]
80 337 [6]
4 413 [6]
21 395 [7]
1 415 [7]
1 418 [4]
4 415 [5]
22 396 [6]
10 412 [2]
25 393 [6]
0 418 [6]
1 416 [7]
2 417 [5]
6 417 [1]
7 413 [4]
1 419 [4]
5 415 [5]
8 412 [5]
6 413 [6]
9 413 [3]
2 416 [7]
0 419 [6]
5 416 [4]
147 278 [0]
1 417 [7]
180 245 [0]
15 404 [6]
6 418 [1]
6 414 [5]
42 381 [2]
9 414 [3]
39 387 [0]
0 420 [6]
7 418 [1]
4 421 [1]
115 310 [1]
14 409 [3]
27 399 [0]
6 419 [1]
12 413 [1]
8 415 [3]
7 419 [1]
1 422 [4]
20 402 [5]
0 423 [4]
4 418 [5]
36 384 [7]
28 399 [1]
5 418 [5]
8 417 [3]
9 417 [2]
1 423 [4]
0 424 [4]
43 385 [0]
0 422 [6]
9 416 [3]
10 416 [2]
16 409 [3]
27 398 [3]
89 336 [4]
50 372 [7]
21 408 [0]
8 418 [3]
6 422 [1]
22 401 [6]
9 418 [2]
2 420 [7]
68 362 [0]
5 424 [1]
6 423 [1]
76 353 [1]
7 421 [2]
1 425 [4]
8 419 [3]
9 421 [0]
13 416 [1]
53 377 [0]
0 425 [6]
14 416 [1]
10 419 [2]
211 220 [0]
4 422 [5]
6 424 [1]
9 419 [3]
34 391 [7]
6 425 [1]
5 422 [5]
64 365 [3]
2 423 [7]
8 421 [3]
181 247 [4]
0 426 [6]
10 420 [2]
109 318 [6]
0 429 [4]
7 425 [1]
4 424 [5]
8 422 [3]
20 411 [2]
26 400 [7]
203 230 [0]
8 420 [5]
174 259 [0]
21 412 [0]
0 430 [4]
10 422 [2]
1 429 [4]
10 424 [0]
9 422 [3]
128 305 [1]
34 393 [7]
97 333 [4]
51 380 [4]
137 296 [2]
8 424 [3]
1 428 [6]
9 424 [2]
7 427 [1]
148 283 [4]
5 426 [4]
8 425 [3]
5 430 [1]
2 427 [7]
95 336 [5]
0 432 [4]
90 342 [4]
6 429 [1]
3 432 [1]
10 425 [2]
6 430 [1]
2 428 [7]
5 428 [4]
4 432 [1]
14 420 [3]
22 415 [0]
6 427 [4]
54 382 [1]
9 425 [3]
0 433 [4]
2 430 [5]
4 429 [5]
69 369 [0]
29 403 [6]
88 346 [4]
176 261 [1]
1 431 [6]
48 384 [6]
1 430 [7]
10 426 [2]
137 300 [2]
21 418 [0]
1 434 [4]
2 432 [5]
5 429 [5]
152 283 [4]
9 427 [3]
4 430 [5]
3 436 [1]
2 431 [7]
33 407 [0]
24 416 [0]
14 426 [0]
0 434 [6]
4 435 [1]
43 397 [0]
8 429 [3]
6 433 [1]
6 432 [2]
5 431 [4]
9 430 [2]
4 436 [1]
26 408 [7]
6 434 [1]
38 398 [5]
8 430 [3]
38 399 [4]
8 428 [5]
7 434 [1]
135 305 [2]
100 337 [5]
4 433 [5]
21 414 [7]
7 432 [3]
53 390 [0]
2 436 [5]
75 365 [3]
5 433 [5]
208 235 [0]
1 438 [4]
8 432 [3]
79 357 [7]
6 436 [2]
9 433 [2]
9 435 [0]
5 434 [5]
8 431 [5]
7 435 [2]
8 433 [3]
3 440 [1]
175 262 [7]
7 436 [2]
7 437 [1]
22 417 [6]
186 258 [1]
49 395 [2]
21 425 [0]
4 438 [4]
87 358 [1]
8 435 [3]
2 437 [7]
7 438 [1]
10 434 [2]
16 428 [2]
0 443 [4]
8 436 [3]
10 437 [0]
73 369 [5]
2 440 [5]
6 437 [4]
106 338 [3]
33 410 [4]
103 344 [0]
5 438 [5]
4 443 [1]
0 442 [6]
211 231 [6]
2 439 [7]
6 440 [2]
112 330 [7]
154 295 [0]
5 443 [1]
20 427 [2]
143 306 [0]
7 441 [1]
9 437 [3]
4 444 [1]
75 372 [2]
109 334 [6]
6 438 [5]
1 442 [7]
29 415 [6]
2 441 [7]
43 400 [7]
97 347 [6]
9 438 [3]
2 444 [5]
23 421 [7]
2 442 [7]
6 441 [4]
5 442 [4]
6 444 [1]
0 445 [6]
8 440 [3]
3 448 [1]
8 439 [5]
114 337 [1]
22 424 [6]
9 443 [0]
1 444 [7]
209 244 [0]
1 446 [6]
10 443 [0]
9 441 [3]
126 327 [0]
1 447 [6]
10 444 [0]
27 426 [1]
5 445 [4]
7 446 [1]
7 447 [1]
43 412 [0]
8 444 [3]
0 448 [7]
5 446 [4]
5 448 [2]
188 267 [0]
198 257 [0]
16 439 [0]
119 332 [5]
1 449 [6]
4 446 [6]
8 448 [0]
1 451 [4]
2 447 [7]
1 448 [7]
14 439 [3]
28 428 [0]
137 320 [0]
0 451 [6]
9 448 [0]
6 447 [4]
4 447 [6]
119 335 [3]
2 455 [1]
5 449 [4]
51 407 [0]
29 429 [0]
16 442 [0]
6 451 [1]
1 450 [7]
9 446 [3]
43 408 [7]
203 248 [7]
2 449 [7]
27 428 [3]
22 429 [7]
7 448 [3]
29 423 [6]
0 452 [6]
10 446 [2]
8 445 [5]
10 447 [2]
0 455 [4]
9 447 [3]
83 376 [0]
7 451 [1]
1 454 [4]
5 450 [4]
111 347 [1]
28 431 [0]
6 452 [1]
45 411 [3]
2 450 [7]
79 375 [5]
12 447 [0]
20 437 [2]
8 447 [5]
3 455 [2]
203 250 [7]
82 377 [1]
202 258 [0]
12 446 [2]
0 456 [4]
148 308 [4]
219 241 [0]
7 452 [1]
4 451 [5]
4 455 [2]
7 453 [1]
100 357 [4]
1 455 [5]
10 449 [2]
99 356 [6]
27 431 [3]
16 445 [0]
22 433 [6]
203 251 [7]
117 341 [3]
5 451 [5]
141 318 [2]
1 453 [7]
5 456 [1]
5 453 [4]
9 451 [2]
199 263 [0]
10 450 [2]
90 368 [4]
3 459 [1]
103 353 [7]
20 441 [2]
2 456 [5]
10 451 [2]
4 458 [1]
35 428 [0]
5 455 [3]
8 450 [5]
68 395 [0]
4 454 [5]
45 413 [5]
9 455 [0]
0 460 [4]
1 456 [7]
10 452 [2]
5 454 [5]
6 453 [5]
9 452 [3]
2 457 [5]
5 457 [2]
147 317 [0]
129 329 [6]
6 455 [3]
8 454 [3]
7 455 [3]
14 450 [1]
9 453 [3]
5 458 [2]
0 459 [6]
8 457 [0]
2 458 [5]
27 439 [0]
6 458 [2]
124 340 [2]
2 459 [5]
17 449 [0]
10 456 [0]
10 454 [2]
8 453 [5]
204 262 [0]
35 431 [0]
21 438 [7]
6 459 [2]
51 410 [6]
9 456 [2]
32 429 [6]
2 460 [5]
39 424 [4]
8 456 [3]
6 460 [1]
7 457 [3]
1 462 [4]
9 459 [0]
0 462 [6]
7 458 [3]
122 346 [0]
16 449 [3]
1 461 [6]
28 439 [1]
1 460 [7]
85 381 [3]
1 464 [4]
7 461 [1]
8 458 [3]
4 460 [5]
222 247 [0]
6 462 [1]
155 314 [0]
1 463 [6]
1 465 [4]
113 357 [0]
2 461 [7]
27 442 [1]
3 466 [1]
14 449 [7]
7 462 [1]
104 365 [2]
7 463 [1]
216 255 [0]
4 466 [1]
8 460 [3]
4 461 [6]
119 349 [3]
6 464 [1]
0 465 [6]
190 282 [0]
230 242 [0]
21 451 [0]
22 444 [6]
39 433 [0]
5 462 [5]
10 460 [2]
5 463 [4]
107 361 [4]
4 464 [5]
7 465 [1]
4 468 [1]
11 458 [4]
0 467 [6]
9 461 [3]
27 445 [1]
82 390 [1]
15 453 [6]
8 461 [5]
9 462 [3]
25 443 [6]
6 466 [2]
10 462 [2]
5 464 [5]
12 461 [2]
7 466 [2]
4 470 [1]
10 463 [2]
3 471 [1]
183 292 [0]
8 464 [3]
79 392 [4]
5 467 [4]
176 298 [2]
5 470 [1]
8 463 [5]
8 466 [3]
61 414 [2]
2 470 [5]
176 299 [2]
9 468 [0]
10 465 [2]
7 468 [2]
7 469 [1]
12 463 [2]
5 471 [2]
84 391 [3]
2 471 [5]
8 465 [5]
0 471 [7]
129 343 [6]
145 333 [0]
115 362 [1]
2 469 [7]
1 471 [7]
8 468 [3]
7 470 [2]
3 475 [1]
10 469 [0]
9 470 [0]
36 436 [7]
203 269 [7]
6 469 [4]
24 450 [6]
1 473 [6]
10 470 [0]
21 452 [7]
221 259 [0]
167 313 [0]
2 472 [7]
1 476 [4]
7 471 [3]
9 469 [3]
8 470 [3]
6 474 [1]
38 439 [4]
4 474 [4]
0 475 [7]
92 387 [3]
5 475 [2]
2 475 [5]
2 473 [7]
173 309 [0]
22 460 [0]
53 428 [1]
11 468 [4]
16 467 [0]
6 473 [4]
4 473 [6]
8 475 [0]
36 440 [7]
22 454 [7]
13 467 [3]
0 477 [6]
0 478 [6]
34 443 [7]
101 376 [7]
22 456 [6]
10 472 [2]
7 473 [4]
5 474 [5]
1 477 [7]
8 472 [5]
8 474 [3]
87 398 [0]
30 453 [2]
7 475 [3]
4 476 [5]
53 431 [1]
10 474 [2]
9 474 [3]
5 476 [5]
5 477 [4]
23 459 [4]
1 482 [4]
3 483 [1]
2 480 [5]
8 476 [3]
5 478 [4]
140 347 [0]
180 303 [4]
6 480 [1]
0 481 [6]
66 415 [6]
5 479 [4]
10 476 [2]
69 419 [0]
0 484 [4]
2 479 [7]
85 403 [0]
1 480 [7]
3 485 [1]
14 472 [3]
147 342 [0]
1 481 [7]
21 465 [3]
4 484 [1]
5 484 [1]
2 487 [1]
10 478 [2]
5 483 [2]
8 477 [5]
5 481 [4]
7 482 [1]
9 480 [2]
1 483 [7]
0 487 [4]
2 484 [5]
78 413 [0]
4 486 [1]
16 472 [3]
20 469 [2]
8 483 [0]
10 479 [2]
183 307 [1]
8 480 [3]
32 454 [6]
106 383 [3]
3 487 [2]
5 485 [2]
14 478 [0]
8 479 [5]
9 483 [0]
2 485 [5]
7 484 [2]
22 464 [7]
8 485 [0]
107 380 [6]
1 487 [5]
7 483 [3]
3 489 [1]
6 482 [5]
9 484 [0]
6 486 [1]
16 477 [0]
29 464 [0]
10 484 [0]
4 489 [1]
9 482 [3]
8 481 [5]
16 478 [0]
48 440 [6]
13 478 [3]
33 457 [4]
0 488 [6]
69 425 [0]
1 486 [7]
29 460 [6]
5 487 [3]
27 467 [1]
203 285 [7]
8 484 [3]
20 473 [2]
7 485 [3]
173 322 [0]
2 489 [5]
9 487 [0]
56 439 [1]
10 486 [0]
6 487 [3]
100 392 [4]
16 481 [0]
97 396 [4]
88 405 [4]
6 489 [2]
7 487 [3]
50 445 [2]
0 491 [6]
1 490 [6]
16 479 [2]
8 486 [3]
5 488 [4]
73 419 [5]
7 489 [2]
7 490 [1]
23 468 [7]
145 352 [1]
5 490 [4]
0 493 [6]
0 495 [4]
6 490 [4]
10 488 [2]
232 268 [0]
2 491 [7]
7 492 [1]
0 496 [4]
1 492 [7]
0 494 [6]
36 458 [6]
4 490 [6]
0 497 [4]
25 470 [6]
219 278 [4]
61 438 [2]
6 494 [1]
7 494 [1]
5 493 [4]
9 490 [3]
32 464 [6]
21 474 [7]
6 495 [1]
4 497 [1]
10 490 [2]
6 492 [5]
51 448 [4]
76 426 [1]
8 490 [5]
133 370 [0]
10 491 [2]
1 495 [7]
69 434 [0]
33 471 [0]
79 421 [4]
8 491 [5]
2 497 [5]
93 407 [4]
2 501 [1]
0 500 [4]
9 492 [3]
4 496 [5]
27 477 [1]
0 501 [4]
6 498 [1]
6 497 [2]
22 476 [7]
2 499 [4]
119 383 [3]
8 492 [5]
5 495 [5]
27 478 [1]
108 398 [0]
3 501 [2]
9 494 [3]
10 494 [2]
10 496 [0]
5 496 [5]
8 493 [5]
227 279 [0]
5 500 [1]
3 502 [1]
74 433 [0]
4 499 [4]
7 497 [3]
9 496 [2]
2 500 [5]
1 499 [7]
4 502 [1]
195 312 [0]
28 479 [0]
7 499 [1]
5 498 [5]
22 480 [6]
1 500 [7]
85 423 [0]
10 498 [0]
47 461 [0]
5 499 [4]
43 465 [0]
8 497 [3]
5 501 [3]
113 392 [4]
64 442 [3]
36 466 [7]
2 502 [5]
27 479 [3]
8 498 [3]
9 498 [2]
4 500 [5]
8 501 [0]
27 481 [1]
6 502 [2]
6 501 [3]
70 434 [6]
16 491 [3]
9 501 [0]
21 482 [7]
9 499 [3]
8 500 [3]
7 501 [3]
34 470 [7]
115 395 [1]
9 500 [2]
8 499 [5]
33 475 [4]
1 505 [6]
2 503 [7]
4 504 [4]
7 502 [3]
7 504 [1]
5 503 [4]
1 504 [7]
8 502 [3]
3 509 [1]
15 492 [6]
7 505 [1]
181 330 [3]
35 479 [0]
82 431 [1]
2 505 [7]
2 507 [5]
3 510 [1]
22 486 [6]
4 509 [1]
51 457 [6]
32 476 [6]
147 368 [0]
6 504 [5]
1 507 [7]
10 503 [2]
10 504 [2]
27 488 [1]
4 507 [5]
8 503 [5]
5 506 [5]
10 506 [0]
2 509 [5]
22 495 [0]
2 510 [5]
8 504 [5]
8 506 [3]
0 511 [6]
9 506 [2]
9 505 [3]
5 510 [2]
6 509 [2]
2 508 [7]
79 435 [4]
8 505 [5]
9 507 [2]
3 514 [1]
6 511 [1]
6 510 [2]
178 335 [5]
8 507 [3]
7 509 [3]
14 503 [2]
9 510 [0]
6 512 [1]
2 512 [5]
12 505 [2]
7 511 [1]
241 278 [0]
50 467 [2]
10 508 [2]
1 512 [7]
2 513 [5]
48 466 [6]
7 510 [3]
2 517 [1]
6 513 [1]
15 499 [6]
8 509 [3]
1 513 [7]
3 517 [1]
27 493 [1]
2 514 [5]
69 452 [0]
0 517 [4]
8 508 [5]
5 514 [2]
8 510 [3]
100 421 [0]
18 504 [0]
99 417 [6]
8 514 [0]
16 503 [3]
30 492 [0]
5 516 [1]
10 513 [0]
75 445 [3]
9 512 [2]
57 459 [7]
8 512 [3]
10 511 [2]
9 511 [3]
7 514 [3]
1 516 [7]
8 513 [3]
0 520 [4]
1 519 [4]
0 518 [6]
2 515 [7]
9 513 [2]
4 516 [5]
14 508 [3]
34 484 [7]
15 504 [6]
9 517 [0]
109 411 [6]
7 519 [1]
4 522 [1]
7 517 [3]
8 516 [3]
16 508 [3]
2 518 [7]
9 516 [2]
0 521 [6]
10 515 [2]
3 523 [1]
6 520 [1]
4 519 [4]
8 515 [5]
22 500 [6]
99 430 [0]
50 477 [2]
83 446 [0]
73 452 [4]
3 525 [1]
0 525 [4]
143 386 [0]
213 316 [0]
127 403 [0]
0 524 [6]
29 495 [6]
117 410 [3]
5 520 [5]
5 523 [2]
232 296 [2]
0 526 [4]
0 523 [7]
8 518 [5]
8 520 [3]
9 520 [2]
28 503 [0]
69 462 [0]
4 525 [2]
9 519 [3]
122 405 [4]
7 522 [2]
51 475 [6]
9 523 [0]
36 489 [7]
2 525 [5]
77 454 [1]
5 526 [1]
50 481 [2]
2 526 [5]
1 525 [7]
8 522 [3]
6 526 [1]
0 529 [4]
27 503 [3]
5 524 [4]
16 515 [2]
53 479 [1]
7 523 [3]
38 491 [4]
16 518 [0]
86 445 [3]
9 525 [0]
1 526 [7]
1 529 [4]
64 467 [3]
6 527 [1]
250 285 [0]
22 507 [6]
1 527 [7]
14 518 [3]
1 528 [6]
179 356 [0]
7 525 [3]
39 496 [0]
157 378 [0]
4 527 [5]
10 524 [2]
103 426 [7]
8 526 [3]
5 528 [4]
5 527 [5]
16 521 [0]
13 521 [3]
39 498 [0]
10 527 [0]
2 528 [7]
1 530 [6]
9 526 [2]
0 531 [6]
91 442 [5]
8 527 [3]
4 529 [5]
7 530 [1]
232 300 [6]
51 483 [4]
0 534 [4]
227 311 [0]
2 530 [7]
5 529 [5]
2 532 [5]
113 421 [5]
42 495 [2]
6 532 [1]
35 503 [1]
6 530 [4]
219 317 [4]
5 531 [4]
10 528 [2]
33 501 [6]
22 512 [6]
13 524 [3]
1 532 [7]
4 532 [5]
16 524 [1]
8 528 [5]
0 535 [6]
22 513 [6]
0 537 [4]
100 435 [6]
6 534 [1]
10 529 [2]
51 485 [6]
5 533 [4]
238 304 [0]
145 396 [1]
9 530 [3]
0 536 [6]
109 427 [6]
2 533 [7]
4 534 [5]
9 532 [2]
208 331 [4]
10 531 [2]
28 515 [0]
0 538 [6]
6 537 [1]
129 409 [6]
12 530 [2]
64 477 [3]
5 534 [5]
22 516 [6]
2 535 [7]
10 530 [5]
27 515 [3]
0 539 [6]
4 540 [1]
8 534 [3]
0 541 [4]
14 531 [0]
9 534 [2]
36 502 [7]
39 506 [0]
61 482 [2]
2 536 [7]
2 537 [7]
8 533 [5]
227 319 [0]
16 528 [3]
7 539 [1]
2 538 [7]
0 543 [4]
13 531 [3]
10 535 [2]
28 518 [1]
21 519 [7]
5 537 [5]
199 348 [0]
16 531 [0]
22 520 [6]
4 543 [1]
8 537 [3]
245 303 [0]
10 536 [2]
0 542 [6]
8 535 [5]
5 539 [5]
5 543 [1]
7 540 [2]
83 463 [3]
9 540 [0]
8 536 [5]
19 525 [5]
27 521 [1]
188 357 [4]
38 508 [4]
4 541 [5]
36 510 [4]
35 515 [0]
129 420 [1]
50 493 [7]
2 543 [5]
0 544 [6]
79 468 [4]
8 540 [3]
5 541 [5]
6 543 [2]
8 538 [5]
233 318 [0]
10 539 [2]
6 545 [1]
16 536 [0]
8 541 [3]
9 543 [0]
109 437 [6]
0 546 [6]
36 509 [7]
23 522 [7]
212 340 [0]
9 541 [2]
0 548 [4]
1 544 [7]
7 543 [2]
47 505 [0]
3 548 [1]
27 524 [1]
10 543 [0]
0 547 [6]
2 544 [7]
148 401 [4]
14 536 [3]
173 379 [2]
4 549 [1]
77 476 [1]
4 548 [2]
80 468 [6]
22 526 [6]
33 517 [4]
4 545 [5]
101 446 [7]
1 546 [7]
113 435 [6]
16 535 [3]
0 550 [4]
8 542 [5]
2 548 [5]
5 545 [5]
14 538 [3]
20 530 [5]
75 477 [3]
5 546 [4]
1 548 [7]
5 550 [1]
0 556 [0]
8 545 [3]
5 547 [4]
109 441 [6]
8 544 [5]
9 548 [0]
152 401 [4]
10 545 [2]
2 550 [5]
6 550 [1]
27 528 [3]
7 549 [2]
22 529 [7]
29 529 [0]
7 548 [3]
1 552 [6]
14 542 [3]
39 516 [4]
39 520 [0]
27 531 [1]
4 550 [5]
75 481 [3]
143 416 [0]
8 546 [5]
6 551 [2]
22 537 [0]
9 551 [0]
22 532 [6]
8 547 [5]
10 550 [0]
16 544 [0]
7 552 [1]
13 544 [3]
7 551 [2]
8 549 [3]
1 553 [6]
33 523 [4]
38 518 [4]
60 500 [0]
0 557 [4]
1 554 [6]
76 478 [7]
107 448 [6]
5 552 [4]
256 305 [0]
8 550 [3]
27 533 [1]
2 552 [7]
16 546 [0]
1 555 [6]
8 551 [3]
6 552 [4]
2 553 [7]
154 403 [5]
4 552 [6]
27 535 [0]
16 547 [0]
4 553 [6]
2 554 [7]
69 494 [0]
7 555 [1]
268 296 [0]
101 463 [0]
8 556 [0]
27 536 [1]
48 510 [6]
3 560 [1]
35 528 [1]
7 553 [4]
4 554 [6]
6 557 [1]
2 555 [7]
9 553 [3]
126 432 [7]
27 538 [0]
6 555 [4]
8 552 [5]
11 551 [4]
1 559 [6]
0 562 [4]
157 406 [3]
7 558 [1]
12 552 [2]
12 553 [1]
10 556 [0]
4 558 [4]
178 383 [5]
9 554 [3]
0 560 [6]
1 558 [7]
2 557 [7]
5 557 [5]
8 554 [5]
0 563 [4]
0 561 [6]
2 560 [5]
9 555 [3]
1 562 [4]
32 529 [6]
7 559 [1]
28 538 [1]
233 334 [1]
6 560 [2]
8 555 [5]
1 561 [6]
12 554 [2]
2 559 [7]
8 557 [3]
7 560 [2]
6 559 [4]
12 555 [2]
6 558 [5]
5 563 [1]
6 562 [1]
9 560 [0]
53 515 [1]
27 542 [0]
4 559 [6]
6 563 [1]
2 561 [7]
23 540 [7]
5 561 [4]
93 471 [6]
14 556 [0]
73 494 [4]
51 514 [6]
1 563 [7]
8 558 [5]
9 559 [3]
0 565 [6]
28 542 [1]
76 488 [7]
2 562 [7]
1 564 [7]
29 537 [6]
176 394 [2]
8 559 [5]
4 563 [5]
12 559 [2]
39 534 [0]
141 427 [5]
21 545 [7]
0 567 [6]
20 553 [0]
50 521 [2]
5 564 [5]
8 563 [3]
27 546 [1]
51 517 [6]
10 564 [0]
0 568 [6]
8 561 [5]
192 382 [0]
9 563 [2]
268 300 [6]
240 335 [0]
8 564 [3]
9 561 [5]
2 566 [7]
56 518 [1]
9 564 [2]
184 391 [0]
5 566 [4]
27 547 [1]
10 565 [2]
38 535 [4]
2 568 [7]
117 457 [3]
4 569 [4]
124 453 [0]
7 569 [1]
16 561 [0]
38 536 [4]
8 565 [5]
1 573 [4]
18 558 [2]
2 570 [7]
23 549 [7]
22 557 [0]
8 566 [5]
99 480 [0]
106 473 [0]
5 569 [5]
17 561 [1]
0 573 [6]
154 423 [2]
15 558 [6]
9 568 [3]
10 568 [2]
0 574 [6]
8 567 [5]
83 490 [7]
38 538 [4]
39 541 [0]
6 569 [5]
6 570 [4]
51 523 [6]
69 511 [0]
4 570 [6]
6 573 [1]
9 569 [3]
42 537 [2]
10 570 [1]
0 575 [6]
61 519 [2]
14 561 [7]
1 574 [7]
53 528 [1]
3 578 [1]
1 575 [6]
12 570 [0]
216 366 [0]
43 539 [0]
4 578 [1]
14 568 [1]
10 571 [2]
5 573 [5]
16 567 [0]
31 552 [0]
147 436 [0]
5 574 [4]
2 574 [7]
85 495 [3]
141 437 [5]
6 577 [1]
8 573 [3]
2 577 [5]
5 575 [4]
109 469 [6]
10 572 [2]
9 573 [2]
188 392 [4]
7 576 [1]
38 542 [4]
1 579 [4]
8 571 [5]
13 568 [3]
0 579 [6]
8 572 [5]
5 578 [2]
5 576 [4]
16 568 [1]
3 581 [1]
1 577 [7]
10 573 [2]
2 578 [5]
6 578 [2]
60 526 [0]
113 468 [5]
6 576 [4]
4 576 [6]
6 579 [1]
4 577 [5]
9 574 [3]
1 582 [4]
9 578 [0]
141 441 [5]
23 560 [4]
186 399 [2]
10 575 [2]
8 574 [5]
9 577 [2]
9 576 [3]
10 576 [2]
287 301 [0]
0 581 [7]
8 577 [3]
4 579 [5]
64 521 [3]
14 571 [3]
0 582 [6]
12 576 [0]
2 581 [5]
5 581 [2]
73 511 [4]
13 574 [1]
14 574 [0]
240 349 [0]
8 578 [3]
4 580 [5]
5 579 [5]
8 576 [5]
5 580 [5]
9 581 [0]
1 583 [6]
7 582 [1]
216 374 [0]
0 584 [6]
16 571 [3]
3 586 [1]
8 579 [3]
0 586 [4]
92 496 [3]
10 579 [2]
9 580 [2]
22 563 [6]
7 581 [3]
0 585 [6]
10 580 [2]
5 583 [4]
5 582 [5]
20 570 [2]
17 575 [0]
2 586 [5]
28 565 [0]
8 582 [3]
2 584 [7]
5 584 [4]
56 536 [1]
5 586 [2]
98 493 [3]
16 575 [3]
10 582 [2]
6 586 [2]
6 587 [1]
0 588 [6]
27 566 [1]
9 582 [3]
2 587 [5]
273 321 [0]
74 520 [1]
27 567 [1]
56 538 [1]
3 591 [1]
203 385 [7]
1 587 [7]
119 473 [3]
10 583 [2]
179 417 [0]
90 502 [4]
8 583 [5]
107 483 [6]
14 575 [7]
4 587 [5]
148 444 [4]
296 300 [0]
3 592 [1]
7 586 [3]
21 569 [7]
10 585 [2]
8 586 [3]
4 592 [1]
8 584 [5]
12 583 [2]
9 587 [2]
24 574 [0]
8 585 [5]
1 590 [7]
0 591 [7]
2 589 [7]
102 493 [3]
103 488 [7]
4 593 [1]
8 587 [3]
5 591 [2]
2 591 [5]
117 475 [7]
2 592 [5]
56 542 [1]
5 590 [4]
50 547 [2]
143 450 [6]
292 307 [0]
1 591 [7]
227 372 [0]
44 550 [6]
2 593 [5]
28 572 [0]
38 556 [6]
0 594 [6]
5 593 [2]
10 588 [2]
1 596 [4]
47 554 [0]
3 597 [1]
272 329 [0]
21 573 [7]
8 588 [5]
7 591 [3]
97 498 [6]
42 557 [2]
8 589 [5]
47 555 [0]
9 593 [0]
10 590 [2]
129 472 [1]
7 592 [3]
14 585 [3]
7 593 [3]
45 553 [5]
8 592 [3]
1 595 [7]
202 399 [2]
39 564 [0]
5 594 [4]
90 509 [4]
8 590 [5]
280 323 [0]
2 595 [7]
2 597 [5]
5 597 [2]
11 586 [7]
88 512 [4]
0 598 [6]
4 596 [4]
5 595 [4]
0 597 [7]
7 596 [1]
8 593 [3]
16 588 [0]
14 588 [3]
117 485 [3]
14 590 [1]
16 589 [0]
79 522 [4]
99 507 [0]
0 602 [4]
47 559 [0]
4 601 [1]
0 600 [6]
14 589 [3]
9 597 [0]
203 397 [7]
6 596 [5]
1 599 [7]
219 384 [4]
76 524 [7]
77 529 [1]
238 364 [5]
38 565 [4]
21 579 [7]
5 601 [1]
8 594 [5]
8 595 [5]
11 593 [4]
22 580 [6]
9 596 [3]
2 601 [5]
4 599 [5]
5 602 [1]
6 602 [1]
97 506 [6]
5 599 [5]
5 600 [4]
10 599 [0]
75 533 [2]
9 599 [2]
7 601 [2]
16 594 [0]
8 599 [3]
8 598 [5]
10 601 [0]
16 595 [0]
1 603 [7]
206 405 [0]
13 595 [3]
5 604 [2]
112 496 [3]
64 544 [3]
2 604 [5]
4 602 [5]
263 348 [0]
2 609 [1]
10 600 [2]
10 602 [0]
6 604 [2]
3 608 [1]
27 584 [1]
5 603 [4]
40 568 [4]
8 601 [3]
38 571 [4]
3 609 [1]
9 602 [2]
8 602 [3]
1 606 [7]
2 605 [7]
0 610 [4]
38 572 [4]
16 598 [0]
7 604 [3]
8 604 [3]
2 606 [7]
22 587 [6]
10 603 [2]
74 534 [7]
5 608 [2]
1 607 [7]
141 469 [5]
188 421 [6]
2 608 [5]
14 598 [3]
199 414 [2]
5 607 [4]
8 608 [0]
27 589 [0]
5 610 [1]
7 605 [4]
124 492 [0]
0 612 [4]
8 603 [5]
13 600 [3]
27 588 [1]
272 343 [1]
4 605 [7]
2 607 [7]
147 466 [4]
16 600 [1]
97 516 [4]
6 605 [6]
0 613 [4]
0 611 [6]
91 521 [5]
3 613 [1]
6 610 [1]
56 556 [6]
4 613 [1]
36 578 [4]
12 605 [1]
5 612 [1]
7 608 [3]
33 581 [4]
10 606 [2]
9 606 [3]
255 363 [0]
9 605 [4]
14 603 [1]
9 609 [0]
28 589 [1]
7 609 [3]
8 606 [5]
39 580 [0]
11 604 [4]
2 612 [5]
2 613 [5]
10 610 [0]
13 606 [1]
0 614 [6]
1 612 [7]
14 606 [0]
24 590 [6]
2 615 [4]
7 612 [2]
6 613 [2]
129 491 [1]
111 506 [4]
276 345 [0]
9 610 [2]
8 610 [3]
255 366 [0]
230 385 [7]
203 412 [7]
74 541 [7]
3 618 [1]
56 565 [1]
16 607 [0]
1 616 [6]
79 540 [4]
8 612 [3]
27 595 [1]
7 615 [1]
10 611 [2]
5 614 [4]
87 535 [1]
4 615 [4]
88 532 [4]
0 620 [4]
5 615 [4]
21 596 [7]
8 613 [3]
33 591 [0]
267 357 [0]
6 617 [1]
7 616 [1]
8 611 [5]
75 546 [3]
50 567 [7]
2 619 [4]
244 381 [0]
75 547 [3]
159 466 [0]
164 461 [0]
1 620 [4]
6 616 [4]
4 616 [6]
27 598 [1]
100 522 [4]
8 614 [5]
28 598 [1]
1 619 [7]
20 605 [2]
7 618 [2]
6 620 [1]
5 617 [5]
186 439 [2]
22 599 [6]
38 585 [4]
9 615 [3]
56 571 [0]
7 619 [1]
10 617 [0]
9 618 [0]
10 615 [2]
27 600 [1]
10 616 [2]
12 616 [0]
8 615 [5]
1 621 [6]
9 616 [3]
14 611 [3]
5 619 [4]
9 617 [2]
4 620 [5]
188 435 [6]
8 618 [3]
56 572 [1]
126 497 [7]
97 527 [6]
38 588 [4]
22 602 [6]
2 621 [7]
16 614 [0]
1 623 [6]
1 622 [7]
5 620 [5]
5 621 [4]
15 615 [0]
24 606 [0]
5 622 [4]
309 322 [0]
0 625 [6]
9 619 [3]
8 620 [3]
2 624 [5]
38 589 [4]
2 622 [7]
10 619 [2]
6 624 [1]
78 553 [0]
11 613 [7]
5 623 [4]
61 569 [2]
10 620 [2]
0 628 [4]
48 578 [6]
1 624 [7]
2 623 [7]
8 619 [5]
25 601 [6]
24 603 [6]
0 629 [4]
4 624 [5]
4 628 [1]
0 627 [6]
7 626 [1]
103 524 [7]
5 625 [4]
98 533 [3]
167 467 [0]
5 628 [1]
230 397 [7]
33 597 [4]
8 621 [5]
117 514 [3]
36 592 [7]
1 627 [7]
2 626 [7]
113 522 [0]
27 607 [1]
8 622 [5]
2 628 [5]
9 624 [2]
36 593 [6]
86 546 [3]
5 627 [4]
174 459 [3]
6 626 [4]
2 627 [7]
6 629 [1]
255 374 [7]
8 623 [5]
10 626 [0]
6 628 [2]
147 489 [0]
0 632 [4]
238 393 [5]
1 631 [4]
10 625 [2]
80 551 [6]
1 629 [7]
7 628 [2]
9 628 [0]
2 629 [7]
9 626 [3]
51 581 [6]
22 610 [6]
148 486 [4]
165 473 [0]
5 632 [1]
129 508 [1]
10 628 [0]
6 631 [1]
4 634 [1]
2 632 [5]
16 621 [2]
7 631 [1]
5 629 [5]
5 630 [4]
27 611 [1]
0 633 [6]
38 598 [4]
8 627 [5]
1 632 [7]
122 512 [6]
0 636 [4]
15 619 [6]
117 523 [0]
196 444 [0]
8 629 [3]
16 623 [2]
13 625 [3]
137 504 [0]
5 631 [5]
0 637 [4]
4 632 [5]
56 585 [1]
10 632 [0]
185 452 [5]
1 635 [6]
1 637 [4]
111 527 [4]
16 625 [1]
27 614 [1]
10 630 [2]
140 498 [4]
5 636 [1]
6 634 [2]
16 627 [0]
8 632 [3]
10 631 [2]
7 635 [1]
2 636 [5]
6 636 [1]
75 566 [2]
25 612 [6]
9 631 [3]
1 636 [7]
75 567 [2]
5 635 [4]
1 638 [6]
233 411 [1]
49 596 [0]
10 633 [2]
4 635 [6]
9 634 [2]
56 588 [1]
8 634 [3]
85 557 [3]
33 609 [4]
100 540 [6]
3 642 [1]
7 638 [1]
6 639 [1]
13 630 [3]
8 633 [5]
0 642 [4]
48 592 [6]
4 637 [5]
56 589 [1]
94 550 [2]
2 639 [5]
9 635 [3]
2 638 [7]
16 630 [1]
8 636 [3]
12 635 [0]
1 639 [7]
9 636 [2]
50 595 [2]
10 635 [2]
8 637 [3]
0 644 [4]
8 635 [5]
4 638 [6]
1 641 [6]
6 638 [4]
10 637 [2]
2 642 [5]
100 549 [0]
85 562 [2]
39 610 [0]
2 640 [7]
147 502 [0]
22 620 [7]
12 638 [0]
6 642 [2]
8 639 [3]
2 641 [7]
1 643 [6]
27 622 [1]
140 506 [4]
14 633 [3]
50 594 [7]
22 629 [0]
27 621 [3]
6 641 [4]
4 641 [6]
69 582 [0]
6 644 [1]
198 449 [5]
2 643 [7]
10 640 [2]
318 334 [0]
22 624 [6]
5 643 [4]
0 648 [4]
1 647 [4]
7 642 [3]
1 644 [7]
9 641 [3]
8 640 [5]
2 646 [5]
27 623 [3]
8 642 [3]
0 647 [6]
294 359 [0]
38 611 [4]
7 645 [1]
6 646 [1]
8 641 [5]
28 623 [3]
51 597 [6]
2 645 [7]
6 647 [1]
122 532 [0]
1 646 [7]
3 651 [1]
6 648 [1]
45 605 [5]
8 644 [3]
56 598 [1]
12 641 [2]
7 647 [1]
1 649 [6]
10 646 [0]
10 644 [2]
39 617 [0]
8 643 [5]
100 551 [5]
4 651 [1]
4 652 [1]
9 645 [3]
14 640 [3]
258 399 [0]
3 653 [1]
8 646 [3]
2 648 [7]
9 646 [2]
7 649 [1]
5 647 [5]
27 630 [1]
36 618 [4]
2 651 [5]
5 649 [4]
5 648 [5]
87 571 [0]
5 651 [2]
4 649 [6]
9 650 [0]
113 540 [6]
6 651 [2]
6 652 [1]
10 647 [2]
16 640 [3]
219 436 [4]
6 649 [4]
9 647 [3]
8 648 [3]
70 582 [7]
179 480 [0]
2 653 [5]
9 651 [0]
20 638 [2]
0 654 [6]
1 652 [7]
0 656 [4]
5 653 [2]
11 642 [7]
8 650 [3]
27 633 [1]
8 653 [0]
75 584 [2]
9 649 [3]
1 653 [7]
0 657 [4]
12 649 [0]
8 651 [3]
113 549 [0]
10 652 [0]
41 620 [1]
145 516 [1]
5 656 [1]
99 563 [0]
64 595 [3]
1 654 [7]
8 649 [5]
4 658 [1]
2 656 [5]
219 440 [4]
5 654 [4]
7 653 [3]
0 660 [4]
29 629 [6]
267 392 [5]
1 656 [7]
2 657 [5]
3 660 [1]
6 657 [1]
2 655 [7]
23 634 [7]
51 608 [6]
1 657 [7]
11 650 [4]
9 656 [0]
7 656 [2]
233 427 [5]
2 658 [5]
29 637 [0]
22 637 [7]
6 658 [2]
114 551 [1]
83 583 [0]
1 659 [6]
3 662 [1]
83 576 [7]
4 660 [2]
22 644 [0]
4 657 [5]
294 367 [6]
8 656 [3]
98 566 [3]
97 564 [6]
5 657 [5]
0 663 [4]
20 645 [2]
2 660 [5]
5 661 [1]
10 655 [2]
22 639 [6]
8 654 [5]
2 661 [5]
5 659 [4]
7 658 [3]
8 655 [5]
6 660 [2]
56 611 [1]
0 662 [6]
8 657 [3]
2 659 [7]
8 658 [3]
2 662 [5]
0 665 [4]
152 513 [4]
88 577 [4]
233 437 [0]
7 661 [2]
16 654 [0]
6 663 [1]
6 662 [2]
22 648 [0]
13 654 [3]
1 663 [7]
10 661 [0]
7 662 [2]
48 618 [5]
10 659 [2]
75 594 [2]
50 614 [7]
8 660 [3]
9 662 [0]
1 664 [6]
14 655 [2]
0 666 [6]
8 661 [3]
6 665 [1]
102 567 [3]
2 664 [7]
139 533 [1]
86 584 [3]
42 629 [2]
164 505 [4]
5 663 [5]
1 668 [4]
0 667 [6]
27 643 [3]
16 655 [3]
4 664 [6]
22 646 [6]
64 607 [3]
1 667 [6]
0 668 [6]
53 621 [0]
50 622 [2]
2 665 [7]
5 665 [5]
7 664 [4]
4 670 [1]
32 637 [6]
203 465 [7]
5 666 [4]
6 668 [1]
2 667 [7]
0 672 [4]
8 665 [3]
9 664 [3]
53 623 [0]
7 668 [1]
5 667 [4]
2 670 [5]
12 664 [1]
0 671 [6]
11 660 [7]
1 671 [6]
5 668 [5]
215 463 [0]
3 674 [1]
5 672 [1]
10 666 [2]
55 618 [5]
1 673 [4]
6 670 [2]
7 669 [2]
16 659 [3]
22 657 [0]
263 414 [2]
88 587 [4]
111 564 [4]
50 627 [2]
8 668 [3]
185 494 [0]
2 672 [5]
106 570 [3]
23 650 [7]
22 652 [6]
8 667 [5]
5 671 [4]
2 671 [7]
7 670 [3]
1 672 [7]
1 675 [4]
8 669 [3]
10 668 [2]
9 668 [3]
0 676 [4]
2 674 [5]
4 673 [4]
8 670 [3]
7 673 [1]
4 672 [5]
5 674 [2]
3 677 [1]
1 676 [4]
8 674 [0]
13 666 [3]
196 486 [0]
44 632 [6]
38 640 [4]
183 499 [0]
272 409 [1]
0 678 [4]
221 459 [3]
4 675 [4]
10 671 [2]
29 648 [6]
9 672 [2]
76 600 [7]
16 666 [1]
199 482 [2]
5 673 [5]
20 664 [0]
283 401 [0]
335 349 [0]
101 583 [0]
11 669 [4]
28 655 [1]
7 674 [3]
17 667 [0]
4 676 [5]
22 663 [0]
0 679 [6]
27 655 [3]
98 584 [3]
5 675 [5]
6 677 [2]
6 678 [1]
10 673 [2]
1 680 [4]
9 673 [3]
16 667 [3]
8 675 [3]
90 592 [4]
0 680 [6]
238 443 [5]
5 676 [5]
8 673 [5]
7 677 [2]
1 678 [7]
25 656 [6]
8 676 [3]
16 671 [0]
33 653 [1]
0 681 [6]
9 675 [3]
47 641 [0]
14 671 [3]
5 678 [5]
4 680 [4]
14 667 [7]
299 389 [0]
7 680 [1]
8 677 [3]
23 662 [4]
8 678 [3]
64 622 [3]
27 659 [3]
6 682 [2]
56 633 [1]
5 680 [5]
128 556 [6]
10 678 [2]
179 507 [4]
309 379 [2]
35 655 [1]
158 533 [0]
10 679 [2]
36 651 [4]
0 690 [1]
319 372 [0]
25 661 [6]
10 680 [2]
5 683 [4]
29 657 [6]
42 648 [2]
8 679 [5]
7 684 [1]
2 683 [7]
8 680 [5]
2 690 [1]
128 565 [0]
272 420 [1]
8 682 [3]
0 689 [4]
10 681 [2]
21 673 [0]
2 685 [7]
4 689 [1]
4 684 [6]
64 627 [3]
1 687 [6]
6 684 [4]
5 685 [4]
299 394 [2]
14 681 [0]
137 558 [0]
7 687 [1]
1 688 [6]
3 691 [1]
3 690 [2]
35 659 [1]
112 580 [3]
10 683 [2]
10 684 [2]
5 686 [5]
53 643 [0]
1 690 [5]
2 687 [7]
56 640 [0]
4 690 [2]
9 684 [3]
2 689 [5]
8 684 [5]
13 681 [3]
5 688 [4]
1 689 [7]
344 353 [0]
4 692 [1]
135 556 [6]
11 682 [4]
9 686 [2]
7 690 [0]
36 658 [4]
16 681 [1]
295 403 [0]
5 690 [3]
7 689 [2]
8 690 [0]
10 686 [2]
9 689 [0]
3 694 [1]
29 663 [6]
9 687 [3]
27 671 [1]
6 691 [2]
122 577 [0]
9 690 [0]
23 669 [7]
22 678 [0]
1 693 [6]
7 691 [2]
10 688 [2]
69 631 [0]
135 565 [0]
8 689 [3]
6 692 [2]
28 671 [1]
22 672 [6]
129 571 [0]
128 572 [0]
75 622 [3]
5 694 [2]
322 379 [0]
12 687 [2]
0 694 [7]
2 695 [4]
2 694 [5]
317 384 [0]
8 688 [5]
185 511 [5]
7 692 [2]
0 697 [4]
9 692 [0]
8 694 [0]
12 688 [2]
2 693 [7]
16 683 [3]
10 687 [5]
260 442 [0]
1 694 [7]
3 698 [1]
233 469 [0]
8 691 [3]
0 696 [6]
82 621 [0]
91 607 [5]
7 695 [1]
9 694 [0]
175 521 [7]
4 698 [1]
8 692 [3]
1 695 [7]
4 697 [2]
131 571 [1]
2 697 [5]
209 495 [0]
75 627 [3]
22 676 [7]
1 697 [7]
8 697 [0]
0 699 [6]
2 698 [5]
105 601 [0]
8 693 [5]
6 695 [5]
83 616 [7]
0 700 [6]
26 673 [7]
186 518 [2]
1 699 [6]
257 449 [0]
9 697 [0]
6 698 [2]
50 654 [2]
28 679 [0]
7 697 [3]
135 572 [0]
76 625 [7]
8 695 [5]
5 699 [4]
1 701 [6]
32 676 [0]
2 699 [7]
0 704 [4]
10 696 [2]
0 702 [6]
7 698 [3]
103 600 [5]
5 700 [4]
42 665 [2]
8 698 [3]
8 696 [5]
7 701 [1]
151 554 [4]
27 681 [1]
142 568 [0]
151 555 [4]
66 644 [0]
2 701 [7]
2 703 [5]
6 704 [1]
2 702 [7]
16 693 [2]
33 674 [4]
4 701 [6]
10 699 [2]
140 564 [7]
1 704 [7]
48 658 [6]
8 699 [5]
219 489 [4]
4 707 [1]
126 586 [0]
10 700 [2]
0 708 [4]
20 687 [5]
3 708 [1]
7 703 [2]
23 682 [7]
27 683 [3]
10 703 [0]
9 701 [3]
27 685 [1]
53 659 [1]
29 678 [6]
14 696 [3]
248 465 [0]
7 705 [1]
2 704 [7]
36 670 [7]
76 630 [7]
4 705 [4]
4 708 [2]
5 707 [2]
8 703 [3]
14 700 [0]
7 706 [1]
10 702 [2]
8 701 [5]
1 709 [4]
45 664 [5]
128 585 [1]
22 686 [6]
2 707 [5]
355 360 [0]
0 709 [6]
2 706 [7]
77 637 [1]
2 708 [5]
8 702 [5]
3 711 [1]
98 614 [3]
12 701 [2]
6 707 [2]
1 708 [7]
4 711 [1]
6 709 [1]
10 706 [0]
294 422 [0]
15 695 [6]
13 700 [3]
88 624 [4]
69 647 [0]
7 709 [1]
7 707 [3]
9 705 [3]
17 699 [1]
41 676 [0]
9 708 [0]
276 434 [7]
0 713 [4]
8 705 [5]
9 706 [3]
3 714 [1]
0 712 [6]
199 519 [0]
7 708 [3]
154 562 [2]
223 496 [0]
6 711 [2]
79 634 [6]
35 683 [1]
2 710 [7]
5 713 [1]
80 634 [5]
14 702 [3]
102 614 [3]
36 677 [7]
97 617 [6]
8 709 [3]
226 494 [0]
7 711 [2]
295 423 [2]
14 699 [7]
25 689 [6]
227 493 [0]
255 458 [7]
2 713 [5]
6 710 [4]
12 706 [2]
16 702 [3]
5 714 [2]
9 709 [3]
38 679 [4]
2 714 [5]
10 710 [1]
0 714 [7]
64 654 [3]
2 712 [7]
1 713 [7]
1 717 [4]
176 544 [2]
19 697 [6]
8 711 [3]
12 710 [0]
3 718 [1]
11 707 [4]
164 554 [4]
27 693 [3]
7 715 [1]
1 715 [7]
0 717 [6]
158 566 [0]
48 670 [6]
0 720 [4]
5 715 [4]
8 713 [3]
7 714 [3]
2 715 [7]
10 712 [2]
6 717 [1]
82 643 [0]
0 718 [7]
5 718 [2]
18 705 [2]
2 718 [5]
2 716 [7]
7 717 [1]
39 686 [0]
83 635 [7]
8 712 [5]
5 716 [4]
22 704 [0]
6 715 [5]
204 521 [1]
359 367 [0]
49 675 [2]
9 715 [3]
6 720 [1]
87 640 [0]
10 715 [2]
9 718 [0]
5 717 [5]
30 695 [2]
1 722 [4]
117 608 [3]
20 706 [2]
13 715 [0]
27 700 [1]
94 632 [2]
104 622 [2]
2 719 [7]
8 715 [5]
8 717 [3]
35 693 [0]
2 720 [7]
9 717 [3]
8 716 [5]
7 721 [1]
4 721 [4]
14 712 [3]
0 723 [6]
318 411 [0]
1 721 [7]
7 722 [1]
0 724 [6]
4 722 [4]
43 680 [7]
186 542 [2]
4 719 [7]
4 725 [1]
7 719 [4]
5 720 [5]
6 719 [6]
48 677 [6]
16 712 [3]
51 674 [6]
8 720 [3]
16 716 [0]
6 721 [5]
12 719 [1]
111 617 [4]
20 710 [2]
0 728 [4]
60 672 [0]
2 725 [5]
103 625 [5]
6 722 [5]
9 721 [3]
0 729 [4]
1 726 [6]
79 650 [4]
2 724 [7]
6 725 [2]
36 691 [7]
25 703 [6]
8 721 [5]
5 728 [1]
5 727 [2]
99 636 [0]
5 729 [1]
1 727 [7]
5 726 [4]
7 725 [3]
10 723 [2]
6 728 [1]
8 727 [0]
8 723 [5]
4 731 [1]
1 728 [7]
9 727 [0]
8 725 [3]
6 729 [1]
56 679 [1]
10 724 [2]
80 650 [6]
21 709 [7]
53 683 [1]
4 728 [5]
2 730 [5]
8 724 [5]
0 733 [4]
121 616 [0]
7 727 [3]
1 729 [7]
0 734 [4]
10 728 [0]
103 630 [5]
99 639 [0]
38 696 [4]
0 732 [6]
4 729 [5]
100 634 [5]
10 729 [0]
83 649 [7]
6 731 [2]
29 704 [6]
8 728 [3]
143 590 [6]
18 721 [0]
8 726 [5]
147 592 [0]
9 728 [2]
7 730 [2]
0 736 [4]
7 731 [2]
11 725 [4]
302 438 [0]
8 729 [3]
4 735 [1]
366 374 [0]
9 731 [0]
2 733 [5]
1 732 [7]
10 730 [0]
1 733 [7]
6 734 [1]
8 730 [3]
14 724 [3]
5 732 [4]
20 719 [2]
109 626 [6]
36 698 [7]
188 549 [5]
4 733 [5]
1 734 [7]
15 721 [6]
8 731 [3]
2 734 [7]
68 675 [0]
16 724 [3]
1 738 [4]
2 736 [5]
1 736 [7]
7 735 [2]
38 702 [4]
10 732 [2]
27 716 [1]
9 735 [0]
9 733 [2]
25 713 [6]
4 736 [5]
8 732 [5]
145 599 [1]
70 668 [7]
6 738 [1]
272 472 [1]
334 411 [0]
318 427 [0]
276 462 [7]
48 691 [6]
0 739 [6]
143 603 [0]
126 613 [7]
14 732 [0]
1 741 [4]
53 693 [0]
8 735 [3]
4 738 [4]
2 737 [7]
33 714 [0]
0 743 [4]
1 739 [7]
1 740 [6]
7 739 [1]
8 736 [3]
9 736 [2]
4 743 [1]
5 739 [4]
42 704 [2]
0 742 [6]
5 738 [5]
13 732 [3]
2 739 [7]
203 539 [7]
10 737 [2]
211 537 [1]
36 707 [6]
7 741 [1]
76 666 [7]
0 745 [4]
357 392 [0]
5 743 [1]
8 738 [3]
4 741 [4]
51 694 [4]
4 740 [6]
6 740 [4]
11 735 [4]
8 737 [5]
93 653 [4]
21 722 [7]
4 745 [1]
149 601 [0]
202 542 [7]
10 739 [2]
85 663 [3]
5 741 [5]
28 723 [0]
341 410 [0]
5 742 [4]
27 724 [0]
5 745 [1]
263 482 [6]
9 743 [0]
12 740 [0]
90 658 [4]
1 747 [4]
9 740 [3]
48 698 [6]
0 748 [4]
343 409 [0]
7 744 [1]
10 740 [2]
79 669 [4]
13 739 [0]
10 741 [2]
10 743 [0]
85 665 [3]
9 741 [3]
2 744 [7]
0 747 [6]
178 570 [5]
56 696 [1]
14 737 [2]
7 746 [1]
28 726 [0]
5 748 [1]
9 745 [0]
4 749 [1]
36 711 [7]
8 741 [5]
10 744 [0]
38 712 [4]
2 748 [5]
2 746 [7]
8 742 [5]
10 745 [0]
80 669 [6]
100 650 [5]
6 748 [1]
0 750 [6]
10 746 [0]
22 734 [0]
45 706 [5]
16 737 [3]
27 726 [3]
9 744 [3]
6 746 [4]
2 749 [5]
4 746 [6]
1 750 [6]
22 729 [6]
0 751 [6]
6 749 [2]
317 440 [0]
4 748 [5]
5 747 [5]
8 747 [3]
3 754 [1]
16 742 [0]
10 748 [0]
9 746 [3]
327 432 [0]
1 751 [7]
10 747 [2]
1 752 [6]
7 749 [3]
2 750 [7]
5 750 [4]
56 702 [1]
9 747 [3]
5 753 [1]
2 751 [7]
109 645 [6]
3 756 [1]
8 749 [3]
6 753 [1]
2 753 [5]
0 754 [6]
27 732 [1]
4 756 [1]
2 752 [7]
22 733 [6]
35 726 [0]
1 753 [7]
23 731 [7]
25 730 [6]
5 752 [4]
2 754 [5]
21 741 [0]
348 414 [0]
119 638 [5]
6 754 [2]
229 533 [0]
4 753 [5]
75 685 [2]
10 750 [2]
1 755 [7]
2 756 [5]
10 753 [0]
3 759 [1]
0 757 [6]
9 754 [0]
5 756 [2]
8 750 [5]
90 670 [4]
76 681 [7]
181 580 [3]
318 441 [5]
6 756 [2]
5 755 [4]
11 749 [4]
8 751 [5]
237 527 [0]
2 755 [7]
140 617 [7]
272 491 [1]
8 753 [3]
28 737 [0]
114 650 [1]
9 756 [0]
0 761 [4]
8 752 [5]
252 513 [0]
38 723 [4]
79 682 [4]
5 757 [4]
21 738 [7]
2 759 [5]
20 744 [2]
5 759 [2]
3 762 [1]
16 750 [0]
0 759 [7]
2 758 [7]
36 725 [6]
343 420 [4]
5 758 [4]
27 737 [3]
377 390 [0]
8 756 [3]
54 713 [0]
16 751 [0]
9 759 [0]
50 716 [2]
20 746 [2]
80 682 [6]
6 761 [1]
8 755 [5]
126 642 [0]
45 719 [5]
0 762 [7]
211 557 [1]
10 757 [2]
2 760 [7]
29 734 [6]
5 762 [2]
2 762 [5]
325 445 [0]
1 762 [7]
8 762 [0]
16 752 [2]
3 766 [1]
1 765 [4]
2 761 [7]
83 688 [0]
14 757 [0]
0 765 [6]
8 758 [5]
4 766 [1]
7 763 [1]
6 764 [1]
39 728 [4]
2 764 [5]
51 714 [6]
49 722 [0]
16 755 [0]
7 762 [3]
39 729 [4]
10 760 [2]
141 626 [5]
2 763 [7]
279 493 [0]
8 761 [3]
1 764 [7]
131 640 [1]
8 760 [5]
4 763 [6]
7 765 [1]
105 661 [7]
2 766 [5]
13 757 [3]
0 767 [6]
10 763 [0]
356 417 [0]
100 669 [5]
230 539 [5]
198 575 [1]
25 743 [6]
103 666 [5]
0 768 [6]
26 741 [7]
294 474 [6]
344 426 [5]
51 718 [6]
0 771 [4]
8 764 [3]
9 764 [2]
1 770 [4]
9 763 [3]
5 765 [5]
8 765 [3]
2 769 [5]
16 758 [2]
25 745 [6]
82 693 [1]
2 767 [7]
0 770 [6]
5 771 [1]
5 768 [4]
2 768 [7]
12 763 [2]
1 769 [7]
1 772 [4]
80 692 [5]
8 766 [3]
10 765 [2]
9 765 [3]
2 771 [5]
4 770 [4]
3 774 [1]
7 770 [1]
4 769 [5]
0 772 [6]
69 709 [0]
4 773 [1]
6 771 [1]
28 750 [1]
353 426 [0]
16 760 [3]
1 771 [7]
56 723 [1]
5 770 [5]
4 771 [5]
5 773 [2]
4 772 [4]
326 454 [0]
28 752 [0]
313 467 [0]
53 726 [1]
7 772 [1]
8 767 [5]
272 508 [0]
9 769 [2]
8 769 [3]
2 773 [5]
5 774 [2]
2 774 [5]
56 724 [1]
23 754 [4]
8 768 [5]
8 770 [3]
385 397 [0]
9 771 [2]
8 774 [0]
27 752 [3]
51 727 [4]
1 774 [7]
9 770 [3]
9 773 [0]
27 755 [1]
16 767 [0]
7 773 [3]
9 774 [0]
206 577 [0]
4 778 [1]
76 700 [7]
22 761 [0]
114 669 [1]
378 406 [0]
173 609 [2]
10 772 [2]
8 773 [3]
1 776 [7]
16 768 [0]
221 560 [3]
34 743 [7]
2 778 [5]
5 776 [4]
5 778 [2]
4 775 [6]
27 757 [1]
8 772 [5]
20 763 [2]
7 775 [4]
6 778 [2]
3 782 [1]
98 685 [3]
126 660 [0]
69 717 [0]
34 745 [7]
2 777 [7]
6 775 [6]
73 709 [5]
4 782 [1]
9 778 [0]
6 777 [4]
6 780 [1]
100 682 [5]
6 779 [2]
27 758 [3]
12 775 [1]
7 780 [1]
263 519 [6]
7 779 [2]
11 773 [4]
10 777 [1]
8 778 [3]
5 782 [2]
103 681 [5]
101 688 [0]
2 782 [5]
28 758 [3]
8 776 [5]
1 781 [7]
6 782 [2]
2 783 [5]
6 783 [1]
2 781 [7]
5 781 [4]
87 702 [1]
8 779 [3]
0 785 [6]
0 787 [4]
115 675 [1]
1 783 [7]
141 645 [5]
13 776 [3]
10 780 [2]
4 783 [5]
16 776 [0]
22 764 [6]
85 704 [3]
9 780 [3]
3 789 [1]
1 785 [7]
2 786 [5]
10 781 [2]
1 788 [4]
75 716 [2]
21 772 [0]
8 782 [3]
281 512 [0]
60 733 [0]
2 784 [7]
6 786 [1]
2 785 [7]
227 567 [0]
6 787 [1]
8 783 [3]
11 779 [4]
1 786 [7]
0 788 [6]
267 522 [5]
9 783 [2]
8 781 [5]
70 717 [7]
27 767 [0]
229 566 [0]
28 767 [0]
4 786 [5]
199 596 [0]
1 787 [7]
151 641 [4]
0 792 [4]
29 761 [6]
33 759 [4]
114 682 [0]
27 768 [1]
36 756 [4]
232 558 [6]
4 788 [4]
0 790 [6]
14 781 [1]
9 784 [3]
3 792 [1]
45 746 [5]
100 692 [5]
6 789 [2]
9 786 [2]
22 769 [6]
20 775 [2]
0 791 [6]
341 457 [0]
5 788 [5]
183 615 [0]
8 787 [3]
8 785 [5]
44 748 [6]
7 789 [2]
4 792 [2]
2 792 [5]
5 792 [2]
10 787 [2]
0 795 [4]
22 771 [6]
50 742 [7]
2 790 [7]
44 753 [2]
20 777 [2]
6 793 [1]
5 791 [4]
2 793 [5]
6 792 [2]
10 788 [2]
4 795 [1]
8 789 [3]
5 795 [1]
8 788 [5]
1 793 [7]
16 785 [0]
0 797 [4]
13 785 [3]
9 792 [0]
4 796 [1]
38 760 [4]
4 797 [1]
2 795 [5]
6 795 [1]
7 794 [1]
0 798 [4]
7 792 [3]
10 790 [2]
50 751 [2]
265 538 [0]
1 795 [7]
0 799 [4]
8 790 [5]
2 796 [5]
5 796 [2]
5 797 [1]
9 793 [2]
8 791 [5]
1 799 [4]
8 793 [3]
192 612 [0]
148 652 [4]
27 776 [1]
6 794 [4]
5 798 [1]
180 618 [6]
2 797 [5]
6 796 [2]
112 686 [7]
10 795 [0]
1 797 [7]
1 800 [4]
86 716 [3]
152 646 [7]
9 796 [0]
3 801 [1]
90 711 [4]
6 798 [1]
6 797 [2]
215 583 [7]
42 761 [2]
2 798 [5]
26 772 [7]
20 784 [2]
9 795 [2]
7 796 [3]
7 797 [2]
1 798 [7]
9 794 [3]
0 800 [6]
53 752 [1]
121 684 [1]
1 802 [4]
16 791 [0]
14 790 [3]
107 694 [6]
364 443 [0]
4 801 [2]
10 797 [0]
400 408 [0]
7 800 [1]
85 720 [3]
21 780 [7]
82 726 [1]
21 788 [0]
5 799 [5]
216 593 [0]
1 801 [7]
38 767 [4]
36 766 [7]
23 779 [7]
22 787 [0]
9 798 [2]
48 756 [6]
189 621 [0]
11 792 [7]
9 801 [0]
5 800 [5]
4 802 [4]
8 799 [3]
103 700 [7]
7 802 [1]
53 758 [0]
11 796 [4]
22 783 [6]
10 799 [2]
7 801 [3]
1 804 [6]
8 800 [3]
7 803 [1]
24 781 [6]
87 724 [1]
0 806 [6]
9 800 [3]
8 801 [3]
93 714 [6]
7 805 [1]
189 623 [1]
155 654 [4]
6 803 [4]
6 802 [5]
27 785 [1]
2 804 [7]
45 763 [5]
281 532 [0]
284 530 [0]
2 805 [7]
1 807 [6]
2 811 [1]
6 804 [4]
130 684 [0]
9 802 [3]
128 679 [7]
10 805 [0]
343 472 [0]
7 804 [4]
4 805 [6]
0 811 [4]
7 807 [1]
105 703 [7]
36 773 [6]
3 811 [1]
2 807 [7]
1 808 [7]
80 731 [5]
20 794 [2]
79 731 [6]
0 810 [6]
69 747 [0]
51 759 [6]
0 812 [4]
6 807 [4]
2 808 [7]
149 661 [7]
147 670 [0]
1 811 [5]
5 808 [4]
98 716 [3]
7 809 [1]
9 805 [3]
3 813 [1]
64 751 [3]
10 806 [2]
179 639 [0]
0 814 [4]
2 809 [7]
36 778 [4]
27 791 [1]
10 809 [0]
5 811 [3]
259 560 [0]
6 809 [4]
6 808 [5]
106 710 [3]
51 762 [6]
9 807 [3]
8 806 [5]
177 636 [6]
6 812 [1]
2 810 [7]
2 812 [5]
10 808 [2]
0 813 [7]
50 768 [2]
216 604 [0]
297 523 [0]
5 813 [2]
1 812 [7]
80 735 [5]
48 766 [6]
9 808 [3]
1 815 [4]
22 793 [6]
4 812 [5]
8 808 [5]
7 811 [3]
6 814 [1]
13 808 [0]
49 770 [2]
267 549 [5]
227 594 [0]
12 807 [2]
109 706 [6]
36 782 [4]
6 815 [1]
10 807 [5]
85 734 [3]
1 817 [4]
43 772 [7]
64 755 [3]
10 812 [0]
22 795 [6]
0 817 [6]
4 815 [4]
4 814 [5]
7 815 [1]
8 810 [5]
8 812 [3]
4 818 [1]
7 813 [3]
6 816 [2]
56 767 [1]
70 747 [7]
5 814 [5]
384 440 [0]
327 497 [0]
20 803 [2]
7 817 [1]
19 801 [5]
7 816 [2]
45 775 [5]
4 820 [1]
0 821 [4]
9 816 [0]
9 814 [2]
1 821 [4]
16 810 [0]
8 815 [3]
10 814 [2]
403 423 [0]
22 798 [6]
1 819 [6]
20 804 [2]
8 816 [3]
14 810 [3]
341 485 [1]
7 818 [2]
344 478 [5]
9 815 [3]
7 819 [1]
10 815 [2]
8 817 [3]
256 565 [7]
50 776 [2]
22 799 [7]
6 821 [1]
0 824 [4]
4 819 [6]
6 819 [4]
7 820 [2]
9 817 [3]
10 817 [2]
1 822 [6]
75 751 [3]
8 818 [3]
9 820 [0]
409 420 [0]
51 774 [4]
1 823 [6]
20 805 [5]
348 482 [0]
2 821 [7]
83 740 [7]
21 802 [7]
4 825 [1]
8 820 [3]
60 771 [0]
2 824 [5]
2 822 [7]
11 816 [4]
32 799 [0]
4 826 [1]
135 696 [0]
10 819 [2]
20 809 [2]
2 823 [7]
48 778 [6]
5 826 [1]
38 790 [4]
309 517 [6]
20 807 [5]
1 824 [7]
8 819 [5]
36 789 [7]
4 823 [6]
359 474 [0]
9 824 [0]
2 826 [5]
257 575 [1]
0 827 [6]
6 823 [4]
7 824 [2]
3 829 [1]
189 643 [1]
22 812 [0]
10 822 [2]
343 491 [0]
28 806 [0]
7 825 [2]
69 765 [0]
9 823 [3]
8 824 [3]
256 572 [7]
2 828 [5]
11 820 [4]
8 822 [5]
82 752 [1]
99 736 [0]
7 826 [2]
6 828 [1]
8 823 [5]
2 827 [7]
1 828 [7]
2 829 [5]
1 831 [4]
0 830 [6]
386 450 [0]
21 815 [0]
10 826 [0]
8 825 [3]
0 831 [6]
8 829 [0]
344 488 [5]
4 828 [5]
1 829 [7]
27 810 [0]
8 826 [3]
0 832 [6]
68 770 [0]
9 829 [0]
36 796 [6]
28 810 [1]
7 831 [1]
4 834 [1]
2 830 [7]
8 828 [3]
9 828 [2]
356 480 [4]
0 836 [4]
107 727 [6]
76 757 [7]
100 735 [5]
6 833 [1]
353 488 [0]
3 837 [1]
197 644 [0]
16 822 [3]
227 614 [0]
82 758 [1]
41 799 [1]
0 835 [6]
4 833 [5]
137 705 [0]
22 814 [6]
129 712 [1]
0 838 [4]
298 544 [0]
105 730 [7]
64 776 [3]
16 827 [0]
1 835 [7]
98 742 [3]
50 791 [2]
5 833 [5]
7 834 [2]
6 836 [1]
8 830 [5]
158 685 [0]
10 831 [2]
48 789 [6]
2 835 [7]
361 483 [0]
5 835 [4]
14 827 [3]
5 837 [2]
94 748 [2]
322 517 [5]
0 840 [4]
10 832 [2]
8 833 [3]
0 837 [7]
2 837 [5]
388 456 [0]
8 837 [0]
8 832 [5]
6 838 [1]
8 834 [3]
10 833 [2]
347 498 [0]
201 644 [0]
147 698 [0]
2 836 [7]
9 833 [3]
294 545 [6]
56 790 [0]
16 830 [0]
3 842 [1]
33 813 [0]
23 816 [7]
1 838 [7]
7 837 [3]
4 838 [5]
102 742 [3]
14 830 [3]
171 676 [0]
0 843 [4]
8 835 [5]
38 806 [4]
16 832 [0]
2 839 [7]
1 840 [7]
5 838 [5]
3 844 [1]
5 843 [1]
14 832 [3]
5 842 [2]
9 838 [2]
6 839 [4]
7 841 [1]
49 800 [0]
4 840 [5]
2 842 [5]
85 761 [3]
94 753 [2]
69 780 [0]
2 843 [5]
5 841 [4]
196 652 [2]
33 811 [6]
28 822 [0]
166 684 [0]
200 651 [0]
2 844 [5]
343 508 [0]
9 840 [2]
13 835 [3]
9 842 [0]
4 841 [6]
16 835 [0]
27 822 [3]
141 706 [5]
1 844 [7]
8 844 [0]
7 843 [2]
39 814 [0]
0 847 [6]
10 841 [2]
9 844 [0]
10 843 [0]
8 841 [5]
172 682 [0]
27 827 [0]
6 846 [2]
2 845 [7]
9 846 [0]
45 805 [5]
7 846 [2]
12 841 [2]
1 850 [4]
1 848 [6]
25 824 [6]
21 831 [3]
23 825 [7]
22 828 [6]
6 849 [1]
28 827 [1]
151 701 [4]
421 435 [0]
149 703 [4]
0 850 [6]
7 848 [1]
8 846 [3]
6 850 [1]
1 849 [7]
86 768 [3]
0 853 [4]
27 830 [0]
73 780 [4]
10 845 [2]
25 826 [6]
147 711 [0]
4 848 [6]
35 822 [1]
6 848 [4]
60 798 [0]
4 849 [5]
8 845 [5]
7 850 [1]
22 836 [0]
137 721 [0]
4 850 [4]
128 723 [7]
27 832 [0]
0 855 [4]
7 851 [1]
5 849 [5]
233 626 [0]
10 849 [0]
93 762 [4]
109 744 [6]
1 854 [4]
0 854 [6]
10 848 [2]
295 562 [3]
9 849 [2]
90 766 [4]
9 848 [3]
5 850 [5]
12 848 [0]
347 506 [7]
11 846 [4]
121 740 [0]
4 851 [6]
109 746 [6]
6 851 [4]
1 856 [4]
20 839 [2]
2 852 [7]
8 850 [3]
104 755 [2]
21 833 [7]
4 852 [6]
4 854 [4]
4 857 [1]
7 854 [1]
341 514 [7]
2 855 [5]
6 856 [1]
16 847 [0]
10 851 [2]
13 847 [3]
99 764 [0]
56 806 [1]
5 853 [5]
4 855 [5]
0 860 [4]
5 857 [2]
8 853 [3]
16 845 [3]
6 852 [6]
9 852 [3]
79 779 [6]
5 854 [5]
2 857 [5]
8 851 [5]
0 859 [6]
12 852 [1]
4 856 [5]
211 648 [6]
263 596 [6]
265 598 [2]
6 857 [2]
80 779 [6]
10 854 [2]
22 838 [6]
198 667 [1]
7 858 [1]
9 855 [2]
5 856 [5]
245 618 [3]
7 857 [3]
2 858 [7]
0 861 [6]
8 856 [3]
305 556 [6]
356 507 [4]
56 810 [1]
410 457 [0]
294 573 [0]
2 860 [5]
348 519 [0]
10 858 [0]
6 858 [4]
51 811 [6]
99 769 [0]
4 863 [1]
427 441 [0]
22 840 [6]
2 859 [7]
6 860 [2]
68 800 [0]
2 862 [4]
260 607 [2]
164 701 [4]
75 791 [3]
38 827 [4]
98 768 [3]
7 860 [3]
51 813 [6]
47 823 [0]
5 861 [4]
159 711 [0]
1 862 [7]
181 686 [4]
0 865 [6]
21 850 [0]
302 569 [0]
29 836 [6]
5 862 [4]
281 587 [3]
8 860 [3]
7 863 [2]
209 663 [0]
11 857 [4]
8 859 [5]
6 862 [5]
2 864 [7]
344 524 [5]
294 579 [0]
28 845 [0]
1 866 [6]
38 832 [4]
10 862 [2]
43 831 [0]
2 865 [7]
25 843 [6]
8 863 [3]
7 866 [1]
20 852 [2]
1 867 [6]
9 862 [3]
8 861 [5]
22 853 [0]
350 525 [0]
8 862 [5]
7 867 [1]
27 845 [3]
27 847 [1]
6 866 [4]
4 868 [4]
1 868 [7]
14 859 [3]
53 822 [1]
23 846 [7]
5 867 [4]
2 867 [7]
4 866 [6]
7 868 [1]
10 864 [2]
8 864 [5]
293 584 [0]
4 867 [6]
4 872 [1]
10 866 [1]
10 865 [2]
1 869 [7]
211 665 [1]
39 838 [0]
16 861 [0]
15 862 [0]
1 870 [6]
325 546 [7]
311 567 [0]
109 763 [6]
21 854 [3]
87 790 [1]
7 870 [1]
8 865 [5]
12 866 [0]
16 859 [3]
407 471 [0]
2 869 [7]
88 786 [4]
2 872 [5]
33 842 [4]
5 872 [2]
6 868 [5]
357 522 [0]
0 874 [6]
4 870 [6]
9 868 [3]
6 870 [4]
7 871 [2]
8 867 [5]
86 791 [3]
14 864 [2]
344 531 [5]
9 871 [0]
6 872 [2]
35 845 [1]
12 867 [2]
197 678 [6]
409 472 [0]
10 869 [2]
8 868 [5]
0 876 [6]
7 874 [1]
7 872 [3]
8 871 [3]
1 875 [6]
277 605 [0]
9 870 [3]
8 869 [5]
0 878 [4]
2 873 [7]
1 876 [6]
7 875 [1]
297 581 [5]
8 872 [3]
16 864 [3]
22 855 [6]
233 645 [5]
8 870 [5]
0 877 [6]
56 827 [1]
5 875 [4]
12 870 [2]
100 779 [5]
14 869 [1]
51 829 [4]
34 843 [7]
16 865 [3]
22 856 [7]
2 876 [7]
6 875 [4]
3 881 [1]
29 856 [0]
0 881 [4]
10 873 [2]
6 878 [1]
1 878 [7]
8 873 [5]
106 777 [3]
2 877 [7]
69 817 [0]
10 874 [2]
1 879 [6]
9 874 [3]
45 839 [3]
4 881 [2]
12 875 [0]
107 774 [6]
7 879 [1]
56 830 [1]
10 875 [2]
9 875 [3]
11 872 [4]
8 875 [5]
7 880 [1]
337 551 [0]
29 853 [6]
2 881 [5]
10 876 [2]
18 868 [2]
20 866 [2]
190 692 [6]
0 882 [6]
8 878 [3]
6 881 [2]
27 861 [1]
56 832 [1]
10 877 [2]
9 877 [3]
8 876 [5]
4 884 [1]
4 879 [6]
6 879 [4]
15 868 [6]
203 680 [7]
305 585 [0]
1 883 [6]
8 877 [5]
129 760 [1]
141 744 [5]
2 884 [5]
7 883 [1]
14 877 [0]
0 885 [6]
9 879 [3]
99 793 [0]
30 862 [0]
5 883 [4]
16 876 [0]
27 865 [0]
16 873 [3]
51 837 [4]
28 864 [0]
0 886 [6]
2 883 [7]
8 879 [5]
4 888 [1]
429 464 [0]
13 877 [3]
7 884 [2]
14 876 [3]
358 535 [0]
23 863 [7]
6 883 [4]
4 883 [6]
178 710 [5]
16 877 [1]
5 885 [4]
114 779 [1]
89 801 [4]
27 864 [3]
2 885 [7]
32 856 [6]
10 882 [2]
9 884 [2]
8 882 [5]
73 817 [5]
39 849 [7]
410 485 [1]
6 888 [2]
8 883 [5]
1 889 [7]
12 883 [2]
43 854 [0]
7 889 [1]
42 853 [2]
9 888 [0]
4 889 [4]
7 888 [2]
8 885 [5]
0 892 [6]
350 548 [0]
0 894 [4]
198 699 [1]
49 850 [0]
11 881 [7]
2 890 [7]
8 888 [3]
51 844 [4]
297 597 [5]
157 739 [3]
24 869 [6]
4 894 [1]
8 886 [5]
50 847 [2]
1 891 [7]
51 842 [6]
109 784 [6]
53 845 [1]
0 893 [6]
36 857 [6]
10 887 [2]
60 840 [0]
2 891 [7]
4 895 [1]
45 852 [3]
5 891 [4]
0 896 [4]
6 889 [5]
22 878 [0]
219 677 [4]
1 893 [7]
38 859 [4]
16 885 [0]
23 871 [7]
3 897 [1]
2 894 [5]
79 816 [6]
31 867 [3]
28 873 [0]
79 818 [4]
13 885 [3]
8 889 [5]
21 874 [7]
6 894 [2]
20 880 [2]
80 816 [6]
95 801 [6]
6 891 [5]
5 896 [1]
11 888 [4]
2 896 [5]
10 891 [2]
9 891 [3]
27 873 [3]
136 767 [0]
14 886 [3]
8 890 [5]
359 545 [0]
13 891 [0]
2 897 [5]
14 887 [3]
10 892 [2]
5 897 [2]
7 894 [3]
8 891 [5]
0 897 [7]
7 895 [2]
27 876 [1]
1 896 [7]
122 783 [0]
1 898 [6]
192 713 [0]
28 876 [1]
1 897 [7]
80 820 [5]
10 896 [0]
8 893 [5]
8 895 [3]
16 887 [3]
7 898 [1]
0 901 [6]
8 896 [3]
2 898 [7]
38 865 [4]
212 695 [0]
14 890 [3]
7 899 [1]
1 900 [7]
281 624 [3]
0 902 [6]
6 898 [4]
122 786 [0]
79 825 [4]
5 899 [4]
25 884 [0]
1 901 [7]
109 794 [6]
35 873 [1]
14 892 [3]
18 889 [2]
0 903 [6]
16 893 [0]
16 890 [3]
4 900 [5]
93 813 [4]
0 904 [6]
330 580 [0]
106 804 [0]
28 882 [0]
6 899 [5]
5 900 [5]
9 898 [3]
215 688 [7]
10 900 [0]
9 900 [2]
292 619 [0]
9 899 [3]
8 900 [3]
1 903 [7]
2 902 [7]
1 904 [6]
50 861 [0]
10 899 [2]
222 686 [3]
253 658 [0]
2 903 [7]
357 549 [6]
2 905 [5]
3 908 [1]
5 903 [4]
8 899 [5]
6 905 [1]
12 898 [2]
27 885 [1]
10 901 [2]
1 905 [7]
147 766 [0]
5 904 [4]
209 704 [0]
9 901 [3]
10 898 [5]
31 883 [0]
4 906 [4]
36 872 [6]
27 886 [1]
6 907 [1]
1 906 [7]
7 906 [1]
276 631 [7]
371 543 [0]
64 847 [3]
8 901 [5]
426 488 [0]
2 908 [5]
14 901 [0]
60 855 [0]
13 901 [1]
0 908 [7]
28 886 [1]
7 907 [1]
5 908 [2]
8 902 [5]
10 903 [2]
266 650 [0]
8 903 [5]
8 905 [3]
319 594 [3]
45 866 [5]
1 909 [7]
8 904 [5]
0 913 [4]
3 913 [1]
79 834 [4]
47 870 [0]
14 903 [0]
40 877 [0]
9 908 [0]
5 911 [1]
100 818 [0]
9 904 [5]
5 909 [4]
2 909 [7]
6 911 [1]
2 911 [5]
0 914 [4]
109 803 [6]
9 907 [3]
1 911 [7]
6 912 [1]
2 910 [7]
177 736 [6]
4 913 [2]
2 912 [5]
8 906 [5]
109 805 [6]
309 609 [2]
2 913 [5]
15 899 [6]
129 790 [1]
4 910 [6]
229 685 [6]
2 915 [4]
27 893 [1]
2 914 [5]
17 904 [0]
16 902 [3]
7 910 [4]
1 916 [4]
6 914 [1]
9 911 [2]
10 912 [0]
1 914 [7]
9 913 [0]
6 910 [6]
8 911 [3]
0 916 [6]
1 917 [4]
7 915 [1]
1 915 [7]
16 904 [3]
9 912 [2]
20 898 [5]
7 913 [3]
8 912 [3]
12 910 [1]
109 809 [6]
38 882 [4]
83 841 [0]
5 914 [5]
4 916 [4]
85 836 [3]
10 914 [0]
5 915 [4]
24 901 [0]
436 489 [0]
4 917 [4]
14 904 [7]
1 918 [6]
7 917 [1]
291 634 [0]
8 914 [3]
100 820 [5]
34 884 [7]
16 909 [0]
119 804 [3]
3 922 [1]
2 920 [4]
6 919 [1]
7 918 [1]
1 921 [4]
18 906 [2]
5 917 [5]
25 896 [6]
1 919 [7]
10 915 [2]
53 873 [1]
9 915 [3]
199 722 [6]
191 736 [0]
2 918 [7]
8 916 [3]
259 662 [7]
8 915 [5]
2 919 [7]
6 917 [5]
385 539 [4]
1 923 [4]
38 886 [4]
4 920 [4]
7 920 [1]
4 918 [6]
22 900 [6]
432 497 [0]
0 922 [7]
0 923 [6]
7 921 [1]
38 887 [4]
30 899 [0]
4 924 [1]
5 920 [4]
9 917 [3]
4 921 [4]
5 922 [2]
2 922 [5]
100 825 [4]
27 903 [0]
141 784 [5]
444 486 [0]
6 923 [1]
276 647 [7]
8 922 [0]
454 476 [0]
0 926 [4]
33 897 [0]
79 846 [6]
5 921 [5]
7 923 [1]
6 920 [5]
8 918 [5]
410 514 [7]
174 754 [3]
190 735 [6]
114 816 [1]
10 920 [2]
7 922 [3]
9 920 [3]
0 928 [4]
12 918 [2]
20 910 [2]
38 890 [4]
7 924 [2]
6 926 [1]
22 905 [6]
92 838 [3]
10 921 [2]
247 686 [0]
8 920 [5]
5 923 [5]
5 925 [4]
8 921 [5]
5 928 [1]
93 837 [4]
38 892 [4]
2 925 [7]
8 923 [3]
100 834 [0]
21 907 [7]
8 924 [3]
15 920 [0]
2 928 [5]
7 927 [1]
6 928 [1]
9 923 [3]
1 927 [7]
397 539 [0]
322 609 [5]
113 818 [5]
22 914 [0]
0 930 [6]
1 931 [4]
283 646 [7]
8 926 [3]
1 930 [6]
27 909 [1]
4 928 [5]
211 720 [6]
266 669 [2]
1 929 [7]
113 825 [0]
6 931 [1]
0 932 [6]
105 826 [7]
3 934 [1]
10 926 [2]
4 929 [5]
83 848 [7]
10 928 [0]
19 913 [6]
6 927 [5]
39 900 [0]
2 930 [7]
5 930 [4]
0 933 [6]
5 929 [5]
7 931 [1]
9 927 [3]
8 927 [5]
9 929 [2]
327 613 [0]
8 929 [3]
22 912 [6]
141 794 [5]
7 932 [1]
1 936 [4]
16 925 [0]
5 931 [5]
128 806 [7]
85 853 [3]
2 934 [5]
288 653 [0]
5 934 [2]
455 487 [0]
107 829 [6]
1 934 [7]
5 932 [5]
0 936 [6]
21 921 [0]
256 679 [7]
8 934 [0]
8 930 [5]
91 847 [5]
10 931 [2]
9 931 [3]
232 705 [6]
1 935 [7]
69 874 [0]
179 764 [0]
56 886 [1]
6 936 [1]
209 734 [0]
56 887 [0]
38 902 [4]
21 916 [7]
7 934 [3]
5 935 [4]
10 932 [2]
7 936 [1]
21 917 [7]
0 939 [6]
8 932 [5]
50 893 [2]
453 492 [0]
16 930 [0]
2 943 [1]
79 863 [4]
5 936 [5]
121 819 [7]
17 930 [0]
5 938 [4]
4 937 [6]
0 943 [4]
0 941 [6]
2 940 [5]
6 940 [1]
3 943 [1]
18 927 [2]
45 898 [5]
8 935 [5]
7 937 [4]
10 936 [2]
9 936 [3]
1 940 [7]
3 944 [1]
2 939 [7]
189 758 [1]
141 803 [5]
56 892 [1]
29 914 [6]
101 841 [7]
66 878 [5]
4 944 [1]
6 937 [6]
31 918 [0]
130 819 [0]
344 600 [5]
54 896 [0]
56 890 [4]
10 938 [2]
12 937 [1]
1 942 [7]
2 941 [7]
4 942 [4]
14 933 [3]
1 945 [4]
7 942 [1]
97 849 [4]
9 940 [2]
100 846 [5]
73 874 [4]
8 938 [5]
2 944 [5]
10 939 [2]
3 947 [1]
0 945 [6]
8 939 [5]
0 946 [6]
9 943 [0]
105 843 [4]
6 944 [2]
179 769 [4]
256 696 [0]
6 946 [1]
433 520 [0]
14 938 [1]
6 942 [5]
87 865 [1]
27 925 [1]
3 949 [1]
7 944 [2]
383 570 [0]
7 943 [3]
29 919 [6]
10 942 [2]
109 839 [6]
26 921 [7]
8 941 [5]
7 946 [1]
9 942 [3]
4 945 [5]
0 948 [6]
51 897 [6]
4 949 [2]
22 926 [7]
141 809 [5]
8 942 [5]
3 951 [1]
5 945 [5]
29 926 [0]
14 939 [3]
21 932 [3]
8 945 [3]
79 871 [6]
7 947 [2]
5 946 [5]
9 947 [0]
0 950 [6]
9 945 [2]
4 951 [1]
6 949 [2]
8 946 [3]
80 871 [6]
2 948 [7]
107 844 [6]
1 949 [7]
5 948 [4]
10 945 [2]
22 929 [6]
16 939 [3]
8 947 [3]
3 954 [1]
2 951 [5]
477 481 [0]
9 946 [3]
10 946 [2]
0 952 [6]
6 951 [2]
7 949 [3]
2 950 [7]
20 937 [2]
0 955 [4]
33 922 [4]
8 949 [3]
1 953 [6]
4 954 [2]
64 893 [3]
27 933 [0]
3 956 [1]
178 777 [5]
7 953 [1]
114 846 [1]
4 956 [1]
6 955 [1]
1 954 [7]
8 951 [3]
10 950 [2]
6 954 [2]
28 933 [1]
1 955 [7]
15 942 [6]
8 950 [5]
9 954 [0]
318 645 [0]
27 935 [1]
2 956 [5]
59 904 [0]
176 785 [2]
4 953 [6]
7 954 [3]
111 849 [4]
6 956 [2]
2 955 [7]
16 948 [0]
355 606 [3]
32 926 [6]
4 960 [1]
98 861 [6]
8 954 [3]
2 958 [5]
8 952 [5]
0 961 [4]
6 958 [1]
51 908 [6]
10 953 [2]
0 959 [6]
83 875 [7]
7 957 [1]
9 953 [3]
421 540 [5]
8 953 [5]
27 939 [0]
21 945 [0]
102 861 [3]
461 505 [0]
372 594 [0]
1 959 [7]
7 959 [1]
49 916 [2]
8 956 [3]
14 950 [3]
6 957 [4]
403 562 [3]
16 952 [0]
22 940 [6]
24 938 [6]
2 959 [7]
10 958 [0]
6 961 [1]
14 952 [3]
227 742 [0]
7 960 [2]
9 958 [2]
83 879 [7]
255 707 [7]
8 958 [3]
27 941 [1]
1 962 [6]
9 957 [3]
121 848 [0]
9 960 [0]
1 961 [7]
100 863 [6]
2 963 [4]
16 950 [3]
5 964 [1]
2 961 [7]
332 638 [0]
7 962 [1]
165 804 [1]
6 959 [5]
185 780 [5]
8 962 [1]
7 963 [1]
347 617 [7]
84 884 [3]
75 893 [3]
171 799 [1]
0 965 [6]
9 959 [3]
2 962 [7]
10 959 [2]
6 964 [1]
2 964 [5]
4 963 [4]
366 604 [1]
284 687 [0]
8 960 [3]
13 959 [0]
8 959 [5]
6 962 [4]
4 962 [6]
5 963 [4]
1 964 [7]
109 858 [6]
79 888 [6]
268 705 [0]
80 888 [5]
2 966 [5]
19 949 [5]
5 966 [2]
433 534 [7]
5 965 [4]
6 966 [2]
282 692 [0]
87 887 [0]
2 965 [7]
9 962 [3]
344 625 [5]
1 967 [6]
9 964 [2]
38 933 [4]
106 866 [3]
8 964 [3]
43 932 [0]
9 963 [3]
4 968 [4]
12 962 [2]
7 968 [1]
1 969 [6]
8 963 [5]
69 907 [0]
100 871 [5]
386 590 [0]
27 948 [1]
1 968 [7]
64 909 [3]
345 631 [0]
7 966 [3]
8 966 [3]
6 967 [4]
50 925 [2]
4 967 [6]
233 744 [0]
7 969 [1]
154 821 [2]
4 973 [1]
7 970 [1]
221 754 [3]
374 604 [0]
211 761 [6]
44 928 [6]
1 970 [7]
2 969 [7]
151 823 [4]
4 970 [4]
5 973 [1]
6 969 [4]
12 967 [0]
6 968 [5]
344 630 [5]
9 967 [3]
121 851 [7]
149 826 [4]
10 967 [2]
20 957 [2]
27 952 [0]
9 968 [3]
324 656 [0]
2 973 [5]
2 971 [7]
10 968 [2]
61 917 [2]
433 541 [6]
16 965 [0]
11 966 [4]
2 972 [7]
113 863 [5]
8 968 [5]
6 970 [5]
14 965 [3]
7 973 [2]
4 972 [6]
0 976 [6]
15 968 [0]
7 972 [4]
0 977 [6]
10 973 [0]
7 975 [1]
12 969 [2]
2 974 [7]
8 971 [5]
8 973 [3]
272 712 [0]
2 975 [7]
73 907 [4]
68 916 [0]
15 963 [6]
6 972 [6]
10 969 [5]
10 975 [0]
6 975 [4]
423 562 [0]
166 819 [0]
310 675 [0]
12 972 [1]
1 979 [6]
22 958 [6]
238 743 [5]
114 871 [1]
1 978 [7]
0 980 [6]
2 977 [7]
18 968 [0]
10 974 [2]
256 723 [7]
173 811 [2]
45 937 [5]
8 974 [5]
50 935 [2]
255 725 [7]
1 982 [4]
9 975 [3]
16 971 [0]
0 981 [6]
36 947 [4]
5 978 [4]
238 745 [5]
14 971 [3]
200 782 [6]
2 979 [7]
379 609 [0]
5 979 [4]
130 851 [7]
10 977 [2]
2 983 [4]
2 980 [7]
51 934 [4]
6 982 [1]
129 859 [1]
4 984 [1]
386 603 [0]
5 981 [4]
5 984 [1]
2 981 [7]
18 970 [2]
23 960 [7]
197 787 [6]
14 974 [3]
1 983 [7]
4 982 [5]
2 984 [5]
263 722 [6]
0 985 [6]
7 983 [1]
8 978 [5]
13 976 [3]
10 980 [2]
5 983 [4]
4 987 [1]
38 950 [4]
69 923 [0]
8 979 [5]
5 982 [5]
16 976 [0]
5 987 [1]
27 965 [1]
7 985 [1]
4 988 [1]
16 974 [3]
50 941 [2]
8 980 [5]
327 660 [6]
126 860 [7]
8 982 [3]
7 984 [2]
201 787 [6]
8 981 [5]
20 972 [2]
2 987 [5]
16 978 [0]
317 677 [0]
38 952 [4]
36 951 [7]
479 515 [0]
93 897 [4]
14 977 [3]
20 969 [5]
28 965 [1]
382 612 [0]
5 986 [4]
5 985 [5]
396 599 [0]
2 986 [7]
109 880 [6]
0 991 [4]
100 895 [0]
8 984 [3]
9 981 [5]
9 983 [3]
8 983 [5]
3 992 [1]
29 961 [6]
16 977 [3]
7 987 [2]
56 939 [1]
9 988 [0]
7 989 [1]
7 988 [2]
5 991 [1]
6 990 [1]
16 981 [0]
20 975 [2]
16 979 [2]
14 980 [3]
10 987 [0]
10 985 [2]
203 788 [7]
48 944 [6]
186 810 [2]
277 719 [2]
6 991 [1]
10 986 [2]
0 994 [4]
2 989 [7]
27 971 [0]
1 991 [7]
17 981 [1]
181 814 [4]
356 639 [4]
0 993 [6]
36 956 [7]
88 911 [0]
4 994 [1]
4 990 [5]
5 992 [2]
8 988 [3]
50 948 [2]
8 992 [0]
5 990 [5]
28 971 [1]
69 931 [0]
121 879 [0]
10 989 [1]
51 943 [6]
48 947 [5]
305 696 [0]
10 991 [0]
296 705 [0]
199 802 [0]
10 990 [2]
64 935 [3]
1 995 [6]
7 992 [3]
8 991 [3]
75 925 [2]
407 591 [4]
14 981 [7]
7 995 [1]
9 994 [0]
11 988 [4]
10 994 [0]
0 998 [6]
85 919 [0]
99 905 [0]
15 983 [6]
5 995 [4]
27 976 [1]
141 858 [5]
27 977 [0]
25 973 [6]
16 986 [2]
91 909 [5]
5 999 [1]
494 511 [0]
7 997 [1]
6 995 [4]
132 874 [0]
5 996 [5]
27 978 [1]
8 993 [5]
2 997 [7]
5 997 [4]
38 965 [4]
126 881 [0]
6 997 [4]
9 995 [3]
12 995 [0]
4 997 [6]
438 569 [0]
4 999 [5]
8 995 [5]
10 996 [2]
55 947 [6]
317 691 [0]
36 966 [6]
478 531 [0]
130 879 [0]
27 979 [3]
56 952 [1]
21 985 [3]
8 997 [5]
195 815 [0]
14 993 [3]
8 999 [3]
9 999 [2]
12 997 [2]
255 749 [7]
8 998 [5]
20 989 [2]
179 828 [4]
188 818 [5]
502 509 [0]
75 935 [3]
324 689 [0]
38 971 [4]
35 979 [0]
28 986 [0]
86 925 [3]
34 973 [7]
25 984 [6]
14 998 [3]
186 827 [2]
344 666 [5]
38 974 [4]
27 986 [3]
128 882 [7]
233 784 [0]
186 830 [2]
22 990 [6]
75 941 [2]
25 987 [6]
264 755 [0]
129 890 [0]
474 545 [0]
131 887 [1]
22 991 [6]
216 796 [7]
38 977 [4]
297 718 [5]
128 892 [1]
282 735 [4]
161 861 [0]
291 731 [0]
129 887 [6]
35 986 [1]
290 732 [0]
131 890 [1]
28 993 [1]
38 980 [4]
341 674 [7]
45 972 [5]
70 946 [7]
166 851 [7]
135 882 [7]
100 924 [0]
94 928 [2]
477 547 [0]
22 996 [6]
25 994 [6]
27 998 [0]
75 948 [2]
410 608 [7]
141 880 [5]
424 602 [0]
98 925 [3]
137 889 [0]
28 998 [1]
22 999 [6]
188 834 [5]
126 894 [7]
233 794 [0]
87 939 [1]
56 971 [1]
439 589 [0]
481 547 [0]
43 985 [0]
50 976 [2]
31 997 [0]
33 992 [4]
39 990 [0]
344 681 [5]
97 929 [4]
56 974 [0]
272 760 [0]
129 902 [1]
115 916 [1]
122 911 [0]
39 991 [4]
39 996 [0]
38 993 [4]
340 695 [0]
34 994 [7]
56 980 [0]
233 803 [0]
113 924 [0]
87 950 [1]
294 738 [6]
39 999 [0]
99 940 [0]
450 590 [0]
53 986 [1]
203 831 [7]
424 610 [7]
98 941 [3]
89 949 [4]
233 809 [0]
137 906 [0]
79 960 [4]
83 953 [7]
64 976 [3]
104 935 [6]
209 836 [0]
90 951 [4]
117 922 [7]
85 961 [0]
463 583 [0]
107 934 [6]
89 954 [4]
98 948 [3]
304 745 [0]
127 919 [3]
442 607 [0]
51 992 [6]
56 993 [1]
204 847 [1]
350 697 [6]
56 998 [1]
277 775 [3]
95 954 [6]
417 639 [0]
353 700 [3]
450 603 [3]
75 978 [3]
83 967 [7]
384 677 [0]
82 979 [1]
471 591 [0]
215 841 [7]
176 885 [2]
281 783 [0]
137 927 [0]
185 874 [5]
148 912 [4]
211 853 [1]
87 977 [1]
86 978 [3]
281 786 [0]
152 912 [4]
87 980 [1]
184 884 [1]
256 806 [7]
363 707 [0]
377 693 [0]
263 802 [6]
427 645 [0]
109 957 [6]
216 857 [0]
80 988 [5]
150 923 [0]
525 548 [0]
121 953 [0]
243 832 [0]
145 929 [1]
534 541 [0]
154 919 [3]
233 839 [5]
113 960 [5]
248 831 [0]
137 942 [0]
384 691 [5]
139 941 [0]
197 878 [6]
143 938 [0]
130 953 [0]
190 888 [6]
231 853 [0]
201 878 [5]
83 995 [7]
299 785 [2]
125 962 [0]
139 948 [0]
192 896 [0]
179 905 [4]
230 854 [4]
410 674 [4]
188 895 [6]
267 818 [5]
109 975 [6]
147 944 [0]
233 858 [0]
275 817 [0]
122 964 [6]
100 988 [5]
361 727 [5]
383 710 [0]
485 608 [0]
216 872 [7]
469 626 [0]
382 713 [0]
105 984 [7]
359 738 [0]
185 907 [5]
444 652 [2]
147 951 [0]
133 965 [0]
533 566 [0]
105 987 [7]
158 941 [0]
97 999 [4]
318 784 [0]
141 957 [5]
343 760 [0]
147 956 [0]
129 974 [1]
354 750 [0]
109 989 [6]
367 738 [0]
112 990 [3]
344 757 [5]
232 868 [6]
131 974 [1]
317 789 [0]
267 834 [6]
137 970 [0]
282 820 [7]
148 958 [4]
129 980 [1]
154 955 [2]
318 794 [0]
233 880 [0]
213 899 [3]
225 890 [0]
112 996 [7]
117 992 [7]
188 924 [5]
378 739 [1]
325 791 [2]
295 821 [3]
255 857 [7]
141 975 [5]
186 933 [2]
318 803 [0]
536 588 [0]
407 714 [4]
149 973 [4]
232 889 [6]
198 930 [1]
272 859 [0]
277 852 [3]
180 947 [6]
141 989 [5]
393 743 [0]
299 835 [2]
149 984 [4]
565 572 [0]
287 843 [7]
486 652 [0]
266 871 [2]
361 774 [5]
149 987 [4]
297 842 [3]
203 932 [7]
202 933 [7]
232 906 [6]
145 999 [1]
256 882 [7]
183 963 [0]
536 611 [0]
556 585 [6]
324 824 [0]
167 976 [5]
348 802 [0]
463 688 [1]
265 886 [2]
356 793 [4]
532 624 [0]
318 839 [0]
431 726 [0]
495 663 [0]
503 655 [0]
351 812 [0]
383 777 [5]
232 927 [6]
183 983 [0]
267 895 [6]
206 964 [0]
386 781 [3]
371 797 [3]
543 628 [0]
500 672 [0]
181 990 [4]
272 902 [1]
536 633 [7]
334 839 [5]
581 597 [0]
181 996 [3]
186 993 [2]
357 818 [6]
437 744 [0]
458 725 [0]
250 932 [1]
190 988 [6]
299 885 [2]
236 950 [0]
186 998 [2]
327 860 [0]
528 659 [0]
357 825 [6]
356 828 [4]
241 944 [3]
277 910 [3]
524 666 [0]
359 833 [0]
290 903 [0]
268 927 [0]
361 829 [5]
267 924 [5]
305 892 [0]
357 834 [6]
258 933 [7]
318 880 [0]
588 611 [0]
412 788 [0]
343 859 [0]
202 993 [7]
243 952 [7]
458 749 [0]
202 998 [7]
292 915 [0]
233 975 [0]
327 881 [0]
232 970 [6]
297 908 [4]
483 727 [0]
280 926 [5]
528 683 [0]
427 784 [0]
459 754 [0]
236 977 [0]
276 931 [7]
295 919 [3]
530 687 [0]
553 664 [0]
277 937 [3]
230 985 [3]
276 936 [7]
255 966 [0]
327 894 [0]
222 996 [3]
557 665 [0]
560 662 [0]
278 944 [0]
233 989 [0]
358 865 [0]
407 813 [4]
403 821 [0]
533 685 [6]
389 835 [0]
600 625 [0]
427 794 [4]
588 633 [7]
586 642 [0]
600 630 [0]
452 780 [0]
450 781 [3]
427 803 [4]
238 994 [2]
500 733 [3]
525 708 [6]
294 945 [0]
503 737 [0]
478 757 [7]
611 633 [0]
423 821 [0]
480 764 [0]
247 996 [1]
343 902 [0]
565 679 [3]
277 972 [0]
323 926 [0]
411 839 [0]
566 685 [0]
352 900 [0]
284 969 [0]
295 955 [3]
548 708 [0]
258 993 [5]
346 911 [0]
309 943 [5]
386 869 [3]
357 895 [6]
295 961 [3]
355 901 [4]
333 929 [0]
601 661 [0]
621 643 [0]
356 905 [4]
508 760 [0]
350 913 [6]
322 943 [5]
292 983 [0]
318 957 [0]
391 884 [0]
507 769 [0]
473 804 [0]
480 793 [4]
557 720 [0]
570 710 [0]
469 809 [2]
294 982 [6]
336 949 [0]
357 924 [6]
421 863 [5]
342 951 [0]
313 976 [5]
465 831 [0]
550 748 [0]
432 860 [6]
361 934 [3]
356 940 [4]
581 718 [3]
342 956 [6]
325 978 [2]
601 703 [4]
407 897 [4]
395 916 [0]
474 833 [4]
401 912 [0]
427 880 [7]
597 718 [0]
532 786 [0]
596 722 [0]
464 856 [0]
330 990 [1]
450 869 [3]
386 938 [0]
605 719 [0]
403 919 [5]
363 966 [0]
469 858 [2]
582 747 [0]
432 894 [6]
399 933 [0]
601 730 [1]
341 992 [7]
530 807 [4]
359 982 [0]
659 683 [0]
581 759 [3]
500 840 [3]
522 825 [0]
582 765 [1]
367 982 [2]
570 777 [5]
578 778 [0]
614 742 [0]
616 740 [0]
497 860 [0]
442 909 [6]
500 855 [3]
592 766 [0]
403 955 [0]
452 907 [0]
597 759 [3]
377 979 [4]
438 917 [6]
661 703 [0]
593 773 [0]
401 958 [7]
677 691 [0]
521 847 [0]
405 964 [0]
403 961 [5]
595 776 [0]
385 985 [4]
477 893 [7]
627 751 [0]
605 775 [0]
562 821 [0]
423 955 [5]
427 957 [0]
665 720 [0]
397 985 [3]
421 960 [5]
480 905 [3]
393 994 [2]
423 961 [5]
450 938 [3]
655 737 [0]
497 894 [1]
661 730 [1]
491 902 [0]
475 922 [0]
441 957 [0]
462 936 [0]
679 723 [0]
540 863 [0]
672 733 [0]
410 992 [4]
552 867 [0]
538 886 [0]
480 940 [4]
581 842 [3]
645 784 [0]
559 870 [0]
644 787 [0]
703 730 [0]
651 782 [0]
704 734 [0]
597 842 [3]
467 976 [0]
525 913 [6]
558 889 [0]
565 882 [3]
556 892 [6]
605 852 [0]
571 887 [0]
517 943 [0]
469 989 [2]
499 963 [0]
641 823 [0]
558 906 [0]
479 986 [4]
677 789 [4]
552 918 [0]
549 924 [0]
725 749 [0]
585 892 [0]
550 928 [2]
691 789 [0]
626 858 [0]
710 777 [0]
679 806 [3]
719 775 [0]
613 881 [0]
530 969 [0]
540 960 [0]
597 908 [4]
672 840 [1]
689 824 [0]
516 999 [0]
605 910 [0]
607 909 [0]
655 864 [1]
715 808 [0]
546 978 [0]
644 878 [5]
714 813 [0]
672 855 [1]
558 970 [3]
619 915 [0]
684 851 [0]
542 998 [0]
603 938 [0]
704 836 [2]
561 981 [0]
605 937 [0]
552 997 [0]
735 820 [0]
622 935 [0]
589 971 [0]
618 947 [0]
763 805 [0]
771 798 [0]
770 800 [0]
734 836 [0]
733 840 [0]
605 972 [0]
647 931 [0]
616 967 [1]
733 855 [0]
794 803 [0]
667 930 [0]
762 837 [0]
737 864 [0]
774 829 [0]
715 891 [1]
668 946 [0]
774 844 [2]
718 908 [0]
719 910 [7]
810 830 [0]
716 925 [0]
649 995 [0]
781 869 [0]
818 834 [0]
741 921 [0]
822 845 [0]
829 844 [0]
794 880 [3]
686 996 [0]
803 880 [0]
780 907 [0]
740 967 [0]
775 937 [0]
818 895 [5]
845 873 [0]
738 982 [0]
729 991 [0]
735 988 [6]
834 895 [0]
793 940 [0]
743 994 [0]
821 955 [0]
832 952 [0]
867 918 [0]
889 906 [0]
809 989 [0]
826 984 [0]
826 987 [0]
889 970 [3]
912 958 [0]
951 956 [0]
