1000
8
500
0
1
2
3
4
5
6
7
8
9
10
12
20
45
78
277
605
719
775
937
910
852
972
413
553
664
106
119
165
473
804
178
240
335
349
383
570
710
777
332
638
338
866
109
141
214
233
318
334
411
839
427
441
957
645
784
794
803
880
437
744
469
626
858
809
989
975
706
746
763
805
898
58
228
246
284
530
687
807
969
402
31
118
552
867
918
997
883
47
125
962
151
164
461
505
554
701
555
641
823
559
870
83
101
215
463
583
688
841
376
446
121
130
166
684
851
819
879
953
616
740
967
848
490
576
635
649
995
875
447
13
14
16
17
59
904
96
198
257
449
575
667
930
699
561
981
27
28
35
53
82
189
621
643
623
758
207
377
390
693
979
431
726
752
146
428
479
515
986
528
659
683
822
845
873
503
655
737
864
38
56
87
108
398
129
131
225
890
571
887
640
974
272
329
343
409
420
472
491
902
508
760
859
712
790
980
162
236
950
977
358
535
865
702
724
939
110
128
135
256
305
556
585
892
696
565
572
679
723
806
882
243
832
952
136
767
169
186
202
258
399
933
993
542
998
439
589
971
518
810
830
827
265
538
886
598
536
588
611
633
133
370
965
205
354
750
671
876
50
64
75
86
98
102
116
123
161
861
227
279
493
311
567
319
372
594
614
742
139
158
229
533
566
685
941
948
293
584
716
925
768
273
321
325
445
546
978
791
104
264
755
365
622
935
477
481
547
893
627
751
91
175
204
262
521
847
260
442
607
909
270
155
314
654
167
313
467
976
176
187
210
217
261
298
544
299
389
835
394
785
885
595
776
76
103
344
353
426
488
700
478
531
757
524
666
600
625
630
681
170
290
732
903
40
142
568
877
63
24
143
306
386
450
590
603
938
781
869
416
355
360
606
901
574
157
378
406
739
239
271
715
808
891
959
15
18
137
232
268
296
300
705
927
558
889
906
970
868
320
504
721
942
404
968
30
124
212
340
695
274
453
492
213
316
899
862
52
183
292
307
619
915
983
499
963
615
920
21
26
43
203
230
242
385
397
539
985
854
248
465
831
250
285
932
251
269
412
788
680
400
408
772
81
673
741
921
49
61
72
199
263
348
414
482
519
802
596
722
302
438
569
917
68
115
156
310
675
362
395
916
134
160
218
770
800
850
69
70
138
276
345
631
434
462
936
647
931
286
582
747
765
668
946
717
73
132
185
226
494
511
452
780
907
874
275
817
369
419
709
150
923
425
195
312
815
224
294
359
367
738
982
474
545
833
422
573
579
945
418
451
22
29
32
41
171
676
799
620
77
326
454
476
529
637
280
323
926
429
464
856
42
85
127
154
295
403
423
562
821
955
961
919
209
244
381
495
663
704
734
836
211
220
231
853
537
557
665
720
648
761
289
373
629
66
197
201
644
787
878
678
415
351
812
460
657
914
39
74
433
520
534
541
92
112
181
222
247
686
996
330
580
990
814
223
496
387
838
97
111
140
347
498
506
617
564
182
237
527
849
145
333
929
352
900
396
599
516
999
424
602
610
728
729
991
44
94
249
550
748
928
632
753
60
88
122
206
405
964
577
281
512
532
624
786
587
783
346
911
526
672
733
840
855
771
798
99
177
191
736
636
179
356
417
639
480
764
793
940
905
507
769
828
430
563
148
152
252
513
283
401
912
958
646
196
444
486
652
308
388
456
795
25
34
84
184
391
884
193
208
235
331
105
149
601
661
703
730
826
984
987
973
254
287
301
843
238
304
745
364
443
393
743
994
470
484
54
192
382
612
713
896
163
234
324
656
689
824
120
168
371
543
628
797
11
23
57
62
174
221
259
560
662
459
754
79
80
100
113
188
267
357
392
522
825
549
924
818
834
895
421
435
540
863
960
468
114
172
682
266
650
669
871
337
551
779
816
846
190
282
692
735
820
988
888
291
634
731
144
153
375
36
48
55
180
245
303
618
947
339
90
147
159
466
711
219
241
278
944
317
384
440
677
691
789
436
489
342
951
956
368
502
509
592
766
670
698
253
658
510
578
778
756
200
651
782
216
255
363
707
966
366
374
604
458
725
749
857
593
773
796
872
37
315
46
126
327
432
497
860
894
613
881
660
586
642
792
19
65
89
95
328
336
949
801
954
350
525
548
708
913
697
33
51
93
288
653
407
471
591
714
813
897
762
837
107
194
361
483
727
774
829
844
934
380
448
694
117
297
523
581
597
718
908
759
842
341
410
457
485
608
514
674
992
475
922
173
309
322
379
609
517
943
811
501
67
71
455
487
690
0 1 [0]
1 2 [0]
2 3 [0]
2 4 [0]
3 4 [0]
0 4 [3]
1 3 [3]
0 5 [3]
1 4 [3]
0 2 [6]
4 5 [0]
1 5 [3]
0 7 [2]
0 3 [6]
2 6 [2]
1 6 [3]
1 7 [2]
0 9 [1]
0 8 [2]
1 8 [2]
5 6 [0]
0 11 [0]
1 9 [1]
2 7 [2]
3 6 [2]
0 10 [1]
2 5 [4]
3 8 [1]
2 10 [0]
5 7 [0]
2 9 [1]
1 10 [1]
2 8 [2]
3 5 [4]
4 6 [2]
3 7 [2]
4 7 [1]
6 7 [0]
3 9 [1]
1 12 [0]
4 8 [1]
0 13 [0]
4 10 [0]
2 12 [0]
4 9 [1]
1 13 [0]
5 8 [1]
0 14 [0]
7 8 [0]
2 13 [0]
5 10 [0]
5 9 [1]
1 14 [0]
1 15 [0]
2 14 [0]
4 12 [0]
6 9 [1]
0 16 [0]
8 9 [0]
5 12 [0]
1 16 [0]
0 17 [0]
2 11 [5]
2 16 [0]
1 17 [0]
9 10 [0]
1 18 [0]
2 17 [0]
0 19 [0]
8 11 [2]
6 11 [4]
7 9 [5]
6 8 [7]
1 20 [0]
7 11 [3]
0 21 [0]
4 11 [6]
9 11 [1]
3 11 [7]
5 11 [5]
10 12 [0]
1 21 [0]
2 20 [0]
0 22 [0]
6 10 [7]
7 10 [6]
0 23 [0]
9 13 [2]
10 13 [1]
0 24 [0]
1 19 [4]
2 15 [7]
7 13 [4]
4 20 [0]
8 10 [6]
5 13 [6]
7 14 [4]
5 20 [0]
7 12 [6]
1 24 [0]
0 25 [0]
6 12 [7]
2 19 [4]
10 14 [1]
8 13 [4]
6 13 [6]
6 15 [5]
7 15 [4]
9 15 [2]
10 15 [1]
5 15 [6]
8 15 [3]
9 14 [3]
5 14 [7]
8 12 [6]
9 12 [5]
4 15 [7]
0 26 [0]
13 14 [0]
10 16 [1]
2 18 [7]
1 22 [4]
1 26 [0]
0 27 [0]
2 22 [4]
10 17 [1]
9 16 [3]
5 16 [7]
1 27 [0]
0 28 [0]
10 18 [1]
9 17 [3]
0 29 [0]
4 18 [7]
9 18 [2]
9 19 [1]
7 19 [3]
4 19 [6]
8 14 [7]
7 18 [4]
6 18 [5]
2 27 [0]
6 19 [4]
8 18 [3]
8 19 [2]
1 28 [0]
3 19 [7]
5 17 [7]
14 16 [0]
2 23 [5]
2 28 [0]
8 16 [7]
1 25 [5]
1 30 [0]
13 16 [2]
9 21 [2]
8 21 [3]
0 32 [0]
1 31 [0]
8 17 [7]
6 21 [5]
5 21 [6]
4 21 [7]
12 20 [0]
10 21 [1]
7 21 [4]
16 17 [0]
4 22 [7]
2 24 [7]
0 33 [0]
3 23 [7]
2 31 [0]
8 22 [3]
4 23 [6]
6 23 [4]
8 23 [2]
9 22 [2]
9 23 [1]
7 23 [3]
15 18 [0]
10 22 [1]
7 20 [6]
6 22 [5]
5 22 [6]
6 20 [7]
11 23 [0]
2 25 [7]
1 29 [4]
9 20 [5]
0 34 [0]
5 25 [5]
10 24 [1]
8 24 [3]
9 24 [2]
4 25 [6]
4 31 [0]
10 20 [5]
10 25 [1]
5 24 [7]
8 25 [3]
9 25 [2]
1 35 [0]
7 25 [4]
1 32 [4]
10 26 [1]
9 26 [2]
8 26 [3]
0 37 [0]
5 26 [6]
14 17 [6]
4 26 [7]
2 35 [0]
7 26 [4]
10 27 [1]
2 29 [7]
8 27 [3]
1 33 [4]
0 38 [0]
10 28 [1]
8 28 [3]
2 30 [7]
5 27 [7]
0 39 [0]
4 29 [7]
5 29 [6]
0 40 [0]
5 28 [7]
10 29 [1]
8 29 [3]
6 29 [5]
2 38 [0]
6 30 [5]
10 30 [1]
9 30 [2]
5 30 [6]
8 30 [3]
1 40 [0]
7 30 [4]
0 41 [0]
3 33 [6]
2 33 [7]
14 24 [4]
13 24 [5]
13 27 [2]
0 42 [0]
2 34 [7]
4 32 [7]
5 32 [6]
6 33 [4]
6 32 [5]
7 31 [5]
6 31 [6]
9 33 [1]
14 28 [1]
10 32 [1]
7 33 [3]
9 31 [3]
5 31 [7]
5 33 [5]
8 31 [4]
0 43 [0]
8 33 [2]
8 32 [3]
1 42 [1]
4 34 [6]
0 44 [0]
5 34 [5]
12 31 [1]
7 34 [4]
10 34 [1]
9 34 [2]
8 34 [3]
2 36 [7]
1 39 [5]
16 27 [2]
4 36 [6]
8 36 [2]
5 36 [5]
10 35 [1]
1 45 [0]
1 44 [1]
3 36 [7]
9 36 [1]
8 35 [3]
0 46 [0]
7 36 [3]
2 37 [7]
6 36 [4]
1 41 [4]
9 37 [1]
7 37 [3]
5 35 [7]
14 27 [6]
8 37 [2]
21 26 [0]
4 37 [6]
2 45 [0]
6 37 [4]
3 37 [7]
11 37 [0]
1 43 [4]
1 47 [0]
10 38 [1]
8 38 [3]
2 40 [7]
16 28 [5]
2 47 [0]
4 45 [0]
0 49 [0]
6 39 [5]
9 39 [2]
14 35 [1]
10 39 [1]
8 39 [3]
5 38 [7]
5 39 [6]
4 39 [7]
0 50 [0]
2 42 [7]
22 29 [0]
0 51 [0]
8 40 [3]
4 47 [0]
15 30 [6]
10 40 [1]
9 40 [2]
1 50 [0]
8 41 [3]
10 41 [1]
2 50 [0]
6 41 [5]
11 36 [5]
4 41 [7]
5 41 [6]
6 42 [5]
5 42 [6]
10 42 [1]
8 42 [3]
2 44 [7]
10 43 [1]
8 43 [3]
1 53 [0]
5 43 [6]
7 43 [4]
22 32 [0]
4 43 [7]
1 49 [4]
0 54 [0]
4 44 [7]
5 44 [6]
2 46 [7]
2 53 [0]
13 40 [2]
6 44 [5]
8 44 [3]
27 28 [0]
10 44 [1]
9 46 [1]
8 46 [2]
0 56 [0]
14 40 [2]
1 51 [4]
6 46 [4]
4 46 [6]
16 35 [5]
5 46 [5]
7 46 [3]
2 48 [7]
11 46 [0]
0 57 [0]
7 48 [3]
9 48 [1]
4 48 [6]
3 48 [7]
2 52 [4]
6 45 [7]
14 38 [6]
5 48 [5]
7 45 [6]
6 48 [4]
16 40 [2]
8 48 [2]
2 56 [0]
9 45 [5]
25 34 [0]
1 58 [0]
10 47 [2]
0 59 [0]
8 47 [4]
6 47 [6]
9 47 [3]
7 47 [5]
16 38 [5]
6 49 [5]
5 49 [6]
0 60 [0]
2 51 [7]
1 59 [0]
8 49 [3]
2 58 [0]
12 47 [1]
10 45 [5]
4 49 [7]
1 54 [5]
9 49 [2]
3 51 [6]
7 49 [4]
8 50 [3]
29 32 [0]
0 61 [0]
10 50 [1]
2 59 [0]
8 51 [2]
9 51 [1]
5 51 [5]
12 45 [4]
7 51 [3]
5 50 [7]
1 60 [1]
4 58 [0]
0 62 [0]
28 35 [0]
10 52 [1]
0 63 [0]
2 54 [7]
4 52 [7]
8 52 [3]
7 52 [4]
6 52 [5]
9 52 [2]
22 39 [2]
5 52 [6]
5 54 [5]
2 55 [7]
1 63 [0]
0 64 [0]
22 41 [1]
10 53 [1]
2 57 [5]
8 53 [3]
20 45 [0]
9 55 [1]
9 54 [2]
0 65 [0]
5 55 [5]
4 55 [6]
1 64 [0]
27 35 [3]
8 55 [2]
8 54 [3]
10 54 [1]
7 55 [3]
5 53 [7]
21 43 [1]
3 55 [7]
7 54 [4]
1 61 [4]
2 64 [0]
0 66 [0]
7 57 [3]
4 57 [6]
6 57 [4]
9 57 [1]
3 57 [7]
10 56 [1]
8 57 [2]
8 56 [3]
28 38 [2]
22 42 [4]
0 68 [0]
26 43 [0]
2 60 [7]
13 50 [6]
27 38 [4]
0 69 [0]
22 44 [4]
6 58 [6]
0 70 [0]
7 58 [5]
1 65 [4]
5 58 [7]
16 50 [4]
8 60 [3]
5 60 [6]
2 65 [4]
2 62 [7]
9 59 [3]
5 59 [7]
10 58 [3]
9 60 [2]
6 60 [5]
4 60 [7]
8 62 [2]
5 61 [6]
0 72 [0]
1 66 [5]
7 61 [4]
3 62 [7]
9 62 [1]
0 67 [5]
7 62 [3]
9 61 [2]
4 62 [6]
12 58 [2]
4 61 [7]
6 61 [5]
2 63 [7]
32 41 [0]
1 67 [5]
1 68 [4]
15 52 [6]
29 42 [2]
0 73 [0]
10 63 [1]
8 63 [3]
2 67 [5]
8 59 [7]
1 69 [4]
16 53 [5]
0 74 [0]
3 65 [7]
1 70 [4]
0 75 [0]
7 65 [3]
4 65 [6]
3 67 [5]
8 64 [3]
0 71 [4]
9 65 [1]
21 49 [5]
5 63 [7]
8 65 [2]
6 67 [3]
1 71 [4]
0 76 [0]
5 64 [7]
1 75 [0]
4 67 [5]
5 67 [4]
17 59 [0]
14 56 [6]
10 66 [1]
4 66 [7]
7 67 [3]
0 77 [0]
8 66 [3]
5 66 [6]
9 67 [1]
1 76 [0]
2 75 [0]
6 66 [5]
1 72 [4]
16 56 [5]
2 71 [4]
3 71 [4]
1 73 [4]
4 68 [7]
8 68 [3]
1 78 [0]
27 50 [2]
0 79 [0]
7 68 [4]
14 59 [6]
20 58 [1]
16 59 [4]
25 54 [0]
9 68 [2]
5 68 [6]
7 71 [2]
8 69 [3]
9 69 [2]
2 78 [0]
5 69 [6]
5 71 [4]
1 74 [5]
7 69 [4]
6 69 [5]
0 80 [0]
6 71 [3]
10 69 [1]
23 57 [0]
9 71 [1]
9 70 [2]
0 81 [0]
8 70 [3]
5 70 [6]
10 70 [1]
7 70 [4]
14 63 [4]
6 70 [5]
13 63 [5]
8 71 [2]
1 77 [4]
4 78 [0]
5 72 [6]
13 64 [6]
9 72 [2]
1 82 [0]
6 72 [5]
16 63 [4]
27 53 [3]
4 72 [7]
10 73 [1]
36 48 [0]
1 83 [0]
0 84 [0]
8 73 [3]
6 73 [5]
7 73 [4]
2 82 [0]
19 65 [0]
16 64 [4]
33 51 [0]
9 73 [2]
4 74 [7]
9 74 [2]
0 85 [0]
8 74 [3]
6 74 [5]
5 74 [6]
8 75 [3]
22 60 [4]
23 62 [1]
0 86 [0]
5 75 [7]
10 76 [1]
1 86 [0]
28 53 [6]
27 56 [4]
8 76 [3]
21 61 [5]
1 85 [1]
4 83 [0]
0 87 [0]
35 53 [0]
5 77 [6]
4 77 [7]
28 56 [4]
2 86 [0]
5 76 [7]
10 77 [1]
8 77 [3]
6 79 [4]
7 79 [3]
0 89 [0]
8 79 [2]
2 87 [0]
4 79 [6]
9 79 [1]
3 79 [7]
7 80 [3]
9 80 [1]
8 80 [2]
22 66 [2]
6 80 [4]
4 80 [6]
6 78 [7]
7 78 [6]
36 55 [0]
0 91 [0]
5 81 [6]
9 81 [2]
11 79 [2]
0 92 [0]
8 81 [3]
7 81 [4]
10 81 [1]
4 81 [7]
1 91 [0]
9 78 [5]
2 84 [7]
27 64 [2]
8 82 [3]
2 91 [0]
11 80 [2]
0 93 [0]
2 85 [7]
38 56 [0]
0 94 [0]
4 84 [6]
5 82 [7]
12 78 [4]
21 68 [5]
5 84 [5]
1 88 [5]
1 89 [4]
13 76 [6]
10 84 [1]
14 76 [5]
21 69 [5]
9 83 [3]
8 83 [4]
5 83 [7]
7 83 [5]
7 84 [4]
6 83 [6]
16 75 [4]
9 84 [2]
10 83 [2]
8 85 [3]
6 85 [5]
1 94 [1]
16 76 [4]
5 85 [6]
0 96 [0]
12 83 [1]
2 88 [7]
8 86 [3]
29 66 [2]
1 96 [0]
8 87 [3]
21 72 [5]
1 92 [5]
10 87 [1]
2 96 [0]
1 93 [4]
0 98 [0]
5 86 [7]
7 89 [3]
2 90 [7]
0 99 [0]
6 89 [4]
4 88 [7]
5 88 [6]
8 88 [3]
9 89 [1]
8 89 [2]
21 73 [5]
3 89 [7]
4 89 [6]
9 88 [2]
6 88 [5]
9 90 [1]
1 95 [4]
2 98 [0]
8 90 [2]
7 90 [3]
22 77 [1]
6 90 [4]
4 90 [6]
3 90 [7]
22 74 [4]
20 78 [3]
3 93 [6]
2 93 [7]
1 101 [0]
0 102 [0]
5 92 [6]
2 94 [7]
0 103 [0]
10 92 [1]
9 92 [2]
6 92 [5]
16 82 [5]
5 93 [5]
5 91 [7]
4 92 [7]
1 97 [5]
8 93 [2]
48 55 [0]
7 93 [3]
27 75 [2]
2 102 [0]
21 81 [2]
6 95 [4]
1 104 [0]
0 105 [0]
7 95 [3]
5 94 [6]
27 76 [2]
4 95 [6]
1 99 [5]
10 94 [1]
6 94 [5]
8 94 [3]
4 94 [7]
9 95 [1]
8 95 [2]
3 95 [7]
16 86 [4]
2 104 [0]
10 96 [1]
14 87 [6]
23 79 [5]
1 106 [0]
0 107 [0]
9 97 [2]
5 96 [7]
2 106 [0]
16 87 [5]
0 108 [0]
2 99 [7]
6 97 [5]
5 97 [6]
4 97 [7]
10 97 [1]
23 80 [5]
8 97 [3]
9 96 [3]
8 98 [3]
26 81 [2]
9 100 [1]
8 99 [3]
49 61 [0]
6 99 [5]
4 99 [7]
2 108 [0]
9 99 [2]
4 100 [6]
6 100 [4]
7 100 [3]
8 100 [2]
5 98 [7]
5 99 [6]
4 106 [0]
0 110 [0]
13 91 [6]
16 91 [4]
8 96 [7]
22 85 [4]
29 77 [5]
32 77 [2]
2 109 [0]
2 110 [0]
4 101 [7]
1 107 [4]
0 112 [0]
27 82 [3]
10 101 [2]
8 102 [3]
7 101 [5]
25 84 [4]
4 109 [0]
5 101 [7]
39 74 [0]
9 101 [3]
11 100 [2]
19 89 [5]
8 101 [4]
2 105 [7]
50 64 [0]
22 88 [4]
5 102 [7]
17 96 [1]
10 103 [1]
8 103 [3]
12 101 [1]
5 105 [5]
4 105 [6]
8 104 [3]
5 103 [7]
27 86 [2]
0 115 [0]
2 107 [7]
8 105 [3]
7 105 [4]
16 96 [4]
28 82 [6]
10 105 [1]
5 104 [7]
3 107 [6]
29 85 [2]
5 107 [5]
7 107 [3]
8 107 [2]
0 117 [0]
9 107 [1]
1 111 [5]
34 84 [0]
16 98 [4]
22 92 [4]
2 116 [0]
27 87 [4]
49 68 [1]
57 62 [0]
10 108 [1]
8 108 [3]
7 106 [6]
6 106 [7]
19 95 [5]
1 118 [0]
27 91 [2]
1 115 [4]
10 106 [4]
2 118 [0]
1 119 [0]
0 120 [0]
10 110 [1]
8 110 [3]
12 106 [3]
2 119 [0]
35 82 [4]
5 111 [6]
4 111 [7]
1 121 [0]
13 103 [6]
6 109 [7]
10 111 [1]
16 102 [4]
14 103 [5]
9 111 [2]
8 111 [3]
6 111 [5]
7 109 [6]
9 113 [1]
22 97 [4]
7 113 [3]
9 109 [5]
4 113 [6]
10 109 [4]
4 112 [7]
8 113 [2]
6 112 [5]
0 123 [0]
49 72 [2]
45 78 [0]
4 119 [0]
16 103 [4]
10 112 [1]
9 112 [2]
5 112 [6]
9 114 [1]
7 114 [3]
6 114 [4]
16 104 [4]
8 114 [2]
12 109 [3]
1 124 [0]
2 123 [0]
22 99 [4]
5 115 [6]
11 113 [2]
1 125 [0]
4 115 [7]
8 115 [3]
36 90 [0]
9 115 [2]
3 117 [6]
0 126 [0]
1 120 [5]
2 117 [7]
38 87 [1]
50 75 [2]
9 117 [1]
7 117 [3]
2 125 [0]
27 98 [2]
8 117 [2]
5 117 [5]
8 116 [3]
42 85 [0]
0 127 [0]
5 116 [7]
1 122 [5]
14 108 [6]
20 106 [2]
23 100 [5]
0 128 [0]
2 120 [7]
16 108 [5]
1 127 [1]
11 114 [4]
4 125 [0]
33 93 [3]
0 129 [0]
4 120 [6]
5 120 [5]
5 118 [7]
6 120 [4]
8 118 [4]
9 118 [3]
7 118 [5]
6 118 [6]
2 129 [0]
7 120 [4]
12 118 [1]
1 130 [0]
8 120 [3]
10 120 [1]
27 102 [2]
2 122 [7]
20 109 [2]
16 110 [5]
27 103 [2]
4 121 [7]
7 119 [6]
6 119 [7]
39 92 [1]
0 132 [0]
8 122 [3]
5 122 [6]
0 133 [0]
7 121 [5]
2 131 [0]
25 105 [3]
27 104 [2]
10 119 [4]
6 121 [6]
61 72 [0]
8 121 [4]
10 121 [2]
9 121 [3]
9 122 [2]
6 122 [5]
2 124 [7]
4 122 [7]
8 123 [3]
12 121 [1]
12 119 [3]
0 134 [0]
53 82 [0]
5 123 [7]
8 124 [3]
2 133 [0]
6 124 [5]
0 135 [0]
5 124 [6]
9 124 [2]
2 126 [7]
7 124 [4]
6 126 [4]
3 126 [7]
4 126 [6]
2 127 [7]
0 136 [0]
7 126 [3]
5 126 [5]
16 116 [4]
8 126 [2]
11 126 [0]
9 125 [3]
8 125 [4]
7 125 [5]
6 125 [6]
44 94 [0]
1 137 [0]
50 86 [2]
5 127 [6]
0 138 [0]
2 136 [0]
6 127 [5]
12 125 [1]
8 127 [3]
22 112 [4]
10 128 [1]
27 108 [4]
0 139 [0]
8 128 [3]
64 75 [0]
69 70 [0]
39 97 [3]
1 134 [4]
10 129 [1]
8 129 [3]
28 110 [2]
27 110 [4]
21 115 [5]
2 139 [0]
4 130 [7]
20 119 [2]
7 130 [5]
10 131 [1]
0 142 [0]
23 113 [6]
34 105 [3]
8 131 [3]
10 130 [2]
6 130 [6]
9 130 [3]
8 130 [4]
48 90 [4]
23 114 [5]
6 132 [5]
7 132 [4]
10 132 [1]
16 123 [4]
8 132 [3]
9 132 [2]
56 87 [0]
1 138 [4]
2 141 [0]
51 93 [0]
8 133 [3]
1 143 [0]
0 144 [0]
9 134 [2]
8 134 [3]
5 134 [6]
7 134 [4]
27 116 [2]
15 124 [6]
5 133 [7]
10 135 [1]
8 135 [3]
1 140 [5]
50 91 [5]
10 136 [1]
8 136 [3]
1 146 [0]
38 108 [1]
7 137 [4]
60 88 [0]
14 128 [6]
0 148 [0]
6 137 [5]
4 137 [7]
2 146 [0]
10 137 [1]
22 122 [4]
8 137 [3]
9 137 [2]
10 138 [1]
6 138 [5]
5 138 [6]
69 73 [7]
14 129 [6]
16 128 [5]
31 118 [0]
8 138 [3]
7 138 [4]
8 139 [3]
16 129 [5]
38 110 [2]
33 117 [0]
50 98 [2]
0 150 [0]
5 139 [7]
9 140 [2]
14 131 [6]
10 140 [1]
5 140 [6]
2 142 [7]
6 140 [5]
8 140 [3]
1 145 [5]
2 143 [7]
27 123 [2]
1 151 [0]
16 131 [5]
45 106 [1]
39 112 [1]
10 142 [1]
14 133 [6]
2 151 [0]
8 142 [3]
39 111 [3]
9 142 [2]
9 144 [1]
7 144 [3]
1 148 [5]
9 143 [2]
8 144 [2]
0 154 [0]
7 141 [6]
50 102 [2]
4 144 [6]
6 144 [4]
8 143 [3]
30 124 [0]
6 141 [7]
16 133 [5]
10 143 [1]
4 151 [0]
10 141 [4]
9 141 [5]
0 155 [0]
14 135 [6]
5 143 [7]
1 150 [4]
45 109 [1]
15 137 [3]
18 137 [0]
5 145 [6]
10 145 [1]
12 141 [3]
64 91 [1]
1 155 [0]
2 147 [7]
8 145 [3]
9 145 [2]
0 156 [0]
4 145 [7]
1 154 [1]
10 146 [1]
4 147 [6]
7 147 [3]
3 147 [7]
2 148 [7]
8 146 [3]
6 147 [4]
8 147 [2]
0 157 [0]
16 136 [5]
28 128 [2]
2 149 [7]
21 132 [5]
1 152 [5]
1 157 [0]
29 127 [2]
0 158 [0]
79 80 [0]
4 148 [7]
51 107 [1]
6 148 [5]
8 148 [3]
27 128 [4]
10 148 [1]
4 149 [6]
5 149 [5]
16 139 [4]
9 148 [2]
21 134 [5]
10 149 [1]
0 160 [0]
8 149 [3]
7 149 [4]
2 158 [0]
11 144 [5]
50 104 [6]
7 150 [4]
5 150 [6]
13 142 [6]
0 161 [0]
2 152 [7]
1 156 [4]
14 142 [5]
75 86 [0]
6 150 [5]
10 150 [1]
13 143 [5]
9 150 [2]
8 150 [3]
14 143 [4]
16 142 [4]
0 162 [0]
4 153 [6]
4 152 [7]
0 163 [0]
10 152 [1]
9 152 [2]
2 154 [7]
8 151 [4]
8 153 [2]
7 153 [3]
8 152 [3]
28 133 [2]
20 141 [2]
9 151 [3]
6 153 [4]
9 153 [1]
7 151 [5]
6 151 [6]
6 152 [5]
27 133 [4]
12 151 [1]
6 154 [5]
5 154 [6]
28 135 [2]
49 115 [1]
1 164 [0]
2 157 [7]
8 155 [3]
28 136 [2]
27 135 [4]
2 164 [0]
1 165 [0]
24 143 [0]
5 156 [6]
0 167 [0]
1 166 [0]
16 146 [5]
2 165 [0]
9 156 [2]
4 156 [7]
27 136 [4]
5 155 [7]
56 110 [2]
10 157 [1]
8 157 [3]
27 139 [2]
38 128 [2]
4 164 [0]
50 116 [2]
38 129 [1]
8 159 [2]
6 159 [4]
51 117 [1]
7 159 [3]
3 159 [7]
1 163 [5]
8 158 [3]
4 165 [0]
5 157 [7]
11 153 [5]
0 169 [0]
4 159 [6]
2 167 [0]
7 157 [6]
5 158 [7]
42 127 [1]
0 170 [0]
9 160 [2]
2 169 [0]
8 160 [3]
0 171 [0]
5 160 [6]
1 170 [0]
22 145 [4]
7 160 [4]
2 163 [7]
47 125 [0]
8 161 [3]
38 131 [3]
5 163 [5]
8 162 [3]
10 162 [1]
4 163 [6]
64 104 [5]
5 161 [7]
22 148 [4]
7 163 [4]
27 146 [1]
10 163 [1]
13 155 [6]
1 168 [5]
9 163 [2]
0 174 [0]
14 157 [4]
13 157 [5]
16 155 [4]
38 135 [2]
50 123 [2]
0 175 [0]
9 164 [3]
8 164 [4]
1 171 [4]
38 136 [2]
7 164 [5]
0 176 [0]
2 168 [7]
12 164 [1]
1 176 [0]
2 175 [0]
25 149 [3]
4 166 [7]
0 177 [0]
7 168 [3]
22 152 [4]
10 166 [2]
9 166 [3]
8 166 [4]
6 165 [7]
6 168 [4]
7 165 [6]
2 176 [0]
5 168 [5]
38 133 [7]
4 168 [6]
7 166 [5]
6 166 [6]
0 173 [5]
8 167 [3]
10 168 [1]
8 168 [3]
5 167 [7]
2 170 [7]
76 103 [0]
1 173 [5]
0 179 [0]
75 98 [6]
8 169 [3]
10 169 [1]
80 100 [0]
12 165 [3]
75 104 [1]
28 146 [6]
2 178 [0]
79 100 [1]
75 102 [3]
10 170 [1]
16 161 [4]
0 181 [0]
8 172 [2]
10 171 [1]
40 142 [0]
2 173 [7]
5 171 [6]
8 171 [3]
3 173 [6]
7 172 [3]
4 178 [0]
5 170 [7]
14 162 [6]
39 140 [3]
6 172 [4]
21 156 [5]
4 171 [7]
9 173 [1]
16 162 [5]
36 147 [0]
1 177 [5]
5 173 [5]
2 174 [7]
7 173 [3]
68 115 [0]
9 174 [1]
86 98 [0]
6 174 [4]
49 134 [1]
7 174 [3]
27 155 [2]
3 174 [7]
0 184 [0]
89 95 [0]
8 174 [2]
83 101 [0]
1 183 [0]
1 179 [5]
35 146 [4]
29 154 [2]
0 185 [0]
2 177 [7]
13 167 [6]
21 160 [5]
34 149 [3]
0 186 [0]
45 141 [1]
8 176 [3]
16 167 [4]
20 165 [2]
27 158 [2]
0 187 [0]
5 175 [7]
11 172 [4]
39 145 [3]
4 177 [7]
5 177 [6]
2 186 [0]
1 187 [0]
6 177 [5]
1 182 [5]
8 177 [3]
9 177 [2]
56 129 [3]
2 179 [7]
5 176 [7]
14 170 [5]
13 170 [6]
2 183 [4]
14 169 [6]
6 179 [5]
3 180 [7]
5 180 [5]
16 169 [5]
56 131 [3]
7 180 [3]
4 179 [7]
9 180 [1]
8 180 [2]
25 163 [2]
4 180 [6]
8 179 [3]
9 179 [2]
27 161 [2]
1 189 [0]
16 170 [4]
56 128 [7]
2 189 [0]
7 178 [6]
6 178 [7]
0 191 [0]
9 181 [2]
10 181 [1]
5 181 [6]
4 181 [7]
10 178 [4]
6 181 [5]
0 192 [0]
5 182 [6]
10 182 [1]
8 182 [3]
4 182 [7]
12 178 [3]
2 184 [7]
0 193 [0]
9 182 [2]
27 162 [4]
6 182 [5]
4 183 [7]
10 183 [1]
8 183 [3]
9 183 [2]
7 183 [4]
22 171 [1]
13 175 [6]
4 184 [6]
5 184 [5]
75 116 [3]
0 194 [0]
5 183 [6]
7 184 [4]
9 184 [2]
50 139 [6]
87 108 [0]
13 176 [6]
79 113 [3]
16 175 [4]
36 159 [0]
10 185 [1]
9 185 [2]
7 185 [4]
6 185 [5]
27 167 [2]
80 113 [3]
2 187 [7]
16 176 [4]
8 186 [3]
1 191 [5]
79 114 [4]
42 154 [1]
0 197 [0]
7 188 [3]
8 188 [2]
56 135 [7]
8 187 [3]
4 188 [6]
1 192 [5]
80 114 [4]
0 198 [0]
9 188 [1]
56 136 [7]
27 170 [2]
1 198 [0]
5 187 [7]
1 194 [4]
0 199 [0]
48 147 [4]
28 169 [2]
2 191 [7]
7 190 [3]
20 178 [2]
98 102 [0]
6 190 [4]
47 151 [2]
2 198 [0]
8 190 [2]
8 189 [3]
9 190 [1]
53 146 [1]
23 172 [5]
4 190 [6]
1 195 [4]
2 192 [7]
5 189 [7]
11 188 [2]
23 174 [4]
0 201 [0]
4 191 [7]
1 196 [5]
5 192 [5]
8 191 [3]
6 191 [5]
2 193 [7]
9 191 [2]
0 202 [0]
3 194 [6]
1 197 [5]
8 192 [3]
10 192 [1]
0 203 [0]
2 194 [7]
4 193 [6]
7 192 [4]
7 193 [4]
27 175 [2]
5 194 [5]
1 199 [4]
0 204 [0]
68 134 [2]
75 123 [6]
92 112 [0]
10 193 [1]
9 193 [2]
15 183 [6]
9 194 [1]
7 194 [3]
8 194 [2]
38 162 [4]
27 176 [2]
73 132 [0]
2 196 [7]
22 179 [4]
32 171 [2]
0 205 [0]
9 195 [2]
14 186 [6]
10 195 [1]
6 195 [5]
11 190 [5]
5 195 [6]
13 187 [6]
7 195 [4]
49 156 [1]
4 195 [7]
8 195 [3]
9 196 [2]
6 196 [5]
1 201 [5]
22 181 [4]
10 196 [1]
8 196 [3]
2 205 [0]
16 187 [4]
4 196 [7]
16 186 [5]
33 173 [1]
8 197 [3]
10 197 [1]
6 197 [5]
5 197 [6]
1 207 [0]
70 138 [0]
69 138 [1]
69 132 [7]
1 203 [4]
97 111 [0]
2 200 [7]
10 198 [1]
2 207 [0]
0 209 [0]
6 199 [5]
4 200 [6]
16 189 [5]
8 200 [2]
50 155 [5]
5 198 [7]
6 200 [4]
3 200 [7]
9 200 [1]
9 199 [2]
4 199 [7]
7 199 [4]
7 200 [3]
0 210 [0]
88 122 [0]
83 121 [6]
49 160 [1]
5 200 [5]
21 185 [5]
1 209 [1]
48 159 [4]
0 211 [0]
85 127 [0]
41 171 [0]
10 201 [1]
5 201 [6]
8 201 [3]
6 201 [5]
1 206 [5]
100 113 [0]
8 202 [3]
8 198 [7]
1 212 [0]
50 161 [2]
47 164 [2]
25 184 [4]
8 203 [3]
7 203 [4]
10 203 [1]
4 203 [7]
50 158 [6]
5 203 [6]
38 169 [7]
1 213 [0]
2 206 [7]
2 214 [0]
28 186 [2]
1 215 [0]
5 204 [7]
8 205 [3]
10 205 [1]
4 206 [7]
5 206 [6]
27 186 [4]
36 180 [1]
9 206 [2]
2 208 [7]
23 188 [6]
6 206 [5]
8 206 [3]
0 217 [0]
5 205 [7]
17 198 [2]
8 207 [3]
2 209 [7]
1 217 [0]
5 208 [5]
14 198 [6]
16 198 [4]
0 218 [0]
102 116 [0]
4 208 [6]
87 129 [2]
25 193 [1]
9 208 [2]
25 192 [2]
83 130 [6]
10 208 [1]
2 210 [7]
27 189 [3]
7 208 [4]
6 209 [5]
2 211 [7]
34 184 [2]
0 220 [0]
5 209 [6]
64 155 [1]
75 139 [6]
98 116 [6]
8 210 [3]
2 212 [7]
22 197 [2]
100 114 [7]
39 181 [1]
0 221 [0]
5 211 [6]
14 202 [6]
8 211 [3]
6 211 [5]
5 210 [7]
22 196 [4]
50 167 [5]
7 212 [4]
6 212 [5]
28 189 [6]
9 212 [2]
8 212 [3]
16 202 [5]
0 223 [0]
13 204 [6]
21 195 [7]
39 182 [3]
9 213 [2]
0 224 [0]
7 213 [4]
5 213 [6]
8 213 [3]
6 213 [5]
10 213 [1]
16 204 [4]
106 119 [0]
14 205 [6]
2 216 [7]
68 156 [1]
22 201 [2]
21 203 [1]
21 199 [5]
56 162 [7]
87 131 [7]
16 205 [5]
5 216 [5]
0 226 [0]
6 216 [4]
2 217 [7]
4 216 [6]
4 215 [7]
69 150 [7]
7 216 [3]
9 216 [1]
8 216 [2]
102 123 [1]
7 214 [6]
10 215 [2]
0 227 [0]
6 214 [7]
8 215 [4]
7 215 [5]
2 225 [0]
5 215 [7]
8 217 [3]
12 215 [1]
10 214 [4]
34 193 [1]
2 219 [7]
29 197 [2]
51 173 [4]
9 214 [5]
16 207 [5]
4 219 [6]
48 180 [1]
0 229 [0]
8 219 [2]
7 219 [3]
5 218 [6]
2 220 [7]
4 218 [7]
7 218 [4]
6 219 [4]
3 219 [7]
1 224 [4]
9 218 [2]
5 217 [7]
8 218 [3]
13 210 [6]
1 228 [0]
2 221 [7]
16 210 [4]
50 175 [5]
79 144 [7]
68 160 [2]
2 228 [0]
0 230 [0]
7 221 [3]
9 221 [1]
2 229 [0]
0 231 [0]
8 220 [3]
38 186 [7]
5 220 [6]
80 144 [7]
6 221 [4]
6 220 [5]
3 221 [7]
11 216 [5]
28 202 [2]
64 167 [1]
56 169 [7]
4 228 [0]
6 222 [5]
27 202 [4]
4 222 [7]
1 232 [0]
5 222 [6]
15 212 [6]
10 222 [1]
27 204 [2]
9 222 [2]
9 223 [2]
15 213 [6]
10 223 [1]
4 223 [7]
5 223 [6]
25 208 [1]
0 234 [0]
5 224 [6]
6 224 [5]
7 224 [4]
1 230 [4]
4 224 [7]
28 205 [2]
22 209 [4]
10 224 [1]
8 224 [3]
55 180 [0]
2 233 [0]
57 174 [4]
10 225 [1]
13 217 [6]
8 225 [3]
36 200 [0]
20 214 [2]
0 236 [0]
9 226 [2]
10 226 [1]
6 226 [5]
90 147 [0]
7 226 [4]
97 140 [0]
16 217 [4]
22 211 [4]
8 227 [3]
80 153 [5]
2 236 [0]
98 139 [1]
0 238 [0]
27 207 [5]
75 158 [6]
5 227 [7]
79 153 [7]
0 239 [0]
1 234 [5]
1 239 [0]
64 175 [1]
2 231 [7]
8 229 [3]
29 209 [2]
6 228 [6]
5 228 [7]
5 229 [7]
5 230 [6]
10 230 [1]
7 230 [4]
4 230 [7]
64 176 [1]
10 228 [3]
28 207 [6]
8 231 [3]
5 231 [6]
29 211 [2]
75 161 [6]
12 228 [2]
97 145 [0]
2 240 [0]
0 242 [0]
8 232 [3]
4 232 [7]
0 243 [0]
7 232 [4]
1 237 [5]
9 232 [2]
34 208 [1]
6 232 [5]
85 154 [4]
30 213 [1]
5 234 [5]
53 189 [2]
0 244 [0]
4 234 [6]
21 218 [5]
30 212 [2]
2 235 [7]
4 240 [0]
8 234 [3]
5 235 [5]
10 234 [1]
4 235 [6]
7 234 [4]
9 234 [2]
14 225 [6]
9 235 [2]
43 203 [0]
10 235 [1]
54 192 [0]
1 244 [1]
7 233 [6]
16 225 [5]
35 207 [4]
22 220 [4]
6 233 [7]
10 236 [1]
10 233 [4]
1 246 [0]
2 238 [7]
8 236 [3]
16 227 [4]
1 242 [4]
38 202 [7]
9 233 [5]
22 222 [4]
6 237 [5]
5 237 [6]
2 246 [0]
23 221 [4]
8 237 [3]
10 237 [1]
4 238 [6]
0 248 [0]
5 238 [5]
4 237 [7]
49 199 [0]
2 239 [7]
10 238 [1]
38 205 [6]
0 249 [0]
9 238 [2]
22 223 [4]
20 228 [1]
56 186 [7]
8 238 [3]
9 239 [2]
2 241 [7]
10 239 [1]
0 250 [0]
4 246 [0]
109 141 [0]
15 232 [3]
8 239 [3]
111 140 [0]
4 241 [6]
0 251 [0]
6 241 [4]
90 159 [2]
7 239 [5]
7 241 [3]
1 249 [1]
3 241 [7]
87 162 [2]
121 130 [0]
8 241 [2]
64 187 [1]
36 216 [0]
21 224 [7]
21 230 [1]
18 232 [2]
10 242 [1]
4 242 [7]
6 240 [7]
1 248 [4]
7 242 [4]
2 244 [7]
5 242 [6]
7 240 [6]
105 149 [0]
10 243 [1]
8 243 [3]
10 240 [4]
0 254 [0]
9 245 [1]
7 245 [3]
42 209 [4]
12 240 [3]
5 244 [6]
20 233 [2]
6 244 [5]
4 245 [6]
3 245 [7]
79 172 [4]
36 219 [0]
8 245 [2]
1 250 [4]
13 239 [4]
27 227 [2]
14 236 [6]
1 251 [4]
80 172 [4]
0 256 [0]
14 239 [4]
16 236 [5]
22 231 [4]
98 158 [1]
42 211 [4]
0 257 [0]
6 247 [5]
9 247 [2]
5 246 [7]
6 246 [6]
10 247 [1]
5 247 [6]
27 229 [2]
2 249 [7]
1 257 [0]
1 252 [5]
0 258 [0]
7 246 [5]
50 204 [5]
10 248 [1]
2 257 [0]
7 248 [4]
4 248 [7]
8 248 [3]
0 259 [0]
4 249 [7]
129 131 [0]
6 249 [5]
45 214 [1]
5 249 [6]
10 249 [1]
12 246 [2]
0 260 [0]
25 235 [1]
10 250 [1]
8 250 [3]
25 234 [2]
7 250 [4]
61 199 [1]
69 185 [7]
1 260 [0]
0 261 [0]
5 250 [6]
2 252 [7]
29 231 [2]
1 261 [0]
10 251 [1]
0 262 [0]
8 251 [3]
20 240 [2]
2 253 [7]
2 260 [0]
53 207 [2]
39 222 [1]
5 251 [6]
4 251 [7]
4 252 [7]
8 252 [3]
25 238 [0]
7 253 [3]
10 252 [1]
9 252 [2]
6 253 [4]
8 253 [2]
9 253 [1]
66 197 [0]
14 243 [6]
4 253 [6]
6 252 [5]
128 135 [0]
2 254 [7]
5 254 [5]
4 254 [6]
2 255 [7]
16 243 [5]
102 161 [1]
73 185 [6]
98 161 [6]
7 255 [3]
56 202 [7]
1 264 [0]
7 254 [4]
6 255 [4]
39 223 [3]
10 254 [1]
8 255 [2]
4 255 [6]
0 265 [0]
8 254 [3]
5 255 [5]
91 175 [0]
2 264 [0]
42 220 [4]
38 225 [3]
21 242 [3]
20 246 [1]
10 256 [1]
27 236 [4]
8 256 [3]
2 265 [0]
84 184 [0]
2 259 [7]
10 257 [1]
1 263 [4]
49 218 [1]
1 268 [0]
9 259 [1]
64 204 [1]
6 259 [4]
8 258 [3]
7 259 [3]
0 269 [0]
3 259 [7]
5 257 [7]
2 261 [7]
79 188 [3]
0 270 [0]
115 156 [0]
11 255 [5]
1 270 [0]
82 189 [0]
48 219 [4]
0 271 [0]
8 261 [3]
21 248 [3]
34 235 [3]
1 271 [0]
0 272 [0]
5 260 [7]
2 270 [0]
106 165 [2]
43 230 [0]
22 247 [4]
5 261 [7]
0 273 [0]
5 262 [7]
4 263 [7]
2 272 [0]
34 238 [2]
9 263 [2]
1 273 [0]
21 250 [3]
66 201 [7]
27 243 [4]
7 263 [4]
6 263 [5]
1 269 [4]
8 264 [3]
64 210 [1]
2 273 [0]
1 274 [0]
29 244 [2]
0 275 [0]
79 190 [7]
8 265 [3]
7 266 [3]
0 276 [0]
8 266 [2]
17 257 [2]
9 266 [1]
5 264 [7]
99 177 [0]
14 256 [6]
9 267 [1]
4 267 [6]
14 257 [6]
80 190 [7]
42 231 [4]
8 267 [2]
16 257 [4]
7 267 [3]
21 251 [5]
22 252 [4]
14 258 [6]
38 236 [4]
84 193 [1]
9 268 [2]
4 268 [7]
13 260 [6]
0 279 [0]
8 268 [3]
39 237 [3]
7 268 [4]
100 172 [7]
2 277 [0]
6 268 [5]
50 227 [2]
99 179 [1]
45 233 [1]
7 269 [4]
1 275 [4]
0 280 [0]
13 261 [6]
2 271 [7]
8 269 [3]
5 269 [6]
16 260 [4]
4 269 [7]
127 154 [0]
16 261 [4]
4 277 [0]
13 262 [6]
11 266 [4]
1 276 [4]
9 271 [2]
8 271 [3]
16 262 [4]
5 271 [6]
64 217 [1]
1 280 [1]
36 245 [1]
7 271 [5]
6 271 [6]
10 272 [1]
8 272 [3]
38 243 [2]
57 221 [5]
119 165 [0]
14 265 [5]
16 264 [4]
8 273 [3]
7 274 [4]
5 274 [6]
0 285 [0]
6 274 [5]
1 284 [0]
8 274 [3]
5 273 [7]
9 274 [2]
9 275 [2]
58 228 [0]
8 275 [3]
10 275 [1]
7 275 [4]
6 275 [5]
0 286 [0]
28 256 [2]
16 265 [5]
114 172 [0]
2 284 [0]
6 276 [5]
0 287 [0]
2 278 [7]
1 281 [5]
10 276 [1]
9 276 [2]
39 247 [1]
23 259 [5]
5 276 [6]
7 276 [4]
120 168 [0]
13 271 [4]
56 225 [7]
43 242 [3]
4 278 [6]
18 268 [2]
68 218 [2]
28 258 [2]
6 278 [4]
7 278 [3]
106 178 [4]
100 188 [0]
3 278 [7]
21 263 [5]
27 258 [4]
1 283 [5]
0 289 [0]
36 253 [0]
13 270 [6]
121 166 [2]
27 260 [2]
2 281 [7]
8 279 [3]
1 285 [4]
7 277 [6]
34 254 [2]
6 277 [7]
27 261 [2]
82 207 [1]
16 270 [4]
42 244 [4]
0 290 [0]
6 280 [5]
4 280 [7]
5 279 [7]
9 277 [5]
8 280 [3]
1 290 [0]
10 280 [1]
1 286 [4]
36 255 [0]
7 282 [3]
6 282 [4]
2 283 [7]
4 281 [7]
9 282 [1]
8 282 [2]
8 281 [3]
6 281 [5]
4 282 [6]
9 281 [2]
14 272 [6]
12 277 [4]
112 181 [0]
27 264 [2]
1 292 [0]
1 288 [4]
0 293 [0]
48 241 [4]
16 272 [5]
6 283 [5]
23 266 [5]
99 191 [4]
9 283 [2]
0 294 [0]
134 160 [0]
10 283 [1]
8 283 [3]
21 269 [5]
28 265 [2]
1 289 [5]
2 293 [0]
15 274 [6]
48 245 [2]
0 295 [0]
84 208 [3]
27 265 [4]
130 166 [0]
10 285 [1]
91 204 [1]
8 285 [3]
38 256 [2]
88 206 [2]
5 285 [6]
5 284 [7]
2 287 [7]
23 267 [6]
7 284 [5]
6 284 [6]
43 248 [5]
2 288 [7]
7 286 [4]
10 286 [1]
5 286 [6]
6 286 [5]
1 295 [1]
139 158 [0]
1 296 [0]
10 284 [3]
5 287 [5]
0 297 [0]
3 288 [6]
9 284 [4]
111 182 [4]
100 190 [7]
44 249 [4]
8 286 [3]
144 153 [0]
8 288 [2]
85 209 [4]
0 298 [0]
8 287 [3]
5 288 [5]
11 282 [5]
2 292 [4]
43 250 [5]
7 287 [4]
10 287 [1]
2 289 [7]
12 284 [2]
7 288 [3]
119 178 [1]
85 211 [3]
27 270 [2]
2 290 [7]
0 299 [0]
1 294 [4]
83 215 [1]
1 298 [0]
43 251 [5]
10 289 [1]
148 152 [0]
6 289 [5]
1 299 [0]
5 289 [6]
20 277 [3]
8 289 [3]
113 188 [0]
6 291 [4]
10 290 [1]
9 291 [1]
4 291 [6]
107 194 [0]
8 290 [3]
1 300 [0]
0 301 [0]
8 291 [2]
7 291 [3]
27 273 [2]
5 290 [7]
69 226 [7]
10 292 [1]
9 292 [2]
5 292 [6]
8 292 [3]
7 292 [4]
38 258 [7]
2 295 [7]
8 293 [3]
0 304 [0]
55 245 [4]
10 294 [1]
9 294 [2]
8 294 [3]
6 294 [5]
73 226 [6]
20 284 [1]
5 294 [6]
5 293 [7]
30 274 [1]
4 294 [7]
0 305 [0]
3 297 [6]
2 297 [7]
147 159 [0]
6 295 [5]
56 243 [7]
48 253 [5]
7 297 [3]
1 302 [4]
1 306 [0]
7 296 [4]
2 298 [7]
4 296 [7]
9 297 [1]
22 281 [4]
5 297 [5]
8 296 [3]
9 296 [2]
22 280 [5]
27 279 [2]
2 299 [7]
1 307 [0]
85 220 [3]
75 227 [6]
0 308 [0]
58 246 [4]
8 298 [3]
22 283 [4]
14 290 [5]
13 290 [6]
21 285 [3]
8 299 [3]
2 301 [7]
5 298 [7]
38 265 [7]
75 229 [6]
8 300 [3]
5 301 [5]
0 311 [0]
9 300 [2]
4 300 [7]
5 299 [7]
25 287 [0]
8 301 [3]
10 301 [1]
7 301 [4]
7 302 [4]
5 302 [6]
4 302 [7]
9 303 [1]
7 303 [3]
6 302 [5]
0 313 [0]
9 302 [2]
2 307 [4]
4 303 [6]
15 292 [6]
3 303 [7]
49 263 [2]
4 304 [6]
5 304 [5]
29 280 [5]
0 314 [0]
32 280 [2]
38 272 [4]
0 309 [5]
1 310 [4]
10 304 [1]
2 313 [0]
8 304 [3]
1 314 [0]
151 164 [0]
9 304 [2]
0 315 [0]
22 289 [4]
1 309 [5]
101 215 [0]
10 305 [1]
8 305 [3]
18 296 [2]
10 306 [1]
132 185 [0]
9 306 [2]
43 269 [5]
8 306 [3]
2 308 [7]
1 316 [0]
13 298 [6]
1 312 [4]
50 262 [5]
10 307 [1]
13 299 [6]
5 307 [6]
3 309 [6]
9 307 [2]
8 307 [3]
5 306 [7]
16 298 [4]
7 307 [4]
92 223 [3]
2 309 [7]
9 309 [1]
23 291 [5]
0 319 [0]
6 308 [5]
7 309 [3]
9 308 [2]
27 290 [2]
85 231 [3]
8 308 [3]
4 308 [7]
16 299 [4]
56 256 [7]
10 308 [1]
2 318 [0]
8 310 [3]
4 310 [7]
0 321 [0]
1 320 [0]
9 310 [2]
5 310 [6]
56 258 [7]
8 311 [3]
27 293 [2]
21 294 [7]
1 321 [0]
84 235 [3]
4 312 [7]
10 312 [1]
18 300 [5]
6 312 [5]
7 312 [4]
0 323 [0]
8 312 [3]
2 321 [0]
5 311 [7]
34 287 [2]
9 312 [2]
13 306 [5]
14 306 [4]
2 315 [7]
33 288 [3]
0 324 [0]
45 277 [2]
8 314 [3]
109 214 [2]
3 315 [7]
8 315 [2]
0 325 [0]
14 305 [6]
64 260 [1]
7 315 [3]
1 323 [1]
87 236 [2]
5 313 [7]
6 315 [4]
4 315 [6]
50 270 [5]
11 315 [0]
29 295 [2]
2 317 [7]
1 325 [0]
25 301 [0]
10 316 [1]
5 316 [6]
6 316 [5]
64 262 [1]
7 316 [4]
8 316 [3]
56 265 [6]
61 263 [3]
3 317 [7]
0 327 [0]
7 317 [3]
8 317 [2]
6 317 [4]
122 206 [0]
27 299 [2]
1 326 [1]
21 302 [5]
98 229 [1]
50 273 [6]
0 322 [7]
0 329 [0]
8 319 [3]
1 324 [5]
48 278 [4]
102 227 [1]
16 311 [4]
2 322 [7]
2 329 [0]
3 322 [6]
9 320 [2]
4 320 [7]
7 318 [6]
6 318 [7]
5 319 [7]
7 320 [4]
10 320 [1]
50 279 [2]
98 227 [6]
33 297 [1]
24 306 [1]
6 320 [5]
9 322 [1]
7 322 [3]
8 321 [3]
13 313 [6]
9 318 [5]
25 304 [3]
85 244 [3]
2 324 [7]
16 313 [4]
13 314 [6]
5 321 [7]
1 328 [4]
1 332 [0]
64 264 [5]
43 285 [5]
5 324 [5]
8 323 [3]
10 323 [1]
42 289 [3]
97 237 [0]
16 314 [4]
2 332 [0]
22 308 [4]
4 324 [6]
6 323 [5]
7 324 [4]
9 324 [2]
8 324 [3]
64 270 [1]
56 272 [7]
8 325 [3]
124 212 [0]
2 327 [7]
21 310 [5]
15 320 [1]
4 332 [0]
2 334 [0]
112 222 [2]
4 327 [6]
5 326 [6]
4 326 [7]
8 326 [3]
5 325 [7]
6 327 [4]
15 316 [6]
8 327 [2]
7 327 [3]
10 326 [1]
2 335 [0]
3 327 [7]
4 328 [6]
9 328 [1]
7 328 [3]
112 223 [3]
3 328 [7]
11 327 [0]
42 295 [1]
8 328 [2]
6 328 [4]
1 333 [5]
18 320 [1]
1 338 [0]
16 319 [4]
4 335 [0]
75 264 [1]
2 331 [7]
10 329 [1]
27 311 [2]
34 304 [2]
8 329 [3]
20 318 [2]
21 312 [7]
2 338 [0]
36 303 [1]
5 331 [5]
4 331 [6]
5 330 [6]
1 340 [0]
6 330 [5]
4 330 [7]
10 330 [1]
9 330 [2]
51 288 [2]
1 336 [4]
9 331 [2]
7 331 [4]
27 313 [2]
4 338 [0]
109 233 [0]
33 309 [1]
27 314 [2]
94 249 [0]
0 343 [0]
10 333 [1]
4 333 [7]
8 333 [3]
5 333 [6]
9 333 [2]
90 253 [1]
0 344 [0]
148 196 [0]
38 305 [2]
16 325 [4]
2 343 [0]
7 332 [6]
6 332 [7]
0 345 [0]
6 336 [4]
4 336 [6]
7 336 [3]
10 332 [4]
8 336 [2]
3 336 [7]
6 334 [6]
9 337 [1]
8 337 [2]
7 337 [3]
6 337 [4]
7 334 [6]
12 332 [3]
30 316 [1]
69 276 [2]
27 319 [2]
6 335 [7]
70 276 [2]
2 339 [7]
7 335 [6]
9 334 [5]
7 339 [3]
9 339 [1]
50 293 [6]
79 266 [4]
2 340 [7]
8 339 [2]
3 339 [7]
51 297 [1]
5 339 [5]
79 267 [3]
4 339 [6]
22 326 [1]
27 321 [2]
3 341 [6]
0 350 [0]
2 341 [7]
16 329 [5]
1 345 [4]
80 266 [4]
22 323 [5]
12 335 [3]
69 275 [7]
6 340 [5]
0 351 [0]
2 342 [7]
7 338 [6]
5 341 [5]
9 341 [1]
25 324 [2]
6 338 [7]
7 340 [4]
8 341 [2]
2 349 [0]
7 341 [3]
8 340 [3]
3 342 [7]
6 342 [4]
37 315 [0]
10 338 [4]
4 342 [6]
11 337 [4]
111 237 [4]
8 342 [2]
1 346 [5]
12 338 [3]
75 273 [5]
0 353 [0]
4 349 [0]
1 348 [4]
36 317 [0]
91 260 [3]
29 323 [2]
10 343 [1]
27 325 [2]
8 343 [3]
0 354 [0]
20 332 [2]
49 302 [3]
73 275 [6]
141 214 [0]
78 277 [0]
2 346 [7]
48 303 [4]
10 344 [1]
1 354 [0]
1 350 [4]
0 355 [0]
9 345 [2]
2 354 [0]
10 345 [1]
5 345 [6]
5 344 [7]
22 330 [4]
1 355 [0]
131 225 [0]
33 322 [1]
91 262 [3]
20 334 [2]
7 345 [4]
6 345 [5]
8 346 [3]
4 346 [7]
6 346 [5]
9 346 [2]
1 351 [5]
5 346 [6]
20 335 [2]
32 323 [2]
1 352 [5]
8 347 [3]
0 358 [0]
6 347 [5]
69 286 [3]
9 347 [2]
5 347 [6]
129 225 [4]
10 347 [1]
9 348 [2]
6 348 [5]
2 350 [7]
22 333 [4]
25 331 [3]
4 348 [7]
7 348 [4]
105 254 [0]
132 226 [1]
2 351 [7]
29 326 [5]
49 310 [1]
0 360 [0]
86 273 [1]
3 350 [7]
19 336 [5]
75 279 [6]
9 350 [1]
7 350 [3]
8 350 [2]
4 350 [6]
2 358 [0]
32 326 [2]
1 360 [0]
15 340 [6]
112 247 [2]
10 351 [1]
6 351 [5]
8 351 [3]
4 351 [7]
1 356 [5]
7 349 [6]
0 362 [0]
6 349 [7]
55 303 [4]
5 352 [6]
4 352 [7]
10 352 [1]
14 343 [6]
14 344 [5]
64 298 [1]
9 352 [2]
13 344 [6]
70 286 [7]
8 352 [3]
176 187 [0]
45 318 [1]
10 353 [1]
0 364 [0]
16 344 [4]
2 355 [7]
1 359 [4]
16 343 [5]
91 270 [3]
12 349 [3]
61 302 [1]
119 240 [5]
51 309 [4]
10 354 [1]
2 356 [7]
8 354 [3]
5 353 [7]
23 337 [5]
50 311 [4]
9 355 [2]
8 355 [3]
1 365 [0]
1 361 [4]
10 355 [1]
5 354 [7]
8 356 [3]
7 357 [3]
6 356 [5]
8 357 [2]
100 267 [0]
1 362 [4]
4 356 [7]
9 356 [2]
147 219 [1]
4 357 [6]
2 365 [0]
104 264 [0]
177 191 [0]
50 313 [5]
56 305 [7]
34 331 [3]
50 314 [5]
2 360 [7]
48 317 [4]
0 369 [0]
8 358 [3]
137 232 [0]
10 358 [1]
80 282 [7]
88 281 [0]
8 359 [3]
9 359 [2]
2 361 [7]
5 359 [6]
4 359 [7]
10 359 [1]
3 361 [6]
0 370 [0]
6 359 [5]
39 330 [1]
10 360 [1]
8 360 [3]
7 361 [3]
5 361 [5]
0 371 [0]
9 361 [1]
8 361 [2]
20 349 [2]
38 329 [4]
2 363 [7]
14 353 [5]
13 353 [6]
1 367 [4]
2 370 [0]
30 340 [2]
0 372 [0]
5 363 [5]
8 363 [2]
4 362 [7]
100 266 [7]
7 363 [3]
14 355 [4]
50 319 [4]
13 355 [5]
0 373 [0]
4 363 [6]
27 344 [2]
8 362 [3]
139 229 [5]
5 362 [6]
6 363 [4]
4 364 [6]
5 364 [5]
21 348 [5]
75 293 [6]
19 350 [5]
33 341 [1]
36 339 [0]
0 375 [0]
9 364 [2]
8 364 [3]
16 354 [5]
2 366 [7]
10 364 [1]
8 366 [2]
7 366 [3]
6 366 [4]
5 366 [5]
4 366 [6]
8 365 [3]
128 243 [5]
5 365 [7]
2 368 [7]
1 371 [5]
1 376 [0]
22 351 [4]
141 233 [3]
51 322 [4]
50 321 [6]
79 291 [7]
36 342 [0]
4 368 [6]
80 291 [7]
10 367 [1]
64 313 [1]
3 368 [7]
0 378 [0]
5 367 [6]
68 310 [0]
8 368 [2]
8 367 [3]
4 367 [7]
6 368 [4]
14 360 [4]
1 377 [0]
6 367 [5]
13 360 [5]
22 352 [4]
175 204 [0]
1 373 [5]
64 314 [1]
1 378 [0]
16 358 [5]
2 377 [0]
11 363 [5]
8 369 [3]
45 334 [1]
9 369 [2]
7 369 [4]
10 369 [1]
114 266 [0]
0 380 [0]
2 371 [7]
6 369 [5]
7 371 [3]
93 288 [0]
6 371 [4]
4 371 [6]
0 381 [0]
8 370 [3]
50 325 [6]
5 371 [5]
10 371 [1]
27 353 [2]
0 382 [0]
9 371 [2]
5 370 [7]
2 373 [7]
22 356 [4]
11 366 [5]
85 295 [2]
29 351 [2]
2 374 [7]
8 372 [3]
1 381 [1]
98 279 [6]
5 372 [7]
5 374 [5]
86 293 [5]
8 374 [2]
7 374 [3]
28 354 [2]
6 374 [4]
10 373 [1]
45 338 [1]
8 373 [3]
5 373 [6]
9 375 [1]
7 375 [3]
0 385 [0]
27 354 [4]
2 383 [0]
8 375 [2]
4 375 [6]
6 375 [4]
1 380 [4]
128 256 [1]
16 365 [4]
38 343 [4]
24 355 [6]
23 357 [5]
113 267 [5]
3 375 [7]
102 279 [5]
0 379 [7]
158 229 [0]
21 359 [7]
2 378 [7]
1 386 [0]
4 376 [7]
4 383 [0]
0 387 [0]
8 377 [3]
186 202 [0]
5 376 [7]
0 388 [0]
2 379 [7]
9 376 [3]
176 210 [2]
21 362 [5]
8 376 [4]
1 382 [5]
3 379 [6]
7 376 [5]
9 379 [1]
3 380 [6]
2 380 [7]
39 347 [3]
100 282 [7]
5 377 [7]
27 358 [4]
0 389 [0]
10 378 [1]
12 376 [1]
7 379 [3]
14 370 [6]
9 380 [1]
2 381 [7]
24 360 [6]
5 378 [7]
11 374 [5]
8 380 [2]
5 380 [5]
1 389 [0]
2 382 [7]
7 378 [6]
135 256 [0]
11 375 [5]
1 390 [0]
0 391 [0]
56 329 [7]
5 381 [6]
5 382 [5]
6 381 [5]
75 311 [6]
16 372 [4]
2 390 [0]
25 364 [3]
98 293 [1]
8 382 [3]
7 382 [4]
2 384 [7]
1 387 [5]
147 241 [5]
0 393 [0]
39 352 [3]
8 384 [2]
6 384 [4]
27 365 [2]
3 384 [7]
0 394 [0]
1 388 [5]
7 384 [3]
51 341 [2]
105 287 [2]
48 342 [5]
21 369 [5]
1 394 [0]
2 386 [7]
0 395 [0]
21 367 [7]
176 217 [2]
174 221 [0]
13 378 [5]
14 378 [4]
10 385 [1]
5 385 [6]
100 291 [5]
7 385 [4]
6 383 [7]
4 385 [7]
10 386 [1]
187 210 [0]
9 386 [2]
2 388 [7]
0 397 [0]
10 383 [4]
8 386 [3]
6 387 [5]
10 387 [1]
38 358 [2]
5 386 [7]
12 383 [3]
55 339 [4]
197 201 [0]
4 387 [7]
9 387 [2]
16 377 [5]
2 389 [7]
0 398 [0]
124 274 [1]
10 388 [1]
9 388 [2]
8 388 [3]
36 363 [0]
22 373 [4]
0 399 [0]
5 388 [6]
6 388 [5]
1 395 [4]
8 389 [3]
2 391 [7]
28 370 [2]
0 400 [0]
34 364 [2]
2 398 [0]
75 319 [6]
4 391 [6]
27 372 [2]
5 389 [7]
8 390 [3]
27 370 [4]
75 321 [5]
4 392 [6]
7 392 [3]
1 396 [5]
9 391 [2]
8 392 [2]
5 390 [7]
7 391 [4]
4 393 [6]
2 394 [7]
129 272 [2]
77 326 [0]
5 393 [5]
181 222 [0]
0 403 [0]
1 402 [0]
10 393 [1]
152 252 [0]
14 386 [4]
2 402 [0]
8 393 [3]
122 281 [1]
29 373 [2]
9 393 [2]
36 368 [0]
8 394 [3]
1 403 [1]
1 400 [4]
1 404 [0]
75 325 [5]
20 383 [2]
8 395 [3]
4 395 [7]
4 402 [0]
5 395 [6]
0 406 [0]
9 396 [2]
5 396 [6]
10 396 [1]
1 406 [0]
4 396 [7]
0 407 [0]
8 396 [3]
13 389 [6]
5 397 [6]
7 397 [4]
10 397 [1]
105 301 [2]
0 408 [0]
16 389 [4]
10 398 [1]
25 382 [2]
27 377 [5]
21 385 [3]
0 409 [0]
2 401 [7]
8 399 [3]
24 386 [0]
10 400 [1]
8 400 [3]
5 400 [6]
4 400 [7]
137 268 [6]
2 409 [0]
185 226 [0]
16 390 [5]
1 405 [5]
6 401 [5]
1 407 [4]
9 401 [2]
0 412 [0]
86 325 [1]
29 381 [2]
61 348 [3]
10 401 [1]
49 362 [1]
8 401 [3]
2 403 [7]
13 394 [6]
22 387 [4]
2 404 [7]
1 408 [4]
51 361 [1]
2 411 [0]
6 403 [5]
10 402 [2]
1 413 [0]
22 388 [4]
9 402 [3]
117 297 [0]
6 402 [6]
7 402 [5]
2 405 [7]
16 394 [4]
2 413 [0]
38 370 [7]
6 404 [5]
7 404 [4]
12 402 [1]
2 406 [7]
0 415 [0]
10 404 [1]
9 404 [2]
8 404 [3]
5 405 [6]
8 405 [3]
3 407 [6]
6 405 [5]
2 407 [7]
69 345 [2]
9 405 [2]
33 379 [4]
35 377 [4]
5 407 [5]
7 407 [3]
1 416 [0]
1 412 [4]
89 328 [0]
10 406 [1]
4 413 [0]
14 398 [6]
178 240 [0]
27 389 [2]
102 311 [5]
0 418 [0]
42 373 [3]
84 331 [3]
5 406 [7]
3 410 [6]
10 408 [1]
8 408 [3]
16 398 [5]
1 414 [4]
0 419 [0]
2 410 [7]
4 408 [7]
14 399 [6]
10 409 [1]
8 409 [3]
36 384 [0]
0 420 [0]
25 391 [4]
5 410 [5]
7 410 [3]
8 410 [2]
1 415 [5]
21 395 [5]
56 358 [7]
48 368 [5]
25 393 [3]
21 397 [3]
76 344 [1]
22 396 [4]
2 420 [0]
98 319 [5]
0 422 [0]
21 400 [2]
6 411 [6]
0 423 [0]
8 412 [3]
5 412 [6]
20 402 [1]
1 418 [4]
27 390 [6]
10 412 [1]
95 328 [0]
1 417 [5]
27 394 [2]
4 412 [7]
14 406 [4]
13 406 [5]
1 419 [4]
7 411 [6]
80 337 [7]
127 295 [2]
0 424 [0]
1 423 [1]
9 414 [2]
0 425 [0]
2 416 [7]
180 245 [0]
6 414 [5]
15 404 [6]
7 414 [4]
89 336 [0]
6 415 [5]
2 417 [7]
6 413 [7]
34 391 [1]
7 413 [6]
4 415 [7]
0 426 [0]
5 415 [6]
50 372 [4]
8 415 [3]
10 416 [1]
9 416 [2]
22 401 [4]
1 422 [4]
42 381 [4]
9 413 [5]
9 417 [2]
18 404 [6]
6 417 [5]
5 416 [7]
109 318 [1]
26 400 [2]
12 413 [3]
8 417 [3]
115 310 [3]
27 398 [4]
7 418 [4]
0 429 [0]
5 418 [6]
28 399 [2]
4 418 [7]
14 409 [6]
6 418 [5]
39 387 [3]
34 393 [2]
1 428 [0]
8 418 [3]
9 418 [2]
2 427 [0]
7 419 [4]
9 419 [2]
0 430 [0]
2 428 [0]
10 419 [1]
8 419 [3]
147 278 [5]
1 425 [4]
68 362 [0]
6 419 [5]
76 353 [1]
27 399 [4]
16 409 [5]
9 421 [1]
8 420 [3]
8 421 [2]
1 429 [1]
7 421 [3]
4 421 [6]
10 420 [1]
148 283 [0]
43 385 [3]
21 408 [2]
181 247 [3]
211 220 [0]
2 423 [7]
51 380 [1]
53 377 [2]
1 431 [0]
0 432 [0]
20 411 [2]
8 422 [3]
0 433 [0]
203 230 [0]
6 422 [5]
10 422 [1]
9 422 [2]
5 422 [6]
2 431 [0]
4 422 [7]
6 423 [5]
97 333 [4]
29 403 [2]
0 434 [0]
14 416 [4]
128 305 [1]
64 365 [5]
13 416 [5]
88 346 [0]
9 424 [2]
8 424 [3]
6 424 [5]
5 424 [6]
4 424 [7]
152 283 [0]
10 424 [1]
10 425 [1]
6 425 [5]
8 425 [3]
26 408 [2]
95 336 [5]
9 425 [2]
1 430 [5]
7 425 [4]
10 426 [1]
48 384 [5]
90 342 [5]
38 398 [1]
5 426 [7]
21 412 [5]
2 437 [0]
8 428 [3]
6 427 [6]
1 434 [4]
2 430 [7]
79 357 [3]
174 259 [6]
176 261 [2]
137 296 [6]
7 427 [6]
6 429 [5]
5 428 [7]
21 414 [5]
8 429 [3]
33 407 [0]
14 420 [6]
4 429 [7]
5 429 [6]
175 262 [3]
22 415 [4]
9 430 [2]
8 430 [3]
75 365 [1]
6 430 [5]
5 430 [6]
4 430 [7]
2 439 [0]
9 427 [5]
2 432 [7]
8 432 [2]
4 432 [6]
0 442 [0]
7 432 [3]
8 431 [3]
3 432 [7]
112 330 [0]
54 382 [6]
6 432 [4]
2 441 [0]
137 300 [6]
1 442 [0]
211 231 [1]
208 235 [0]
0 443 [0]
22 417 [4]
1 438 [4]
5 431 [7]
9 433 [2]
8 433 [3]
5 433 [6]
97 347 [0]
38 399 [7]
109 334 [1]
2 442 [0]
100 337 [7]
6 433 [5]
4 433 [7]
9 435 [1]
6 434 [5]
43 400 [2]
135 305 [5]
4 435 [6]
53 390 [2]
8 435 [2]
7 434 [4]
7 435 [3]
2 436 [7]
33 410 [2]
43 397 [5]
69 369 [7]
49 395 [1]
106 338 [1]
10 434 [1]
5 434 [6]
14 426 [5]
0 445 [0]
4 436 [6]
3 436 [7]
21 418 [7]
29 415 [2]
24 416 [6]
8 436 [2]
7 436 [3]
6 436 [4]
186 258 [2]
103 344 [0]
87 358 [2]
1 446 [0]
73 369 [6]
1 447 [0]
0 448 [0]
143 306 [0]
4 438 [7]
2 447 [0]
154 295 [0]
16 428 [5]
20 427 [2]
9 438 [2]
23 421 [5]
6 437 [6]
7 438 [4]
6 438 [5]
5 438 [6]
2 440 [7]
3 440 [7]
1 444 [5]
1 449 [0]
8 440 [2]
7 437 [6]
6 440 [4]
8 439 [3]
22 424 [4]
10 437 [4]
9 437 [5]
0 451 [0]
1 450 [0]
2 449 [0]
114 337 [0]
119 332 [1]
0 452 [0]
2 444 [7]
209 244 [0]
1 448 [4]
4 443 [6]
203 248 [2]
6 441 [6]
126 327 [0]
75 372 [6]
5 443 [5]
21 425 [7]
10 443 [1]
5 442 [7]
7 441 [6]
1 453 [0]
9 443 [2]
29 423 [2]
6 444 [5]
10 444 [1]
4 444 [7]
8 444 [3]
188 267 [0]
9 441 [5]
27 426 [2]
203 250 [2]
198 257 [0]
8 445 [3]
22 429 [5]
0 456 [0]
1 454 [1]
99 356 [1]
1 451 [4]
203 251 [2]
43 408 [5]
148 308 [0]
3 448 [6]
5 445 [7]
45 411 [1]
4 446 [7]
8 448 [2]
10 447 [1]
9 447 [2]
7 448 [3]
0 455 [3]
7 446 [5]
5 448 [5]
9 446 [3]
103 353 [2]
137 320 [1]
9 448 [1]
4 447 [7]
5 446 [7]
10 446 [2]
22 433 [4]
8 447 [4]
2 450 [7]
111 347 [1]
1 455 [3]
14 439 [6]
12 446 [1]
119 335 [5]
20 437 [2]
0 459 [0]
7 447 [5]
6 447 [6]
29 429 [2]
2 455 [3]
51 407 [2]
43 412 [5]
202 258 [0]
16 439 [5]
82 377 [1]
10 449 [1]
219 241 [0]
0 460 [0]
12 447 [1]
141 318 [1]
45 413 [2]
129 329 [2]
8 450 [3]
10 450 [1]
3 455 [3]
5 449 [7]
79 375 [7]
27 428 [6]
10 451 [1]
9 451 [2]
6 451 [5]
0 462 [0]
199 263 [0]
7 451 [4]
1 456 [5]
100 357 [5]
83 376 [3]
4 455 [3]
16 442 [4]
5 450 [7]
1 461 [0]
4 451 [7]
28 428 [6]
5 451 [6]
117 341 [4]
20 441 [2]
39 424 [0]
2 461 [0]
90 368 [5]
10 452 [1]
7 452 [4]
6 452 [5]
32 429 [2]
51 410 [2]
5 455 [3]
9 452 [2]
68 395 [0]
5 453 [6]
6 455 [3]
1 463 [0]
9 453 [2]
27 431 [6]
6 453 [5]
21 438 [5]
8 453 [3]
7 453 [4]
7 455 [2]
16 445 [4]
10 454 [1]
4 454 [7]
9 455 [1]
4 461 [0]
28 431 [6]
0 465 [0]
124 340 [1]
8 454 [3]
2 456 [7]
5 454 [6]
204 262 [0]
1 464 [1]
2 457 [7]
1 460 [5]
8 456 [3]
8 457 [2]
2 458 [7]
5 456 [6]
10 456 [1]
35 428 [4]
7 457 [3]
5 457 [5]
0 467 [0]
1 462 [4]
9 456 [2]
7 458 [3]
4 458 [6]
5 458 [5]
14 450 [4]
17 449 [2]
8 458 [2]
107 361 [0]
2 459 [7]
6 458 [4]
222 247 [0]
6 459 [4]
3 459 [7]
122 346 [1]
2 460 [7]
28 439 [2]
85 381 [3]
155 314 [0]
9 459 [1]
16 449 [4]
14 449 [6]
147 317 [5]
22 444 [4]
27 439 [4]
1 465 [4]
35 431 [4]
25 443 [3]
4 460 [7]
216 255 [0]
10 460 [1]
2 469 [0]
8 460 [3]
27 442 [2]
6 460 [5]
0 471 [0]
36 436 [0]
190 282 [0]
230 242 [0]
7 462 [4]
10 462 [1]
6 462 [5]
9 462 [2]
5 462 [6]
9 461 [3]
8 461 [4]
7 461 [5]
82 390 [1]
39 433 [1]
119 349 [5]
12 461 [1]
203 269 [2]
1 473 [0]
27 445 [2]
11 458 [5]
79 392 [3]
129 343 [2]
2 472 [0]
15 453 [6]
5 463 [7]
5 464 [6]
10 463 [2]
2 473 [0]
8 464 [3]
6 464 [5]
4 464 [7]
104 365 [6]
8 463 [4]
113 357 [5]
183 292 [0]
7 463 [5]
7 466 [3]
3 466 [7]
8 466 [2]
8 465 [3]
6 466 [4]
36 440 [0]
10 465 [1]
12 463 [1]
7 465 [4]
1 471 [4]
4 466 [6]
84 391 [1]
4 473 [0]
0 477 [0]
8 468 [2]
4 468 [6]
0 478 [0]
7 468 [3]
1 477 [0]
61 414 [3]
9 468 [1]
21 452 [5]
1 476 [1]
145 333 [0]
2 470 [7]
21 451 [7]
5 467 [7]
34 443 [2]
176 298 [5]
24 450 [5]
3 471 [6]
2 471 [7]
5 470 [5]
167 313 [0]
4 470 [6]
221 259 [0]
176 299 [5]
0 475 [5]
115 362 [3]
101 376 [3]
10 470 [1]
2 479 [0]
0 481 [0]
8 470 [3]
5 471 [5]
7 471 [3]
7 470 [4]
22 454 [5]
9 470 [2]
6 469 [6]
22 456 [4]
173 309 [0]
7 469 [6]
1 481 [0]
92 387 [3]
11 468 [4]
10 472 [1]
8 472 [3]
10 469 [4]
9 469 [5]
53 428 [2]
3 475 [6]
2 475 [7]
38 439 [7]
30 453 [1]
0 484 [0]
8 474 [3]
8 475 [2]
5 474 [6]
7 475 [3]
10 474 [1]
5 475 [5]
66 415 [4]
9 474 [2]
4 474 [7]
6 474 [5]
7 473 [6]
53 431 [2]
1 480 [5]
22 460 [4]
13 467 [6]
6 473 [7]
10 476 [1]
5 476 [6]
1 482 [4]
23 459 [5]
107 380 [0]
140 347 [0]
4 476 [7]
8 476 [3]
16 467 [4]
87 398 [2]
1 483 [4]
8 477 [3]
32 454 [2]
180 303 [5]
0 488 [0]
2 480 [7]
10 478 [1]
5 477 [7]
21 465 [3]
0 487 [2]
203 285 [2]
5 478 [7]
10 479 [1]
8 479 [3]
1 487 [2]
147 342 [1]
22 464 [4]
2 487 [2]
6 480 [5]
0 491 [0]
29 460 [2]
1 490 [0]
8 480 [3]
5 479 [7]
20 469 [2]
9 480 [2]
33 457 [2]
3 487 [2]
3 483 [6]
8 481 [3]
1 486 [5]
78 413 [1]
85 403 [4]
14 472 [6]
8 483 [2]
5 481 [7]
1 492 [0]
6 482 [5]
48 440 [5]
2 484 [7]
7 483 [3]
9 483 [1]
5 483 [5]
16 472 [5]
9 482 [2]
2 491 [0]
7 482 [4]
0 493 [0]
97 396 [0]
5 487 [2]
4 484 [6]
2 485 [7]
106 383 [5]
3 485 [6]
5 484 [5]
0 494 [0]
36 458 [0]
9 484 [2]
6 487 [2]
10 484 [1]
20 473 [2]
8 485 [2]
7 485 [3]
8 484 [3]
69 419 [7]
7 484 [4]
0 495 [0]
29 464 [2]
173 322 [0]
5 485 [5]
7 487 [2]
27 467 [2]
23 468 [5]
0 496 [0]
10 486 [1]
1 495 [1]
0 497 [0]
88 405 [4]
183 307 [7]
14 478 [5]
145 352 [0]
13 478 [6]
100 392 [5]
6 486 [5]
4 486 [7]
9 487 [1]
16 477 [4]
8 486 [3]
16 478 [4]
2 489 [7]
25 470 [3]
32 464 [2]
73 419 [6]
219 278 [1]
4 489 [6]
3 489 [7]
7 489 [3]
6 489 [4]
10 488 [1]
61 438 [1]
0 500 [0]
232 268 [0]
5 488 [7]
51 448 [1]
79 421 [0]
1 499 [0]
16 479 [5]
1 500 [0]
16 481 [4]
5 490 [6]
69 425 [7]
50 445 [6]
4 490 [7]
93 407 [1]
2 500 [0]
8 490 [4]
10 491 [1]
9 490 [3]
6 490 [6]
7 490 [5]
8 491 [3]
36 466 [0]
21 474 [7]
56 439 [7]
10 490 [2]
133 370 [0]
9 492 [2]
22 476 [5]
8 492 [3]
119 383 [1]
7 492 [4]
6 492 [5]
76 426 [1]
4 500 [0]
8 493 [3]
5 500 [0]
6 494 [5]
2 499 [4]
7 494 [4]
1 504 [0]
10 494 [1]
5 493 [7]
9 494 [2]
2 503 [0]
108 398 [0]
27 477 [2]
34 470 [2]
69 434 [3]
227 279 [0]
2 497 [7]
1 505 [0]
6 495 [5]
5 495 [6]
22 480 [4]
7 497 [3]
9 496 [2]
4 497 [6]
27 478 [2]
4 496 [7]
5 496 [6]
10 496 [1]
33 471 [3]
70 434 [3]
64 442 [1]
6 497 [4]
8 497 [2]
0 501 [6]
74 433 [0]
2 505 [0]
195 312 [0]
8 500 [0]
21 482 [5]
9 500 [0]
10 498 [1]
9 498 [2]
8 498 [3]
6 498 [5]
33 475 [1]
5 498 [6]
2 501 [6]
9 499 [2]
2 508 [0]
113 392 [5]
5 501 [4]
47 461 [2]
5 499 [6]
27 481 [2]
4 499 [7]
3 501 [6]
8 499 [3]
51 457 [2]
32 476 [2]
7 499 [4]
9 501 [1]
8 501 [2]
6 501 [4]
2 502 [7]
7 501 [3]
0 511 [0]
4 502 [6]
16 491 [5]
27 479 [6]
85 423 [4]
8 502 [2]
115 395 [2]
7 502 [3]
6 502 [4]
22 486 [4]
3 502 [7]
1 507 [5]
15 492 [6]
28 479 [6]
43 465 [5]
79 435 [0]
8 503 [3]
181 330 [3]
178 335 [1]
10 503 [1]
82 431 [1]
10 504 [1]
8 504 [3]
7 504 [4]
6 504 [5]
4 504 [7]
5 503 [7]
2 507 [7]
147 368 [1]
8 506 [3]
8 505 [4]
9 505 [3]
10 506 [1]
7 505 [5]
2 515 [0]
9 506 [2]
27 488 [2]
5 506 [6]
99 417 [1]
2 509 [7]
1 516 [1]
48 466 [4]
9 507 [2]
8 507 [3]
35 479 [4]
4 507 [7]
12 505 [1]
1 512 [5]
0 518 [0]
8 509 [2]
4 509 [6]
8 508 [3]
241 278 [0]
2 510 [7]
1 513 [5]
6 509 [4]
10 508 [1]
3 509 [7]
7 509 [3]
3 510 [7]
8 510 [2]
2 518 [0]
15 504 [1]
5 510 [5]
15 499 [6]
9 510 [1]
0 520 [0]
34 484 [2]
7 510 [3]
6 510 [4]
2 512 [7]
22 495 [4]
57 459 [5]
109 411 [1]
0 521 [0]
6 511 [5]
22 500 [0]
27 493 [2]
10 511 [1]
50 467 [5]
9 511 [2]
2 513 [7]
7 511 [4]
6 512 [5]
14 503 [6]
0 523 [0]
9 512 [2]
18 504 [1]
8 512 [3]
30 492 [1]
3 514 [6]
2 514 [7]
10 513 [1]
8 514 [2]
0 524 [0]
8 513 [3]
16 503 [5]
7 514 [3]
9 513 [2]
5 514 [5]
0 517 [7]
1 519 [4]
6 513 [5]
75 445 [5]
36 489 [0]
0 525 [0]
3 517 [6]
10 515 [1]
2 517 [7]
8 515 [3]
29 495 [2]
0 526 [0]
7 517 [3]
9 517 [1]
4 516 [7]
8 516 [3]
9 516 [2]
5 516 [6]
14 508 [6]
69 452 [7]
100 421 [7]
1 528 [0]
16 508 [5]
8 518 [3]
213 316 [0]
0 529 [0]
7 519 [4]
2 528 [0]
9 519 [2]
4 519 [7]
1 525 [4]
99 430 [1]
51 475 [4]
122 405 [4]
5 520 [6]
8 520 [3]
6 520 [5]
117 410 [4]
232 296 [3]
1 530 [0]
1 529 [1]
73 452 [6]
9 520 [2]
0 531 [0]
77 454 [0]
64 467 [1]
7 522 [3]
8 522 [2]
3 523 [6]
4 522 [6]
1 526 [5]
86 445 [1]
2 530 [0]
5 523 [5]
7 523 [3]
9 523 [1]
232 300 [1]
22 507 [4]
103 426 [4]
1 527 [5]
127 403 [3]
50 477 [6]
38 491 [4]
2 525 [7]
53 479 [2]
69 462 [3]
0 534 [0]
250 285 [0]
7 525 [3]
4 525 [6]
9 525 [1]
83 446 [6]
3 525 [7]
10 524 [1]
2 526 [7]
157 378 [0]
51 483 [1]
28 503 [4]
143 386 [6]
179 356 [0]
0 535 [0]
2 533 [0]
5 524 [7]
16 515 [5]
27 503 [6]
91 442 [3]
219 317 [0]
0 536 [0]
8 526 [3]
5 526 [6]
14 518 [5]
9 526 [2]
50 481 [6]
6 526 [5]
2 535 [0]
0 537 [0]
4 527 [7]
10 527 [1]
0 538 [0]
2 536 [0]
5 527 [6]
39 496 [3]
8 527 [3]
22 512 [4]
33 501 [4]
1 532 [5]
6 527 [5]
36 502 [0]
22 513 [4]
10 528 [1]
8 528 [3]
16 518 [5]
227 311 [1]
208 331 [0]
0 539 [0]
4 529 [7]
5 529 [6]
10 529 [1]
129 409 [2]
51 485 [4]
35 503 [2]
2 538 [0]
13 521 [6]
5 528 [7]
39 498 [3]
2 532 [7]
16 521 [4]
42 495 [4]
113 421 [7]
109 427 [5]
145 396 [0]
0 541 [0]
238 304 [0]
10 531 [1]
22 516 [4]
7 530 [5]
6 530 [6]
100 435 [7]
0 542 [0]
10 530 [3]
4 532 [7]
9 530 [4]
5 531 [7]
0 543 [0]
9 532 [2]
6 532 [5]
13 524 [6]
16 524 [4]
8 533 [3]
12 530 [2]
0 544 [0]
8 534 [3]
21 519 [5]
9 534 [2]
4 534 [7]
5 533 [7]
5 534 [6]
1 544 [0]
36 509 [0]
6 534 [5]
10 535 [1]
61 482 [3]
0 546 [0]
2 537 [7]
64 477 [5]
22 520 [4]
8 535 [3]
36 510 [0]
10 536 [1]
8 536 [3]
1 546 [0]
50 493 [4]
227 319 [1]
188 357 [2]
0 547 [0]
39 506 [3]
245 303 [0]
5 537 [6]
8 537 [3]
27 515 [6]
28 518 [2]
6 537 [5]
0 548 [0]
8 538 [3]
16 528 [5]
28 515 [6]
19 525 [5]
7 539 [4]
9 540 [1]
14 531 [5]
199 348 [3]
10 539 [1]
27 521 [2]
0 550 [0]
8 540 [2]
38 508 [4]
7 540 [3]
13 531 [6]
109 437 [4]
5 539 [6]
2 543 [5]
23 522 [5]
4 540 [6]
233 318 [0]
16 531 [4]
20 530 [1]
79 468 [4]
129 420 [2]
80 468 [4]
8 541 [3]
113 435 [4]
5 541 [6]
4 541 [7]
22 526 [4]
212 340 [0]
9 541 [2]
83 463 [6]
27 524 [2]
75 477 [1]
1 552 [0]
101 446 [6]
2 544 [7]
1 548 [4]
77 476 [0]
7 543 [3]
6 543 [4]
5 543 [5]
4 543 [6]
8 542 [3]
10 543 [1]
35 515 [4]
2 552 [0]
33 517 [4]
1 553 [0]
47 505 [2]
9 543 [2]
8 544 [3]
39 516 [0]
107 448 [0]
109 441 [5]
148 401 [6]
2 553 [0]
1 554 [0]
6 545 [5]
10 545 [1]
0 556 [0]
5 545 [6]
2 554 [0]
14 536 [6]
1 555 [0]
16 535 [5]
22 529 [5]
4 552 [0]
4 545 [7]
8 545 [3]
16 536 [5]
173 379 [5]
0 557 [0]
33 523 [1]
2 555 [0]
8 546 [3]
4 553 [0]
2 548 [7]
75 481 [1]
7 548 [3]
5 546 [7]
4 554 [0]
22 532 [4]
76 478 [4]
4 548 [6]
9 548 [1]
14 538 [6]
8 547 [3]
3 548 [7]
5 547 [7]
7 549 [3]
152 401 [6]
1 558 [0]
2 550 [7]
8 549 [2]
4 549 [6]
60 500 [0]
27 531 [2]
39 520 [1]
1 559 [0]
0 560 [0]
5 550 [6]
8 550 [3]
6 550 [5]
2 559 [0]
27 528 [6]
8 551 [2]
256 305 [0]
9 551 [1]
154 403 [4]
10 550 [1]
6 551 [4]
7 551 [3]
0 561 [0]
4 550 [7]
14 542 [6]
27 533 [2]
1 561 [0]
178 383 [1]
0 562 [0]
48 510 [5]
22 537 [4]
38 518 [7]
0 563 [0]
4 559 [0]
29 529 [5]
13 544 [6]
32 529 [2]
126 432 [5]
2 561 [0]
268 296 [0]
16 544 [4]
5 552 [7]
1 562 [1]
6 552 [6]
8 552 [4]
7 552 [5]
12 552 [1]
143 416 [6]
93 471 [1]
157 406 [2]
0 565 [0]
16 546 [4]
2 557 [7]
9 554 [3]
8 554 [4]
27 535 [4]
7 553 [6]
8 556 [3]
27 536 [4]
0 567 [0]
7 555 [5]
9 555 [3]
8 555 [4]
10 556 [1]
35 528 [4]
16 547 [4]
9 553 [5]
12 554 [1]
6 555 [6]
11 551 [5]
28 538 [2]
2 566 [0]
0 568 [0]
12 555 [1]
23 540 [5]
12 553 [3]
5 557 [6]
8 557 [3]
29 537 [2]
76 488 [4]
6 557 [5]
8 558 [3]
7 558 [4]
268 300 [1]
6 558 [5]
2 560 [7]
4 558 [7]
27 538 [4]
1 563 [5]
51 514 [4]
1 564 [5]
3 560 [7]
53 515 [2]
101 463 [6]
69 494 [7]
9 560 [1]
7 560 [3]
6 560 [4]
2 562 [7]
9 559 [3]
8 559 [4]
7 559 [5]
6 559 [6]
233 334 [4]
28 542 [2]
12 559 [1]
51 517 [4]
141 427 [4]
2 570 [0]
27 542 [4]
73 494 [6]
9 561 [3]
0 573 [0]
6 562 [5]
21 545 [7]
5 561 [7]
5 563 [6]
9 563 [2]
0 574 [0]
8 563 [3]
4 563 [7]
4 570 [0]
6 563 [5]
192 382 [0]
39 534 [1]
9 564 [2]
5 564 [6]
1 574 [0]
38 535 [2]
10 564 [1]
0 575 [0]
176 394 [5]
27 546 [2]
8 564 [3]
184 391 [0]
240 335 [0]
51 523 [1]
20 553 [2]
8 565 [3]
50 521 [5]
1 575 [0]
10 565 [1]
8 561 [7]
14 556 [6]
27 547 [2]
8 566 [3]
2 568 [7]
23 549 [5]
8 567 [3]
5 566 [7]
1 573 [4]
117 457 [4]
15 558 [5]
124 453 [1]
10 568 [1]
9 568 [2]
83 490 [6]
0 579 [0]
9 569 [2]
4 569 [7]
6 569 [5]
5 569 [6]
7 569 [4]
17 561 [2]
99 480 [1]
56 518 [7]
38 536 [7]
16 561 [4]
14 561 [6]
18 558 [5]
39 541 [1]
0 581 [0]
154 423 [4]
8 571 [3]
109 469 [4]
141 437 [4]
10 571 [1]
188 392 [2]
42 537 [3]
0 582 [0]
2 574 [7]
6 570 [7]
106 473 [4]
8 572 [3]
38 538 [7]
1 577 [5]
53 528 [2]
10 572 [1]
61 519 [3]
85 495 [3]
22 557 [4]
1 583 [0]
5 573 [6]
1 579 [4]
0 584 [0]
10 573 [1]
6 573 [5]
9 573 [2]
8 573 [3]
10 570 [4]
147 436 [1]
216 366 [2]
9 574 [2]
8 574 [3]
12 570 [3]
113 468 [4]
31 552 [2]
0 585 [0]
60 526 [0]
5 574 [7]
0 586 [0]
2 577 [7]
10 575 [1]
64 521 [1]
2 584 [0]
141 441 [4]
14 568 [5]
2 578 [7]
69 511 [7]
43 539 [5]
13 568 [6]
16 567 [4]
38 542 [7]
5 575 [7]
1 582 [4]
4 576 [7]
5 576 [6]
9 577 [2]
6 577 [5]
287 301 [0]
7 576 [5]
9 578 [1]
0 588 [0]
16 568 [4]
23 560 [5]
6 576 [6]
8 576 [4]
8 578 [2]
4 578 [6]
8 577 [3]
6 578 [4]
4 577 [7]
10 576 [2]
5 578 [5]
3 578 [7]
9 576 [3]
22 563 [4]
12 576 [1]
6 579 [5]
2 581 [7]
73 511 [6]
186 399 [5]
5 579 [6]
10 579 [1]
8 579 [3]
3 581 [6]
4 579 [7]
9 580 [2]
1 590 [0]
0 591 [0]
5 581 [5]
216 374 [1]
4 580 [7]
9 581 [1]
2 589 [0]
10 580 [1]
14 571 [6]
7 581 [3]
5 580 [6]
92 496 [3]
2 586 [4]
13 574 [5]
16 571 [5]
20 570 [2]
107 483 [2]
14 574 [4]
10 582 [1]
9 582 [2]
8 582 [3]
240 349 [4]
119 473 [1]
203 385 [5]
7 582 [4]
1 587 [5]
5 582 [6]
273 321 [0]
17 575 [2]
0 594 [0]
28 565 [2]
8 584 [3]
5 583 [7]
16 575 [4]
27 566 [2]
97 498 [0]
10 583 [2]
14 575 [6]
8 583 [4]
21 569 [5]
103 488 [4]
296 300 [0]
10 585 [1]
6 586 [4]
5 584 [7]
1 591 [4]
27 567 [2]
117 475 [4]
2 587 [7]
98 493 [5]
5 586 [5]
3 586 [7]
74 520 [2]
1 595 [0]
7 586 [3]
38 556 [2]
8 586 [2]
12 583 [1]
8 585 [3]
179 417 [0]
11 586 [0]
90 502 [5]
0 597 [0]
56 536 [6]
9 587 [2]
44 550 [4]
8 587 [3]
0 598 [0]
6 587 [5]
148 444 [6]
4 587 [7]
292 307 [0]
10 588 [1]
8 588 [3]
45 553 [1]
143 450 [6]
3 591 [6]
56 538 [6]
2 591 [7]
102 493 [5]
8 589 [3]
227 372 [1]
0 600 [0]
8 590 [3]
1 596 [4]
2 592 [7]
21 573 [7]
1 599 [1]
272 329 [0]
7 591 [3]
5 591 [5]
10 590 [1]
4 592 [6]
8 592 [2]
42 557 [3]
3 592 [7]
28 572 [2]
0 602 [0]
7 592 [3]
5 590 [7]
2 593 [7]
4 593 [6]
280 323 [0]
8 593 [2]
5 593 [5]
7 593 [3]
9 593 [1]
97 506 [0]
50 547 [6]
129 472 [2]
47 554 [2]
1 603 [0]
11 593 [0]
2 595 [7]
90 509 [5]
24 574 [6]
79 522 [3]
219 384 [1]
47 555 [2]
76 524 [4]
88 512 [4]
8 594 [3]
56 542 [7]
14 585 [6]
38 565 [2]
203 397 [5]
3 597 [6]
22 580 [4]
5 594 [7]
2 597 [7]
202 399 [5]
238 364 [4]
77 529 [0]
8 595 [3]
39 564 [3]
117 485 [4]
5 597 [5]
9 597 [1]
99 507 [1]
9 596 [2]
7 596 [4]
1 606 [0]
21 579 [7]
6 596 [5]
4 596 [7]
5 595 [7]
2 605 [0]
14 590 [4]
1 607 [0]
14 588 [6]
47 559 [2]
40 568 [0]
14 589 [6]
2 607 [0]
8 598 [3]
4 605 [0]
64 544 [1]
16 588 [5]
8 599 [3]
5 599 [6]
4 599 [7]
2 601 [7]
0 610 [0]
9 599 [2]
10 599 [1]
16 589 [5]
10 600 [1]
5 601 [5]
0 611 [0]
4 601 [6]
263 348 [0]
206 405 [0]
112 496 [3]
38 572 [2]
7 601 [4]
5 600 [7]
0 612 [0]
10 601 [1]
8 601 [3]
97 516 [0]
38 571 [4]
0 613 [0]
4 602 [7]
2 604 [7]
22 587 [4]
27 584 [2]
5 602 [6]
188 421 [4]
6 602 [5]
10 602 [1]
9 602 [2]
8 602 [3]
16 594 [4]
7 604 [3]
5 604 [5]
6 604 [4]
0 614 [0]
8 604 [2]
13 595 [6]
75 533 [6]
10 603 [1]
8 603 [3]
36 578 [0]
147 466 [1]
2 606 [7]
16 595 [4]
5 603 [7]
91 521 [3]
33 581 [1]
74 534 [7]
74 541 [1]
2 608 [7]
9 606 [2]
124 492 [1]
1 616 [0]
10 606 [1]
8 606 [3]
203 412 [2]
3 608 [6]
141 469 [7]
230 385 [2]
255 363 [0]
8 608 [2]
7 605 [6]
7 608 [3]
5 608 [5]
3 609 [6]
2 609 [7]
14 598 [6]
1 612 [5]
6 605 [7]
2 613 [4]
7 609 [3]
24 590 [5]
199 414 [6]
16 598 [5]
13 600 [6]
9 609 [1]
28 589 [2]
27 588 [4]
5 607 [7]
79 540 [0]
56 556 [7]
9 605 [5]
27 589 [4]
16 600 [4]
1 619 [0]
0 620 [0]
11 604 [5]
10 610 [1]
9 610 [2]
276 345 [0]
12 605 [4]
14 603 [4]
50 567 [4]
2 612 [7]
6 610 [5]
2 615 [4]
8 610 [3]
5 610 [6]
272 343 [6]
8 611 [3]
5 612 [5]
1 621 [0]
10 611 [1]
255 366 [1]
21 596 [5]
129 491 [2]
39 580 [3]
4 613 [6]
8 612 [3]
1 622 [0]
6 613 [4]
3 613 [7]
7 612 [4]
8 613 [2]
2 621 [0]
75 547 [1]
14 606 [4]
88 532 [4]
27 595 [2]
2 622 [0]
13 606 [5]
11 613 [0]
1 623 [0]
87 535 [2]
111 506 [7]
267 357 [0]
97 527 [0]
159 466 [0]
22 599 [4]
2 623 [0]
164 461 [0]
0 625 [0]
244 381 [0]
8 614 [3]
1 620 [4]
2 619 [4]
38 585 [2]
5 615 [6]
5 614 [7]
8 615 [3]
10 615 [1]
9 615 [2]
7 615 [4]
75 546 [5]
186 439 [1]
4 615 [7]
4 616 [7]
188 435 [4]
16 607 [4]
33 591 [3]
100 522 [5]
0 627 [0]
10 617 [1]
9 616 [3]
1 627 [0]
7 618 [3]
3 618 [7]
8 618 [2]
28 598 [2]
0 628 [0]
6 617 [5]
126 497 [5]
9 617 [2]
22 602 [4]
6 616 [6]
20 605 [3]
56 565 [7]
7 616 [5]
9 618 [1]
5 617 [6]
10 616 [2]
36 592 [0]
2 626 [0]
27 600 [2]
12 616 [1]
0 629 [0]
27 598 [4]
230 397 [2]
36 593 [0]
2 627 [0]
25 601 [3]
8 619 [3]
10 619 [1]
7 619 [4]
1 624 [5]
5 619 [6]
9 619 [2]
255 374 [1]
5 620 [6]
8 620 [3]
10 620 [1]
4 620 [7]
103 524 [4]
309 322 [0]
6 620 [5]
14 611 [6]
61 569 [1]
48 578 [5]
33 597 [1]
8 621 [3]
98 533 [1]
78 553 [1]
24 603 [5]
0 632 [0]
2 624 [7]
51 581 [1]
8 622 [3]
38 588 [7]
0 633 [0]
5 621 [7]
86 546 [1]
56 571 [7]
16 614 [4]
5 622 [7]
8 623 [3]
1 632 [1]
38 589 [7]
6 624 [5]
9 624 [2]
117 514 [4]
4 624 [7]
2 628 [5]
56 572 [7]
238 393 [4]
122 512 [1]
1 629 [5]
5 623 [7]
10 625 [1]
1 631 [4]
24 606 [6]
0 636 [0]
27 607 [2]
15 615 [6]
1 635 [0]
22 610 [4]
5 625 [7]
147 489 [1]
167 467 [3]
0 637 [0]
7 628 [3]
6 626 [6]
165 473 [0]
80 551 [7]
5 628 [5]
4 628 [6]
6 628 [4]
8 627 [3]
2 629 [7]
10 628 [1]
7 626 [6]
9 628 [2]
1 638 [0]
5 627 [7]
1 637 [1]
25 612 [2]
129 508 [2]
174 459 [6]
5 629 [6]
196 444 [0]
10 626 [4]
185 452 [3]
9 626 [5]
113 522 [5]
15 619 [6]
6 629 [5]
148 486 [6]
8 629 [3]
2 638 [0]
2 632 [7]
10 630 [1]
10 631 [1]
7 631 [4]
5 630 [7]
0 642 [0]
2 640 [0]
4 638 [0]
9 631 [2]
5 631 [6]
16 621 [5]
6 631 [5]
27 611 [4]
1 641 [0]
1 636 [5]
111 527 [4]
4 632 [7]
10 632 [1]
8 632 [3]
5 632 [6]
27 614 [2]
38 598 [7]
2 641 [0]
22 620 [1]
6 634 [4]
4 634 [6]
117 523 [4]
0 644 [0]
9 634 [1]
13 625 [6]
8 633 [3]
16 623 [5]
8 634 [2]
10 633 [1]
1 643 [0]
48 592 [5]
85 557 [3]
2 643 [0]
16 625 [4]
140 498 [7]
2 636 [7]
1 639 [5]
4 641 [0]
33 609 [4]
5 635 [6]
4 635 [7]
94 550 [2]
9 636 [2]
6 636 [5]
2 645 [0]
5 636 [6]
16 627 [4]
10 635 [2]
9 635 [3]
0 647 [0]
8 635 [4]
100 540 [7]
75 566 [6]
137 504 [6]
8 636 [3]
7 635 [5]
12 635 [1]
56 585 [7]
4 637 [7]
75 567 [6]
2 642 [4]
0 648 [0]
10 637 [1]
49 596 [3]
2 639 [7]
8 637 [3]
233 411 [4]
13 630 [6]
39 610 [0]
51 597 [1]
16 630 [4]
22 624 [4]
8 639 [3]
1 649 [0]
6 639 [5]
198 449 [3]
50 594 [6]
147 502 [1]
56 588 [6]
50 595 [5]
1 644 [5]
10 640 [1]
27 622 [2]
8 640 [3]
7 638 [6]
6 638 [7]
85 562 [4]
27 621 [3]
6 642 [4]
3 642 [7]
56 589 [7]
1 646 [5]
318 334 [0]
45 605 [2]
8 642 [2]
1 647 [4]
7 642 [3]
22 629 [2]
294 359 [0]
11 642 [0]
14 633 [6]
9 641 [3]
140 506 [7]
8 641 [4]
6 641 [6]
12 638 [3]
8 643 [3]
12 641 [1]
69 582 [3]
100 549 [5]
36 618 [0]
0 654 [0]
10 644 [1]
8 644 [3]
6 644 [5]
2 646 [7]
5 643 [7]
1 654 [0]
122 532 [1]
27 623 [5]
38 611 [7]
219 436 [1]
0 656 [0]
8 646 [3]
9 646 [2]
0 657 [0]
2 648 [7]
2 655 [0]
10 646 [1]
113 540 [4]
28 623 [6]
6 646 [5]
258 399 [0]
6 647 [5]
10 647 [1]
9 647 [2]
7 647 [4]
100 551 [7]
1 652 [5]
1 653 [4]
7 645 [6]
5 647 [6]
8 648 [3]
39 617 [3]
27 630 [2]
9 645 [5]
6 648 [5]
70 582 [7]
5 648 [6]
179 480 [0]
9 650 [1]
4 649 [7]
0 660 [0]
20 638 [2]
29 629 [2]
14 640 [6]
5 649 [6]
8 650 [2]
1 659 [0]
83 576 [1]
2 651 [7]
64 595 [1]
219 440 [1]
56 598 [6]
4 651 [6]
8 651 [2]
7 649 [5]
2 659 [0]
3 651 [7]
294 367 [0]
9 651 [1]
6 649 [6]
9 649 [3]
5 651 [5]
145 516 [0]
8 649 [4]
97 564 [0]
16 640 [5]
6 651 [4]
3 653 [6]
2 653 [7]
12 649 [1]
1 656 [5]
0 662 [0]
23 634 [5]
10 652 [1]
7 653 [3]
6 652 [5]
99 563 [1]
0 663 [0]
51 608 [4]
8 653 [2]
5 653 [5]
4 652 [7]
41 620 [2]
1 657 [5]
27 633 [4]
22 637 [5]
233 427 [4]
114 551 [0]
98 566 [1]
87 571 [7]
2 656 [7]
22 639 [4]
8 654 [3]
1 663 [1]
88 577 [0]
11 650 [4]
75 584 [6]
1 664 [0]
152 513 [0]
0 665 [0]
2 660 [4]
2 664 [0]
10 655 [1]
5 654 [7]
2 657 [7]
5 656 [5]
8 655 [3]
267 392 [7]
0 666 [0]
113 549 [5]
9 656 [2]
0 667 [0]
8 656 [3]
7 656 [4]
20 645 [2]
2 658 [7]
5 657 [6]
7 658 [3]
8 658 [2]
0 668 [0]
6 657 [5]
4 664 [0]
6 658 [4]
1 667 [0]
4 657 [7]
4 658 [6]
22 644 [2]
8 657 [3]
2 667 [0]
102 567 [1]
2 661 [7]
48 618 [4]
8 660 [2]
4 660 [6]
50 614 [6]
6 660 [4]
203 465 [2]
10 659 [1]
3 660 [7]
2 662 [7]
5 661 [5]
32 637 [2]
29 637 [5]
0 671 [0]
11 660 [0]
5 659 [7]
9 662 [1]
64 607 [1]
1 671 [0]
83 583 [6]
6 662 [4]
8 661 [3]
22 646 [4]
3 662 [7]
10 661 [1]
7 661 [4]
0 672 [0]
7 662 [3]
2 671 [0]
233 437 [3]
13 654 [6]
56 611 [6]
1 668 [4]
27 643 [3]
42 629 [2]
6 663 [5]
5 663 [6]
16 654 [4]
2 665 [7]
22 648 [4]
14 655 [6]
86 584 [5]
75 594 [6]
88 587 [0]
164 505 [6]
6 665 [5]
5 665 [6]
8 665 [3]
0 676 [0]
16 655 [5]
53 621 [2]
10 666 [1]
7 664 [6]
55 618 [4]
139 533 [5]
9 664 [5]
23 650 [5]
0 678 [0]
215 463 [0]
53 623 [2]
22 652 [4]
5 666 [7]
1 672 [5]
1 673 [4]
50 622 [6]
6 668 [5]
5 667 [7]
0 679 [0]
9 668 [2]
29 648 [2]
7 668 [4]
7 669 [3]
10 668 [1]
12 664 [3]
5 668 [6]
2 670 [7]
111 564 [4]
8 668 [3]
8 669 [2]
1 675 [4]
6 670 [4]
16 659 [5]
0 680 [0]
7 670 [3]
44 632 [4]
76 600 [4]
4 670 [6]
8 670 [2]
2 672 [7]
106 570 [5]
1 676 [4]
0 681 [0]
10 671 [1]
8 667 [7]
50 627 [5]
38 640 [4]
221 459 [2]
185 494 [3]
9 672 [2]
3 674 [6]
22 657 [4]
5 672 [6]
4 672 [7]
25 656 [2]
2 674 [7]
98 584 [1]
263 414 [6]
5 671 [7]
10 673 [1]
8 673 [3]
196 486 [2]
11 669 [4]
7 674 [3]
5 673 [6]
283 401 [0]
9 673 [2]
1 678 [5]
335 349 [0]
7 673 [4]
5 674 [5]
8 674 [2]
4 673 [7]
13 666 [6]
1 680 [4]
28 655 [2]
2 683 [0]
238 443 [4]
128 556 [1]
9 675 [2]
5 675 [6]
20 664 [2]
17 667 [2]
4 675 [7]
16 666 [4]
8 675 [3]
27 655 [4]
33 653 [0]
3 677 [7]
5 676 [6]
272 409 [6]
14 667 [6]
90 592 [5]
101 583 [3]
2 685 [0]
36 651 [0]
199 482 [6]
8 677 [2]
183 499 [5]
4 676 [7]
7 677 [3]
6 677 [4]
8 676 [3]
16 667 [4]
29 657 [2]
299 389 [0]
1 687 [0]
10 678 [1]
25 661 [3]
2 687 [0]
5 678 [6]
8 678 [3]
0 689 [0]
6 678 [5]
1 688 [0]
22 663 [4]
8 679 [3]
10 679 [1]
14 671 [5]
47 641 [2]
23 662 [5]
64 622 [5]
8 680 [3]
4 680 [7]
16 671 [4]
7 680 [4]
0 690 [1]
10 680 [1]
5 680 [6]
319 372 [0]
1 690 [1]
10 681 [1]
35 655 [2]
158 533 [1]
179 507 [6]
8 682 [2]
112 580 [0]
6 682 [4]
27 659 [6]
2 690 [1]
42 648 [3]
309 379 [5]
10 683 [1]
29 663 [2]
1 693 [0]
299 394 [1]
36 658 [0]
3 690 [1]
0 694 [0]
4 690 [1]
56 633 [6]
1 689 [5]
5 683 [7]
4 684 [7]
2 693 [0]
7 684 [5]
1 695 [0]
9 684 [3]
6 684 [6]
5 690 [1]
21 673 [2]
0 696 [0]
272 420 [4]
8 684 [4]
10 684 [2]
64 627 [5]
135 556 [5]
9 686 [2]
5 686 [6]
0 697 [0]
10 686 [1]
344 353 [0]
11 682 [4]
23 669 [5]
5 685 [7]
2 689 [7]
295 403 [0]
35 659 [4]
7 690 [1]
128 565 [5]
22 672 [4]
75 622 [1]
53 643 [2]
1 694 [4]
7 687 [5]
0 699 [0]
22 676 [1]
4 689 [6]
175 521 [3]
8 690 [1]
185 511 [3]
9 690 [1]
13 681 [6]
9 687 [4]
10 688 [2]
5 688 [7]
8 688 [4]
9 689 [2]
8 689 [3]
0 700 [0]
14 681 [5]
7 689 [4]
10 687 [3]
1 699 [0]
122 577 [1]
8 691 [2]
12 688 [1]
2 699 [0]
6 691 [4]
137 558 [6]
91 607 [3]
317 384 [0]
16 681 [4]
12 687 [2]
322 379 [0]
3 691 [7]
28 671 [2]
7 691 [3]
7 692 [3]
69 631 [2]
1 701 [0]
1 697 [4]
9 692 [1]
27 671 [4]
8 692 [2]
260 442 [0]
0 702 [0]
6 692 [4]
22 678 [2]
4 692 [6]
3 694 [6]
2 694 [7]
75 627 [1]
2 701 [0]
56 640 [7]
5 694 [5]
2 695 [7]
9 694 [1]
0 704 [0]
26 673 [5]
16 683 [5]
209 495 [0]
131 571 [2]
129 571 [4]
8 694 [2]
8 693 [3]
2 702 [0]
76 625 [3]
4 701 [0]
83 616 [6]
233 469 [3]
186 518 [1]
128 572 [5]
135 565 [5]
1 704 [1]
6 695 [5]
36 670 [0]
103 600 [3]
8 695 [3]
2 697 [7]
105 601 [0]
257 449 [0]
7 695 [4]
7 697 [3]
10 696 [1]
4 697 [6]
2 698 [7]
8 696 [3]
82 621 [4]
9 697 [1]
8 697 [2]
20 687 [1]
33 674 [1]
140 564 [4]
3 698 [7]
7 698 [3]
4 698 [6]
8 698 [2]
2 706 [0]
6 698 [4]
0 708 [0]
28 679 [2]
50 654 [5]
29 678 [2]
76 630 [3]
219 489 [1]
0 709 [0]
10 699 [1]
45 664 [1]
32 676 [2]
23 682 [5]
142 568 [0]
42 665 [3]
27 681 [2]
10 700 [1]
5 699 [7]
48 658 [5]
151 554 [6]
22 686 [4]
5 700 [7]
0 712 [0]
2 703 [7]
135 572 [5]
151 555 [6]
88 624 [0]
2 710 [0]
36 677 [0]
8 701 [4]
276 434 [3]
0 713 [0]
2 704 [7]
9 701 [3]
8 702 [3]
248 465 [0]
1 708 [4]
126 586 [1]
7 701 [5]
10 702 [1]
7 703 [4]
8 699 [7]
255 458 [1]
27 685 [2]
8 703 [3]
12 701 [1]
16 693 [5]
0 714 [0]
10 703 [1]
97 617 [0]
1 709 [4]
53 659 [2]
2 712 [0]
355 360 [0]
6 704 [5]
8 705 [3]
14 696 [6]
294 422 [0]
1 715 [0]
27 683 [6]
9 705 [2]
25 689 [2]
7 705 [4]
4 705 [7]
15 695 [6]
2 707 [7]
6 707 [4]
66 644 [7]
98 614 [5]
4 707 [6]
0 717 [0]
7 707 [3]
2 708 [7]
102 614 [1]
5 707 [5]
17 699 [2]
4 708 [6]
0 718 [0]
2 716 [0]
7 708 [3]
128 585 [5]
77 637 [4]
9 708 [1]
7 706 [5]
3 708 [7]
38 679 [2]
223 496 [0]
14 700 [5]
13 700 [6]
1 713 [5]
64 654 [1]
83 635 [1]
69 647 [3]
14 699 [6]
7 709 [4]
6 709 [5]
10 706 [4]
79 634 [7]
8 709 [3]
154 562 [4]
0 720 [0]
9 706 [5]
9 709 [2]
226 494 [0]
8 711 [2]
7 711 [3]
12 706 [3]
227 493 [1]
2 719 [0]
80 634 [7]
6 711 [4]
4 711 [6]
19 697 [5]
3 711 [7]
2 713 [7]
14 702 [6]
1 717 [4]
1 721 [0]
35 683 [4]
41 676 [5]
8 712 [3]
16 702 [5]
0 723 [0]
3 714 [6]
5 713 [5]
10 712 [1]
2 714 [7]
11 707 [5]
6 710 [7]
48 670 [5]
4 719 [0]
10 710 [4]
5 714 [5]
2 715 [7]
0 724 [0]
199 519 [6]
295 423 [6]
164 554 [6]
7 714 [3]
8 713 [3]
49 675 [1]
43 680 [2]
12 710 [3]
176 544 [5]
5 715 [6]
10 715 [1]
2 724 [0]
8 715 [3]
6 715 [5]
359 367 [0]
39 686 [1]
9 715 [2]
27 693 [6]
3 718 [6]
2 718 [7]
1 726 [0]
1 722 [4]
8 716 [3]
30 695 [2]
36 691 [0]
7 715 [5]
204 521 [2]
5 717 [6]
20 706 [2]
94 632 [2]
7 717 [4]
158 566 [4]
9 718 [1]
5 718 [5]
5 716 [7]
8 717 [3]
18 705 [5]
0 728 [0]
6 717 [5]
9 717 [2]
51 674 [4]
82 643 [4]
0 729 [0]
27 700 [2]
2 720 [7]
117 608 [4]
186 542 [1]
1 728 [1]
22 704 [4]
48 677 [5]
8 720 [3]
6 720 [5]
5 720 [6]
1 729 [1]
25 703 [3]
103 625 [3]
6 721 [5]
8 721 [3]
14 712 [6]
35 693 [4]
7 721 [4]
6 719 [7]
104 622 [6]
9 721 [2]
0 732 [0]
4 721 [7]
13 715 [4]
20 710 [2]
7 719 [6]
1 727 [4]
318 411 [3]
6 722 [5]
4 722 [7]
60 672 [1]
16 712 [5]
0 733 [0]
7 722 [4]
83 649 [1]
1 732 [0]
79 650 [4]
10 723 [1]
2 725 [7]
0 734 [0]
8 723 [3]
87 640 [7]
36 698 [0]
6 725 [4]
29 704 [2]
7 725 [3]
111 617 [7]
21 709 [5]
12 719 [4]
10 724 [1]
8 724 [3]
4 725 [6]
8 725 [2]
16 716 [4]
1 734 [1]
38 696 [2]
103 630 [3]
99 636 [1]
0 736 [0]
7 727 [3]
9 727 [1]
8 726 [3]
8 727 [2]
80 650 [7]
5 727 [5]
5 726 [7]
53 683 [2]
121 616 [1]
143 590 [6]
10 728 [1]
109 626 [4]
9 728 [2]
6 728 [5]
5 728 [6]
0 739 [0]
4 728 [7]
1 733 [5]
2 730 [7]
100 634 [5]
8 728 [3]
2 737 [0]
99 639 [1]
366 374 [0]
5 729 [6]
4 729 [7]
25 713 [2]
8 729 [3]
6 729 [5]
10 729 [1]
1 739 [0]
302 438 [0]
147 592 [1]
6 731 [4]
9 731 [1]
10 730 [1]
8 731 [2]
8 730 [3]
11 725 [5]
1 740 [0]
7 731 [3]
7 730 [4]
4 731 [6]
1 736 [5]
2 733 [7]
56 679 [7]
20 719 [3]
38 702 [2]
0 742 [0]
15 721 [6]
1 738 [4]
10 732 [1]
68 675 [0]
8 732 [3]
2 734 [7]
0 743 [0]
36 707 [0]
9 733 [2]
14 724 [6]
48 691 [5]
126 613 [5]
4 733 [7]
188 549 [7]
145 599 [0]
5 732 [7]
6 734 [5]
27 716 [2]
16 724 [5]
18 721 [6]
0 745 [0]
276 462 [7]
9 735 [1]
4 735 [6]
8 735 [2]
202 542 [1]
70 668 [7]
7 735 [3]
263 482 [0]
334 411 [0]
2 736 [7]
76 666 [4]
51 694 [1]
1 741 [4]
2 744 [0]
93 653 [0]
9 736 [2]
8 736 [3]
4 736 [7]
36 711 [0]
203 539 [5]
0 747 [0]
10 737 [1]
53 693 [2]
318 427 [3]
2 746 [0]
21 722 [5]
8 737 [3]
272 472 [4]
2 739 [7]
0 748 [0]
6 738 [5]
357 392 [0]
8 738 [3]
5 738 [6]
4 738 [7]
90 658 [1]
178 570 [1]
211 537 [1]
149 601 [0]
10 739 [1]
4 746 [0]
42 704 [4]
33 714 [3]
0 750 [0]
5 739 [7]
1 750 [0]
11 735 [5]
48 698 [5]
7 739 [5]
341 410 [0]
0 751 [0]
14 732 [5]
85 663 [3]
4 740 [7]
13 732 [6]
4 741 [7]
7 741 [4]
5 741 [6]
2 750 [0]
9 741 [2]
6 740 [6]
45 706 [1]
8 741 [3]
10 741 [1]
9 740 [3]
79 669 [4]
1 747 [4]
143 603 [6]
10 740 [2]
343 409 [0]
1 751 [0]
28 723 [2]
4 743 [6]
1 752 [0]
5 743 [5]
2 751 [0]
12 740 [1]
8 742 [3]
85 665 [3]
5 742 [7]
2 752 [0]
0 754 [0]
10 743 [1]
9 743 [2]
38 712 [4]
5 745 [5]
4 745 [6]
22 729 [4]
1 753 [1]
27 724 [4]
109 645 [1]
10 745 [1]
9 745 [2]
1 755 [0]
80 669 [7]
100 650 [7]
2 748 [7]
2 755 [0]
14 737 [6]
0 757 [0]
7 744 [6]
13 739 [5]
5 747 [6]
8 747 [3]
2 749 [7]
6 746 [6]
10 747 [1]
25 730 [3]
9 747 [2]
317 440 [1]
16 737 [5]
119 638 [1]
7 746 [5]
10 744 [4]
9 744 [5]
10 748 [1]
4 749 [6]
22 733 [4]
27 726 [6]
4 748 [7]
23 731 [5]
6 749 [4]
7 749 [3]
0 759 [0]
6 748 [5]
5 748 [6]
9 746 [4]
8 749 [2]
56 696 [7]
327 432 [0]
10 746 [4]
22 734 [4]
2 758 [0]
76 681 [3]
28 726 [6]
8 750 [3]
10 750 [1]
140 617 [4]
36 725 [0]
90 670 [1]
0 761 [0]
27 732 [2]
16 742 [4]
8 751 [3]
5 750 [7]
2 760 [0]
0 762 [0]
229 533 [0]
318 441 [3]
348 414 [0]
2 753 [7]
2 754 [7]
8 752 [3]
38 723 [2]
9 754 [1]
8 753 [3]
181 580 [3]
6 754 [4]
5 753 [6]
4 753 [7]
3 754 [7]
5 752 [7]
237 527 [0]
10 753 [1]
6 753 [5]
252 513 [0]
56 702 [7]
0 765 [0]
2 756 [7]
2 763 [0]
11 749 [5]
79 682 [4]
29 734 [2]
35 726 [4]
3 756 [7]
6 756 [4]
4 756 [6]
80 682 [4]
5 756 [5]
8 756 [2]
45 719 [2]
75 685 [6]
8 755 [3]
21 738 [7]
20 744 [2]
9 756 [1]
1 762 [4]
28 737 [2]
0 767 [0]
5 755 [7]
4 763 [0]
51 714 [2]
272 491 [4]
377 390 [0]
21 741 [5]
105 661 [1]
39 728 [0]
343 420 [4]
20 746 [2]
10 757 [1]
294 474 [0]
2 759 [7]
0 768 [0]
39 729 [0]
27 737 [4]
3 759 [6]
8 758 [3]
5 759 [5]
211 557 [1]
5 757 [7]
9 759 [1]
126 642 [1]
2 767 [0]
325 445 [0]
5 758 [7]
0 770 [0]
1 764 [5]
51 718 [1]
2 761 [7]
1 765 [4]
114 650 [6]
2 768 [0]
8 760 [3]
10 760 [1]
230 539 [2]
0 771 [0]
16 751 [4]
16 750 [5]
2 762 [7]
3 762 [6]
25 743 [3]
8 762 [2]
8 761 [3]
103 666 [3]
0 772 [0]
6 761 [5]
5 762 [5]
50 716 [6]
26 741 [5]
7 762 [3]
279 493 [0]
356 417 [0]
2 764 [7]
16 752 [5]
25 745 [3]
131 640 [2]
54 713 [6]
344 426 [3]
141 626 [7]
49 722 [3]
9 764 [2]
8 764 [3]
6 764 [5]
1 770 [4]
2 766 [7]
1 769 [5]
16 755 [4]
7 763 [5]
10 765 [1]
13 757 [6]
9 763 [4]
4 766 [6]
8 765 [3]
14 757 [5]
9 765 [2]
5 765 [6]
10 763 [3]
8 766 [2]
7 765 [4]
3 766 [7]
198 575 [3]
100 669 [7]
82 693 [1]
1 771 [5]
1 772 [4]
1 776 [0]
83 688 [6]
2 769 [7]
8 767 [3]
12 763 [3]
34 743 [2]
8 768 [3]
4 775 [0]
51 727 [1]
2 777 [0]
353 426 [0]
80 692 [7]
1 774 [4]
16 758 [5]
313 467 [0]
8 769 [3]
76 700 [4]
27 752 [1]
2 771 [7]
5 768 [7]
4 769 [7]
28 750 [2]
326 454 [0]
9 769 [2]
9 770 [2]
8 770 [3]
7 770 [4]
53 726 [2]
34 745 [2]
5 770 [6]
16 760 [5]
4 770 [7]
385 397 [0]
1 781 [0]
9 771 [2]
4 771 [7]
23 754 [5]
6 771 [5]
2 773 [7]
5 771 [6]
2 774 [7]
5 773 [5]
7 773 [3]
221 560 [2]
9 773 [1]
4 773 [6]
8 773 [2]
3 774 [6]
4 772 [7]
7 772 [4]
8 772 [3]
10 772 [1]
5 774 [5]
27 755 [2]
8 774 [2]
9 774 [1]
378 406 [0]
11 773 [0]
206 577 [1]
98 685 [1]
20 763 [2]
69 709 [7]
0 785 [0]
28 752 [6]
56 723 [7]
27 757 [2]
1 785 [0]
2 784 [0]
8 776 [3]
103 681 [3]
0 787 [0]
56 724 [7]
173 609 [5]
126 660 [1]
22 761 [4]
272 508 [7]
2 778 [7]
6 778 [4]
5 776 [7]
263 519 [6]
16 768 [4]
9 778 [1]
8 778 [2]
7 775 [6]
16 767 [5]
0 788 [0]
5 778 [5]
73 709 [6]
6 775 [7]
4 778 [6]
6 779 [4]
8 779 [2]
1 783 [5]
7 779 [3]
114 669 [6]
100 682 [7]
6 777 [7]
2 781 [7]
141 645 [4]
27 758 [5]
22 764 [4]
0 790 [0]
2 782 [7]
10 780 [1]
9 780 [2]
232 558 [1]
87 702 [2]
6 780 [5]
12 775 [4]
7 780 [4]
0 791 [0]
10 777 [4]
8 782 [2]
5 782 [5]
8 781 [3]
28 758 [6]
0 792 [0]
101 688 [3]
3 782 [7]
6 782 [4]
1 786 [5]
45 746 [1]
29 761 [2]
2 783 [7]
10 781 [1]
2 790 [0]
85 704 [3]
4 782 [6]
36 756 [0]
281 512 [0]
5 781 [7]
1 787 [5]
1 788 [4]
33 759 [1]
69 717 [7]
115 675 [3]
4 783 [7]
9 783 [2]
8 783 [3]
2 785 [7]
6 783 [5]
60 733 [1]
70 717 [7]
11 779 [5]
2 786 [7]
227 567 [1]
22 769 [4]
13 776 [6]
0 795 [0]
21 772 [2]
8 785 [3]
16 776 [4]
44 748 [4]
267 522 [7]
114 682 [0]
6 786 [5]
4 786 [7]
100 692 [5]
75 716 [6]
9 786 [2]
28 767 [2]
0 797 [0]
22 771 [4]
27 768 [2]
6 787 [5]
10 787 [1]
50 742 [6]
9 784 [5]
2 792 [4]
20 775 [3]
341 457 [0]
8 787 [3]
0 798 [0]
27 767 [4]
8 789 [2]
10 788 [1]
0 799 [0]
14 781 [4]
1 793 [5]
5 788 [6]
3 789 [7]
20 777 [2]
229 566 [4]
151 641 [7]
4 788 [7]
6 789 [4]
44 753 [2]
7 789 [3]
8 788 [3]
26 772 [2]
148 652 [0]
0 800 [0]
10 790 [1]
8 790 [3]
1 795 [5]
107 694 [0]
199 596 [6]
90 711 [0]
215 583 [3]
7 792 [3]
6 792 [4]
4 792 [6]
38 760 [4]
36 766 [0]
8 791 [3]
2 793 [7]
9 792 [1]
3 792 [7]
5 792 [5]
11 792 [0]
265 538 [0]
5 791 [7]
183 615 [5]
1 797 [5]
180 618 [5]
8 793 [3]
6 793 [5]
1 799 [4]
9 793 [2]
2 795 [7]
13 785 [6]
152 646 [6]
2 797 [5]
1 798 [5]
5 795 [5]
2 796 [7]
1 800 [4]
192 612 [1]
27 776 [2]
1 804 [0]
16 785 [4]
4 795 [6]
112 686 [7]
4 796 [6]
6 794 [6]
9 796 [1]
1 801 [4]
10 795 [1]
9 795 [2]
20 784 [2]
2 804 [0]
0 806 [0]
7 796 [3]
5 796 [5]
6 795 [5]
50 751 [5]
6 796 [4]
42 761 [3]
21 780 [5]
53 752 [1]
4 797 [6]
364 443 [0]
5 797 [5]
7 794 [6]
2 805 [0]
103 700 [4]
2 798 [7]
86 716 [5]
11 796 [0]
38 767 [2]
121 684 [2]
7 797 [3]
23 779 [5]
6 797 [4]
1 802 [4]
10 797 [1]
400 408 [0]
9 794 [5]
85 720 [3]
93 714 [1]
105 703 [0]
1 807 [0]
1 808 [0]
6 798 [5]
36 773 [0]
48 756 [5]
9 798 [2]
5 798 [6]
45 763 [1]
4 805 [0]
22 783 [4]
2 807 [0]
82 726 [1]
189 621 [0]
8 799 [3]
10 799 [1]
14 790 [6]
0 810 [0]
5 799 [6]
216 593 [1]
9 801 [1]
2 809 [0]
16 791 [4]
3 801 [7]
51 759 [1]
5 800 [6]
8 800 [3]
7 801 [3]
8 801 [2]
22 787 [2]
7 800 [4]
9 800 [2]
4 801 [6]
24 781 [6]
2 810 [0]
128 679 [5]
149 661 [2]
0 812 [0]
9 802 [2]
53 758 [2]
189 623 [1]
87 724 [2]
0 813 [0]
6 802 [5]
281 532 [0]
4 802 [7]
7 802 [4]
177 636 [1]
36 778 [0]
284 530 [0]
21 788 [5]
0 814 [0]
27 785 [2]
51 762 [1]
98 716 [1]
6 803 [6]
130 684 [1]
64 751 [1]
20 794 [2]
7 803 [6]
155 654 [7]
10 806 [1]
8 806 [3]
2 808 [7]
7 804 [6]
6 804 [7]
79 731 [7]
7 805 [5]
0 817 [0]
1 812 [5]
36 782 [0]
10 805 [3]
80 731 [7]
9 805 [4]
147 670 [1]
179 639 [0]
0 811 [7]
22 793 [4]
10 808 [1]
5 808 [6]
9 807 [3]
6 807 [6]
8 808 [3]
6 808 [5]
7 807 [5]
48 766 [5]
1 811 [7]
259 560 [0]
9 808 [2]
3 811 [6]
27 791 [2]
2 811 [7]
1 819 [0]
43 772 [5]
10 807 [3]
1 815 [4]
49 770 [1]
297 523 [0]
216 604 [0]
8 810 [3]
7 811 [3]
12 807 [2]
106 710 [5]
6 809 [6]
5 811 [5]
0 821 [0]
22 795 [4]
2 812 [7]
85 734 [3]
3 813 [6]
1 817 [4]
343 472 [7]
45 775 [2]
80 735 [7]
7 809 [6]
109 706 [7]
22 799 [1]
227 594 [1]
8 812 [3]
4 812 [7]
1 822 [0]
10 812 [1]
10 809 [4]
5 813 [5]
267 549 [7]
6 812 [5]
1 821 [1]
69 747 [7]
7 813 [3]
22 798 [4]
70 747 [7]
0 824 [0]
2 822 [0]
1 823 [0]
384 440 [0]
50 768 [6]
64 755 [5]
9 814 [2]
36 789 [0]
2 823 [0]
327 497 [1]
13 808 [4]
10 814 [1]
5 814 [6]
6 814 [5]
19 801 [5]
256 565 [4]
4 814 [7]
344 478 [3]
20 803 [2]
7 816 [3]
6 816 [4]
8 816 [2]
9 816 [1]
20 804 [2]
4 815 [7]
51 774 [1]
403 423 [0]
10 815 [1]
6 815 [5]
7 815 [4]
9 815 [2]
8 815 [3]
341 485 [0]
75 751 [1]
20 805 [2]
50 776 [1]
4 823 [0]
0 827 [0]
10 817 [1]
8 818 [2]
7 818 [3]
9 817 [2]
21 802 [5]
8 817 [3]
7 817 [4]
309 517 [2]
4 818 [6]
20 807 [1]
409 420 [0]
14 810 [5]
2 827 [0]
83 740 [6]
2 821 [7]
7 820 [3]
1 824 [5]
4 819 [7]
4 820 [6]
56 767 [7]
0 830 [0]
9 820 [1]
348 482 [0]
8 820 [2]
10 819 [2]
8 819 [4]
0 831 [0]
48 778 [5]
20 809 [2]
16 810 [5]
7 819 [5]
6 819 [6]
256 572 [4]
36 796 [0]
6 821 [5]
0 832 [0]
2 830 [0]
11 816 [5]
60 771 [1]
38 790 [4]
2 824 [7]
10 822 [1]
8 822 [3]
32 799 [2]
189 643 [1]
1 829 [4]
1 828 [5]
105 730 [0]
359 474 [2]
0 835 [0]
6 823 [6]
9 823 [3]
8 823 [4]
82 752 [1]
9 824 [2]
2 826 [7]
7 824 [4]
8 825 [2]
344 488 [3]
8 824 [3]
7 825 [3]
4 825 [6]
28 806 [2]
5 826 [5]
0 836 [0]
11 820 [5]
386 450 [0]
1 835 [0]
135 696 [5]
4 826 [6]
1 831 [4]
8 826 [3]
10 826 [1]
0 837 [0]
2 828 [7]
76 757 [4]
257 575 [5]
7 826 [4]
3 829 [6]
2 829 [7]
22 812 [4]
0 838 [0]
99 736 [4]
6 828 [5]
8 828 [3]
9 828 [2]
294 545 [0]
9 829 [1]
4 828 [7]
8 829 [2]
28 810 [2]
22 814 [4]
100 735 [5]
68 770 [2]
0 840 [0]
64 776 [1]
27 810 [4]
69 765 [7]
343 491 [7]
82 758 [1]
322 517 [2]
2 839 [0]
98 742 [1]
8 830 [3]
107 727 [7]
10 831 [1]
7 831 [4]
298 544 [0]
48 789 [5]
356 480 [6]
227 614 [1]
10 832 [1]
8 832 [3]
21 815 [7]
16 822 [5]
129 712 [2]
0 843 [0]
388 456 [0]
5 833 [6]
8 833 [3]
94 748 [2]
23 816 [5]
1 838 [5]
8 834 [2]
2 835 [7]
7 834 [3]
361 483 [0]
10 833 [1]
9 833 [2]
4 834 [6]
6 833 [5]
4 833 [7]
201 644 [0]
2 836 [7]
347 498 [0]
102 742 [1]
41 799 [5]
197 644 [4]
14 827 [5]
2 837 [7]
8 835 [3]
38 806 [2]
1 840 [5]
3 837 [6]
147 698 [1]
33 813 [0]
50 791 [6]
7 837 [3]
5 835 [7]
2 845 [0]
0 847 [0]
6 836 [5]
353 488 [6]
8 837 [2]
158 685 [4]
5 837 [5]
171 676 [0]
16 827 [5]
33 811 [4]
137 705 [6]
196 652 [0]
9 838 [2]
1 844 [4]
5 838 [6]
85 761 [3]
6 838 [5]
94 753 [2]
14 830 [5]
4 838 [7]
1 848 [0]
166 684 [0]
49 800 [1]
141 706 [3]
0 850 [0]
4 840 [7]
16 830 [5]
3 842 [6]
45 805 [1]
200 651 [0]
6 839 [6]
2 842 [7]
9 840 [2]
25 824 [2]
2 843 [7]
4 841 [7]
9 842 [1]
5 842 [5]
14 832 [6]
8 841 [4]
5 843 [5]
0 853 [0]
2 844 [7]
56 790 [7]
7 841 [5]
10 841 [2]
16 832 [5]
23 825 [5]
3 844 [6]
5 841 [7]
7 843 [4]
22 828 [4]
2 852 [0]
8 844 [2]
149 703 [2]
9 844 [1]
0 854 [0]
13 835 [6]
25 826 [3]
10 843 [1]
172 682 [0]
12 841 [1]
1 850 [4]
1 849 [5]
21 831 [3]
86 768 [1]
341 514 [0]
16 835 [4]
27 822 [6]
0 855 [0]
421 435 [0]
128 723 [5]
9 846 [1]
10 845 [1]
39 814 [3]
4 852 [0]
8 845 [3]
28 822 [6]
8 846 [2]
93 762 [1]
7 846 [3]
6 846 [4]
69 780 [7]
28 827 [2]
90 766 [1]
109 744 [4]
347 506 [4]
27 827 [4]
1 856 [1]
343 508 [7]
151 701 [6]
1 854 [4]
73 780 [6]
60 798 [1]
0 859 [0]
4 848 [7]
147 711 [1]
5 849 [6]
263 596 [1]
10 848 [2]
4 849 [7]
2 858 [0]
6 848 [6]
10 849 [1]
9 848 [3]
7 848 [5]
9 849 [2]
0 860 [0]
6 849 [5]
211 648 [1]
7 850 [4]
4 850 [7]
0 861 [0]
305 556 [0]
2 859 [0]
27 830 [4]
6 850 [5]
20 839 [2]
35 822 [4]
12 848 [1]
8 850 [3]
5 850 [6]
21 833 [7]
22 836 [4]
11 846 [5]
4 851 [7]
79 779 [4]
109 746 [7]
233 626 [3]
121 740 [1]
10 851 [2]
8 851 [4]
7 851 [5]
1 862 [0]
6 851 [6]
295 562 [6]
27 832 [4]
245 618 [0]
99 764 [1]
8 853 [3]
5 853 [6]
2 855 [7]
22 838 [4]
137 721 [6]
265 598 [1]
10 854 [1]
51 813 [1]
0 865 [0]
6 852 [7]
5 854 [6]
4 854 [7]
7 854 [4]
104 755 [6]
4 855 [7]
2 860 [4]
2 857 [7]
16 845 [5]
9 855 [2]
22 840 [4]
51 811 [4]
80 779 [7]
13 847 [6]
9 852 [5]
2 864 [0]
410 457 [0]
29 836 [2]
2 865 [0]
7 857 [3]
4 856 [7]
98 768 [1]
6 856 [5]
6 857 [4]
4 857 [6]
5 857 [5]
1 866 [0]
75 791 [1]
8 856 [3]
16 847 [4]
294 573 [0]
5 856 [6]
348 519 [1]
427 441 [0]
25 843 [0]
1 867 [0]
11 857 [0]
2 862 [4]
12 852 [4]
198 667 [3]
56 806 [7]
1 868 [0]
99 769 [1]
356 507 [6]
2 867 [0]
7 860 [3]
8 859 [3]
1 869 [0]
6 860 [4]
4 866 [0]
6 858 [6]
181 686 [3]
68 800 [2]
8 860 [2]
7 858 [6]
4 867 [0]
344 524 [3]
1 870 [0]
325 546 [0]
8 861 [3]
56 810 [6]
38 832 [2]
47 823 [2]
10 858 [4]
164 701 [7]
38 827 [7]
260 607 [5]
7 863 [3]
8 863 [2]
5 861 [7]
4 863 [6]
8 862 [3]
9 862 [2]
5 862 [6]
6 862 [5]
10 862 [1]
294 579 [0]
23 846 [5]
4 870 [0]
88 786 [0]
281 587 [6]
302 569 [3]
0 874 [0]
8 864 [3]
20 852 [3]
10 864 [1]
350 525 [0]
2 873 [0]
159 711 [5]
8 865 [3]
1 875 [0]
10 865 [1]
33 842 [1]
21 850 [5]
27 847 [2]
0 876 [0]
53 822 [2]
293 584 [0]
1 876 [0]
0 877 [0]
28 845 [4]
211 665 [1]
407 471 [0]
86 791 [1]
2 869 [7]
0 878 [0]
2 876 [0]
311 567 [0]
27 845 [6]
344 531 [3]
21 854 [3]
8 868 [3]
4 868 [7]
5 867 [7]
9 868 [2]
8 867 [4]
197 678 [4]
87 790 [2]
7 866 [6]
43 831 [5]
7 868 [4]
22 853 [4]
109 763 [7]
14 859 [6]
7 867 [5]
6 866 [7]
209 663 [7]
34 843 [2]
357 522 [0]
6 868 [5]
1 879 [0]
12 867 [1]
16 859 [5]
10 869 [1]
8 869 [3]
39 838 [3]
10 866 [4]
297 581 [2]
9 871 [1]
12 866 [3]
0 881 [0]
16 861 [4]
7 871 [3]
22 855 [4]
107 774 [0]
8 871 [2]
2 872 [7]
51 829 [1]
5 872 [5]
8 870 [4]
0 882 [0]
7 870 [5]
6 870 [6]
9 870 [3]
190 692 [0]
277 605 [0]
4 872 [6]
8 872 [2]
22 856 [4]
6 872 [4]
7 872 [3]
11 872 [0]
12 870 [1]
15 862 [6]
8 873 [3]
10 873 [1]
1 878 [5]
29 853 [2]
14 864 [6]
35 845 [4]
15 868 [1]
1 883 [0]
7 874 [4]
16 864 [5]
2 883 [0]
0 885 [0]
203 680 [2]
9 874 [2]
10 874 [1]
233 645 [7]
45 839 [1]
9 875 [2]
16 865 [5]
100 779 [7]
409 472 [5]
5 875 [6]
2 877 [7]
0 886 [0]
10 876 [1]
2 881 [4]
8 876 [3]
7 875 [5]
14 869 [4]
6 875 [6]
29 856 [2]
10 875 [2]
8 875 [4]
4 883 [0]
18 868 [1]
10 877 [1]
12 875 [1]
106 777 [5]
8 877 [3]
337 551 [0]
20 866 [2]
9 877 [2]
8 878 [3]
6 878 [5]
56 827 [6]
141 744 [4]
51 837 [1]
178 710 [1]
27 861 [2]
1 889 [0]
4 879 [7]
32 856 [2]
89 801 [0]
3 881 [7]
6 881 [4]
39 849 [3]
4 881 [6]
9 879 [3]
6 879 [6]
8 879 [4]
129 760 [2]
23 863 [5]
7 879 [5]
56 830 [6]
11 881 [0]
2 890 [0]
1 891 [0]
0 892 [0]
99 793 [1]
10 882 [1]
2 884 [7]
7 880 [6]
114 779 [0]
69 817 [7]
0 893 [0]
358 535 [0]
429 464 [0]
36 857 [0]
8 882 [3]
30 862 [1]
16 873 [5]
4 884 [6]
2 885 [7]
0 894 [0]
305 585 [4]
28 864 [2]
1 893 [0]
109 784 [1]
9 884 [2]
14 876 [5]
51 842 [2]
5 883 [7]
27 864 [4]
56 832 [7]
13 877 [5]
7 884 [4]
7 883 [5]
8 883 [4]
6 883 [6]
16 876 [4]
8 885 [3]
12 883 [1]
27 865 [4]
51 844 [1]
73 817 [6]
297 597 [2]
14 877 [5]
0 896 [0]
410 485 [1]
95 801 [1]
5 885 [7]
8 886 [3]
0 897 [0]
219 677 [1]
16 877 [4]
8 888 [2]
10 887 [1]
6 888 [4]
4 888 [6]
42 853 [3]
79 818 [1]
7 888 [3]
157 739 [2]
9 888 [1]
23 871 [5]
24 869 [6]
45 852 [2]
1 898 [0]
350 548 [1]
6 889 [5]
2 891 [7]
21 874 [5]
2 898 [0]
53 845 [2]
49 850 [1]
2 894 [4]
7 889 [4]
198 699 [3]
4 889 [7]
8 889 [3]
31 867 [2]
8 890 [3]
60 840 [1]
38 859 [4]
0 901 [0]
9 891 [2]
50 847 [5]
1 901 [0]
1 896 [5]
10 891 [1]
79 816 [7]
22 878 [2]
43 854 [5]
0 902 [0]
8 891 [3]
6 891 [5]
5 891 [6]
20 880 [2]
1 897 [4]
136 767 [0]
80 816 [7]
10 892 [1]
0 903 [0]
4 894 [6]
2 902 [0]
8 893 [3]
1 903 [0]
0 904 [0]
7 894 [3]
109 794 [1]
6 894 [4]
13 885 [6]
11 888 [5]
7 895 [3]
4 895 [6]
1 904 [0]
27 876 [2]
28 873 [4]
38 865 [2]
2 896 [7]
16 885 [4]
79 825 [1]
8 895 [2]
28 876 [2]
1 900 [5]
5 896 [5]
2 897 [7]
3 897 [6]
14 886 [6]
27 873 [6]
122 783 [1]
359 545 [2]
215 688 [3]
192 713 [1]
5 897 [5]
80 820 [7]
1 906 [0]
93 813 [1]
212 695 [0]
8 896 [3]
10 896 [1]
14 887 [6]
13 891 [4]
36 872 [0]
0 908 [0]
18 889 [1]
16 887 [5]
122 786 [1]
6 899 [5]
7 899 [4]
35 873 [2]
14 890 [6]
7 898 [5]
8 899 [3]
10 899 [1]
357 549 [4]
330 580 [0]
1 909 [0]
276 631 [3]
9 899 [2]
6 898 [6]
5 899 [6]
1 905 [5]
4 900 [7]
281 624 [6]
2 909 [0]
16 890 [5]
9 898 [4]
5 900 [6]
8 900 [3]
10 900 [1]
253 658 [0]
9 900 [2]
10 898 [3]
9 901 [2]
2 903 [7]
2 910 [0]
14 892 [6]
12 898 [2]
64 847 [1]
45 866 [1]
10 901 [1]
8 901 [3]
28 882 [2]
8 902 [3]
50 861 [2]
16 893 [4]
0 913 [0]
10 903 [1]
426 488 [0]
106 804 [4]
147 766 [1]
0 914 [0]
2 905 [7]
177 736 [1]
25 884 [5]
79 834 [1]
4 910 [0]
8 903 [3]
27 885 [2]
371 543 [0]
5 903 [7]
222 686 [7]
8 905 [3]
6 905 [5]
292 619 [5]
0 916 [0]
5 904 [7]
1 915 [0]
60 855 [1]
9 904 [3]
109 803 [4]
266 650 [0]
28 886 [2]
31 883 [2]
27 886 [4]
3 908 [6]
4 906 [7]
2 908 [7]
7 906 [4]
8 906 [3]
1 911 [5]
9 908 [1]
7 907 [4]
9 907 [2]
5 908 [5]
6 907 [5]
229 685 [4]
319 594 [5]
20 898 [1]
13 901 [5]
1 918 [0]
14 901 [4]
8 904 [7]
47 870 [2]
100 818 [1]
34 884 [1]
2 911 [7]
1 914 [5]
15 899 [6]
2 918 [0]
209 704 [7]
40 877 [3]
2 915 [4]
109 805 [7]
5 909 [7]
109 809 [3]
129 790 [2]
1 916 [4]
2 912 [7]
1 919 [1]
1 917 [4]
2 913 [7]
38 882 [2]
14 903 [5]
27 893 [2]
6 911 [5]
8 911 [3]
17 904 [1]
199 722 [1]
5 911 [6]
9 911 [2]
4 918 [0]
9 912 [2]
4 913 [6]
7 910 [6]
6 910 [7]
7 913 [3]
25 896 [2]
9 913 [1]
0 923 [0]
3 913 [7]
10 912 [1]
8 912 [3]
309 609 [5]
16 902 [5]
6 912 [5]
2 914 [7]
85 836 [3]
14 904 [6]
16 904 [4]
119 804 [1]
6 914 [5]
436 489 [0]
10 914 [1]
190 735 [0]
18 906 [1]
410 514 [1]
5 914 [6]
100 820 [5]
8 914 [3]
291 634 [0]
10 915 [1]
5 915 [6]
22 900 [4]
12 910 [4]
1 921 [4]
9 915 [2]
0 926 [0]
7 915 [4]
2 920 [4]
8 915 [3]
191 736 [0]
8 916 [3]
4 916 [7]
2 925 [0]
0 922 [5]
259 662 [6]
1 923 [4]
6 917 [5]
7 917 [4]
1 927 [0]
2 919 [7]
53 873 [2]
4 917 [7]
0 928 [0]
5 917 [6]
9 917 [2]
432 497 [0]
16 909 [4]
141 784 [4]
38 887 [4]
283 646 [0]
7 918 [5]
30 899 [1]
83 841 [6]
8 918 [4]
454 476 [0]
33 897 [0]
174 754 [2]
0 930 [0]
100 825 [5]
6 919 [5]
114 816 [0]
444 486 [0]
276 647 [7]
4 920 [7]
38 890 [3]
105 826 [0]
8 920 [3]
3 922 [6]
6 920 [5]
385 539 [7]
12 918 [1]
38 886 [7]
2 922 [7]
1 930 [0]
93 837 [1]
7 920 [4]
9 920 [2]
322 609 [0]
10 920 [1]
24 901 [6]
22 905 [4]
5 920 [6]
27 903 [2]
5 922 [5]
0 932 [0]
79 846 [7]
4 921 [7]
2 930 [0]
7 922 [3]
8 922 [2]
7 921 [4]
10 921 [1]
8 921 [3]
5 921 [6]
38 892 [2]
113 818 [1]
211 720 [1]
247 686 [0]
21 907 [5]
92 838 [3]
20 910 [3]
0 933 [0]
9 923 [2]
7 924 [3]
8 923 [3]
8 924 [2]
4 924 [6]
7 923 [4]
5 923 [6]
6 923 [5]
1 929 [5]
266 669 [0]
397 539 [0]
1 931 [4]
1 935 [0]
107 829 [0]
0 936 [0]
10 926 [1]
6 926 [5]
19 913 [5]
2 928 [7]
5 925 [7]
83 848 [6]
8 926 [3]
7 927 [4]
6 927 [5]
232 705 [1]
22 912 [4]
9 927 [2]
8 927 [3]
27 909 [2]
22 914 [2]
6 928 [5]
10 928 [1]
0 939 [0]
5 928 [6]
4 928 [7]
256 679 [4]
1 934 [4]
128 806 [5]
141 794 [4]
5 929 [6]
9 929 [2]
4 929 [7]
8 929 [3]
121 819 [0]
288 653 [0]
327 613 [1]
0 941 [0]
1 936 [4]
15 920 [6]
2 939 [0]
85 853 [3]
100 834 [7]
91 847 [3]
4 937 [0]
6 931 [5]
9 931 [2]
10 931 [1]
7 931 [4]
5 931 [6]
39 900 [3]
79 863 [0]
21 916 [5]
5 930 [7]
455 487 [0]
8 932 [3]
21 917 [5]
113 825 [5]
1 942 [0]
2 934 [7]
3 934 [6]
5 932 [6]
179 764 [0]
2 941 [0]
7 932 [4]
10 932 [1]
38 902 [4]
8 934 [2]
7 934 [3]
5 934 [5]
45 898 [1]
453 492 [0]
16 925 [4]
8 930 [7]
29 914 [2]
101 841 [3]
0 945 [0]
97 849 [0]
8 935 [3]
1 940 [5]
0 946 [0]
9 936 [2]
5 936 [6]
344 600 [3]
5 935 [7]
7 936 [4]
10 936 [1]
6 936 [5]
21 921 [5]
56 886 [6]
50 893 [5]
141 803 [4]
189 758 [1]
0 948 [0]
10 938 [1]
8 938 [3]
2 940 [7]
17 930 [2]
51 897 [1]
8 939 [3]
10 939 [1]
56 887 [7]
0 950 [0]
105 843 [2]
0 943 [7]
18 927 [5]
29 919 [2]
209 734 [7]
5 938 [7]
2 948 [0]
6 937 [7]
16 930 [4]
69 874 [7]
130 819 [1]
7 937 [6]
1 945 [4]
9 940 [2]
6 940 [5]
107 844 [0]
66 878 [7]
31 918 [2]
8 941 [3]
3 943 [6]
2 950 [0]
26 921 [5]
2 943 [7]
0 952 [0]
4 942 [7]
9 943 [1]
10 942 [1]
7 942 [4]
9 942 [2]
12 937 [4]
73 874 [6]
22 926 [5]
100 846 [7]
109 839 [5]
6 942 [5]
14 933 [6]
8 942 [3]
7 943 [3]
383 570 [0]
2 944 [7]
56 890 [7]
433 520 [0]
7 944 [3]
6 944 [4]
79 871 [4]
4 944 [6]
179 769 [6]
3 944 [7]
27 925 [2]
1 949 [4]
87 865 [2]
1 953 [0]
22 929 [4]
56 892 [7]
0 955 [0]
5 945 [6]
10 945 [1]
9 945 [2]
178 777 [1]
8 945 [3]
14 938 [4]
4 945 [7]
54 896 [6]
256 696 [4]
33 922 [1]
21 932 [3]
10 946 [1]
9 947 [1]
9 946 [2]
7 946 [4]
3 947 [7]
29 926 [2]
5 946 [6]
141 809 [7]
8 946 [3]
8 947 [2]
6 946 [5]
7 947 [3]
1 955 [1]
477 481 [0]
80 871 [7]
3 949 [7]
1 954 [4]
0 959 [0]
8 949 [2]
14 939 [6]
7 949 [3]
6 949 [4]
4 949 [6]
83 875 [1]
1 959 [0]
16 939 [5]
5 948 [7]
32 926 [2]
20 937 [3]
2 951 [7]
51 908 [1]
114 846 [0]
4 951 [6]
6 951 [4]
8 951 [2]
10 950 [1]
3 951 [7]
0 961 [0]
8 950 [3]
64 893 [5]
28 933 [2]
59 904 [0]
1 962 [0]
15 942 [6]
8 952 [3]
355 606 [2]
1 961 [1]
255 707 [1]
3 954 [7]
4 954 [6]
2 962 [0]
111 849 [4]
4 953 [7]
7 954 [3]
2 955 [7]
8 954 [2]
27 935 [2]
9 954 [1]
27 933 [4]
102 861 [1]
6 954 [4]
2 956 [7]
9 953 [3]
7 953 [5]
8 953 [4]
98 861 [6]
0 965 [0]
10 953 [2]
4 956 [6]
22 940 [4]
6 955 [5]
461 505 [0]
318 645 [3]
3 956 [7]
176 785 [5]
8 956 [2]
421 540 [5]
372 594 [0]
6 956 [4]
4 962 [0]
49 916 [1]
2 958 [7]
2 965 [0]
83 879 [6]
16 948 [4]
2 959 [7]
24 938 [6]
185 780 [3]
347 617 [4]
1 967 [0]
403 562 [3]
10 958 [1]
2 963 [4]
1 968 [0]
75 893 [1]
8 958 [3]
6 957 [6]
9 958 [2]
6 958 [5]
9 959 [2]
332 638 [0]
8 960 [2]
121 848 [1]
7 960 [3]
27 939 [4]
10 959 [1]
227 742 [1]
171 799 [0]
8 959 [3]
4 960 [6]
9 960 [1]
2 961 [7]
7 959 [4]
1 964 [5]
109 858 [3]
27 941 [2]
366 604 [0]
6 959 [5]
100 863 [7]
7 957 [6]
14 950 [6]
1 969 [0]
16 950 [5]
9 957 [5]
1 970 [0]
2 969 [0]
84 884 [3]
6 961 [5]
14 952 [6]
344 625 [3]
121 851 [0]
165 804 [3]
284 687 [1]
2 964 [7]
21 945 [7]
16 952 [5]
2 971 [0]
211 761 [1]
19 949 [5]
5 963 [6]
8 962 [4]
6 962 [6]
268 705 [1]
8 963 [3]
433 534 [7]
4 963 [7]
2 972 [0]
282 692 [0]
9 963 [2]
7 963 [4]
64 909 [1]
7 962 [5]
9 962 [3]
79 888 [7]
8 964 [3]
12 962 [1]
2 966 [7]
9 964 [2]
80 888 [7]
6 964 [5]
433 541 [1]
5 964 [6]
5 966 [5]
345 631 [0]
0 976 [0]
6 966 [4]
2 974 [0]
8 966 [2]
4 972 [0]
7 966 [3]
13 959 [4]
44 928 [4]
221 754 [2]
344 630 [3]
149 826 [2]
0 977 [0]
5 965 [7]
386 590 [1]
2 975 [0]
106 866 [5]
27 948 [2]
374 604 [0]
38 933 [7]
4 967 [7]
100 871 [7]
6 968 [5]
20 957 [2]
1 978 [0]
7 968 [4]
2 977 [0]
8 968 [3]
10 967 [2]
61 917 [1]
6 967 [6]
4 968 [7]
9 967 [3]
10 968 [1]
9 968 [2]
324 656 [0]
233 744 [3]
1 979 [0]
12 967 [1]
0 980 [0]
113 863 [4]
43 932 [5]
7 970 [4]
4 970 [7]
151 823 [7]
6 970 [5]
7 969 [5]
255 725 [1]
154 821 [6]
2 979 [0]
0 981 [0]
10 969 [2]
50 925 [6]
87 887 [7]
6 969 [6]
2 973 [7]
8 971 [3]
11 966 [5]
2 980 [0]
130 851 [1]
4 973 [6]
12 969 [2]
256 723 [4]
27 952 [4]
2 981 [0]
69 907 [7]
36 947 [0]
5 973 [5]
22 958 [4]
8 973 [3]
7 973 [4]
10 973 [1]
68 916 [0]
15 963 [6]
1 983 [0]
45 937 [2]
238 743 [4]
423 562 [0]
6 972 [7]
0 985 [0]
10 974 [1]
310 675 [0]
7 972 [6]
8 974 [3]
200 782 [3]
14 965 [6]
114 871 [0]
16 965 [5]
51 934 [1]
73 907 [6]
263 722 [1]
173 811 [2]
166 819 [1]
1 982 [4]
36 951 [0]
6 975 [6]
12 972 [3]
238 745 [4]
23 960 [5]
7 975 [6]
327 660 [1]
379 609 [0]
197 787 [4]
10 977 [1]
2 986 [0]
8 978 [3]
2 983 [4]
10 975 [4]
9 975 [5]
15 968 [6]
18 970 [1]
386 603 [0]
129 859 [2]
8 979 [3]
5 978 [7]
20 969 [1]
93 897 [1]
5 979 [7]
272 712 [7]
8 980 [3]
126 860 [5]
2 989 [0]
0 991 [0]
14 971 [6]
10 980 [1]
50 935 [6]
38 952 [2]
18 968 [6]
38 950 [4]
36 956 [0]
8 981 [3]
16 971 [5]
29 961 [2]
8 982 [3]
6 982 [5]
5 982 [6]
4 982 [7]
0 993 [0]
2 984 [7]
9 981 [3]
203 788 [2]
1 991 [1]
5 981 [7]
109 880 [4]
4 984 [6]
7 983 [4]
5 983 [6]
14 974 [6]
8 983 [3]
201 787 [6]
9 983 [2]
0 994 [0]
382 612 [0]
479 515 [0]
5 984 [5]
28 965 [2]
8 984 [3]
16 974 [5]
7 984 [4]
13 976 [6]
396 599 [0]
20 972 [3]
5 985 [6]
7 985 [4]
10 985 [1]
48 944 [4]
27 965 [4]
1 995 [0]
16 976 [4]
2 987 [7]
10 986 [1]
4 987 [6]
186 810 [1]
5 987 [5]
14 977 [6]
317 677 [3]
20 975 [2]
56 939 [2]
50 941 [6]
16 977 [5]
7 988 [3]
51 943 [4]
5 986 [7]
10 987 [1]
181 814 [3]
8 988 [2]
4 988 [6]
16 978 [4]
0 998 [0]
9 988 [1]
277 719 [2]
7 987 [4]
69 923 [7]
88 911 [0]
16 981 [2]
2 997 [0]
48 947 [4]
14 980 [6]
16 979 [5]
17 981 [2]
407 591 [2]
6 990 [5]
3 992 [6]
10 990 [1]
14 981 [6]
5 990 [6]
121 879 [1]
28 971 [2]
25 973 [3]
4 997 [0]
356 639 [6]
4 990 [7]
7 992 [3]
6 991 [5]
8 991 [3]
36 966 [0]
8 992 [2]
5 992 [5]
5 991 [6]
27 971 [4]
10 991 [1]
100 895 [7]
7 989 [6]
10 989 [4]
69 931 [3]
91 909 [3]
4 994 [6]
8 993 [3]
50 948 [6]
64 935 [5]
15 983 [6]
11 988 [5]
255 749 [1]
494 511 [0]
10 994 [1]
9 994 [2]
27 976 [2]
75 925 [5]
99 905 [1]
296 705 [4]
305 696 [4]
5 995 [6]
141 858 [7]
55 947 [4]
9 995 [3]
27 978 [2]
438 569 [0]
6 995 [6]
10 996 [1]
199 802 [6]
8 995 [4]
7 995 [5]
5 996 [6]
188 818 [1]
16 986 [5]
12 995 [1]
27 977 [4]
85 919 [4]
7 997 [5]
478 531 [0]
8 998 [3]
132 874 [3]
8 997 [4]
6 997 [6]
21 985 [3]
5 997 [7]
34 973 [2]
9 999 [2]
130 879 [1]
195 815 [0]
8 999 [3]
12 997 [1]
38 965 [7]
5 999 [6]
4 999 [7]
502 509 [0]
20 989 [2]
75 935 [1]
25 984 [3]
27 979 [6]
126 881 [5]
14 993 [6]
216 796 [1]
179 828 [6]
344 666 [3]
186 827 [1]
317 691 [6]
324 689 [1]
56 952 [7]
25 987 [3]
128 882 [5]
341 674 [0]
22 990 [4]
38 971 [7]
86 925 [5]
38 974 [4]
22 991 [4]
186 830 [1]
297 718 [2]
166 851 [0]
282 735 [0]
14 998 [6]
35 979 [4]
264 755 [0]
474 545 [0]
25 994 [0]
38 977 [4]
27 986 [6]
45 972 [2]
410 608 [1]
28 986 [6]
129 887 [4]
131 887 [2]
135 882 [4]
22 996 [4]
161 861 [0]
291 731 [0]
290 732 [0]
38 980 [4]
75 941 [6]
28 993 [2]
70 946 [7]
129 890 [4]
131 890 [2]
98 925 [1]
233 784 [7]
94 928 [2]
22 999 [4]
35 986 [4]
141 880 [4]
128 892 [5]
126 894 [5]
424 602 [0]
33 992 [1]
439 589 [0]
481 547 [0]
28 998 [2]
87 939 [2]
344 681 [3]
27 998 [4]
75 948 [6]
188 834 [7]
477 547 [5]
39 991 [0]
34 994 [2]
97 929 [4]
31 997 [2]
50 976 [5]
100 924 [7]
39 990 [3]
137 889 [6]
294 738 [0]
129 902 [2]
115 916 [2]
43 985 [5]
56 971 [7]
122 911 [1]
233 794 [7]
424 610 [0]
340 695 [0]
39 996 [1]
203 831 [2]
56 974 [7]
38 993 [7]
39 999 [0]
89 949 [0]
87 950 [2]
79 960 [0]
233 803 [3]
272 760 [7]
450 590 [0]
98 941 [1]
99 940 [1]
64 976 [1]
53 986 [2]
107 934 [0]
83 953 [6]
56 980 [7]
117 922 [4]
89 954 [0]
113 924 [7]
233 809 [3]
104 935 [6]
463 583 [0]
90 951 [5]
51 992 [4]
98 948 [1]
304 745 [0]
442 607 [0]
137 906 [6]
127 919 [3]
350 697 [2]
85 961 [4]
95 954 [1]
209 836 [6]
204 847 [2]
450 603 [2]
417 639 [0]
56 993 [7]
83 967 [6]
277 775 [5]
75 978 [5]
215 841 [3]
353 700 [6]
56 998 [7]
471 591 [0]
82 979 [1]
185 874 [3]
384 677 [3]
86 978 [1]
211 853 [1]
87 977 [2]
176 885 [5]
256 806 [4]
148 912 [6]
263 802 [1]
109 957 [1]
87 980 [2]
363 707 [0]
281 783 [6]
137 927 [6]
152 912 [6]
184 884 [3]
150 923 [0]
525 548 [0]
281 786 [6]
216 857 [1]
377 693 [4]
145 929 [0]
243 832 [0]
534 541 [0]
80 988 [7]
121 953 [1]
154 919 [3]
233 839 [4]
113 960 [4]
190 888 [0]
83 995 [1]
197 878 [4]
427 645 [7]
384 691 [6]
231 853 [0]
179 905 [0]
130 953 [1]
139 941 [4]
137 942 [6]
410 674 [1]
299 785 [1]
201 878 [6]
248 831 [6]
267 818 [1]
230 854 [2]
122 964 [0]
125 962 [0]
188 895 [4]
143 938 [6]
361 727 [0]
216 872 [1]
105 984 [0]
192 896 [1]
109 975 [7]
139 948 [4]
275 817 [0]
105 987 [0]
485 608 [0]
100 988 [5]
233 858 [3]
469 626 [0]
185 907 [3]
97 999 [0]
147 944 [5]
444 652 [0]
533 566 [0]
147 951 [1]
383 710 [6]
359 738 [2]
133 965 [1]
232 868 [1]
382 713 [6]
141 957 [4]
112 990 [0]
158 941 [4]
354 750 [0]
147 956 [1]
344 757 [3]
367 738 [0]
109 989 [7]
318 784 [3]
129 974 [2]
148 958 [0]
282 820 [4]
131 974 [2]
267 834 [7]
112 996 [0]
343 760 [7]
317 789 [6]
129 980 [4]
117 992 [4]
255 857 [1]
137 970 [6]
154 955 [4]
213 899 [2]
225 890 [0]
318 794 [3]
233 880 [3]
141 975 [3]
188 924 [7]
378 739 [3]
232 889 [1]
325 791 [6]
295 821 [6]
407 714 [2]
536 588 [0]
318 803 [3]
149 973 [2]
186 933 [5]
277 852 [1]
198 930 [3]
180 947 [5]
149 984 [2]
361 774 [0]
299 835 [1]
393 743 [0]
202 933 [1]
287 843 [6]
565 572 [0]
141 989 [7]
203 932 [2]
266 871 [0]
486 652 [0]
272 859 [7]
149 987 [2]
232 906 [1]
556 585 [0]
297 842 [2]
256 882 [4]
145 999 [0]
167 976 [3]
324 824 [1]
536 611 [2]
183 963 [5]
348 802 [1]
265 886 [1]
356 793 [6]
532 624 [0]
463 688 [5]
431 726 [0]
495 663 [0]
503 655 [0]
232 927 [1]
318 839 [3]
351 812 [0]
267 895 [4]
383 777 [6]
386 781 [2]
206 964 [0]
543 628 [0]
183 983 [5]
536 633 [2]
500 672 [0]
181 990 [3]
371 797 [7]
581 597 [0]
272 902 [4]
190 988 [0]
334 839 [5]
357 818 [4]
181 996 [3]
437 744 [0]
458 725 [0]
357 825 [1]
186 993 [5]
186 998 [1]
299 885 [1]
241 944 [0]
236 950 [0]
528 659 [0]
327 860 [1]
250 932 [7]
524 666 [0]
356 828 [6]
277 910 [5]
258 933 [1]
361 829 [3]
359 833 [2]
357 834 [4]
243 952 [0]
268 927 [1]
202 993 [1]
290 903 [4]
267 924 [7]
588 611 [0]
412 788 [0]
318 880 [3]
202 998 [1]
305 892 [4]
232 970 [1]
297 908 [2]
458 749 [0]
343 859 [7]
327 881 [1]
483 727 [0]
280 926 [4]
233 975 [3]
292 915 [5]
459 754 [0]
276 931 [7]
528 683 [3]
530 687 [0]
553 664 [0]
295 919 [3]
230 985 [2]
427 784 [7]
222 996 [0]
276 936 [7]
277 937 [5]
236 977 [7]
278 944 [0]
557 665 [0]
560 662 [0]
407 813 [2]
327 894 [1]
255 966 [1]
533 685 [5]
389 835 [0]
600 625 [0]
233 989 [3]
588 633 [5]
403 821 [3]
586 642 [0]
427 794 [7]
358 865 [6]
452 780 [0]
600 630 [2]
500 733 [0]
427 803 [3]
450 781 [2]
525 708 [2]
478 757 [0]
238 994 [4]
294 945 [0]
247 996 [0]
480 764 [0]
611 633 [0]
565 679 [0]
423 821 [2]
503 737 [7]
323 926 [0]
411 839 [0]
277 972 [1]
566 685 [0]
352 900 [0]
343 902 [7]
258 993 [1]
309 943 [2]
548 708 [0]
357 895 [4]
295 955 [6]
346 911 [0]
386 869 [2]
355 901 [2]
284 969 [7]
333 929 [0]
601 661 [0]
295 961 [6]
621 643 [0]
350 913 [2]
356 905 [6]
322 943 [2]
508 760 [0]
391 884 [0]
507 769 [0]
294 982 [0]
473 804 [0]
318 957 [3]
469 809 [1]
480 793 [6]
557 720 [2]
570 710 [0]
292 983 [5]
336 949 [0]
357 924 [4]
421 863 [5]
313 976 [0]
342 951 [0]
432 860 [1]
465 831 [0]
550 748 [0]
361 934 [3]
342 956 [3]
356 940 [6]
581 718 [4]
407 897 [2]
325 978 [6]
601 703 [6]
395 916 [0]
474 833 [4]
401 912 [0]
427 880 [7]
597 718 [0]
596 722 [0]
532 786 [1]
464 856 [0]
450 869 [2]
605 719 [0]
403 919 [3]
330 990 [5]
386 938 [2]
432 894 [1]
469 858 [1]
582 747 [0]
363 966 [2]
399 933 [0]
341 992 [0]
601 730 [6]
500 840 [0]
659 683 [0]
359 982 [2]
530 807 [6]
581 759 [4]
522 825 [0]
570 777 [0]
367 982 [1]
582 765 [5]
500 855 [0]
438 917 [0]
578 778 [0]
614 742 [0]
616 740 [0]
497 860 [0]
442 909 [6]
592 766 [0]
597 759 [3]
401 958 [0]
452 907 [0]
377 979 [4]
403 955 [3]
661 703 [0]
593 773 [0]
403 961 [3]
521 847 [0]
677 691 [0]
405 964 [0]
595 776 [0]
477 893 [5]
385 985 [7]
627 751 [0]
423 955 [2]
421 960 [1]
562 821 [0]
665 720 [0]
480 905 [0]
605 775 [5]
397 985 [3]
427 957 [1]
423 961 [2]
450 938 [2]
655 737 [0]
491 902 [0]
393 994 [7]
661 730 [5]
475 922 [0]
497 894 [6]
441 957 [0]
462 936 [0]
679 723 [0]
540 863 [0]
410 992 [1]
672 733 [0]
552 867 [0]
480 940 [0]
538 886 [0]
581 842 [3]
559 870 [0]
645 784 [0]
644 787 [0]
651 782 [0]
703 730 [0]
704 734 [0]
525 913 [2]
597 842 [3]
467 976 [0]
558 889 [0]
556 892 [0]
565 882 [6]
571 887 [0]
605 852 [1]
469 989 [1]
517 943 [0]
499 963 [0]
641 823 [0]
558 906 [2]
677 789 [1]
479 986 [7]
549 924 [0]
552 918 [3]
725 749 [0]
585 892 [0]
691 789 [0]
550 928 [3]
626 858 [0]
710 777 [0]
679 806 [6]
613 881 [0]
719 775 [0]
540 960 [1]
530 969 [7]
597 908 [3]
689 824 [0]
516 999 [0]
672 840 [3]
607 909 [0]
605 910 [1]
655 864 [0]
715 808 [0]
546 978 [0]
714 813 [0]
644 878 [7]
672 855 [3]
558 970 [2]
619 915 [0]
684 851 [0]
542 998 [0]
603 938 [0]
561 981 [0]
605 937 [1]
704 836 [6]
552 997 [3]
735 820 [0]
622 935 [0]
589 971 [0]
618 947 [0]
763 805 [0]
771 798 [0]
734 836 [0]
770 800 [0]
733 840 [0]
647 931 [0]
605 972 [1]
616 967 [4]
733 855 [6]
667 930 [0]
794 803 [0]
762 837 [0]
737 864 [0]
774 829 [0]
715 891 [0]
668 946 [0]
774 844 [5]
718 908 [0]
719 910 [1]
810 830 [0]
716 925 [0]
649 995 [0]
781 869 [0]
818 834 [0]
741 921 [0]
822 845 [0]
829 844 [0]
794 880 [0]
686 996 [0]
803 880 [0]
780 907 [0]
740 967 [0]
775 937 [0]
818 895 [0]
845 873 [0]
729 991 [0]
738 982 [0]
735 988 [0]
834 895 [0]
793 940 [0]
743 994 [0]
821 955 [0]
832 952 [0]
867 918 [0]
889 906 [0]
809 989 [0]
826 984 [0]
826 987 [1]
889 970 [5]
912 958 [0]
951 956 [0]
