32
3
6
1
15
16
27
17
5
14
11
18
24
13
0
21
3
2
25
10
4
29
26
7
31
22
19
28
23
9
12
30
20
8
16 30 [2]
5 8 [1]
17 24 [1]
11 27 [2]
21 25 [0]
14 19 [1]
23 31 [1]
19 28 [0]
18 20 [1]
9 23 [0]
25 31 [1]
23 30 [2]
5 17 [0]
2 10 [2]
14 16 [0]
11 15 [2]
23 28 [0]
0 5 [1]
12 24 [1]
8 20 [0]
18 27 [2]
6 11 [0]
2 28 [1]
5 13 [1]
13 26 [1]
1 29 [2]
4 30 [1]
15 16 [0]
8 12 [1]
8 11 [1]
22 31 [0]
4 24 [2]
21 30 [1]
8 14 [1]
13 21 [1]
1 25 [1]
25 29 [1]
6 16 [0]
6 27 [0]
20 31 [1]
9 14 [1]
11 16 [0]
10 21 [2]
12 27 [1]
20 30 [0]
8 27 [1]
4 21 [2]
6 29 [0]
27 31 [1]
10 24 [2]
1 15 [0]
20 23 [1]
9 12 [0]
11 13 [2]
7 28 [2]
19 31 [0]
10 17 [1]
16 19 [2]
