1600
12
41
180
320
353
414
958
1287
1533
1252
59
607
69
566
1486
18
394
1031
655
158
132
42
38
8
705
177
16
146
65
402
231
241
1
541
49
62
318
427
837
56
346
243
194
300
392
70
118
225
1224
87
135
92
343
380
12
262
30
278
113
5
1312
156
171
515
133
256
277
102
387
129
533
276
713
1320
444
50
327
67
474
170
89
157
650
57
319
429
185
537
696
270
389
580
52
408
175
680
111
106
640
486
653
24
11
385
538
44
281
357
60
26
48
913
195
897
386
182
167
219
505
506
332
35
140
271
55
600
27
83
261
47
150
218
119
224
698
305
169
703
435
101
274
456
196
72
322
412
222
366
932
401
1293
523
54
489
461
147
90
570
80
205
393
215
0
95
76
582
212
201
100
249
34
64
989
254
684
547
232
701
193
654
411
530
130
1112
605
1140
552
104
514
280
463
734
1001
608
571
1073
1264
602
234
364
145
22
626
126
418
263
291
39
78
584
1174
252
1080
360
661
337
340
33
21
335
187
93
308
328
99
586
1245
191
1094
121
202
356
287
501
136
128
798
819
405
273
390
203
404
638
592
74
73
660
71
518
459
342
272
344
282
920
409
1020
777
176
567
237
428
894
1176
460
285
123
528
756
208
1246
480
900
659
1076
576
304
587
951
1119
10
116
687
131
45
367
693
370
160
952
220
13
1165
879
692
82
23
771
148
373
410
709
434
997
1078
162
286
1192
266
257
787
75
384
245
61
96
759
166
269
289
110
455
88
763
105
618
36
510
247
744
378
577
6
973
164
68
144
374
293
85
192
664
303
149
616
159
115
525
173
870
519
1088
1326
507
452
138
399
500
667
184
822
619
432
982
758
716
1286
917
198
472
801
599
464
867
207
750
66
333
142
449
754
634
299
497
925
1222
81
786
893
546
58
1259
117
1273
772
330
84
944
43
400
124
125
152
406
865
423
907
467
854
179
264
520
112
1388
880
1009
723
1441
28
314
255
407
724
430
439
424
368
838
331
292
957
391
420
948
1384
321
15
19
1189
733
498
381
183
7
107
397
562
97
849
242
1103
127
295
641
1406
632
134
644
355
845
668
468
395
531
663
578
636
512
359
186
770
450
1065
818
188
221
747
425
473
656
1471
550
228
244
204
165
1010
803
227
223
174
379
211
722
688
846
633
334
172
649
699
238
454
511
548
51
961
338
323
383
236
976
151
631
953
79
751
725
821
848
861
350
678
475
1002
695
816
189
302
4
1101
288
210
197
1063
341
1106
677
896
749
1338
493
707
1237
898
1099
1256
31
788
685
833
1347
1077
181
1576
516
365
438
689
1132
213
824
1043
155
161
1485
526
809
812
109
565
1082
977
797
431
545
168
229
1005
1035
1204
494
604
1233
840
1203
673
856
717
361
1391
613
643
527
325
1162
594
32
1051
1228
878
651
700
539
217
476
9
403
672
852
488
1133
741
568
471
426
306
1092
433
714
888
561
748
671
294
382
783
499
29
614
1535
1586
1181
969
728
1306
1029
1464
154
1331
453
883
727
1478
858
1208
949
1124
259
1238
1368
1496
415
736
1217
226
534
863
1345
621
477
1122
137
781
1321
445
457
1115
719
682
889
347
481
1052
313
574
629
681
508
757
551
248
485
339
938
2
624
1250
348
94
674
1016
569
1257
297
317
792
77
369
785
760
1457
492
802
558
1248
413
556
815
214
1193
882
40
834
943
329
1147
1294
1007
114
14
529
1171
307
921
1134
1033
1534
1581
448
230
1141
676
836
1268
657
376
745
522
358
1378
470
926
239
495
906
1213
721
820
702
1572
199
1244
832
1419
795
590
553
1380
1017
524
810
535
206
1337
991
1059
554
1579
1284
1392
1232
1242
290
398
417
265
1188
796
581
1308
669
362
268
911
1044
103
1215
478
251
884
862
246
143
1413
1565
451
1566
780
542
560
1431
963
284
775
1281
536
765
504
1212
46
315
442
1454
336
1381
827
1411
891
469
936
828
296
1067
559
904
773
946
1410
260
466
354
250
1100
583
1292
437
1296
1230
564
1135
986
375
416
1262
235
479
645
940
924
1221
1366
831
1399
625
1234
752
817
491
859
572
968
1440
915
1041
1152
1360
1070
1272
1322
842
1261
86
1239
1301
1075
1137
731
872
575
596
776
25
1199
1480
421
1110
484
992
988
163
1118
1086
1590
233
630
665
606
825
253
1332
1148
275
1027
1595
972
779
710
908
216
1197
371
513
860
1054
1341
767
1021
610
240
1530
1352
1396
679
1344
694
483
1231
1442
753
446
1153
1205
1151
1302
422
1011
611
1490
806
868
950
1105
993
892
1179
544
1439
1146
960
543
312
1074
1540
1459
712
979
808
503
847
995
794
1307
1393
190
901
53
1524
1428
1483
697
122
1351
396
835
1055
1142
970
258
1195
886
683
1114
708
1145
1120
729
857
1333
1263
1225
1597
200
557
487
1463
1560
1291
1032
1108
720
881
1143
1090
916
1562
1398
1129
1349
1058
959
1289
1461
1450
1497
1362
799
588
1019
876
1255
1538
1372
839
1046
769
573
739
648
789
1318
829
1448
1598
1071
902
1397
1116
742
929
465
98
1047
1319
1270
1025
1173
662
141
715
1166
919
647
1096
793
1240
1175
642
866
1095
579
1182
1430
1097
627
436
1266
1084
1569
598
1323
63
316
540
563
267
283
1527
807
1575
1138
1160
1034
1183
738
965
3
635
419
1559
441
931
1346
1210
998
971
1594
774
869
1113
1107
1211
841
1042
843
718
1356
999
1006
1474
1117
964
1462
784
609
372
1382
1111
1136
805
1315
1425
978
1003
922
1036
1186
1157
637
1473
823
887
37
178
1030
139
877
1353
440
1444
1387
462
875
1184
914
1548
1091
1015
761
1429
1420
1004
1276
1427
1479
209
1185
1446
496
1155
617
1161
1170
1178
1574
1288
1513
324
1223
1012
1149
813
91
1219
1491
910
1402
1577
954
310
1584
509
737
555
309
1437
311
1571
20
1456
490
1249
980
1517
1008
1316
1494
1163
732
743
1130
1523
1258
942
1198
1329
1202
1283
1394
937
855
1049
1369
1583
1563
1227
589
1079
987
1588
746
1279
909
1532
1434
1226
983
1515
1158
1168
1409
981
1539
1026
1443
1482
670
1247
612
984
1529
1374
1503
1370
1570
1207
1421
1216
1334
349
1303
1269
1048
941
1455
1408
1018
120
1481
1506
871
903
458
1567
622
1449
1220
791
1508
1516
962
1164
517
1580
1131
1024
1121
1290
1191
1358
1407
1277
1376
1469
691
704
1355
1379
377
1424
1423
1552
1592
1403
1206
1564
912
885
955
1050
1458
1582
1500
615
1139
1037
502
923
1487
1386
1426
601
975
1254
1123
755
1521
844
591
947
1280
1359
1452
1467
1314
990
1317
804
1466
1028
1064
1365
933
1436
1593
1417
1127
549
1432
363
826
934
1013
1229
1557
1000
1328
1553
1416
1514
966
603
1297
532
652
1504
1330
1578
1415
762
1364
1260
1477
1377
1525
1537
918
1522
1085
1484
740
1271
1495
1241
864
851
482
1200
1304
153
899
628
1126
1214
1081
1544
1512
1551
1069
1187
1475
1022
1324
1460
994
1045
1400
1453
967
1488
1547
1357
1038
1556
1060
1253
1373
853
1068
1062
1298
1518
782
1438
1519
1404
1451
1528
1465
800
1350
1278
1177
593
1172
1194
1531
298
1511
1509
927
1501
1087
1422
1325
985
1340
1367
1507
1492
1295
690
1235
1339
1536
658
1412
939
326
352
996
1180
1282
1305
1098
1585
1023
1555
1300
1093
711
345
1089
1361
1299
1546
388
1472
1489
1196
730
1568
850
1327
17
974
1335
675
1418
623
1587
1201
1313
874
1285
1554
1150
928
1498
1104
1348
890
956
1549
764
1561
1405
1526
351
1573
1109
1390
1154
1057
1433
830
1541
1499
1274
585
1371
620
597
811
1336
301
447
1414
945
726
905
935
1040
1159
1251
1243
1550
1493
1383
873
1542
1309
1510
1591
1343
1209
1144
1401
1545
778
1311
1275
1267
1599
766
1389
1445
1354
1476
1128
1265
1596
1072
521
666
1502
895
1190
1470
1125
1543
108
768
443
1102
1167
1169
1014
686
1385
1363
1053
1061
1520
595
1218
930
1558
1447
279
639
814
706
1435
1156
1342
735
1505
1066
1056
1039
790
1310
1589
1375
1236
1083
1468
646
1395
15 19 [0]
11 24 [0]
8 38 [0]
21 33 [0]
26 48 [0]
38 42 [0]
26 60 [0]
42 52 [0]
0 95 [0]
34 64 [0]
23 82 [0]
27 83 [0]
49 62 [0]
7 107 [0]
39 78 [0]
5 113 [0]
10 116 [0]
14 114 [0]
73 74 [0]
60 93 [2]
61 96 [0]
16 146 [0]
60 99 [4]
22 145 [0]
76 95 [0]
42 132 [0]
35 140 [0]
45 131 [0]
38 138 [4]
70 118 [0]
7 183 [0]
16 177 [0]
47 150 [0]
65 146 [0]
68 144 [0]
0 215 [0]
37 178 [0]
106 111 [0]
38 175 [5]
87 135 [0]
92 135 [0]
16 208 [5]
68 164 [0]
13 220 [0]
96 135 [4]
7 227 [2]
90 147 [0]
1 241 [0]
89 157 [0]
4 241 [2]
124 125 [0]
24 227 [2]
89 170 [0]
128 136 [0]
72 196 [0]
12 262 [0]
115 159 [0]
26 246 [2]
85 192 [0]
125 152 [0]
93 187 [0]
34 249 [0]
80 205 [0]
137 147 [3]
132 158 [0]
30 262 [0]
12 279 [1]
100 201 [0]
27 273 [3]
4 302 [0]
61 245 [0]
30 278 [0]
47 261 [0]
38 268 [3]
155 161 [0]
24 291 [1]
132 184 [3]
104 215 [3]
121 202 [0]
79 241 [4]
44 281 [0]
55 271 [0]
156 171 [0]
113 211 [4]
39 291 [0]
15 321 [0]
47 286 [3]
119 218 [0]
28 314 [0]
118 225 [0]
119 224 [0]
83 261 [0]
100 249 [0]
167 182 [0]
21 335 [0]
46 315 [0]
111 248 [2]
87 274 [2]
120 245 [1]
35 332 [0]
150 218 [0]
165 204 [0]
95 273 [2]
33 340 [0]
101 274 [0]
57 319 [0]
50 327 [0]
85 293 [0]
63 316 [0]
102 277 [0]
62 318 [0]
167 219 [0]
133 256 [0]
143 246 [0]
100 286 [3]
113 278 [0]
89 301 [1]
12 380 [0]
67 327 [0]
72 322 [0]
11 385 [0]
168 229 [0]
174 223 [0]
156 239 [2]
66 333 [0]
110 289 [0]
93 308 [0]
56 346 [0]
183 220 [1]
197 210 [0]
123 285 [0]
188 221 [0]
140 271 [0]
9 403 [0]
18 394 [0]
45 367 [0]
201 212 [0]
84 330 [0]
87 325 [3]
60 357 [0]
133 282 [3]
131 285 [3]
72 348 [1]
127 295 [0]
72 350 [1]
101 321 [2]
99 328 [0]
11 417 [2]
92 343 [0]
166 269 [0]
183 251 [2]
194 243 [0]
94 348 [0]
80 359 [3]
43 400 [0]
179 264 [0]
77 369 [0]
162 286 [0]
204 244 [0]
187 259 [2]
223 227 [0]
186 262 [2]
149 303 [0]
159 292 [2]
136 315 [2]
158 296 [3]
184 271 [3]
75 384 [0]
52 408 [0]
216 241 [3]
70 392 [0]
134 327 [3]
66 397 [3]
113 351 [2]
65 402 [0]
46 422 [1]
228 244 [0]
231 241 [0]
57 412 [4]
169 305 [0]
142 333 [0]
85 396 [1]
9 476 [0]
27 456 [3]
52 431 [3]
102 387 [0]
189 302 [0]
197 293 [1]
50 444 [0]
194 300 [0]
30 461 [4]
210 288 [0]
57 439 [3]
107 397 [0]
49 452 [4]
172 334 [0]
145 364 [0]
164 345 [1]
33 476 [2]
11 497 [3]
136 375 [1]
129 387 [0]
56 458 [2]
87 426 [3]
144 374 [0]
0 516 [3]
148 373 [0]
187 335 [0]
257 266 [0]
124 400 [0]
29 499 [0]
160 370 [0]
18 507 [5]
256 277 [0]
164 369 [1]
30 502 [2]
151 380 [3]
83 449 [3]
101 435 [0]
138 399 [0]
67 474 [0]
1 541 [0]
14 529 [0]
54 489 [0]
88 455 [0]
126 418 [0]
182 357 [5]
186 359 [0]
156 386 [3]
36 510 [0]
27 518 [2]
267 283 [0]
18 528 [5]
174 379 [0]
263 291 [0]
223 328 [3]
170 384 [2]
152 406 [0]
202 356 [0]
269 289 [0]
201 357 [3]
98 465 [0]
183 381 [0]
110 455 [0]
62 500 [3]
182 386 [0]
255 314 [0]
93 475 [2]
54 523 [0]
44 538 [0]
126 454 [2]
6 577 [0]
175 408 [0]
241 341 [2]
21 561 [2]
136 444 [4]
222 366 [0]
71 518 [0]
243 346 [0]
49 541 [0]
138 452 [0]
211 379 [0]
142 449 [0]
203 390 [0]
49 543 [3]
205 393 [0]
234 364 [0]
268 328 [2]
51 548 [0]
167 430 [3]
71 528 [2]
35 565 [3]
58 546 [0]
250 354 [0]
203 404 [0]
16 587 [4]
147 461 [0]
215 393 [0]
9 598 [1]
62 547 [3]
211 400 [2]
70 537 [6]
185 429 [0]
272 342 [0]
297 317 [0]
277 335 [2]
272 344 [0]
232 380 [4]
104 514 [0]
236 383 [0]
11 609 [2]
292 331 [0]
10 613 [2]
2 624 [0]
32 594 [0]
282 344 [0]
27 600 [0]
15 612 [1]
245 384 [0]
268 362 [0]
52 580 [0]
112 520 [0]
231 402 [0]
222 412 [0]
83 547 [4]
69 566 [0]
18 613 [4]
308 328 [0]
177 455 [4]
136 501 [0]
3 635 [0]
281 357 [0]
115 525 [0]
85 553 [2]
68 572 [1]
218 422 [2]
285 355 [2]
250 390 [2]
29 614 [0]
287 356 [0]
170 474 [0]
69 573 [2]
83 559 [3]
289 356 [2]
22 626 [0]
133 515 [0]
202 444 [3]
80 570 [0]
123 528 [0]
196 456 [0]
36 618 [0]
217 435 [2]
295 356 [3]
55 600 [0]
104 552 [0]
76 582 [0]
66 590 [2]
97 562 [0]
270 389 [0]
90 570 [0]
130 530 [0]
323 338 [0]
308 352 [1]
78 584 [0]
129 533 [0]
255 407 [0]
261 399 [2]
273 390 [0]
237 428 [0]
59 607 [0]
74 592 [0]
227 438 [1]
293 374 [0]
198 472 [0]
119 547 [4]
109 565 [0]
22 651 [1]
202 470 [2]
78 596 [1]
69 607 [0]
294 382 [0]
24 653 [0]
337 340 [0]
305 370 [2]
230 448 [0]
273 405 [0]
223 455 [2]
263 418 [0]
265 417 [0]
99 586 [0]
289 393 [3]
325 357 [3]
171 515 [0]
290 398 [0]
164 525 [0]
238 454 [0]
300 392 [0]
217 476 [0]
87 602 [4]
129 563 [2]
15 679 [1]
173 525 [0]
305 390 [3]
21 678 [2]
63 637 [1]
71 631 [2]
82 621 [2]
323 383 [0]
285 419 [2]
57 650 [0]
59 644 [5]
272 433 [3]
108 600 [1]
8 705 [0]
168 545 [0]
235 479 [0]
337 377 [1]
112 600 [3]
164 551 [2]
185 537 [0]
105 618 [0]
343 380 [0]
219 505 [0]
260 466 [0]
15 712 [1]
251 478 [0]
121 606 [2]
274 456 [0]
126 603 [1]
185 542 [3]
71 660 [0]
7 722 [2]
220 509 [2]
306 426 [0]
73 660 [0]
30 701 [2]
239 495 [0]
322 412 [0]
212 521 [1]
141 592 [2]
182 553 [3]
337 399 [3]
237 502 [1]
206 535 [0]
57 682 [2]
237 503 [1]
176 567 [0]
280 463 [0]
285 460 [0]
318 427 [0]
106 640 [0]
80 663 [3]
319 429 [0]
170 577 [3]
362 388 [1]
126 626 [0]
334 417 [1]
217 539 [0]
65 689 [2]
247 510 [0]
315 442 [0]
362 393 [2]
203 554 [1]
338 418 [2]
273 483 [2]
119 636 [3]
226 534 [0]
123 635 [2]
368 390 [3]
75 686 [1]
131 630 [2]
87 674 [3]
278 483 [3]
149 616 [0]
142 622 [1]
134 632 [0]
323 443 [1]
94 674 [0]
47 720 [2]
110 658 [1]
183 585 [1]
289 481 [1]
314 456 [3]
335 435 [3]
82 692 [0]
52 720 [2]
294 478 [2]
159 616 [0]
171 603 [2]
7 768 [1]
134 644 [0]
228 550 [0]
217 560 [1]
232 547 [0]
203 574 [2]
37 743 [1]
151 631 [0]
307 474 [1]
196 585 [1]
373 410 [0]
264 520 [0]
11 775 [1]
287 501 [0]
135 652 [2]
111 680 [0]
375 416 [0]
92 696 [3]
0 790 [1]
138 651 [2]
368 424 [0]
340 450 [2]
23 771 [0]
212 582 [0]
280 514 [0]
171 623 [1]
121 672 [2]
299 497 [0]
148 648 [1]
278 517 [2]
373 424 [1]
85 712 [1]
248 551 [0]
287 510 [2]
25 776 [0]
342 459 [0]
9 791 [1]
69 728 [4]
116 687 [0]
141 662 [0]
365 438 [0]
237 567 [0]
148 653 [3]
151 651 [2]
146 654 [5]
157 650 [0]
196 610 [2]
276 533 [0]
74 735 [1]
391 420 [0]
158 655 [0]
281 529 [3]
398 417 [0]
66 747 [2]
332 481 [2]
66 750 [0]
69 745 [3]
131 687 [0]
391 425 [2]
182 633 [3]
268 548 [2]
31 788 [0]
122 697 [0]
406 412 [1]
354 466 [0]
172 649 [0]
249 570 [2]
157 661 [3]
372 448 [1]
123 697 [2]
135 684 [4]
164 658 [1]
339 485 [0]
0 824 [1]
197 626 [2]
347 481 [0]
323 503 [2]
79 751 [0]
267 563 [0]
56 772 [2]
107 721 [2]
72 758 [2]
338 492 [2]
28 804 [1]
140 692 [2]
234 602 [0]
332 506 [0]
183 655 [2]
181 655 [4]
123 718 [1]
205 637 [2]
345 499 [1]
335 510 [1]
193 654 [0]
63 784 [1]
327 521 [1]
240 610 [0]
344 504 [2]
88 763 [0]
184 667 [0]
314 535 [2]
90 758 [3]
325 527 [0]
393 457 [2]
190 660 [2]
9 842 [2]
408 442 [3]
187 666 [1]
96 759 [0]
175 680 [0]
312 543 [0]
136 717 [2]
141 715 [0]
192 664 [0]
316 540 [0]
277 576 [3]
159 697 [1]
337 518 [2]
325 530 [2]
177 677 [3]
147 709 [3]
201 658 [1]
370 488 [2]
333 526 [2]
59 799 [3]
75 787 [0]
233 630 [0]
395 468 [0]
424 439 [0]
309 555 [0]
357 505 [2]
99 764 [1]
1 860 [3]
263 600 [2]
66 797 [2]
81 786 [0]
105 763 [0]
73 794 [1]
124 743 [1]
311 555 [2]
77 792 [0]
430 439 [0]
102 766 [1]
238 630 [2]
359 512 [0]
169 703 [0]
135 734 [4]
40 834 [0]
11 861 [2]
135 736 [3]
134 742 [1]
80 795 [2]
168 708 [2]
381 498 [0]
304 576 [0]
358 522 [0]
365 516 [0]
177 705 [0]
371 513 [0]
187 695 [2]
192 691 [1]
221 660 [3]
10 874 [1]
232 655 [0]
313 574 [0]
47 839 [1]
293 593 [1]
260 626 [2]
115 773 [1]
29 858 [2]
193 693 [3]
185 705 [0]
234 653 [3]
304 587 [0]
56 837 [0]
193 701 [0]
26 867 [1]
426 471 [0]
27 868 [2]
425 473 [0]
399 500 [0]
263 635 [2]
445 457 [0]
63 837 [2]
102 798 [3]
36 866 [1]
91 813 [0]
288 617 [1]
433 471 [2]
226 679 [1]
271 633 [3]
249 658 [1]
272 636 [1]
179 730 [1]
361 548 [2]
386 528 [1]
149 765 [2]
137 781 [0]
259 655 [4]
148 771 [0]
303 614 [2]
38 879 [3]
109 812 [0]
40 882 [0]
224 698 [0]
79 842 [1]
52 868 [2]
385 538 [0]
147 774 [2]
37 887 [0]
166 759 [0]
241 681 [3]
128 798 [0]
395 531 [0]
212 712 [2]
119 807 [2]
113 815 [2]
222 705 [4]
347 582 [2]
124 805 [2]
396 535 [1]
167 764 [1]
211 722 [0]
232 701 [0]
299 634 [0]
196 734 [3]
295 641 [0]
131 804 [1]
238 699 [0]
46 890 [1]
254 684 [0]
140 796 [2]
293 643 [3]
2 938 [0]
411 530 [0]
33 907 [2]
255 686 [1]
323 618 [2]
181 763 [1]
97 849 [0]
249 695 [2]
194 749 [3]
347 598 [1]
397 546 [3]
45 901 [1]
422 525 [1]
83 863 [2]
461 489 [0]
455 494 [2]
176 777 [0]
53 901 [0]
378 577 [0]
186 770 [0]
207 750 [0]
10 946 [2]
397 562 [0]
452 507 [0]
43 915 [2]
48 913 [0]
428 530 [3]
208 756 [0]
294 671 [0]
454 511 [0]
270 696 [0]
303 664 [0]
334 633 [0]
356 609 [2]
3 965 [0]
221 747 [0]
389 580 [0]
413 556 [0]
87 879 [4]
24 943 [3]
10 961 [1]
310 660 [2]
333 639 [1]
386 586 [1]
459 513 [1]
151 821 [1]
128 844 [1]
176 796 [2]
362 612 [1]
186 787 [2]
431 545 [0]
342 631 [3]
459 518 [0]
333 644 [1]
72 904 [2]
43 934 [1]
6 973 [0]
372 609 [0]
131 848 [2]
359 624 [1]
48 935 [1]
134 850 [1]
238 746 [1]
375 609 [1]
489 493 [3]
273 712 [1]
118 865 [3]
357 627 [2]
43 944 [0]
67 919 [1]
94 892 [1]
274 709 [4]
276 713 [0]
445 542 [2]
100 888 [2]
426 562 [2]
247 744 [0]
59 931 [2]
68 923 [1]
174 816 [2]
85 907 [2]
393 601 [1]
489 504 [2]
433 562 [1]
148 845 [3]
468 527 [2]
337 661 [0]
193 804 [1]
149 847 [2]
355 644 [0]
62 937 [2]
49 948 [4]
266 735 [1]
305 698 [0]
411 590 [2]
277 726 [1]
255 747 [2]
189 816 [0]
184 822 [0]
188 818 [0]
138 867 [2]
405 600 [3]
385 621 [2]
179 829 [1]
505 506 [0]
162 847 [2]
51 961 [0]
411 599 [2]
79 931 [2]
75 938 [1]
44 968 [2]
139 877 [0]
23 992 [2]
142 875 [1]
437 580 [2]
241 775 [3]
237 782 [1]
360 661 [0]
12 1008 [2]
387 632 [3]
435 584 [3]
93 929 [2]
101 922 [2]
186 837 [3]
432 592 [2]
342 680 [4]
164 861 [2]
84 944 [0]
350 678 [0]
214 815 [0]
227 803 [0]
362 669 [0]
198 832 [1]
79 953 [0]
179 854 [0]
376 657 [0]
169 862 [2]
387 646 [1]
338 696 [1]
63 971 [1]
517 518 [1]
213 824 [0]
175 860 [2]
485 551 [1]
335 700 [3]
471 568 [0]
92 944 [3]
168 871 [1]
359 679 [2]
80 959 [2]
196 844 [1]
151 888 [2]
404 638 [0]
133 906 [3]
149 891 [2]
173 870 [0]
499 543 [1]
68 974 [1]
257 787 [0]
487 557 [0]
201 843 [2]
465 579 [2]
498 546 [3]
92 955 [2]
196 853 [1]
439 610 [1]
432 619 [0]
153 899 [0]
64 989 [0]
419 635 [0]
219 833 [2]
87 965 [2]
345 711 [0]
447 607 [2]
478 579 [1]
284 775 [0]
511 548 [0]
474 583 [2]
367 693 [0]
121 938 [2]
178 882 [1]
505 553 [3]
108 953 [1]
256 804 [2]
370 693 [0]
436 627 [0]
464 599 [0]
346 715 [2]
359 702 [2]
60 1002 [2]
45 1018 [1]
411 654 [0]
137 927 [1]
379 688 [1]
507 559 [2]
56 1009 [4]
8 1062 [2]
207 867 [0]
234 837 [3]
403 672 [0]
18 1056 [1]
511 564 [1]
34 1041 [2]
135 940 [2]
418 658 [1]
123 952 [2]
253 825 [0]
361 717 [0]
44 1032 [2]
389 688 [2]
267 812 [1]
23 1055 [2]
80 1000 [1]
231 848 [3]
356 724 [2]
192 888 [2]
134 947 [1]
32 1051 [0]
280 802 [3]
354 731 [1]
325 759 [2]
399 685 [2]
7 1079 [1]
356 729 [2]
6 1081 [1]
474 612 [2]
455 631 [2]
297 792 [0]
190 901 [0]
242 849 [0]
419 671 [1]
162 928 [1]
121 968 [2]
195 897 [0]
392 697 [3]
510 581 [2]
10 1082 [3]
477 621 [0]
494 604 [0]
118 978 [2]
287 811 [1]
330 772 [0]
542 560 [0]
39 1062 [1]
540 563 [0]
215 886 [2]
22 1078 [3]
494 609 [1]
501 600 [3]
4 1101 [0]
350 755 [1]
195 913 [0]
246 862 [0]
164 943 [1]
137 970 [1]
342 763 [3]
316 791 [1]
466 642 [1]
160 952 [0]
101 1011 [1]
314 799 [1]
198 917 [0]
68 1046 [1]
45 1070 [1]
295 821 [2]
410 709 [0]
164 953 [2]
410 705 [4]
367 749 [3]
92 1026 [2]
114 1007 [0]
376 745 [0]
378 744 [0]
322 800 [1]
216 908 [0]
296 828 [0]
479 645 [0]
132 990 [2]
399 724 [2]
486 640 [0]
151 976 [0]
438 689 [0]
80 1047 [1]
59 1065 [4]
128 997 [3]
109 1017 [2]
10 1119 [0]
473 656 [0]
188 940 [1]
407 724 [0]
518 611 [2]
450 680 [3]
430 701 [2]
380 750 [3]
129 1001 [4]
333 800 [1]
515 617 [2]
107 1025 [2]
251 884 [0]
501 633 [1]
468 668 [0]
322 812 [2]
164 971 [1]
164 973 [0]
106 1030 [1]
120 1018 [0]
435 703 [0]
76 1061 [1]
398 739 [1]
486 653 [0]
452 686 [1]
157 982 [2]
160 979 [2]
6 1133 [2]
99 1041 [2]
434 709 [0]
553 590 [0]
177 964 [3]
98 1047 [0]
239 906 [0]
114 1030 [1]
385 758 [2]
283 862 [1]
103 1044 [0]
433 714 [0]
81 1065 [1]
205 940 [2]
42 1101 [4]
476 669 [2]
512 636 [0]
185 960 [3]
393 753 [2]
6 1141 [2]
163 988 [0]
415 736 [0]
412 738 [2]
475 678 [0]
27 1124 [2]
32 1119 [2]
454 696 [3]
369 785 [0]
430 724 [0]
323 830 [1]
318 837 [0]
560 594 [1]
499 653 [3]
567 587 [2]
545 611 [1]
203 954 [2]
507 650 [3]
124 1036 [1]
303 857 [2]
261 900 [3]
239 926 [0]
382 783 [0]
247 917 [2]
381 784 [1]
500 667 [0]
126 1040 [1]
546 620 [1]
139 1030 [0]
331 838 [0]
273 895 [1]
527 643 [0]
356 812 [2]
568 601 [1]
328 837 [5]
575 596 [0]
459 710 [2]
220 952 [0]
425 747 [0]
79 1092 [1]
226 945 [1]
455 714 [3]
165 1010 [0]
370 803 [2]
49 1125 [1]
33 1142 [1]
483 694 [0]
13 1165 [0]
382 795 [1]
395 782 [1]
249 926 [3]
268 911 [0]
571 608 [0]
402 775 [2]
433 744 [2]
390 788 [2]
444 734 [4]
532 652 [0]
16 1165 [3]
521 666 [0]
172 1014 [1]
378 809 [1]
66 1121 [1]
363 826 [0]
508 681 [0]
359 829 [1]
327 859 [3]
364 823 [2]
38 1150 [2]
3 1186 [1]
485 703 [3]
431 761 [1]
384 807 [2]
192 1000 [1]
531 663 [0]
390 805 [1]
390 803 [3]
463 734 [0]
155 1043 [0]
378 818 [2]
504 692 [2]
446 753 [0]
257 940 [2]
234 963 [2]
92 1103 [4]
355 845 [0]
493 707 [0]
313 886 [1]
293 906 [1]
343 856 [2]
104 1095 [2]
282 920 [0]
530 670 [2]
449 754 [0]
574 629 [0]
71 1131 [1]
106 1094 [4]
337 865 [3]
368 838 [0]
385 820 [2]
19 1189 [0]
178 1030 [0]
430 776 [2]
479 729 [1]
183 1026 [1]
350 861 [0]
148 1062 [1]
169 1041 [1]
430 780 [1]
236 976 [0]
45 1166 [1]
179 1032 [1]
146 1064 [2]
313 899 [1]
578 636 [0]
551 661 [2]
121 1094 [0]
45 1169 [1]
269 944 [2]
179 1034 [2]
469 744 [2]
128 1087 [1]
597 620 [0]
375 841 [1]
547 669 [2]
171 1046 [2]
140 1076 [3]
196 1021 [2]
450 770 [0]
151 1068 [1]
562 655 [4]
308 911 [2]
283 938 [1]
468 753 [2]
25 1199 [0]
405 819 [0]
201 1022 [1]
0 1222 [3]
246 978 [1]
598 627 [1]
113 1113 [1]
383 843 [1]
187 1039 [1]
258 970 [0]
307 921 [0]
431 797 [0]
126 1102 [1]
127 1103 [0]
592 638 [0]
568 661 [1]
396 835 [0]
498 733 [0]
547 684 [0]
198 1032 [1]
36 1193 [2]
347 884 [1]
228 1002 [2]
537 696 [0]
254 977 [2]
371 860 [2]
229 1005 [0]
378 855 [1]
402 831 [2]
347 889 [0]
425 811 [1]
219 1017 [2]
370 866 [2]
539 700 [0]
162 1078 [0]
578 663 [0]
38 1201 [2]
130 1112 [0]
254 989 [0]
65 1177 [2]
277 966 [2]
61 1184 [1]
389 854 [3]
284 963 [0]
158 1086 [3]
611 636 [1]
501 745 [2]
292 957 [0]
48 1199 [2]
15 1235 [1]
47 1202 [2]
121 1130 [1]
473 777 [2]
158 1092 [3]
241 1010 [3]
308 944 [2]
567 685 [2]
302 950 [2]
537 715 [2]
36 1217 [2]
171 1083 [1]
626 628 [1]
613 643 [0]
238 1017 [1]
304 951 [1]
599 657 [1]
46 1212 [0]
181 1077 [0]
137 1122 [0]
293 965 [1]
197 1063 [0]
332 925 [3]
365 895 [1]
590 669 [2]
580 681 [2]
340 922 [1]
310 954 [0]
433 830 [1]
430 832 [2]
326 939 [0]
474 788 [3]
599 666 [1]
356 909 [1]
522 745 [0]
514 750 [3]
101 1164 [2]
602 665 [1]
504 765 [0]
18 1251 [1]
406 865 [0]
606 665 [0]
580 689 [2]
329 943 [0]
591 680 [1]
446 825 [1]
472 801 [0]
562 710 [1]
339 938 [0]
547 728 [2]
300 975 [2]
390 886 [2]
314 964 [1]
203 1074 [2]
607 667 [5]
444 834 [2]
389 890 [1]
163 1118 [0]
499 783 [0]
386 897 [0]
479 803 [1]
289 992 [2]
113 1168 [2]
614 667 [2]
528 756 [0]
191 1094 [0]
150 1134 [1]
31 1256 [0]
472 814 [1]
99 1187 [1]
359 926 [2]
423 865 [0]
29 1258 [1]
92 1194 [2]
144 1143 [2]
344 945 [1]
633 654 [3]
15 1274 [1]
352 939 [0]
512 777 [2]
555 737 [0]
593 698 [1]
124 1168 [1]
201 1090 [2]
533 756 [4]
492 802 [0]
256 1036 [2]
94 1199 [1]
57 1235 [2]
630 665 [0]
223 1070 [2]
631 661 [3]
227 1067 [2]
321 975 [1]
366 932 [0]
253 1044 [1]
338 961 [0]
24 1274 [1]
536 765 [0]
275 1027 [0]
460 841 [1]
81 1222 [0]
498 803 [2]
149 1154 [1]
42 1259 [3]
95 1209 [1]
537 767 [2]
515 790 [1]
254 1051 [2]
471 834 [2]
491 817 [0]
551 757 [0]
141 1166 [1]
561 748 [0]
568 741 [0]
380 926 [3]
576 731 [2]
72 1236 [1]
91 1219 [0]
629 681 [0]
59 1252 [0]
87 1224 [0]
503 808 [0]
148 1162 [1]
62 1245 [4]
295 1018 [1]
551 763 [2]
5 1312 [0]
58 1259 [0]
103 1215 [0]
577 739 [2]
511 807 [1]
655 659 [5]
467 854 [0]
428 894 [0]
542 780 [0]
431 889 [2]
627 694 [1]
346 975 [2]
400 922 [1]
186 1135 [2]
479 844 [1]
287 1036 [1]
632 691 [1]
86 1239 [0]
498 826 [1]
544 780 [1]
229 1095 [1]
231 1094 [1]
71 1254 [1]
224 1102 [1]
623 703 [1]
73 1253 [1]
471 854 [2]
500 826 [1]
409 920 [0]
507 819 [3]
423 907 [0]
5 1322 [3]
464 867 [0]
228 1102 [1]
252 1080 [0]
461 870 [1]
401 932 [0]
482 851 [0]
337 995 [1]
228 1104 [1]
104 1224 [5]
60 1271 [2]
524 810 [0]
369 964 [1]
629 704 [1]
542 791 [1]
541 791 [2]
60 1272 [2]
526 809 [0]
496 837 [2]
543 791 [1]
453 883 [0]
106 1229 [1]
42 1291 [3]
462 875 [0]
287 1049 [1]
453 884 [1]
281 1055 [2]
632 703 [3]
33 1303 [2]
634 703 [2]
488 852 [0]
218 1121 [1]
132 1205 [3]
40 1299 [1]
403 937 [1]
247 1092 [2]
573 769 [0]
175 1165 [2]
188 1152 [2]
17 1327 [0]
343 1000 [1]
500 843 [1]
213 1132 [0]
93 1252 [0]
242 1103 [0]
535 810 [0]
34 1310 [1]
177 1167 [1]
390 954 [1]
618 725 [2]
1 1341 [3]
86 1261 [0]
523 823 [1]
2 1344 [1]
671 674 [2]
391 957 [0]
649 699 [0]
542 805 [1]
473 874 [1]
182 1164 [2]
66 1282 [1]
250 1100 [0]
503 847 [0]
382 967 [1]
6 1343 [1]
14 1336 [1]
493 857 [1]
451 897 [3]
600 748 [3]
464 887 [1]
100 1250 [2]
129 1221 [3]
334 1019 [1]
667 688 [1]
137 1219 [1]
600 758 [1]
469 891 [0]
558 802 [0]
5 1354 [1]
375 986 [0]
458 903 [0]
430 930 [1]
410 948 [3]
132 1229 [2]
550 813 [1]
313 1052 [0]
666 699 [1]
420 948 [0]
335 1033 [1]
333 1034 [2]
390 978 [2]
418 950 [2]
230 1141 [0]
556 815 [0]
619 750 [2]
596 776 [0]
643 728 [1]
321 1050 [1]
467 907 [0]
147 1225 [2]
296 1077 [2]
484 889 [2]
187 1187 [1]
117 1259 [0]
152 1223 [1]
581 796 [0]
604 771 [2]
608 768 [1]
476 901 [1]
125 1253 [1]
439 938 [2]
273 1103 [3]
480 900 [0]
39 1338 [3]
671 705 [4]
140 1239 [2]
327 1051 [3]
643 736 [2]
259 1124 [0]
376 1006 [1]
90 1292 [2]
590 795 [0]
640 743 [2]
63 1323 [0]
312 1074 [0]
49 1336 [1]
391 993 [2]
619 765 [2]
593 792 [1]
588 799 [0]
648 739 [0]
54 1332 [1]
166 1220 [1]
34 1351 [2]
634 754 [0]
527 860 [1]
467 919 [2]
288 1101 [0]
519 870 [0]
486 900 [3]
552 835 [2]
212 1175 [2]
117 1273 [0]
561 828 [1]
536 853 [1]
1 1389 [1]
383 1007 [1]
114 1277 [1]
259 1132 [1]
609 784 [0]
215 1177 [1]
366 1025 [2]
506 884 [3]
209 1185 [0]
465 929 [0]
543 850 [1]
576 817 [2]
470 926 [0]
561 834 [1]
130 1265 [1]
534 863 [0]
9 1387 [1]
392 1001 [4]
378 1017 [2]
195 1202 [1]
599 801 [0]
332 1065 [3]
418 980 [2]
682 719 [0]
238 1162 [1]
647 754 [1]
550 851 [1]
162 1238 [2]
143 1259 [1]
341 1063 [0]
469 936 [0]
130 1275 [1]
214 1193 [0]
260 1146 [1]
650 757 [1]
558 849 [1]
78 1330 [1]
400 1008 [1]
179 1230 [1]
34 1375 [1]
166 1244 [1]
192 1217 [2]
360 1049 [2]
387 1020 [4]
193 1218 [1]
420 989 [3]
216 1197 [0]
489 923 [1]
233 1179 [1]
432 982 [0]
284 1129 [1]
595 818 [1]
671 743 [1]
97 1317 [1]
224 1189 [3]
376 1040 [1]
626 790 [1]
159 1256 [3]
671 748 [0]
374 1043 [2]
518 901 [1]
205 1215 [1]
497 925 [0]
275 1148 [0]
516 907 [1]
394 1031 [0]
502 923 [0]
129 1295 [1]
31 1393 [1]
35 1389 [1]
517 907 [1]
252 1174 [0]
698 727 [2]
172 1254 [1]
11 1413 [3]
663 764 [1]
409 1020 [0]
618 809 [2]
524 905 [1]
572 859 [0]
606 825 [0]
511 919 [1]
314 1116 [1]
422 1011 [0]
618 814 [1]
345 1089 [0]
591 844 [0]
575 859 [1]
191 1245 [0]
648 789 [0]
391 1044 [2]
681 757 [0]
546 893 [0]
292 1146 [1]
630 808 [1]
280 1157 [2]
360 1080 [0]
647 792 [1]
619 822 [0]
152 1289 [1]
150 1291 [1]
127 1314 [1]
323 1117 [2]
199 1244 [0]
226 1217 [0]
425 1018 [1]
538 905 [1]
323 1119 [2]
0 1444 [2]
575 872 [0]
241 1204 [2]
93 1352 [2]
594 852 [2]
537 908 [3]
225 1224 [0]
561 888 [0]
348 1100 [1]
547 901 [2]
293 1156 [1]
158 1293 [0]
230 1221 [1]
258 1195 [0]
208 1246 [0]
66 1387 [1]
239 1215 [1]
97 1357 [1]
567 886 [2]
42 1410 [3]
461 991 [3]
59 1394 [3]
153 1304 [0]
379 1077 [1]
115 1341 [1]
245 1211 [1]
467 988 [2]
266 1192 [0]
165 1292 [1]
360 1096 [2]
78 1379 [1]
408 1048 [2]
478 980 [1]
160 1299 [1]
65 1395 [1]
33 1427 [1]
220 1239 [2]
699 761 [1]
559 904 [0]
464 998 [1]
530 934 [1]
608 855 [2]
54 1411 [1]
113 1352 [2]
538 928 [1]
156 1312 [0]
104 1363 [1]
653 813 [2]
28 1441 [0]
385 1082 [2]
381 1087 [1]
337 1130 [2]
214 1254 [1]
15 1455 [1]
101 1368 [2]
195 1275 [1]
476 993 [2]
28 1442 [2]
122 1351 [0]
685 788 [0]
389 1083 [1]
716 758 [0]
506 967 [1]
385 1087 [2]
12 1459 [3]
732 743 [0]
101 1373 [1]
134 1340 [1]
452 1021 [2]
20 1456 [0]
329 1147 [0]
484 992 [0]
725 751 [0]
430 1045 [1]
475 1002 [0]
119 1356 [2]
286 1192 [0]
307 1171 [0]
462 1015 [1]
633 846 [0]
274 1204 [2]
499 981 [1]
413 1067 [1]
500 981 [1]
238 1245 [1]
399 1084 [1]
154 1331 [0]
452 1033 [1]
325 1162 [0]
288 1198 [1]
523 964 [1]
72 1413 [3]
710 779 [0]
74 1413 [2]
44 1446 [1]
473 1016 [2]
66 1425 [1]
243 1247 [2]
478 1013 [1]
447 1044 [1]
7 1484 [1]
357 1132 [3]
602 890 [1]
327 1165 [2]
683 810 [1]
185 1306 [3]
403 1091 [1]
548 946 [1]
42 1451 [2]
480 1014 [1]
392 1100 [3]
616 878 [2]
568 926 [2]
235 1262 [0]
259 1238 [0]
58 1438 [1]
387 1108 [2]
70 1425 [2]
520 976 [2]
129 1366 [3]
403 1095 [1]
346 1151 [2]
503 995 [1]
112 1388 [0]
36 1463 [1]
239 1260 [1]
102 1397 [2]
118 1380 [3]
402 1097 [3]
543 960 [0]
486 1015 [2]
18 1486 [0]
541 962 [1]
157 1346 [2]
379 1126 [1]
160 1346 [1]
567 938 [2]
642 866 [0]
217 1290 [1]
24 1482 [2]
123 1384 [2]
739 769 [1]
424 1085 [1]
695 816 [0]
127 1383 [1]
428 1080 [3]
676 836 [0]
141 1370 [1]
57 1453 [2]
668 845 [0]
555 957 [1]
250 1262 [1]
450 1065 [0]
497 1016 [2]
197 1317 [1]
715 801 [1]
111 1405 [1]
512 1004 [1]
426 1092 [0]
685 833 [0]
340 1177 [1]
503 1015 [1]
92 1425 [2]
128 1390 [1]
357 1160 [2]
649 867 [3]
173 1346 [1]
274 1244 [2]
578 941 [1]
20 1500 [1]
606 913 [2]
267 1253 [1]
702 820 [0]
672 852 [0]
673 849 [2]
59 1462 [3]
433 1092 [0]
667 857 [1]
274 1249 [2]
356 1168 [1]
37 1487 [1]
3 1522 [1]
628 899 [0]
50 1476 [1]
74 1452 [1]
327 1199 [2]
410 1116 [2]
589 938 [1]
651 878 [0]
673 856 [0]
48 1479 [2]
421 1110 [0]
412 1118 [1]
216 1314 [1]
290 1242 [0]
444 1086 [2]
623 908 [1]
344 1186 [2]
84 1447 [1]
481 1052 [0]
686 846 [1]
688 846 [0]
10 1523 [1]
50 1482 [2]
485 1049 [1]
614 920 [2]
281 1253 [2]
220 1315 [2]
726 810 [1]
367 1168 [2]
591 947 [0]
57 1479 [2]
744 792 [2]
502 1037 [0]
429 1109 [1]
687 851 [1]
572 968 [0]
241 1297 [2]
524 1017 [0]
721 820 [0]
665 876 [1]
370 1170 [2]
19 1522 [1]
206 1337 [0]
576 966 [1]
203 1338 [2]
463 1080 [1]
760 785 [0]
759 784 [2]
725 821 [0]
324 1223 [0]
323 1223 [1]
67 1478 [2]
133 1414 [1]
46 1501 [1]
567 979 [2]
49 1498 [2]
649 899 [1]
273 1276 [1]
233 1316 [1]
689 861 [1]
95 1454 [2]
37 1514 [1]
118 1433 [1]
461 1090 [2]
297 1257 [0]
343 1208 [3]
693 859 [2]
550 1003 [1]
318 1235 [2]
143 1413 [0]
205 1350 [1]
754 802 [1]
55 1500 [2]
215 1341 [2]
205 1351 [2]
659 900 [0]
305 1253 [1]
29 1529 [1]
598 960 [1]
244 1314 [1]
534 1025 [1]
718 843 [0]
113 1446 [2]
167 1393 [2]
582 979 [2]
304 1257 [2]
266 1297 [1]
744 819 [2]
231 1331 [3]
647 919 [0]
178 1387 [1]
694 871 [1]
176 1389 [1]
575 989 [2]
541 1024 [2]
371 1197 [0]
4 1563 [1]
155 1411 [2]
603 966 [0]
683 886 [0]
752 817 [0]
535 1034 [1]
179 1390 [1]
52 1517 [1]
439 1130 [1]
692 879 [0]
599 971 [1]
370 1200 [1]
134 1436 [1]
290 1280 [1]
596 973 [2]
457 1115 [0]
208 1362 [2]
392 1178 [2]
677 896 [0]
717 856 [0]
65 1506 [2]
93 1479 [1]
66 1506 [1]
80 1491 [2]
264 1308 [2]
785 789 [1]
758 815 [2]
475 1100 [1]
548 1027 [1]
474 1099 [3]
53 1524 [0]
347 1229 [1]
356 1219 [2]
307 1268 [2]
89 1488 [1]
698 878 [2]
551 1027 [1]
766 812 [1]
700 878 [1]
11 1567 [2]
600 978 [2]
698 882 [2]
190 1393 [0]
91 1491 [1]
165 1417 [1]
752 830 [1]
631 953 [0]
344 1237 [3]
253 1332 [0]
569 1016 [0]
645 940 [0]
518 1066 [1]
34 1550 [1]
729 857 [0]
547 1039 [1]
95 1492 [1]
145 1443 [1]
247 1342 [1]
113 1476 [1]
20 1571 [0]
291 1299 [1]
521 1072 [0]
250 1341 [2]
484 1110 [0]
178 1416 [1]
227 1368 [2]
348 1250 [0]
446 1153 [0]
477 1122 [0]
331 1267 [1]
653 943 [3]
751 848 [1]
257 1342 [1]
359 1239 [2]
120 1481 [0]
720 881 [0]
721 878 [2]
714 888 [0]
274 1327 [1]
731 872 [0]
411 1191 [1]
537 1065 [2]
524 1079 [1]
480 1123 [1]
417 1188 [0]
770 833 [2]
679 926 [1]
519 1088 [0]
168 1438 [1]
257 1347 [3]
640 967 [1]
637 970 [1]
608 1001 [0]
719 889 [1]
225 1381 [3]
360 1247 [2]
223 1385 [1]
727 883 [0]
348 1261 [1]
166 1444 [1]
562 1049 [1]
472 1139 [1]
113 1497 [2]
554 1059 [0]
254 1358 [1]
346 1264 [3]
72 1541 [1]
263 1349 [2]
520 1093 [1]
202 1412 [1]
407 1207 [1]
780 835 [1]
798 819 [0]
258 1358 [1]
154 1464 [0]
710 908 [0]
228 1389 [1]
545 1072 [1]
695 923 [1]
591 1028 [1]
488 1133 [0]
809 812 [0]
562 1058 [1]
222 1397 [2]
611 1011 [0]
80 1540 [2]
562 1060 [1]
297 1325 [1]
642 980 [1]
125 1497 [1]
575 1048 [1]
568 1054 [2]
158 1465 [2]
572 1052 [1]
216 1408 [1]
559 1067 [0]
472 1153 [1]
68 1558 [1]
241 1385 [1]
120 1506 [1]
264 1362 [2]
600 1026 [2]
403 1224 [2]
550 1079 [1]
61 1568 [1]
145 1483 [2]
610 1021 [0]
645 985 [1]
167 1462 [2]
698 931 [2]
239 1392 [1]
54 1576 [2]
563 1068 [1]
415 1217 [1]
152 1480 [1]
548 1084 [1]
543 1089 [1]
264 1368 [2]
55 1576 [3]
173 1460 [1]
216 1417 [1]
512 1122 [1]
223 1410 [2]
460 1176 [0]
220 1415 [1]
121 1513 [2]
392 1243 [1]
301 1336 [0]
280 1356 [1]
459 1174 [4]
259 1379 [1]
602 1036 [2]
182 1456 [2]
267 1373 [1]
282 1358 [1]
424 1216 [1]
622 1018 [1]
692 948 [2]
365 1277 [1]
500 1141 [2]
571 1073 [0]
551 1092 [1]
665 978 [1]
749 896 [0]
230 1414 [1]
161 1485 [0]
661 984 [1]
565 1082 [0]
499 1147 [1]
186 1461 [1]
223 1424 [1]
304 1343 [1]
500 1146 [2]
592 1056 [1]
410 1237 [2]
290 1358 [1]
164 1484 [1]
766 883 [1]
496 1155 [0]
349 1303 [0]
576 1076 [0]
446 1205 [1]
687 963 [2]
192 1461 [1]
746 907 [1]
146 1506 [2]
173 1479 [2]
591 1064 [1]
699 956 [1]
763 891 [2]
366 1288 [2]
239 1416 [1]
232 1424 [1]
402 1253 [2]
104 1552 [1]
94 1562 [1]
455 1202 [1]
496 1161 [1]
669 988 [1]
117 1541 [1]
479 1179 [1]
785 873 [1]
540 1119 [1]
118 1540 [2]
189 1470 [1]
386 1272 [2]
171 1487 [2]
413 1248 [0]
183 1477 [1]
631 1029 [2]
677 985 [1]
370 1291 [2]
450 1213 [2]
339 1325 [1]
153 1512 [1]
287 1378 [2]
496 1170 [1]
719 947 [1]
589 1079 [0]
640 1026 [2]
821 848 [0]
199 1469 [1]
253 1415 [1]
684 982 [3]
260 1410 [0]
331 1338 [2]
86 1585 [1]
189 1482 [1]
653 1017 [2]
826 845 [1]
507 1163 [2]
149 1523 [1]
505 1166 [2]
579 1095 [0]
806 868 [0]
305 1369 [1]
496 1178 [1]
549 1127 [0]
771 904 [1]
91 1584 [1]
132 1542 [2]
773 904 [0]
291 1385 [1]
223 1453 [1]
416 1262 [0]
142 1535 [1]
817 859 [2]
468 1209 [1]
531 1145 [2]
786 893 [0]
460 1217 [2]
192 1485 [2]
541 1135 [3]
204 1474 [1]
708 970 [2]
444 1233 [3]
438 1241 [1]
517 1164 [0]
467 1213 [1]
525 1155 [1]
480 1200 [1]
312 1369 [1]
215 1464 [3]
349 1334 [0]
583 1100 [0]
222 1459 [2]
613 1070 [1]
415 1268 [2]
515 1169 [1]
655 1031 [0]
418 1266 [2]
209 1479 [0]
228 1460 [1]
385 1301 [3]
674 1016 [0]
534 1155 [1]
463 1226 [1]
101 1588 [1]
561 1128 [1]
466 1222 [2]
729 961 [1]
450 1239 [2]
157 1532 [2]
552 1140 [0]
203 1486 [3]
402 1286 [4]
537 1154 [1]
493 1197 [2]
673 1018 [1]
478 1215 [0]
232 1460 [1]
401 1293 [0]
842 852 [1]
197 1498 [1]
413 1281 [2]
695 1002 [0]
728 969 [0]
409 1286 [2]
494 1204 [0]
477 1220 [1]
564 1135 [0]
478 1220 [1]
210 1488 [1]
362 1336 [1]
403 1295 [1]
529 1171 [0]
503 1196 [1]
780 919 [1]
494 1206 [1]
436 1266 [0]
510 1191 [1]
738 965 [0]
125 1577 [1]
710 993 [1]
321 1384 [0]
561 1143 [1]
198 1506 [1]
153 1551 [1]
136 1568 [1]
709 997 [0]
776 929 [1]
343 1363 [1]
817 889 [1]
371 1335 [1]
848 861 [0]
379 1329 [1]
458 1252 [0]
823 887 [0]
523 1185 [2]
343 1367 [2]
793 919 [1]
290 1422 [1]
483 1231 [0]
851 864 [0]
365 1349 [1]
454 1260 [1]
401 1313 [1]
203 1511 [1]
337 1376 [2]
515 1199 [2]
650 1063 [3]
548 1167 [1]
336 1381 [0]
605 1112 [0]
462 1254 [1]
415 1302 [1]
613 1104 [1]
174 1543 [1]
367 1349 [2]
403 1315 [1]
591 1127 [1]
846 872 [1]
287 1430 [2]
299 1420 [1]
191 1528 [1]
800 919 [1]
184 1534 [2]
766 953 [1]
264 1456 [1]
768 953 [1]
544 1179 [0]
230 1492 [1]
528 1192 [3]
359 1363 [1]
422 1302 [0]
627 1097 [0]
406 1317 [1]
175 1548 [2]
128 1595 [2]
291 1433 [1]
279 1447 [0]
480 1246 [0]
831 893 [2]
132 1592 [2]
672 1054 [1]
503 1222 [2]
437 1292 [0]
399 1329 [1]
762 966 [1]
336 1393 [1]
801 929 [1]
258 1472 [1]
723 1009 [0]
448 1283 [1]
757 976 [1]
276 1456 [2]
384 1349 [1]
659 1076 [0]
734 1001 [0]
684 1050 [1]
493 1241 [1]
358 1378 [0]
177 1558 [1]
645 1090 [1]
207 1529 [1]
717 1019 [1]
820 916 [1]
281 1455 [2]
668 1069 [1]
629 1109 [1]
758 982 [0]
514 1224 [2]
618 1121 [1]
571 1169 [1]
220 1520 [1]
395 1346 [1]
411 1329 [2]
647 1096 [0]
525 1218 [1]
734 1008 [2]
605 1140 [0]
236 1508 [1]
431 1313 [1]
347 1397 [1]
195 1549 [1]
309 1437 [0]
862 884 [0]
818 927 [1]
428 1316 [2]
396 1351 [0]
274 1471 [2]
643 1103 [1]
407 1339 [1]
170 1578 [1]
578 1170 [1]
287 1461 [2]
779 972 [0]
600 1150 [1]
175 1575 [1]
361 1391 [0]
293 1457 [2]
372 1382 [0]
615 1139 [0]
628 1126 [0]
405 1347 [2]
377 1379 [0]
594 1162 [0]
285 1470 [1]
232 1523 [1]
739 1016 [1]
181 1576 [0]
505 1251 [1]
584 1174 [0]
463 1295 [1]
826 934 [0]
423 1336 [1]
402 1356 [2]
772 986 [2]
579 1182 [0]
368 1392 [1]
407 1353 [1]
405 1356 [1]
219 1542 [1]
753 1009 [1]
578 1184 [1]
444 1320 [0]
828 936 [0]
606 1157 [1]
872 891 [1]
667 1095 [2]
322 1440 [2]
593 1172 [0]
384 1380 [1]
476 1288 [1]
445 1321 [0]
564 1201 [1]
193 1572 [2]
338 1428 [2]
689 1077 [2]
868 900 [1]
312 1456 [1]
240 1530 [0]
593 1177 [0]
489 1280 [1]
340 1428 [2]
199 1572 [0]
883 887 [1]
555 1215 [1]
617 1155 [0]
879 891 [2]
173 1599 [1]
797 977 [0]
201 1571 [2]
751 1022 [1]
761 1015 [0]
834 943 [0]
574 1202 [1]
673 1104 [1]
535 1242 [1]
839 938 [1]
288 1490 [1]
649 1131 [1]
197 1584 [1]
677 1106 [0]
453 1331 [0]
285 1498 [1]
523 1260 [1]
410 1372 [2]
703 1082 [1]
593 1194 [0]
808 979 [0]
767 1021 [0]
874 913 [1]
233 1554 [1]
794 995 [0]
336 1454 [0]
192 1597 [2]
471 1318 [2]
855 937 [0]
474 1317 [1]
440 1353 [0]
391 1401 [1]
564 1230 [0]
637 1157 [0]
363 1432 [0]
391 1403 [1]
200 1597 [0]
683 1114 [0]
777 1020 [0]
885 912 [0]
556 1240 [1]
577 1220 [1]
605 1194 [1]
750 1049 [1]
234 1564 [2]
377 1424 [0]
512 1290 [1]
379 1423 [1]
711 1093 [0]
389 1414 [1]
558 1248 [0]
429 1377 [1]
473 1333 [1]
772 1034 [1]
409 1396 [2]
744 1062 [1]
527 1280 [1]
847 960 [1]
510 1298 [1]
797 1011 [1]
673 1135 [1]
283 1527 [0]
791 1018 [1]
343 1464 [3]
403 1407 [1]
282 1528 [1]
803 1010 [0]
398 1414 [1]
236 1576 [1]
636 1177 [1]
769 1046 [0]
523 1293 [0]
589 1227 [0]
536 1281 [0]
642 1175 [0]
676 1141 [0]
433 1383 [1]
558 1258 [1]
868 950 [0]
473 1344 [1]
621 1196 [1]
649 1169 [1]
687 1131 [1]
418 1400 [1]
703 1115 [2]
531 1288 [1]
689 1132 [0]
692 1128 [1]
708 1114 [0]
456 1365 [1]
319 1501 [2]
233 1590 [0]
407 1415 [1]
264 1558 [1]
224 1597 [2]
671 1152 [1]
833 989 [2]
229 1594 [1]
709 1114 [2]
569 1257 [0]
516 1309 [1]
474 1350 [2]
413 1412 [1]
848 976 [2]
476 1350 [1]
720 1108 [0]
460 1367 [1]
298 1531 [0]
532 1297 [0]
714 1114 [1]
400 1428 [2]
534 1294 [2]
273 1556 [1]
493 1338 [0]
586 1245 [0]
536 1293 [2]
233 1598 [1]
426 1405 [1]
507 1326 [0]
505 1327 [1]
400 1432 [1]
632 1200 [1]
869 963 [1]
719 1115 [0]
662 1173 [0]
417 1418 [1]
324 1513 [0]
604 1233 [0]
545 1291 [1]
610 1224 [3]
464 1372 [2]
300 1536 [2]
629 1209 [1]
285 1553 [1]
869 969 [1]
268 1570 [1]
885 955 [0]
905 935 [0]
821 1018 [1]
488 1351 [1]
568 1271 [1]
564 1276 [1]
733 1107 [1]
253 1588 [1]
698 1140 [4]
453 1389 [1]
868 974 [1]
477 1366 [1]
269 1574 [1]
333 1510 [1]
677 1166 [1]
455 1387 [2]
461 1383 [1]
890 956 [0]
846 999 [1]
821 1025 [1]
861 985 [1]
903 943 [1]
470 1378 [0]
308 1538 [2]
462 1387 [0]
729 1120 [0]
379 1469 [1]
535 1313 [1]
763 1084 [2]
813 1037 [1]
632 1218 [1]
420 1431 [1]
431 1419 [2]
708 1145 [0]
308 1544 [1]
634 1219 [1]
541 1313 [1]
867 987 [1]
732 1124 [1]
672 1184 [1]
540 1316 [1]
927 929 [1]
742 1116 [0]
303 1554 [1]
366 1490 [2]
585 1274 [0]
612 1247 [0]
625 1234 [0]
558 1300 [1]
688 1170 [1]
506 1352 [2]
670 1192 [1]
524 1337 [2]
924 940 [0]
474 1389 [1]
486 1377 [1]
602 1264 [0]
882 983 [1]
383 1482 [1]
748 1117 [1]
824 1043 [0]
550 1316 [1]
731 1137 [0]
872 995 [1]
490 1378 [1]
539 1329 [1]
822 1048 [1]
543 1327 [1]
692 1178 [2]
743 1130 [0]
514 1358 [1]
675 1197 [1]
624 1250 [0]
741 1133 [0]
576 1297 [1]
583 1292 [0]
852 1022 [1]
673 1203 [0]
491 1384 [1]
525 1350 [1]
815 1060 [1]
351 1526 [0]
626 1250 [1]
667 1208 [2]
332 1546 [1]
420 1458 [1]
788 1090 [1]
613 1265 [1]
776 1104 [1]
501 1379 [2]
818 1065 [0]
841 1042 [0]
448 1434 [1]
294 1588 [1]
892 993 [0]
839 1046 [0]
843 1042 [0]
659 1225 [1]
913 971 [2]
396 1489 [1]
398 1487 [1]
428 1457 [2]
703 1182 [2]
705 1180 [2]
864 1022 [1]
581 1308 [0]
880 1009 [0]
774 1114 [1]
346 1542 [1]
835 1055 [0]
857 1031 [2]
754 1135 [2]
365 1525 [1]
345 1546 [1]
382 1510 [1]
425 1467 [1]
943 950 [1]
420 1473 [1]
732 1163 [0]
876 1019 [0]
783 1110 [2]
442 1454 [0]
586 1308 [2]
828 1067 [1]
430 1467 [1]
497 1399 [2]
299 1598 [2]
428 1470 [1]
603 1297 [0]
421 1480 [0]
510 1390 [1]
922 979 [1]
394 1507 [2]
717 1187 [1]
696 1207 [2]
754 1150 [1]
449 1456 [1]
725 1179 [2]
586 1319 [2]
333 1574 [1]
435 1472 [1]
412 1494 [2]
415 1496 [0]
369 1542 [1]
607 1302 [3]
556 1355 [1]
708 1203 [2]
860 1054 [0]
543 1370 [1]
470 1443 [1]
912 1002 [1]
522 1392 [1]
409 1505 [1]
805 1110 [1]
630 1285 [1]
670 1247 [0]
719 1199 [1]
325 1593 [1]
530 1387 [2]
606 1313 [1]
598 1323 [0]
738 1183 [0]
689 1231 [1]
581 1338 [2]
733 1189 [0]
698 1222 [3]
431 1491 [1]
830 1092 [1]
351 1573 [0]
831 1092 [1]
368 1555 [1]
657 1268 [0]
922 1003 [0]
730 1196 [0]
477 1448 [1]
692 1232 [2]
679 1245 [2]
715 1212 [1]
943 984 [1]
906 1020 [2]
960 969 [1]
574 1355 [1]
606 1324 [1]
399 1531 [1]
660 1271 [1]
507 1424 [1]
553 1380 [0]
408 1524 [1]
503 1429 [1]
527 1405 [1]
388 1546 [0]
721 1213 [0]
842 1092 [1]
939 996 [1]
653 1282 [1]
955 982 [1]
479 1458 [1]
674 1262 [2]
596 1341 [2]
382 1557 [1]
805 1136 [0]
478 1462 [1]
496 1446 [0]
472 1469 [1]
848 1092 [2]
803 1139 [1]
607 1333 [3]
352 1590 [1]
966 976 [1]
707 1237 [0]
580 1362 [2]
490 1456 [0]
466 1479 [1]
763 1181 [2]
686 1259 [1]
828 1118 [1]
380 1567 [1]
684 1263 [1]
492 1457 [0]
672 1276 [1]
869 1078 [2]
487 1463 [0]
822 1127 [1]
734 1216 [1]
610 1340 [1]
372 1578 [1]
453 1497 [1]
466 1484 [1]
754 1195 [2]
862 1089 [1]
605 1345 [2]
526 1426 [1]
417 1536 [1]
870 1082 [2]
911 1044 [0]
915 1041 [0]
383 1573 [1]
709 1247 [1]
922 1036 [0]
882 1075 [1]
976 981 [1]
606 1352 [1]
707 1250 [2]
971 988 [1]
866 1095 [0]
813 1149 [0]
741 1220 [1]
621 1345 [0]
817 1148 [1]
865 1099 [2]
648 1318 [1]
457 1509 [1]
971 998 [0]
469 1499 [1]
700 1268 [1]
801 1168 [1]
569 1400 [1]
416 1554 [1]
754 1215 [2]
902 1071 [0]
506 1466 [1]
721 1250 [2]
746 1227 [1]
464 1510 [1]
832 1141 [2]
650 1325 [1]
745 1230 [1]
698 1276 [2]
669 1308 [0]
900 1075 [2]
944 1032 [1]
551 1426 [1]
765 1212 [1]
659 1318 [2]
988 992 [0]
786 1192 [2]
601 1378 [1]
624 1355 [1]
549 1432 [0]
978 1003 [0]
785 1195 [1]
779 1201 [1]
626 1353 [2]
685 1293 [3]
869 1113 [0]
953 1029 [1]
561 1421 [1]
796 1188 [0]
690 1295 [0]
752 1234 [0]
672 1312 [2]
913 1071 [2]
937 1049 [1]
621 1367 [1]
738 1250 [1]
606 1382 [1]
953 1036 [1]
732 1257 [1]
560 1431 [0]
620 1371 [0]
850 1140 [1]
732 1258 [1]
582 1406 [3]
613 1378 [1]
413 1578 [1]
994 998 [1]
846 1146 [1]
393 1599 [1]
531 1461 [1]
469 1524 [1]
609 1384 [1]
423 1571 [1]
455 1538 [2]
676 1318 [1]
480 1514 [1]
522 1473 [1]
608 1386 [2]
898 1099 [0]
460 1536 [1]
992 1006 [1]
823 1175 [1]
441 1559 [0]
649 1350 [1]
519 1480 [1]
716 1286 [0]
613 1391 [0]
945 1059 [1]
733 1270 [2]
717 1291 [1]
485 1523 [1]
579 1430 [1]
526 1485 [0]
740 1271 [0]
791 1220 [0]
961 1049 [1]
569 1442 [1]
717 1293 [2]
907 1103 [2]
605 1406 [2]
574 1438 [1]
946 1067 [1]
977 1036 [1]
633 1380 [2]
724 1290 [1]
451 1565 [0]
795 1220 [1]
451 1566 [0]
959 1058 [0]
975 1042 [1]
700 1318 [1]
550 1471 [0]
545 1475 [1]
470 1550 [1]
825 1196 [1]
679 1344 [0]
477 1545 [1]
625 1399 [0]
881 1143 [0]
1003 1020 [1]
616 1407 [1]
458 1567 [0]
746 1279 [0]
681 1343 [1]
916 1108 [1]
653 1372 [1]
497 1527 [2]
601 1426 [0]
497 1529 [1]
663 1363 [1]
573 1454 [1]
448 1581 [0]
671 1357 [1]
526 1502 [1]
957 1072 [1]
987 1044 [1]
489 1542 [1]
713 1320 [0]
793 1240 [0]
706 1326 [1]
728 1306 [0]
654 1378 [2]
879 1153 [2]
648 1386 [1]
822 1211 [2]
627 1409 [1]
650 1384 [3]
532 1504 [1]
632 1406 [0]
694 1344 [0]
786 1250 [2]
861 1177 [1]
928 1110 [1]
1005 1035 [0]
936 1103 [1]
927 1114 [1]
801 1239 [2]
552 1489 [1]
840 1203 [0]
624 1418 [1]
704 1338 [1]
582 1459 [2]
879 1165 [0]
998 1045 [1]
772 1273 [0]
551 1493 [1]
641 1406 [0]
738 1308 [1]
929 1116 [2]
893 1152 [2]
618 1430 [1]
913 1135 [1]
487 1560 [2]
991 1059 [0]
757 1292 [1]
638 1410 [2]
851 1200 [0]
680 1370 [1]
454 1596 [1]
566 1486 [0]
841 1211 [0]
463 1589 [1]
939 1114 [1]
921 1134 [0]
950 1105 [0]
696 1358 [1]
780 1274 [1]
775 1281 [0]
747 1308 [1]
758 1296 [2]
545 1511 [1]
861 1195 [1]
786 1270 [2]
704 1355 [0]
875 1184 [0]
977 1082 [0]
489 1570 [1]
542 1519 [1]
878 1183 [1]
808 1254 [1]
729 1333 [1]
857 1204 [2]
961 1102 [1]
973 1091 [1]
858 1208 [0]
987 1079 [0]
569 1497 [1]
862 1203 [2]
502 1565 [1]
669 1399 [1]
594 1474 [1]
658 1412 [0]
894 1176 [0]
951 1119 [0]
622 1449 [0]
892 1179 [0]
496 1574 [1]
523 1547 [1]
763 1308 [1]
510 1560 [2]
798 1272 [2]
599 1472 [1]
498 1573 [1]
840 1233 [0]
949 1124 [0]
718 1356 [0]
705 1367 [2]
679 1396 [0]
882 1193 [0]
997 1078 [0]
885 1189 [1]
832 1244 [0]
972 1103 [1]
485 1591 [1]
634 1441 [2]
882 1194 [1]
848 1228 [2]
822 1256 [1]
547 1531 [1]
957 1119 [3]
592 1487 [1]
528 1551 [1]
579 1500 [1]
886 1195 [0]
964 1117 [0]
622 1458 [1]
898 1184 [1]
986 1096 [1]
710 1373 [1]
704 1379 [1]
963 1120 [1]
919 1166 [0]
990 1094 [1]
749 1338 [0]
907 1179 [1]
529 1557 [1]
523 1562 [2]
757 1330 [1]
754 1332 [2]
516 1576 [0]
699 1392 [1]
509 1584 [0]
675 1418 [0]
522 1570 [1]
798 1294 [1]
978 1114 [1]
660 1433 [1]
642 1451 [1]
795 1299 [1]
803 1291 [2]
517 1580 [0]
664 1432 [1]
914 1184 [0]
993 1105 [0]
566 1530 [2]
908 1188 [2]
841 1257 [1]
572 1526 [1]
569 1529 [1]
611 1490 [0]
781 1321 [0]
524 1576 [2]
884 1217 [2]
836 1268 [0]
893 1210 [1]
864 1241 [0]
941 1163 [1]
878 1228 [0]
960 1146 [0]
671 1434 [1]
697 1409 [1]
767 1341 [0]
722 1384 [2]
678 1429 [1]
560 1547 [1]
991 1116 [1]
744 1364 [1]
645 1463 [1]
624 1484 [1]
637 1473 [0]
700 1409 [1]
998 1111 [1]
1043 1065 [2]
970 1142 [0]
569 1542 [1]
618 1494 [1]
899 1214 [1]
1012 1101 [1]
615 1500 [0]
978 1136 [1]
867 1247 [1]
952 1164 [1]
906 1213 [0]
608 1510 [1]
1007 1111 [1]
805 1315 [0]
804 1317 [0]
986 1135 [0]
903 1217 [1]
607 1512 [3]
778 1345 [1]
987 1137 [1]
882 1242 [1]
551 1572 [2]
625 1500 [1]
544 1581 [1]
656 1471 [0]
1044 1082 [1]
835 1291 [1]
876 1255 [0]
795 1335 [1]
1031 1097 [3]
1052 1078 [2]
990 1141 [1]
554 1579 [0]
1020 1111 [2]
898 1237 [0]
624 1510 [1]
806 1330 [1]
731 1406 [1]
747 1390 [1]
988 1150 [1]
951 1187 [1]
1032 1108 [0]
755 1387 [1]
567 1575 [1]
561 1581 [1]
924 1221 [0]
1024 1121 [0]
856 1288 [1]
654 1490 [2]
811 1336 [0]
829 1318 [0]
925 1222 [0]
574 1572 [1]
609 1537 [1]
785 1360 [2]
614 1535 [0]
951 1197 [1]
969 1181 [0]
561 1588 [1]
906 1243 [1]
1036 1112 [2]
670 1482 [0]
890 1261 [1]
710 1442 [1]
759 1392 [2]
557 1597 [0]
854 1299 [1]
1024 1131 [0]
949 1208 [0]
887 1269 [1]
940 1215 [2]
684 1471 [3]
975 1183 [1]
568 1590 [1]
691 1469 [0]
799 1362 [0]
1012 1149 [0]
692 1470 [1]
723 1441 [0]
842 1322 [0]
722 1441 [1]
819 1344 [1]
699 1465 [1]
751 1414 [1]
1033 1134 [0]
707 1459 [1]
933 1233 [1]
619 1547 [1]
719 1448 [1]
1019 1149 [1]
640 1528 [1]
1063 1106 [1]
710 1459 [1]
719 1450 [1]
712 1459 [0]
607 1562 [2]
642 1528 [1]
1064 1106 [1]
716 1455 [1]
956 1215 [1]
759 1413 [1]
762 1410 [1]
643 1529 [1]
644 1529 [1]
840 1333 [1]
704 1469 [2]
996 1180 [0]
668 1507 [1]
1009 1166 [1]
592 1584 [1]
700 1477 [1]
598 1580 [1]
981 1197 [1]
697 1483 [0]
833 1347 [0]
723 1456 [1]
603 1576 [1]
786 1394 [1]
1064 1117 [1]
713 1468 [1]
811 1371 [1]
673 1511 [1]
802 1383 [1]
835 1350 [1]
874 1313 [0]
886 1300 [1]
909 1279 [0]
684 1504 [1]
610 1578 [1]
761 1429 [0]
713 1477 [2]
1041 1152 [0]
751 1441 [1]
984 1208 [1]
658 1536 [0]
1034 1160 [0]
753 1442 [0]
635 1559 [1]
810 1384 [2]
765 1430 [1]
831 1366 [0]
1055 1142 [0]
1025 1173 [0]
870 1327 [1]
942 1258 [0]
809 1391 [1]
614 1586 [1]
739 1462 [1]
917 1286 [0]
797 1405 [1]
749 1453 [1]
1086 1118 [0]
695 1508 [1]
970 1233 [1]
727 1478 [0]
1067 1138 [1]
688 1518 [1]
827 1381 [0]
863 1345 [0]
998 1210 [0]
1020 1186 [2]
709 1498 [1]
709 1499 [1]
839 1372 [0]
1057 1154 [0]
983 1227 [1]
804 1406 [1]
1075 1137 [0]
1030 1181 [1]
795 1419 [0]
1007 1208 [1]
1049 1166 [1]
760 1457 [0]
1034 1183 [0]
772 1444 [1]
693 1523 [2]
1095 1122 [1]
782 1438 [0]
1107 1113 [0]
1054 1165 [1]
949 1270 [1]
861 1358 [1]
699 1521 [1]
939 1282 [1]
638 1584 [1]
740 1484 [0]
981 1242 [1]
907 1317 [1]
853 1373 [0]
947 1280 [0]
950 1276 [1]
970 1256 [1]
1082 1145 [1]
980 1249 [0]
831 1399 [0]
877 1353 [0]
725 1504 [1]
805 1425 [1]
699 1531 [1]
984 1247 [1]
717 1514 [1]
1090 1143 [0]
725 1507 [1]
781 1451 [1]
876 1356 [1]
692 1540 [2]
1071 1162 [1]
891 1341 [2]
988 1244 [2]
977 1255 [2]
1012 1223 [0]
878 1356 [1]
1020 1213 [2]
927 1308 [1]
740 1495 [1]
827 1411 [0]
938 1299 [1]
880 1356 [2]
1035 1204 [0]
1024 1215 [1]
643 1598 [1]
839 1404 [1]
1076 1168 [1]
784 1462 [0]
1111 1136 [0]
959 1289 [0]
795 1452 [1]
689 1559 [1]
683 1565 [1]
1038 1210 [1]
788 1459 [2]
832 1419 [0]
993 1257 [1]
818 1432 [1]
927 1326 [1]
894 1359 [1]
883 1371 [1]
1069 1187 [0]
936 1319 [1]
1123 1132 [1]
1042 1215 [1]
707 1550 [1]
710 1547 [1]
788 1470 [1]
1057 1204 [1]
1042 1220 [1]
843 1420 [1]
1030 1233 [1]
1120 1145 [0]
728 1536 [1]
1108 1157 [1]
729 1536 [1]
765 1501 [1]
880 1388 [0]
747 1520 [1]
1103 1164 [1]
673 1594 [1]
1032 1235 [1]
975 1293 [1]
919 1350 [1]
772 1496 [2]
676 1593 [1]
846 1424 [1]
734 1537 [1]
938 1332 [2]
719 1553 [1]
1050 1222 [1]
702 1572 [0]
759 1513 [2]
755 1521 [0]
1075 1200 [1]
744 1531 [1]
1114 1161 [1]
829 1448 [0]
931 1346 [0]
1051 1228 [0]
1108 1170 [1]
1107 1173 [1]
1051 1230 [1]
802 1480 [1]
944 1339 [1]
1040 1244 [1]
983 1302 [1]
763 1523 [2]
837 1450 [2]
1093 1195 [1]
897 1392 [1]
834 1455 [1]
972 1321 [1]
1025 1270 [0]
1081 1214 [0]
806 1490 [0]
823 1473 [0]
724 1571 [1]
707 1588 [1]
796 1500 [1]
730 1568 [0]
933 1365 [0]
710 1587 [1]
791 1508 [0]
902 1397 [0]
876 1422 [1]
782 1518 [0]
1048 1252 [0]
1137 1162 [1]
1007 1294 [0]
891 1411 [0]
1117 1184 [1]
841 1460 [1]
707 1595 [1]
770 1532 [1]
1136 1166 [1]
990 1314 [0]
995 1307 [2]
1110 1195 [1]
990 1317 [0]
781 1525 [1]
937 1369 [1]
834 1471 [2]
929 1379 [1]
737 1571 [1]
985 1325 [0]
717 1592 [1]
713 1595 [3]
910 1402 [0]
857 1454 [1]
953 1358 [1]
764 1549 [0]
1131 1181 [1]
936 1377 [1]
870 1444 [1]
1048 1269 [0]
1107 1211 [0]
819 1500 [1]
959 1362 [1]
737 1584 [1]
1032 1291 [0]
944 1378 [1]
950 1372 [1]
821 1501 [1]
1136 1186 [1]
1008 1316 [0]
985 1340 [0]
851 1475 [1]
1052 1273 [2]
959 1367 [1]
991 1337 [0]
1000 1328 [0]
1058 1271 [1]
901 1428 [1]
845 1484 [1]
937 1394 [0]
1051 1279 [1]
966 1364 [1]
948 1384 [0]
887 1444 [1]
878 1453 [1]
807 1527 [0]
860 1473 [1]
1029 1306 [0]
845 1489 [1]
858 1478 [0]
1073 1264 [0]
1055 1283 [1]
1070 1272 [0]
1157 1186 [0]
951 1391 [3]
1035 1308 [2]
780 1566 [0]
1106 1240 [1]
989 1358 [1]
1084 1266 [0]
786 1563 [1]
1115 1233 [2]
861 1488 [1]
1173 1177 [1]
915 1440 [0]
999 1356 [0]
1099 1256 [0]
1135 1219 [1]
787 1566 [2]
780 1574 [1]
946 1410 [0]
1151 1205 [0]
1049 1306 [1]
1117 1241 [1]
867 1494 [1]
1042 1321 [1]
1006 1356 [2]
844 1521 [0]
1002 1362 [1]
940 1424 [1]
1047 1319 [0]
1168 1197 [1]
908 1458 [1]
1042 1324 [1]
774 1594 [0]
828 1541 [1]
1159 1213 [1]
1155 1217 [1]
1010 1363 [1]
1021 1352 [1]
1075 1301 [0]
871 1506 [0]
1123 1254 [0]
986 1390 [1]
924 1453 [1]
1058 1320 [2]
870 1509 [1]
807 1575 [0]
1019 1362 [1]
1035 1348 [1]
872 1511 [1]
1025 1358 [1]
969 1415 [1]
942 1442 [1]
1062 1323 [1]
963 1423 [1]
1127 1261 [1]
926 1462 [1]
822 1565 [2]
981 1409 [0]
995 1393 [2]
1026 1366 [1]
1150 1242 [1]
963 1431 [0]
1095 1298 [1]
1054 1341 [0]
1141 1253 [1]
1139 1256 [1]
1017 1380 [0]
1119 1278 [1]
919 1479 [1]
910 1491 [0]
1181 1219 [1]
889 1512 [1]
844 1557 [1]
1098 1305 [0]
1099 1305 [1]
836 1568 [1]
960 1444 [1]
943 1461 [1]
882 1522 [1]
1087 1318 [1]
1024 1381 [1]
1058 1349 [0]
968 1440 [0]
1112 1293 [3]
959 1448 [1]
917 1490 [2]
903 1506 [1]
1121 1290 [0]
1088 1326 [0]
947 1466 [1]
1175 1240 [0]
969 1445 [1]
1112 1301 [2]
1053 1363 [0]
1080 1337 [2]
967 1453 [0]
1188 1231 [1]
1004 1420 [0]
1061 1363 [0]
1077 1347 [0]
1105 1319 [1]
964 1462 [0]
1018 1408 [0]
1103 1320 [3]
1206 1220 [1]
1064 1365 [0]
1070 1360 [0]
929 1501 [1]
907 1524 [1]
932 1500 [1]
879 1553 [1]
1016 1416 [1]
1015 1420 [1]
1124 1311 [1]
1188 1248 [2]
979 1459 [1]
920 1518 [1]
890 1549 [1]
1147 1294 [0]
899 1544 [1]
1045 1400 [0]
954 1491 [1]
943 1503 [1]
1209 1237 [1]
1013 1432 [2]
1173 1273 [2]
931 1517 [1]
1089 1361 [0]
1185 1264 [1]
1187 1262 [1]
1222 1228 [1]
1151 1302 [0]
1073 1379 [1]
918 1537 [0]
1012 1442 [1]
921 1534 [1]
949 1506 [1]
858 1599 [1]
1198 1258 [2]
1098 1360 [1]
961 1498 [1]
1100 1359 [1]
908 1552 [1]
896 1564 [1]
914 1548 [0]
869 1594 [1]
898 1566 [1]
1213 1251 [1]
1144 1321 [1]
976 1491 [1]
951 1516 [2]
925 1545 [1]
1136 1334 [1]
1232 1242 [0]
1070 1403 [1]
1030 1444 [1]
912 1564 [0]
916 1562 [0]
962 1516 [0]
995 1483 [1]
966 1514 [0]
1006 1474 [0]
1148 1332 [0]
1191 1290 [0]
1064 1417 [1]
1223 1259 [1]
1208 1275 [1]
1202 1283 [0]
1076 1408 [1]
1137 1348 [1]
902 1583 [1]
1242 1244 [1]
1225 1263 [0]
946 1541 [1]
1028 1459 [1]
1173 1314 [1]
931 1556 [1]
975 1513 [1]
1118 1370 [1]
977 1511 [1]
931 1559 [0]
1159 1331 [1]
1029 1464 [0]
1111 1382 [0]
1063 1430 [1]
980 1517 [0]
1247 1249 [1]
1156 1342 [0]
948 1549 [1]
913 1583 [2]
1045 1453 [1]
1195 1304 [1]
1095 1404 [1]
1007 1493 [1]
952 1549 [1]
921 1581 [1]
1133 1369 [1]
912 1590 [1]
1200 1304 [0]
939 1566 [1]
1041 1465 [1]
997 1511 [1]
1013 1496 [1]
1127 1382 [1]
965 1544 [1]
1119 1388 [3]
1162 1347 [2]
1152 1360 [0]
984 1529 [0]
1116 1397 [0]
1136 1377 [1]
995 1519 [1]
1112 1403 [1]
1197 1318 [1]
1108 1408 [1]
1036 1480 [1]
1088 1429 [1]
937 1583 [1]
1088 1432 [1]
952 1569 [1]
1075 1446 [1]
1064 1457 [1]
1122 1401 [1]
1088 1435 [1]
1008 1517 [0]
1037 1487 [1]
1230 1296 [0]
1097 1430 [0]
1129 1398 [0]
1198 1329 [0]
1205 1321 [1]
1110 1419 [1]
1202 1329 [0]
1248 1286 [2]
1237 1299 [1]
1190 1347 [1]
1239 1301 [0]
968 1571 [1]
1267 1275 [0]
1154 1390 [0]
963 1581 [2]
1124 1422 [1]
1191 1358 [0]
972 1576 [1]
982 1567 [1]
1032 1518 [1]
1082 1469 [1]
1000 1553 [0]
982 1570 [1]
1263 1291 [1]
1215 1338 [2]
1210 1346 [0]
1192 1363 [1]
1000 1557 [0]
1164 1396 [1]
1005 1557 [1]
1225 1337 [1]
1255 1306 [2]
971 1594 [0]
1026 1539 [0]
1092 1473 [1]
1058 1507 [1]
972 1595 [0]
1257 1309 [1]
1263 1303 [1]
1222 1344 [2]
1160 1410 [1]
1269 1303 [0]
1235 1338 [1]
1105 1469 [1]
1264 1310 [1]
1103 1471 [2]
1168 1409 [0]
1105 1471 [1]
1176 1400 [1]
1245 1331 [2]
1163 1419 [1]
1261 1322 [1]
1146 1439 [0]
1234 1351 [1]
1145 1440 [1]
1221 1366 [0]
1282 1305 [0]
1215 1371 [1]
1117 1469 [1]
1154 1433 [1]
1270 1319 [0]
1292 1296 [1]
1117 1474 [0]
1045 1547 [1]
1272 1322 [0]
1125 1470 [0]
1263 1333 [0]
1073 1524 [2]
1191 1407 [1]
1001 1598 [1]
1055 1544 [1]
1051 1550 [1]
1223 1379 [1]
1276 1326 [1]
1238 1368 [0]
1078 1527 [1]
1085 1522 [0]
1023 1585 [0]
1032 1575 [1]
1261 1345 [2]
1099 1509 [1]
1174 1435 [1]
1137 1474 [1]
1175 1437 [1]
1063 1549 [1]
1074 1540 [0]
1077 1535 [2]
1050 1564 [1]
1024 1592 [1]
1069 1551 [0]
1060 1559 [1]
1179 1439 [2]
1027 1595 [0]
1247 1374 [1]
1257 1365 [1]
1163 1459 [1]
1232 1392 [0]
1280 1345 [1]
1278 1350 [0]
1297 1330 [1]
1185 1446 [0]
1291 1339 [1]
1296 1337 [1]
1106 1528 [1]
1194 1441 [1]
1216 1421 [0]
1070 1567 [1]
1091 1548 [0]
1280 1359 [0]
1313 1326 [1]
1175 1465 [1]
1063 1577 [1]
1124 1523 [1]
1092 1556 [1]
1111 1537 [1]
1223 1426 [1]
1140 1511 [1]
1130 1523 [0]
1277 1376 [0]
1173 1479 [1]
1136 1516 [1]
1196 1459 [1]
1163 1494 [0]
1197 1460 [1]
1181 1476 [1]
1291 1367 [1]
1226 1434 [0]
1299 1361 [0]
1076 1585 [1]
1229 1432 [1]
1312 1349 [2]
1186 1477 [1]
1280 1384 [1]
1183 1482 [1]
1124 1540 [2]
1185 1481 [1]
1071 1598 [0]
1220 1449 [0]
1079 1588 [2]
1229 1440 [1]
1140 1529 [1]
1097 1574 [1]
1327 1344 [1]
1158 1515 [0]
1231 1442 [0]
1174 1498 [1]
1237 1436 [1]
1111 1563 [1]
1086 1590 [0]
1284 1392 [0]
1204 1471 [1]
1283 1394 [0]
1188 1488 [1]
1199 1480 [0]
1258 1421 [1]
1326 1354 [1]
1109 1573 [0]
1164 1516 [2]
1098 1585 [0]
1168 1515 [0]
1277 1407 [0]
1146 1538 [1]
1197 1490 [1]
1322 1369 [1]
1147 1547 [1]
1276 1420 [1]
1199 1498 [1]
1250 1448 [1]
1276 1427 [0]
1249 1455 [1]
1302 1403 [1]
1139 1566 [1]
1249 1456 [2]
1131 1580 [0]
1138 1575 [0]
1297 1415 [1]
1293 1424 [2]
1356 1366 [1]
1174 1549 [1]
1165 1558 [1]
1194 1531 [0]
1283 1443 [1]
1204 1524 [1]
1319 1409 [1]
1262 1466 [1]
1280 1452 [1]
1238 1496 [1]
1257 1478 [1]
1270 1465 [1]
1160 1575 [1]
1252 1486 [0]
1148 1592 [1]
1227 1515 [1]
1334 1410 [1]
1305 1440 [1]
1325 1422 [0]
1302 1444 [1]
1257 1489 [1]
1277 1469 [1]
1349 1398 [1]
1280 1467 [1]
1263 1485 [1]
1351 1397 [1]
1289 1461 [0]
1286 1463 [1]
1247 1503 [1]
1263 1486 [3]
1257 1494 [1]
1364 1388 [1]
1276 1479 [2]
1334 1421 [2]
1284 1473 [1]
1183 1574 [1]
1185 1574 [1]
1258 1503 [1]
1283 1482 [1]
1181 1586 [0]
1260 1514 [1]
1207 1570 [0]
1270 1509 [1]
1314 1467 [0]
1242 1539 [1]
1256 1527 [1]
1332 1453 [1]
1295 1492 [0]
1284 1503 [1]
1227 1563 [0]
1255 1538 [0]
1337 1458 [1]
1301 1494 [1]
1354 1445 [0]
1239 1560 [1]
1204 1596 [1]
1365 1436 [1]
1379 1423 [1]
1290 1513 [1]
1316 1494 [0]
1279 1532 [2]
1239 1575 [1]
1298 1518 [0]
1242 1578 [1]
1225 1597 [0]
1277 1552 [1]
1266 1569 [1]
1282 1555 [2]
1288 1574 [0]
1268 1593 [1]
1284 1579 [0]
1397 1465 [1]
1397 1466 [1]
1408 1456 [1]
1301 1569 [1]
1370 1503 [0]
1386 1487 [0]
1382 1491 [1]
1281 1594 [1]
1306 1573 [1]
1391 1486 [3]
1352 1530 [0]
1322 1561 [1]
1299 1586 [1]
1398 1492 [1]
1362 1532 [1]
1345 1553 [1]
1329 1570 [1]
1439 1459 [2]
1377 1525 [0]
1357 1547 [0]
1330 1578 [0]
1372 1538 [0]
1450 1461 [0]
1459 1466 [1]
1396 1530 [1]
1356 1576 [1]
1394 1539 [1]
1380 1554 [1]
1411 1524 [1]
1370 1566 [1]
1448 1486 [3]
1453 1488 [1]
1411 1531 [1]
1430 1516 [1]
1380 1571 [1]
1436 1521 [1]
1461 1497 [1]
1398 1562 [0]
1365 1593 [2]
1390 1573 [1]
1377 1586 [1]
1405 1561 [0]
1434 1532 [0]
1413 1565 [0]
1402 1577 [0]
1454 1529 [1]
1462 1522 [1]
1442 1546 [1]
1425 1565 [1]
1473 1517 [1]
1485 1508 [1]
1403 1592 [0]
1459 1540 [0]
1484 1522 [1]
1449 1564 [1]
1470 1543 [1]
1508 1516 [0]
1454 1576 [2]
1441 1596 [1]
1518 1519 [1]
1478 1559 [1]
1458 1582 [0]
1511 1531 [0]
1448 1598 [0]
1499 1572 [1]
1513 1574 [1]
1540 1551 [1]
1541 1576 [1]
1563 1583 [0]
1565 1579 [2]
1572 1593 [1]
