1600
12
1416
180
320
353
414
958
1287
1533
135
87
274
101
321
15
19
1189
224
119
218
150
47
261
83
27
273
95
0
215
104
514
280
463
734
196
72
322
412
57
319
429
185
537
70
118
225
1224
403
9
476
33
21
335
187
93
60
26
48
913
195
897
386
156
171
515
133
256
277
102
387
129
533
276
1451
1320
444
50
327
67
474
170
89
157
650
507
18
394
1031
655
158
132
42
38
8
705
177
16
146
65
402
231
241
1
541
49
62
318
427
837
56
346
243
194
300
392
697
122
1351
34
64
989
254
684
547
232
380
764
262
30
278
113
5
1312
672
121
202
356
287
501
136
128
798
819
405
600
55
271
140
35
332
481
289
110
455
88
763
105
618
36
1130
247
744
378
577
6
973
164
68
144
374
293
85
192
664
303
149
616
159
115
525
173
870
461
147
90
1387
80
205
393
362
268
328
99
586
1245
191
1094
106
111
248
551
485
339
938
2
624
359
186
770
450
340
1346
377
1379
78
39
291
24
11
385
538
44
281
357
182
167
219
505
506
884
251
183
7
107
397
66
333
142
449
754
634
299
497
925
1222
81
786
893
546
58
1259
117
1273
772
330
84
944
43
400
124
125
152
406
865
423
907
467
854
179
264
520
112
1388
880
1009
723
1441
28
314
255
407
724
399
138
452
686
75
384
245
61
96
759
166
269
1574
496
1155
534
226
679
926
239
495
906
1020
409
920
282
344
272
342
459
513
371
860
175
408
52
431
545
168
229
1005
1035
1204
494
604
771
23
82
621
477
1122
137
781
1321
445
457
1115
703
169
305
370
160
952
123
285
131
45
367
693
193
654
411
825
130
1112
605
1140
552
835
396
535
206
1337
524
810
683
886
313
574
203
390
250
354
466
260
626
22
145
364
234
602
665
606
530
253
1044
103
1215
478
294
382
783
499
29
614
667
184
822
619
432
592
74
73
660
71
518
517
1164
1103
92
343
856
673
849
97
562
426
306
471
433
714
888
100
201
212
521
666
599
464
867
207
750
1049
360
661
568
601
1378
358
522
745
69
566
1486
1252
531
607
447
1302
415
736
643
527
325
1162
148
373
410
709
434
997
1078
162
286
1192
242
257
787
1566
451
1565
502
237
428
894
1176
460
841
375
416
1262
235
479
603
940
188
221
747
425
391
1010
948
692
504
489
54
523
823
887
37
178
882
40
834
561
748
671
419
635
3
965
738
1183
878
651
151
631
953
79
1404
725
821
295
127
1314
216
908
623
710
779
972
1576
181
1077
296
828
936
469
891
872
1408
596
776
25
1199
94
348
1100
475
678
350
755
570
462
875
1184
578
636
512
777
176
567
587
304
576
731
1137
987
1079
550
228
244
204
165
420
803
227
1511
174
379
211
722
1384
491
817
752
830
323
338
418
126
454
238
630
233
1179
544
780
430
439
424
368
838
331
292
957
555
309
1437
1175
642
866
1095
579
465
98
1047
1319
1105
950
302
4
1101
288
210
197
1063
341
1106
677
896
749
1338
493
707
1237
898
1099
1256
31
788
685
833
1347
1190
1293
401
932
366
222
1397
347
582
76
1061
1363
663
59
395
468
668
845
355
644
134
632
691
1469
199
1244
832
198
472
801
715
141
662
1173
1025
1270
733
498
381
784
63
316
540
563
267
283
862
246
143
1413
978
1003
922
979
808
503
847
960
543
312
1074
1540
1124
259
1132
213
824
1043
155
161
1485
526
809
812
109
565
1082
10
116
687
851
482
864
1022
852
488
1133
741
1220
791
542
560
217
435
584
1174
252
1080
1435
1088
519
1480
421
1110
484
889
719
682
947
591
680
1370
1118
163
988
669
590
553
1380
633
334
172
649
699
761
1015
486
640
743
732
1163
941
1419
795
1299
1361
1089
345
711
1093
1195
258
970
637
1157
1108
720
881
1143
1090
916
820
702
1572
1499
1593
676
836
1268
307
921
1134
1033
1534
1581
448
230
1141
500
826
363
1432
549
1127
1261
1473
1239
220
13
1165
879
1153
446
753
1442
569
1016
473
656
1471
874
1313
1326
706
927
818
595
1065
929
1116
742
991
1059
554
1579
1284
1392
1232
1242
290
398
417
265
1188
796
581
1308
1500
20
1456
490
1249
980
1517
931
698
593
792
77
369
785
760
1457
492
802
558
1248
413
556
815
214
1193
1254
1123
480
900
659
1076
1168
1197
675
1418
951
1119
32
594
1474
1006
376
657
1040
992
1356
718
843
383
236
976
757
681
508
580
389
270
696
1207
1570
982
758
716
1286
917
1490
611
1011
422
46
315
442
1454
336
1381
827
1411
1524
53
901
190
1393
995
794
1307
1483
1519
1518
688
846
999
1146
1439
1459
712
1028
1196
730
1568
1466
1538
308
352
939
326
996
1180
1114
708
1145
1120
729
857
961
51
548
361
717
1019
876
1255
977
797
1405
1561
1322
842
1092
831
1366
1026
1539
1394
937
855
608
571
1073
1264
1185
209
1479
919
511
564
1135
986
1096
647
1390
1154
1057
1433
1573
351
1526
572
859
968
1440
915
1041
1152
1360
1070
613
1104
1265
1391
1272
1403
1592
1024
1121
1290
1191
1358
861
689
438
529
516
1309
1257
297
317
1325
985
1340
610
240
1530
1352
1021
767
1341
1054
1396
1578
372
609
1537
918
1111
998
971
1594
774
869
963
284
775
1281
536
765
1212
1430
1097
627
436
1266
1084
1569
1301
1075
1200
1304
153
899
628
1126
1214
1081
1544
1055
1142
1283
1202
1329
539
700
1318
648
739
769
573
1046
839
1372
653
813
91
1219
1181
969
728
1306
1029
1464
154
1331
453
883
727
1478
858
1208
949
1506
120
1018
622
1449
1564
912
885
955
1002
695
249
658
1412
1536
816
189
645
1125
1543
1482
670
1247
612
984
943
329
1147
1294
1007
114
14
365
1171
1557
844
1521
1436
1365
456
933
1233
840
1203
1333
1263
1225
1597
200
557
487
1463
1560
1291
1032
1235
1575
807
1527
1138
1067
559
904
773
946
1410
638
404
1584
509
737
1571
762
966
1470
1297
532
652
1504
1330
806
868
974
1415
1364
1514
782
1160
1034
1334
349
1303
1269
1048
1136
805
1315
1425
1166
1186
1477
1377
1525
1586
1516
962
1508
1421
1216
1258
942
1198
1503
1541
1339
1367
959
1058
1271
740
1484
1522
1085
1462
964
1117
1064
1417
1241
1495
1349
263
1398
1129
1492
1295
690
1562
1507
1289
1461
1450
1497
1362
208
756
528
1551
1069
1187
1246
799
588
1532
1279
746
1227
589
983
1515
1158
1563
1583
902
1071
1598
1001
1448
829
1250
721
1213
1159
1251
909
1051
1228
848
1230
1296
1292
437
583
1550
470
1443
1434
1226
1030
139
877
1353
440
1444
1000
1328
1553
1345
778
863
1280
1359
1452
1467
1336
301
811
1371
620
597
1277
1376
1407
1552
1493
1547
1045
1400
1453
924
1221
967
1332
1148
275
1027
1595
1488
1357
903
458
1567
1217
1529
1374
923
1590
1086
1050
1458
1582
575
1481
871
694
483
1231
1344
1327
17
1275
1267
1599
1559
441
1060
766
1389
1445
1354
1131
1580
598
1323
1062
1476
1491
910
1402
1577
954
310
1382
1037
1487
1206
1149
1012
1223
324
1513
975
1042
1324
617
1161
905
935
1017
108
735
266
641
1406
701
804
1317
853
1373
1554
1014
674
1201
1298
911
1501
1052
629
1588
1072
337
1210
1038
1107
1113
1238
1368
1496
1013
1424
704
1355
1383
1234
625
1399
1409
789
1036
1422
1558
890
956
1549
12
1240
793
1528
1288
1426
990
1585
1023
1098
1305
1282
1555
1520
713
1429
1276
1420
1004
1427
1109
751
223
1531
298
1194
86
1556
1170
1087
1465
981
615
1139
1300
1494
1316
1008
1423
1311
1523
510
1512
1369
850
1546
388
1431
1211
1509
814
1455
928
1498
1489
993
892
1542
1205
1151
1343
1209
1438
1260
1428
1177
1472
1335
800
1350
1278
1447
279
1386
1083
1414
311
1348
1446
41
895
1535
1150
994
1274
585
1596
443
873
1172
1068
1502
1102
1460
1475
1167
1229
934
1253
914
1548
1091
1169
1182
1144
1587
1128
1178
1401
945
1310
768
1510
1385
930
1039
1375
1545
1505
1243
1056
1218
1053
639
1591
1066
1342
1156
790
1285
726
1395
1236
1589
1468
646
15 19 [0]
11 24 [0]
21 33 [0]
8 38 [0]
38 42 [0]
26 48 [0]
42 52 [0]
26 60 [0]
49 62 [0]
34 64 [0]
73 74 [0]
39 78 [0]
23 82 [0]
27 83 [0]
60 93 [0]
0 95 [0]
76 95 [0]
61 96 [0]
60 99 [0]
7 107 [0]
106 111 [0]
5 113 [0]
14 114 [0]
10 116 [0]
70 118 [0]
124 125 [0]
45 131 [1]
42 132 [0]
87 135 [0]
92 135 [0]
96 135 [0]
128 136 [0]
38 138 [0]
35 140 [0]
68 144 [0]
22 145 [0]
16 146 [0]
65 146 [0]
90 147 [0]
137 147 [0]
47 150 [0]
125 152 [0]
89 157 [0]
132 158 [0]
115 159 [0]
155 161 [0]
68 164 [0]
89 170 [0]
156 171 [0]
38 175 [0]
16 177 [0]
37 178 [0]
167 182 [0]
7 183 [0]
132 184 [0]
93 187 [0]
85 192 [0]
72 196 [0]
100 201 [0]
121 202 [0]
165 204 [0]
80 205 [0]
16 208 [0]
197 210 [0]
113 211 [0]
201 212 [0]
0 215 [0]
104 215 [0]
119 218 [0]
150 218 [0]
167 219 [0]
13 220 [0]
183 220 [0]
188 221 [0]
174 223 [0]
119 224 [0]
118 225 [0]
7 227 [5]
24 227 [0]
223 227 [0]
168 229 [0]
156 239 [5]
1 241 [0]
4 241 [0]
79 241 [0]
216 241 [9]
231 241 [0]
194 243 [6]
204 244 [0]
228 244 [0]
61 245 [0]
120 245 [0]
26 246 [5]
143 246 [0]
111 248 [0]
34 249 [0]
100 249 [0]
183 251 [0]
133 256 [0]
187 259 [0]
47 261 [2]
83 261 [0]
12 262 [0]
30 262 [0]
186 262 [0]
179 264 [0]
257 266 [0]
38 268 [0]
166 269 [0]
55 271 [0]
140 271 [0]
184 271 [0]
27 273 [0]
95 273 [0]
87 274 [0]
101 274 [0]
102 277 [2]
256 277 [0]
30 278 [0]
113 278 [0]
12 279 [0]
44 281 [0]
133 282 [0]
267 283 [0]
123 285 [0]
131 285 [3]
47 286 [4]
100 286 [8]
162 286 [0]
210 288 [0]
110 289 [0]
269 289 [4]
24 291 [0]
39 291 [0]
263 291 [0]
159 292 [0]
85 293 [0]
197 293 [3]
127 295 [0]
158 296 [3]
194 300 [0]
89 301 [0]
4 302 [0]
189 302 [0]
149 303 [0]
169 305 [0]
93 308 [0]
28 314 [0]
255 314 [0]
46 315 [0]
136 315 [0]
63 316 [0]
297 317 [0]
62 318 [0]
57 319 [0]
15 321 [0]
101 321 [0]
72 322 [0]
87 325 [0]
50 327 [0]
67 327 [0]
134 327 [3]
99 328 [0]
223 328 [0]
268 328 [0]
308 328 [0]
84 330 [0]
292 331 [0]
35 332 [0]
66 333 [0]
142 333 [0]
172 334 [0]
21 335 [0]
187 335 [0]
277 335 [0]
323 338 [0]
33 340 [0]
337 340 [0]
241 341 [3]
272 342 [2]
92 343 [0]
272 344 [0]
282 344 [0]
164 345 [3]
56 346 [0]
243 346 [0]
72 348 [3]
94 348 [0]
72 350 [4]
113 351 [0]
308 352 [0]
250 354 [0]
285 355 [0]
202 356 [0]
287 356 [0]
289 356 [0]
295 356 [0]
60 357 [0]
182 357 [0]
201 357 [3]
281 357 [0]
325 357 [4]
80 359 [0]
186 359 [0]
268 362 [0]
145 364 [0]
234 364 [0]
222 366 [0]
45 367 [0]
77 369 [0]
164 369 [0]
160 370 [0]
305 370 [0]
148 373 [0]
144 374 [0]
293 374 [0]
136 375 [0]
337 377 [0]
174 379 [0]
211 379 [0]
12 380 [0]
151 380 [3]
232 380 [0]
343 380 [0]
183 381 [0]
294 382 [0]
236 383 [0]
323 383 [0]
75 384 [0]
170 384 [0]
245 384 [0]
11 385 [0]
156 386 [0]
182 386 [4]
102 387 [0]
129 387 [0]
362 388 [0]
270 389 [0]
203 390 [0]
250 390 [0]
273 390 [4]
305 390 [0]
368 390 [0]
70 392 [5]
300 392 [0]
205 393 [0]
215 393 [0]
289 393 [0]
362 393 [0]
18 394 [0]
85 396 [3]
66 397 [0]
107 397 [0]
290 398 [0]
138 399 [0]
261 399 [0]
337 399 [4]
43 400 [0]
124 400 [0]
211 400 [3]
65 402 [0]
231 402 [0]
9 403 [0]
203 404 [0]
273 405 [4]
152 406 [0]
255 407 [0]
52 408 [0]
175 408 [0]
373 410 [0]
57 412 [0]
222 412 [3]
322 412 [0]
406 412 [0]
375 416 [0]
11 417 [8]
265 417 [0]
334 417 [0]
398 417 [0]
126 418 [0]
263 418 [0]
338 418 [0]
285 419 [0]
391 420 [0]
46 422 [0]
218 422 [3]
368 424 [0]
373 424 [0]
391 425 [0]
87 426 [4]
306 426 [0]
318 427 [0]
237 428 [0]
185 429 [0]
319 429 [0]
167 430 [0]
52 431 [0]
272 433 [3]
101 435 [4]
217 435 [0]
335 435 [0]
227 438 [0]
365 438 [0]
57 439 [3]
424 439 [0]
430 439 [0]
315 442 [0]
408 442 [0]
323 443 [0]
50 444 [0]
136 444 [4]
202 444 [5]
230 448 [0]
372 448 [0]
83 449 [5]
142 449 [0]
340 450 [0]
49 452 [3]
138 452 [0]
126 454 [0]
238 454 [0]
88 455 [0]
110 455 [0]
177 455 [4]
223 455 [0]
27 456 [3]
196 456 [0]
274 456 [3]
314 456 [0]
393 457 [0]
445 457 [0]
56 458 [0]
342 459 [0]
285 460 [3]
30 461 [0]
147 461 [0]
280 463 [0]
98 465 [0]
260 466 [0]
354 466 [0]
395 468 [0]
202 470 [0]
426 471 [0]
433 471 [0]
198 472 [0]
425 473 [6]
67 474 [0]
170 474 [0]
307 474 [0]
93 475 [3]
9 476 [0]
33 476 [8]
217 476 [0]
251 478 [0]
294 478 [0]
235 479 [11]
289 481 [0]
332 481 [0]
347 481 [3]
273 483 [0]
278 483 [0]
339 485 [0]
370 488 [0]
54 489 [0]
461 489 [0]
338 492 [0]
489 493 [0]
455 494 [3]
239 495 [0]
11 497 [0]
299 497 [0]
381 498 [0]
29 499 [0]
345 499 [0]
62 500 [0]
399 500 [0]
136 501 [0]
287 501 [0]
30 502 [3]
237 502 [0]
237 503 [0]
323 503 [0]
344 504 [3]
489 504 [0]
219 505 [0]
357 505 [3]
332 506 [0]
505 506 [0]
18 507 [0]
452 507 [0]
220 509 [0]
36 510 [6]
247 510 [11]
287 510 [4]
335 510 [4]
454 511 [0]
359 512 [3]
371 513 [0]
459 513 [0]
104 514 [0]
280 514 [0]
133 515 [0]
171 515 [0]
0 516 [0]
365 516 [0]
278 517 [3]
27 518 [4]
71 518 [0]
337 518 [0]
459 518 [3]
517 518 [0]
112 520 [0]
264 520 [0]
212 521 [0]
327 521 [3]
358 522 [0]
54 523 [0]
115 525 [0]
164 525 [4]
173 525 [0]
422 525 [0]
333 526 [0]
325 527 [0]
468 527 [0]
18 528 [0]
71 528 [4]
123 528 [0]
386 528 [0]
14 529 [0]
281 529 [0]
130 530 [0]
325 530 [0]
411 530 [0]
428 530 [0]
395 531 [0]
129 533 [0]
276 533 [0]
226 534 [0]
206 535 [6]
314 535 [0]
396 535 [0]
70 537 [0]
185 537 [0]
44 538 [0]
385 538 [0]
217 539 [0]
316 540 [0]
1 541 [0]
49 541 [0]
185 542 [3]
445 542 [0]
49 543 [11]
312 543 [0]
499 543 [0]
168 545 [0]
431 545 [0]
58 546 [0]
397 546 [3]
498 546 [0]
62 547 [5]
83 547 [5]
119 547 [5]
232 547 [10]
51 548 [0]
268 548 [0]
361 548 [0]
511 548 [0]
228 550 [0]
164 551 [4]
248 551 [0]
485 551 [0]
104 552 [0]
85 553 [0]
182 553 [0]
505 553 [0]
203 554 [0]
309 555 [0]
311 555 [0]
413 556 [0]
487 557 [0]
83 559 [3]
507 559 [0]
217 560 [0]
542 560 [0]
21 561 [4]
97 562 [0]
397 562 [0]
426 562 [0]
433 562 [0]
129 563 [0]
267 563 [0]
540 563 [0]
511 564 [0]
35 565 [11]
109 565 [0]
69 566 [0]
176 567 [9]
237 567 [0]
471 568 [0]
80 570 [0]
90 570 [0]
249 570 [0]
68 572 [0]
69 573 [0]
203 574 [0]
313 574 [0]
277 576 [0]
304 576 [0]
6 577 [0]
170 577 [6]
378 577 [0]
465 579 [0]
478 579 [0]
52 580 [0]
389 580 [0]
437 580 [0]
510 581 [0]
76 582 [0]
212 582 [4]
347 582 [0]
474 583 [0]
78 584 [0]
435 584 [0]
183 585 [0]
196 585 [0]
99 586 [0]
386 586 [0]
16 587 [3]
304 587 [0]
567 587 [2]
66 590 [0]
411 590 [0]
553 590 [0]
74 592 [0]
141 592 [0]
432 592 [0]
293 593 [0]
32 594 [0]
560 594 [0]
78 596 [3]
575 596 [0]
9 598 [0]
347 598 [0]
411 599 [0]
464 599 [0]
27 600 [5]
55 600 [0]
108 600 [0]
112 600 [3]
263 600 [0]
405 600 [0]
501 600 [0]
393 601 [3]
568 601 [0]
87 602 [9]
234 602 [0]
126 603 [0]
171 603 [0]
494 604 [0]
121 606 [3]
59 607 [0]
69 607 [0]
447 607 [0]
571 608 [0]
11 609 [0]
356 609 [9]
372 609 [0]
375 609 [6]
494 609 [0]
196 610 [0]
240 610 [0]
439 610 [11]
518 611 [4]
545 611 [0]
15 612 [3]
362 612 [0]
474 612 [2]
10 613 [0]
18 613 [0]
29 614 [0]
303 614 [0]
149 616 [0]
159 616 [0]
288 617 [0]
515 617 [0]
36 618 [0]
105 618 [0]
323 618 [3]
432 619 [0]
546 620 [0]
597 620 [0]
82 621 [0]
385 621 [3]
477 621 [0]
142 622 [0]
171 623 [3]
2 624 [0]
359 624 [0]
22 626 [0]
126 626 [0]
197 626 [0]
260 626 [0]
357 627 [0]
436 627 [0]
598 627 [0]
626 628 [0]
574 629 [0]
131 630 [3]
233 630 [0]
238 630 [0]
71 631 [0]
151 631 [0]
342 631 [3]
455 631 [3]
134 632 [0]
387 632 [3]
182 633 [0]
271 633 [0]
334 633 [0]
501 633 [0]
299 634 [0]
3 635 [0]
123 635 [0]
263 635 [0]
419 635 [0]
119 636 [0]
272 636 [3]
512 636 [0]
578 636 [0]
611 636 [0]
63 637 [0]
205 637 [0]
404 638 [0]
592 638 [0]
333 639 [0]
106 640 [0]
486 640 [0]
295 641 [0]
466 642 [0]
293 643 [3]
527 643 [0]
613 643 [0]
59 644 [0]
134 644 [2]
333 644 [0]
355 644 [0]
479 645 [0]
387 646 [0]
148 648 [0]
172 649 [0]
57 650 [5]
157 650 [0]
507 650 [0]
22 651 [3]
138 651 [3]
151 651 [0]
135 652 [0]
532 652 [0]
24 653 [0]
148 653 [0]
234 653 [0]
486 653 [0]
499 653 [0]
146 654 [3]
193 654 [0]
411 654 [0]
633 654 [0]
158 655 [0]
181 655 [3]
183 655 [3]
232 655 [0]
259 655 [0]
562 655 [3]
473 656 [0]
376 657 [0]
599 657 [2]
110 658 [9]
164 658 [2]
201 658 [0]
249 658 [0]
418 658 [0]
655 659 [0]
71 660 [0]
73 660 [0]
190 660 [0]
221 660 [0]
310 660 [0]
157 661 [0]
337 661 [6]
360 661 [0]
551 661 [0]
568 661 [0]
631 661 [2]
141 662 [0]
80 663 [0]
531 663 [0]
578 663 [0]
192 664 [0]
303 664 [0]
602 665 [0]
606 665 [0]
630 665 [8]
187 666 [6]
521 666 [0]
599 666 [0]
184 667 [0]
500 667 [0]
607 667 [3]
614 667 [0]
468 668 [0]
362 669 [0]
476 669 [3]
547 669 [0]
590 669 [0]
530 670 [0]
294 671 [0]
419 671 [0]
121 672 [0]
403 672 [9]
87 674 [2]
94 674 [0]
671 674 [0]
177 677 [0]
21 678 [4]
350 678 [0]
475 678 [0]
15 679 [3]
226 679 [0]
359 679 [2]
111 680 [2]
175 680 [0]
342 680 [0]
450 680 [2]
591 680 [0]
241 681 [2]
508 681 [0]
580 681 [0]
629 681 [0]
57 682 [0]
135 684 [0]
254 684 [0]
547 684 [0]
399 685 [0]
567 685 [0]
75 686 [0]
255 686 [1]
452 686 [0]
116 687 [0]
131 687 [0]
379 688 [2]
389 688 [0]
667 688 [0]
65 689 [2]
438 689 [0]
580 689 [0]
192 691 [0]
632 691 [11]
82 692 [0]
140 692 [3]
504 692 [0]
193 693 [0]
367 693 [0]
370 693 [3]
483 694 [0]
627 694 [0]
187 695 [2]
249 695 [0]
92 696 [2]
270 696 [0]
338 696 [0]
454 696 [2]
537 696 [0]
122 697 [0]
123 697 [0]
159 697 [4]
392 697 [0]
224 698 [11]
305 698 [2]
593 698 [0]
238 699 [11]
649 699 [0]
666 699 [2]
335 700 [2]
539 700 [0]
30 701 [0]
193 701 [11]
232 701 [0]
430 701 [0]
359 702 [2]
169 703 [0]
435 703 [0]
485 703 [3]
623 703 [0]
632 703 [0]
634 703 [3]
629 704 [0]
8 705 [0]
177 705 [0]
185 705 [3]
222 705 [0]
410 705 [3]
671 705 [3]
493 707 [0]
168 708 [2]
147 709 [3]
274 709 [3]
410 709 [0]
434 709 [0]
459 710 [0]
562 710 [2]
345 711 [0]
15 712 [0]
85 712 [2]
212 712 [0]
273 712 [3]
276 713 [0]
433 714 [0]
455 714 [3]
141 715 [0]
346 715 [3]
537 715 [3]
136 717 [2]
361 717 [0]
123 718 [2]
682 719 [0]
47 720 [3]
52 720 [2]
107 721 [0]
7 722 [3]
211 722 [0]
356 724 [3]
399 724 [0]
407 724 [0]
430 724 [2]
618 725 [3]
277 726 [0]
698 727 [0]
69 728 [0]
547 728 [2]
643 728 [0]
356 729 [2]
479 729 [0]
179 730 [0]
354 731 [2]
576 731 [0]
498 733 [0]
135 734 [0]
196 734 [0]
444 734 [5]
463 734 [0]
74 735 [0]
266 735 [0]
135 736 [0]
415 736 [0]
643 736 [0]
555 737 [0]
412 738 [3]
398 739 [0]
577 739 [2]
648 739 [0]
568 741 [2]
134 742 [0]
37 743 [0]
124 743 [2]
640 743 [0]
671 743 [0]
732 743 [0]
247 744 [0]
378 744 [0]
433 744 [3]
469 744 [3]
69 745 [0]
376 745 [2]
501 745 [0]
522 745 [0]
238 746 [0]
66 747 [7]
221 747 [0]
255 747 [3]
425 747 [0]
561 748 [0]
600 748 [0]
671 748 [0]
194 749 [2]
367 749 [0]
66 750 [0]
207 750 [0]
380 750 [3]
514 750 [3]
619 750 [0]
79 751 [0]
725 751 [0]
393 753 [2]
446 753 [0]
468 753 [2]
449 754 [0]
634 754 [0]
647 754 [2]
350 755 [0]
208 756 [0]
528 756 [0]
533 756 [2]
551 757 [2]
650 757 [2]
681 757 [0]
72 758 [3]
90 758 [0]
385 758 [2]
600 758 [2]
716 758 [0]
96 759 [0]
166 759 [0]
325 759 [0]
431 761 [2]
699 761 [0]
88 763 [0]
105 763 [0]
181 763 [0]
342 763 [3]
551 763 [3]
99 764 [0]
167 764 [0]
663 764 [0]
149 765 [2]
504 765 [2]
536 765 [0]
619 765 [2]
102 766 [0]
537 767 [2]
7 768 [0]
608 768 [0]
573 769 [0]
739 769 [0]
186 770 [0]
450 770 [0]
23 771 [0]
148 771 [0]
604 771 [0]
56 772 [3]
330 772 [0]
115 773 [0]
147 774 [2]
11 775 [2]
241 775 [2]
284 775 [0]
402 775 [2]
25 776 [0]
430 776 [0]
596 776 [0]
176 777 [0]
473 777 [0]
512 777 [0]
710 779 [0]
430 780 [0]
542 780 [2]
544 780 [0]
137 781 [0]
237 782 [0]
395 782 [0]
382 783 [0]
499 783 [0]
63 784 [0]
381 784 [0]
609 784 [0]
759 784 [2]
369 785 [0]
760 785 [0]
81 786 [0]
75 787 [3]
186 787 [2]
257 787 [0]
31 788 [0]
390 788 [2]
474 788 [3]
685 788 [0]
648 789 [0]
785 789 [0]
0 790 [0]
515 790 [0]
626 790 [0]
9 791 [3]
316 791 [0]
541 791 [0]
542 791 [0]
543 791 [0]
77 792 [0]
297 792 [0]
593 792 [0]
647 792 [0]
744 792 [2]
73 794 [0]
80 795 [2]
382 795 [0]
590 795 [0]
140 796 [0]
176 796 [0]
581 796 [0]
66 797 [2]
431 797 [0]
102 798 [5]
128 798 [0]
59 799 [0]
314 799 [0]
588 799 [0]
322 800 [0]
333 800 [0]
472 801 [0]
599 801 [2]
715 801 [0]
280 802 [3]
492 802 [0]
558 802 [0]
754 802 [2]
227 803 [0]
370 803 [2]
390 803 [2]
479 803 [2]
498 803 [2]
28 804 [0]
131 804 [9]
193 804 [0]
256 804 [0]
124 805 [0]
390 805 [0]
542 805 [0]
119 807 [2]
384 807 [2]
511 807 [7]
503 808 [0]
630 808 [2]
378 809 [2]
526 809 [0]
618 809 [3]
524 810 [0]
535 810 [0]
683 810 [0]
726 810 [0]
287 811 [0]
425 811 [0]
109 812 [0]
267 812 [0]
322 812 [0]
356 812 [2]
766 812 [0]
809 812 [0]
91 813 [0]
550 813 [0]
653 813 [0]
472 814 [0]
618 814 [0]
113 815 [2]
214 815 [0]
556 815 [0]
758 815 [11]
174 816 [0]
189 816 [0]
695 816 [1]
491 817 [0]
576 817 [2]
752 817 [0]
188 818 [0]
378 818 [0]
595 818 [0]
405 819 [0]
507 819 [3]
744 819 [2]
798 819 [6]
385 820 [2]
702 820 [0]
721 820 [0]
151 821 [0]
295 821 [2]
725 821 [2]
184 822 [11]
619 822 [0]
364 823 [3]
523 823 [0]
0 824 [3]
213 824 [0]
253 825 [0]
446 825 [0]
606 825 [2]
363 826 [0]
498 826 [2]
500 826 [0]
296 828 [0]
561 828 [0]
179 829 [0]
359 829 [0]
323 830 [1]
433 830 [0]
752 830 [0]
402 831 [2]
198 832 [2]
430 832 [11]
219 833 [0]
685 833 [0]
770 833 [2]
40 834 [0]
444 834 [4]
471 834 [0]
561 834 [0]
396 835 [0]
552 835 [0]
780 835 [2]
676 836 [0]
56 837 [5]
63 837 [0]
186 837 [0]
234 837 [4]
318 837 [0]
328 837 [4]
496 837 [3]
331 838 [1]
368 838 [1]
47 839 [2]
375 841 [0]
460 841 [0]
9 842 [2]
79 842 [2]
201 843 [0]
383 843 [1]
500 843 [0]
718 843 [0]
128 844 [2]
196 844 [3]
479 844 [2]
591 844 [0]
148 845 [2]
355 845 [0]
668 845 [1]
826 845 [0]
633 846 [0]
686 846 [0]
688 846 [1]
149 847 [2]
162 847 [0]
503 847 [0]
131 848 [0]
231 848 [3]
751 848 [0]
821 848 [0]
97 849 [0]
242 849 [0]
558 849 [0]
673 849 [2]
134 850 [8]
543 850 [0]
482 851 [0]
550 851 [0]
687 851 [0]
488 852 [0]
594 852 [0]
672 852 [2]
842 852 [0]
196 853 [3]
536 853 [0]
179 854 [2]
389 854 [2]
467 854 [0]
471 854 [2]
378 855 [3]
608 855 [0]
343 856 [1]
673 856 [0]
717 856 [0]
303 857 [2]
493 857 [0]
667 857 [2]
729 857 [2]
29 858 [0]
327 859 [3]
572 859 [0]
575 859 [0]
693 859 [3]
817 859 [0]
1 860 [3]
175 860 [0]
371 860 [0]
527 860 [9]
11 861 [3]
164 861 [2]
350 861 [0]
689 861 [2]
848 861 [0]
169 862 [0]
246 862 [2]
283 862 [0]
83 863 [2]
534 863 [0]
851 864 [1]
118 865 [3]
337 865 [0]
406 865 [2]
423 865 [0]
36 866 [2]
370 866 [3]
642 866 [0]
26 867 [4]
138 867 [2]
207 867 [0]
464 867 [0]
649 867 [2]
27 868 [2]
52 868 [2]
806 868 [0]
173 870 [0]
461 870 [0]
519 870 [0]
168 871 [0]
694 871 [1]
575 872 [0]
731 872 [2]
846 872 [2]
785 873 [0]
10 874 [0]
473 874 [1]
142 875 [2]
462 875 [0]
665 876 [0]
139 877 [0]
616 878 [0]
651 878 [0]
698 878 [0]
700 878 [0]
721 878 [0]
38 879 [2]
87 879 [2]
692 879 [0]
720 881 [0]
40 882 [0]
178 882 [0]
698 882 [0]
453 883 [0]
727 883 [1]
766 883 [0]
251 884 [8]
347 884 [2]
453 884 [2]
506 884 [0]
862 884 [3]
215 886 [0]
313 886 [1]
390 886 [0]
567 886 [0]
683 886 [1]
37 887 [0]
464 887 [2]
823 887 [0]
883 887 [0]
100 888 [2]
151 888 [0]
192 888 [2]
561 888 [0]
714 888 [0]
347 889 [2]
431 889 [2]
484 889 [0]
719 889 [1]
817 889 [0]
46 890 [0]
389 890 [0]
602 890 [0]
149 891 [3]
469 891 [0]
763 891 [2]
872 891 [0]
879 891 [0]
94 892 [0]
546 893 [0]
786 893 [1]
831 893 [0]
428 894 [0]
273 895 [0]
365 895 [0]
677 896 [0]
749 896 [0]
195 897 [0]
386 897 [0]
451 897 [0]
153 899 [0]
313 899 [0]
628 899 [0]
649 899 [0]
261 900 [3]
480 900 [0]
486 900 [0]
659 900 [0]
868 900 [2]
45 901 [2]
53 901 [0]
190 901 [3]
476 901 [0]
518 901 [2]
547 901 [0]
458 903 [0]
72 904 [4]
559 904 [0]
771 904 [0]
773 904 [0]
524 905 [0]
538 905 [5]
133 906 [8]
239 906 [0]
293 906 [2]
33 907 [0]
85 907 [2]
423 907 [0]
467 907 [1]
516 907 [0]
517 907 [0]
746 907 [0]
216 908 [0]
537 908 [0]
623 908 [0]
710 908 [1]
356 909 [0]
268 911 [0]
308 911 [2]
885 912 [0]
48 913 [0]
195 913 [0]
606 913 [4]
874 913 [2]
43 915 [0]
820 916 [0]
198 917 [0]
247 917 [2]
67 919 [2]
467 919 [0]
511 919 [1]
647 919 [0]
780 919 [0]
793 919 [0]
800 919 [0]
282 920 [0]
409 920 [0]
614 920 [0]
307 921 [0]
101 922 [0]
340 922 [2]
400 922 [0]
68 923 [0]
489 923 [0]
502 923 [0]
695 923 [0]
332 925 [0]
497 925 [0]
239 926 [0]
249 926 [3]
359 926 [0]
380 926 [2]
470 926 [0]
568 926 [3]
679 926 [0]
137 927 [2]
818 927 [0]
162 928 [0]
538 928 [4]
93 929 [0]
465 929 [0]
776 929 [0]
801 929 [8]
927 929 [0]
430 930 [0]
59 931 [0]
79 931 [2]
698 931 [1]
366 932 [0]
401 932 [0]
43 934 [0]
530 934 [0]
826 934 [4]
48 935 [5]
905 935 [0]
469 936 [0]
828 936 [2]
62 937 [2]
403 937 [2]
855 937 [0]
2 938 [0]
75 938 [2]
121 938 [0]
283 938 [3]
339 938 [0]
439 938 [2]
567 938 [5]
589 938 [0]
839 938 [3]
326 939 [0]
352 939 [0]
135 940 [3]
188 940 [1]
205 940 [0]
257 940 [2]
645 940 [0]
924 940 [11]
578 941 [0]
24 943 [0]
164 943 [6]
329 943 [2]
653 943 [3]
834 943 [3]
903 943 [0]
43 944 [1]
84 944 [0]
92 944 [3]
269 944 [0]
308 944 [0]
226 945 [0]
344 945 [0]
10 946 [0]
548 946 [0]
134 947 [2]
591 947 [1]
719 947 [1]
49 948 [3]
410 948 [2]
420 948 [0]
692 948 [0]
302 950 [3]
418 950 [2]
868 950 [2]
943 950 [4]
304 951 [0]
123 952 [0]
160 952 [0]
220 952 [0]
79 953 [0]
108 953 [0]
164 953 [4]
631 953 [3]
766 953 [0]
768 953 [0]
203 954 [0]
310 954 [0]
390 954 [0]
92 955 [2]
885 955 [0]
699 956 [0]
890 956 [0]
292 957 [0]
391 957 [2]
555 957 [1]
80 959 [2]
185 960 [2]
543 960 [0]
598 960 [0]
847 960 [0]
10 961 [0]
51 961 [0]
338 961 [2]
729 961 [1]
541 962 [2]
234 963 [0]
284 963 [0]
687 963 [3]
869 963 [0]
177 964 [2]
314 964 [0]
369 964 [0]
523 964 [0]
3 965 [0]
87 965 [0]
293 965 [2]
738 965 [2]
277 966 [2]
576 966 [0]
603 966 [0]
762 966 [0]
382 967 [0]
506 967 [0]
640 967 [0]
44 968 [4]
121 968 [2]
572 968 [0]
728 969 [11]
869 969 [0]
960 969 [5]
137 970 [2]
258 970 [0]
637 970 [1]
708 970 [0]
63 971 [2]
164 971 [0]
599 971 [2]
913 971 [2]
779 972 [0]
6 973 [0]
164 973 [2]
596 973 [0]
68 974 [2]
868 974 [0]
300 975 [3]
321 975 [2]
346 975 [4]
151 976 [2]
236 976 [0]
520 976 [0]
757 976 [1]
848 976 [0]
966 976 [10]
254 977 [0]
797 977 [2]
118 978 [3]
246 978 [0]
390 978 [0]
600 978 [2]
665 978 [2]
160 979 [2]
567 979 [0]
582 979 [2]
808 979 [1]
922 979 [0]
418 980 [7]
478 980 [0]
642 980 [0]
499 981 [0]
500 981 [0]
976 981 [0]
157 982 [3]
432 982 [2]
684 982 [2]
758 982 [0]
955 982 [0]
882 983 [2]
661 984 [0]
943 984 [2]
645 985 [0]
677 985 [0]
861 985 [1]
375 986 [2]
772 986 [0]
867 987 [2]
163 988 [0]
467 988 [0]
669 988 [1]
971 988 [0]
64 989 [0]
254 989 [0]
420 989 [2]
575 989 [2]
833 989 [0]
132 990 [2]
461 991 [0]
23 992 [0]
289 992 [0]
484 992 [0]
988 992 [0]
391 993 [0]
476 993 [0]
710 993 [0]
892 993 [0]
337 995 [0]
503 995 [0]
794 995 [0]
872 995 [0]
939 996 [1]
128 997 [2]
709 997 [0]
464 998 [2]
971 998 [0]
994 998 [0]
846 999 [1]
80 1000 [2]
192 1000 [3]
343 1000 [0]
129 1001 [5]
392 1001 [2]
608 1001 [0]
734 1001 [0]
60 1002 [2]
228 1002 [0]
475 1002 [0]
695 1002 [1]
912 1002 [1]
550 1003 [0]
922 1003 [0]
978 1003 [1]
512 1004 [0]
229 1005 [0]
376 1006 [0]
992 1006 [0]
114 1007 [0]
383 1007 [2]
12 1008 [0]
400 1008 [0]
734 1008 [0]
56 1009 [4]
723 1009 [0]
753 1009 [0]
880 1009 [0]
165 1010 [0]
241 1010 [7]
803 1010 [0]
101 1011 [2]
422 1011 [0]
611 1011 [0]
797 1011 [0]
478 1013 [2]
172 1014 [2]
480 1014 [0]
462 1015 [0]
486 1015 [2]
503 1015 [1]
761 1015 [0]
473 1016 [0]
497 1016 [2]
569 1016 [1]
674 1016 [0]
739 1016 [2]
109 1017 [0]
219 1017 [0]
238 1017 [4]
378 1017 [2]
524 1017 [0]
653 1017 [2]
45 1018 [9]
120 1018 [0]
295 1018 [8]
425 1018 [0]
622 1018 [1]
673 1018 [2]
791 1018 [0]
821 1018 [2]
334 1019 [0]
717 1019 [1]
876 1019 [0]
387 1020 [3]
409 1020 [0]
777 1020 [2]
906 1020 [0]
1003 1020 [0]
196 1021 [11]
452 1021 [2]
610 1021 [0]
767 1021 [0]
201 1022 [0]
751 1022 [0]
852 1022 [1]
864 1022 [0]
541 1024 [2]
107 1025 [3]
366 1025 [3]
534 1025 [0]
821 1025 [2]
92 1026 [8]
183 1026 [0]
600 1026 [0]
640 1026 [0]
275 1027 [0]
548 1027 [0]
551 1027 [0]
591 1028 [0]
631 1029 [0]
953 1029 [2]
106 1030 [0]
114 1030 [0]
139 1030 [0]
178 1030 [0]
394 1031 [0]
655 1031 [2]
857 1031 [0]
44 1032 [9]
179 1032 [0]
198 1032 [0]
944 1032 [0]
335 1033 [4]
452 1033 [0]
179 1034 [0]
333 1034 [8]
535 1034 [0]
772 1034 [0]
1005 1035 [0]
124 1036 [0]
256 1036 [2]
287 1036 [0]
602 1036 [2]
922 1036 [2]
953 1036 [0]
977 1036 [9]
502 1037 [0]
813 1037 [0]
187 1039 [1]
547 1039 [1]
126 1040 [6]
376 1040 [1]
34 1041 [0]
99 1041 [0]
169 1041 [2]
915 1041 [0]
841 1042 [0]
843 1042 [0]
975 1042 [0]
155 1043 [0]
374 1043 [2]
824 1043 [0]
103 1044 [0]
253 1044 [2]
391 1044 [1]
447 1044 [1]
911 1044 [6]
987 1044 [0]
430 1045 [0]
998 1045 [0]
68 1046 [2]
171 1046 [2]
769 1046 [0]
839 1046 [0]
80 1047 [3]
98 1047 [0]
408 1048 [11]
575 1048 [0]
822 1048 [0]
287 1049 [3]
360 1049 [1]
485 1049 [2]
562 1049 [0]
750 1049 [0]
937 1049 [0]
961 1049 [0]
321 1050 [2]
684 1050 [0]
32 1051 [0]
254 1051 [0]
327 1051 [2]
313 1052 [0]
481 1052 [8]
572 1052 [0]
568 1054 [0]
672 1054 [0]
860 1054 [0]
23 1055 [0]
281 1055 [2]
835 1055 [3]
18 1056 [1]
592 1056 [0]
562 1058 [2]
959 1058 [0]
554 1059 [0]
945 1059 [0]
991 1059 [0]
562 1060 [0]
815 1060 [3]
76 1061 [0]
8 1062 [2]
39 1062 [2]
148 1062 [6]
744 1062 [1]
197 1063 [2]
341 1063 [0]
650 1063 [2]
146 1064 [2]
591 1064 [1]
59 1065 [2]
81 1065 [0]
332 1065 [8]
450 1065 [1]
537 1065 [3]
818 1065 [0]
1043 1065 [2]
518 1066 [8]
227 1067 [5]
413 1067 [1]
559 1067 [1]
828 1067 [9]
946 1067 [1]
151 1068 [3]
563 1068 [9]
668 1069 [5]
45 1070 [6]
223 1070 [2]
613 1070 [0]
902 1071 [0]
913 1071 [2]
521 1072 [2]
545 1072 [2]
957 1072 [0]
571 1073 [0]
203 1074 [1]
312 1074 [0]
882 1075 [2]
900 1075 [2]
140 1076 [2]
576 1076 [0]
659 1076 [1]
181 1077 [2]
296 1077 [0]
379 1077 [9]
689 1077 [0]
22 1078 [3]
162 1078 [0]
869 1078 [6]
997 1078 [0]
1052 1078 [6]
7 1079 [2]
524 1079 [2]
550 1079 [2]
589 1079 [0]
987 1079 [1]
252 1080 [0]
360 1080 [0]
428 1080 [1]
463 1080 [2]
6 1081 [1]
10 1082 [9]
385 1082 [3]
565 1082 [1]
703 1082 [1]
870 1082 [1]
977 1082 [1]
1044 1082 [1]
171 1083 [1]
389 1083 [1]
399 1084 [2]
548 1084 [2]
763 1084 [2]
424 1085 [1]
158 1086 [1]
444 1086 [2]
128 1087 [1]
381 1087 [1]
385 1087 [2]
519 1088 [0]
345 1089 [0]
543 1089 [1]
862 1089 [1]
201 1090 [6]
461 1090 [1]
645 1090 [0]
788 1090 [0]
403 1091 [1]
973 1091 [1]
79 1092 [2]
158 1092 [1]
247 1092 [2]
426 1092 [7]
433 1092 [1]
551 1092 [1]
830 1092 [1]
831 1092 [1]
842 1092 [1]
848 1092 [1]
520 1093 [1]
711 1093 [0]
106 1094 [0]
121 1094 [3]
191 1094 [0]
231 1094 [4]
990 1094 [1]
104 1095 [2]
229 1095 [1]
403 1095 [2]
579 1095 [2]
667 1095 [2]
866 1095 [0]
360 1096 [1]
647 1096 [0]
986 1096 [0]
402 1097 [2]
627 1097 [1]
1031 1097 [1]
474 1099 [3]
865 1099 [8]
898 1099 [9]
250 1100 [1]
348 1100 [1]
392 1100 [4]
475 1100 [0]
583 1100 [0]
4 1101 [0]
42 1101 [2]
288 1101 [2]
1012 1101 [0]
126 1102 [2]
224 1102 [1]
228 1102 [1]
961 1102 [1]
92 1103 [3]
127 1103 [0]
242 1103 [0]
273 1103 [3]
643 1103 [2]
907 1103 [2]
936 1103 [1]
972 1103 [2]
228 1104 [1]
613 1104 [1]
673 1104 [0]
776 1104 [0]
950 1105 [0]
993 1105 [1]
677 1106 [1]
1063 1106 [2]
1064 1106 [0]
733 1107 [5]
387 1108 [3]
720 1108 [0]
916 1108 [1]
1032 1108 [0]
429 1109 [2]
629 1109 [1]
421 1110 [0]
484 1110 [1]
783 1110 [2]
805 1110 [0]
928 1110 [1]
998 1111 [0]
1007 1111 [0]
1020 1111 [2]
130 1112 [0]
605 1112 [0]
1036 1112 [1]
113 1113 [1]
869 1113 [0]
1107 1113 [0]
683 1114 [0]
708 1114 [2]
709 1114 [3]
714 1114 [2]
774 1114 [1]
927 1114 [2]
939 1114 [1]
978 1114 [2]
457 1115 [0]
703 1115 [0]
719 1115 [1]
314 1116 [1]
410 1116 [1]
742 1116 [0]
929 1116 [1]
991 1116 [1]
323 1117 [1]
748 1117 [1]
964 1117 [0]
1064 1117 [0]
163 1118 [0]
412 1118 [3]
828 1118 [2]
1086 1118 [7]
10 1119 [1]
32 1119 [0]
323 1119 [1]
540 1119 [2]
951 1119 [0]
957 1119 [8]
729 1120 [0]
963 1120 [1]
66 1121 [10]
218 1121 [2]
618 1121 [2]
1024 1121 [0]
137 1122 [0]
477 1122 [0]
512 1122 [2]
1095 1122 [1]
480 1123 [1]
27 1124 [2]
259 1124 [0]
732 1124 [1]
949 1124 [2]
49 1125 [2]
379 1126 [1]
628 1126 [0]
549 1127 [0]
591 1127 [0]
822 1127 [1]
561 1128 [1]
692 1128 [1]
284 1129 [1]
121 1130 [1]
337 1130 [1]
439 1130 [1]
743 1130 [5]
71 1131 [2]
649 1131 [4]
687 1131 [4]
1024 1131 [11]
213 1132 [0]
259 1132 [2]
357 1132 [4]
689 1132 [2]
1123 1132 [0]
6 1133 [2]
488 1133 [0]
741 1133 [0]
150 1134 [1]
921 1134 [1]
1033 1134 [0]
186 1135 [1]
541 1135 [2]
564 1135 [0]
673 1135 [1]
754 1135 [5]
913 1135 [2]
986 1135 [1]
805 1136 [0]
978 1136 [0]
1111 1136 [2]
731 1137 [0]
987 1137 [1]
1075 1137 [0]
1067 1138 [1]
472 1139 [5]
615 1139 [0]
803 1139 [1]
552 1140 [0]
605 1140 [0]
698 1140 [1]
850 1140 [1]
6 1141 [10]
230 1141 [1]
500 1141 [0]
676 1141 [1]
832 1141 [2]
990 1141 [1]
33 1142 [2]
970 1142 [0]
1055 1142 [0]
144 1143 [1]
561 1143 [1]
881 1143 [0]
1090 1143 [1]
531 1145 [0]
708 1145 [1]
1082 1145 [1]
1120 1145 [0]
260 1146 [1]
292 1146 [1]
500 1146 [1]
846 1146 [0]
960 1146 [1]
329 1147 [0]
499 1147 [1]
275 1148 [0]
817 1148 [1]
813 1149 [0]
1012 1149 [0]
1019 1149 [1]
38 1150 [1]
600 1150 [1]
754 1150 [1]
988 1150 [0]
346 1151 [2]
188 1152 [0]
671 1152 [2]
893 1152 [2]
1041 1152 [0]
446 1153 [1]
472 1153 [1]
879 1153 [0]
149 1154 [1]
537 1154 [2]
1057 1154 [0]
496 1155 [0]
525 1155 [3]
534 1155 [1]
617 1155 [0]
293 1156 [1]
280 1157 [1]
606 1157 [1]
637 1157 [9]
1108 1157 [1]
357 1160 [2]
1034 1160 [0]
496 1161 [0]
1114 1161 [0]
148 1162 [1]
238 1162 [2]
325 1162 [1]
594 1162 [7]
1071 1162 [0]
1137 1162 [1]
507 1163 [9]
732 1163 [0]
941 1163 [1]
101 1164 [2]
182 1164 [2]
517 1164 [0]
952 1164 [2]
1103 1164 [1]
13 1165 [0]
16 1165 [2]
175 1165 [2]
327 1165 [2]
879 1165 [0]
1054 1165 [1]
45 1166 [1]
141 1166 [1]
505 1166 [9]
677 1166 [1]
919 1166 [1]
1009 1166 [1]
1049 1166 [1]
1136 1166 [1]
177 1167 [1]
548 1167 [1]
113 1168 [7]
124 1168 [1]
356 1168 [1]
367 1168 [2]
801 1168 [1]
1076 1168 [0]
45 1169 [1]
515 1169 [1]
571 1169 [1]
649 1169 [1]
370 1170 [2]
496 1170 [1]
578 1170 [7]
688 1170 [1]
1108 1170 [6]
307 1171 [0]
529 1171 [0]
593 1172 [1]
662 1173 [0]
1025 1173 [0]
1107 1173 [1]
252 1174 [0]
459 1174 [2]
584 1174 [0]
212 1175 [2]
642 1175 [0]
823 1175 [2]
460 1176 [0]
894 1176 [0]
65 1177 [1]
215 1177 [1]
340 1177 [1]
593 1177 [1]
636 1177 [1]
861 1177 [1]
1173 1177 [1]
392 1178 [2]
496 1178 [1]
692 1178 [1]
233 1179 [0]
479 1179 [0]
544 1179 [2]
725 1179 [3]
892 1179 [7]
907 1179 [3]
705 1180 [1]
996 1180 [0]
763 1181 [2]
969 1181 [0]
1030 1181 [0]
1131 1181 [1]
579 1182 [9]
703 1182 [10]
738 1183 [0]
878 1183 [1]
975 1183 [0]
1034 1183 [1]
61 1184 [2]
578 1184 [0]
672 1184 [9]
875 1184 [0]
898 1184 [2]
914 1184 [1]
1117 1184 [1]
209 1185 [0]
523 1185 [3]
3 1186 [1]
344 1186 [3]
1020 1186 [1]
1136 1186 [1]
1157 1186 [1]
99 1187 [2]
187 1187 [2]
717 1187 [0]
951 1187 [1]
1069 1187 [0]
417 1188 [2]
796 1188 [0]
908 1188 [3]
19 1189 [0]
224 1189 [0]
733 1189 [2]
885 1189 [2]
411 1191 [1]
510 1191 [2]
266 1192 [2]
286 1192 [2]
528 1192 [0]
670 1192 [0]
786 1192 [1]
36 1193 [11]
214 1193 [0]
882 1193 [2]
92 1194 [2]
593 1194 [1]
605 1194 [2]
882 1194 [1]
258 1195 [0]
754 1195 [1]
785 1195 [2]
861 1195 [0]
886 1195 [1]
1093 1195 [1]
1110 1195 [1]
503 1196 [1]
621 1196 [1]
730 1196 [0]
825 1196 [8]
216 1197 [0]
371 1197 [1]
493 1197 [2]
675 1197 [0]
951 1197 [8]
981 1197 [1]
1168 1197 [1]
288 1198 [1]
25 1199 [6]
48 1199 [9]
94 1199 [2]
327 1199 [2]
515 1199 [2]
719 1199 [2]
370 1200 [1]
480 1200 [1]
632 1200 [1]
851 1200 [1]
1075 1200 [1]
38 1201 [2]
564 1201 [0]
779 1201 [5]
47 1202 [1]
195 1202 [1]
455 1202 [1]
574 1202 [1]
673 1203 [1]
708 1203 [0]
840 1203 [0]
862 1203 [2]
241 1204 [3]
274 1204 [3]
494 1204 [0]
857 1204 [1]
1035 1204 [0]
1057 1204 [6]
132 1205 [1]
446 1205 [1]
1151 1205 [0]
494 1206 [1]
407 1207 [0]
696 1207 [2]
343 1208 [1]
667 1208 [9]
858 1208 [0]
949 1208 [0]
984 1208 [1]
1007 1208 [1]
95 1209 [7]
468 1209 [1]
629 1209 [1]
893 1210 [1]
998 1210 [1]
1038 1210 [0]
245 1211 [1]
822 1211 [1]
841 1211 [1]
1107 1211 [1]
46 1212 [1]
715 1212 [0]
765 1212 [2]
450 1213 [1]
467 1213 [1]
721 1213 [0]
906 1213 [1]
1020 1213 [1]
1159 1213 [0]
899 1214 [1]
1081 1214 [0]
103 1215 [0]
205 1215 [2]
239 1215 [2]
478 1215 [1]
555 1215 [0]
754 1215 [2]
940 1215 [2]
956 1215 [1]
1024 1215 [1]
1042 1215 [5]
424 1216 [1]
734 1216 [2]
36 1217 [1]
192 1217 [1]
226 1217 [1]
415 1217 [4]
460 1217 [11]
884 1217 [1]
903 1217 [2]
1155 1217 [1]
193 1218 [1]
525 1218 [1]
632 1218 [1]
91 1219 [0]
137 1219 [2]
356 1219 [2]
634 1219 [2]
1135 1219 [0]
1181 1219 [1]
166 1220 [0]
477 1220 [3]
478 1220 [1]
577 1220 [2]
741 1220 [0]
791 1220 [1]
795 1220 [2]
1042 1220 [1]
1206 1220 [1]
129 1221 [3]
230 1221 [1]
924 1221 [0]
0 1222 [2]
81 1222 [1]
466 1222 [1]
503 1222 [4]
698 1222 [3]
925 1222 [1]
1050 1222 [0]
152 1223 [1]
323 1223 [1]
324 1223 [0]
1012 1223 [1]
87 1224 [2]
104 1224 [2]
225 1224 [0]
403 1224 [2]
514 1224 [2]
610 1224 [2]
147 1225 [2]
659 1225 [0]
463 1226 [2]
589 1227 [0]
746 1227 [1]
983 1227 [0]
848 1228 [1]
878 1228 [1]
1051 1228 [0]
1222 1228 [1]
106 1229 [1]
132 1229 [1]
347 1229 [1]
179 1230 [0]
564 1230 [1]
745 1230 [1]
1051 1230 [1]
483 1231 [0]
689 1231 [2]
1188 1231 [0]
692 1232 [1]
444 1233 [2]
604 1233 [3]
840 1233 [0]
933 1233 [1]
970 1233 [1]
1030 1233 [5]
1115 1233 [1]
625 1234 [0]
752 1234 [0]
15 1235 [2]
57 1235 [2]
318 1235 [1]
1032 1235 [1]
72 1236 [1]
344 1237 [1]
410 1237 [2]
707 1237 [0]
898 1237 [0]
1209 1237 [1]
162 1238 [1]
259 1238 [0]
86 1239 [0]
140 1239 [5]
220 1239 [1]
359 1239 [2]
450 1239 [8]
801 1239 [1]
556 1240 [1]
793 1240 [0]
1106 1240 [1]
1175 1240 [1]
438 1241 [1]
493 1241 [1]
864 1241 [0]
1117 1241 [1]
290 1242 [0]
535 1242 [0]
882 1242 [2]
981 1242 [1]
1150 1242 [1]
1232 1242 [1]
392 1243 [2]
906 1243 [1]
166 1244 [8]
199 1244 [0]
274 1244 [7]
832 1244 [0]
988 1244 [1]
1040 1244 [1]
1242 1244 [1]
62 1245 [1]
191 1245 [0]
238 1245 [2]
586 1245 [0]
679 1245 [3]
208 1246 [1]
480 1246 [1]
243 1247 [2]
360 1247 [1]
612 1247 [0]
670 1247 [1]
709 1247 [1]
867 1247 [2]
984 1247 [1]
413 1248 [1]
558 1248 [1]
1188 1248 [1]
274 1249 [3]
980 1249 [0]
1247 1249 [3]
100 1250 [8]
348 1250 [0]
624 1250 [2]
626 1250 [2]
707 1250 [0]
721 1250 [1]
738 1250 [5]
786 1250 [7]
18 1251 [1]
505 1251 [1]
1213 1251 [1]
59 1252 [1]
93 1252 [1]
458 1252 [2]
1048 1252 [0]
73 1253 [1]
125 1253 [1]
267 1253 [1]
281 1253 [1]
305 1253 [1]
402 1253 [1]
1141 1253 [9]
71 1254 [2]
172 1254 [1]
214 1254 [1]
462 1254 [2]
808 1254 [0]
1123 1254 [1]
876 1255 [5]
977 1255 [1]
31 1256 [1]
159 1256 [1]
822 1256 [5]
970 1256 [1]
1099 1256 [1]
1139 1256 [0]
297 1257 [0]
304 1257 [2]
569 1257 [0]
732 1257 [1]
841 1257 [2]
993 1257 [1]
29 1258 [2]
558 1258 [0]
732 1258 [0]
942 1258 [1]
1198 1258 [1]
42 1259 [2]
58 1259 [0]
117 1259 [0]
143 1259 [1]
686 1259 [1]
1223 1259 [10]
239 1260 [1]
454 1260 [1]
523 1260 [1]
86 1261 [0]
348 1261 [1]
890 1261 [0]
1127 1261 [1]
235 1262 [0]
250 1262 [0]
416 1262 [2]
674 1262 [2]
1187 1262 [2]
684 1263 [1]
1225 1263 [1]
346 1264 [2]
602 1264 [2]
1073 1264 [0]
1185 1264 [0]
130 1265 [1]
613 1265 [1]
418 1266 [11]
436 1266 [0]
1084 1266 [0]
331 1267 [1]
307 1268 [2]
415 1268 [0]
657 1268 [0]
700 1268 [1]
836 1268 [1]
887 1269 [1]
1048 1269 [0]
733 1270 [3]
786 1270 [0]
949 1270 [1]
1025 1270 [2]
60 1271 [3]
568 1271 [1]
660 1271 [2]
740 1271 [0]
1058 1271 [0]
60 1272 [3]
386 1272 [2]
798 1272 [1]
1070 1272 [0]
117 1273 [0]
772 1273 [0]
1052 1273 [0]
1173 1273 [2]
15 1274 [1]
24 1274 [1]
585 1274 [0]
780 1274 [1]
130 1275 [1]
195 1275 [1]
1208 1275 [1]
1267 1275 [0]
273 1276 [2]
564 1276 [1]
672 1276 [1]
698 1276 [1]
950 1276 [1]
114 1277 [1]
365 1277 [1]
1119 1278 [1]
746 1279 [0]
909 1279 [1]
1051 1279 [0]
290 1280 [1]
489 1280 [1]
527 1280 [1]
947 1280 [0]
413 1281 [9]
536 1281 [2]
775 1281 [0]
66 1282 [1]
653 1282 [1]
939 1282 [1]
448 1283 [3]
1055 1283 [0]
1202 1283 [1]
630 1285 [1]
402 1286 [2]
409 1286 [1]
716 1286 [0]
917 1286 [0]
1248 1286 [1]
366 1288 [6]
476 1288 [1]
531 1288 [1]
856 1288 [1]
152 1289 [1]
959 1289 [1]
217 1290 [1]
512 1290 [1]
724 1290 [0]
1121 1290 [0]
1191 1290 [1]
42 1291 [2]
150 1291 [2]
370 1291 [2]
545 1291 [1]
717 1291 [1]
803 1291 [11]
835 1291 [2]
1032 1291 [0]
1263 1291 [1]
90 1292 [2]
165 1292 [2]
437 1292 [0]
583 1292 [0]
757 1292 [1]
158 1293 [0]
401 1293 [0]
523 1293 [3]
536 1293 [2]
685 1293 [3]
717 1293 [3]
975 1293 [3]
1112 1293 [4]
534 1294 [1]
798 1294 [1]
1007 1294 [1]
1147 1294 [1]
129 1295 [2]
403 1295 [9]
463 1295 [2]
690 1295 [0]
758 1296 [1]
1230 1296 [1]
1292 1296 [1]
241 1297 [2]
266 1297 [2]
532 1297 [0]
576 1297 [11]
603 1297 [1]
510 1298 [2]
1095 1298 [0]
40 1299 [1]
160 1299 [2]
291 1299 [2]
795 1299 [0]
854 1299 [0]
938 1299 [2]
1237 1299 [1]
558 1300 [1]
886 1300 [0]
385 1301 [3]
1075 1301 [0]
1112 1301 [2]
1239 1301 [1]
415 1302 [1]
422 1302 [0]
607 1302 [2]
983 1302 [0]
1151 1302 [1]
33 1303 [1]
349 1303 [9]
1263 1303 [0]
1269 1303 [1]
153 1304 [10]
1195 1304 [1]
1200 1304 [0]
1098 1305 [0]
1099 1305 [1]
1282 1305 [0]
185 1306 [2]
728 1306 [0]
1029 1306 [1]
1049 1306 [9]
1255 1306 [1]
995 1307 [1]
264 1308 [0]
581 1308 [0]
586 1308 [2]
669 1308 [1]
738 1308 [1]
747 1308 [2]
763 1308 [5]
927 1308 [1]
1035 1308 [2]
516 1309 [1]
1257 1309 [1]
34 1310 [1]
1264 1310 [1]
1124 1311 [1]
5 1312 [0]
156 1312 [4]
672 1312 [0]
401 1313 [2]
431 1313 [1]
535 1313 [1]
541 1313 [2]
606 1313 [1]
874 1313 [0]
127 1314 [1]
216 1314 [1]
244 1314 [7]
990 1314 [0]
1173 1314 [3]
220 1315 [1]
403 1315 [1]
805 1315 [1]
233 1316 [1]
428 1316 [1]
540 1316 [0]
550 1316 [1]
1008 1316 [0]
97 1317 [2]
197 1317 [3]
406 1317 [0]
474 1317 [4]
804 1317 [0]
907 1317 [2]
990 1317 [7]
471 1318 [9]
648 1318 [0]
659 1318 [1]
676 1318 [1]
700 1318 [1]
829 1318 [0]
1087 1318 [1]
1197 1318 [1]
586 1319 [2]
936 1319 [0]
1047 1319 [0]
1105 1319 [3]
1270 1319 [1]
444 1320 [0]
713 1320 [0]
1058 1320 [1]
1103 1320 [3]
445 1321 [0]
781 1321 [1]
972 1321 [0]
1042 1321 [1]
1144 1321 [1]
1205 1321 [1]
5 1322 [2]
842 1322 [0]
1261 1322 [1]
1272 1322 [0]
63 1323 [2]
598 1323 [0]
1062 1323 [0]
606 1324 [1]
1042 1324 [1]
297 1325 [0]
339 1325 [2]
650 1325 [3]
985 1325 [0]
507 1326 [1]
706 1326 [0]
927 1326 [1]
1088 1326 [0]
1276 1326 [7]
1313 1326 [1]
17 1327 [0]
274 1327 [2]
505 1327 [1]
543 1327 [1]
870 1327 [1]
1000 1328 [0]
379 1329 [1]
399 1329 [1]
411 1329 [1]
539 1329 [0]
1198 1329 [0]
1202 1329 [2]
78 1330 [2]
757 1330 [0]
806 1330 [0]
1297 1330 [1]
154 1331 [0]
231 1331 [2]
453 1331 [0]
1159 1331 [1]
1245 1331 [2]
54 1332 [1]
253 1332 [1]
754 1332 [1]
938 1332 [1]
1148 1332 [1]
473 1333 [1]
607 1333 [1]
729 1333 [0]
840 1333 [1]
1263 1333 [1]
349 1334 [0]
1136 1334 [1]
371 1335 [1]
795 1335 [1]
14 1336 [1]
49 1336 [1]
301 1336 [0]
362 1336 [11]
423 1336 [1]
811 1336 [0]
206 1337 [0]
524 1337 [2]
991 1337 [2]
1080 1337 [2]
1225 1337 [0]
1296 1337 [1]
39 1338 [2]
203 1338 [2]
331 1338 [0]
493 1338 [1]
581 1338 [1]
704 1338 [1]
749 1338 [0]
1215 1338 [1]
1235 1338 [1]
407 1339 [1]
944 1339 [1]
1291 1339 [0]
134 1340 [1]
610 1340 [2]
985 1340 [1]
1 1341 [2]
115 1341 [2]
215 1341 [2]
250 1341 [2]
596 1341 [1]
767 1341 [0]
891 1341 [1]
1054 1341 [0]
247 1342 [1]
257 1342 [4]
1156 1342 [0]
6 1343 [1]
304 1343 [1]
681 1343 [7]
2 1344 [1]
473 1344 [1]
679 1344 [1]
694 1344 [1]
819 1344 [1]
1222 1344 [0]
1327 1344 [0]
605 1345 [2]
621 1345 [1]
778 1345 [0]
863 1345 [7]
1261 1345 [1]
1280 1345 [1]
157 1346 [2]
160 1346 [2]
173 1346 [2]
395 1346 [1]
931 1346 [0]
1210 1346 [0]
257 1347 [0]
405 1347 [0]
833 1347 [3]
1077 1347 [8]
1162 1347 [1]
1190 1347 [1]
1035 1348 [1]
1137 1348 [1]
263 1349 [1]
365 1349 [1]
367 1349 [2]
384 1349 [1]
1058 1349 [1]
1312 1349 [10]
205 1350 [1]
474 1350 [1]
476 1350 [1]
525 1350 [1]
649 1350 [1]
835 1350 [1]
919 1350 [1]
1278 1350 [0]
34 1351 [1]
122 1351 [0]
205 1351 [1]
396 1351 [2]
488 1351 [1]
1234 1351 [1]
93 1352 [3]
113 1352 [3]
506 1352 [5]
606 1352 [3]
1021 1352 [1]
407 1353 [1]
440 1353 [0]
626 1353 [1]
877 1353 [0]
5 1354 [1]
1326 1354 [0]
556 1355 [1]
574 1355 [1]
624 1355 [2]
704 1355 [0]
119 1356 [2]
280 1356 [3]
402 1356 [1]
405 1356 [2]
718 1356 [0]
876 1356 [1]
878 1356 [1]
880 1356 [1]
999 1356 [0]
1006 1356 [1]
97 1357 [4]
671 1357 [1]
254 1358 [7]
258 1358 [1]
282 1358 [1]
290 1358 [1]
514 1358 [1]
696 1358 [2]
861 1358 [1]
953 1358 [2]
989 1358 [4]
1025 1358 [3]
1191 1358 [0]
894 1359 [1]
1100 1359 [1]
1280 1359 [1]
785 1360 [1]
1070 1360 [1]
1098 1360 [1]
1152 1360 [6]
1089 1361 [2]
1299 1361 [1]
208 1362 [2]
264 1362 [1]
580 1362 [1]
799 1362 [0]
959 1362 [6]
1002 1362 [1]
1019 1362 [1]
104 1363 [2]
343 1363 [0]
359 1363 [3]
663 1363 [2]
1010 1363 [6]
1053 1363 [4]
1061 1363 [0]
1192 1363 [2]
744 1364 [2]
966 1364 [2]
456 1365 [0]
933 1365 [2]
1064 1365 [1]
1257 1365 [1]
129 1366 [3]
477 1366 [2]
831 1366 [0]
1026 1366 [1]
1221 1366 [5]
1356 1366 [1]
343 1367 [1]
460 1367 [1]
621 1367 [1]
705 1367 [2]
959 1367 [1]
1291 1367 [1]
101 1368 [3]
227 1368 [1]
264 1368 [2]
1238 1368 [0]
305 1369 [2]
312 1369 [1]
937 1369 [1]
1133 1369 [1]
1322 1369 [1]
141 1370 [1]
543 1370 [1]
680 1370 [1]
1118 1370 [1]
620 1371 [0]
811 1371 [0]
883 1371 [1]
1215 1371 [1]
410 1372 [1]
464 1372 [1]
653 1372 [1]
839 1372 [0]
950 1372 [1]
101 1373 [10]
267 1373 [3]
710 1373 [0]
853 1373 [0]
1247 1374 [1]
34 1375 [1]
337 1376 [1]
1277 1376 [0]
429 1377 [2]
486 1377 [1]
936 1377 [1]
1136 1377 [1]
287 1378 [2]
358 1378 [0]
470 1378 [0]
490 1378 [1]
601 1378 [1]
613 1378 [1]
654 1378 [2]
944 1378 [1]
78 1379 [2]
259 1379 [1]
377 1379 [0]
501 1379 [2]
704 1379 [1]
929 1379 [3]
1073 1379 [1]
1223 1379 [11]
118 1380 [0]
384 1380 [7]
553 1380 [0]
633 1380 [0]
1017 1380 [0]
225 1381 [10]
336 1381 [0]
827 1381 [1]
1024 1381 [1]
372 1382 [1]
606 1382 [10]
1111 1382 [1]
1127 1382 [10]
127 1383 [1]
433 1383 [0]
461 1383 [1]
802 1383 [0]
123 1384 [3]
321 1384 [2]
491 1384 [0]
609 1384 [1]
650 1384 [3]
722 1384 [0]
810 1384 [3]
948 1384 [1]
1280 1384 [1]
223 1385 [1]
241 1385 [1]
291 1385 [1]
608 1386 [1]
648 1386 [2]
9 1387 [1]
66 1387 [1]
178 1387 [1]
455 1387 [1]
462 1387 [2]
530 1387 [2]
755 1387 [0]
112 1388 [0]
880 1388 [0]
1119 1388 [2]
1364 1388 [1]
1 1389 [1]
35 1389 [1]
176 1389 [1]
228 1389 [1]
453 1389 [1]
474 1389 [5]
128 1390 [1]
179 1390 [1]
510 1390 [1]
747 1390 [4]
986 1390 [1]
1154 1390 [0]
361 1391 [0]
613 1391 [1]
809 1391 [2]
951 1391 [1]
239 1392 [1]
368 1392 [1]
522 1392 [1]
699 1392 [1]
759 1392 [3]
897 1392 [2]
1232 1392 [0]
1284 1392 [0]
31 1393 [0]
167 1393 [1]
190 1393 [0]
336 1393 [1]
995 1393 [1]
59 1394 [11]
786 1394 [1]
937 1394 [1]
1283 1394 [1]
65 1395 [1]
409 1396 [1]
679 1396 [1]
1164 1396 [1]
102 1397 [3]
222 1397 [2]
347 1397 [1]
902 1397 [0]
1116 1397 [1]
1351 1397 [0]
1129 1398 [11]
1349 1398 [2]
497 1399 [1]
625 1399 [0]
669 1399 [1]
831 1399 [9]
418 1400 [1]
569 1400 [2]
1045 1400 [0]
1176 1400 [1]
391 1401 [6]
1122 1401 [1]
910 1402 [0]
391 1403 [5]
1070 1403 [1]
1112 1403 [11]
1302 1403 [1]
839 1404 [1]
1095 1404 [1]
111 1405 [2]
426 1405 [2]
527 1405 [1]
797 1405 [0]
582 1406 [3]
605 1406 [1]
632 1406 [0]
641 1406 [0]
731 1406 [2]
804 1406 [2]
403 1407 [1]
616 1407 [1]
1191 1407 [1]
1277 1407 [0]
216 1408 [1]
1018 1408 [6]
1076 1408 [0]
1108 1408 [1]
627 1409 [1]
697 1409 [0]
700 1409 [1]
981 1409 [1]
1168 1409 [0]
1319 1409 [1]
42 1410 [2]
223 1410 [1]
260 1410 [1]
638 1410 [0]
762 1410 [1]
946 1410 [1]
1160 1410 [1]
1334 1410 [0]
54 1411 [1]
155 1411 [1]
827 1411 [0]
891 1411 [2]
202 1412 [2]
413 1412 [1]
658 1412 [0]
11 1413 [2]
72 1413 [2]
74 1413 [2]
143 1413 [0]
759 1413 [1]
133 1414 [1]
230 1414 [1]
389 1414 [1]
398 1414 [1]
751 1414 [1]
220 1415 [1]
253 1415 [1]
407 1415 [1]
969 1415 [1]
1297 1415 [0]
178 1416 [1]
239 1416 [1]
1016 1416 [1]
165 1417 [1]
216 1417 [1]
1064 1417 [1]
417 1418 [0]
624 1418 [2]
675 1418 [0]
431 1419 [1]
795 1419 [1]
832 1419 [0]
1110 1419 [2]
1163 1419 [0]
299 1420 [1]
843 1420 [1]
1004 1420 [0]
1015 1420 [1]
1276 1420 [0]
561 1421 [1]
1216 1421 [0]
1258 1421 [1]
1334 1421 [1]
290 1422 [1]
876 1422 [1]
1124 1422 [1]
1325 1422 [1]
379 1423 [7]
963 1423 [1]
1379 1423 [1]
223 1424 [1]
232 1424 [1]
377 1424 [7]
507 1424 [1]
846 1424 [11]
940 1424 [1]
1293 1424 [2]
66 1425 [1]
70 1425 [2]
92 1425 [2]
805 1425 [1]
526 1426 [1]
551 1426 [1]
601 1426 [0]
1223 1426 [0]
33 1427 [1]
1276 1427 [1]
338 1428 [1]
340 1428 [1]
400 1428 [1]
901 1428 [1]
503 1429 [11]
678 1429 [1]
761 1429 [1]
1088 1429 [1]
287 1430 [2]
579 1430 [1]
618 1430 [1]
765 1430 [1]
1063 1430 [1]
1097 1430 [0]
420 1431 [1]
560 1431 [1]
963 1431 [1]
363 1432 [0]
400 1432 [2]
549 1432 [0]
664 1432 [3]
818 1432 [2]
1013 1432 [1]
1088 1432 [1]
1229 1432 [1]
118 1433 [3]
291 1433 [1]
660 1433 [1]
1154 1433 [2]
448 1434 [1]
671 1434 [1]
1226 1434 [0]
1088 1435 [1]
1174 1435 [1]
134 1436 [1]
1237 1436 [1]
1365 1436 [1]
309 1437 [0]
1175 1437 [0]
58 1438 [1]
168 1438 [1]
574 1438 [1]
782 1438 [0]
1146 1439 [2]
1179 1439 [1]
322 1440 [2]
915 1440 [1]
968 1440 [0]
1145 1440 [0]
1229 1440 [1]
1305 1440 [1]
28 1441 [2]
634 1441 [1]
722 1441 [0]
723 1441 [0]
751 1441 [2]
1194 1441 [5]
28 1442 [2]
569 1442 [0]
710 1442 [2]
753 1442 [0]
942 1442 [7]
1012 1442 [1]
1231 1442 [0]
145 1443 [1]
470 1443 [0]
1283 1443 [0]
0 1444 [2]
166 1444 [1]
772 1444 [1]
870 1444 [1]
887 1444 [1]
960 1444 [1]
1030 1444 [1]
1302 1444 [1]
969 1445 [1]
1354 1445 [0]
44 1446 [2]
113 1446 [1]
496 1446 [1]
1075 1446 [11]
1185 1446 [1]
84 1447 [1]
279 1447 [0]
477 1448 [2]
719 1448 [1]
829 1448 [0]
959 1448 [1]
1250 1448 [1]
622 1449 [0]
1220 1449 [1]
719 1450 [1]
837 1450 [1]
42 1451 [2]
642 1451 [1]
781 1451 [0]
74 1452 [2]
795 1452 [1]
1280 1452 [1]
57 1453 [2]
223 1453 [1]
749 1453 [9]
878 1453 [1]
924 1453 [1]
967 1453 [0]
1045 1453 [1]
1332 1453 [0]
95 1454 [2]
336 1454 [0]
442 1454 [0]
573 1454 [1]
857 1454 [2]
15 1455 [2]
281 1455 [2]
716 1455 [1]
834 1455 [1]
1249 1455 [1]
20 1456 [0]
182 1456 [1]
264 1456 [1]
276 1456 [0]
312 1456 [1]
449 1456 [2]
490 1456 [0]
723 1456 [2]
1249 1456 [1]
1408 1456 [1]
293 1457 [2]
428 1457 [2]
492 1457 [0]
760 1457 [0]
1064 1457 [1]
420 1458 [7]
479 1458 [1]
622 1458 [0]
908 1458 [1]
1337 1458 [1]
12 1459 [1]
222 1459 [2]
582 1459 [11]
707 1459 [1]
710 1459 [1]
712 1459 [0]
788 1459 [1]
979 1459 [1]
1028 1459 [1]
1163 1459 [1]
1196 1459 [0]
1439 1459 [1]
173 1460 [1]
228 1460 [1]
232 1460 [1]
841 1460 [8]
1197 1460 [1]
186 1461 [1]
192 1461 [1]
287 1461 [5]
531 1461 [5]
943 1461 [2]
1289 1461 [0]
1450 1461 [0]
59 1462 [1]
167 1462 [1]
478 1462 [1]
739 1462 [0]
784 1462 [0]
926 1462 [2]
964 1462 [1]
36 1463 [2]
487 1463 [1]
645 1463 [1]
1286 1463 [1]
154 1464 [0]
215 1464 [3]
343 1464 [2]
1029 1464 [0]
158 1465 [1]
699 1465 [4]
1041 1465 [1]
1175 1465 [1]
1270 1465 [11]
1397 1465 [1]
506 1466 [1]
947 1466 [0]
1262 1466 [2]
1397 1466 [1]
1459 1466 [1]
425 1467 [1]
430 1467 [1]
1280 1467 [1]
1314 1467 [0]
713 1468 [1]
199 1469 [0]
379 1469 [1]
472 1469 [1]
691 1469 [1]
704 1469 [1]
1082 1469 [1]
1105 1469 [1]
1117 1469 [1]
1277 1469 [1]
189 1470 [10]
285 1470 [2]
428 1470 [1]
692 1470 [1]
788 1470 [1]
1125 1470 [0]
274 1471 [1]
550 1471 [2]
656 1471 [0]
684 1471 [2]
834 1471 [2]
1103 1471 [2]
1105 1471 [0]
1204 1471 [2]
258 1472 [11]
435 1472 [1]
599 1472 [1]
420 1473 [1]
522 1473 [1]
637 1473 [0]
823 1473 [1]
860 1473 [9]
1092 1473 [0]
1284 1473 [1]
204 1474 [0]
594 1474 [1]
1006 1474 [1]
1117 1474 [11]
1137 1474 [1]
545 1475 [1]
851 1475 [1]
50 1476 [2]
113 1476 [0]
1181 1476 [1]
183 1477 [1]
700 1477 [0]
713 1477 [2]
1186 1477 [0]
67 1478 [2]
727 1478 [0]
858 1478 [0]
1257 1478 [1]
48 1479 [3]
57 1479 [4]
93 1479 [2]
173 1479 [0]
209 1479 [0]
466 1479 [3]
919 1479 [2]
1173 1479 [2]
1276 1479 [1]
152 1480 [1]
421 1480 [0]
519 1480 [1]
802 1480 [2]
1036 1480 [7]
1199 1480 [0]
120 1481 [1]
1185 1481 [1]
24 1482 [2]
50 1482 [2]
189 1482 [1]
383 1482 [1]
670 1482 [1]
1183 1482 [1]
1283 1482 [1]
145 1483 [1]
697 1483 [1]
995 1483 [0]
7 1484 [5]
164 1484 [2]
466 1484 [1]
624 1484 [0]
740 1484 [0]
845 1484 [7]
161 1485 [0]
192 1485 [3]
526 1485 [0]
1263 1485 [1]
18 1486 [0]
203 1486 [2]
566 1486 [0]
1252 1486 [1]
1263 1486 [1]
1391 1486 [1]
1448 1486 [2]
37 1487 [1]
171 1487 [2]
398 1487 [2]
592 1487 [9]
1037 1487 [0]
1386 1487 [0]
89 1488 [2]
210 1488 [1]
861 1488 [1]
1188 1488 [1]
1453 1488 [1]
396 1489 [1]
552 1489 [1]
845 1489 [1]
1257 1489 [1]
288 1490 [2]
366 1490 [2]
611 1490 [0]
654 1490 [2]
806 1490 [1]
917 1490 [1]
1197 1490 [1]
80 1491 [1]
91 1491 [9]
431 1491 [1]
910 1491 [0]
954 1491 [0]
976 1491 [1]
1382 1491 [1]
95 1492 [2]
230 1492 [10]
1295 1492 [0]
1398 1492 [1]
551 1493 [1]
1007 1493 [1]
412 1494 [1]
618 1494 [1]
867 1494 [1]
1163 1494 [1]
1257 1494 [1]
1301 1494 [1]
1316 1494 [0]
740 1495 [1]
415 1496 [1]
772 1496 [1]
1013 1496 [0]
1238 1496 [1]
113 1497 [1]
125 1497 [3]
453 1497 [10]
569 1497 [1]
1461 1497 [1]
49 1498 [1]
197 1498 [1]
285 1498 [1]
709 1498 [3]
961 1498 [8]
1174 1498 [1]
1199 1498 [1]
469 1499 [1]
709 1499 [5]
20 1500 [0]
55 1500 [8]
579 1500 [1]
615 1500 [1]
625 1500 [1]
796 1500 [1]
819 1500 [2]
932 1500 [2]
46 1501 [1]
319 1501 [3]
765 1501 [1]
821 1501 [0]
929 1501 [1]
526 1502 [1]
943 1503 [2]
1247 1503 [1]
1258 1503 [1]
1284 1503 [1]
1370 1503 [4]
532 1504 [1]
684 1504 [1]
725 1504 [2]
409 1505 [1]
65 1506 [2]
66 1506 [1]
120 1506 [1]
146 1506 [1]
198 1506 [1]
871 1506 [0]
903 1506 [2]
949 1506 [1]
394 1507 [2]
668 1507 [1]
725 1507 [1]
1058 1507 [1]
236 1508 [1]
695 1508 [1]
791 1508 [0]
1485 1508 [1]
457 1509 [1]
870 1509 [1]
1099 1509 [1]
1270 1509 [1]
333 1510 [1]
382 1510 [1]
464 1510 [1]
608 1510 [1]
624 1510 [1]
203 1511 [4]
545 1511 [1]
673 1511 [1]
872 1511 [1]
977 1511 [1]
997 1511 [1]
1140 1511 [2]
153 1512 [1]
607 1512 [1]
889 1512 [1]
121 1513 [1]
324 1513 [0]
759 1513 [1]
975 1513 [1]
1290 1513 [10]
37 1514 [9]
480 1514 [1]
717 1514 [1]
966 1514 [1]
1260 1514 [0]
1158 1515 [0]
1168 1515 [1]
1227 1515 [1]
951 1516 [1]
962 1516 [0]
1136 1516 [1]
1164 1516 [1]
1430 1516 [1]
1508 1516 [1]
52 1517 [1]
931 1517 [1]
980 1517 [0]
1008 1517 [1]
1473 1517 [1]
688 1518 [0]
782 1518 [1]
920 1518 [2]
1032 1518 [1]
1298 1518 [0]
542 1519 [1]
995 1519 [1]
1518 1519 [1]
220 1520 [1]
747 1520 [1]
699 1521 [2]
755 1521 [3]
844 1521 [0]
1436 1521 [1]
3 1522 [1]
19 1522 [1]
882 1522 [1]
1085 1522 [8]
1462 1522 [1]
1484 1522 [1]
10 1523 [1]
149 1523 [1]
232 1523 [1]
485 1523 [1]
693 1523 [1]
763 1523 [1]
1124 1523 [1]
1130 1523 [0]
53 1524 [9]
408 1524 [5]
469 1524 [1]
907 1524 [1]
1073 1524 [1]
1204 1524 [1]
1411 1524 [0]
365 1525 [1]
781 1525 [0]
1377 1525 [0]
351 1526 [0]
572 1526 [1]
283 1527 [4]
497 1527 [1]
807 1527 [1]
1078 1527 [6]
1256 1527 [0]
191 1528 [2]
282 1528 [1]
640 1528 [1]
642 1528 [1]
1106 1528 [7]
29 1529 [1]
207 1529 [7]
497 1529 [1]
569 1529 [1]
643 1529 [1]
644 1529 [1]
984 1529 [0]
1140 1529 [4]
1454 1529 [1]
240 1530 [0]
566 1530 [2]
1352 1530 [0]
1396 1530 [1]
298 1531 [0]
399 1531 [1]
547 1531 [1]
699 1531 [6]
744 1531 [2]
1194 1531 [0]
1411 1531 [1]
1511 1531 [0]
157 1532 [1]
770 1532 [1]
1279 1532 [1]
1362 1532 [1]
1434 1532 [0]
184 1534 [1]
921 1534 [1]
142 1535 [1]
614 1535 [1]
1077 1535 [1]
300 1536 [3]
417 1536 [1]
460 1536 [1]
658 1536 [0]
728 1536 [1]
729 1536 [2]
609 1537 [1]
734 1537 [7]
918 1537 [0]
1111 1537 [1]
308 1538 [1]
455 1538 [2]
1146 1538 [1]
1255 1538 [1]
1372 1538 [0]
1026 1539 [0]
1242 1539 [1]
1394 1539 [0]
80 1540 [2]
118 1540 [2]
692 1540 [1]
1074 1540 [0]
1124 1540 [0]
1459 1540 [1]
72 1541 [2]
117 1541 [9]
828 1541 [7]
946 1541 [0]
132 1542 [1]
219 1542 [5]
346 1542 [2]
369 1542 [1]
489 1542 [8]
569 1542 [1]
174 1543 [1]
1470 1543 [1]
308 1544 [1]
899 1544 [1]
965 1544 [1]
1055 1544 [1]
477 1545 [1]
925 1545 [1]
332 1546 [5]
345 1546 [1]
388 1546 [0]
1442 1546 [8]
523 1547 [1]
560 1547 [1]
619 1547 [1]
710 1547 [6]
1045 1547 [1]
1147 1547 [0]
1357 1547 [1]
175 1548 [1]
914 1548 [0]
1091 1548 [0]
195 1549 [2]
764 1549 [0]
890 1549 [2]
948 1549 [9]
952 1549 [2]
1063 1549 [1]
1174 1549 [1]
34 1550 [2]
470 1550 [1]
707 1550 [1]
1051 1550 [1]
153 1551 [0]
528 1551 [1]
1069 1551 [1]
1540 1551 [1]
104 1552 [2]
908 1552 [1]
1277 1552 [1]
285 1553 [2]
719 1553 [0]
879 1553 [1]
1000 1553 [0]
1345 1553 [1]
233 1554 [7]
303 1554 [2]
416 1554 [0]
1380 1554 [0]
368 1555 [5]
1282 1555 [0]
273 1556 [2]
931 1556 [1]
1092 1556 [0]
382 1557 [10]
529 1557 [2]
844 1557 [0]
1000 1557 [0]
1005 1557 [1]
68 1558 [1]
177 1558 [2]
264 1558 [10]
1165 1558 [1]
441 1559 [0]
635 1559 [4]
689 1559 [1]
931 1559 [0]
1060 1559 [1]
1478 1559 [1]
487 1560 [0]
510 1560 [1]
1239 1560 [1]
1322 1561 [1]
1405 1561 [0]
94 1562 [1]
523 1562 [1]
607 1562 [1]
916 1562 [1]
1398 1562 [0]
4 1563 [1]
786 1563 [1]
1111 1563 [1]
1227 1563 [1]
234 1564 [1]
896 1564 [1]
912 1564 [1]
1050 1564 [0]
1449 1564 [0]
451 1565 [0]
502 1565 [1]
683 1565 [1]
822 1565 [11]
1413 1565 [0]
1425 1565 [1]
451 1566 [0]
780 1566 [1]
787 1566 [1]
898 1566 [1]
939 1566 [0]
1139 1566 [1]
1370 1566 [1]
11 1567 [2]
380 1567 [1]
458 1567 [2]
982 1567 [1]
1070 1567 [1]
61 1568 [1]
136 1568 [3]
730 1568 [0]
836 1568 [0]
952 1569 [2]
1266 1569 [1]
1301 1569 [9]
268 1570 [4]
489 1570 [2]
522 1570 [0]
982 1570 [1]
1207 1570 [1]
1329 1570 [1]
20 1571 [1]
201 1571 [1]
423 1571 [1]
724 1571 [1]
737 1571 [0]
968 1571 [1]
1380 1571 [0]
193 1572 [2]
199 1572 [1]
551 1572 [1]
574 1572 [1]
702 1572 [0]
1499 1572 [0]
351 1573 [0]
383 1573 [1]
498 1573 [1]
1109 1573 [2]
1306 1573 [1]
1390 1573 [1]
269 1574 [1]
333 1574 [1]
496 1574 [2]
780 1574 [1]
1097 1574 [0]
1183 1574 [1]
1185 1574 [10]
1288 1574 [0]
1513 1574 [1]
175 1575 [2]
567 1575 [1]
807 1575 [1]
1032 1575 [1]
1138 1575 [0]
1160 1575 [2]
1239 1575 [1]
54 1576 [1]
55 1576 [1]
181 1576 [1]
236 1576 [9]
516 1576 [1]
524 1576 [1]
603 1576 [1]
972 1576 [1]
1356 1576 [1]
1454 1576 [5]
1541 1576 [0]
125 1577 [1]
1063 1577 [1]
1402 1577 [0]
170 1578 [1]
372 1578 [1]
413 1578 [1]
610 1578 [1]
1242 1578 [1]
1330 1578 [1]
554 1579 [1]
1284 1579 [1]
1565 1579 [1]
517 1580 [0]
598 1580 [0]
1131 1580 [1]
448 1581 [2]
544 1581 [0]
561 1581 [2]
921 1581 [10]
963 1581 [1]
1458 1582 [0]
902 1583 [1]
913 1583 [2]
937 1583 [1]
1563 1583 [0]
91 1584 [1]
197 1584 [2]
509 1584 [0]
592 1584 [1]
638 1584 [1]
737 1584 [1]
86 1585 [1]
1023 1585 [0]
1076 1585 [1]
1098 1585 [0]
614 1586 [1]
1181 1586 [1]
1299 1586 [1]
1377 1586 [0]
710 1587 [1]
101 1588 [2]
253 1588 [0]
294 1588 [1]
561 1588 [11]
707 1588 [1]
1079 1588 [0]
463 1589 [1]
233 1590 [2]
352 1590 [0]
568 1590 [1]
912 1590 [3]
1086 1590 [1]
485 1591 [1]
132 1592 [1]
717 1592 [1]
1024 1592 [1]
1148 1592 [6]
1403 1592 [1]
325 1593 [1]
676 1593 [0]
1268 1593 [1]
1365 1593 [1]
1572 1593 [2]
229 1594 [5]
673 1594 [1]
774 1594 [0]
869 1594 [1]
971 1594 [1]
1281 1594 [1]
128 1595 [1]
707 1595 [1]
713 1595 [2]
972 1595 [1]
1027 1595 [0]
454 1596 [7]
1204 1596 [5]
1441 1596 [1]
192 1597 [6]
200 1597 [0]
224 1597 [6]
557 1597 [0]
1225 1597 [1]
233 1598 [2]
299 1598 [1]
643 1598 [1]
1001 1598 [0]
1071 1598 [1]
1448 1598 [1]
173 1599 [1]
393 1599 [1]
858 1599 [1]
