32
3
3
23
4
21
10
2
17
28
19
5
7
14
16
26
0
8
13
11
6
15
1
29
25
30
31
22
27
18
20
12
9
24
0 5 [1]
5 8 [1]
2 10 [0]
6 11 [1]
8 11 [0]
8 12 [0]
9 12 [2]
5 13 [1]
11 13 [2]
8 14 [0]
9 14 [0]
1 15 [0]
11 15 [1]
6 16 [2]
11 16 [2]
14 16 [2]
15 16 [2]
5 17 [1]
10 17 [0]
14 19 [2]
16 19 [2]
8 20 [0]
18 20 [1]
4 21 [0]
10 21 [1]
13 21 [1]
9 23 [1]
20 23 [1]
4 24 [0]
10 24 [0]
12 24 [2]
17 24 [0]
1 25 [1]
21 25 [1]
13 26 [2]
6 27 [0]
8 27 [0]
11 27 [0]
12 27 [2]
18 27 [0]
2 28 [2]
7 28 [0]
19 28 [0]
23 28 [2]
1 29 [1]
6 29 [0]
25 29 [0]
4 30 [1]
16 30 [2]
20 30 [1]
21 30 [1]
23 30 [1]
19 31 [2]
20 31 [1]
22 31 [1]
23 31 [2]
25 31 [0]
27 31 [0]
