32
3
17
5
0
8
11
6
15
16
14
9
12
24
4
10
21
2
28
7
30
27
20
18
31
23
19
22
25
1
3
29
13
26
0 5 [1]
5 8 [2]
2 10 [0]
6 11 [0]
8 11 [2]
8 12 [1]
9 12 [1]
5 13 [0]
11 13 [2]
8 14 [1]
9 14 [2]
1 15 [2]
11 15 [1]
6 16 [0]
11 16 [1]
14 16 [2]
15 16 [2]
5 17 [1]
10 17 [1]
14 19 [2]
16 19 [2]
8 20 [0]
18 20 [1]
4 21 [2]
10 21 [1]
13 21 [1]
9 23 [2]
20 23 [1]
4 24 [2]
10 24 [0]
12 24 [0]
17 24 [1]
1 25 [1]
21 25 [1]
13 26 [2]
6 27 [0]
8 27 [0]
11 27 [0]
12 27 [2]
18 27 [2]
2 28 [0]
7 28 [1]
19 28 [1]
23 28 [1]
1 29 [0]
6 29 [2]
25 29 [0]
4 30 [2]
16 30 [0]
20 30 [1]
21 30 [2]
23 30 [1]
19 31 [0]
20 31 [0]
22 31 [0]
23 31 [0]
25 31 [0]
27 31 [2]
