30
2
28
7
8
5
17
14
15
26
4
10
21
22
27
0
3
9
19
11
13
18
16
23
25
6
1
2
12
24
29
20
0 2 [0]
0 3 [1]
1 2 [0]
2 3 [0]
3 4 [1]
2 4 [1]
2 5 [0]
3 6 [0]
4 5 [0]
2 7 [0]
4 6 [1]
5 7 [1]
5 8 [0]
4 9 [1]
2 12 [0]
6 9 [0]
5 10 [0]
4 10 [1]
2 14 [1]
7 8 [1]
6 11 [0]
6 13 [0]
7 12 [0]
4 15 [1]
9 11 [0]
5 15 [0]
7 14 [1]
5 17 [1]
6 16 [0]
2 21 [0]
2 22 [0]
11 13 [0]
5 21 [0]
7 20 [1]
2 27 [0]
13 16 [0]
9 19 [1]
5 26 [0]
11 19 [1]
13 18 [0]
15 17 [0]
7 24 [0]
16 18 [0]
14 20 [1]
7 28 [0]
7 29 [0]
11 25 [1]
13 23 [1]
14 24 [1]
13 25 [1]
16 23 [1]
15 26 [0]
21 22 [1]
20 28 [0]
20 29 [0]
21 27 [1]
