1000
8
500
0
1
2
3
4
5
6
7
8
9
10
12
20
45
78
277
605
719
775
937
910
852
972
413
553
664
106
119
165
473
804
178
240
335
349
383
570
710
777
332
638
338
866
109
141
214
233
318
334
411
839
427
441
957
645
784
794
803
880
437
744
469
626
858
809
989
975
706
746
763
805
898
58
228
246
284
530
687
807
969
402
31
118
552
867
918
997
883
47
125
962
151
164
461
505
554
701
555
641
823
559
870
83
101
215
463
583
688
841
376
446
121
130
166
684
851
819
879
953
616
740
967
848
490
576
635
649
995
875
447
13
14
16
17
59
904
96
198
257
449
575
667
930
699
561
981
27
28
35
53
82
189
621
643
623
758
207
377
390
693
979
431
726
752
146
428
479
515
986
528
659
683
822
845
873
503
655
737
864
38
56
87
108
398
129
131
225
890
571
887
640
974
272
329
343
409
420
472
491
902
508
760
859
712
790
980
162
236
950
977
358
535
865
702
724
939
110
128
135
256
305
556
585
892
696
565
572
679
723
806
882
243
832
952
136
767
169
186
202
258
399
933
993
542
998
439
589
971
518
810
830
827
265
538
886
598
536
588
611
633
133
370
965
205
354
750
671
876
50
64
75
86
98
102
116
123
161
861
227
279
493
311
567
319
372
594
614
742
139
158
229
533
566
685
941
948
293
584
716
925
768
273
321
325
445
546
978
791
104
264
755
365
622
935
477
481
547
893
627
751
91
175
204
262
521
847
260
442
607
909
270
155
314
654
167
313
467
976
176
187
210
217
261
298
544
299
389
835
394
785
885
595
776
76
103
344
353
426
488
700
478
531
757
524
666
600
625
630
681
170
290
732
903
40
142
568
877
63
24
143
306
386
450
590
603
938
781
869
416
355
360
606
901
574
157
378
406
739
239
271
715
808
891
959
15
18
137
232
268
296
300
705
927
558
889
906
970
868
320
504
721
942
404
968
30
124
212
340
695
274
453
492
213
316
899
862
52
183
292
307
619
915
983
499
963
615
920
21
26
43
203
230
242
385
397
539
985
854
248
465
831
250
285
932
251
269
412
788
680
400
408
772
81
673
741
921
49
61
72
199
263
348
414
482
519
802
596
722
302
438
569
917
68
115
156
310
675
362
395
916
134
160
218
770
800
850
69
70
138
276
345
631
434
462
936
647
931
286
582
747
765
668
946
717
73
132
185
226
494
511
452
780
907
874
275
817
369
419
709
150
923
425
195
312
815
224
294
359
367
738
982
474
545
833
422
573
579
945
418
451
22
29
32
41
171
676
799
620
77
326
454
476
529
637
280
323
926
429
464
856
42
85
127
154
295
403
423
562
821
955
961
919
209
244
381
495
663
704
734
836
211
220
231
853
537
557
665
720
648
761
289
373
629
66
197
201
644
787
878
678
415
351
812
460
657
914
39
74
433
520
534
541
92
112
181
222
247
686
996
330
580
990
814
223
496
387
838
97
111
140
347
498
506
617
564
182
237
527
849
145
333
929
352
900
396
599
516
999
424
602
610
728
729
991
44
94
249
550
748
928
632
753
60
88
122
206
405
964
577
281
512
532
624
786
587
783
346
911
526
672
733
840
855
771
798
99
177
191
736
636
179
356
417
639
480
764
793
940
905
507
769
828
430
563
148
152
252
513
283
401
912
958
646
196
444
486
652
308
388
456
795
25
34
84
184
391
884
193
208
235
331
105
149
601
661
703
730
826
984
987
973
254
287
301
843
238
304
745
364
443
393
743
994
470
484
54
192
382
612
713
896
163
234
324
656
689
824
120
168
371
543
628
797
11
23
57
62
174
221
259
560
662
459
754
79
80
100
113
188
267
357
392
522
825
549
924
818
834
895
421
435
540
863
960
468
114
172
682
266
650
669
871
337
551
779
816
846
190
282
692
735
820
988
888
291
634
731
144
153
375
36
48
55
180
245
303
618
947
339
90
147
159
466
711
219
241
278
944
317
384
440
677
691
789
436
489
342
951
956
368
502
509
592
766
670
698
253
658
510
578
778
756
200
651
782
216
255
363
707
966
366
374
604
458
725
749
857
593
773
796
872
37
315
46
126
327
432
497
860
894
613
881
660
586
642
792
19
65
89
95
328
336
949
801
954
350
525
548
708
913
697
33
51
93
288
653
407
471
591
714
813
897
762
837
107
194
361
483
727
774
829
844
934
380
448
694
117
297
523
581
597
718
908
759
842
341
410
457
485
608
514
674
992
475
922
173
309
322
379
609
517
943
811
501
67
71
455
487
690
0 1 [0]
0 2 [1]
0 3 [1]
1 2 [0]
0 4 [1]
1 3 [1]
0 5 [1]
1 4 [1]
2 3 [0]
2 5 [1]
2 4 [1]
3 4 [0]
1 7 [1]
2 6 [1]
0 9 [1]
2 7 [1]
3 6 [1]
4 5 [0]
1 5 [3]
0 10 [1]
1 9 [1]
1 6 [3]
0 7 [3]
2 9 [1]
4 7 [1]
0 8 [3]
5 6 [0]
5 7 [1]
2 11 [1]
6 7 [0]
0 14 [1]
4 10 [1]
5 9 [1]
1 14 [1]
4 11 [1]
7 8 [0]
0 11 [4]
3 5 [7]
1 15 [1]
0 16 [1]
1 8 [7]
2 14 [1]
4 12 [1]
4 6 [6]
0 17 [1]
1 16 [1]
5 12 [1]
3 7 [7]
7 9 [1]
2 8 [7]
8 9 [0]
5 13 [1]
7 11 [1]
8 10 [1]
3 8 [7]
1 10 [7]
9 10 [0]
2 17 [1]
1 18 [1]
3 9 [7]
5 14 [1]
2 10 [7]
4 8 [7]
3 11 [5]
0 19 [1]
5 15 [1]
1 12 [7]
8 12 [1]
9 11 [1]
5 8 [7]
4 9 [7]
0 13 [7]
5 10 [6]
9 12 [1]
6 8 [7]
8 13 [1]
2 12 [7]
2 13 [6]
5 11 [5]
7 13 [1]
1 13 [7]
8 14 [1]
0 22 [1]
1 21 [1]
7 14 [1]
6 11 [5]
6 15 [1]
10 12 [0]
6 9 [7]
8 11 [3]
7 15 [1]
6 10 [6]
7 12 [4]
7 10 [6]
2 15 [6]
4 15 [4]
6 13 [4]
0 24 [1]
4 20 [1]
8 16 [1]
2 16 [6]
3 19 [2]
6 12 [6]
2 23 [1]
10 13 [2]
5 16 [4]
4 21 [1]
5 20 [1]
4 19 [2]
8 17 [1]
1 17 [7]
9 16 [1]
6 18 [1]
1 25 [1]
4 22 [1]
2 18 [6]
2 19 [5]
1 19 [6]
6 20 [1]
4 18 [4]
5 17 [4]
7 18 [1]
9 17 [1]
10 14 [2]
0 27 [1]
1 26 [1]
6 19 [2]
5 22 [1]
5 21 [1]
9 15 [3]
10 17 [1]
1 22 [4]
13 14 [0]
9 13 [5]
9 18 [1]
10 15 [2]
1 27 [1]
6 22 [1]
10 16 [2]
7 21 [1]
9 19 [1]
10 18 [1]
8 15 [5]
9 14 [5]
2 25 [1]
1 20 [7]
0 21 [7]
1 28 [1]
2 27 [1]
2 20 [7]
5 24 [1]
0 25 [4]
7 19 [3]
8 21 [1]
9 20 [1]
13 16 [1]
4 26 [1]
14 16 [0]
8 19 [3]
2 28 [1]
2 22 [6]
0 23 [7]
8 22 [1]
10 20 [1]
4 25 [1]
9 22 [1]
14 17 [0]
8 18 [5]
1 24 [6]
3 23 [5]
10 22 [0]
7 25 [0]
1 31 [0]
4 23 [5]
2 30 [0]
6 21 [5]
5 26 [1]
12 20 [0]
7 23 [2]
2 24 [6]
15 18 [0]
0 33 [0]
7 20 [6]
0 26 [7]
1 32 [0]
2 31 [0]
7 26 [0]
10 21 [2]
0 29 [4]
9 21 [3]
16 17 [0]
5 29 [0]
9 23 [2]
11 23 [0]
6 23 [5]
1 29 [4]
8 23 [3]
4 29 [1]
0 28 [7]
6 29 [0]
9 26 [0]
1 30 [4]
5 25 [5]
10 24 [2]
5 31 [0]
9 25 [2]
10 26 [0]
5 27 [4]
8 25 [3]
9 24 [3]
0 32 [4]
10 25 [2]
7 30 [0]
5 32 [0]
8 24 [5]
6 30 [1]
5 28 [4]
2 34 [1]
2 29 [6]
4 32 [1]
10 28 [0]
13 24 [1]
7 31 [0]
14 24 [0]
3 33 [2]
0 37 [1]
0 34 [4]
6 33 [0]
8 26 [5]
2 36 [1]
8 31 [0]
4 34 [1]
10 27 [2]
5 30 [4]
0 40 [0]
1 39 [0]
2 38 [0]
8 27 [5]
1 33 [6]
5 33 [2]
4 36 [0]
2 33 [5]
13 27 [0]
8 29 [3]
0 41 [0]
1 40 [0]
7 34 [0]
4 31 [6]
8 28 [5]
10 29 [2]
6 31 [4]
0 42 [0]
1 41 [0]
8 34 [0]
14 28 [0]
9 30 [3]
10 30 [2]
0 39 [4]
7 33 [3]
0 43 [0]
14 27 [2]
4 37 [2]
6 32 [5]
7 36 [0]
2 35 [6]
1 35 [7]
8 32 [3]
8 30 [5]
5 39 [0]
2 42 [0]
16 27 [1]
5 34 [5]
9 33 [2]
6 36 [2]
2 37 [5]
5 35 [4]
10 32 [2]
8 33 [3]
7 37 [0]
10 34 [0]
4 39 [1]
3 36 [5]
1 44 [0]
6 39 [0]
3 37 [5]
9 31 [5]
8 37 [0]
9 36 [0]
6 37 [2]
10 35 [0]
0 38 [7]
9 34 [2]
1 45 [0]
5 36 [5]
4 41 [1]
12 31 [3]
2 45 [0]
5 38 [4]
8 36 [3]
16 28 [3]
5 41 [1]
11 36 [0]
2 44 [1]
1 42 [4]
21 26 [0]
0 46 [1]
5 42 [1]
5 43 [0]
2 40 [6]
0 44 [4]
1 43 [4]
8 40 [0]
9 37 [2]
8 35 [5]
14 35 [0]
0 49 [0]
4 45 [0]
5 44 [0]
4 44 [1]
2 48 [0]
1 49 [0]
10 40 [0]
8 39 [3]
8 38 [5]
5 46 [0]
10 39 [2]
22 29 [0]
10 41 [0]
4 43 [4]
9 39 [3]
10 38 [3]
9 40 [3]
15 30 [7]
11 37 [4]
2 50 [0]
8 41 [3]
4 46 [2]
10 42 [0]
0 51 [1]
6 41 [5]
2 46 [5]
2 51 [0]
4 49 [0]
5 48 [0]
13 40 [0]
6 42 [5]
8 42 [3]
6 46 [2]
3 51 [0]
14 40 [0]
16 35 [3]
2 52 [0]
5 49 [0]
16 38 [0]
7 47 [0]
10 43 [2]
7 43 [5]
6 44 [5]
14 38 [3]
22 32 [1]
8 44 [3]
8 47 [0]
27 28 [0]
1 47 [7]
10 45 [0]
6 48 [2]
8 43 [5]
0 56 [0]
8 48 [0]
3 48 [5]
2 47 [7]
7 46 [3]
10 44 [2]
6 49 [1]
2 54 [1]
9 48 [0]
16 40 [1]
0 50 [7]
6 47 [4]
4 47 [6]
6 45 [6]
9 46 [2]
8 46 [3]
4 48 [5]
7 48 [2]
7 51 [0]
3 55 [0]
5 52 [1]
0 57 [1]
1 50 [7]
2 55 [1]
9 45 [4]
1 51 [6]
0 54 [4]
7 45 [6]
11 46 [1]
6 52 [1]
10 47 [2]
25 34 [0]
5 51 [3]
5 50 [4]
9 51 [0]
0 60 [0]
2 57 [1]
7 52 [1]
4 52 [4]
0 61 [0]
4 57 [0]
1 60 [0]
1 54 [6]
7 54 [0]
2 59 [0]
9 49 [3]
2 53 [6]
7 49 [5]
29 32 [0]
12 45 [4]
9 47 [5]
1 53 [7]
2 60 [0]
10 52 [0]
8 51 [3]
5 53 [4]
12 47 [3]
8 49 [5]
10 53 [0]
5 58 [0]
27 35 [1]
8 50 [5]
28 35 [0]
10 50 [3]
13 50 [0]
0 62 [1]
4 55 [5]
9 55 [0]
7 55 [2]
5 54 [5]
9 52 [3]
2 56 [6]
1 64 [0]
0 65 [0]
9 54 [2]
2 63 [0]
21 43 [1]
3 57 [5]
8 52 [5]
5 60 [0]
8 54 [3]
20 45 [0]
4 60 [1]
2 62 [1]
5 55 [5]
8 53 [5]
7 58 [1]
10 54 [2]
8 55 [3]
2 64 [0]
27 38 [1]
1 58 [7]
7 57 [2]
0 59 [7]
6 60 [0]
10 56 [0]
1 61 [4]
2 65 [0]
6 61 [0]
2 58 [7]
15 52 [0]
1 59 [7]
5 61 [1]
16 50 [1]
22 39 [7]
8 60 [0]
5 59 [4]
0 67 [1]
22 41 [5]
28 38 [2]
6 57 [5]
4 58 [6]
8 57 [3]
6 58 [4]
9 57 [2]
5 63 [0]
9 59 [0]
1 68 [0]
7 62 [0]
2 67 [0]
26 43 [0]
9 60 [0]
4 61 [4]
8 56 [5]
16 53 [0]
8 62 [0]
10 58 [2]
1 63 [6]
3 65 [2]
22 42 [6]
3 62 [5]
4 66 [0]
9 61 [0]
0 66 [4]
0 63 [7]
12 58 [0]
1 67 [3]
4 62 [5]
4 65 [2]
0 64 [7]
1 65 [6]
0 72 [0]
1 71 [0]
5 66 [1]
4 68 [0]
0 71 [1]
7 65 [0]
8 59 [5]
3 67 [2]
32 41 [0]
5 68 [0]
9 62 [2]
8 65 [0]
7 61 [5]
10 63 [0]
14 56 [3]
22 44 [7]
14 59 [0]
1 66 [6]
5 64 [4]
1 73 [0]
5 69 [0]
9 65 [0]
1 69 [4]
4 67 [3]
16 59 [0]
2 71 [2]
0 68 [7]
1 70 [4]
5 67 [3]
16 56 [3]
4 72 [0]
0 76 [0]
8 63 [5]
5 71 [0]
0 69 [7]
5 70 [1]
6 67 [3]
21 49 [6]
7 69 [0]
3 71 [2]
17 59 [0]
0 77 [0]
6 66 [5]
7 67 [3]
2 75 [0]
8 64 [5]
0 70 [7]
29 42 [6]
8 66 [3]
7 70 [0]
9 68 [0]
1 72 [4]
13 63 [1]
6 72 [0]
8 70 [0]
10 66 [2]
5 72 [1]
0 74 [4]
14 63 [1]
9 67 [2]
9 70 [0]
0 79 [0]
4 74 [1]
10 69 [0]
25 54 [0]
27 50 [2]
0 80 [0]
2 78 [0]
16 63 [1]
6 74 [0]
23 57 [0]
20 58 [2]
6 69 [5]
0 73 [7]
27 53 [0]
6 71 [3]
13 64 [3]
8 69 [3]
5 74 [1]
7 68 [5]
1 74 [6]
4 77 [0]
28 53 [0]
7 71 [3]
6 70 [5]
8 68 [5]
16 64 [1]
9 69 [3]
5 77 [0]
3 79 [0]
1 77 [4]
10 70 [2]
8 74 [0]
8 71 [3]
0 75 [7]
9 71 [2]
4 79 [0]
8 75 [0]
27 56 [0]
1 75 [7]
1 76 [6]
36 48 [0]
28 56 [0]
33 51 [0]
5 75 [4]
19 65 [0]
8 73 [3]
8 76 [0]
6 73 [5]
9 72 [3]
6 79 [0]
9 73 [3]
9 74 [2]
10 73 [2]
7 73 [5]
5 76 [4]
0 86 [0]
2 84 [0]
5 81 [0]
6 80 [0]
1 78 [7]
10 77 [0]
2 85 [0]
4 84 [0]
7 79 [2]
4 78 [6]
0 81 [7]
8 77 [3]
8 80 [0]
21 61 [6]
0 84 [4]
35 53 [0]
10 76 [2]
23 62 [3]
22 60 [7]
2 87 [0]
7 80 [2]
6 83 [0]
8 81 [0]
0 85 [4]
21 68 [0]
4 81 [4]
4 80 [5]
11 79 [0]
0 89 [1]
2 82 [6]
1 85 [4]
8 79 [3]
1 82 [7]
9 79 [2]
6 78 [6]
12 78 [1]
5 86 [0]
9 80 [2]
13 76 [2]
8 83 [0]
1 83 [7]
2 88 [1]
9 78 [4]
11 80 [0]
14 76 [1]
5 82 [4]
7 83 [1]
7 78 [6]
5 85 [1]
27 64 [0]
0 92 [0]
2 90 [0]
3 89 [0]
4 88 [0]
9 83 [0]
16 75 [1]
5 83 [4]
10 81 [2]
2 91 [0]
0 93 [0]
16 76 [1]
9 81 [3]
7 84 [2]
7 81 [5]
4 83 [6]
0 94 [0]
1 93 [0]
2 86 [6]
5 84 [5]
1 86 [7]
38 56 [0]
0 87 [7]
36 55 [3]
1 88 [6]
22 66 [7]
8 82 [5]
10 83 [2]
4 89 [2]
9 84 [2]
1 89 [6]
5 91 [0]
2 94 [0]
3 93 [0]
4 92 [0]
6 85 [5]
21 69 [6]
10 84 [2]
8 85 [3]
22 74 [0]
5 92 [0]
7 90 [0]
9 88 [0]
29 66 [2]
16 82 [0]
2 96 [0]
1 91 [6]
0 91 [7]
4 94 [0]
5 88 [5]
6 90 [2]
3 90 [5]
6 89 [3]
8 90 [0]
12 83 [3]
8 88 [3]
5 94 [0]
9 90 [0]
21 72 [6]
20 78 [1]
8 86 [5]
1 92 [6]
4 90 [5]
6 88 [5]
7 89 [3]
2 93 [5]
22 77 [1]
5 93 [2]
3 95 [2]
9 89 [2]
8 89 [3]
10 87 [3]
8 87 [5]
21 73 [6]
9 92 [0]
2 99 [0]
4 95 [2]
1 94 [6]
1 95 [6]
0 102 [0]
27 75 [0]
4 97 [1]
5 98 [0]
16 87 [0]
6 92 [5]
7 93 [3]
16 86 [1]
0 96 [7]
5 97 [1]
6 95 [2]
48 55 [0]
0 99 [4]
13 91 [0]
1 97 [6]
4 100 [0]
9 95 [0]
10 92 [2]
10 94 [0]
8 93 [3]
4 99 [1]
1 96 [7]
14 87 [3]
23 79 [3]
6 99 [0]
1 104 [0]
9 96 [0]
5 96 [4]
27 76 [2]
21 81 [3]
7 95 [3]
0 98 [7]
6 94 [5]
8 94 [3]
2 104 [0]
9 97 [0]
1 99 [6]
6 100 [0]
2 98 [6]
8 95 [3]
22 85 [0]
1 106 [0]
2 105 [0]
5 102 [0]
23 80 [4]
7 100 [0]
6 97 [5]
2 106 [0]
10 96 [2]
8 97 [3]
8 100 [0]
19 89 [0]
16 91 [1]
4 105 [0]
2 107 [0]
5 104 [0]
7 101 [1]
1 101 [7]
8 96 [5]
8 101 [0]
0 105 [4]
25 84 [0]
5 99 [5]
32 77 [0]
10 97 [2]
5 101 [4]
0 110 [0]
2 108 [0]
49 61 [0]
3 107 [0]
8 99 [3]
5 105 [0]
8 102 [0]
26 81 [3]
9 99 [2]
0 103 [7]
2 102 [6]
22 88 [0]
2 109 [0]
10 101 [0]
9 100 [2]
4 101 [6]
8 98 [5]
2 110 [0]
7 105 [0]
8 104 [0]
28 82 [2]
5 103 [4]
10 103 [0]
4 109 [0]
29 77 [7]
0 107 [6]
17 96 [0]
27 86 [0]
16 96 [1]
39 74 [0]
7 107 [0]
19 95 [0]
22 92 [0]
50 64 [0]
1 107 [6]
0 108 [7]
4 111 [0]
0 115 [0]
27 87 [1]
6 109 [0]
5 107 [3]
11 100 [4]
9 101 [5]
16 98 [1]
27 82 [6]
1 115 [0]
9 107 [0]
7 109 [0]
6 106 [4]
5 111 [0]
0 112 [4]
8 105 [3]
8 103 [5]
12 101 [3]
4 106 [6]
35 82 [0]
4 113 [0]
7 106 [4]
10 106 [1]
4 112 [1]
10 105 [2]
9 109 [0]
2 116 [0]
5 112 [1]
8 107 [3]
6 112 [0]
1 111 [6]
13 103 [2]
10 108 [0]
34 84 [0]
14 103 [1]
16 102 [1]
12 106 [1]
16 103 [0]
57 62 [0]
10 110 [0]
3 117 [0]
0 120 [0]
29 85 [6]
10 109 [1]
7 113 [0]
27 91 [2]
8 113 [0]
1 120 [0]
5 116 [0]
5 115 [1]
8 108 [5]
12 109 [0]
16 104 [1]
22 99 [0]
6 114 [2]
1 121 [0]
8 111 [3]
9 111 [2]
6 111 [5]
49 72 [1]
10 112 [0]
0 117 [6]
0 123 [0]
4 119 [0]
10 111 [2]
2 120 [1]
4 115 [4]
7 114 [2]
23 100 [0]
45 78 [0]
8 110 [5]
49 68 [7]
4 120 [0]
9 115 [0]
9 113 [2]
9 112 [3]
2 117 [5]
1 124 [0]
2 122 [1]
8 114 [3]
7 118 [0]
5 117 [3]
38 87 [0]
9 114 [2]
50 75 [0]
14 108 [3]
22 97 [7]
2 124 [0]
8 115 [3]
8 118 [0]
1 118 [7]
11 113 [3]
0 127 [0]
16 110 [1]
5 122 [0]
6 121 [0]
7 120 [0]
5 118 [4]
2 118 [7]
4 122 [1]
16 108 [3]
2 119 [6]
42 85 [0]
0 126 [1]
1 119 [7]
7 117 [3]
7 121 [0]
1 127 [0]
33 93 [2]
9 117 [2]
6 118 [4]
8 117 [3]
5 124 [0]
3 126 [0]
27 98 [4]
6 119 [4]
1 122 [6]
8 116 [5]
10 119 [0]
20 109 [0]
27 102 [0]
7 119 [4]
4 126 [0]
6 124 [0]
9 121 [0]
10 120 [0]
25 105 [0]
27 103 [0]
5 120 [5]
8 123 [0]
1 130 [0]
2 123 [6]
6 120 [5]
2 129 [0]
5 126 [0]
6 125 [0]
8 120 [3]
11 114 [6]
20 106 [5]
4 121 [6]
39 92 [0]
7 125 [0]
7 124 [1]
0 132 [0]
36 90 [6]
6 126 [0]
12 119 [1]
5 123 [4]
9 118 [5]
6 122 [5]
2 131 [0]
6 127 [0]
12 118 [3]
27 104 [2]
1 125 [7]
2 126 [5]
9 122 [2]
9 124 [0]
5 127 [1]
8 122 [3]
16 116 [1]
10 121 [2]
61 72 [0]
4 130 [0]
8 126 [0]
2 125 [7]
8 121 [5]
8 125 [1]
0 135 [0]
27 108 [0]
0 128 [7]
4 125 [6]
2 127 [6]
53 82 [0]
0 136 [0]
8 128 [0]
7 126 [3]
12 121 [3]
0 129 [7]
11 126 [0]
12 125 [0]
23 114 [0]
8 124 [5]
48 90 [0]
1 137 [0]
2 136 [0]
7 130 [1]
8 127 [3]
44 94 [0]
27 110 [1]
8 130 [0]
10 128 [0]
15 124 [0]
1 138 [0]
69 70 [0]
9 125 [5]
9 130 [0]
23 113 [3]
1 134 [4]
16 123 [0]
64 75 [0]
5 134 [1]
0 133 [7]
28 110 [2]
6 130 [4]
50 91 [0]
2 133 [6]
0 134 [7]
22 112 [7]
8 129 [5]
14 128 [0]
21 115 [6]
10 130 [2]
10 129 [3]
5 133 [4]
39 97 [6]
50 86 [6]
9 134 [0]
56 87 [0]
8 132 [3]
6 132 [5]
20 119 [5]
5 138 [1]
9 132 [3]
6 137 [1]
5 139 [0]
10 131 [3]
8 131 [5]
7 132 [5]
10 132 [2]
51 93 [0]
4 137 [4]
2 143 [0]
7 138 [0]
8 137 [0]
0 138 [7]
16 128 [1]
7 137 [1]
8 134 [3]
34 105 [6]
1 145 [0]
6 140 [0]
7 134 [5]
8 138 [0]
9 137 [0]
8 133 [5]
5 140 [1]
14 129 [3]
0 139 [7]
16 129 [1]
14 133 [0]
6 141 [0]
10 137 [0]
16 131 [0]
2 139 [6]
1 140 [6]
27 116 [4]
60 88 [0]
38 110 [0]
8 135 [5]
14 131 [3]
10 135 [3]
4 144 [0]
69 73 [6]
5 143 [0]
31 118 [0]
16 133 [0]
10 136 [3]
4 145 [0]
8 136 [5]
9 140 [0]
0 142 [7]
6 138 [5]
10 138 [2]
1 143 [6]
2 141 [7]
2 147 [1]
8 142 [0]
2 142 [6]
39 111 [0]
39 112 [0]
8 140 [3]
5 145 [1]
0 144 [7]
22 122 [7]
9 141 [1]
2 148 [1]
4 148 [0]
9 143 [0]
15 137 [0]
6 144 [2]
7 141 [4]
16 136 [0]
10 141 [1]
38 108 [6]
2 149 [1]
14 135 [3]
10 140 [2]
0 148 [4]
8 139 [5]
21 132 [0]
1 152 [0]
45 106 [2]
4 149 [0]
7 144 [2]
9 144 [0]
10 143 [0]
50 98 [5]
12 141 [0]
7 147 [0]
27 123 [4]
6 148 [0]
33 117 [4]
30 124 [0]
1 146 [7]
2 146 [6]
10 142 [2]
9 142 [3]
10 145 [0]
4 151 [0]
2 152 [1]
6 147 [2]
3 147 [5]
8 144 [3]
1 148 [6]
1 150 [4]
18 137 [0]
13 142 [0]
6 150 [0]
2 154 [0]
27 128 [1]
9 145 [2]
8 145 [3]
4 147 [5]
45 109 [2]
4 152 [0]
16 139 [1]
10 146 [0]
5 150 [1]
29 127 [0]
50 102 [4]
8 143 [5]
50 104 [2]
4 153 [0]
14 142 [1]
13 143 [1]
0 150 [7]
10 148 [0]
6 152 [0]
0 154 [4]
8 147 [3]
8 150 [0]
14 143 [1]
7 149 [2]
64 91 [3]
51 107 [0]
6 153 [0]
5 154 [0]
8 151 [0]
11 144 [4]
2 151 [6]
1 151 [7]
79 80 [0]
9 148 [2]
7 151 [1]
1 154 [4]
5 149 [5]
16 142 [1]
8 146 [5]
8 148 [3]
5 155 [0]
0 160 [0]
27 133 [0]
8 149 [3]
10 150 [0]
0 161 [0]
75 86 [0]
10 149 [2]
6 151 [4]
1 156 [4]
21 134 [6]
0 155 [7]
7 150 [5]
3 159 [0]
1 155 [6]
5 156 [1]
7 153 [2]
9 150 [3]
5 157 [0]
8 152 [3]
5 158 [0]
28 135 [0]
27 135 [1]
28 128 [7]
9 152 [2]
0 156 [7]
4 156 [4]
0 157 [7]
9 153 [2]
10 152 [2]
8 153 [3]
1 157 [6]
27 136 [1]
1 164 [0]
0 158 [7]
5 160 [0]
6 159 [0]
16 146 [3]
6 154 [5]
7 157 [1]
28 133 [4]
9 151 [5]
2 157 [6]
12 151 [3]
20 141 [5]
8 158 [0]
27 139 [0]
2 163 [1]
28 136 [2]
2 158 [6]
56 110 [0]
1 166 [0]
10 157 [0]
0 163 [4]
24 143 [0]
8 160 [0]
13 155 [0]
11 153 [4]
7 159 [2]
38 128 [2]
8 155 [5]
9 156 [3]
4 159 [5]
0 169 [0]
51 117 [1]
42 127 [0]
0 162 [7]
8 159 [3]
0 170 [0]
4 166 [0]
50 116 [4]
64 104 [2]
5 161 [4]
1 163 [6]
8 157 [5]
13 157 [1]
0 171 [0]
49 115 [7]
2 168 [1]
6 165 [0]
14 157 [1]
1 171 [0]
6 166 [0]
47 125 [0]
9 160 [3]
4 163 [5]
7 160 [5]
2 164 [6]
7 163 [2]
7 164 [1]
16 155 [1]
10 162 [0]
75 98 [0]
5 168 [0]
50 123 [0]
10 163 [0]
27 146 [0]
1 165 [7]
38 129 [6]
5 163 [5]
22 152 [0]
0 167 [7]
22 145 [7]
7 166 [1]
8 161 [5]
9 163 [2]
2 165 [7]
4 164 [6]
2 173 [0]
0 175 [0]
38 133 [4]
38 135 [2]
0 174 [1]
2 167 [6]
4 165 [6]
8 162 [5]
38 131 [6]
1 168 [6]
2 174 [0]
3 173 [0]
7 165 [4]
8 168 [0]
12 164 [0]
28 146 [2]
5 167 [4]
14 162 [0]
4 171 [1]
38 136 [2]
21 156 [0]
16 161 [0]
0 177 [0]
1 170 [6]
4 168 [5]
8 164 [5]
5 171 [1]
22 148 [7]
2 169 [6]
7 168 [2]
6 172 [0]
16 162 [0]
9 164 [5]
10 166 [2]
2 170 [6]
12 165 [1]
39 140 [0]
75 104 [0]
76 103 [0]
6 168 [5]
0 173 [6]
79 100 [0]
1 173 [5]
8 166 [5]
5 170 [4]
9 166 [5]
6 174 [0]
2 178 [0]
8 167 [5]
2 177 [1]
80 100 [0]
10 168 [2]
10 170 [0]
13 167 [0]
75 102 [3]
7 172 [2]
25 149 [7]
2 179 [0]
5 176 [0]
21 160 [0]
5 173 [3]
40 142 [0]
8 171 [3]
9 173 [0]
3 174 [5]
8 169 [5]
4 178 [0]
35 146 [1]
10 169 [3]
4 177 [1]
1 182 [0]
3 180 [0]
0 176 [7]
6 177 [0]
7 173 [3]
68 115 [0]
13 170 [0]
0 179 [4]
2 175 [6]
1 176 [6]
10 171 [2]
7 174 [2]
29 154 [0]
8 172 [3]
2 176 [6]
14 170 [0]
83 101 [0]
27 155 [2]
1 177 [6]
86 98 [0]
89 95 [0]
5 175 [4]
8 176 [0]
16 167 [1]
4 179 [1]
9 174 [2]
2 183 [0]
49 134 [2]
7 178 [0]
0 181 [4]
8 174 [3]
2 184 [0]
9 177 [0]
16 170 [0]
16 169 [1]
45 141 [0]
14 169 [3]
4 181 [1]
1 179 [6]
5 181 [1]
5 182 [0]
7 180 [0]
4 182 [1]
5 177 [5]
5 183 [0]
2 186 [0]
8 177 [3]
56 129 [3]
0 184 [4]
1 183 [4]
6 178 [4]
10 178 [0]
56 128 [4]
56 131 [2]
9 180 [0]
50 139 [0]
34 149 [6]
4 180 [5]
11 172 [6]
36 147 [6]
27 158 [4]
8 179 [3]
7 183 [0]
6 179 [5]
13 176 [1]
13 175 [2]
5 180 [5]
20 165 [5]
9 179 [2]
27 162 [1]
4 183 [4]
7 184 [0]
39 145 [7]
8 183 [0]
9 182 [0]
12 178 [1]
8 180 [3]
0 192 [0]
1 191 [0]
6 181 [5]
9 181 [2]
0 185 [7]
9 183 [0]
27 161 [4]
10 182 [0]
56 136 [0]
79 113 [0]
16 175 [1]
10 181 [2]
10 183 [0]
0 186 [7]
4 184 [5]
22 171 [0]
6 182 [5]
16 176 [1]
80 113 [0]
8 182 [3]
2 192 [0]
5 189 [0]
1 187 [6]
9 185 [0]
0 187 [7]
2 191 [1]
27 167 [0]
5 184 [5]
75 116 [3]
80 114 [0]
9 184 [2]
23 172 [0]
56 135 [4]
2 193 [0]
2 187 [6]
87 108 [0]
25 163 [7]
0 191 [4]
36 159 [0]
1 195 [0]
2 194 [0]
8 188 [0]
5 187 [4]
4 191 [1]
6 185 [5]
10 185 [2]
7 190 [0]
0 197 [0]
7 188 [2]
4 193 [0]
0 193 [4]
4 188 [5]
2 189 [6]
9 188 [0]
7 185 [5]
27 170 [0]
1 189 [7]
20 178 [0]
8 190 [0]
15 183 [0]
6 190 [2]
47 151 [0]
42 154 [2]
4 190 [5]
79 114 [6]
28 169 [2]
5 194 [0]
8 186 [5]
8 191 [0]
48 147 [4]
9 190 [0]
3 194 [2]
1 192 [6]
2 196 [1]
0 194 [6]
8 187 [5]
5 195 [0]
38 162 [0]
98 102 [0]
9 191 [0]
13 187 [0]
1 194 [5]
53 146 [1]
4 195 [1]
23 174 [3]
14 186 [0]
69 132 [0]
4 196 [1]
75 123 [3]
7 192 [2]
0 202 [0]
6 191 [5]
8 189 [5]
16 186 [0]
2 200 [0]
11 188 [3]
27 175 [0]
68 134 [0]
5 192 [5]
7 193 [2]
3 200 [0]
27 176 [0]
8 192 [3]
1 196 [6]
22 181 [0]
5 197 [1]
16 187 [0]
9 193 [2]
1 203 [0]
1 199 [4]
7 194 [3]
10 192 [2]
8 196 [0]
9 195 [0]
1 197 [6]
83 121 [0]
92 112 [0]
49 156 [0]
0 198 [7]
9 194 [2]
73 132 [0]
10 193 [2]
32 171 [2]
16 189 [0]
8 194 [3]
0 201 [4]
11 190 [4]
8 195 [3]
6 200 [0]
1 198 [7]
6 195 [5]
10 196 [0]
21 185 [0]
0 199 [7]
6 199 [1]
2 198 [6]
2 205 [0]
1 206 [0]
4 199 [4]
7 195 [5]
5 200 [2]
50 155 [2]
6 196 [5]
5 198 [4]
10 195 [2]
48 159 [0]
69 138 [0]
5 201 [1]
9 196 [2]
6 197 [5]
8 200 [0]
10 198 [0]
8 197 [3]
50 158 [0]
1 201 [6]
97 111 [0]
22 179 [7]
70 138 [0]
10 197 [2]
5 204 [0]
0 209 [0]
2 206 [1]
9 200 [0]
38 169 [2]
4 200 [5]
25 184 [0]
5 203 [1]
49 160 [0]
2 208 [0]
88 122 [0]
0 210 [0]
33 173 [4]
0 203 [7]
7 200 [3]
7 203 [0]
8 198 [5]
4 203 [4]
9 199 [3]
4 206 [1]
0 204 [7]
7 199 [5]
14 198 [0]
2 210 [0]
8 201 [3]
6 201 [5]
85 127 [0]
41 171 [0]
0 205 [7]
83 130 [0]
47 164 [2]
10 201 [2]
4 208 [1]
100 113 [0]
28 186 [0]
5 209 [0]
5 205 [4]
1 213 [0]
23 188 [3]
2 212 [0]
7 208 [0]
8 207 [0]
5 210 [0]
2 207 [6]
10 205 [0]
17 198 [0]
0 211 [4]
10 203 [2]
16 198 [1]
8 202 [5]
50 161 [4]
27 186 [2]
1 207 [7]
2 214 [0]
98 116 [2]
8 203 [5]
87 129 [0]
5 206 [5]
1 209 [6]
75 139 [3]
0 217 [0]
1 212 [4]
6 206 [5]
8 206 [3]
5 211 [1]
9 206 [2]
2 209 [6]
36 180 [2]
0 218 [0]
102 116 [0]
8 205 [5]
100 114 [4]
25 193 [0]
5 208 [5]
6 213 [0]
2 217 [0]
14 202 [3]
6 212 [1]
34 184 [1]
2 211 [6]
7 212 [0]
5 213 [1]
69 150 [0]
9 208 [2]
16 202 [1]
28 189 [2]
7 213 [0]
6 209 [5]
0 220 [0]
87 131 [2]
10 208 [2]
4 216 [0]
13 204 [3]
16 204 [0]
21 199 [0]
50 167 [3]
0 221 [0]
7 214 [0]
9 212 [0]
16 205 [0]
39 182 [0]
5 217 [0]
2 220 [0]
14 205 [3]
64 155 [3]
6 211 [5]
21 195 [6]
8 211 [3]
56 162 [4]
27 189 [6]
4 219 [0]
5 218 [0]
22 201 [0]
2 216 [5]
8 210 [5]
10 213 [0]
7 215 [1]
1 215 [7]
5 216 [2]
8 216 [0]
3 221 [0]
2 221 [1]
5 215 [4]
1 217 [6]
79 144 [1]
6 216 [2]
10 214 [0]
9 214 [1]
21 203 [0]
6 214 [4]
80 144 [0]
25 192 [7]
7 218 [0]
1 224 [0]
6 219 [0]
8 212 [5]
10 215 [0]
13 210 [2]
51 173 [1]
106 119 [0]
9 213 [3]
50 175 [0]
22 196 [7]
4 215 [6]
7 216 [3]
22 197 [7]
8 218 [0]
4 218 [4]
68 156 [2]
8 213 [5]
16 207 [3]
2 219 [5]
38 186 [2]
5 220 [1]
102 123 [1]
4 223 [0]
16 210 [1]
11 216 [0]
4 222 [1]
9 216 [2]
39 181 [7]
3 219 [5]
0 223 [4]
48 180 [0]
8 220 [0]
34 193 [1]
5 222 [1]
29 197 [2]
7 219 [2]
8 215 [5]
27 202 [0]
68 160 [1]
56 169 [4]
5 223 [1]
4 224 [1]
0 230 [0]
13 217 [0]
9 221 [0]
8 217 [5]
7 221 [2]
12 215 [3]
5 224 [1]
8 219 [3]
9 218 [3]
1 230 [0]
9 222 [0]
57 174 [0]
6 220 [5]
0 224 [7]
5 227 [0]
9 223 [0]
6 221 [5]
28 202 [2]
5 228 [0]
0 226 [7]
28 205 [0]
79 153 [1]
6 222 [5]
2 225 [6]
27 204 [2]
5 229 [0]
64 167 [3]
15 212 [7]
80 153 [1]
0 227 [7]
10 222 [2]
16 217 [1]
6 224 [5]
10 223 [2]
15 213 [7]
0 231 [4]
10 225 [0]
55 180 [0]
8 224 [3]
4 232 [0]
0 236 [0]
5 231 [0]
7 224 [5]
1 228 [7]
75 158 [3]
10 226 [0]
36 200 [0]
5 230 [1]
20 214 [2]
0 229 [7]
25 208 [3]
10 224 [2]
90 147 [0]
6 226 [5]
2 228 [7]
28 207 [2]
2 235 [0]
1 232 [4]
97 140 [0]
2 229 [6]
22 209 [6]
0 234 [4]
4 228 [6]
10 228 [0]
8 225 [5]
29 209 [0]
9 226 [3]
7 226 [5]
4 230 [4]
6 228 [4]
75 161 [3]
2 231 [6]
85 154 [0]
6 232 [1]
64 175 [0]
98 139 [2]
12 228 [0]
8 227 [5]
8 232 [0]
22 211 [7]
7 232 [1]
4 235 [1]
2 238 [1]
2 239 [0]
9 232 [0]
16 225 [0]
27 207 [7]
7 233 [1]
1 234 [6]
2 240 [0]
5 237 [0]
4 237 [1]
0 238 [4]
8 229 [5]
2 233 [7]
8 231 [3]
7 230 [5]
10 230 [2]
14 225 [3]
38 202 [2]
4 234 [5]
9 233 [1]
2 241 [0]
64 176 [3]
0 243 [0]
7 234 [2]
30 213 [0]
6 233 [4]
1 237 [6]
5 234 [5]
2 236 [6]
30 212 [2]
35 207 [2]
9 235 [0]
1 239 [4]
10 234 [0]
22 222 [0]
23 221 [0]
16 227 [1]
10 233 [1]
21 218 [6]
10 235 [0]
9 234 [2]
53 189 [3]
5 235 [5]
8 234 [3]
7 239 [0]
6 240 [0]
54 192 [0]
0 239 [7]
56 186 [4]
43 203 [0]
9 238 [0]
15 232 [0]
1 246 [0]
7 240 [0]
4 238 [5]
1 242 [4]
29 211 [7]
38 205 [4]
8 237 [3]
7 241 [0]
0 244 [4]
9 239 [0]
6 237 [5]
5 242 [1]
5 238 [5]
49 199 [0]
3 241 [5]
4 245 [0]
1 248 [0]
10 236 [3]
10 237 [2]
6 241 [2]
5 244 [0]
0 242 [7]
8 236 [5]
22 220 [7]
1 244 [4]
10 239 [0]
34 208 [7]
97 145 [7]
8 238 [3]
90 159 [0]
4 242 [4]
0 250 [0]
6 244 [0]
4 241 [5]
4 240 [6]
20 228 [2]
10 238 [2]
109 141 [0]
21 230 [0]
8 243 [0]
121 130 [0]
111 140 [0]
10 240 [1]
21 224 [6]
16 236 [0]
4 248 [0]
5 247 [0]
18 232 [2]
22 223 [7]
2 244 [6]
8 239 [5]
80 172 [0]
8 241 [3]
14 236 [3]
1 252 [0]
3 245 [5]
87 162 [4]
7 246 [0]
0 249 [4]
20 233 [0]
42 209 [2]
22 231 [0]
13 239 [1]
105 149 [0]
14 239 [1]
7 242 [5]
69 185 [0]
4 249 [1]
7 245 [2]
64 187 [3]
10 242 [2]
12 240 [3]
5 250 [0]
6 249 [0]
1 250 [4]
2 246 [7]
5 246 [4]
0 248 [7]
42 211 [2]
2 252 [1]
8 248 [0]
2 254 [0]
36 216 [4]
9 247 [0]
4 246 [6]
1 251 [4]
10 243 [3]
50 204 [2]
27 229 [0]
9 245 [2]
6 246 [4]
8 245 [3]
1 249 [6]
5 251 [1]
4 253 [0]
4 252 [1]
14 243 [0]
79 172 [6]
2 249 [6]
4 254 [0]
0 258 [0]
1 257 [0]
27 227 [4]
0 251 [7]
6 247 [5]
0 254 [4]
8 250 [0]
12 246 [0]
98 158 [2]
5 249 [5]
2 257 [0]
4 255 [0]
6 253 [0]
4 251 [4]
10 247 [2]
2 253 [5]
7 248 [5]
0 260 [0]
10 248 [2]
129 131 [0]
73 185 [2]
7 253 [0]
16 243 [1]
0 261 [0]
2 259 [0]
6 255 [0]
7 254 [0]
8 253 [0]
9 252 [0]
10 249 [2]
36 219 [6]
45 214 [2]
10 251 [0]
5 255 [2]
1 261 [0]
39 223 [0]
7 250 [5]
8 254 [0]
2 255 [5]
56 202 [4]
61 199 [2]
10 250 [2]
21 242 [0]
6 252 [5]
0 256 [7]
128 135 [0]
25 235 [3]
25 238 [0]
102 161 [0]
66 197 [0]
8 252 [3]
10 252 [2]
8 256 [0]
0 257 [7]
8 251 [5]
53 207 [4]
42 220 [2]
5 254 [5]
27 236 [1]
9 253 [2]
6 259 [0]
20 240 [5]
7 255 [3]
5 261 [0]
2 264 [0]
5 257 [4]
10 256 [0]
91 175 [0]
8 255 [3]
98 161 [7]
11 255 [0]
0 259 [7]
10 254 [2]
25 234 [7]
4 263 [0]
2 265 [0]
10 257 [0]
49 218 [0]
1 260 [6]
3 259 [5]
29 231 [7]
84 184 [0]
2 260 [6]
1 263 [4]
7 259 [2]
39 222 [7]
0 262 [7]
34 235 [0]
38 225 [6]
0 269 [0]
2 261 [6]
21 248 [0]
5 260 [4]
20 246 [3]
0 270 [0]
1 269 [0]
14 256 [0]
79 190 [1]
6 263 [1]
9 259 [2]
27 243 [1]
1 270 [0]
5 262 [4]
8 258 [5]
82 189 [0]
64 204 [3]
80 190 [1]
14 257 [0]
1 264 [6]
115 156 [0]
48 219 [4]
66 201 [4]
106 165 [0]
4 268 [0]
0 272 [0]
1 271 [0]
14 258 [0]
100 172 [0]
34 238 [0]
79 188 [5]
0 265 [7]
7 266 [0]
0 273 [0]
8 265 [0]
1 268 [4]
5 264 [4]
7 267 [0]
5 269 [0]
43 230 [1]
6 268 [0]
64 210 [0]
8 261 [5]
17 257 [0]
1 274 [0]
9 263 [3]
7 263 [5]
42 231 [2]
13 260 [2]
13 261 [2]
39 237 [0]
0 276 [0]
5 271 [0]
7 268 [1]
38 236 [2]
99 177 [0]
4 267 [5]
22 247 [7]
8 264 [5]
6 271 [0]
8 269 [0]
4 269 [4]
50 227 [0]
8 266 [3]
13 262 [2]
21 250 [6]
9 266 [2]
84 193 [0]
16 260 [1]
16 261 [1]
45 233 [0]
21 251 [6]
2 270 [6]
8 267 [3]
9 267 [2]
0 271 [7]
8 271 [0]
16 257 [6]
2 271 [6]
7 271 [1]
16 262 [1]
99 179 [2]
16 264 [0]
5 274 [1]
2 272 [6]
1 275 [4]
1 273 [6]
9 268 [3]
29 244 [7]
22 252 [7]
127 154 [0]
6 274 [1]
1 276 [4]
3 278 [0]
8 273 [0]
7 269 [5]
8 268 [5]
2 273 [6]
5 273 [4]
8 274 [0]
6 276 [0]
7 275 [0]
7 274 [1]
0 275 [7]
16 265 [1]
14 265 [3]
5 276 [1]
6 277 [0]
36 245 [2]
38 243 [2]
11 266 [6]
9 271 [3]
9 275 [0]
13 271 [0]
119 165 [0]
0 280 [4]
57 221 [6]
2 281 [1]
28 256 [0]
64 217 [3]
1 284 [0]
2 283 [0]
2 278 [5]
8 272 [5]
1 280 [4]
23 259 [3]
4 281 [0]
7 278 [0]
9 276 [0]
4 280 [1]
27 258 [0]
10 272 [3]
2 284 [0]
13 270 [3]
2 277 [7]
8 275 [3]
68 218 [0]
0 279 [7]
28 258 [0]
9 274 [3]
18 268 [0]
9 277 [0]
106 178 [2]
58 228 [0]
6 275 [5]
114 172 [0]
6 278 [2]
4 277 [6]
6 281 [0]
16 270 [1]
10 275 [2]
4 278 [5]
10 276 [2]
8 280 [0]
34 254 [0]
120 168 [0]
56 225 [7]
7 276 [5]
1 281 [6]
7 277 [4]
42 244 [2]
5 279 [4]
5 284 [0]
2 287 [0]
100 188 [1]
6 283 [0]
7 282 [0]
14 272 [3]
36 253 [0]
27 260 [2]
15 274 [0]
21 269 [0]
5 285 [0]
100 190 [0]
1 285 [4]
1 283 [6]
6 282 [2]
27 261 [2]
82 207 [1]
121 166 [3]
23 267 [0]
21 263 [6]
43 242 [6]
3 288 [0]
2 289 [0]
6 280 [5]
0 287 [4]
16 272 [3]
1 286 [4]
7 284 [0]
8 283 [0]
4 282 [5]
8 281 [3]
2 290 [0]
84 208 [0]
8 279 [5]
9 281 [2]
0 285 [7]
99 191 [2]
10 280 [2]
5 286 [1]
5 288 [0]
39 247 [7]
8 282 [3]
1 292 [0]
23 266 [4]
9 282 [2]
43 250 [0]
0 286 [7]
112 181 [0]
10 283 [0]
0 289 [4]
5 287 [1]
48 241 [4]
27 264 [2]
9 283 [2]
0 294 [0]
27 265 [2]
134 160 [0]
43 251 [0]
43 248 [3]
6 284 [4]
91 204 [0]
5 290 [0]
85 209 [1]
28 265 [2]
44 249 [2]
2 288 [5]
7 288 [0]
1 288 [6]
10 285 [0]
5 289 [1]
36 255 [4]
1 295 [0]
88 206 [2]
12 284 [0]
130 166 [0]
12 277 [7]
85 211 [0]
1 289 [6]
7 287 [2]
10 284 [2]
8 286 [3]
1 296 [0]
139 158 [0]
5 292 [0]
0 290 [7]
11 282 [4]
6 291 [0]
8 289 [0]
144 153 [0]
6 286 [5]
20 277 [0]
1 290 [6]
83 215 [0]
4 294 [0]
38 258 [2]
7 286 [5]
8 285 [5]
9 284 [5]
119 178 [1]
38 256 [4]
8 287 [3]
10 286 [2]
2 297 [0]
0 299 [0]
1 298 [0]
8 288 [3]
10 289 [0]
56 243 [0]
1 294 [4]
0 295 [4]
48 245 [6]
10 287 [2]
27 270 [2]
7 291 [2]
2 292 [6]
5 294 [1]
4 291 [5]
73 226 [1]
4 296 [0]
148 152 [0]
7 292 [1]
0 293 [7]
6 289 [5]
111 182 [7]
9 292 [0]
0 301 [0]
2 293 [6]
2 299 [0]
69 226 [6]
107 194 [0]
8 293 [0]
113 188 [0]
22 280 [0]
5 297 [0]
3 297 [2]
5 293 [4]
10 290 [2]
8 291 [3]
9 291 [2]
48 253 [1]
27 273 [2]
8 290 [5]
2 301 [0]
1 302 [0]
9 294 [0]
2 295 [6]
0 297 [6]
58 246 [0]
7 296 [1]
75 229 [0]
10 292 [2]
55 245 [4]
8 292 [5]
8 294 [3]
85 220 [0]
6 294 [5]
0 298 [7]
1 300 [4]
75 227 [3]
14 290 [1]
13 290 [2]
6 295 [5]
10 294 [2]
3 303 [0]
30 274 [2]
1 299 [6]
8 298 [0]
2 298 [6]
147 159 [0]
7 297 [3]
38 265 [4]
20 284 [3]
5 298 [4]
0 304 [4]
0 308 [0]
5 302 [1]
9 296 [3]
8 300 [0]
5 299 [4]
4 300 [4]
0 309 [0]
8 301 [0]
29 280 [0]
6 302 [1]
8 296 [5]
2 308 [0]
4 302 [4]
22 281 [7]
7 301 [2]
27 279 [4]
0 311 [0]
10 301 [0]
13 298 [0]
5 301 [5]
7 303 [2]
9 303 [0]
3 309 [0]
22 283 [7]
9 300 [3]
8 299 [5]
21 285 [6]
4 303 [5]
32 280 [0]
0 305 [7]
8 305 [0]
0 313 [0]
9 297 [7]
5 307 [1]
4 304 [5]
4 308 [1]
1 306 [6]
13 299 [2]
4 310 [0]
50 262 [2]
15 292 [7]
7 307 [0]
7 302 [5]
9 302 [3]
8 306 [0]
5 304 [5]
16 298 [0]
18 296 [0]
1 307 [6]
23 291 [0]
5 310 [0]
0 315 [0]
2 313 [0]
8 304 [3]
9 304 [2]
1 310 [4]
8 307 [0]
2 307 [6]
151 164 [0]
5 306 [4]
1 309 [5]
43 269 [3]
16 299 [1]
4 312 [0]
101 215 [0]
56 256 [4]
38 272 [6]
10 304 [2]
2 309 [5]
1 316 [0]
2 315 [0]
9 308 [0]
1 312 [4]
49 263 [5]
132 185 [0]
56 258 [4]
3 315 [0]
8 310 [0]
10 306 [2]
10 308 [0]
92 223 [3]
10 305 [3]
22 289 [7]
9 306 [3]
14 305 [0]
7 312 [0]
8 308 [3]
10 307 [2]
25 287 [7]
9 307 [3]
85 231 [3]
27 290 [2]
6 308 [5]
7 309 [3]
3 317 [0]
8 312 [0]
13 306 [1]
9 309 [2]
2 317 [1]
5 311 [4]
1 320 [0]
18 300 [3]
14 306 [1]
0 314 [7]
1 314 [6]
5 316 [0]
4 315 [2]
21 294 [6]
7 315 [0]
45 277 [0]
5 313 [4]
9 310 [3]
6 315 [2]
6 312 [5]
8 315 [0]
33 288 [2]
6 316 [1]
50 270 [3]
8 311 [5]
27 293 [4]
10 312 [2]
5 319 [0]
9 312 [3]
7 316 [1]
61 263 [0]
64 260 [0]
56 265 [4]
3 322 [0]
8 317 [0]
84 235 [6]
109 214 [2]
50 273 [2]
6 317 [2]
5 321 [0]
2 322 [2]
0 319 [7]
7 318 [1]
34 287 [6]
7 317 [3]
6 320 [1]
9 318 [0]
2 324 [1]
2 318 [7]
87 236 [4]
8 314 [5]
0 323 [4]
27 299 [2]
64 264 [0]
43 285 [0]
0 324 [4]
122 206 [0]
6 318 [4]
10 316 [2]
1 321 [6]
0 321 [7]
7 320 [1]
16 311 [1]
0 322 [6]
1 323 [4]
13 313 [2]
0 327 [1]
4 320 [4]
2 321 [6]
21 302 [6]
2 327 [0]
98 229 [2]
7 322 [0]
64 262 [3]
50 279 [0]
13 314 [2]
8 316 [5]
9 320 [0]
25 304 [0]
102 227 [0]
4 326 [0]
3 327 [0]
29 295 [6]
48 278 [4]
11 315 [4]
56 272 [2]
16 313 [1]
7 324 [0]
4 327 [0]
1 324 [6]
2 329 [0]
16 314 [1]
5 326 [0]
1 326 [4]
8 324 [0]
10 320 [2]
98 227 [7]
8 319 [5]
0 325 [7]
1 325 [6]
24 306 [2]
25 301 [7]
3 328 [2]
42 289 [2]
4 324 [5]
9 322 [2]
2 331 [0]
9 324 [0]
4 330 [0]
5 324 [5]
8 323 [3]
4 328 [2]
6 323 [5]
8 321 [5]
5 325 [4]
97 237 [0]
15 320 [0]
4 331 [0]
8 327 [0]
1 328 [6]
112 222 [1]
10 323 [2]
6 327 [2]
33 297 [6]
85 244 [7]
124 212 [0]
5 330 [1]
0 329 [7]
16 319 [1]
22 308 [7]
1 336 [0]
42 295 [0]
6 328 [3]
7 327 [3]
8 326 [3]
21 310 [6]
64 270 [3]
15 316 [7]
11 327 [0]
8 325 [5]
4 333 [1]
7 328 [3]
10 326 [2]
112 223 [3]
9 330 [0]
21 312 [6]
8 328 [3]
1 338 [0]
36 303 [0]
51 288 [0]
5 333 [1]
9 328 [2]
10 330 [0]
4 336 [0]
6 334 [0]
9 331 [0]
27 313 [0]
20 318 [2]
18 320 [2]
1 333 [6]
7 331 [2]
1 332 [7]
75 264 [2]
1 340 [0]
2 332 [7]
3 336 [2]
8 333 [0]
6 330 [5]
5 331 [5]
2 340 [0]
10 329 [3]
6 332 [4]
2 339 [1]
8 329 [5]
10 332 [0]
27 311 [4]
7 334 [1]
4 332 [6]
16 325 [1]
50 293 [0]
0 343 [0]
2 334 [7]
7 332 [4]
94 249 [0]
27 314 [2]
2 335 [7]
2 342 [0]
34 304 [6]
3 341 [0]
8 336 [0]
9 333 [2]
9 334 [1]
148 196 [0]
8 337 [0]
0 345 [0]
10 333 [2]
12 332 [1]
6 336 [3]
6 337 [2]
2 341 [2]
7 338 [0]
6 335 [4]
22 323 [0]
38 305 [2]
4 335 [6]
1 345 [0]
6 340 [0]
7 336 [3]
7 337 [2]
7 335 [4]
27 319 [0]
33 309 [4]
1 346 [0]
80 266 [1]
30 316 [1]
2 338 [7]
3 339 [5]
7 341 [0]
12 335 [1]
109 233 [6]
75 273 [0]
9 337 [2]
6 342 [0]
69 276 [3]
16 329 [3]
6 338 [4]
73 275 [0]
4 339 [5]
7 339 [2]
27 321 [0]
7 340 [1]
4 338 [6]
2 346 [1]
1 348 [0]
10 338 [1]
70 276 [3]
5 339 [5]
5 341 [3]
79 266 [4]
8 342 [0]
69 275 [6]
4 346 [0]
90 253 [7]
12 338 [0]
8 339 [3]
3 342 [5]
9 339 [2]
0 350 [1]
2 349 [0]
2 343 [6]
6 345 [0]
0 344 [7]
91 260 [0]
4 342 [5]
79 267 [5]
5 345 [1]
22 330 [0]
27 325 [0]
4 348 [0]
37 315 [0]
11 337 [4]
5 347 [0]
8 341 [3]
51 297 [4]
9 341 [2]
49 302 [2]
5 344 [4]
22 326 [5]
8 340 [5]
4 350 [0]
6 348 [0]
10 344 [0]
15 340 [0]
32 323 [0]
3 350 [2]
22 333 [0]
141 214 [0]
111 237 [7]
129 225 [1]
6 349 [0]
78 277 [0]
20 335 [0]
48 303 [4]
0 351 [4]
9 346 [0]
5 346 [5]
4 351 [1]
131 225 [0]
20 334 [2]
25 324 [7]
7 349 [0]
8 343 [5]
10 343 [3]
70 286 [0]
9 348 [0]
2 355 [0]
2 350 [5]
4 352 [1]
91 262 [4]
7 345 [5]
20 332 [5]
6 346 [5]
8 346 [3]
10 345 [2]
14 343 [0]
75 279 [3]
1 350 [6]
9 345 [3]
32 326 [0]
2 356 [0]
5 352 [1]
8 350 [0]
1 351 [6]
9 347 [2]
6 347 [5]
8 347 [3]
16 343 [0]
5 354 [0]
8 351 [0]
13 344 [2]
29 323 [7]
14 344 [1]
1 352 [6]
25 331 [3]
132 226 [1]
36 317 [6]
33 322 [4]
10 347 [2]
2 351 [6]
4 349 [6]
19 336 [5]
7 350 [3]
0 353 [7]
7 348 [5]
4 356 [0]
105 254 [1]
9 352 [0]
1 360 [0]
4 357 [0]
9 350 [2]
10 351 [0]
12 349 [0]
50 311 [0]
16 344 [1]
69 286 [6]
56 305 [0]
86 273 [2]
51 309 [1]
0 354 [7]
1 361 [0]
6 356 [0]
5 353 [4]
0 355 [7]
2 354 [6]
1 355 [6]
1 354 [7]
29 326 [7]
6 351 [5]
55 303 [4]
119 240 [3]
2 361 [0]
80 282 [1]
1 362 [0]
1 356 [6]
45 318 [0]
50 313 [0]
176 187 [0]
8 352 [3]
0 364 [0]
3 361 [0]
64 298 [2]
1 359 [4]
7 357 [0]
10 352 [2]
4 359 [1]
23 337 [4]
34 331 [0]
5 359 [1]
0 358 [7]
112 247 [6]
147 219 [0]
100 266 [0]
1 365 [0]
5 361 [0]
10 353 [3]
2 358 [6]
49 310 [7]
91 270 [5]
14 353 [0]
10 355 [2]
9 355 [3]
4 363 [0]
5 362 [0]
8 359 [0]
0 360 [7]
9 356 [2]
100 267 [0]
10 354 [3]
50 314 [3]
8 356 [3]
8 354 [5]
139 229 [0]
5 363 [0]
8 355 [5]
177 191 [0]
2 360 [6]
13 355 [0]
104 264 [0]
13 353 [2]
8 357 [3]
50 319 [0]
0 369 [0]
137 232 [0]
8 361 [0]
38 329 [2]
88 281 [0]
19 350 [0]
0 362 [7]
48 317 [4]
5 365 [0]
2 368 [0]
4 362 [4]
6 359 [5]
14 355 [1]
30 340 [0]
61 302 [7]
16 354 [0]
2 363 [5]
5 366 [0]
3 368 [0]
10 359 [2]
75 293 [3]
7 361 [3]
10 358 [3]
6 363 [2]
8 358 [5]
8 363 [0]
9 359 [3]
128 243 [0]
79 291 [1]
1 371 [0]
2 370 [0]
4 368 [0]
5 367 [0]
4 367 [1]
1 367 [4]
8 364 [0]
4 366 [2]
9 361 [2]
0 371 [1]
80 291 [1]
10 360 [2]
50 321 [1]
22 351 [0]
0 373 [0]
8 360 [5]
7 366 [0]
2 366 [5]
8 362 [3]
27 344 [2]
51 322 [0]
2 365 [6]
7 363 [3]
4 364 [5]
6 368 [0]
1 373 [0]
8 366 [0]
11 363 [0]
14 360 [0]
5 364 [5]
2 371 [1]
141 233 [0]
20 349 [5]
6 366 [2]
16 358 [0]
13 360 [1]
0 375 [0]
2 373 [0]
21 348 [6]
36 339 [0]
9 364 [2]
50 325 [0]
39 330 [6]
10 364 [2]
6 371 [0]
11 366 [0]
0 370 [7]
22 356 [0]
0 378 [0]
8 365 [5]
68 310 [0]
7 371 [0]
6 367 [5]
64 314 [0]
8 367 [3]
33 341 [4]
36 342 [0]
4 375 [0]
0 379 [0]
175 204 [0]
5 374 [0]
10 367 [2]
8 368 [3]
0 372 [7]
5 370 [4]
5 373 [1]
21 359 [0]
9 371 [0]
6 374 [0]
8 369 [3]
64 313 [3]
4 371 [5]
6 369 [5]
23 357 [0]
114 266 [0]
16 365 [0]
2 379 [0]
0 381 [0]
38 343 [0]
5 371 [5]
27 354 [0]
86 293 [2]
45 334 [2]
102 279 [0]
7 369 [5]
22 352 [7]
5 372 [4]
2 374 [5]
8 373 [0]
93 288 [0]
10 369 [2]
9 369 [3]
27 353 [2]
0 382 [0]
113 267 [2]
5 377 [0]
29 351 [2]
7 376 [0]
1 382 [0]
3 375 [5]
2 381 [0]
8 370 [5]
10 371 [2]
21 362 [0]
45 338 [0]
6 375 [2]
9 375 [0]
2 382 [0]
8 376 [0]
98 279 [7]
3 379 [2]
7 375 [2]
14 370 [0]
1 376 [7]
7 374 [3]
2 380 [2]
2 383 [0]
8 374 [3]
1 378 [6]
9 376 [0]
2 377 [6]
24 360 [1]
128 256 [1]
10 373 [2]
8 372 [5]
5 376 [4]
1 377 [7]
3 380 [2]
39 347 [0]
5 381 [0]
4 376 [6]
0 380 [6]
27 358 [1]
7 379 [0]
28 354 [4]
24 355 [7]
2 378 [6]
7 378 [1]
1 380 [5]
8 375 [3]
3 384 [0]
6 381 [0]
158 229 [0]
176 210 [1]
5 378 [4]
56 329 [2]
85 295 [7]
8 380 [0]
2 386 [0]
1 381 [6]
9 379 [0]
5 380 [3]
12 376 [0]
147 241 [0]
186 202 [0]
21 367 [0]
1 388 [0]
4 385 [0]
100 282 [7]
75 311 [3]
7 382 [0]
11 374 [4]
16 372 [1]
1 389 [0]
6 384 [0]
8 382 [0]
21 369 [0]
11 375 [4]
8 377 [5]
10 378 [2]
13 378 [0]
4 387 [0]
2 384 [5]
5 386 [0]
135 256 [0]
39 352 [0]
9 380 [2]
48 342 [1]
2 388 [1]
5 385 [1]
0 387 [4]
8 384 [0]
105 287 [0]
0 388 [4]
0 385 [7]
5 382 [5]
16 377 [0]
5 388 [0]
98 293 [2]
10 383 [0]
6 383 [4]
14 378 [1]
4 383 [6]
1 386 [6]
7 384 [2]
0 394 [0]
176 217 [1]
2 391 [1]
1 387 [6]
27 365 [2]
5 390 [0]
55 339 [1]
0 391 [4]
174 221 [0]
12 383 [1]
25 364 [7]
0 389 [7]
9 388 [0]
0 397 [0]
187 210 [0]
1 396 [0]
7 385 [5]
0 393 [4]
4 393 [0]
8 389 [0]
75 319 [3]
10 385 [2]
2 389 [6]
6 387 [5]
0 398 [0]
5 393 [0]
38 358 [2]
2 390 [6]
10 388 [0]
9 386 [3]
5 389 [4]
9 387 [2]
10 386 [2]
100 291 [7]
197 201 [0]
1 390 [7]
6 388 [5]
4 395 [0]
124 274 [1]
51 341 [7]
27 370 [2]
10 387 [2]
8 386 [5]
8 388 [3]
75 321 [3]
2 398 [0]
4 396 [0]
5 395 [0]
28 370 [2]
8 392 [0]
7 391 [2]
1 395 [4]
9 391 [0]
4 391 [5]
14 386 [0]
1 400 [0]
129 272 [0]
4 392 [5]
1 394 [6]
7 392 [2]
0 395 [7]
5 397 [0]
29 373 [0]
2 394 [6]
22 373 [7]
5 396 [1]
10 393 [0]
36 363 [4]
77 326 [0]
75 325 [3]
20 383 [0]
8 390 [5]
27 372 [4]
181 222 [0]
2 401 [1]
7 397 [0]
1 403 [0]
8 396 [0]
36 368 [0]
152 252 [0]
34 364 [6]
13 389 [2]
9 393 [2]
8 393 [3]
1 404 [0]
2 403 [0]
9 396 [0]
16 390 [0]
21 385 [0]
5 400 [1]
137 268 [1]
16 389 [1]
0 399 [7]
2 405 [0]
8 399 [0]
8 394 [5]
0 400 [7]
13 394 [0]
122 281 [4]
0 403 [4]
25 382 [0]
1 407 [0]
10 396 [2]
8 395 [5]
4 400 [4]
0 409 [0]
1 408 [0]
2 407 [0]
7 402 [0]
8 401 [0]
61 348 [0]
10 397 [2]
9 401 [0]
2 402 [6]
105 301 [4]
16 394 [0]
1 402 [7]
27 377 [6]
1 406 [4]
185 226 [0]
6 404 [1]
22 387 [2]
10 401 [0]
49 362 [0]
10 398 [3]
86 325 [0]
4 408 [0]
10 402 [0]
4 402 [6]
10 400 [2]
7 404 [1]
38 370 [4]
14 398 [0]
24 386 [2]
3 407 [2]
6 402 [4]
2 404 [6]
6 401 [5]
1 405 [6]
35 377 [0]
14 399 [0]
8 400 [5]
0 407 [6]
51 361 [1]
0 406 [7]
1 413 [0]
9 405 [0]
7 407 [0]
10 404 [0]
56 358 [0]
6 403 [5]
2 406 [6]
117 297 [0]
0 408 [7]
0 415 [0]
5 406 [4]
16 398 [1]
3 410 [2]
5 405 [5]
9 402 [5]
6 405 [5]
9 404 [3]
33 379 [4]
8 405 [3]
1 416 [0]
5 407 [5]
29 381 [7]
12 402 [3]
22 388 [7]
69 345 [3]
2 410 [5]
2 409 [6]
42 373 [2]
27 390 [0]
8 404 [5]
1 412 [4]
89 328 [0]
48 368 [1]
0 418 [0]
1 417 [0]
27 389 [2]
5 412 [1]
178 240 [0]
5 410 [3]
2 416 [0]
10 406 [2]
98 319 [1]
22 396 [0]
80 337 [1]
1 418 [0]
0 419 [0]
7 411 [1]
0 412 [7]
6 413 [0]
10 409 [0]
1 414 [4]
25 391 [3]
102 311 [6]
4 415 [1]
1 419 [0]
7 410 [3]
2 411 [7]
5 415 [0]
14 406 [0]
2 417 [1]
10 408 [2]
36 384 [0]
13 406 [1]
4 412 [4]
7 414 [0]
21 400 [0]
8 410 [3]
8 408 [5]
6 414 [1]
6 411 [4]
84 331 [6]
127 295 [0]
2 420 [0]
21 395 [6]
4 418 [0]
8 409 [5]
1 415 [6]
2 413 [7]
1 422 [0]
0 423 [0]
50 372 [1]
5 418 [0]
95 328 [0]
4 413 [6]
76 344 [3]
8 415 [0]
27 394 [2]
10 412 [2]
7 413 [4]
21 397 [6]
180 245 [0]
2 423 [0]
27 398 [0]
25 393 [7]
20 402 [3]
9 416 [0]
147 278 [0]
8 412 [5]
42 381 [2]
5 416 [4]
16 409 [0]
1 425 [0]
8 418 [0]
12 413 [1]
14 409 [3]
6 415 [5]
9 414 [3]
89 336 [1]
10 416 [0]
9 413 [4]
15 404 [7]
27 399 [0]
34 393 [0]
5 422 [0]
0 420 [7]
4 422 [1]
1 423 [4]
34 391 [3]
6 422 [0]
7 421 [0]
9 419 [0]
6 417 [5]
0 424 [4]
9 417 [2]
8 417 [3]
18 404 [6]
6 418 [5]
6 423 [0]
0 429 [0]
2 427 [0]
26 400 [3]
13 416 [0]
64 365 [0]
76 353 [0]
4 424 [1]
28 399 [2]
0 422 [7]
4 421 [5]
68 362 [0]
7 418 [5]
8 419 [3]
9 418 [3]
109 318 [3]
6 419 [5]
5 424 [1]
115 310 [5]
22 401 [7]
97 333 [0]
9 422 [0]
6 425 [0]
7 419 [5]
14 416 [1]
10 419 [2]
211 220 [0]
8 421 [3]
2 430 [0]
0 432 [0]
8 424 [0]
10 422 [0]
39 387 [6]
51 380 [1]
95 336 [1]
29 403 [0]
48 384 [0]
9 421 [2]
181 247 [4]
0 425 [7]
8 422 [3]
10 420 [3]
2 431 [0]
5 428 [0]
90 342 [1]
0 426 [7]
20 411 [2]
6 427 [0]
8 420 [5]
203 230 [0]
21 412 [0]
26 408 [0]
88 346 [0]
0 430 [4]
4 430 [0]
1 429 [4]
4 429 [1]
5 429 [0]
43 385 [6]
9 425 [0]
6 429 [0]
21 414 [0]
7 427 [1]
10 425 [0]
53 377 [5]
6 424 [5]
5 426 [4]
21 408 [6]
9 424 [2]
128 305 [2]
79 357 [0]
4 432 [0]
1 428 [7]
137 296 [3]
2 428 [6]
174 259 [3]
54 382 [0]
148 283 [5]
10 424 [2]
8 425 [3]
4 433 [0]
8 429 [0]
38 399 [0]
137 300 [0]
1 430 [6]
7 425 [5]
0 433 [4]
176 261 [0]
14 420 [3]
9 427 [1]
5 433 [0]
6 432 [0]
8 430 [0]
10 426 [2]
175 262 [1]
152 283 [4]
5 434 [0]
2 432 [5]
1 431 [7]
1 434 [4]
6 434 [0]
4 436 [0]
5 431 [4]
3 432 [5]
8 432 [0]
14 426 [0]
33 407 [0]
43 397 [0]
5 430 [5]
135 305 [0]
8 433 [0]
6 430 [5]
0 434 [7]
100 337 [4]
9 430 [2]
8 428 [5]
211 231 [0]
38 398 [6]
7 432 [3]
1 442 [0]
53 390 [0]
5 438 [0]
1 438 [4]
73 369 [1]
7 436 [0]
2 436 [5]
75 365 [3]
208 235 [0]
106 338 [0]
4 435 [5]
7 435 [2]
6 438 [0]
69 369 [6]
97 347 [0]
6 433 [5]
22 415 [7]
3 436 [5]
29 415 [0]
6 436 [2]
8 431 [5]
9 433 [3]
7 437 [1]
21 418 [6]
2 444 [0]
7 434 [5]
10 434 [2]
109 334 [3]
2 437 [7]
4 438 [4]
9 435 [2]
43 400 [3]
8 435 [3]
22 417 [7]
75 372 [0]
1 446 [0]
16 428 [3]
0 443 [4]
33 410 [4]
4 443 [0]
103 344 [0]
24 416 [7]
5 442 [0]
8 436 [3]
2 439 [6]
6 437 [4]
2 440 [5]
23 421 [3]
0 448 [0]
1 447 [0]
112 330 [6]
6 440 [2]
3 440 [5]
143 306 [0]
2 447 [0]
7 441 [1]
0 442 [7]
20 427 [2]
4 444 [1]
154 295 [0]
87 358 [4]
4 446 [0]
2 441 [7]
9 438 [3]
2 442 [6]
7 438 [5]
5 446 [0]
0 451 [0]
9 441 [1]
9 437 [5]
6 441 [4]
3 448 [0]
43 408 [0]
203 248 [0]
186 258 [7]
119 332 [0]
1 444 [6]
49 395 [7]
8 440 [3]
1 451 [0]
9 443 [0]
0 445 [7]
10 437 [5]
8 439 [5]
21 425 [6]
22 424 [7]
5 448 [0]
209 244 [0]
8 445 [0]
10 443 [0]
27 426 [0]
203 250 [0]
126 327 [0]
5 443 [5]
5 449 [0]
10 444 [0]
1 448 [5]
79 375 [0]
119 335 [0]
5 445 [4]
7 446 [1]
1 454 [0]
6 444 [5]
7 447 [1]
8 444 [3]
198 257 [0]
188 267 [0]
16 439 [0]
99 356 [0]
22 433 [0]
43 412 [0]
8 448 [0]
148 308 [0]
114 337 [5]
0 455 [1]
10 446 [0]
4 451 [1]
28 428 [0]
103 353 [0]
14 439 [3]
2 455 [0]
4 447 [6]
6 447 [4]
1 449 [7]
9 448 [0]
5 451 [1]
10 447 [0]
2 449 [6]
1 450 [6]
100 357 [0]
4 454 [0]
2 456 [0]
2 450 [6]
29 423 [6]
90 368 [0]
7 448 [3]
203 251 [4]
22 429 [7]
1 453 [4]
8 450 [0]
45 411 [2]
45 413 [0]
117 341 [0]
29 429 [0]
5 453 [1]
5 454 [0]
51 407 [1]
9 447 [3]
7 452 [0]
111 347 [1]
129 329 [1]
83 376 [0]
0 452 [7]
5 450 [4]
16 442 [1]
0 456 [4]
82 377 [1]
6 453 [1]
202 258 [0]
0 459 [1]
219 241 [0]
8 447 [5]
9 446 [5]
20 441 [0]
1 460 [0]
27 428 [6]
10 449 [2]
12 446 [3]
28 431 [2]
7 453 [1]
8 453 [0]
27 431 [3]
9 452 [0]
10 451 [0]
1 455 [5]
3 455 [3]
32 429 [0]
16 445 [0]
2 460 [0]
1 461 [0]
10 452 [0]
10 450 [2]
5 457 [0]
4 455 [3]
6 451 [5]
7 455 [0]
20 437 [5]
199 263 [0]
141 318 [3]
51 410 [1]
8 454 [0]
2 459 [1]
12 447 [3]
9 453 [0]
1 462 [0]
1 456 [6]
6 452 [5]
5 455 [3]
7 451 [5]
9 451 [3]
137 320 [6]
0 460 [4]
1 463 [0]
6 458 [0]
6 455 [3]
2 457 [5]
8 456 [0]
35 428 [1]
4 458 [2]
4 460 [1]
124 340 [1]
14 450 [1]
5 458 [2]
2 458 [5]
9 456 [0]
0 465 [0]
14 449 [2]
16 449 [0]
21 438 [6]
68 395 [2]
9 455 [2]
6 460 [0]
17 449 [0]
22 444 [0]
27 439 [0]
35 431 [0]
5 456 [5]
10 454 [2]
85 381 [0]
204 262 [0]
7 457 [3]
39 424 [4]
3 459 [5]
7 458 [3]
6 462 [0]
119 349 [0]
5 462 [1]
8 457 [3]
122 346 [0]
10 456 [2]
28 439 [2]
2 461 [6]
8 458 [3]
7 461 [1]
155 314 [0]
1 464 [4]
0 462 [7]
107 361 [1]
222 247 [0]
4 464 [1]
5 464 [1]
4 466 [0]
6 459 [5]
9 459 [2]
1 465 [4]
147 317 [6]
8 463 [0]
27 442 [2]
4 461 [6]
8 460 [3]
216 255 [0]
7 463 [1]
5 467 [0]
82 390 [0]
104 365 [3]
230 242 [0]
190 282 [0]
39 433 [0]
10 460 [2]
21 451 [0]
5 463 [4]
7 466 [0]
8 465 [0]
11 458 [4]
129 343 [1]
2 470 [1]
9 462 [3]
3 466 [5]
1 473 [0]
10 462 [2]
7 462 [5]
8 461 [5]
6 466 [2]
27 445 [2]
0 467 [7]
12 463 [0]
5 470 [0]
8 464 [3]
176 298 [1]
15 453 [7]
183 292 [0]
7 468 [0]
203 269 [3]
61 414 [0]
9 461 [5]
6 464 [5]
84 391 [0]
176 299 [0]
25 443 [7]
10 463 [2]
5 471 [0]
7 469 [0]
22 454 [0]
3 471 [2]
12 461 [3]
36 436 [4]
113 357 [6]
79 392 [6]
115 362 [0]
7 470 [0]
10 465 [2]
4 468 [5]
24 450 [3]
7 465 [5]
0 471 [6]
8 466 [3]
101 376 [0]
2 469 [7]
0 478 [0]
1 477 [0]
9 469 [0]
2 471 [5]
1 471 [6]
145 333 [0]
22 456 [0]
4 470 [5]
6 469 [4]
21 452 [6]
10 469 [0]
8 468 [3]
11 468 [0]
92 387 [0]
9 468 [2]
4 474 [1]
5 474 [1]
5 475 [0]
221 259 [0]
2 472 [6]
10 470 [0]
167 313 [0]
3 475 [2]
9 470 [2]
8 470 [3]
1 476 [4]
66 415 [0]
7 471 [3]
4 476 [1]
0 475 [6]
38 439 [4]
2 475 [5]
5 476 [1]
8 474 [0]
2 480 [0]
2 473 [7]
53 428 [1]
23 459 [0]
13 467 [2]
173 309 [0]
36 440 [6]
5 478 [0]
9 474 [0]
30 453 [0]
4 473 [6]
6 473 [4]
34 443 [6]
10 474 [0]
180 303 [1]
16 467 [1]
7 473 [4]
0 477 [7]
8 477 [0]
87 398 [0]
6 474 [5]
10 472 [3]
7 475 [3]
8 472 [5]
53 431 [1]
21 465 [0]
3 483 [0]
5 481 [0]
8 475 [3]
10 476 [0]
14 472 [0]
5 477 [4]
0 487 [0]
2 485 [0]
2 484 [1]
140 347 [0]
2 479 [6]
8 476 [3]
1 482 [4]
1 480 [6]
69 419 [0]
5 483 [0]
0 481 [7]
8 480 [0]
32 454 [2]
1 481 [6]
10 478 [0]
0 484 [4]
5 479 [4]
6 482 [1]
7 482 [0]
10 479 [0]
22 460 [7]
29 460 [0]
106 383 [0]
16 472 [1]
147 342 [0]
3 487 [0]
7 483 [0]
183 307 [0]
1 483 [6]
3 485 [2]
4 486 [1]
9 482 [0]
2 489 [0]
9 480 [2]
1 490 [0]
13 478 [0]
107 380 [4]
22 464 [5]
20 469 [2]
203 285 [3]
2 487 [2]
6 480 [5]
6 486 [0]
5 487 [0]
3 489 [0]
48 440 [4]
8 484 [0]
9 483 [0]
8 479 [5]
100 392 [0]
2 491 [0]
4 489 [0]
1 487 [5]
5 485 [3]
8 485 [0]
7 484 [2]
1 486 [6]
73 419 [1]
14 478 [1]
16 477 [0]
20 473 [0]
97 396 [0]
5 484 [5]
0 494 [0]
33 457 [4]
7 487 [0]
4 484 [6]
8 481 [5]
36 458 [0]
8 483 [3]
69 425 [0]
16 478 [1]
16 479 [0]
7 485 [3]
0 488 [7]
9 484 [2]
85 403 [7]
7 489 [0]
32 464 [0]
6 487 [3]
78 413 [5]
10 484 [2]
27 467 [2]
0 497 [0]
7 490 [0]
145 352 [0]
23 468 [6]
8 486 [3]
6 489 [2]
5 488 [4]
50 445 [2]
16 481 [1]
219 278 [1]
10 486 [2]
0 491 [7]
9 487 [2]
29 464 [6]
8 491 [0]
6 492 [1]
22 476 [1]
5 490 [4]
0 495 [4]
56 439 [4]
1 492 [6]
5 495 [0]
232 268 [0]
0 500 [0]
0 496 [4]
7 492 [1]
88 405 [7]
8 492 [0]
79 421 [0]
4 490 [6]
51 448 [1]
6 490 [4]
0 493 [7]
6 495 [0]
5 496 [0]
93 407 [1]
10 488 [3]
21 474 [6]
8 493 [0]
173 322 [6]
4 496 [1]
5 493 [4]
9 490 [3]
25 470 [7]
10 490 [2]
0 501 [1]
1 495 [6]
76 426 [1]
8 490 [5]
69 434 [0]
133 370 [0]
4 497 [2]
1 500 [2]
4 500 [0]
6 498 [0]
2 497 [5]
7 497 [0]
1 499 [4]
27 477 [0]
5 498 [1]
2 500 [2]
9 492 [3]
10 491 [3]
5 500 [0]
1 504 [0]
2 501 [2]
119 383 [3]
3 502 [0]
9 496 [0]
6 497 [2]
6 494 [5]
5 499 [1]
5 501 [0]
1 505 [0]
10 494 [2]
7 499 [0]
227 279 [0]
61 438 [7]
10 496 [0]
108 398 [0]
7 494 [5]
9 494 [3]
15 492 [0]
8 499 [0]
195 312 [0]
74 433 [0]
16 491 [0]
2 499 [6]
28 479 [0]
113 392 [2]
4 499 [4]
27 479 [1]
3 501 [3]
27 478 [2]
1 507 [0]
4 504 [0]
7 501 [0]
85 423 [0]
47 461 [0]
9 499 [0]
33 475 [0]
10 498 [0]
27 481 [0]
22 486 [0]
8 497 [3]
36 466 [6]
9 498 [2]
2 507 [0]
7 502 [0]
64 442 [3]
2 502 [5]
51 457 [1]
21 482 [6]
8 498 [3]
22 480 [7]
2 508 [0]
6 504 [0]
9 501 [0]
6 502 [2]
6 501 [3]
70 434 [6]
34 470 [6]
43 465 [3]
4 507 [0]
9 500 [2]
7 504 [0]
181 330 [0]
33 471 [7]
2 503 [6]
8 500 [3]
4 502 [5]
2 510 [0]
7 505 [0]
5 503 [4]
5 506 [1]
8 501 [3]
8 505 [0]
1 512 [0]
3 510 [0]
4 509 [0]
8 502 [3]
2 505 [6]
2 512 [0]
9 505 [0]
15 499 [0]
82 431 [1]
32 476 [6]
6 509 [0]
147 368 [0]
35 479 [1]
178 335 [2]
115 395 [5]
2 513 [1]
8 503 [5]
10 504 [2]
10 503 [3]
57 459 [0]
2 509 [5]
2 515 [0]
0 517 [0]
7 510 [0]
8 506 [3]
12 505 [0]
3 509 [5]
5 510 [2]
9 506 [2]
8 504 [5]
27 488 [2]
0 518 [0]
8 510 [0]
48 466 [4]
8 507 [3]
10 506 [2]
0 511 [7]
6 510 [2]
9 507 [2]
6 513 [0]
99 417 [3]
2 517 [0]
3 514 [2]
5 514 [0]
9 510 [0]
16 503 [0]
7 509 [3]
241 278 [0]
9 511 [0]
1 513 [6]
4 516 [0]
8 509 [3]
50 467 [3]
8 512 [0]
79 435 [6]
75 445 [0]
14 503 [3]
69 452 [0]
0 521 [0]
7 514 [0]
8 513 [0]
8 508 [5]
2 514 [5]
10 508 [3]
22 500 [0]
5 516 [1]
3 517 [2]
6 511 [5]
100 421 [1]
8 515 [0]
7 511 [5]
10 513 [0]
10 511 [2]
109 411 [3]
1 516 [6]
6 512 [5]
9 512 [2]
0 520 [4]
0 524 [0]
27 493 [4]
30 492 [2]
29 495 [0]
22 495 [7]
9 513 [2]
34 484 [6]
1 519 [4]
36 489 [0]
0 525 [0]
5 520 [0]
14 508 [3]
73 452 [0]
16 508 [1]
8 514 [3]
51 475 [0]
0 526 [0]
2 518 [6]
4 522 [0]
7 519 [0]
9 517 [0]
15 504 [7]
1 526 [0]
9 516 [2]
7 517 [3]
4 519 [4]
8 516 [3]
10 515 [3]
1 527 [0]
5 523 [0]
8 520 [0]
9 519 [0]
232 296 [0]
117 410 [1]
18 504 [6]
3 523 [2]
9 520 [0]
1 528 [0]
103 426 [0]
2 526 [1]
4 525 [0]
5 524 [0]
7 522 [0]
99 430 [0]
213 316 [0]
22 507 [0]
50 477 [2]
0 523 [6]
1 529 [0]
143 386 [0]
3 525 [2]
0 531 [0]
27 503 [1]
16 515 [0]
77 454 [0]
6 520 [5]
122 405 [4]
8 518 [5]
14 518 [0]
5 527 [0]
2 530 [0]
6 526 [0]
2 525 [5]
1 525 [6]
4 527 [1]
7 523 [3]
4 529 [0]
1 532 [0]
28 503 [2]
50 481 [2]
8 522 [3]
0 529 [4]
86 445 [2]
53 479 [1]
127 403 [3]
5 529 [0]
232 300 [2]
51 483 [0]
69 462 [3]
83 446 [5]
113 421 [0]
64 467 [3]
9 523 [2]
9 526 [0]
2 533 [0]
16 518 [1]
2 532 [1]
250 285 [0]
91 442 [2]
179 356 [0]
7 525 [3]
157 378 [0]
100 435 [1]
109 427 [0]
2 528 [6]
4 532 [0]
38 491 [7]
8 528 [0]
9 525 [2]
10 524 [2]
51 485 [0]
5 526 [5]
13 524 [0]
2 535 [0]
5 528 [4]
13 521 [3]
39 498 [0]
219 317 [1]
42 495 [0]
8 526 [3]
35 503 [0]
33 501 [4]
7 530 [1]
0 534 [4]
16 521 [1]
6 527 [5]
8 527 [3]
36 502 [0]
1 530 [7]
129 409 [0]
0 539 [0]
5 534 [0]
227 311 [1]
208 331 [0]
10 527 [2]
4 534 [1]
2 538 [0]
6 534 [0]
16 524 [0]
21 519 [0]
5 531 [4]
6 530 [4]
0 537 [4]
10 529 [2]
0 541 [0]
10 531 [0]
39 496 [6]
10 528 [3]
22 512 [7]
22 513 [7]
0 542 [0]
5 533 [4]
0 535 [7]
5 537 [0]
12 530 [0]
22 520 [0]
27 515 [0]
238 304 [0]
10 530 [2]
8 535 [0]
9 534 [0]
6 532 [5]
9 532 [2]
0 536 [7]
4 540 [0]
8 536 [0]
13 531 [0]
2 536 [6]
64 477 [3]
9 530 [5]
14 531 [0]
1 544 [0]
4 541 [0]
8 537 [0]
0 538 [7]
145 396 [4]
28 515 [2]
8 534 [3]
5 539 [1]
22 516 [7]
2 537 [6]
7 539 [0]
188 357 [1]
5 541 [0]
2 543 [1]
10 536 [0]
8 533 [5]
227 319 [0]
199 348 [0]
16 531 [0]
0 543 [4]
16 528 [3]
10 535 [3]
5 543 [0]
28 518 [2]
50 493 [5]
8 540 [0]
6 537 [5]
245 303 [0]
27 521 [0]
19 525 [4]
23 522 [3]
83 463 [2]
0 548 [1]
4 545 [0]
7 540 [2]
109 437 [3]
80 468 [1]
10 539 [0]
129 420 [0]
148 401 [0]
36 509 [4]
2 548 [0]
61 482 [7]
36 510 [4]
39 506 [6]
6 545 [0]
9 540 [2]
16 535 [0]
0 544 [7]
5 545 [1]
8 538 [5]
22 529 [0]
35 515 [1]
233 318 [0]
9 543 [0]
2 550 [0]
113 435 [4]
16 536 [0]
8 541 [3]
173 379 [0]
2 544 [6]
212 340 [0]
7 543 [2]
101 446 [5]
4 543 [5]
77 476 [0]
8 545 [0]
1 552 [0]
109 441 [3]
10 543 [0]
27 524 [2]
9 541 [3]
14 536 [3]
0 546 [7]
1 546 [6]
79 468 [6]
3 548 [2]
20 530 [3]
38 508 [7]
47 505 [2]
6 543 [5]
0 547 [7]
76 478 [0]
33 517 [4]
0 550 [4]
4 548 [2]
22 526 [7]
7 548 [0]
8 542 [5]
75 477 [3]
10 545 [0]
1 548 [6]
4 550 [1]
14 538 [3]
5 546 [4]
2 554 [0]
0 556 [0]
4 552 [0]
6 550 [0]
27 528 [1]
5 547 [4]
9 548 [0]
5 552 [0]
8 544 [5]
6 551 [0]
8 549 [0]
13 544 [0]
152 401 [4]
154 403 [0]
4 549 [5]
48 510 [0]
7 549 [2]
8 551 [0]
22 537 [0]
75 481 [3]
8 546 [5]
14 542 [3]
107 448 [4]
5 550 [5]
27 531 [2]
7 551 [2]
7 552 [1]
33 523 [4]
8 552 [0]
38 518 [4]
8 547 [5]
16 544 [0]
29 529 [2]
32 529 [0]
0 557 [4]
8 550 [3]
0 561 [0]
6 555 [0]
126 432 [3]
22 532 [7]
0 560 [1]
256 305 [0]
2 552 [7]
1 553 [7]
178 383 [1]
5 557 [0]
1 554 [7]
39 516 [7]
27 535 [0]
6 552 [4]
9 551 [2]
10 550 [2]
2 553 [7]
16 546 [0]
11 551 [0]
0 563 [0]
157 406 [0]
1 555 [7]
2 560 [1]
2 555 [6]
1 558 [4]
4 553 [6]
7 555 [1]
69 494 [0]
8 556 [0]
35 528 [1]
1 563 [0]
4 554 [6]
268 296 [0]
27 533 [4]
7 553 [4]
101 463 [0]
16 547 [1]
6 559 [0]
1 564 [0]
7 558 [0]
2 557 [6]
39 520 [6]
6 558 [1]
27 536 [2]
7 559 [0]
12 553 [1]
0 562 [4]
10 556 [0]
12 554 [0]
51 514 [1]
9 553 [4]
21 545 [0]
28 538 [0]
143 416 [7]
4 558 [4]
233 334 [0]
8 554 [5]
4 563 [0]
1 562 [4]
12 555 [0]
2 559 [6]
27 538 [2]
12 552 [3]
1 559 [7]
60 500 [7]
5 563 [0]
6 562 [0]
73 494 [1]
8 555 [5]
6 557 [5]
8 557 [3]
93 471 [4]
9 559 [0]
3 560 [5]
141 427 [0]
9 554 [5]
268 300 [0]
9 555 [5]
53 515 [1]
1 561 [7]
7 560 [2]
51 517 [1]
4 559 [6]
2 561 [6]
23 540 [7]
76 488 [6]
2 562 [6]
5 561 [4]
5 564 [1]
12 559 [0]
27 542 [2]
8 558 [5]
6 560 [5]
9 560 [2]
2 570 [0]
23 549 [0]
0 565 [7]
28 542 [2]
8 559 [5]
4 569 [0]
0 573 [0]
176 394 [3]
83 490 [0]
14 556 [3]
29 537 [7]
50 521 [2]
38 535 [0]
8 561 [5]
4 570 [0]
2 566 [6]
192 382 [0]
8 566 [0]
6 563 [5]
27 547 [0]
0 567 [7]
51 523 [0]
8 563 [3]
15 558 [1]
9 563 [2]
5 566 [4]
6 569 [0]
117 457 [1]
27 546 [2]
8 564 [3]
184 391 [0]
0 568 [7]
10 565 [0]
14 561 [0]
240 335 [0]
5 569 [1]
9 561 [5]
9 564 [2]
2 574 [0]
6 570 [0]
10 564 [2]
2 568 [6]
16 561 [0]
154 423 [0]
56 518 [4]
1 577 [0]
9 569 [0]
10 568 [0]
38 536 [4]
1 573 [4]
8 565 [5]
109 469 [0]
20 553 [5]
5 574 [0]
39 534 [6]
5 573 [1]
4 576 [0]
69 511 [0]
8 572 [0]
85 495 [0]
8 567 [5]
124 453 [3]
61 519 [0]
38 538 [4]
2 577 [1]
9 568 [3]
10 570 [1]
1 574 [6]
0 581 [0]
0 574 [7]
7 569 [5]
106 473 [2]
17 561 [3]
42 537 [2]
0 575 [7]
4 578 [0]
38 542 [2]
6 576 [0]
8 574 [0]
4 577 [1]
9 573 [0]
13 568 [1]
43 539 [0]
2 581 [0]
1 582 [0]
12 570 [1]
5 578 [0]
141 437 [5]
23 560 [0]
14 568 [1]
7 576 [0]
9 574 [0]
1 575 [7]
18 558 [7]
0 584 [0]
1 583 [0]
8 573 [3]
31 552 [1]
6 578 [0]
188 392 [4]
6 573 [5]
73 511 [0]
4 579 [1]
5 575 [4]
147 436 [1]
8 571 [5]
16 567 [1]
1 579 [4]
10 571 [3]
5 580 [0]
5 579 [1]
186 399 [0]
6 579 [0]
9 576 [0]
16 568 [1]
5 576 [4]
10 573 [2]
10 575 [0]
14 571 [0]
22 563 [0]
4 580 [1]
113 468 [4]
53 528 [4]
10 572 [3]
2 578 [5]
3 581 [2]
22 557 [7]
2 584 [0]
99 480 [7]
0 579 [7]
3 578 [5]
13 574 [0]
141 441 [5]
0 586 [1]
39 541 [7]
7 581 [0]
1 587 [0]
6 577 [5]
2 586 [0]
10 576 [2]
8 577 [3]
12 576 [0]
287 301 [0]
14 574 [0]
92 496 [0]
64 521 [3]
9 577 [2]
5 582 [1]
216 366 [6]
10 579 [0]
8 576 [5]
9 578 [2]
8 578 [3]
3 586 [0]
7 582 [0]
0 582 [7]
5 581 [3]
240 349 [0]
8 582 [0]
10 580 [0]
216 374 [0]
60 526 [4]
8 579 [3]
2 587 [1]
16 571 [3]
1 590 [0]
5 586 [0]
98 493 [0]
203 385 [3]
9 580 [2]
14 575 [2]
16 575 [1]
1 591 [0]
4 587 [1]
6 586 [0]
5 583 [4]
9 581 [2]
148 444 [0]
21 569 [2]
0 585 [7]
5 584 [4]
143 450 [0]
56 538 [0]
2 592 [0]
44 550 [0]
10 582 [2]
9 582 [3]
273 321 [0]
119 473 [2]
107 483 [4]
20 570 [5]
2 593 [0]
10 583 [2]
8 587 [0]
74 520 [1]
0 588 [7]
17 575 [3]
102 493 [0]
97 498 [1]
1 595 [0]
4 592 [0]
5 591 [0]
8 588 [0]
56 536 [4]
9 587 [0]
8 583 [5]
38 556 [2]
179 417 [0]
3 591 [2]
103 488 [5]
7 586 [3]
296 300 [0]
0 591 [6]
8 584 [5]
2 595 [0]
27 566 [4]
28 565 [4]
8 586 [3]
2 589 [6]
10 585 [3]
12 583 [3]
27 567 [4]
2 591 [5]
24 574 [0]
6 587 [5]
45 553 [0]
8 585 [5]
117 475 [7]
14 585 [0]
292 307 [0]
42 557 [0]
50 547 [2]
4 593 [2]
5 590 [4]
90 502 [7]
5 595 [0]
1 599 [0]
3 597 [0]
21 573 [6]
8 592 [0]
5 593 [2]
76 524 [0]
3 592 [5]
1 596 [4]
202 399 [0]
272 329 [0]
11 586 [4]
0 594 [7]
7 591 [3]
227 372 [2]
10 588 [3]
7 592 [3]
47 555 [0]
5 597 [0]
9 593 [0]
14 588 [0]
129 472 [1]
56 542 [4]
10 590 [2]
8 589 [5]
28 572 [2]
0 597 [6]
97 506 [0]
6 596 [1]
7 593 [3]
280 323 [0]
5 594 [4]
117 485 [1]
203 397 [3]
8 590 [5]
47 554 [2]
238 364 [1]
1 603 [0]
2 597 [5]
4 599 [1]
8 593 [3]
4 596 [4]
2 601 [1]
16 589 [0]
4 601 [0]
9 596 [0]
0 598 [7]
38 565 [2]
14 590 [1]
5 599 [1]
16 588 [1]
14 589 [3]
2 604 [0]
4 602 [0]
21 579 [6]
79 522 [5]
90 509 [7]
9 597 [0]
0 602 [4]
5 602 [0]
88 512 [7]
8 594 [5]
0 600 [7]
5 603 [0]
1 607 [0]
11 593 [4]
47 559 [2]
112 496 [0]
9 599 [0]
13 595 [0]
40 568 [0]
7 596 [5]
8 595 [5]
75 533 [0]
188 421 [0]
22 580 [7]
5 600 [4]
39 564 [6]
74 534 [1]
38 571 [0]
0 610 [0]
141 469 [0]
7 601 [2]
8 599 [3]
219 384 [7]
2 609 [0]
206 405 [0]
5 601 [5]
8 598 [5]
5 604 [2]
6 605 [0]
7 604 [0]
64 544 [3]
16 594 [1]
263 348 [0]
77 529 [5]
10 599 [2]
27 584 [0]
10 600 [2]
0 612 [0]
16 595 [1]
6 604 [2]
3 609 [0]
7 605 [0]
38 572 [2]
2 608 [2]
8 601 [3]
10 603 [0]
5 608 [0]
1 606 [6]
13 600 [0]
9 602 [2]
10 601 [2]
6 602 [5]
99 507 [7]
8 602 [3]
3 608 [2]
10 602 [2]
0 614 [0]
0 613 [1]
9 605 [0]
2 605 [7]
16 598 [0]
199 414 [1]
2 606 [6]
11 604 [0]
7 608 [0]
36 578 [1]
8 604 [3]
2 612 [1]
2 607 [6]
203 412 [0]
230 385 [0]
14 598 [3]
4 605 [6]
56 556 [4]
16 600 [0]
10 606 [0]
6 610 [0]
8 608 [0]
5 607 [4]
22 587 [7]
27 589 [0]
5 610 [1]
8 603 [5]
124 492 [0]
21 596 [0]
1 616 [0]
91 521 [5]
4 613 [0]
97 516 [4]
27 588 [2]
74 541 [2]
5 612 [0]
147 466 [4]
255 363 [0]
33 581 [4]
14 603 [1]
9 606 [3]
24 590 [4]
0 611 [7]
1 612 [6]
4 615 [0]
272 343 [4]
5 614 [0]
7 609 [3]
8 606 [5]
28 589 [2]
39 580 [0]
129 491 [0]
0 620 [0]
2 613 [5]
13 606 [1]
9 609 [2]
1 620 [0]
3 618 [0]
2 619 [0]
5 615 [1]
3 613 [5]
12 605 [4]
22 599 [0]
9 610 [2]
56 565 [0]
7 612 [2]
8 610 [3]
14 606 [1]
276 345 [0]
75 546 [0]
255 366 [0]
5 617 [0]
6 616 [0]
10 610 [2]
100 522 [0]
2 621 [0]
1 622 [0]
8 612 [3]
188 435 [0]
50 567 [6]
2 615 [6]
9 615 [0]
10 611 [3]
6 613 [5]
27 595 [2]
267 357 [0]
111 506 [7]
16 607 [1]
33 591 [0]
88 532 [4]
8 611 [5]
7 616 [1]
8 613 [3]
244 381 [0]
2 623 [0]
159 466 [0]
5 619 [1]
38 585 [2]
75 547 [3]
164 461 [0]
126 497 [2]
79 540 [6]
4 620 [1]
9 617 [0]
6 620 [0]
4 616 [6]
10 616 [0]
25 601 [0]
5 620 [1]
87 535 [4]
1 619 [6]
9 618 [0]
230 397 [0]
27 598 [2]
48 578 [1]
7 615 [5]
7 618 [2]
2 624 [1]
10 617 [0]
8 614 [5]
10 615 [2]
24 603 [0]
1 627 [0]
6 617 [5]
2 626 [0]
28 598 [2]
11 613 [4]
4 624 [0]
97 527 [4]
14 611 [3]
8 615 [5]
56 571 [2]
2 627 [0]
8 621 [0]
8 618 [3]
10 619 [0]
103 524 [2]
27 600 [2]
1 621 [7]
0 628 [1]
36 593 [1]
8 622 [0]
61 569 [0]
5 621 [4]
38 588 [4]
2 622 [6]
255 374 [1]
20 605 [5]
9 616 [5]
1 623 [7]
2 629 [0]
16 614 [1]
9 619 [3]
78 553 [0]
98 533 [0]
5 622 [4]
7 619 [5]
22 602 [7]
117 514 [0]
1 624 [6]
238 393 [0]
38 589 [4]
309 322 [0]
12 616 [3]
8 620 [3]
2 628 [1]
186 439 [6]
8 619 [5]
22 610 [0]
10 620 [2]
0 625 [7]
36 592 [4]
56 572 [4]
5 627 [0]
6 626 [0]
80 551 [1]
5 623 [4]
5 628 [0]
9 624 [0]
24 606 [3]
0 629 [4]
86 546 [2]
2 632 [0]
5 625 [4]
5 629 [0]
15 619 [0]
27 607 [0]
7 626 [1]
0 627 [7]
33 597 [4]
148 486 [0]
7 628 [0]
6 624 [5]
10 626 [0]
0 636 [0]
1 635 [0]
4 632 [0]
0 632 [4]
1 629 [6]
1 631 [4]
38 598 [0]
8 623 [5]
147 489 [0]
51 581 [4]
6 631 [0]
9 628 [0]
5 631 [1]
1 636 [0]
15 615 [7]
10 625 [2]
174 459 [4]
4 628 [5]
140 498 [0]
165 473 [0]
1 637 [0]
129 508 [1]
7 631 [0]
122 512 [4]
111 527 [0]
1 638 [0]
4 635 [0]
167 467 [5]
5 630 [4]
6 628 [5]
1 632 [6]
2 636 [1]
100 540 [0]
2 638 [0]
1 639 [0]
8 627 [5]
10 628 [2]
5 635 [0]
117 523 [0]
27 611 [2]
196 444 [0]
13 625 [2]
6 629 [5]
16 621 [3]
0 633 [7]
9 626 [5]
10 630 [0]
8 629 [3]
2 639 [0]
0 637 [4]
8 633 [0]
48 592 [1]
185 452 [4]
2 640 [0]
8 634 [0]
6 634 [2]
5 632 [5]
16 625 [1]
4 637 [1]
33 609 [0]
85 557 [0]
16 623 [3]
113 522 [7]
9 631 [3]
4 634 [5]
0 642 [1]
10 631 [2]
8 632 [3]
7 635 [1]
9 635 [0]
0 644 [0]
8 636 [0]
233 411 [0]
75 566 [3]
25 612 [7]
10 632 [2]
56 588 [0]
16 627 [1]
8 637 [0]
56 589 [0]
2 643 [0]
27 614 [4]
13 630 [2]
94 550 [1]
4 641 [0]
75 567 [3]
56 585 [4]
10 633 [2]
9 634 [2]
22 624 [0]
5 636 [5]
10 635 [2]
2 645 [0]
49 596 [2]
16 630 [1]
137 504 [6]
9 636 [2]
22 620 [5]
6 636 [5]
1 647 [0]
0 648 [0]
2 646 [0]
50 595 [3]
8 635 [5]
6 638 [4]
5 643 [0]
4 638 [6]
198 449 [1]
8 641 [0]
39 610 [0]
100 549 [0]
2 641 [6]
2 642 [5]
1 641 [7]
10 637 [2]
7 638 [4]
8 639 [3]
8 642 [0]
6 642 [7]
6 639 [5]
12 635 [3]
50 594 [6]
3 642 [5]
45 605 [0]
14 633 [3]
140 506 [4]
8 643 [0]
69 582 [0]
1 644 [6]
6 641 [4]
27 622 [2]
1 643 [7]
5 647 [0]
6 646 [0]
7 645 [0]
8 644 [0]
70 582 [0]
318 334 [0]
7 642 [3]
51 597 [4]
28 623 [2]
8 640 [5]
113 540 [0]
27 623 [3]
11 642 [0]
38 611 [4]
294 359 [0]
10 640 [3]
1 646 [6]
122 532 [0]
0 654 [0]
5 648 [1]
5 649 [0]
0 647 [7]
85 562 [7]
2 653 [0]
9 646 [0]
9 645 [1]
27 621 [7]
6 644 [5]
9 641 [5]
12 638 [5]
4 652 [0]
147 502 [7]
12 641 [3]
219 436 [1]
2 648 [6]
39 617 [0]
10 644 [2]
8 646 [3]
0 657 [0]
4 651 [2]
14 640 [3]
36 618 [3]
7 649 [1]
27 630 [0]
16 640 [1]
1 649 [7]
258 399 [0]
87 571 [0]
5 653 [0]
1 657 [0]
100 551 [7]
3 653 [2]
2 656 [0]
5 651 [2]
56 598 [4]
6 652 [0]
10 646 [2]
2 651 [5]
9 649 [0]
22 629 [7]
20 638 [0]
6 647 [5]
8 651 [0]
2 657 [0]
8 648 [3]
10 647 [2]
7 647 [5]
5 654 [0]
9 647 [3]
9 650 [0]
6 651 [2]
219 440 [0]
1 652 [6]
4 649 [6]
6 649 [4]
6 648 [5]
83 576 [0]
3 651 [5]
0 660 [0]
1 653 [6]
29 629 [2]
1 659 [0]
0 656 [4]
51 608 [1]
2 659 [0]
41 620 [0]
267 392 [2]
22 639 [0]
1 654 [6]
8 650 [3]
9 651 [2]
0 662 [0]
4 658 [0]
4 657 [1]
8 649 [5]
64 595 [3]
27 633 [2]
75 584 [3]
113 549 [0]
8 655 [0]
7 653 [3]
179 480 [4]
1 656 [6]
2 655 [6]
5 657 [1]
10 652 [2]
2 661 [1]
8 653 [3]
12 649 [3]
23 634 [7]
22 637 [5]
8 656 [0]
7 656 [2]
114 551 [0]
145 516 [4]
2 662 [1]
97 564 [4]
2 658 [5]
233 427 [5]
5 661 [0]
8 658 [0]
2 664 [0]
6 658 [2]
4 660 [2]
5 656 [5]
98 566 [2]
2 660 [5]
2 665 [0]
11 650 [6]
88 577 [2]
0 663 [4]
20 645 [2]
9 656 [2]
294 367 [6]
8 654 [5]
203 465 [0]
1 667 [0]
0 668 [0]
8 657 [3]
6 660 [2]
5 663 [0]
3 660 [5]
50 614 [4]
10 655 [3]
83 583 [2]
7 658 [3]
6 657 [5]
5 659 [4]
8 660 [0]
22 646 [0]
75 594 [0]
8 661 [0]
102 567 [0]
99 563 [7]
152 513 [4]
0 665 [4]
13 654 [2]
7 662 [0]
14 655 [0]
164 505 [0]
32 637 [0]
16 654 [0]
27 643 [0]
86 584 [0]
1 663 [6]
3 662 [5]
7 661 [2]
48 618 [4]
0 671 [0]
5 665 [1]
16 655 [0]
10 659 [2]
56 611 [4]
1 671 [0]
2 670 [0]
1 664 [7]
1 668 [4]
9 664 [0]
2 671 [0]
10 661 [2]
29 637 [7]
6 662 [5]
22 644 [7]
9 662 [2]
139 533 [1]
0 666 [7]
42 629 [2]
53 621 [0]
4 664 [6]
0 667 [7]
64 607 [3]
6 663 [5]
5 668 [1]
50 622 [2]
11 660 [4]
88 587 [0]
5 666 [4]
7 664 [4]
2 667 [6]
2 672 [1]
55 618 [3]
106 570 [0]
5 671 [0]
233 437 [6]
0 672 [4]
5 667 [4]
76 600 [0]
10 666 [0]
6 665 [5]
53 623 [0]
8 665 [3]
263 414 [0]
5 672 [0]
9 668 [0]
22 648 [7]
23 650 [4]
4 672 [1]
12 664 [1]
6 670 [2]
16 659 [3]
215 463 [0]
10 668 [0]
1 673 [4]
2 674 [2]
7 669 [2]
1 678 [0]
13 666 [0]
5 674 [0]
8 668 [3]
6 668 [5]
1 672 [6]
4 670 [5]
111 564 [4]
5 673 [1]
3 674 [2]
50 627 [2]
0 680 [0]
3 677 [0]
4 676 [0]
8 667 [5]
7 673 [0]
1 675 [4]
0 676 [4]
8 669 [3]
7 670 [3]
221 459 [0]
7 668 [5]
272 409 [0]
14 667 [0]
7 674 [0]
22 652 [7]
5 676 [0]
5 675 [1]
1 676 [4]
8 670 [3]
185 494 [2]
9 672 [0]
4 673 [4]
238 443 [1]
8 674 [0]
98 584 [0]
0 678 [4]
196 486 [1]
6 677 [0]
8 675 [0]
16 667 [0]
27 655 [1]
4 675 [4]
16 666 [1]
44 632 [7]
7 677 [0]
4 680 [0]
10 671 [3]
38 640 [6]
335 349 [0]
29 648 [7]
5 678 [1]
283 401 [0]
20 664 [0]
101 583 [0]
11 669 [4]
128 556 [0]
14 671 [0]
2 683 [0]
1 680 [4]
5 680 [0]
28 655 [2]
10 673 [2]
9 673 [3]
0 679 [7]
22 657 [7]
25 661 [0]
29 657 [0]
183 499 [4]
8 673 [5]
9 675 [3]
16 671 [0]
27 659 [1]
36 651 [0]
8 676 [3]
17 667 [3]
10 678 [0]
1 687 [0]
8 677 [3]
0 681 [7]
6 682 [0]
25 656 [7]
199 482 [7]
33 653 [2]
47 641 [0]
299 389 [0]
90 592 [6]
309 379 [0]
1 688 [0]
2 687 [0]
64 622 [3]
6 678 [5]
8 678 [3]
35 655 [0]
0 690 [0]
1 689 [0]
8 682 [0]
179 507 [4]
10 680 [0]
42 648 [0]
10 681 [0]
5 686 [0]
23 662 [6]
2 689 [0]
7 684 [0]
319 372 [0]
10 679 [3]
158 533 [1]
2 690 [0]
5 683 [4]
23 669 [0]
8 679 [5]
7 680 [5]
22 663 [7]
3 690 [0]
5 688 [0]
10 683 [0]
0 689 [4]
2 685 [6]
8 680 [5]
56 633 [4]
64 627 [3]
1 693 [0]
128 565 [1]
3 691 [0]
7 687 [0]
36 658 [0]
299 394 [1]
10 684 [0]
6 684 [4]
5 685 [4]
35 659 [0]
4 684 [6]
1 694 [0]
2 693 [0]
13 681 [1]
112 580 [3]
53 643 [0]
185 511 [0]
14 681 [1]
2 694 [0]
4 692 [0]
7 689 [0]
1 690 [5]
8 688 [0]
272 420 [4]
135 556 [5]
8 684 [5]
6 691 [0]
7 690 [0]
9 686 [2]
10 687 [0]
4 690 [3]
344 353 [0]
6 692 [0]
16 681 [1]
295 403 [0]
9 684 [5]
4 689 [5]
10 686 [2]
56 640 [2]
5 690 [3]
0 697 [1]
12 687 [0]
8 691 [0]
29 663 [7]
3 694 [2]
9 690 [0]
26 673 [0]
11 682 [6]
9 689 [2]
1 695 [4]
12 688 [0]
69 631 [0]
8 689 [3]
10 688 [2]
75 622 [3]
21 673 [6]
0 694 [6]
128 572 [0]
27 671 [2]
7 692 [2]
317 384 [0]
7 691 [3]
9 687 [5]
2 698 [1]
3 698 [0]
22 672 [7]
8 693 [0]
135 565 [1]
8 690 [3]
322 379 [0]
137 558 [6]
129 571 [1]
175 521 [6]
8 694 [0]
1 701 [0]
22 676 [4]
260 442 [0]
16 683 [3]
6 695 [1]
5 694 [3]
2 701 [0]
8 695 [0]
28 671 [4]
8 692 [3]
122 577 [4]
82 621 [0]
0 696 [7]
7 695 [1]
2 695 [6]
91 607 [5]
4 697 [2]
9 692 [2]
8 696 [0]
2 702 [0]
6 698 [0]
209 495 [0]
1 697 [6]
2 697 [5]
186 518 [0]
131 571 [2]
151 554 [0]
2 703 [0]
75 627 [3]
5 700 [0]
23 682 [0]
9 694 [2]
10 696 [0]
8 698 [0]
257 449 [0]
83 616 [7]
105 601 [0]
0 699 [7]
151 555 [0]
50 654 [3]
29 678 [0]
28 679 [0]
7 697 [3]
76 625 [6]
4 698 [5]
0 700 [7]
2 699 [6]
42 665 [0]
1 699 [7]
22 678 [7]
219 489 [0]
2 706 [0]
103 600 [5]
7 698 [3]
9 697 [2]
27 681 [0]
8 697 [3]
233 469 [6]
135 572 [1]
140 564 [4]
0 704 [4]
5 699 [4]
45 664 [0]
0 708 [1]
7 701 [1]
0 702 [7]
14 696 [0]
142 568 [0]
6 704 [0]
66 644 [0]
8 702 [0]
20 687 [3]
36 670 [4]
1 704 [6]
10 699 [2]
27 683 [1]
4 701 [6]
33 674 [4]
0 712 [0]
2 710 [0]
32 676 [4]
10 700 [2]
5 707 [0]
27 685 [0]
7 703 [2]
8 699 [5]
76 630 [6]
98 614 [0]
2 704 [6]
16 693 [3]
53 659 [0]
12 701 [0]
0 713 [0]
7 706 [0]
4 705 [4]
10 703 [0]
7 705 [1]
3 708 [2]
4 707 [2]
36 677 [0]
128 585 [0]
255 458 [0]
79 634 [0]
48 658 [7]
248 465 [0]
97 617 [0]
80 634 [0]
4 708 [2]
276 434 [4]
3 711 [0]
8 701 [5]
2 707 [5]
77 637 [0]
8 703 [3]
1 709 [4]
6 707 [2]
2 708 [5]
14 700 [1]
13 700 [2]
9 701 [5]
4 711 [0]
9 706 [0]
22 686 [7]
1 708 [6]
355 360 [0]
10 702 [3]
17 699 [0]
2 713 [1]
2 714 [0]
294 422 [0]
10 706 [0]
88 624 [4]
0 709 [7]
7 707 [2]
0 717 [0]
3 714 [0]
38 679 [0]
41 676 [0]
15 695 [7]
9 705 [3]
9 709 [0]
154 562 [2]
48 670 [0]
126 586 [6]
7 708 [3]
164 554 [0]
12 706 [0]
8 705 [5]
14 702 [3]
199 519 [1]
223 496 [0]
9 708 [2]
16 702 [1]
14 699 [6]
35 683 [1]
6 711 [2]
226 494 [0]
2 718 [0]
1 713 [6]
19 697 [4]
7 711 [2]
0 714 [6]
295 423 [2]
8 709 [3]
27 693 [0]
2 712 [6]
6 709 [5]
6 710 [4]
227 493 [0]
10 710 [1]
64 654 [3]
5 716 [0]
7 709 [5]
7 714 [0]
8 713 [0]
176 544 [1]
25 689 [7]
11 707 [4]
5 717 [0]
69 647 [6]
2 720 [0]
1 715 [6]
1 717 [4]
7 715 [0]
5 714 [3]
6 715 [1]
102 614 [6]
8 711 [3]
6 717 [0]
1 722 [0]
3 718 [2]
8 715 [0]
12 710 [1]
2 715 [6]
5 713 [5]
5 715 [4]
0 724 [0]
2 716 [6]
0 720 [4]
0 718 [6]
4 721 [0]
82 643 [0]
8 712 [5]
83 635 [7]
204 521 [0]
51 674 [0]
10 712 [3]
2 724 [0]
4 722 [0]
1 721 [4]
5 720 [1]
9 717 [0]
104 622 [0]
117 608 [1]
20 706 [0]
359 367 [0]
43 680 [3]
5 718 [3]
10 715 [2]
30 695 [2]
158 566 [3]
9 715 [3]
1 727 [0]
39 686 [3]
6 721 [1]
111 617 [0]
2 719 [7]
13 715 [0]
16 712 [0]
8 717 [3]
25 703 [0]
0 729 [0]
48 677 [4]
7 717 [5]
14 712 [3]
6 722 [1]
8 716 [5]
4 719 [6]
7 721 [1]
186 542 [1]
27 700 [2]
9 718 [2]
87 640 [2]
0 723 [7]
7 719 [4]
18 705 [7]
6 725 [0]
35 693 [3]
80 650 [1]
6 719 [6]
6 720 [5]
36 691 [4]
49 675 [7]
8 720 [3]
4 725 [2]
0 728 [4]
7 725 [0]
60 672 [0]
2 725 [5]
12 719 [1]
16 716 [1]
0 733 [0]
22 704 [7]
4 728 [1]
2 730 [1]
103 625 [5]
318 411 [4]
94 632 [7]
79 650 [4]
9 721 [3]
8 721 [5]
38 696 [0]
10 724 [0]
8 726 [0]
36 698 [0]
4 729 [1]
5 728 [1]
7 722 [5]
1 726 [7]
4 731 [0]
1 734 [0]
6 729 [0]
1 728 [6]
20 710 [5]
5 726 [4]
5 729 [1]
5 727 [3]
21 709 [6]
53 683 [0]
9 727 [0]
8 723 [5]
11 725 [0]
1 729 [6]
2 733 [1]
8 725 [3]
10 723 [3]
1 736 [0]
4 733 [0]
5 732 [0]
6 731 [0]
8 724 [5]
8 729 [0]
7 727 [3]
99 636 [2]
121 616 [0]
2 736 [0]
8 730 [0]
276 462 [0]
8 727 [3]
109 626 [3]
0 734 [4]
103 630 [5]
147 592 [0]
1 738 [0]
1 732 [6]
9 728 [2]
6 728 [5]
83 649 [7]
0 732 [7]
8 731 [0]
56 679 [4]
7 730 [2]
126 613 [0]
8 728 [3]
0 736 [4]
302 438 [0]
366 374 [0]
1 739 [0]
7 731 [2]
1 733 [6]
20 719 [1]
143 590 [7]
8 732 [0]
10 728 [2]
9 731 [0]
16 724 [0]
29 704 [7]
25 713 [3]
14 724 [3]
100 634 [7]
4 736 [1]
10 729 [2]
188 549 [4]
203 539 [0]
0 742 [0]
2 734 [6]
10 732 [0]
38 702 [2]
10 730 [2]
15 721 [7]
5 738 [0]
21 722 [0]
4 738 [1]
27 716 [0]
48 691 [4]
4 740 [0]
4 735 [5]
9 735 [0]
9 733 [2]
7 735 [2]
202 542 [0]
272 472 [0]
70 668 [6]
4 741 [0]
2 737 [6]
18 721 [6]
6 734 [5]
99 639 [7]
68 675 [2]
334 411 [0]
53 693 [0]
8 738 [0]
2 744 [0]
8 735 [3]
1 741 [4]
0 739 [7]
7 739 [0]
51 694 [1]
0 747 [0]
9 736 [2]
14 732 [1]
5 742 [0]
33 714 [0]
8 736 [3]
93 653 [1]
2 739 [6]
5 741 [1]
36 707 [4]
13 732 [2]
0 743 [4]
90 658 [0]
7 741 [0]
145 599 [4]
42 704 [2]
5 739 [4]
79 669 [0]
76 666 [6]
85 663 [0]
1 740 [7]
4 745 [0]
10 737 [2]
0 745 [4]
357 392 [0]
6 738 [5]
0 750 [0]
6 740 [4]
318 427 [5]
11 735 [4]
178 570 [2]
4 746 [0]
8 737 [5]
149 601 [0]
80 669 [1]
14 737 [0]
10 741 [0]
10 739 [2]
28 723 [0]
341 410 [0]
2 748 [1]
6 746 [0]
12 740 [0]
4 748 [0]
5 747 [0]
343 409 [0]
27 724 [1]
263 482 [7]
211 537 [4]
38 712 [2]
0 748 [4]
7 744 [1]
1 747 [4]
10 740 [2]
4 743 [5]
7 746 [0]
4 749 [0]
5 743 [5]
48 698 [7]
143 603 [7]
36 711 [6]
85 665 [3]
9 741 [3]
45 706 [2]
9 744 [0]
10 743 [0]
27 726 [0]
2 752 [0]
0 754 [0]
9 740 [5]
100 650 [4]
9 743 [2]
8 741 [5]
25 730 [0]
2 753 [0]
13 739 [3]
2 746 [7]
10 745 [0]
8 742 [5]
5 745 [5]
9 745 [2]
2 754 [0]
16 737 [3]
9 747 [0]
10 746 [0]
56 696 [4]
28 726 [2]
2 749 [5]
140 617 [0]
0 757 [0]
4 753 [0]
109 645 [3]
6 749 [2]
119 638 [0]
1 751 [6]
8 750 [0]
2 750 [6]
1 750 [7]
22 729 [7]
5 748 [5]
0 751 [7]
8 747 [3]
318 441 [0]
6 748 [5]
8 751 [0]
7 749 [3]
327 432 [0]
10 744 [5]
16 742 [1]
2 751 [6]
5 750 [4]
10 747 [2]
4 756 [0]
5 755 [0]
6 754 [0]
10 750 [0]
1 752 [7]
317 440 [3]
8 749 [3]
9 746 [5]
10 748 [2]
90 670 [0]
1 753 [6]
181 580 [0]
5 756 [0]
8 753 [0]
38 723 [0]
23 731 [7]
5 752 [4]
27 732 [2]
76 681 [5]
0 762 [0]
35 726 [1]
22 733 [7]
1 755 [6]
229 533 [0]
348 414 [0]
56 702 [4]
3 754 [5]
2 761 [0]
1 762 [0]
75 685 [3]
2 755 [6]
22 734 [7]
5 758 [0]
8 755 [0]
5 753 [5]
80 682 [1]
343 420 [0]
2 756 [5]
2 762 [0]
8 756 [0]
3 756 [5]
237 527 [0]
20 744 [0]
27 737 [0]
6 756 [2]
45 719 [0]
6 753 [5]
11 749 [4]
3 759 [2]
114 650 [0]
8 752 [5]
21 741 [3]
21 738 [6]
0 761 [4]
0 759 [6]
252 513 [0]
9 754 [2]
10 753 [2]
28 737 [0]
51 714 [1]
16 750 [0]
2 758 [6]
105 661 [0]
2 759 [5]
5 757 [4]
2 764 [1]
54 713 [0]
0 767 [0]
272 491 [4]
36 725 [6]
3 762 [2]
4 763 [0]
79 682 [6]
377 390 [0]
6 761 [0]
9 756 [2]
16 751 [0]
26 741 [0]
39 728 [0]
5 759 [3]
0 768 [0]
8 760 [0]
20 746 [2]
2 760 [6]
9 759 [0]
211 557 [0]
50 716 [2]
230 539 [0]
7 762 [0]
10 757 [2]
103 666 [0]
1 769 [0]
344 426 [0]
5 762 [3]
29 734 [7]
325 445 [0]
1 765 [4]
7 763 [1]
13 757 [1]
8 758 [5]
0 771 [0]
1 764 [6]
14 757 [0]
5 765 [1]
16 752 [3]
7 765 [0]
1 771 [0]
8 764 [0]
2 763 [7]
279 493 [0]
8 761 [3]
2 769 [1]
83 688 [1]
0 765 [7]
39 729 [4]
80 692 [0]
16 755 [1]
10 760 [3]
4 769 [0]
2 766 [5]
8 762 [3]
141 626 [6]
49 722 [2]
294 474 [5]
9 764 [0]
356 417 [0]
100 669 [4]
51 718 [4]
8 766 [0]
126 642 [6]
198 575 [1]
2 771 [1]
3 766 [5]
25 743 [7]
2 773 [0]
1 770 [4]
2 767 [6]
131 640 [4]
4 770 [1]
4 771 [0]
6 764 [5]
10 763 [2]
4 766 [5]
16 760 [0]
5 770 [1]
82 693 [1]
8 765 [3]
2 768 [6]
1 776 [0]
5 768 [4]
25 745 [7]
0 770 [7]
7 770 [0]
1 772 [4]
16 758 [3]
12 763 [2]
23 754 [0]
9 763 [5]
10 765 [2]
9 765 [3]
5 773 [0]
8 770 [0]
28 750 [0]
353 426 [0]
4 773 [2]
3 774 [2]
0 772 [7]
53 726 [1]
7 773 [0]
9 771 [0]
9 769 [2]
8 767 [5]
4 772 [4]
313 467 [0]
326 454 [0]
8 769 [3]
5 776 [0]
5 771 [5]
8 768 [5]
2 774 [5]
2 778 [1]
1 774 [6]
6 771 [5]
7 775 [0]
8 774 [0]
76 700 [6]
221 560 [1]
173 609 [0]
27 752 [3]
9 773 [0]
9 770 [3]
385 397 [0]
73 709 [0]
28 752 [2]
5 774 [3]
69 709 [4]
2 781 [0]
56 723 [4]
34 743 [6]
1 783 [0]
8 773 [3]
8 776 [0]
11 773 [0]
16 768 [0]
56 724 [4]
27 755 [2]
272 508 [4]
263 519 [2]
16 767 [1]
10 772 [2]
7 772 [5]
378 406 [0]
3 782 [0]
206 577 [2]
8 772 [5]
20 763 [2]
2 777 [6]
98 685 [2]
34 745 [6]
5 778 [2]
51 727 [7]
4 775 [6]
7 779 [0]
5 781 [0]
27 757 [2]
1 781 [4]
6 778 [2]
8 778 [0]
141 645 [0]
100 682 [4]
22 764 [0]
2 783 [1]
9 778 [0]
2 785 [0]
6 779 [2]
6 775 [6]
6 777 [4]
4 778 [5]
114 669 [5]
28 758 [2]
10 777 [1]
12 775 [1]
4 783 [1]
6 783 [0]
87 702 [0]
2 786 [1]
2 782 [5]
103 681 [5]
5 782 [2]
10 780 [0]
101 688 [1]
9 774 [7]
22 761 [7]
6 782 [2]
8 779 [3]
4 782 [5]
75 716 [0]
8 783 [0]
0 787 [4]
13 776 [2]
4 786 [1]
6 780 [5]
27 758 [6]
115 675 [1]
44 748 [0]
0 785 [7]
232 558 [2]
7 780 [5]
9 780 [3]
126 660 [6]
69 717 [6]
85 704 [3]
100 692 [0]
1 785 [6]
1 786 [6]
8 785 [0]
16 776 [1]
1 788 [4]
5 788 [0]
8 782 [3]
6 787 [0]
2 784 [7]
10 781 [2]
281 512 [0]
70 717 [6]
50 742 [1]
0 792 [1]
2 792 [0]
8 781 [5]
9 784 [1]
1 787 [6]
9 783 [2]
45 746 [3]
11 779 [4]
27 768 [0]
2 793 [0]
14 781 [0]
21 772 [2]
6 789 [0]
0 788 [7]
28 767 [0]
27 767 [1]
8 788 [0]
4 788 [4]
267 522 [7]
20 775 [1]
227 567 [2]
33 759 [4]
36 756 [4]
151 641 [4]
44 753 [0]
0 797 [0]
229 566 [2]
114 682 [1]
10 787 [0]
60 733 [4]
3 792 [2]
29 761 [7]
0 790 [7]
199 596 [2]
6 786 [5]
9 786 [2]
3 789 [5]
6 792 [0]
1 797 [0]
2 796 [0]
2 790 [6]
4 792 [2]
8 790 [0]
0 791 [7]
10 788 [0]
8 787 [3]
22 769 [7]
2 795 [1]
6 793 [0]
180 618 [1]
7 792 [0]
5 792 [2]
7 789 [3]
0 795 [4]
6 794 [0]
1 799 [0]
22 771 [7]
4 795 [1]
38 760 [2]
13 785 [2]
2 797 [1]
8 789 [3]
183 615 [2]
5 791 [4]
1 793 [6]
2 798 [1]
21 780 [0]
107 694 [0]
215 583 [3]
4 797 [0]
7 794 [0]
26 772 [3]
112 686 [3]
23 779 [0]
6 796 [0]
4 796 [2]
86 716 [0]
20 777 [5]
16 785 [1]
0 798 [4]
1 795 [6]
152 646 [4]
265 538 [0]
50 751 [2]
0 799 [4]
9 794 [0]
9 792 [2]
5 796 [2]
10 790 [3]
9 795 [0]
5 799 [0]
3 801 [0]
6 798 [0]
9 793 [2]
8 791 [5]
48 756 [0]
148 652 [4]
192 612 [0]
8 793 [3]
38 767 [0]
42 761 [2]
341 457 [7]
85 720 [0]
4 801 [0]
10 795 [0]
1 798 [6]
27 776 [2]
5 795 [5]
24 781 [0]
90 711 [4]
121 684 [0]
1 800 [4]
6 795 [5]
5 800 [1]
7 797 [2]
36 766 [4]
53 752 [1]
7 796 [3]
364 443 [0]
8 799 [0]
1 802 [4]
2 805 [0]
5 797 [5]
0 800 [7]
9 798 [0]
11 792 [4]
9 796 [2]
14 790 [3]
11 796 [0]
16 791 [0]
93 714 [0]
7 801 [0]
128 679 [1]
1 801 [6]
400 408 [0]
6 797 [5]
103 700 [5]
5 798 [5]
155 654 [0]
216 593 [0]
4 805 [0]
82 726 [1]
10 797 [2]
22 787 [0]
20 784 [5]
6 802 [1]
149 661 [0]
4 802 [4]
6 804 [0]
7 803 [0]
51 759 [0]
79 731 [0]
189 621 [0]
2 809 [0]
9 802 [0]
45 763 [3]
8 800 [3]
10 799 [2]
7 805 [0]
2 810 [0]
80 731 [1]
7 800 [5]
27 785 [0]
9 801 [2]
22 783 [7]
87 724 [1]
9 800 [3]
1 804 [7]
8 801 [3]
6 803 [4]
2 804 [7]
2 811 [0]
0 806 [7]
105 703 [5]
189 623 [1]
53 758 [2]
7 807 [0]
0 814 [0]
7 802 [5]
6 808 [0]
51 762 [1]
281 532 [1]
9 805 [0]
20 794 [0]
36 778 [0]
284 530 [0]
98 716 [0]
10 805 [0]
22 793 [0]
109 706 [0]
343 472 [0]
7 804 [4]
21 788 [6]
1 807 [7]
36 773 [6]
1 808 [6]
2 808 [6]
80 735 [1]
9 807 [0]
130 684 [2]
2 807 [7]
267 549 [0]
0 812 [4]
1 811 [5]
7 809 [1]
3 811 [3]
4 812 [1]
0 811 [6]
5 808 [4]
6 807 [4]
0 810 [7]
27 791 [0]
5 813 [0]
64 751 [3]
43 772 [3]
50 768 [0]
3 813 [2]
36 782 [0]
106 710 [2]
10 809 [0]
5 814 [0]
4 814 [1]
10 807 [2]
1 812 [6]
259 560 [0]
8 806 [5]
0 813 [6]
5 811 [3]
10 806 [3]
177 636 [6]
6 809 [4]
8 812 [0]
1 819 [0]
85 734 [1]
10 808 [2]
9 808 [3]
2 812 [6]
1 815 [4]
297 523 [0]
6 815 [0]
0 821 [0]
8 808 [5]
48 766 [7]
19 801 [1]
13 808 [0]
49 770 [2]
7 811 [3]
4 818 [0]
6 816 [0]
179 639 [4]
344 478 [0]
1 817 [4]
256 565 [1]
64 755 [3]
12 807 [3]
69 747 [6]
56 767 [0]
1 822 [0]
8 810 [5]
227 594 [2]
7 816 [0]
70 747 [6]
7 813 [3]
6 812 [5]
4 815 [4]
45 775 [3]
20 803 [0]
384 440 [0]
0 817 [7]
22 795 [7]
10 812 [2]
8 816 [0]
20 804 [0]
147 670 [7]
20 805 [0]
2 823 [0]
7 818 [0]
9 816 [0]
10 815 [0]
6 814 [5]
9 814 [2]
7 819 [0]
8 818 [0]
403 423 [0]
216 604 [6]
16 810 [0]
7 817 [2]
22 799 [5]
327 497 [2]
48 778 [0]
75 751 [0]
8 815 [3]
10 814 [2]
51 774 [1]
1 821 [4]
20 807 [0]
14 810 [3]
309 517 [1]
2 824 [1]
7 815 [5]
10 817 [0]
22 798 [7]
9 815 [3]
38 790 [0]
256 572 [0]
341 485 [2]
8 817 [3]
0 824 [4]
2 821 [6]
1 828 [0]
50 776 [3]
2 826 [1]
4 819 [6]
409 420 [0]
21 802 [6]
36 789 [4]
20 809 [0]
4 820 [5]
7 820 [2]
9 817 [3]
6 819 [4]
1 829 [0]
4 826 [0]
2 822 [6]
83 740 [7]
2 829 [0]
5 826 [0]
1 824 [6]
1 823 [7]
60 771 [0]
2 828 [1]
10 819 [2]
11 816 [4]
135 696 [0]
8 820 [3]
348 482 [2]
0 832 [0]
4 828 [0]
8 819 [5]
6 821 [5]
7 825 [0]
8 824 [0]
10 822 [0]
359 474 [0]
7 824 [2]
189 643 [1]
6 823 [4]
4 823 [6]
107 727 [0]
4 825 [5]
69 765 [0]
0 827 [7]
3 829 [2]
8 822 [5]
82 752 [1]
0 835 [0]
99 736 [0]
2 827 [6]
11 820 [4]
9 824 [2]
7 826 [2]
257 575 [3]
344 488 [3]
28 806 [2]
8 825 [3]
1 831 [4]
386 450 [0]
105 730 [1]
8 823 [5]
21 815 [0]
9 820 [7]
22 814 [0]
356 480 [0]
343 491 [2]
9 828 [0]
0 837 [0]
2 835 [0]
32 799 [6]
0 830 [7]
8 826 [3]
9 823 [5]
5 833 [0]
16 822 [0]
0 838 [0]
2 830 [6]
0 831 [7]
4 833 [1]
36 796 [6]
7 831 [0]
8 830 [0]
10 826 [2]
1 838 [0]
2 837 [0]
76 757 [6]
6 828 [5]
27 810 [2]
8 828 [3]
98 742 [0]
0 840 [0]
28 810 [2]
8 829 [3]
0 836 [4]
64 776 [0]
68 770 [2]
7 834 [0]
353 488 [0]
14 827 [0]
82 758 [1]
48 789 [4]
322 517 [2]
22 812 [7]
100 735 [7]
1 835 [6]
298 544 [0]
3 837 [2]
197 644 [2]
10 831 [2]
4 834 [5]
4 838 [1]
23 816 [4]
50 791 [2]
227 614 [2]
4 840 [0]
14 830 [0]
5 838 [1]
16 827 [1]
361 483 [0]
8 833 [3]
388 456 [0]
5 835 [4]
6 833 [5]
2 836 [6]
1 844 [0]
6 839 [0]
201 644 [0]
8 834 [3]
9 833 [3]
8 832 [5]
5 837 [3]
9 829 [7]
10 832 [3]
10 833 [2]
158 685 [2]
147 698 [0]
347 498 [0]
33 811 [1]
41 799 [5]
129 712 [4]
294 545 [7]
5 841 [0]
38 806 [2]
102 742 [2]
85 761 [0]
2 843 [1]
171 676 [0]
5 842 [0]
0 847 [0]
3 842 [2]
6 836 [5]
7 837 [3]
16 830 [1]
1 840 [6]
141 706 [0]
0 843 [4]
8 837 [3]
2 839 [7]
13 835 [0]
16 832 [0]
137 705 [6]
8 835 [5]
56 790 [2]
8 841 [0]
9 840 [0]
27 822 [0]
49 800 [0]
94 748 [7]
9 838 [2]
69 780 [0]
196 652 [1]
14 832 [3]
2 842 [5]
6 838 [5]
3 844 [2]
7 841 [1]
0 850 [0]
166 684 [0]
7 843 [0]
343 508 [0]
9 842 [0]
200 651 [0]
4 841 [6]
23 825 [3]
2 844 [5]
4 848 [0]
6 846 [0]
151 701 [0]
28 822 [2]
128 723 [1]
16 835 [1]
7 846 [0]
45 805 [3]
33 813 [7]
5 843 [5]
10 841 [2]
2 845 [6]
347 506 [0]
94 753 [7]
0 854 [0]
2 852 [0]
4 850 [0]
5 849 [0]
27 827 [0]
172 682 [0]
4 849 [1]
1 854 [0]
4 851 [0]
8 844 [3]
6 849 [0]
109 746 [0]
1 850 [4]
341 514 [0]
73 780 [2]
10 843 [2]
10 845 [0]
9 844 [2]
6 850 [0]
90 766 [0]
86 768 [2]
1 849 [6]
12 841 [3]
421 435 [0]
109 744 [3]
1 848 [7]
7 848 [1]
5 850 [1]
25 824 [7]
8 846 [3]
9 846 [2]
22 828 [7]
0 853 [4]
137 721 [0]
147 711 [0]
2 855 [1]
9 849 [0]
8 845 [5]
25 826 [7]
35 822 [1]
21 831 [6]
149 703 [6]
6 848 [4]
79 779 [0]
263 596 [0]
2 857 [0]
5 853 [1]
0 855 [4]
93 762 [4]
28 827 [4]
7 851 [1]
39 814 [6]
10 849 [0]
27 832 [0]
295 562 [2]
80 779 [0]
27 830 [2]
4 855 [1]
12 848 [0]
10 848 [2]
104 755 [1]
21 833 [6]
5 854 [1]
5 856 [0]
0 861 [0]
211 648 [2]
6 851 [4]
4 856 [1]
0 860 [1]
7 854 [0]
305 556 [0]
9 852 [0]
20 839 [2]
11 846 [4]
8 850 [3]
1 856 [4]
2 860 [0]
6 856 [0]
4 852 [6]
13 847 [2]
4 854 [4]
60 798 [4]
7 850 [5]
9 848 [5]
99 764 [0]
245 618 [0]
265 598 [0]
121 740 [2]
4 857 [2]
10 851 [2]
51 811 [1]
6 852 [6]
7 857 [0]
9 855 [0]
5 857 [2]
8 853 [3]
10 854 [0]
12 852 [0]
16 845 [3]
8 851 [5]
16 847 [1]
6 857 [2]
29 836 [0]
164 701 [0]
198 667 [0]
51 813 [1]
356 507 [2]
233 626 [6]
22 836 [7]
0 859 [7]
98 768 [0]
5 861 [0]
56 810 [0]
7 858 [1]
56 806 [4]
260 607 [0]
2 865 [0]
4 863 [0]
5 862 [0]
2 859 [6]
1 862 [4]
2 858 [7]
410 457 [0]
8 856 [3]
22 838 [7]
10 858 [0]
8 860 [0]
281 587 [0]
427 441 [0]
6 860 [2]
6 858 [4]
348 519 [2]
2 867 [0]
1 868 [0]
75 791 [3]
8 861 [0]
23 846 [0]
22 840 [7]
181 686 [2]
6 862 [1]
38 827 [4]
1 869 [0]
8 862 [0]
38 832 [0]
47 823 [0]
2 862 [6]
7 860 [3]
4 867 [0]
8 863 [0]
344 524 [3]
159 711 [1]
6 866 [0]
5 867 [0]
302 569 [1]
10 862 [0]
20 852 [0]
0 865 [7]
27 845 [0]
209 663 [0]
2 864 [6]
325 546 [1]
7 863 [2]
8 859 [5]
11 857 [4]
7 866 [0]
14 859 [0]
43 831 [0]
0 874 [0]
9 862 [3]
10 864 [0]
294 573 [7]
1 866 [7]
68 800 [6]
6 868 [1]
2 873 [0]
7 867 [1]
2 872 [1]
10 865 [0]
344 531 [0]
109 763 [3]
21 854 [0]
350 525 [0]
99 769 [7]
25 843 [7]
28 845 [2]
53 822 [0]
1 867 [7]
211 665 [0]
8 868 [0]
27 847 [2]
4 872 [0]
8 867 [1]
4 868 [4]
4 866 [6]
7 868 [1]
293 584 [0]
197 678 [2]
8 864 [5]
2 869 [6]
1 876 [0]
86 791 [0]
10 866 [1]
16 861 [0]
21 850 [6]
0 878 [0]
88 786 [4]
8 865 [5]
297 581 [0]
16 859 [3]
407 471 [0]
1 870 [7]
12 866 [0]
22 856 [0]
311 567 [0]
7 870 [1]
9 870 [0]
1 878 [0]
7 872 [0]
5 872 [2]
33 842 [4]
9 868 [3]
9 871 [0]
16 864 [0]
294 579 [7]
6 870 [4]
4 870 [6]
357 522 [1]
7 871 [2]
6 872 [2]
35 845 [1]
0 881 [0]
6 875 [0]
51 829 [1]
107 774 [0]
87 790 [4]
14 864 [3]
10 869 [2]
12 867 [3]
0 882 [0]
409 472 [1]
16 865 [1]
12 870 [0]
29 853 [0]
8 871 [3]
277 605 [0]
22 853 [7]
8 869 [5]
15 868 [0]
8 875 [0]
9 874 [0]
7 875 [1]
8 870 [5]
39 838 [6]
1 875 [7]
233 645 [5]
34 843 [6]
8 872 [3]
11 872 [0]
203 680 [0]
0 876 [7]
56 827 [0]
190 692 [1]
15 862 [7]
1 883 [0]
10 874 [0]
2 876 [6]
14 869 [1]
0 877 [7]
22 855 [7]
5 875 [4]
6 879 [0]
2 883 [0]
106 777 [2]
2 877 [6]
7 874 [5]
20 866 [0]
10 873 [3]
2 884 [0]
8 873 [5]
9 877 [0]
45 839 [2]
100 779 [7]
6 881 [0]
4 881 [2]
1 879 [7]
8 879 [0]
10 875 [2]
12 875 [0]
7 879 [1]
27 861 [0]
18 868 [2]
337 551 [0]
7 880 [1]
56 832 [0]
2 881 [5]
6 878 [5]
9 875 [5]
4 884 [1]
129 760 [0]
10 876 [3]
4 879 [6]
10 877 [2]
8 876 [5]
51 837 [1]
3 881 [5]
8 878 [3]
5 885 [0]
8 882 [0]
56 830 [4]
8 877 [5]
141 744 [5]
89 801 [0]
178 710 [2]
305 585 [0]
7 884 [0]
8 883 [0]
73 817 [1]
13 877 [1]
29 856 [6]
7 883 [1]
27 865 [0]
0 892 [0]
69 817 [6]
0 885 [7]
99 793 [0]
23 863 [6]
14 877 [1]
27 864 [1]
10 882 [0]
16 873 [3]
30 862 [0]
39 849 [4]
5 883 [4]
9 884 [0]
0 893 [0]
2 891 [0]
2 885 [6]
4 889 [0]
8 885 [0]
109 784 [0]
358 535 [0]
9 879 [5]
0 886 [7]
429 464 [0]
4 883 [6]
6 883 [4]
24 869 [0]
16 876 [1]
114 779 [0]
51 842 [0]
0 894 [0]
1 893 [0]
1 889 [4]
14 876 [4]
28 864 [2]
16 877 [1]
32 856 [6]
6 889 [0]
42 853 [0]
79 816 [0]
6 888 [2]
7 889 [0]
95 801 [0]
51 844 [1]
219 677 [0]
11 881 [4]
80 816 [1]
7 888 [2]
410 485 [2]
10 887 [0]
38 859 [0]
198 699 [0]
4 888 [5]
45 852 [0]
79 818 [0]
53 845 [0]
2 896 [0]
350 548 [0]
6 891 [1]
1 891 [6]
2 890 [6]
23 871 [4]
12 883 [3]
297 597 [5]
2 897 [0]
8 891 [0]
8 888 [3]
8 886 [5]
50 847 [2]
157 739 [3]
36 857 [6]
9 888 [2]
6 894 [0]
2 898 [0]
3 897 [0]
31 867 [2]
5 891 [4]
4 894 [2]
13 885 [2]
0 896 [4]
80 820 [0]
60 840 [0]
2 894 [5]
0 901 [0]
5 896 [0]
49 850 [2]
7 894 [0]
21 874 [6]
27 873 [1]
1 901 [0]
16 885 [1]
8 889 [5]
109 794 [0]
8 895 [0]
10 891 [2]
16 887 [0]
0 897 [6]
43 854 [6]
9 891 [3]
27 876 [0]
136 767 [0]
8 890 [5]
14 886 [3]
28 873 [2]
1 896 [6]
11 888 [4]
5 899 [0]
2 902 [0]
4 895 [5]
7 895 [2]
1 897 [6]
6 898 [0]
14 887 [3]
5 897 [3]
2 903 [0]
13 891 [1]
20 880 [5]
192 713 [0]
38 865 [2]
281 624 [0]
4 900 [1]
10 892 [3]
7 898 [1]
14 892 [0]
16 890 [0]
357 549 [0]
6 899 [1]
8 893 [5]
1 898 [7]
5 900 [1]
276 631 [0]
8 899 [0]
1 900 [6]
14 890 [3]
8 896 [3]
22 878 [7]
7 899 [1]
212 695 [0]
28 876 [4]
9 899 [0]
215 688 [5]
2 905 [1]
10 896 [2]
8 901 [0]
10 899 [0]
36 872 [1]
35 873 [1]
0 902 [7]
122 783 [4]
106 804 [0]
12 898 [0]
16 893 [1]
330 580 [0]
2 908 [0]
9 901 [0]
1 903 [6]
79 825 [6]
0 903 [7]
10 898 [2]
28 882 [0]
93 813 [4]
50 861 [0]
2 909 [0]
8 903 [0]
8 900 [3]
0 904 [7]
292 619 [0]
9 900 [2]
359 545 [7]
222 686 [3]
253 658 [0]
1 905 [6]
2 910 [0]
8 904 [0]
9 898 [5]
27 885 [0]
10 900 [2]
5 903 [4]
1 904 [7]
25 884 [3]
122 786 [4]
5 908 [0]
0 913 [0]
2 911 [0]
319 594 [0]
6 907 [0]
7 906 [0]
45 866 [2]
3 908 [2]
5 904 [4]
1 906 [6]
10 901 [2]
4 906 [4]
0 914 [0]
31 883 [0]
109 805 [0]
0 908 [6]
2 912 [0]
5 909 [0]
426 488 [0]
8 906 [0]
209 704 [1]
371 543 [0]
64 847 [3]
18 889 [7]
1 914 [0]
14 901 [0]
8 902 [5]
13 901 [1]
27 886 [2]
10 903 [2]
109 803 [3]
8 905 [3]
1 915 [0]
0 916 [0]
266 650 [0]
229 685 [2]
177 736 [3]
28 886 [2]
6 905 [5]
2 914 [0]
1 909 [6]
14 903 [0]
7 910 [0]
47 870 [0]
6 912 [0]
14 904 [0]
16 902 [0]
1 911 [6]
3 913 [2]
9 904 [5]
7 907 [5]
1 918 [0]
60 855 [4]
9 907 [3]
4 913 [2]
309 609 [1]
79 834 [6]
9 908 [2]
34 884 [1]
2 913 [5]
27 893 [0]
129 790 [1]
4 916 [0]
4 910 [6]
5 915 [0]
5 914 [1]
20 898 [2]
7 913 [0]
147 766 [7]
199 722 [0]
9 912 [0]
40 877 [4]
15 899 [7]
2 919 [0]
5 911 [5]
16 904 [1]
109 809 [3]
1 916 [4]
1 917 [4]
0 922 [0]
6 911 [5]
17 904 [1]
5 917 [0]
7 915 [0]
6 910 [6]
8 911 [3]
38 882 [2]
85 836 [1]
9 913 [0]
9 911 [2]
12 910 [0]
0 923 [0]
8 915 [0]
276 647 [0]
2 915 [6]
8 912 [3]
38 886 [0]
9 915 [0]
100 818 [6]
259 662 [3]
119 804 [1]
10 914 [0]
385 539 [0]
10 912 [2]
1 919 [4]
6 917 [1]
7 918 [0]
141 784 [0]
5 920 [0]
4 917 [4]
83 841 [1]
8 914 [3]
79 846 [0]
10 915 [0]
436 489 [0]
291 634 [0]
6 914 [5]
24 901 [0]
5 921 [0]
8 918 [0]
16 909 [1]
1 921 [4]
9 917 [0]
2 922 [2]
190 735 [1]
2 918 [6]
3 922 [2]
191 736 [0]
100 820 [7]
8 916 [3]
6 920 [1]
25 896 [7]
4 924 [0]
4 920 [4]
5 923 [0]
4 918 [6]
1 923 [4]
2 920 [6]
7 922 [0]
4 921 [4]
30 899 [0]
7 917 [5]
22 900 [7]
432 497 [0]
0 926 [4]
1 929 [0]
6 919 [5]
410 514 [6]
114 816 [0]
5 922 [3]
33 897 [0]
53 873 [4]
444 486 [0]
454 476 [0]
92 838 [0]
38 887 [6]
322 609 [0]
7 924 [0]
18 906 [7]
20 910 [1]
2 928 [1]
113 818 [0]
9 923 [0]
10 920 [2]
1 927 [4]
6 926 [0]
27 903 [2]
100 825 [7]
174 754 [4]
9 920 [3]
0 928 [4]
38 892 [2]
7 920 [5]
4 929 [0]
0 933 [0]
247 686 [0]
12 918 [3]
8 920 [5]
4 928 [1]
10 921 [2]
8 922 [3]
7 921 [5]
2 925 [6]
211 720 [2]
6 923 [5]
8 926 [0]
5 929 [0]
6 927 [1]
128 806 [0]
22 905 [7]
93 837 [4]
38 890 [6]
8 923 [3]
5 925 [4]
21 907 [6]
8 921 [5]
266 669 [0]
1 934 [0]
100 834 [1]
141 794 [0]
7 923 [5]
7 927 [1]
256 679 [0]
8 924 [3]
283 646 [6]
397 539 [0]
22 914 [0]
1 931 [4]
0 936 [0]
19 913 [4]
27 909 [0]
0 930 [7]
3 934 [0]
105 826 [6]
6 931 [0]
5 931 [1]
107 829 [1]
8 930 [0]
7 931 [0]
9 929 [0]
5 928 [5]
21 917 [0]
85 853 [0]
2 930 [6]
5 932 [1]
83 848 [7]
1 930 [7]
10 926 [2]
5 934 [0]
7 932 [0]
39 900 [0]
232 705 [2]
6 928 [5]
0 932 [7]
5 930 [4]
9 927 [3]
121 819 [0]
327 613 [0]
113 825 [2]
10 928 [2]
8 927 [5]
8 929 [3]
0 941 [0]
1 940 [0]
1 936 [4]
22 912 [7]
288 653 [0]
2 934 [5]
10 931 [0]
2 940 [0]
6 936 [0]
8 934 [0]
21 921 [0]
38 902 [2]
5 936 [1]
16 925 [1]
56 886 [0]
79 863 [0]
101 841 [0]
455 487 [0]
15 920 [7]
1 935 [6]
179 764 [0]
2 941 [0]
5 938 [0]
69 874 [0]
29 914 [0]
91 847 [5]
21 916 [6]
9 931 [3]
141 803 [0]
209 734 [1]
10 932 [2]
7 934 [3]
5 935 [4]
453 492 [0]
8 932 [5]
50 893 [2]
56 887 [2]
66 878 [1]
56 890 [0]
100 846 [0]
97 849 [0]
16 930 [0]
45 898 [3]
0 939 [7]
17 930 [0]
14 933 [0]
26 921 [0]
189 758 [0]
1 942 [4]
344 600 [3]
4 937 [6]
2 939 [6]
2 943 [2]
105 843 [0]
9 936 [3]
7 936 [5]
6 942 [0]
10 938 [0]
8 935 [5]
3 943 [2]
73 874 [1]
22 926 [0]
7 937 [4]
10 936 [2]
4 945 [0]
130 819 [0]
6 937 [6]
0 943 [6]
51 897 [1]
12 937 [1]
1 945 [4]
7 942 [1]
4 942 [4]
8 938 [5]
109 839 [3]
7 944 [0]
80 871 [0]
6 940 [5]
5 945 [1]
9 940 [2]
31 918 [2]
2 944 [5]
10 939 [3]
3 949 [0]
0 952 [0]
0 945 [7]
18 927 [7]
6 944 [2]
3 944 [5]
6 946 [0]
8 939 [5]
9 943 [0]
179 769 [4]
56 892 [4]
87 865 [0]
5 946 [1]
4 949 [0]
5 948 [0]
383 570 [0]
7 943 [3]
7 946 [0]
0 946 [7]
14 938 [1]
8 945 [0]
14 939 [0]
433 520 [0]
256 696 [1]
4 944 [5]
7 947 [0]
1 953 [0]
3 951 [0]
10 942 [2]
9 942 [3]
8 941 [5]
54 896 [4]
79 871 [4]
0 955 [0]
8 942 [5]
29 919 [7]
3 947 [5]
107 844 [4]
0 948 [7]
141 809 [6]
7 949 [0]
10 946 [0]
1 949 [6]
16 939 [1]
2 948 [6]
27 925 [4]
10 945 [2]
6 951 [0]
8 946 [3]
4 951 [2]
9 945 [3]
178 777 [2]
6 949 [2]
0 950 [7]
20 937 [0]
83 875 [0]
9 946 [3]
8 947 [3]
2 951 [5]
2 950 [6]
9 947 [2]
477 481 [0]
22 929 [7]
0 959 [0]
3 956 [0]
51 908 [0]
21 932 [6]
3 954 [2]
33 922 [4]
4 954 [2]
1 959 [0]
8 949 [3]
114 846 [0]
64 893 [3]
8 952 [0]
111 849 [0]
0 961 [0]
2 958 [1]
6 955 [0]
1 954 [6]
7 954 [0]
28 933 [0]
29 926 [6]
7 953 [1]
1 961 [0]
27 935 [0]
9 953 [0]
27 933 [2]
8 951 [3]
1 955 [6]
6 957 [0]
2 961 [0]
2 955 [6]
255 707 [1]
2 956 [5]
8 950 [5]
102 861 [0]
59 904 [0]
6 954 [3]
4 953 [6]
10 950 [3]
15 942 [7]
347 617 [0]
2 962 [0]
176 785 [3]
355 606 [3]
32 926 [6]
7 957 [0]
100 863 [1]
421 540 [3]
6 956 [2]
16 948 [0]
6 959 [0]
8 954 [3]
9 954 [2]
10 953 [2]
4 956 [5]
7 959 [0]
8 953 [5]
8 958 [0]
461 505 [0]
14 952 [0]
403 562 [1]
21 945 [0]
27 939 [0]
372 594 [0]
98 861 [7]
79 888 [0]
4 963 [0]
2 965 [0]
2 964 [1]
9 957 [1]
8 959 [0]
16 950 [1]
2 959 [6]
14 950 [3]
49 916 [2]
109 858 [0]
433 534 [0]
8 956 [3]
84 884 [0]
5 963 [0]
16 952 [0]
19 949 [0]
318 645 [6]
10 959 [0]
121 848 [0]
22 940 [7]
6 958 [5]
4 960 [5]
9 958 [2]
7 960 [2]
185 780 [4]
83 879 [7]
24 938 [7]
80 888 [1]
332 638 [0]
7 962 [1]
1 962 [7]
10 958 [2]
165 804 [1]
27 941 [2]
227 742 [2]
9 960 [2]
2 963 [6]
75 893 [3]
171 799 [1]
4 967 [0]
8 960 [3]
1 964 [6]
9 959 [3]
9 962 [0]
0 965 [7]
13 959 [0]
284 687 [1]
366 604 [2]
6 962 [4]
4 962 [6]
344 625 [3]
6 961 [5]
211 761 [0]
9 964 [0]
1 968 [4]
2 966 [5]
5 966 [2]
38 933 [2]
5 964 [5]
268 705 [1]
282 692 [0]
121 851 [2]
6 966 [2]
433 541 [0]
106 866 [2]
5 965 [4]
44 928 [2]
6 964 [5]
2 973 [0]
1 967 [7]
1 970 [4]
8 962 [5]
9 963 [3]
7 963 [5]
8 964 [3]
6 968 [1]
345 631 [0]
0 976 [0]
7 966 [3]
64 909 [3]
2 974 [0]
87 887 [2]
69 907 [0]
4 968 [4]
8 963 [5]
7 968 [1]
6 967 [4]
9 968 [0]
1 969 [7]
7 969 [1]
6 970 [1]
7 970 [0]
154 821 [2]
12 962 [3]
344 630 [3]
20 957 [0]
8 966 [3]
50 925 [2]
113 863 [2]
5 973 [0]
10 968 [0]
2 969 [7]
4 970 [4]
43 932 [3]
374 604 [0]
151 823 [4]
100 871 [7]
14 965 [0]
2 977 [0]
7 972 [0]
10 969 [0]
2 971 [6]
12 967 [0]
27 948 [4]
149 826 [4]
27 952 [0]
10 967 [2]
6 969 [4]
73 907 [0]
0 980 [0]
221 754 [5]
324 656 [0]
2 979 [0]
12 969 [0]
255 725 [1]
9 967 [5]
11 966 [4]
386 590 [5]
8 968 [5]
2 972 [7]
7 975 [0]
45 937 [0]
16 965 [1]
4 973 [5]
238 743 [1]
7 973 [2]
4 972 [6]
2 975 [6]
1 982 [0]
10 973 [0]
233 744 [6]
200 782 [1]
197 787 [0]
12 972 [0]
8 971 [5]
8 973 [3]
272 712 [0]
238 745 [1]
6 972 [6]
0 977 [7]
263 722 [0]
14 971 [0]
15 963 [7]
310 675 [0]
61 917 [7]
6 975 [4]
423 562 [0]
256 723 [6]
1 978 [6]
126 860 [0]
68 916 [2]
51 934 [1]
10 974 [3]
10 977 [0]
5 982 [0]
36 951 [0]
22 958 [7]
1 979 [7]
8 974 [5]
50 935 [2]
5 978 [4]
2 984 [1]
8 980 [0]
5 983 [0]
6 982 [0]
166 819 [3]
16 971 [1]
5 979 [4]
0 981 [7]
130 851 [7]
18 970 [0]
2 980 [6]
379 609 [0]
20 969 [0]
2 981 [6]
9 975 [5]
36 947 [6]
173 811 [5]
201 787 [1]
23 960 [6]
5 985 [0]
9 981 [0]
5 981 [4]
15 968 [7]
10 975 [5]
38 950 [2]
16 974 [0]
29 961 [0]
2 987 [1]
93 897 [0]
1 983 [6]
114 871 [5]
4 982 [4]
14 974 [3]
0 991 [0]
2 989 [0]
4 987 [0]
8 978 [5]
13 976 [2]
386 603 [2]
2 983 [6]
14 977 [0]
20 972 [0]
1 991 [0]
5 987 [0]
8 979 [5]
38 952 [2]
129 859 [4]
109 880 [3]
69 923 [0]
0 985 [7]
18 968 [6]
16 976 [0]
27 965 [0]
4 984 [5]
7 984 [2]
327 660 [6]
8 982 [3]
10 980 [3]
203 788 [3]
382 612 [0]
2 986 [6]
8 981 [5]
479 515 [0]
16 977 [1]
5 984 [5]
16 978 [1]
10 985 [0]
51 943 [1]
396 599 [0]
56 939 [0]
8 984 [3]
4 990 [1]
5 986 [4]
7 983 [5]
9 983 [3]
6 990 [0]
36 956 [4]
48 944 [4]
7 989 [0]
8 988 [0]
7 987 [2]
8 983 [5]
5 990 [1]
100 895 [1]
14 980 [3]
9 988 [0]
28 965 [4]
4 988 [5]
20 975 [2]
356 639 [2]
7 988 [2]
186 810 [1]
277 719 [1]
50 941 [6]
3 992 [2]
14 981 [2]
7 985 [5]
4 994 [0]
317 677 [4]
16 981 [1]
0 994 [4]
16 979 [3]
8 991 [0]
50 948 [1]
407 591 [1]
10 986 [3]
48 947 [4]
2 997 [0]
181 814 [4]
10 987 [2]
10 990 [0]
69 931 [0]
27 971 [2]
0 993 [7]
5 992 [3]
4 997 [0]
88 911 [2]
5 991 [5]
305 696 [0]
17 981 [3]
28 971 [2]
121 879 [2]
6 991 [5]
16 986 [0]
7 995 [0]
5 996 [1]
91 909 [2]
7 992 [3]
64 935 [3]
296 705 [1]
8 995 [0]
38 965 [0]
8 992 [3]
10 991 [2]
199 802 [2]
75 925 [3]
11 988 [4]
55 947 [1]
1 995 [7]
7 997 [0]
5 999 [0]
99 905 [0]
5 995 [4]
10 989 [5]
4 999 [1]
0 998 [7]
85 919 [1]
141 858 [6]
494 511 [0]
27 978 [0]
255 749 [1]
9 994 [2]
25 973 [7]
27 976 [2]
15 983 [7]
27 977 [1]
6 995 [4]
27 979 [0]
8 993 [5]
10 994 [2]
5 997 [4]
34 973 [0]
126 881 [0]
438 569 [0]
6 997 [4]
10 996 [2]
20 989 [0]
25 984 [0]
130 879 [0]
478 531 [0]
317 691 [1]
36 966 [7]
9 995 [5]
128 882 [0]
195 815 [0]
132 874 [4]
56 952 [2]
9 999 [2]
8 997 [5]
12 995 [3]
188 818 [4]
8 999 [3]
14 993 [3]
502 509 [0]
8 998 [5]
179 828 [4]
14 998 [0]
21 985 [6]
12 997 [3]
324 689 [0]
75 935 [3]
344 666 [3]
86 925 [2]
216 796 [1]
38 971 [4]
35 979 [0]
27 986 [1]
186 827 [1]
38 977 [0]
297 718 [0]
70 946 [0]
75 941 [0]
129 887 [0]
186 830 [0]
28 986 [2]
135 882 [0]
38 980 [0]
131 887 [0]
410 608 [0]
166 851 [1]
25 994 [0]
474 545 [0]
45 972 [2]
38 974 [7]
22 990 [7]
25 987 [7]
264 755 [0]
129 890 [1]
22 991 [7]
28 993 [0]
131 890 [0]
341 674 [6]
126 894 [1]
282 735 [4]
290 732 [0]
161 861 [0]
128 892 [2]
35 986 [1]
233 784 [5]
94 928 [1]
291 731 [1]
188 834 [1]
477 547 [0]
22 996 [7]
98 925 [2]
28 998 [0]
87 939 [0]
424 602 [0]
141 880 [5]
75 948 [3]
56 971 [0]
233 794 [0]
27 998 [2]
43 985 [0]
22 999 [7]
439 589 [0]
344 681 [3]
481 547 [0]
39 990 [0]
33 992 [4]
50 976 [3]
100 924 [6]
31 997 [2]
115 916 [0]
272 760 [0]
129 902 [1]
137 889 [6]
56 974 [2]
122 911 [0]
97 929 [7]
424 610 [0]
34 994 [6]
39 991 [4]
38 993 [4]
340 695 [0]
83 953 [0]
56 980 [2]
294 738 [6]
203 831 [4]
98 941 [0]
104 935 [0]
113 924 [2]
89 949 [1]
450 590 [0]
53 986 [1]
90 951 [0]
107 934 [0]
87 950 [4]
39 996 [6]
39 999 [4]
233 803 [6]
89 954 [0]
64 976 [3]
51 992 [1]
79 960 [6]
98 948 [0]
127 919 [0]
463 583 [0]
117 922 [7]
209 836 [1]
99 940 [7]
350 697 [0]
233 809 [6]
56 993 [0]
304 745 [0]
137 906 [6]
442 607 [0]
83 967 [0]
353 700 [0]
450 603 [0]
277 775 [1]
95 954 [4]
85 961 [7]
56 998 [0]
417 639 [0]
75 978 [3]
204 847 [5]
148 912 [0]
82 979 [0]
471 591 [0]
384 677 [1]
215 841 [6]
185 874 [4]
137 927 [0]
176 885 [3]
263 802 [0]
211 853 [1]
109 957 [0]
86 978 [2]
281 786 [0]
281 783 [3]
256 806 [6]
87 977 [4]
152 912 [4]
184 884 [1]
80 988 [1]
377 693 [0]
363 707 [0]
87 980 [4]
113 960 [0]
150 923 [0]
525 548 [0]
145 929 [0]
427 645 [2]
154 919 [1]
216 857 [1]
243 832 [0]
534 541 [0]
121 953 [1]
384 691 [1]
197 878 [1]
233 839 [5]
83 995 [0]
190 888 [0]
137 942 [0]
201 878 [1]
248 831 [1]
143 938 [0]
139 941 [1]
130 953 [0]
188 895 [0]
231 853 [0]
267 818 [0]
109 975 [3]
125 962 [0]
299 785 [3]
192 896 [0]
216 872 [0]
179 905 [4]
410 674 [4]
230 854 [4]
139 948 [1]
105 984 [0]
361 727 [1]
122 964 [4]
275 817 [0]
383 710 [0]
485 608 [0]
105 987 [3]
469 626 [0]
100 988 [7]
382 713 [1]
185 907 [4]
147 944 [6]
233 858 [6]
109 989 [0]
147 951 [0]
158 941 [0]
533 566 [0]
133 965 [1]
444 652 [3]
97 999 [4]
282 820 [0]
232 868 [2]
267 834 [1]
141 957 [5]
354 750 [0]
344 757 [3]
129 974 [1]
359 738 [7]
367 738 [0]
112 990 [3]
343 760 [2]
148 958 [0]
137 970 [0]
317 789 [1]
112 996 [0]
318 784 [6]
117 992 [0]
131 974 [4]
129 980 [1]
147 956 [7]
154 955 [2]
213 899 [0]
255 857 [0]
233 880 [0]
225 890 [0]
141 975 [0]
188 924 [4]
295 821 [1]
318 794 [6]
186 933 [0]
325 791 [3]
378 739 [3]
232 889 [0]
407 714 [1]
536 588 [0]
149 973 [4]
318 803 [6]
198 930 [0]
180 947 [1]
287 843 [1]
277 852 [2]
299 835 [0]
203 932 [0]
272 859 [4]
361 774 [1]
202 933 [1]
393 743 [0]
141 989 [6]
565 572 [0]
149 984 [4]
486 652 [0]
149 987 [4]
232 906 [2]
297 842 [1]
556 585 [0]
167 976 [1]
256 882 [6]
266 871 [7]
183 963 [0]
145 999 [4]
536 611 [1]
324 824 [1]
356 793 [1]
463 688 [0]
265 886 [1]
348 802 [6]
532 624 [0]
431 726 [0]
503 655 [0]
495 663 [0]
232 927 [2]
267 895 [0]
318 839 [5]
383 777 [3]
351 812 [0]
183 983 [0]
386 781 [2]
206 964 [0]
536 633 [1]
181 990 [0]
543 628 [0]
371 797 [3]
357 818 [1]
181 996 [0]
334 839 [5]
272 902 [4]
581 597 [0]
186 993 [0]
500 672 [7]
437 744 [0]
458 725 [0]
357 825 [1]
250 932 [1]
299 885 [0]
356 828 [0]
190 988 [6]
236 950 [0]
528 659 [0]
241 944 [3]
277 910 [2]
186 998 [6]
524 666 [0]
267 924 [0]
327 860 [4]
361 829 [1]
357 834 [1]
258 933 [1]
290 903 [1]
359 833 [2]
202 993 [0]
268 927 [1]
243 952 [1]
305 892 [0]
588 611 [0]
412 788 [0]
343 859 [2]
318 880 [6]
232 970 [2]
280 926 [0]
202 998 [6]
458 749 [0]
233 975 [0]
327 881 [0]
276 931 [1]
483 727 [0]
427 784 [0]
292 915 [4]
276 936 [0]
297 908 [7]
459 754 [0]
277 937 [0]
236 977 [0]
295 919 [1]
528 683 [5]
553 664 [0]
530 687 [0]
230 985 [3]
533 685 [1]
222 996 [1]
255 966 [0]
588 633 [0]
557 665 [0]
560 662 [0]
327 894 [1]
278 944 [0]
427 794 [2]
389 835 [0]
358 865 [1]
600 625 [0]
403 821 [1]
407 813 [7]
233 989 [6]
586 642 [0]
452 780 [0]
427 803 [2]
500 733 [0]
238 994 [1]
450 781 [3]
525 708 [3]
478 757 [1]
600 630 [0]
503 737 [0]
565 679 [0]
611 633 [0]
247 996 [1]
480 764 [0]
294 945 [7]
343 902 [2]
423 821 [3]
323 926 [0]
411 839 [0]
258 993 [0]
566 685 [0]
277 972 [2]
295 955 [1]
352 900 [0]
284 969 [0]
309 943 [1]
386 869 [0]
357 895 [3]
548 708 [0]
346 911 [0]
355 901 [2]
295 961 [4]
601 661 [0]
333 929 [0]
621 643 [0]
322 943 [0]
350 913 [3]
356 905 [6]
508 760 [0]
480 793 [0]
292 983 [0]
391 884 [0]
294 982 [0]
507 769 [0]
557 720 [0]
473 804 [0]
570 710 [0]
469 809 [2]
357 924 [0]
318 957 [6]
336 949 [0]
421 863 [3]
313 976 [1]
342 951 [0]
432 860 [1]
356 940 [0]
465 831 [0]
342 956 [0]
550 748 [0]
361 934 [4]
581 718 [2]
601 703 [0]
325 978 [1]
427 880 [0]
474 833 [1]
407 897 [5]
395 916 [0]
401 912 [0]
597 718 [0]
532 786 [0]
596 722 [0]
330 990 [0]
464 856 [0]
450 869 [3]
386 938 [0]
605 719 [0]
403 919 [3]
432 894 [1]
363 966 [0]
582 747 [0]
469 858 [2]
399 933 [0]
601 730 [4]
530 807 [0]
341 992 [6]
581 759 [1]
659 683 [0]
500 840 [4]
570 777 [0]
582 765 [0]
522 825 [0]
359 982 [7]
367 982 [1]
442 909 [1]
438 917 [0]
500 855 [0]
616 740 [0]
578 778 [0]
614 742 [0]
497 860 [0]
597 759 [1]
592 766 [0]
377 979 [2]
452 907 [1]
401 958 [1]
403 955 [3]
661 703 [0]
593 773 [0]
403 961 [3]
521 847 [0]
677 691 [0]
405 964 [0]
477 893 [1]
595 776 [0]
385 985 [2]
423 955 [0]
627 751 [0]
605 775 [0]
562 821 [0]
423 961 [0]
427 957 [0]
397 985 [2]
421 960 [3]
665 720 [0]
393 994 [1]
480 905 [4]
450 938 [3]
655 737 [0]
661 730 [1]
491 902 [0]
497 894 [5]
475 922 [0]
462 936 [0]
441 957 [0]
679 723 [0]
540 863 [0]
672 733 [0]
410 992 [4]
552 867 [0]
538 886 [0]
480 940 [4]
581 842 [1]
559 870 [0]
645 784 [0]
644 787 [0]
703 730 [0]
651 782 [0]
704 734 [0]
597 842 [0]
525 913 [3]
467 976 [0]
558 889 [0]
565 882 [0]
556 892 [0]
571 887 [0]
517 943 [0]
469 989 [2]
605 852 [5]
499 963 [0]
558 906 [0]
641 823 [0]
677 789 [2]
479 986 [4]
549 924 [0]
552 918 [4]
725 749 [0]
585 892 [0]
550 928 [0]
691 789 [0]
626 858 [0]
679 806 [2]
710 777 [0]
719 775 [0]
613 881 [0]
530 969 [4]
540 960 [4]
597 908 [1]
672 840 [0]
689 824 [0]
516 999 [0]
607 909 [0]
605 910 [2]
655 864 [0]
715 808 [0]
546 978 [0]
644 878 [2]
672 855 [0]
714 813 [0]
558 970 [0]
619 915 [0]
684 851 [0]
542 998 [0]
704 836 [0]
603 938 [0]
605 937 [0]
561 981 [0]
552 997 [4]
735 820 [0]
622 935 [0]
589 971 [0]
618 947 [0]
763 805 [0]
771 798 [0]
734 836 [0]
770 800 [0]
733 840 [0]
647 931 [0]
605 972 [5]
616 967 [1]
733 855 [0]
667 930 [0]
794 803 [0]
762 837 [0]
737 864 [0]
774 829 [0]
715 891 [1]
668 946 [0]
774 844 [4]
718 908 [0]
719 910 [0]
810 830 [0]
716 925 [0]
649 995 [0]
781 869 [0]
818 834 [0]
741 921 [0]
822 845 [0]
829 844 [0]
794 880 [0]
686 996 [0]
803 880 [0]
780 907 [0]
740 967 [0]
775 937 [0]
818 895 [2]
845 873 [0]
729 991 [0]
738 982 [0]
735 988 [0]
834 895 [0]
793 940 [0]
743 994 [0]
821 955 [0]
832 952 [0]
867 918 [0]
889 906 [0]
809 989 [0]
826 984 [0]
826 987 [1]
889 970 [1]
912 958 [0]
951 956 [0]
