1600
12
41
180
320
353
414
958
1287
1533
800
322
72
196
456
27
83
261
47
150
218
119
224
698
305
169
703
435
101
274
87
135
92
343
380
12
262
30
278
113
5
1312
156
171
515
133
256
277
102
387
129
533
276
713
1320
444
50
327
67
474
170
89
157
650
57
319
429
185
537
70
118
225
1224
104
215
0
95
76
582
212
201
100
249
34
64
989
254
684
547
62
49
452
138
38
8
705
177
16
146
65
402
231
241
1
541
791
9
403
672
121
202
356
287
501
136
128
798
819
405
273
390
203
404
638
592
74
73
660
71
518
337
340
33
21
335
187
93
60
26
48
913
195
897
386
182
167
219
505
357
281
44
538
385
11
24
227
7
107
397
66
333
142
449
754
634
299
497
925
332
35
140
271
55
600
108
953
79
751
725
618
36
510
247
744
378
577
6
973
164
68
144
374
293
85
192
664
303
149
616
159
115
525
173
870
461
147
90
570
80
205
393
289
110
455
88
763
105
181
655
158
132
42
52
408
175
680
111
106
640
486
653
148
373
410
709
434
997
1078
22
145
364
234
602
665
606
825
253
1044
103
1215
239
495
906
1020
409
920
282
344
272
342
459
513
371
860
527
325
530
130
1112
605
1140
552
835
396
535
206
1337
524
810
683
886
313
574
629
681
508
580
389
270
696
338
323
383
236
976
151
631
661
360
1049
485
339
938
2
624
359
186
770
450
1065
59
607
69
566
1486
18
394
1031
857
493
489
54
523
823
887
37
178
882
40
834
471
426
306
562
97
849
242
1103
127
295
641
1406
632
134
644
355
285
123
528
756
208
1246
480
900
659
1076
576
304
587
567
176
777
473
425
391
420
948
692
82
23
771
604
494
609
372
448
230
1141
500
399
685
788
31
1256
822
184
667
614
29
499
345
711
1093
520
112
1388
880
1009
56
346
243
194
300
392
697
122
1351
488
370
160
952
220
13
1165
879
891
469
936
828
296
1077
379
174
223
328
99
586
1245
191
1094
990
1314
216
908
623
710
779
972
1321
445
457
1115
719
682
889
347
481
1052
572
859
575
596
78
39
291
263
418
126
454
238
630
131
45
367
693
193
654
411
590
553
1380
384
75
686
255
314
28
804
1317
197
210
288
617
1155
496
837
63
316
540
563
267
283
862
246
143
1259
58
546
498
381
183
251
478
294
382
783
1110
421
1480
152
125
124
400
43
915
1041
1152
188
221
747
1308
264
179
730
1196
503
237
428
894
1176
460
841
375
416
1262
235
479
645
940
257
266
735
1192
286
162
847
960
543
312
1074
1540
1124
259
1132
213
824
1043
155
161
1485
526
809
812
109
565
1082
10
116
687
851
482
550
228
244
204
165
1010
803
1139
472
198
832
430
439
424
368
838
331
292
957
555
309
1437
1175
642
466
260
626
628
899
153
1304
1195
258
970
137
781
1451
1525
365
438
689
861
350
678
475
1002
695
816
189
302
4
1101
1012
1149
813
91
1219
1135
564
511
548
51
961
729
1120
963
284
775
1281
413
556
815
214
1193
1254
172
334
417
265
398
290
1242
981
1197
675
1418
951
1119
32
594
560
217
476
669
362
268
911
308
352
939
326
996
1180
1114
708
168
229
1005
1035
1204
1057
1154
1390
986
772
330
84
944
269
166
759
96
61
245
120
1018
622
1449
1220
477
621
1345
778
863
534
226
679
15
19
1189
733
1107
1113
869
969
728
643
613
1070
1272
1322
842
852
1022
864
1241
1117
748
561
888
714
433
830
752
817
491
1384
321
975
1042
843
718
1356
280
463
734
1001
608
571
1073
1264
1185
209
1479
919
467
854
1299
795
1335
1419
431
545
611
636
512
1004
1420
1015
462
875
1184
578
663
531
395
468
668
845
826
363
1432
549
1127
591
844
1521
699
649
867
207
750
514
1358
1025
366
222
412
406
865
423
907
516
1309
1257
297
317
792
77
369
785
760
1457
492
802
558
1248
1188
796
581
1338
704
1355
1379
377
1424
232
701
1460
1523
1130
743
671
419
635
3
965
738
1183
878
651
700
539
1329
1198
1258
732
1163
507
559
904
773
1067
946
1410
762
966
603
1297
532
652
1504
1330
757
551
248
1027
275
1148
1332
1453
749
896
677
985
1325
1422
876
1019
717
361
1391
856
673
1104
776
25
1199
94
348
1100
250
354
731
872
846
633
688
1170
1108
720
881
1143
1090
916
820
702
1572
199
1244
988
163
1118
1086
1590
233
1179
544
780
542
805
1136
978
1003
922
979
808
1459
707
1237
898
1099
1305
1098
1360
1585
86
1239
801
599
464
998
971
1594
774
994
1045
1400
569
1016
674
739
648
789
1318
676
836
1268
307
921
1134
1033
1534
1581
1171
529
14
114
1007
1111
1382
1491
910
1402
1577
1063
341
1106
1064
1365
933
1233
840
1203
1333
1263
1225
1597
200
557
487
1463
1286
716
758
982
432
619
765
504
536
853
1373
1293
401
932
1500
20
1456
490
1378
358
522
745
376
657
1006
992
484
1474
1137
987
1079
589
1227
746
1279
909
1051
1228
848
821
1501
46
315
442
1454
336
1381
827
1411
1524
53
901
190
1393
995
794
1307
1483
1519
1518
782
1438
1032
1235
318
427
1291
1339
407
724
1290
1121
1024
1131
1181
1030
139
877
1353
440
1444
1302
415
736
1217
884
453
883
727
1478
858
1208
949
1270
786
81
1222
1050
1564
912
885
955
1344
694
483
1231
1442
753
446
1153
1205
1151
942
1546
388
627
436
1266
1084
1569
1301
1075
1200
1446
1494
1316
1008
1517
931
1346
1210
893
831
1092
1473
637
1157
1186
1477
1284
1392
1232
1503
943
329
1147
1294
1547
1357
903
458
1252
1048
1269
1303
349
1334
1421
1216
1567
1506
871
950
868
806
1490
917
974
1105
993
892
1319
1047
98
465
579
1095
866
1122
1401
1298
1404
839
1046
769
573
1372
1538
1146
1439
1255
977
797
1011
422
1405
1561
1036
1511
1531
298
1194
593
1172
1177
1173
662
141
715
1212
1166
1370
1566
451
1565
502
923
1037
1487
1386
1413
1425
1579
554
1059
945
991
1116
742
929
927
818
595
1326
706
1088
519
1429
761
1435
1174
252
1080
584
1498
1549
764
890
956
1261
1276
1427
1313
874
1354
1445
1397
902
1071
1162
1347
833
1190
1598
1448
829
959
1058
1271
568
601
1426
1223
324
1513
1574
1097
1430
1516
962
1164
517
1580
598
1323
1062
1396
1530
240
610
1021
767
1341
1054
1352
506
967
1466
947
1280
1359
1452
1467
1340
1578
1508
1288
741
1133
1369
937
855
1394
1283
1055
1142
1544
1202
1443
470
926
1462
784
964
1522
1085
1484
740
1495
1550
1482
670
1247
612
984
1529
1249
980
1455
1374
1539
1026
1366
1221
924
1583
1563
1349
1398
1129
1492
1295
690
1562
1507
1289
1461
1450
1497
1362
799
588
1532
1434
1226
1367
1250
721
1213
1159
1331
154
1464
1029
1306
1573
351
1526
1109
1251
1465
787
1273
117
1541
1576
1441
722
211
723
1596
1182
1409
1168
1515
1158
1469
691
1277
1376
1407
1191
1552
1471
656
1556
1399
625
1234
1038
1559
441
1060
1327
17
1509
1275
1267
1599
766
1371
620
597
811
1336
301
1389
1496
1013
1238
1368
983
1403
1592
1476
1586
1377
1571
737
1584
509
968
1440
1145
1229
1207
1570
1415
1575
807
1527
1138
1160
1034
1428
1230
1296
1292
437
583
1588
1348
1040
1408
615
1560
1436
1593
1417
1240
793
1528
954
310
1537
918
1493
1557
1000
1328
1553
1568
1087
1416
1542
1510
666
521
1072
1472
1023
1282
1555
1209
1595
712
1028
1315
1274
585
1554
1150
1499
999
1187
1069
1551
1514
1260
1488
1364
941
1423
1300
1383
873
647
1096
1489
1169
1350
1278
755
1387
934
1363
1053
1061
914
1548
1091
1475
1361
1089
1481
1310
768
1589
1324
1128
1265
1536
658
1412
1211
1545
1206
1458
1582
1447
279
1433
1161
1431
1414
1014
1123
1102
1167
1201
1470
1125
1543
895
1512
1214
1081
1126
790
311
930
814
1017
1502
1311
850
928
1342
1156
1558
1520
1253
1068
1178
1218
1285
1385
1144
1587
1535
1243
1343
1056
447
1591
443
1083
726
905
935
1505
639
1039
1066
1395
1375
1468
646
1236
15 19 [0]
11 24 [0]
8 38 [0]
21 33 [0]
26 48 [0]
38 42 [4]
26 60 [0]
42 52 [0]
0 95 [0]
34 64 [0]
23 82 [0]
27 83 [0]
49 62 [0]
7 107 [0]
39 78 [0]
5 113 [0]
10 116 [0]
14 114 [0]
73 74 [0]
60 93 [0]
61 96 [0]
16 146 [0]
60 99 [5]
22 145 [0]
76 95 [0]
42 132 [0]
35 140 [0]
45 131 [0]
38 138 [0]
70 118 [0]
16 177 [0]
7 183 [6]
47 150 [0]
65 146 [0]
68 144 [0]
38 175 [1]
37 178 [0]
0 215 [0]
106 111 [0]
87 135 [0]
16 208 [1]
92 135 [0]
68 164 [0]
13 220 [0]
7 227 [0]
96 135 [6]
90 147 [0]
1 241 [0]
4 241 [1]
89 157 [0]
124 125 [0]
24 227 [0]
89 170 [0]
128 136 [0]
72 196 [0]
26 246 [1]
115 159 [0]
12 262 [0]
125 152 [0]
85 192 [0]
93 187 [0]
34 249 [0]
80 205 [0]
137 147 [3]
132 158 [0]
30 262 [0]
12 279 [7]
100 201 [0]
4 302 [0]
61 245 [0]
47 261 [0]
30 278 [0]
27 273 [10]
38 268 [6]
24 291 [1]
155 161 [0]
104 215 [0]
132 184 [6]
121 202 [0]
44 281 [0]
55 271 [0]
79 241 [1]
156 171 [0]
39 291 [0]
113 211 [8]
15 321 [1]
119 218 [0]
47 286 [5]
28 314 [0]
119 224 [0]
118 225 [0]
83 261 [0]
167 182 [0]
100 249 [0]
21 335 [0]
111 248 [1]
87 274 [0]
46 315 [0]
120 245 [0]
35 332 [0]
150 218 [0]
165 204 [0]
95 273 [4]
33 340 [0]
101 274 [0]
57 319 [0]
50 327 [0]
85 293 [0]
63 316 [0]
102 277 [0]
167 219 [0]
143 246 [0]
133 256 [0]
62 318 [9]
113 278 [0]
100 286 [5]
12 380 [0]
67 327 [0]
72 322 [0]
156 239 [1]
11 385 [0]
168 229 [0]
174 223 [0]
89 301 [7]
110 289 [0]
66 333 [0]
56 346 [0]
93 308 [3]
183 220 [3]
197 210 [0]
123 285 [0]
188 221 [0]
140 271 [0]
87 325 [1]
9 403 [0]
18 394 [0]
45 367 [0]
201 212 [0]
84 330 [0]
131 285 [1]
60 357 [1]
133 282 [4]
72 348 [1]
127 295 [0]
101 321 [3]
99 328 [0]
11 417 [1]
72 350 [6]
183 251 [0]
92 343 [0]
166 269 [0]
194 243 [0]
80 359 [1]
94 348 [0]
179 264 [0]
43 400 [0]
77 369 [0]
187 259 [1]
204 244 [0]
162 286 [0]
223 227 [1]
149 303 [0]
159 292 [3]
186 262 [11]
75 384 [0]
136 315 [8]
52 408 [0]
158 296 [6]
184 271 [5]
134 327 [1]
70 392 [1]
216 241 [5]
66 397 [0]
65 402 [0]
46 422 [1]
231 241 [0]
57 412 [3]
228 244 [0]
113 351 [8]
169 305 [0]
142 333 [0]
85 396 [1]
27 456 [0]
102 387 [0]
9 476 [6]
189 302 [0]
52 431 [9]
50 444 [0]
194 300 [0]
30 461 [4]
197 293 [6]
210 288 [0]
49 452 [0]
57 439 [6]
107 397 [0]
172 334 [0]
33 476 [1]
164 345 [1]
11 497 [1]
145 364 [0]
136 375 [1]
129 387 [0]
56 458 [2]
144 374 [0]
0 516 [3]
148 373 [0]
187 335 [0]
257 266 [0]
124 400 [0]
87 426 [11]
18 507 [1]
29 499 [0]
160 370 [0]
30 502 [1]
256 277 [0]
101 435 [0]
138 399 [1]
182 357 [1]
67 474 [0]
1 541 [0]
164 369 [9]
151 380 [11]
83 449 [11]
54 489 [0]
88 455 [0]
14 529 [0]
156 386 [2]
126 418 [0]
186 359 [0]
18 528 [1]
36 510 [0]
267 283 [0]
223 328 [0]
174 379 [0]
170 384 [1]
263 291 [0]
27 518 [10]
152 406 [1]
201 357 [0]
202 356 [0]
269 289 [3]
98 465 [0]
183 381 [0]
110 455 [0]
62 500 [5]
182 386 [0]
255 314 [0]
93 475 [6]
54 523 [0]
136 444 [1]
126 454 [0]
44 538 [0]
6 577 [0]
175 408 [0]
21 561 [3]
222 366 [0]
243 346 [0]
71 518 [0]
138 452 [0]
211 379 [1]
142 449 [0]
241 341 [9]
49 543 [1]
203 390 [0]
268 328 [1]
205 393 [0]
234 364 [0]
71 528 [1]
51 548 [0]
49 541 [11]
167 430 [6]
58 546 [0]
250 354 [0]
35 565 [6]
9 598 [1]
203 404 [0]
70 537 [0]
147 461 [0]
16 587 [5]
62 547 [0]
277 335 [0]
215 393 [4]
272 342 [0]
297 317 [0]
185 429 [0]
232 380 [3]
272 344 [0]
104 514 [1]
236 383 [0]
211 400 [11]
292 331 [0]
32 594 [0]
282 344 [0]
2 624 [0]
27 600 [1]
83 547 [1]
268 362 [0]
18 613 [1]
11 609 [11]
10 613 [8]
177 455 [1]
112 520 [0]
231 402 [0]
52 580 [1]
222 412 [0]
69 566 [0]
308 328 [1]
136 501 [0]
245 384 [8]
15 612 [11]
281 357 [0]
3 635 [0]
285 355 [0]
115 525 [0]
69 573 [1]
29 614 [0]
287 356 [0]
170 474 [0]
85 553 [6]
83 559 [3]
202 444 [1]
68 572 [6]
133 515 [0]
250 390 [9]
218 422 [9]
80 570 [0]
123 528 [0]
22 626 [3]
196 456 [0]
295 356 [1]
36 618 [0]
55 600 [0]
289 356 [11]
76 582 [0]
217 435 [6]
97 562 [0]
270 389 [0]
130 530 [0]
261 399 [1]
90 570 [0]
308 352 [0]
323 338 [0]
129 533 [0]
66 590 [6]
273 390 [0]
78 584 [1]
255 407 [2]
237 428 [0]
59 607 [0]
74 592 [0]
293 374 [0]
104 552 [11]
198 472 [0]
227 438 [6]
202 470 [1]
78 596 [0]
109 565 [0]
305 370 [1]
69 607 [0]
294 382 [0]
119 547 [10]
337 340 [0]
230 448 [0]
273 405 [0]
22 651 [8]
263 418 [0]
325 357 [1]
289 393 [0]
265 417 [0]
223 455 [6]
99 586 [0]
171 515 [0]
290 398 [0]
24 653 [11]
164 525 [0]
129 563 [1]
238 454 [0]
300 392 [0]
217 476 [0]
87 602 [4]
15 679 [0]
173 525 [0]
63 637 [1]
71 631 [1]
305 390 [10]
21 678 [6]
323 383 [0]
57 650 [0]
108 600 [0]
59 644 [6]
285 419 [8]
82 621 [9]
8 705 [0]
337 377 [1]
235 479 [0]
272 433 [9]
164 551 [1]
112 600 [5]
168 545 [7]
185 537 [0]
343 380 [0]
219 505 [0]
260 466 [0]
126 603 [1]
220 509 [1]
251 478 [0]
71 660 [0]
7 722 [2]
274 456 [2]
306 426 [0]
73 660 [0]
15 712 [6]
105 618 [11]
239 495 [0]
30 701 [3]
212 521 [2]
337 399 [1]
185 542 [9]
322 412 [3]
121 606 [11]
57 682 [1]
237 502 [1]
237 503 [0]
182 553 [5]
141 592 [8]
206 535 [0]
176 567 [0]
280 463 [0]
318 427 [0]
106 640 [0]
285 460 [3]
319 429 [0]
170 577 [4]
334 417 [0]
362 388 [1]
80 663 [9]
65 689 [1]
217 539 [1]
338 418 [1]
315 442 [0]
247 510 [0]
119 636 [3]
362 393 [3]
226 534 [0]
87 674 [1]
131 630 [0]
278 483 [1]
126 626 [9]
75 686 [0]
368 390 [6]
273 483 [8]
203 554 [8]
149 616 [0]
134 632 [0]
323 443 [1]
123 635 [8]
142 622 [3]
94 674 [1]
183 585 [1]
335 435 [0]
47 720 [3]
294 478 [0]
82 692 [0]
7 768 [1]
159 616 [0]
314 456 [5]
289 481 [6]
171 603 [3]
217 560 [0]
134 644 [0]
203 574 [1]
110 658 [10]
228 550 [0]
37 743 [1]
52 720 [8]
232 547 [3]
151 631 [0]
373 410 [0]
11 775 [1]
135 652 [1]
264 520 [3]
92 696 [1]
287 501 [0]
138 651 [1]
196 585 [8]
340 450 [1]
307 474 [9]
111 680 [0]
0 790 [1]
375 416 [0]
368 424 [0]
121 672 [0]
171 623 [1]
23 771 [0]
212 582 [0]
278 517 [1]
280 514 [2]
299 497 [0]
85 712 [1]
287 510 [1]
373 424 [1]
248 551 [0]
146 654 [1]
9 791 [0]
148 653 [0]
25 776 [0]
342 459 [0]
365 438 [0]
116 687 [0]
141 662 [0]
237 567 [1]
148 648 [8]
69 728 [9]
157 650 [0]
276 533 [0]
151 651 [8]
391 420 [0]
158 655 [0]
332 481 [1]
74 735 [6]
398 417 [0]
196 610 [9]
391 425 [0]
131 687 [1]
157 661 [1]
406 412 [0]
122 697 [0]
66 747 [6]
281 529 [9]
31 788 [0]
123 697 [1]
372 448 [0]
69 745 [7]
268 548 [5]
164 658 [1]
197 626 [1]
249 570 [4]
339 485 [0]
182 633 [9]
66 750 [9]
347 481 [0]
172 649 [7]
323 503 [3]
135 684 [10]
0 824 [5]
267 563 [0]
338 492 [1]
354 466 [10]
107 721 [2]
79 751 [0]
28 804 [0]
181 655 [0]
234 602 [0]
56 772 [9]
332 506 [1]
72 758 [9]
123 718 [1]
140 692 [11]
183 655 [6]
345 499 [0]
335 510 [1]
63 784 [1]
193 654 [0]
90 758 [1]
205 637 [7]
190 660 [1]
393 457 [1]
240 610 [0]
88 763 [0]
184 667 [0]
325 527 [0]
9 842 [3]
312 543 [0]
325 530 [0]
337 518 [0]
327 521 [7]
187 666 [2]
96 759 [0]
314 535 [6]
175 680 [0]
192 664 [0]
344 504 [8]
141 715 [0]
316 540 [0]
59 799 [1]
370 488 [0]
408 442 [8]
147 709 [3]
201 658 [1]
159 697 [5]
357 505 [0]
136 717 [9]
233 630 [1]
263 600 [1]
177 677 [9]
424 439 [0]
395 468 [0]
75 787 [1]
309 555 [0]
277 576 [11]
1 860 [4]
333 526 [6]
311 555 [1]
81 786 [0]
102 766 [1]
105 763 [0]
238 630 [0]
77 792 [0]
135 734 [1]
430 439 [0]
66 797 [7]
169 703 [0]
99 764 [10]
124 743 [7]
40 834 [0]
73 794 [9]
168 708 [0]
11 861 [6]
134 742 [2]
381 498 [0]
135 736 [9]
304 576 [0]
358 522 [0]
359 512 [9]
221 660 [1]
365 516 [1]
177 705 [0]
192 691 [1]
80 795 [9]
371 513 [0]
260 626 [0]
193 693 [0]
313 574 [0]
234 653 [1]
187 695 [6]
10 874 [4]
29 858 [2]
304 587 [0]
185 705 [2]
293 593 [7]
47 839 [9]
26 867 [3]
56 837 [3]
232 655 [9]
115 773 [9]
426 471 [0]
425 473 [0]
399 500 [0]
102 798 [1]
63 837 [0]
193 701 [7]
445 457 [0]
271 633 [1]
91 813 [0]
27 868 [9]
288 617 [0]
226 679 [0]
263 635 [7]
249 658 [1]
179 730 [0]
36 866 [7]
433 471 [9]
149 765 [1]
38 879 [1]
303 614 [1]
272 636 [9]
259 655 [3]
137 781 [0]
386 528 [5]
361 548 [10]
109 812 [0]
147 774 [1]
224 698 [0]
40 882 [0]
385 538 [0]
212 712 [1]
79 842 [3]
37 887 [0]
148 771 [5]
166 759 [0]
128 798 [0]
395 531 [0]
52 868 [7]
222 705 [3]
396 535 [0]
232 701 [0]
299 634 [0]
211 722 [0]
241 681 [11]
113 815 [6]
119 807 [8]
347 582 [5]
131 804 [0]
196 734 [5]
295 641 [0]
254 684 [0]
167 764 [7]
124 805 [10]
293 643 [3]
33 907 [1]
2 938 [0]
255 686 [0]
323 618 [1]
411 530 [1]
46 890 [5]
397 546 [1]
181 763 [0]
238 699 [8]
140 796 [9]
45 901 [1]
97 849 [0]
347 598 [4]
461 489 [1]
249 695 [6]
194 749 [7]
83 863 [6]
176 777 [0]
53 901 [0]
455 494 [5]
422 525 [7]
378 577 [0]
10 946 [1]
186 770 [0]
207 750 [0]
43 915 [0]
428 530 [1]
48 913 [0]
452 507 [3]
397 562 [5]
208 756 [0]
356 609 [1]
87 879 [1]
270 696 [0]
334 633 [1]
303 664 [0]
221 747 [0]
3 965 [0]
389 580 [0]
413 556 [0]
10 961 [1]
151 821 [1]
176 796 [1]
459 513 [0]
294 671 [7]
310 660 [2]
186 787 [1]
454 511 [9]
24 943 [8]
128 844 [3]
72 904 [1]
431 545 [0]
386 586 [5]
342 631 [5]
459 518 [1]
6 973 [0]
372 609 [0]
333 644 [5]
489 493 [0]
333 639 [10]
118 865 [1]
359 624 [0]
238 746 [1]
357 627 [1]
375 609 [1]
273 712 [1]
362 612 [11]
134 850 [1]
67 919 [1]
445 542 [1]
274 709 [4]
426 562 [0]
43 934 [11]
276 713 [0]
131 848 [10]
100 888 [3]
247 744 [0]
48 935 [10]
433 562 [1]
43 944 [8]
393 601 [2]
94 892 [11]
68 923 [7]
355 644 [0]
337 661 [1]
174 816 [9]
193 804 [3]
489 504 [7]
59 931 [10]
411 590 [0]
85 907 [9]
266 735 [0]
149 847 [6]
148 845 [9]
305 698 [0]
468 527 [9]
138 867 [1]
189 816 [0]
405 600 [0]
184 822 [0]
188 818 [1]
385 621 [1]
277 726 [3]
62 937 [7]
49 948 [11]
162 847 [0]
255 747 [8]
505 506 [1]
51 961 [0]
179 829 [4]
75 938 [1]
44 968 [2]
139 877 [0]
79 931 [8]
12 1008 [1]
411 599 [10]
360 661 [0]
237 782 [2]
437 580 [4]
93 929 [1]
342 680 [1]
241 775 [6]
432 592 [1]
164 861 [1]
23 992 [10]
186 837 [3]
101 922 [3]
142 875 [9]
84 944 [0]
435 584 [9]
350 678 [0]
214 815 [0]
387 632 [11]
198 832 [0]
362 669 [0]
79 953 [0]
179 854 [1]
387 646 [0]
376 657 [0]
338 696 [0]
335 700 [1]
517 518 [1]
92 944 [1]
485 551 [1]
175 860 [1]
169 862 [5]
227 803 [6]
213 824 [0]
168 871 [1]
80 959 [2]
404 638 [0]
499 543 [1]
133 906 [4]
196 844 [3]
173 870 [0]
465 579 [0]
63 971 [10]
498 546 [0]
487 557 [0]
149 891 [5]
359 679 [9]
201 843 [3]
151 888 [9]
196 853 [1]
439 610 [1]
68 974 [7]
471 568 [10]
432 619 [0]
87 965 [1]
219 833 [1]
153 899 [0]
64 989 [0]
447 607 [1]
419 635 [0]
257 787 [11]
345 711 [0]
92 955 [9]
478 579 [1]
284 775 [0]
511 548 [0]
367 693 [0]
121 938 [1]
178 882 [0]
108 953 [0]
60 1002 [1]
436 627 [0]
505 553 [5]
464 599 [0]
346 715 [2]
137 927 [1]
474 583 [7]
411 654 [0]
56 1009 [0]
256 804 [5]
507 559 [0]
370 693 [3]
379 688 [1]
359 702 [8]
45 1018 [8]
207 867 [0]
34 1041 [1]
135 940 [1]
511 564 [0]
403 672 [0]
234 837 [6]
23 1055 [1]
253 825 [0]
8 1062 [8]
361 717 [0]
267 812 [1]
356 724 [1]
280 802 [1]
32 1051 [1]
192 888 [3]
325 759 [1]
399 685 [0]
44 1032 [8]
354 731 [0]
389 688 [8]
18 1056 [11]
123 952 [10]
7 1079 [1]
455 631 [1]
6 1081 [1]
418 658 [11]
231 848 [9]
392 697 [0]
297 792 [0]
419 671 [0]
80 1000 [10]
190 901 [0]
356 729 [6]
134 947 [10]
121 968 [2]
242 849 [0]
195 897 [0]
10 1082 [0]
474 612 [8]
162 928 [5]
494 604 [0]
477 621 [0]
510 581 [9]
22 1078 [0]
215 886 [1]
542 560 [1]
330 772 [0]
39 1062 [1]
494 609 [0]
540 563 [0]
4 1101 [0]
350 755 [1]
287 811 [7]
118 978 [9]
501 600 [4]
342 763 [1]
137 970 [0]
246 862 [0]
466 642 [0]
195 913 [0]
160 952 [0]
316 791 [5]
164 943 [7]
314 799 [1]
198 917 [1]
367 749 [1]
410 709 [0]
68 1046 [7]
101 1011 [9]
376 745 [0]
114 1007 [0]
164 953 [4]
322 800 [0]
378 744 [0]
399 724 [1]
45 1070 [8]
59 1065 [0]
296 828 [0]
216 908 [0]
479 645 [0]
295 821 [10]
486 640 [0]
410 705 [11]
92 1026 [8]
151 976 [0]
438 689 [0]
132 990 [6]
129 1001 [1]
10 1119 [1]
473 656 [1]
430 701 [1]
407 724 [0]
109 1017 [5]
515 617 [1]
518 611 [3]
380 750 [3]
80 1047 [7]
251 884 [1]
450 680 [5]
468 668 [0]
128 997 [11]
76 1061 [1]
164 973 [0]
188 940 [9]
120 1018 [0]
435 703 [0]
157 982 [1]
398 739 [2]
486 653 [0]
322 812 [5]
107 1025 [9]
6 1133 [2]
501 633 [9]
385 758 [1]
452 686 [5]
434 709 [0]
106 1030 [7]
553 590 [0]
333 800 [10]
164 971 [8]
185 960 [1]
283 862 [0]
476 669 [0]
239 906 [0]
98 1047 [0]
81 1065 [1]
42 1101 [3]
160 979 [7]
103 1044 [0]
433 714 [0]
512 636 [0]
177 964 [7]
99 1041 [9]
27 1124 [1]
163 988 [0]
32 1119 [0]
415 736 [0]
205 940 [6]
6 1141 [5]
323 830 [1]
475 678 [0]
369 785 [0]
430 724 [1]
393 753 [8]
560 594 [0]
567 587 [0]
114 1030 [11]
545 611 [0]
454 696 [6]
412 738 [6]
507 650 [1]
318 837 [2]
499 653 [6]
203 954 [2]
124 1036 [1]
303 857 [1]
382 783 [0]
381 784 [1]
328 837 [3]
331 838 [0]
459 710 [1]
568 601 [0]
139 1030 [0]
500 667 [3]
79 1092 [1]
226 945 [1]
247 917 [7]
575 596 [0]
261 900 [11]
220 952 [0]
370 803 [1]
356 812 [6]
249 926 [1]
425 747 [3]
239 926 [10]
165 1010 [0]
49 1125 [1]
382 795 [1]
483 694 [0]
546 620 [11]
126 1040 [11]
13 1165 [0]
444 734 [1]
455 714 [9]
395 782 [1]
273 895 [10]
571 608 [0]
527 643 [9]
268 911 [0]
433 744 [3]
16 1165 [1]
33 1142 [7]
390 788 [5]
402 775 [6]
532 652 [0]
364 823 [1]
378 809 [1]
521 666 [0]
38 1150 [1]
359 829 [1]
485 703 [1]
3 1186 [1]
363 826 [0]
508 681 [0]
384 807 [1]
327 859 [5]
172 1014 [6]
531 663 [0]
92 1103 [1]
390 805 [1]
66 1121 [8]
504 692 [1]
257 940 [0]
463 734 [0]
155 1043 [0]
446 753 [0]
390 803 [6]
313 886 [0]
106 1094 [1]
493 707 [1]
234 963 [3]
293 906 [1]
282 920 [0]
337 865 [1]
192 1000 [10]
343 856 [3]
449 754 [0]
431 761 [11]
378 818 [7]
574 629 [0]
385 820 [1]
368 838 [0]
104 1095 [8]
479 729 [1]
355 845 [8]
19 1189 [0]
146 1064 [1]
169 1041 [1]
530 670 [10]
71 1131 [8]
179 1032 [1]
350 861 [0]
236 976 [0]
551 661 [1]
148 1062 [2]
45 1166 [1]
269 944 [0]
183 1026 [4]
45 1169 [1]
313 899 [3]
375 841 [0]
547 669 [1]
430 776 [10]
578 636 [2]
196 1021 [1]
597 620 [0]
128 1087 [2]
469 744 [5]
178 1030 [10]
308 911 [0]
450 770 [0]
121 1094 [5]
430 780 [10]
151 1068 [1]
283 938 [1]
0 1222 [1]
562 655 [5]
201 1022 [1]
179 1034 [11]
405 819 [0]
25 1199 [0]
468 753 [4]
187 1039 [0]
383 843 [1]
171 1046 [9]
140 1076 [11]
258 970 [0]
431 797 [1]
307 921 [0]
598 627 [3]
36 1193 [1]
568 661 [1]
127 1103 [0]
592 638 [0]
254 977 [1]
371 860 [0]
396 835 [0]
547 684 [0]
113 1113 [6]
198 1032 [2]
378 855 [1]
347 884 [2]
246 978 [10]
229 1005 [0]
347 889 [0]
370 866 [1]
425 811 [1]
228 1002 [8]
539 700 [0]
126 1102 [11]
498 733 [8]
38 1201 [1]
578 663 [0]
402 831 [8]
65 1177 [0]
130 1112 [0]
254 989 [0]
277 966 [0]
162 1078 [3]
537 696 [11]
219 1017 [10]
284 963 [0]
611 636 [0]
292 957 [0]
473 777 [0]
241 1010 [0]
15 1235 [1]
302 950 [0]
389 854 [9]
158 1086 [8]
171 1083 [0]
626 628 [0]
238 1017 [0]
61 1184 [10]
501 745 [9]
599 657 [0]
48 1199 [9]
613 643 [0]
332 925 [0]
47 1202 [8]
158 1092 [7]
567 685 [6]
137 1122 [0]
308 944 [8]
537 715 [8]
121 1130 [9]
580 681 [0]
36 1217 [8]
340 922 [0]
474 788 [0]
430 832 [0]
46 1212 [5]
433 830 [0]
310 954 [0]
181 1077 [6]
514 750 [0]
304 951 [9]
101 1164 [0]
356 909 [0]
326 939 [0]
365 895 [5]
522 745 [0]
590 669 [8]
602 665 [0]
293 965 [9]
599 666 [3]
504 765 [0]
580 689 [0]
197 1063 [10]
591 680 [0]
606 665 [0]
406 865 [0]
329 943 [0]
562 710 [0]
18 1251 [4]
607 667 [0]
472 801 [2]
390 886 [1]
339 938 [0]
446 825 [7]
547 728 [3]
389 890 [0]
314 964 [1]
289 992 [0]
614 667 [0]
163 1118 [0]
300 975 [8]
203 1074 [6]
386 897 [0]
528 756 [0]
191 1094 [0]
499 783 [3]
150 1134 [3]
31 1256 [0]
423 865 [0]
444 834 [11]
479 803 [7]
113 1168 [8]
593 698 [0]
472 814 [5]
352 939 [0]
344 945 [2]
256 1036 [0]
555 737 [0]
631 661 [0]
94 1199 [0]
492 802 [0]
633 654 [7]
630 665 [0]
92 1194 [9]
15 1274 [6]
29 1258 [8]
359 926 [10]
321 975 [0]
144 1143 [9]
512 777 [8]
99 1187 [11]
253 1044 [0]
24 1274 [0]
366 932 [0]
533 756 [11]
201 1090 [9]
42 1259 [0]
57 1235 [9]
460 841 [0]
223 1070 [8]
275 1027 [0]
338 961 [3]
536 765 [0]
124 1168 [11]
81 1222 [0]
227 1067 [9]
471 834 [0]
380 926 [0]
95 1209 [2]
515 790 [1]
149 1154 [3]
62 1245 [0]
576 731 [0]
551 757 [0]
491 817 [0]
141 1166 [1]
561 748 [0]
72 1236 [1]
568 741 [1]
498 803 [9]
629 681 [0]
91 1219 [0]
87 1224 [0]
537 767 [8]
148 1162 [2]
254 1051 [9]
58 1259 [0]
5 1312 [0]
511 807 [0]
103 1215 [0]
655 659 [5]
431 889 [0]
186 1135 [0]
627 694 [0]
503 808 [10]
59 1252 [10]
467 854 [0]
400 922 [0]
428 894 [0]
542 780 [0]
295 1018 [9]
551 763 [8]
632 691 [0]
498 826 [0]
544 780 [0]
577 739 [8]
86 1239 [0]
73 1253 [0]
507 819 [0]
5 1322 [0]
229 1095 [4]
104 1224 [0]
346 975 [8]
409 920 [0]
479 844 [7]
423 907 [0]
231 1094 [5]
461 870 [0]
464 867 [0]
71 1254 [6]
287 1036 [8]
623 703 [5]
60 1272 [0]
228 1104 [0]
252 1080 [0]
541 791 [0]
369 964 [0]
629 704 [0]
401 932 [0]
496 837 [0]
482 851 [0]
224 1102 [7]
471 854 [8]
524 810 [0]
500 826 [8]
632 703 [0]
526 809 [0]
228 1102 [5]
453 883 [0]
453 884 [0]
462 875 [0]
287 1049 [1]
60 1271 [7]
40 1299 [0]
188 1152 [0]
337 995 [8]
543 791 [6]
42 1291 [8]
634 703 [4]
573 769 [0]
542 791 [9]
500 843 [0]
618 725 [0]
281 1055 [7]
17 1327 [0]
33 1303 [8]
132 1205 [7]
93 1252 [0]
671 674 [0]
106 1229 [10]
242 1103 [0]
177 1167 [1]
34 1310 [1]
213 1132 [0]
182 1164 [0]
523 823 [0]
535 810 [1]
175 1165 [6]
390 954 [2]
542 805 [0]
403 937 [7]
247 1092 [8]
451 897 [0]
649 699 [0]
488 852 [8]
218 1121 [9]
1 1341 [7]
493 857 [0]
503 847 [0]
250 1100 [0]
343 1000 [7]
66 1282 [2]
391 957 [3]
600 748 [3]
86 1261 [5]
2 1344 [7]
382 967 [4]
667 688 [0]
14 1336 [6]
473 874 [10]
100 1250 [7]
464 887 [7]
129 1221 [8]
6 1343 [10]
430 930 [0]
558 802 [0]
469 891 [0]
137 1219 [5]
458 903 [0]
550 813 [0]
410 948 [5]
334 1019 [10]
313 1052 [0]
666 699 [0]
375 986 [5]
600 758 [8]
5 1354 [8]
420 948 [0]
418 950 [1]
333 1034 [2]
619 750 [1]
556 815 [0]
132 1229 [10]
230 1141 [0]
643 728 [0]
596 776 [0]
296 1077 [0]
187 1187 [0]
467 907 [0]
152 1223 [0]
604 771 [0]
321 1050 [4]
671 705 [0]
273 1103 [1]
581 796 [0]
335 1033 [9]
390 978 [9]
327 1051 [0]
476 901 [1]
643 736 [0]
480 900 [0]
117 1259 [4]
147 1225 [8]
439 938 [3]
608 768 [5]
640 743 [0]
90 1292 [1]
376 1006 [1]
484 889 [10]
259 1124 [0]
125 1253 [5]
391 993 [0]
619 765 [0]
39 1338 [7]
49 1336 [0]
590 795 [0]
63 1323 [0]
312 1074 [0]
467 919 [0]
552 835 [0]
527 860 [0]
588 799 [0]
648 739 [0]
166 1220 [1]
634 754 [0]
140 1239 [9]
288 1101 [0]
536 853 [0]
1 1389 [0]
117 1273 [0]
34 1351 [5]
366 1025 [0]
259 1132 [0]
392 1001 [0]
506 884 [3]
212 1175 [6]
209 1185 [0]
609 784 [1]
54 1332 [8]
470 926 [0]
593 792 [11]
519 870 [7]
332 1065 [0]
534 863 [0]
486 900 [11]
9 1387 [1]
561 828 [8]
114 1277 [6]
465 929 [3]
543 850 [5]
383 1007 [8]
418 980 [1]
130 1265 [4]
599 801 [0]
215 1177 [8]
238 1162 [1]
682 719 [0]
576 817 [8]
550 851 [0]
143 1259 [0]
341 1063 [0]
195 1202 [7]
561 834 [9]
469 936 [0]
378 1017 [10]
214 1193 [0]
387 1020 [0]
78 1330 [0]
179 1230 [0]
192 1217 [0]
360 1049 [0]
400 1008 [1]
650 757 [3]
260 1146 [4]
34 1375 [0]
647 754 [10]
162 1238 [11]
233 1179 [0]
489 923 [0]
166 1244 [2]
216 1197 [0]
284 1129 [0]
595 818 [0]
671 743 [0]
432 982 [0]
159 1256 [0]
130 1275 [10]
558 849 [8]
376 1040 [0]
193 1218 [5]
97 1317 [3]
224 1189 [6]
205 1215 [0]
420 989 [11]
626 790 [5]
671 748 [2]
497 925 [0]
275 1148 [0]
516 907 [0]
374 1043 [6]
31 1393 [0]
394 1031 [0]
698 727 [0]
502 923 [0]
172 1254 [0]
252 1174 [0]
35 1389 [2]
618 809 [0]
663 764 [0]
518 901 [8]
524 905 [0]
517 907 [5]
409 1020 [0]
606 825 [0]
572 859 [0]
11 1413 [7]
314 1116 [1]
129 1295 [8]
422 1011 [0]
345 1089 [0]
575 859 [0]
591 844 [0]
191 1245 [0]
280 1157 [0]
648 789 [0]
511 919 [7]
630 808 [0]
681 757 [0]
546 893 [1]
391 1044 [5]
323 1119 [0]
618 814 [10]
360 1080 [2]
292 1146 [4]
647 792 [3]
226 1217 [0]
199 1244 [0]
241 1204 [0]
127 1314 [4]
152 1289 [4]
575 872 [0]
547 901 [0]
619 822 [7]
348 1100 [0]
561 888 [0]
225 1224 [0]
323 1117 [9]
537 908 [5]
150 1291 [9]
461 991 [0]
230 1221 [1]
425 1018 [9]
93 1352 [7]
258 1195 [0]
293 1156 [4]
0 1444 [9]
538 905 [10]
208 1246 [0]
239 1215 [0]
379 1077 [0]
97 1357 [2]
594 852 [10]
153 1304 [0]
165 1292 [0]
467 988 [2]
266 1192 [0]
478 980 [0]
115 1341 [2]
160 1299 [0]
220 1239 [0]
567 886 [6]
158 1293 [8]
360 1096 [4]
42 1410 [8]
245 1211 [5]
464 998 [0]
608 855 [0]
408 1048 [7]
66 1387 [10]
59 1394 [10]
559 904 [0]
78 1379 [7]
538 928 [0]
337 1130 [0]
33 1427 [7]
381 1087 [0]
156 1312 [0]
530 934 [4]
214 1254 [1]
653 813 [3]
104 1363 [2]
28 1442 [0]
65 1395 [10]
12 1459 [0]
699 761 [11]
385 1087 [0]
389 1083 [0]
195 1275 [2]
54 1411 [7]
506 967 [0]
385 1082 [6]
476 993 [4]
113 1352 [8]
122 1351 [0]
685 788 [0]
134 1340 [0]
716 758 [0]
732 743 [0]
20 1456 [0]
725 751 [0]
484 992 [0]
329 1147 [0]
430 1045 [2]
101 1368 [8]
462 1015 [0]
475 1002 [0]
274 1204 [0]
286 1192 [0]
307 1171 [0]
633 846 [0]
499 981 [0]
28 1441 [11]
15 1455 [11]
452 1021 [8]
119 1356 [6]
399 1084 [0]
101 1373 [9]
154 1331 [0]
238 1245 [3]
74 1413 [0]
710 779 [0]
325 1162 [2]
243 1247 [0]
500 981 [9]
413 1067 [10]
66 1425 [0]
185 1306 [0]
478 1013 [0]
523 964 [4]
602 890 [0]
7 1484 [2]
683 810 [0]
288 1198 [7]
480 1014 [0]
616 878 [0]
452 1033 [9]
72 1413 [9]
387 1108 [0]
357 1132 [6]
447 1044 [4]
403 1091 [1]
58 1438 [0]
473 1016 [7]
42 1451 [3]
327 1165 [5]
235 1262 [0]
403 1095 [0]
44 1446 [8]
102 1397 [0]
402 1097 [0]
346 1151 [2]
392 1100 [7]
503 995 [2]
112 1388 [0]
520 976 [6]
541 962 [0]
568 926 [9]
70 1425 [8]
543 960 [0]
118 1380 [5]
129 1366 [8]
239 1260 [4]
548 946 [10]
18 1486 [0]
379 1126 [0]
24 1482 [0]
160 1346 [0]
123 1384 [0]
36 1463 [8]
642 866 [0]
739 769 [0]
217 1290 [1]
259 1238 [11]
486 1015 [9]
141 1370 [0]
695 816 [0]
567 938 [6]
127 1383 [1]
676 836 [0]
555 957 [0]
428 1080 [4]
157 1346 [9]
497 1016 [0]
57 1453 [3]
424 1085 [4]
668 845 [0]
197 1317 [0]
450 1065 [0]
649 867 [0]
715 801 [0]
512 1004 [0]
340 1177 [0]
357 1160 [0]
274 1244 [0]
503 1015 [0]
685 833 [0]
173 1346 [0]
606 913 [0]
20 1500 [0]
59 1462 [0]
128 1390 [3]
250 1262 [10]
702 820 [0]
111 1405 [7]
578 941 [5]
426 1092 [7]
267 1253 [5]
327 1199 [0]
92 1425 [9]
37 1487 [2]
628 899 [0]
672 852 [3]
410 1116 [2]
651 878 [0]
673 856 [0]
433 1092 [4]
667 857 [6]
48 1479 [3]
216 1314 [0]
3 1522 [5]
673 849 [8]
84 1447 [0]
421 1110 [0]
623 908 [0]
274 1249 [8]
356 1168 [7]
50 1482 [0]
290 1242 [0]
10 1523 [0]
481 1052 [0]
444 1086 [3]
50 1476 [7]
74 1452 [7]
589 938 [7]
485 1049 [0]
412 1118 [4]
688 846 [0]
726 810 [0]
367 1168 [1]
220 1315 [1]
344 1186 [7]
429 1109 [0]
687 851 [0]
686 846 [7]
57 1479 [3]
370 1170 [0]
572 968 [0]
502 1037 [1]
614 920 [6]
19 1522 [0]
665 876 [0]
721 820 [0]
206 1337 [0]
463 1080 [0]
759 784 [0]
281 1253 [10]
524 1017 [4]
744 792 [9]
760 785 [0]
725 821 [0]
324 1223 [0]
46 1501 [0]
241 1297 [9]
95 1454 [0]
233 1316 [0]
591 947 [11]
133 1414 [2]
689 861 [0]
576 966 [8]
203 1338 [9]
343 1208 [0]
37 1514 [1]
318 1235 [0]
567 979 [7]
118 1433 [2]
67 1478 [9]
297 1257 [0]
49 1498 [8]
693 859 [3]
649 899 [7]
754 802 [0]
323 1223 [10]
273 1276 [8]
143 1413 [1]
534 1025 [0]
659 900 [0]
461 1090 [8]
305 1253 [1]
582 979 [0]
718 843 [0]
205 1351 [5]
231 1331 [0]
598 960 [4]
29 1529 [4]
266 1297 [0]
55 1500 [8]
550 1003 [10]
744 819 [1]
215 1341 [8]
176 1389 [0]
205 1350 [10]
155 1411 [0]
178 1387 [1]
4 1563 [0]
244 1314 [9]
113 1446 [9]
52 1517 [0]
603 966 [0]
752 817 [0]
683 886 [0]
304 1257 [8]
167 1393 [9]
575 989 [5]
134 1436 [0]
208 1362 [0]
599 971 [0]
65 1506 [0]
692 879 [0]
647 919 [5]
371 1197 [3]
93 1479 [0]
264 1308 [0]
457 1115 [0]
370 1200 [2]
474 1099 [0]
717 856 [0]
535 1034 [4]
677 896 [0]
541 1024 [8]
694 871 [9]
307 1268 [0]
475 1100 [0]
548 1027 [0]
596 973 [6]
758 815 [2]
347 1229 [0]
698 878 [0]
439 1130 [7]
53 1524 [0]
89 1488 [0]
179 1390 [8]
551 1027 [0]
600 978 [0]
785 789 [4]
80 1491 [8]
700 878 [0]
66 1506 [8]
290 1280 [11]
392 1178 [11]
356 1219 [6]
165 1417 [0]
752 830 [0]
190 1393 [0]
34 1550 [0]
91 1491 [2]
645 940 [0]
569 1016 [0]
631 953 [1]
547 1039 [0]
11 1567 [8]
95 1492 [0]
145 1443 [0]
344 1237 [8]
766 812 [11]
250 1341 [0]
698 882 [11]
521 1072 [0]
253 1332 [8]
518 1066 [10]
227 1368 [0]
178 1416 [1]
729 857 [9]
113 1476 [7]
484 1110 [2]
20 1571 [6]
331 1267 [0]
348 1250 [0]
359 1239 [0]
291 1299 [8]
257 1342 [0]
446 1153 [0]
477 1122 [0]
721 878 [0]
751 848 [0]
247 1342 [10]
120 1481 [0]
274 1327 [0]
720 881 [0]
714 888 [0]
524 1079 [0]
770 833 [0]
731 872 [0]
653 943 [7]
257 1347 [0]
480 1123 [1]
225 1381 [0]
519 1088 [0]
168 1438 [1]
719 889 [0]
608 1001 [0]
640 967 [2]
727 883 [0]
472 1139 [0]
637 970 [4]
166 1444 [1]
520 1093 [0]
554 1059 [0]
411 1191 [11]
537 1065 [11]
202 1412 [0]
348 1261 [5]
780 835 [0]
254 1358 [3]
417 1188 [10]
258 1358 [0]
562 1049 [5]
679 926 [11]
263 1349 [4]
545 1072 [0]
798 819 [0]
407 1207 [3]
360 1247 [10]
695 923 [0]
710 908 [0]
154 1464 [0]
113 1497 [8]
346 1264 [8]
591 1028 [0]
223 1385 [11]
80 1540 [0]
809 812 [0]
562 1060 [0]
611 1011 [0]
72 1541 [9]
575 1048 [0]
216 1408 [0]
297 1325 [2]
572 1052 [0]
472 1153 [0]
488 1133 [4]
68 1558 [0]
241 1385 [0]
264 1362 [0]
559 1067 [0]
125 1497 [4]
145 1483 [0]
600 1026 [2]
228 1389 [11]
167 1462 [0]
403 1224 [2]
645 985 [0]
120 1506 [4]
562 1058 [10]
222 1397 [11]
550 1079 [2]
610 1021 [0]
568 1054 [9]
543 1089 [0]
152 1480 [0]
173 1460 [0]
216 1417 [0]
223 1410 [0]
55 1576 [2]
415 1217 [1]
642 980 [11]
158 1465 [10]
548 1084 [1]
121 1513 [0]
54 1576 [4]
220 1415 [0]
61 1568 [6]
459 1174 [2]
280 1356 [0]
460 1176 [0]
563 1068 [5]
301 1336 [0]
698 931 [9]
239 1392 [7]
267 1373 [0]
692 948 [0]
622 1018 [0]
500 1141 [0]
424 1216 [1]
365 1277 [0]
551 1092 [0]
264 1368 [11]
571 1073 [0]
602 1036 [7]
749 896 [0]
512 1122 [11]
499 1147 [0]
500 1146 [0]
392 1243 [11]
182 1456 [8]
161 1485 [0]
186 1461 [0]
565 1082 [0]
259 1379 [10]
766 883 [0]
282 1358 [9]
687 963 [0]
496 1155 [0]
665 978 [8]
349 1303 [0]
576 1076 [0]
446 1205 [1]
763 891 [0]
223 1424 [7]
164 1484 [7]
192 1461 [2]
661 984 [10]
290 1358 [7]
410 1237 [8]
230 1414 [11]
104 1552 [0]
232 1424 [0]
402 1253 [0]
117 1541 [0]
171 1487 [0]
479 1179 [0]
592 1056 [10]
304 1343 [11]
366 1288 [5]
239 1416 [4]
669 988 [2]
455 1202 [2]
591 1064 [4]
146 1506 [8]
413 1248 [0]
183 1477 [1]
785 873 [3]
173 1479 [9]
386 1272 [3]
94 1562 [5]
677 985 [0]
450 1213 [0]
370 1291 [2]
118 1540 [5]
339 1325 [0]
631 1029 [4]
746 907 [11]
189 1470 [5]
153 1512 [0]
719 947 [0]
699 956 [11]
540 1119 [8]
496 1161 [11]
589 1079 [0]
821 848 [0]
260 1410 [0]
507 1163 [0]
505 1166 [0]
826 845 [0]
86 1585 [0]
132 1542 [0]
579 1095 [0]
806 868 [0]
199 1469 [6]
653 1017 [4]
287 1378 [9]
771 904 [0]
684 982 [9]
223 1453 [0]
291 1385 [0]
541 1135 [0]
549 1127 [0]
817 859 [0]
640 1026 [10]
496 1170 [10]
444 1233 [0]
460 1217 [0]
468 1209 [0]
773 904 [0]
204 1474 [0]
416 1262 [0]
253 1415 [10]
215 1464 [0]
331 1338 [10]
496 1178 [5]
312 1369 [0]
517 1164 [0]
149 1523 [9]
305 1369 [8]
480 1200 [2]
531 1145 [6]
189 1482 [11]
613 1070 [0]
708 970 [5]
349 1334 [0]
192 1485 [6]
786 893 [5]
418 1266 [1]
222 1459 [4]
467 1213 [5]
385 1301 [0]
515 1169 [2]
91 1584 [11]
525 1155 [6]
655 1031 [1]
142 1535 [10]
209 1479 [0]
228 1460 [0]
402 1286 [0]
466 1222 [0]
450 1239 [0]
438 1241 [10]
583 1100 [6]
729 961 [0]
203 1486 [1]
674 1016 [0]
552 1140 [0]
478 1215 [0]
673 1018 [2]
232 1460 [0]
401 1293 [0]
413 1281 [0]
842 852 [0]
463 1226 [5]
415 1268 [11]
561 1128 [5]
197 1498 [0]
409 1286 [0]
157 1532 [7]
477 1220 [0]
695 1002 [0]
537 1154 [6]
728 969 [0]
534 1155 [8]
101 1588 [8]
362 1336 [0]
403 1295 [0]
503 1196 [0]
564 1135 [0]
493 1197 [9]
494 1206 [0]
529 1171 [0]
510 1191 [0]
436 1266 [0]
738 965 [0]
125 1577 [2]
321 1384 [0]
780 919 [6]
198 1506 [1]
710 993 [2]
343 1363 [0]
371 1335 [0]
817 889 [0]
561 1143 [2]
136 1568 [2]
709 997 [0]
478 1220 [8]
494 1204 [9]
848 861 [0]
153 1551 [5]
210 1488 [11]
458 1252 [0]
776 929 [5]
823 887 [0]
203 1511 [0]
483 1231 [0]
515 1199 [0]
851 864 [0]
337 1376 [2]
379 1329 [7]
287 1430 [0]
336 1381 [0]
415 1302 [0]
523 1185 [9]
605 1112 [0]
793 919 [6]
343 1367 [8]
846 872 [0]
591 1127 [0]
766 953 [0]
401 1313 [5]
613 1104 [2]
528 1192 [0]
367 1349 [4]
191 1528 [1]
403 1315 [2]
768 953 [0]
548 1167 [6]
264 1456 [2]
290 1422 [10]
650 1063 [9]
544 1179 [0]
462 1254 [7]
359 1363 [1]
831 893 [0]
454 1260 [11]
184 1534 [7]
365 1349 [11]
128 1595 [2]
800 919 [6]
480 1246 [0]
279 1447 [0]
230 1492 [4]
175 1548 [4]
627 1097 [3]
503 1222 [2]
399 1329 [0]
762 966 [0]
174 1543 [11]
299 1420 [9]
336 1393 [0]
422 1302 [5]
437 1292 [0]
406 1317 [7]
723 1009 [0]
672 1054 [7]
493 1241 [0]
684 1050 [0]
132 1592 [10]
177 1558 [0]
659 1076 [0]
448 1283 [4]
258 1472 [5]
801 929 [5]
291 1433 [11]
734 1001 [0]
717 1019 [0]
820 916 [0]
358 1378 [0]
384 1349 [4]
618 1121 [0]
411 1329 [0]
571 1169 [0]
758 982 [0]
514 1224 [3]
276 1456 [9]
207 1529 [5]
757 976 [8]
629 1109 [4]
668 1069 [5]
525 1218 [0]
647 1096 [0]
281 1455 [7]
195 1549 [0]
347 1397 [0]
431 1313 [0]
818 927 [0]
428 1316 [1]
645 1090 [10]
605 1140 [0]
407 1339 [0]
643 1103 [0]
862 884 [0]
734 1008 [4]
309 1437 [0]
287 1461 [0]
578 1170 [0]
600 1150 [0]
779 972 [0]
220 1520 [11]
405 1347 [0]
395 1346 [11]
361 1391 [0]
274 1471 [8]
396 1351 [6]
615 1139 [0]
236 1508 [10]
285 1470 [0]
377 1379 [0]
505 1251 [0]
232 1523 [1]
170 1578 [8]
739 1016 [1]
181 1576 [0]
772 986 [0]
293 1457 [9]
628 1126 [5]
584 1174 [1]
368 1392 [0]
826 934 [0]
175 1575 [10]
594 1162 [4]
219 1542 [0]
372 1382 [7]
402 1356 [3]
753 1009 [0]
407 1353 [2]
578 1184 [0]
463 1295 [5]
476 1288 [0]
444 1320 [0]
384 1380 [0]
828 936 [0]
405 1356 [3]
423 1336 [5]
579 1182 [3]
667 1095 [2]
593 1172 [0]
338 1428 [0]
689 1077 [0]
445 1321 [0]
312 1456 [0]
489 1280 [0]
879 891 [0]
555 1215 [0]
593 1177 [0]
872 891 [7]
868 900 [2]
340 1428 [2]
240 1530 [0]
564 1201 [5]
606 1157 [7]
199 1572 [0]
322 1440 [9]
173 1599 [0]
193 1572 [7]
617 1155 [0]
797 977 [0]
761 1015 [0]
751 1022 [3]
673 1104 [0]
834 943 [0]
839 938 [2]
288 1490 [1]
201 1571 [7]
535 1242 [3]
883 887 [10]
197 1584 [0]
410 1372 [0]
285 1498 [0]
677 1106 [0]
523 1260 [1]
649 1131 [4]
703 1082 [0]
574 1202 [10]
233 1554 [0]
593 1194 [0]
808 979 [0]
767 1021 [0]
471 1318 [0]
794 995 [0]
336 1454 [0]
453 1331 [6]
474 1317 [0]
855 937 [0]
440 1353 [0]
637 1157 [0]
874 913 [7]
391 1401 [2]
363 1432 [0]
391 1403 [1]
556 1240 [0]
577 1220 [0]
885 912 [0]
200 1597 [0]
192 1597 [8]
605 1194 [0]
750 1049 [0]
564 1230 [5]
683 1114 [3]
377 1424 [0]
777 1020 [5]
512 1290 [1]
711 1093 [0]
234 1564 [7]
558 1248 [0]
343 1464 [0]
409 1396 [2]
389 1414 [4]
847 960 [0]
797 1011 [0]
429 1377 [2]
398 1414 [0]
791 1018 [3]
772 1034 [6]
379 1423 [11]
744 1062 [7]
473 1333 [7]
803 1010 [0]
282 1528 [4]
510 1298 [7]
769 1046 [0]
433 1383 [0]
589 1227 [0]
236 1576 [4]
473 1344 [0]
536 1281 [0]
403 1407 [7]
642 1175 [0]
527 1280 [10]
868 950 [0]
673 1135 [10]
319 1501 [0]
558 1258 [4]
687 1131 [2]
689 1132 [0]
283 1527 [11]
708 1114 [0]
229 1594 [0]
703 1115 [5]
523 1293 [7]
649 1169 [5]
233 1590 [0]
636 1177 [11]
676 1141 [7]
456 1365 [3]
531 1288 [5]
407 1415 [3]
621 1196 [8]
516 1309 [0]
709 1114 [3]
264 1558 [5]
534 1294 [0]
720 1108 [0]
418 1400 [10]
298 1531 [0]
532 1297 [0]
536 1293 [0]
569 1257 [4]
833 989 [8]
224 1597 [9]
671 1152 [7]
233 1598 [0]
586 1245 [0]
474 1350 [7]
692 1128 [11]
848 976 [7]
413 1412 [6]
400 1432 [0]
505 1327 [0]
476 1350 [6]
426 1405 [2]
719 1115 [0]
662 1173 [0]
714 1114 [7]
464 1372 [0]
417 1418 [1]
273 1556 [7]
324 1513 [0]
545 1291 [1]
698 1140 [0]
507 1326 [5]
869 969 [0]
460 1367 [11]
821 1018 [0]
493 1338 [8]
285 1553 [1]
400 1428 [11]
488 1351 [0]
568 1271 [0]
733 1107 [0]
905 935 [0]
885 955 [0]
453 1389 [0]
868 974 [0]
632 1200 [10]
629 1209 [4]
610 1224 [8]
869 963 [10]
677 1166 [0]
268 1570 [5]
461 1383 [0]
564 1276 [4]
604 1233 [7]
333 1510 [2]
821 1025 [0]
903 943 [0]
890 956 [0]
300 1536 [11]
535 1313 [0]
846 999 [3]
462 1387 [0]
729 1120 [0]
379 1469 [1]
632 1218 [0]
308 1538 [4]
431 1419 [0]
253 1588 [10]
308 1544 [0]
455 1387 [10]
541 1313 [0]
867 987 [0]
269 1574 [11]
763 1084 [7]
813 1037 [4]
470 1378 [6]
477 1366 [11]
366 1490 [0]
540 1316 [0]
672 1184 [0]
927 929 [0]
634 1219 [3]
861 985 [10]
558 1300 [0]
506 1352 [0]
742 1116 [0]
688 1170 [0]
612 1247 [0]
625 1234 [0]
585 1274 [0]
708 1145 [6]
524 1337 [0]
420 1431 [11]
486 1377 [0]
383 1482 [0]
748 1117 [0]
732 1124 [10]
670 1192 [4]
824 1043 [0]
303 1554 [10]
550 1316 [1]
490 1378 [0]
539 1329 [0]
924 940 [4]
882 983 [4]
474 1389 [7]
514 1358 [0]
822 1048 [2]
675 1197 [0]
743 1130 [0]
852 1022 [0]
741 1133 [0]
583 1292 [0]
667 1208 [0]
491 1384 [0]
602 1264 [9]
673 1203 [1]
351 1526 [0]
420 1458 [0]
613 1265 [0]
788 1090 [0]
872 995 [11]
624 1250 [4]
731 1137 [11]
776 1104 [0]
576 1297 [8]
543 1327 [11]
692 1178 [11]
294 1588 [0]
501 1379 [3]
659 1225 [0]
703 1182 [0]
818 1065 [2]
398 1487 [0]
843 1042 [0]
839 1046 [0]
705 1180 [0]
892 993 [0]
525 1350 [10]
864 1022 [0]
815 1060 [11]
332 1546 [8]
448 1434 [4]
626 1250 [11]
857 1031 [0]
880 1009 [0]
396 1489 [4]
346 1542 [1]
365 1525 [0]
841 1042 [7]
774 1114 [2]
345 1546 [0]
428 1457 [7]
754 1135 [3]
420 1473 [0]
943 950 [0]
783 1110 [0]
913 971 [9]
732 1163 [0]
828 1067 [0]
876 1019 [0]
425 1467 [4]
581 1308 [7]
442 1454 [0]
428 1470 [0]
497 1399 [2]
510 1390 [0]
603 1297 [0]
835 1055 [10]
394 1507 [0]
421 1480 [0]
430 1467 [4]
922 979 [0]
382 1510 [11]
586 1308 [9]
754 1150 [0]
299 1598 [7]
412 1494 [0]
333 1574 [0]
435 1472 [0]
696 1207 [4]
717 1187 [3]
586 1319 [2]
369 1542 [0]
415 1496 [0]
556 1355 [0]
543 1370 [0]
449 1456 [8]
725 1179 [9]
708 1203 [2]
470 1443 [0]
630 1285 [0]
912 1002 [1]
607 1302 [7]
860 1054 [2]
530 1387 [0]
670 1247 [0]
325 1593 [0]
719 1199 [0]
522 1392 [4]
409 1505 [4]
581 1338 [0]
598 1323 [0]
689 1231 [1]
738 1183 [0]
606 1313 [2]
431 1491 [0]
733 1189 [0]
831 1092 [0]
351 1573 [0]
679 1245 [0]
477 1448 [0]
657 1268 [0]
805 1110 [10]
922 1003 [0]
906 1020 [0]
692 1232 [2]
730 1196 [0]
830 1092 [4]
943 984 [0]
715 1212 [0]
698 1222 [9]
399 1531 [0]
507 1424 [0]
527 1405 [0]
553 1380 [0]
388 1546 [0]
721 1213 [0]
606 1324 [4]
368 1555 [11]
939 996 [0]
674 1262 [0]
503 1429 [4]
479 1458 [0]
960 969 [8]
574 1355 [8]
596 1341 [1]
842 1092 [4]
660 1271 [7]
408 1524 [8]
805 1136 [0]
955 982 [4]
580 1362 [0]
803 1139 [0]
478 1462 [4]
707 1237 [0]
352 1590 [2]
848 1092 [4]
496 1446 [2]
686 1259 [0]
653 1282 [10]
490 1456 [0]
380 1567 [0]
869 1078 [0]
607 1333 [7]
822 1127 [0]
492 1457 [0]
372 1578 [0]
453 1497 [0]
487 1463 [0]
382 1557 [11]
966 976 [8]
862 1089 [0]
526 1426 [0]
472 1469 [11]
763 1181 [8]
828 1118 [7]
734 1216 [4]
911 1044 [0]
466 1479 [10]
754 1195 [6]
870 1082 [3]
709 1247 [0]
915 1041 [0]
672 1276 [8]
610 1340 [6]
684 1263 [9]
882 1075 [0]
922 1036 [0]
971 988 [0]
417 1536 [6]
605 1345 [9]
606 1352 [2]
383 1573 [4]
976 981 [3]
866 1095 [0]
466 1484 [11]
813 1149 [0]
707 1250 [6]
817 1148 [0]
621 1345 [0]
648 1318 [0]
457 1509 [1]
865 1099 [4]
569 1400 [0]
700 1268 [1]
469 1499 [1]
971 998 [0]
721 1250 [0]
741 1220 [11]
746 1227 [0]
832 1141 [0]
506 1466 [1]
754 1215 [4]
902 1071 [0]
698 1276 [0]
650 1325 [0]
801 1168 [6]
765 1212 [0]
944 1032 [1]
464 1510 [3]
685 1293 [0]
786 1192 [0]
745 1230 [3]
669 1308 [2]
779 1201 [0]
626 1353 [1]
549 1432 [0]
416 1554 [11]
978 1003 [0]
561 1421 [0]
551 1426 [5]
869 1113 [0]
672 1312 [0]
796 1188 [0]
913 1071 [0]
953 1029 [2]
659 1318 [7]
690 1295 [0]
900 1075 [10]
601 1378 [6]
937 1049 [0]
624 1355 [8]
785 1195 [7]
732 1258 [0]
613 1378 [0]
620 1371 [0]
752 1234 [5]
988 992 [11]
393 1599 [0]
846 1146 [0]
609 1384 [0]
738 1250 [5]
732 1257 [4]
423 1571 [0]
608 1386 [0]
850 1140 [4]
676 1318 [0]
522 1473 [0]
480 1514 [1]
994 998 [3]
953 1036 [7]
606 1382 [8]
531 1461 [5]
560 1431 [6]
898 1099 [0]
992 1006 [0]
649 1350 [0]
582 1406 [11]
621 1367 [11]
441 1559 [0]
519 1480 [1]
823 1175 [3]
460 1536 [5]
716 1286 [0]
413 1578 [11]
733 1270 [0]
455 1538 [10]
469 1524 [10]
945 1059 [0]
613 1391 [2]
485 1523 [0]
579 1430 [0]
717 1291 [1]
526 1485 [0]
740 1271 [0]
791 1220 [0]
717 1293 [1]
946 1067 [0]
977 1036 [0]
961 1049 [3]
724 1290 [0]
451 1565 [0]
605 1406 [5]
975 1042 [0]
959 1058 [0]
451 1566 [0]
700 1318 [0]
907 1103 [8]
574 1438 [7]
633 1380 [7]
550 1471 [0]
795 1220 [7]
569 1442 [11]
616 1407 [0]
470 1550 [3]
679 1344 [1]
881 1143 [0]
625 1399 [0]
825 1196 [3]
653 1372 [0]
916 1108 [1]
746 1279 [0]
545 1475 [5]
663 1363 [0]
497 1527 [2]
601 1426 [0]
477 1545 [5]
526 1502 [0]
671 1357 [0]
681 1343 [4]
497 1529 [2]
458 1567 [3]
957 1072 [0]
1003 1020 [8]
654 1378 [0]
879 1153 [0]
489 1542 [1]
706 1326 [0]
573 1454 [5]
793 1240 [0]
713 1320 [0]
728 1306 [0]
627 1409 [0]
448 1581 [7]
532 1504 [0]
650 1384 [3]
632 1406 [0]
861 1177 [0]
694 1344 [0]
936 1103 [0]
786 1250 [3]
987 1044 [8]
648 1386 [5]
1005 1035 [0]
801 1239 [0]
704 1338 [0]
998 1045 [0]
928 1110 [5]
840 1203 [0]
551 1493 [0]
879 1165 [0]
822 1211 [11]
772 1273 [0]
929 1116 [0]
552 1489 [4]
927 1114 [4]
738 1308 [0]
893 1152 [1]
641 1406 [0]
757 1292 [0]
991 1059 [0]
582 1459 [9]
487 1560 [3]
618 1430 [2]
454 1596 [1]
624 1418 [9]
566 1486 [0]
841 1211 [0]
851 1200 [1]
939 1114 [0]
758 1296 [0]
913 1135 [6]
921 1134 [0]
950 1105 [0]
747 1308 [0]
545 1511 [0]
786 1270 [0]
775 1281 [0]
463 1589 [5]
680 1370 [7]
780 1274 [3]
638 1410 [9]
704 1355 [0]
875 1184 [0]
977 1082 [1]
878 1183 [0]
808 1254 [0]
696 1358 [8]
861 1195 [7]
489 1570 [4]
729 1333 [2]
569 1497 [0]
987 1079 [0]
858 1208 [0]
502 1565 [0]
542 1519 [7]
961 1102 [6]
496 1574 [0]
594 1474 [2]
658 1412 [0]
951 1119 [0]
857 1204 [9]
894 1176 [0]
622 1449 [0]
840 1233 [0]
798 1272 [3]
885 1189 [0]
599 1472 [9]
973 1091 [10]
718 1356 [0]
949 1124 [1]
679 1396 [0]
882 1193 [0]
997 1078 [0]
862 1203 [10]
498 1573 [4]
485 1591 [0]
832 1244 [0]
848 1228 [0]
882 1194 [0]
634 1441 [2]
763 1308 [6]
547 1531 [0]
822 1256 [0]
669 1399 [11]
972 1103 [4]
705 1367 [7]
523 1547 [10]
510 1560 [10]
528 1551 [1]
886 1195 [0]
898 1184 [0]
986 1096 [0]
892 1179 [11]
704 1379 [0]
963 1120 [0]
990 1094 [0]
957 1119 [8]
579 1500 [5]
622 1458 [5]
754 1332 [0]
749 1338 [0]
592 1487 [8]
757 1330 [0]
523 1562 [4]
529 1557 [3]
907 1179 [4]
699 1392 [0]
522 1570 [0]
798 1294 [0]
964 1117 [11]
675 1418 [0]
710 1373 [10]
509 1584 [0]
795 1299 [0]
978 1114 [2]
919 1166 [11]
803 1291 [2]
517 1580 [0]
516 1576 [5]
569 1529 [0]
993 1105 [0]
572 1526 [1]
642 1451 [8]
884 1217 [0]
781 1321 [0]
893 1210 [0]
914 1184 [5]
660 1433 [10]
941 1163 [0]
908 1188 [8]
836 1268 [0]
524 1576 [4]
671 1434 [0]
664 1432 [9]
841 1257 [7]
864 1241 [0]
722 1384 [0]
566 1530 [10]
678 1429 [0]
991 1116 [0]
878 1228 [1]
960 1146 [1]
697 1409 [1]
624 1484 [0]
767 1341 [0]
1043 1065 [0]
700 1409 [0]
637 1473 [0]
998 1111 [1]
645 1463 [2]
560 1547 [4]
618 1494 [0]
611 1490 [11]
1012 1101 [0]
978 1136 [0]
569 1542 [3]
615 1500 [0]
970 1142 [4]
608 1510 [0]
1007 1111 [0]
744 1364 [10]
899 1214 [5]
867 1247 [5]
607 1512 [1]
952 1164 [4]
804 1317 [0]
986 1135 [0]
778 1345 [0]
805 1315 [3]
882 1242 [0]
987 1137 [0]
544 1581 [0]
903 1217 [5]
835 1291 [0]
1044 1082 [0]
656 1471 [0]
551 1572 [4]
906 1213 [10]
795 1335 [0]
876 1255 [0]
625 1500 [6]
554 1579 [0]
624 1510 [0]
898 1237 [0]
990 1141 [4]
1052 1078 [6]
988 1150 [0]
1031 1097 [10]
1020 1111 [8]
1032 1108 [0]
755 1387 [0]
567 1575 [1]
856 1288 [0]
951 1187 [6]
785 1360 [0]
654 1490 [1]
731 1406 [8]
747 1390 [8]
1024 1121 [0]
924 1221 [0]
574 1572 [0]
609 1537 [0]
561 1581 [4]
829 1318 [0]
811 1336 [0]
806 1330 [11]
951 1197 [0]
906 1243 [0]
1036 1112 [2]
759 1392 [0]
890 1261 [0]
969 1181 [1]
670 1482 [0]
854 1299 [0]
710 1442 [2]
557 1597 [0]
940 1215 [0]
1024 1131 [0]
925 1222 [8]
561 1588 [6]
949 1208 [0]
887 1269 [2]
975 1183 [1]
691 1469 [0]
614 1535 [11]
799 1362 [0]
1012 1149 [0]
684 1471 [7]
819 1344 [0]
722 1441 [0]
568 1590 [5]
723 1441 [0]
842 1322 [0]
751 1414 [0]
707 1459 [0]
933 1233 [0]
1033 1134 [0]
640 1528 [0]
1019 1149 [0]
719 1448 [1]
719 1450 [0]
699 1465 [5]
1063 1106 [0]
1064 1106 [0]
619 1547 [5]
643 1529 [0]
759 1413 [0]
762 1410 [0]
644 1529 [0]
956 1215 [2]
607 1562 [4]
692 1470 [11]
716 1455 [3]
712 1459 [3]
840 1333 [0]
592 1584 [0]
996 1180 [0]
1009 1166 [2]
598 1580 [0]
981 1197 [0]
704 1469 [5]
710 1459 [10]
697 1483 [0]
668 1507 [5]
833 1347 [0]
1064 1117 [0]
642 1528 [11]
811 1371 [0]
673 1511 [0]
713 1468 [4]
723 1456 [6]
603 1576 [6]
786 1394 [6]
874 1313 [0]
610 1578 [0]
909 1279 [0]
802 1383 [3]
700 1477 [11]
835 1350 [4]
713 1477 [0]
886 1300 [4]
761 1429 [0]
984 1208 [0]
1041 1152 [0]
635 1559 [0]
810 1384 [0]
658 1536 [0]
1034 1160 [0]
751 1441 [2]
753 1442 [0]
1055 1142 [0]
684 1504 [9]
614 1586 [0]
765 1430 [5]
797 1405 [0]
749 1453 [0]
917 1286 [0]
831 1366 [6]
1086 1118 [0]
727 1478 [0]
1067 1138 [0]
970 1233 [2]
688 1518 [0]
809 1391 [7]
739 1462 [6]
870 1327 [10]
709 1499 [0]
827 1381 [0]
863 1345 [0]
709 1498 [2]
1025 1173 [11]
839 1372 [0]
1030 1181 [0]
942 1258 [11]
1057 1154 [0]
1075 1137 [0]
1020 1186 [7]
804 1406 [3]
983 1227 [3]
795 1419 [0]
695 1508 [11]
1049 1166 [0]
760 1457 [0]
772 1444 [1]
1007 1208 [3]
1095 1122 [1]
1054 1165 [0]
949 1270 [0]
998 1210 [11]
782 1438 [0]
699 1521 [0]
1107 1113 [0]
939 1282 [0]
638 1584 [0]
981 1242 [0]
693 1523 [7]
1034 1183 [6]
907 1317 [0]
740 1484 [0]
853 1373 [0]
861 1358 [7]
947 1280 [0]
980 1249 [0]
950 1276 [3]
805 1425 [0]
831 1399 [0]
877 1353 [0]
717 1514 [0]
984 1247 [0]
692 1540 [0]
977 1255 [0]
988 1244 [0]
781 1451 [0]
1071 1162 [0]
1090 1143 [0]
891 1341 [1]
876 1356 [2]
725 1507 [2]
740 1495 [0]
970 1256 [9]
927 1308 [1]
878 1356 [2]
938 1299 [0]
1082 1145 [11]
725 1504 [9]
827 1411 [0]
1024 1215 [0]
1035 1204 [0]
1012 1223 [4]
699 1531 [11]
839 1404 [0]
1020 1213 [10]
880 1356 [8]
1076 1168 [1]
784 1462 [0]
788 1459 [0]
1038 1210 [0]
1111 1136 [1]
683 1565 [2]
832 1419 [0]
643 1598 [11]
927 1326 [0]
1069 1187 [0]
959 1289 [9]
883 1371 [3]
894 1359 [4]
936 1319 [2]
795 1452 [11]
689 1559 [11]
710 1547 [2]
1123 1132 [5]
1057 1204 [0]
818 1432 [11]
993 1257 [11]
1030 1233 [0]
707 1550 [6]
729 1536 [0]
1042 1215 [9]
1032 1235 [0]
880 1388 [0]
673 1594 [1]
676 1593 [0]
919 1350 [0]
728 1536 [5]
1042 1220 [7]
975 1293 [1]
788 1470 [11]
846 1424 [0]
1103 1164 [4]
765 1501 [5]
719 1553 [0]
759 1513 [0]
1050 1222 [0]
747 1520 [5]
843 1420 [10]
772 1496 [5]
702 1572 [0]
744 1531 [0]
1075 1200 [0]
1114 1161 [0]
1120 1145 [11]
1108 1157 [11]
931 1346 [0]
734 1537 [6]
829 1448 [0]
938 1332 [8]
1108 1170 [0]
1051 1228 [0]
1051 1230 [0]
755 1521 [6]
944 1339 [0]
1107 1173 [4]
763 1523 [0]
837 1450 [0]
1093 1195 [0]
983 1302 [3]
802 1480 [7]
1040 1244 [6]
972 1321 [0]
834 1455 [4]
707 1588 [0]
724 1571 [0]
1081 1214 [0]
806 1490 [0]
897 1392 [8]
796 1500 [1]
933 1365 [0]
876 1422 [0]
1137 1162 [0]
902 1397 [0]
782 1518 [0]
1048 1252 [0]
841 1460 [0]
707 1595 [0]
995 1307 [0]
990 1314 [0]
1007 1294 [4]
781 1525 [0]
1025 1270 [11]
770 1532 [4]
823 1473 [10]
791 1508 [7]
937 1369 [0]
1136 1166 [5]
929 1379 [0]
737 1571 [0]
710 1587 [11]
730 1568 [11]
834 1471 [4]
985 1325 [0]
713 1595 [2]
990 1317 [3]
857 1454 [0]
953 1358 [0]
1117 1184 [10]
910 1402 [0]
1131 1181 [0]
891 1411 [10]
764 1549 [0]
870 1444 [0]
936 1377 [1]
1110 1195 [9]
717 1592 [6]
1048 1269 [0]
1107 1211 [0]
737 1584 [0]
959 1362 [0]
944 1378 [0]
950 1372 [0]
1136 1186 [0]
821 1501 [0]
1032 1291 [0]
1008 1316 [0]
1052 1273 [1]
819 1500 [9]
1000 1328 [0]
845 1484 [0]
1058 1271 [0]
966 1364 [0]
1051 1279 [0]
991 1337 [2]
985 1340 [5]
937 1394 [0]
851 1475 [6]
901 1428 [3]
878 1453 [2]
807 1527 [0]
845 1489 [0]
1029 1306 [0]
959 1367 [9]
858 1478 [0]
1073 1264 [0]
1055 1283 [0]
860 1473 [7]
948 1384 [8]
887 1444 [10]
951 1391 [0]
1070 1272 [0]
1157 1186 [0]
780 1566 [0]
989 1358 [0]
861 1488 [0]
1106 1240 [3]
1173 1177 [0]
1084 1266 [0]
1035 1308 [8]
780 1574 [0]
1135 1219 [0]
915 1440 [0]
999 1356 [0]
1049 1306 [0]
1099 1256 [0]
786 1563 [6]
946 1410 [0]
1151 1205 [0]
1115 1233 [10]
1117 1241 [0]
867 1494 [0]
787 1566 [9]
1006 1356 [1]
1168 1197 [0]
844 1521 [0]
1042 1324 [0]
1047 1319 [0]
774 1594 [0]
828 1541 [1]
1042 1321 [8]
1159 1213 [0]
1010 1363 [0]
1021 1352 [0]
1155 1217 [2]
940 1424 [10]
1002 1362 [11]
986 1390 [0]
1075 1301 [0]
871 1506 [0]
908 1458 [11]
807 1575 [0]
924 1453 [5]
1123 1254 [5]
872 1511 [0]
1025 1358 [0]
1062 1323 [0]
942 1442 [1]
963 1423 [0]
1019 1362 [5]
1058 1320 [8]
822 1565 [0]
926 1462 [0]
995 1393 [0]
870 1509 [10]
1035 1348 [6]
969 1415 [6]
1026 1366 [0]
1095 1298 [1]
1054 1341 [0]
919 1479 [0]
1150 1242 [6]
1127 1261 [11]
963 1431 [5]
844 1557 [0]
1181 1219 [1]
981 1409 [11]
910 1491 [0]
1098 1305 [0]
1119 1278 [6]
836 1568 [0]
882 1522 [0]
1099 1305 [0]
1139 1256 [9]
1087 1318 [0]
960 1444 [1]
1141 1253 [11]
959 1448 [0]
943 1461 [3]
917 1490 [0]
968 1440 [0]
1017 1380 [11]
1024 1381 [4]
1121 1290 [0]
1112 1293 [7]
903 1506 [3]
889 1512 [11]
947 1466 [0]
1088 1326 [0]
1053 1363 [0]
1058 1349 [9]
1188 1231 [0]
1080 1337 [2]
1112 1301 [7]
1004 1420 [0]
1061 1363 [0]
967 1453 [5]
969 1445 [11]
1105 1319 [1]
964 1462 [0]
1175 1240 [11]
1077 1347 [4]
1064 1365 [0]
1206 1220 [5]
879 1553 [0]
907 1524 [1]
932 1500 [0]
1070 1360 [2]
1018 1408 [6]
1103 1320 [11]
1015 1420 [0]
1124 1311 [0]
929 1501 [5]
1016 1416 [3]
1188 1248 [0]
979 1459 [0]
890 1549 [2]
1147 1294 [0]
899 1544 [0]
1013 1432 [0]
1045 1400 [0]
920 1518 [7]
1173 1273 [0]
1209 1237 [0]
943 1503 [0]
931 1517 [0]
954 1491 [3]
1187 1262 [0]
1185 1264 [0]
1089 1361 [0]
1073 1379 [0]
1222 1228 [4]
949 1506 [0]
918 1537 [0]
1012 1442 [1]
1198 1258 [0]
921 1534 [1]
1098 1360 [0]
908 1552 [0]
914 1548 [0]
961 1498 [4]
1151 1302 [10]
1100 1359 [5]
1144 1321 [0]
869 1594 [2]
858 1599 [9]
1213 1251 [3]
898 1566 [5]
1136 1334 [0]
896 1564 [11]
1070 1403 [0]
1030 1444 [0]
976 1491 [7]
912 1564 [0]
995 1483 [0]
951 1516 [11]
962 1516 [0]
1232 1242 [4]
966 1514 [0]
1006 1474 [0]
1148 1332 [0]
925 1545 [10]
1223 1259 [0]
916 1562 [5]
1064 1417 [3]
1191 1290 [3]
1137 1348 [0]
1076 1408 [1]
1208 1275 [3]
1202 1283 [1]
931 1556 [0]
1173 1314 [0]
975 1513 [0]
1118 1370 [0]
1242 1244 [2]
1225 1263 [0]
1028 1459 [3]
1159 1331 [0]
977 1511 [3]
946 1541 [5]
1029 1464 [0]
1111 1382 [0]
931 1559 [3]
902 1583 [9]
948 1549 [0]
1247 1249 [1]
1045 1453 [0]
1156 1342 [0]
1063 1430 [5]
1195 1304 [0]
1007 1493 [0]
980 1517 [3]
1095 1404 [1]
912 1590 [0]
1133 1369 [0]
921 1581 [0]
913 1583 [7]
1200 1304 [1]
1041 1465 [0]
1162 1347 [0]
939 1566 [4]
1013 1496 [0]
952 1549 [10]
1152 1360 [0]
984 1529 [0]
1116 1397 [0]
1127 1382 [4]
965 1544 [5]
995 1519 [1]
997 1511 [7]
1108 1408 [0]
1119 1388 [9]
1036 1480 [1]
1197 1318 [2]
1088 1429 [0]
1136 1377 [6]
1075 1446 [0]
1064 1457 [1]
1088 1435 [0]
952 1569 [2]
1122 1401 [0]
1037 1487 [0]
1008 1517 [0]
1112 1403 [10]
1230 1296 [0]
1097 1430 [0]
1129 1398 [0]
1198 1329 [0]
1205 1321 [2]
1110 1419 [0]
937 1583 [9]
1088 1432 [11]
1248 1286 [0]
1202 1329 [5]
1190 1347 [0]
968 1571 [1]
1237 1299 [4]
1267 1275 [0]
1154 1390 [0]
1124 1422 [0]
963 1581 [2]
972 1576 [0]
982 1567 [0]
1191 1358 [0]
1032 1518 [0]
1082 1469 [0]
1239 1301 [11]
1215 1338 [0]
1000 1553 [0]
1263 1291 [0]
1192 1363 [0]
1210 1346 [0]
1000 1557 [0]
982 1570 [6]
1164 1396 [3]
971 1594 [0]
1058 1507 [0]
1092 1473 [0]
1026 1539 [0]
1257 1309 [0]
1263 1303 [0]
1005 1557 [6]
1222 1344 [2]
1225 1337 [8]
1255 1306 [9]
1269 1303 [0]
1235 1338 [0]
1160 1410 [3]
1103 1471 [0]
1105 1469 [0]
1245 1331 [0]
1168 1409 [0]
972 1595 [11]
1105 1471 [3]
1264 1310 [5]
1163 1419 [2]
1234 1351 [0]
1146 1439 [0]
1145 1440 [0]
1117 1469 [0]
1176 1400 [10]
1154 1433 [0]
1221 1366 [0]
1282 1305 [0]
1292 1296 [0]
1045 1547 [0]
1117 1474 [1]
1272 1322 [0]
1270 1319 [5]
1261 1322 [11]
1125 1470 [0]
1215 1371 [10]
1263 1333 [0]
1191 1407 [0]
1073 1524 [1]
1055 1544 [0]
1051 1550 [0]
1276 1326 [1]
1238 1368 [0]
1032 1575 [0]
1085 1522 [0]
1223 1379 [5]
1023 1585 [0]
1099 1509 [0]
1174 1435 [0]
1001 1598 [11]
1137 1474 [0]
1175 1437 [0]
1050 1564 [0]
1074 1540 [0]
1078 1527 [10]
1063 1549 [5]
1261 1345 [11]
1060 1559 [0]
1024 1592 [3]
1069 1551 [0]
1027 1595 [0]
1257 1365 [0]
1179 1439 [4]
1247 1374 [2]
1163 1459 [1]
1077 1535 [11]
1232 1392 [0]
1280 1345 [0]
1297 1330 [0]
1278 1350 [0]
1291 1339 [0]
1296 1337 [0]
1106 1528 [0]
1194 1441 [0]
1185 1446 [4]
1070 1567 [0]
1216 1421 [0]
1091 1548 [0]
1280 1359 [0]
1063 1577 [0]
1313 1326 [1]
1223 1426 [0]
1140 1511 [0]
1175 1465 [11]
1111 1537 [3]
1092 1556 [3]
1277 1376 [0]
1130 1523 [0]
1163 1494 [0]
1181 1476 [0]
1197 1460 [0]
1136 1516 [5]
1124 1523 [10]
1226 1434 [0]
1312 1349 [0]
1173 1479 [11]
1186 1477 [0]
1291 1367 [6]
1124 1540 [0]
1196 1459 [10]
1299 1361 [5]
1185 1481 [0]
1229 1432 [5]
1076 1585 [7]
1071 1598 [0]
1220 1449 [0]
1229 1440 [0]
1079 1588 [3]
1183 1482 [5]
1097 1574 [0]
1174 1498 [0]
1158 1515 [0]
1231 1442 [0]
1327 1344 [3]
1280 1384 [11]
1086 1590 [0]
1284 1392 [0]
1283 1394 [0]
1237 1436 [6]
1188 1488 [3]
1140 1529 [10]
1111 1563 [6]
1204 1471 [5]
1164 1516 [1]
1109 1573 [0]
1168 1515 [0]
1146 1538 [0]
1277 1407 [0]
1098 1585 [1]
1199 1480 [7]
1326 1354 [6]
1258 1421 [11]
1197 1490 [4]
1147 1547 [1]
1276 1420 [0]
1199 1498 [0]
1250 1448 [0]
1322 1369 [11]
1276 1427 [0]
1302 1403 [0]
1249 1455 [2]
1139 1566 [4]
1249 1456 [6]
1297 1415 [0]
1138 1575 [0]
1131 1580 [6]
1293 1424 [1]
1165 1558 [0]
1194 1531 [0]
1174 1549 [3]
1283 1443 [1]
1262 1466 [0]
1204 1524 [1]
1319 1409 [3]
1280 1452 [1]
1356 1366 [11]
1257 1478 [0]
1270 1465 [0]
1238 1496 [1]
1160 1575 [3]
1257 1489 [0]
1302 1444 [0]
1148 1592 [6]
1325 1422 [0]
1349 1398 [0]
1277 1469 [1]
1280 1467 [1]
1252 1486 [10]
1227 1515 [6]
1263 1486 [0]
1286 1463 [0]
1289 1461 [0]
1263 1485 [2]
1257 1494 [0]
1305 1440 [6]
1364 1388 [0]
1334 1410 [11]
1334 1421 [0]
1247 1503 [6]
1284 1473 [0]
1351 1397 [10]
1183 1574 [5]
1276 1479 [11]
1283 1482 [3]
1181 1586 [3]
1185 1574 [11]
1258 1503 [11]
1260 1514 [0]
1207 1570 [0]
1270 1509 [3]
1314 1467 [1]
1256 1527 [1]
1332 1453 [0]
1295 1492 [0]
1284 1503 [1]
1227 1563 [0]
1242 1539 [11]
1255 1538 [1]
1337 1458 [0]
1301 1494 [1]
1239 1560 [0]
1354 1445 [0]
1204 1596 [0]
1379 1423 [0]
1290 1513 [0]
1365 1436 [3]
1316 1494 [0]
1279 1532 [0]
1298 1518 [0]
1239 1575 [6]
1225 1597 [0]
1277 1552 [1]
1242 1578 [11]
1266 1569 [0]
1282 1555 [0]
1397 1466 [0]
1268 1593 [3]
1408 1456 [3]
1288 1574 [6]
1284 1579 [6]
1301 1569 [0]
1397 1465 [9]
1370 1503 [0]
1382 1491 [0]
1386 1487 [0]
1281 1594 [0]
1391 1486 [0]
1306 1573 [0]
1299 1586 [0]
1352 1530 [3]
1322 1561 [4]
1398 1492 [1]
1362 1532 [0]
1345 1553 [0]
1439 1459 [5]
1357 1547 [0]
1329 1570 [6]
1330 1578 [0]
1372 1538 [0]
1450 1461 [0]
1377 1525 [11]
1396 1530 [0]
1459 1466 [5]
1356 1576 [0]
1411 1524 [0]
1370 1566 [0]
1394 1539 [9]
1448 1486 [10]
1453 1488 [3]
1380 1554 [11]
1430 1516 [0]
1411 1531 [5]
1461 1497 [0]
1365 1593 [3]
1398 1562 [1]
1380 1571 [11]
1377 1586 [0]
1436 1521 [6]
1434 1532 [0]
1405 1561 [0]
1390 1573 [11]
1402 1577 [0]
1413 1565 [1]
1454 1529 [0]
1462 1522 [0]
1442 1546 [1]
1473 1517 [2]
1485 1508 [0]
1425 1565 [3]
1403 1592 [0]
1459 1540 [0]
1484 1522 [0]
1449 1564 [0]
1470 1543 [0]
1508 1516 [6]
1454 1576 [6]
1518 1519 [0]
1441 1596 [2]
1478 1559 [3]
1458 1582 [0]
1511 1531 [0]
1448 1598 [0]
1499 1572 [3]
1513 1574 [0]
1540 1551 [11]
1541 1576 [0]
1565 1579 [1]
1563 1583 [0]
1572 1593 [0]
