800
10
400
7
2
0
1
3
5
10
4
8
19
11
13
16
23
17
6
18
12
15
31
20
43
55
54
90
46
22
35
62
44
32
28
39
67
34
9
25
21
60
14
41
27
52
36
30
38
26
47
58
86
61
50
64
66
37
57
72
42
114
59
143
139
48
127
92
24
40
56
65
82
186
111
33
53
68
74
115
69
76
75
73
77
104
87
29
147
45
133
63
49
84
89
132
118
91
97
71
107
108
70
128
172
106
94
117
85
51
81
95
98
123
152
203
80
150
141
140
100
224
153
268
121
110
151
102
99
120
162
166
159
169
165
79
103
137
96
175
116
122
78
93
136
88
113
221
83
164
124
149
215
177
160
125
189
226
157
182
158
129
176
154
109
184
119
236
174
181
148
134
130
146
126
163
170
217
200
199
195
198
131
155
187
112
144
214
245
193
259
197
101
206
168
191
210
173
179
287
216
223
208
167
202
294
247
204
248
227
233
196
178
138
142
230
276
242
161
321
332
185
270
241
275
251
135
183
319
258
220
313
234
228
201
246
326
192
292
222
190
282
207
156
254
205
290
250
229
289
145
213
105
218
237
212
261
257
304
280
256
211
238
225
209
243
180
239
310
284
295
286
271
344
232
235
330
302
315
249
171
283
342
309
348
293
279
291
300
388
231
350
303
386
341
351
381
362
406
252
298
307
269
343
219
311
305
569
439
458
363
414
244
274
356
372
379
328
337
389
194
354
316
322
323
334
462
376
297
357
390
366
561
378
296
365
398
331
369
349
499
262
285
336
320
367
188
263
265
299
267
281
434
346
468
399
318
353
438
387
314
317
340
396
301
407
324
493
472
264
368
404
255
430
278
260
325
530
338
277
426
253
360
500
445
329
377
453
266
385
403
537
542
417
397
413
370
482
442
571
374
373
410
423
359
395
391
435
424
273
371
312
335
509
333
456
358
375
411
418
533
425
515
501
436
678
416
401
308
380
345
528
427
408
529
448
535
429
492
383
547
288
393
510
522
420
676
364
447
511
446
466
443
392
384
516
412
496
519
552
667
738
494
444
612
524
405
441
498
488
580
484
306
382
476
614
361
440
487
598
347
454
538
652
461
394
504
460
240
327
449
451
584
545
422
556
481
437
352
355
613
477
523
467
536
517
555
486
452
798
432
655
503
640
563
455
339
421
490
469
433
415
478
471
593
626
570
495
459
497
475
507
543
592
562
521
565
576
585
474
409
465
457
272
428
768
796
739
564
550
450
526
532
601
559
558
594
609
663
479
637
470
525
688
505
534
483
708
502
683
551
644
784
649
520
681
603
600
623
582
751
639
544
635
756
518
595
587
646
662
531
419
583
463
480
622
625
666
630
621
597
615
590
473
568
632
765
685
618
599
506
553
648
402
714
620
692
513
539
608
647
740
602
658
674
715
631
566
548
578
718
624
741
567
560
721
629
779
698
588
690
634
737
699
673
549
727
682
464
541
722
546
489
606
769
753
657
514
653
586
773
703
591
775
706
628
617
508
679
627
689
485
687
755
709
650
680
589
573
581
684
691
607
527
730
776
664
574
577
726
610
540
557
746
643
491
660
604
762
697
788
572
554
596
790
700
733
717
702
735
713
716
732
636
747
743
710
579
724
777
772
665
752
761
763
766
736
799
744
760
694
670
782
771
785
728
767
701
734
654
711
720
791
786
754
781
668
794
642
780
707
575
672
758
719
795
797
764
677
778
671
651
745
793
731
787
774
748
749
656
742
723
616
783
638
792
789
705
757
431
659
675
645
729
759
661
712
605
696
725
619
693
704
669
641
686
633
770
695
512
611
750
0 1 [0]
0 2 [0]
0 3 [1]
1 3 [0]
2 3 [1]
1 6 [1]
0 6 [1]
0 4 [3]
2 6 [1]
3 5 [0]
0 5 [3]
2 7 [0]
2 4 [3]
0 10 [1]
4 8 [0]
0 13 [1]
1 11 [1]
4 10 [0]
5 10 [0]
3 6 [8]
3 10 [4]
2 12 [3]
3 15 [1]
1 9 [8]
0 15 [3]
0 19 [1]
3 16 [1]
4 17 [1]
1 12 [8]
6 17 [0]
5 19 [1]
6 18 [0]
11 13 [0]
2 19 [3]
1 24 [1]
4 18 [3]
7 19 [1]
10 16 [1]
12 15 [0]
8 19 [0]
0 28 [1]
3 25 [1]
0 20 [8]
13 16 [0]
0 21 [8]
7 14 [8]
7 23 [1]
11 19 [0]
12 18 [0]
4 27 [1]
5 24 [2]
1 31 [1]
7 25 [1]
7 26 [1]
5 20 [8]
1 25 [8]
9 25 [0]
4 22 [8]
17 18 [1]
7 21 [8]
1 28 [8]
11 17 [9]
0 38 [1]
8 30 [1]
4 26 [8]
11 28 [1]
16 23 [0]
0 32 [8]
12 28 [1]
12 26 [2]
9 29 [2]
17 23 [0]
12 20 [8]
2 30 [8]
4 37 [1]
6 27 [8]
8 25 [8]
10 23 [8]
3 39 [1]
16 26 [1]
0 34 [8]
11 29 [2]
12 22 [8]
13 22 [8]
3 32 [8]
9 34 [0]
1 43 [1]
0 36 [8]
4 41 [1]
2 35 [8]
10 33 [2]
2 36 [8]
15 31 [0]
4 40 [2]
3 35 [8]
6 32 [8]
21 25 [0]
1 37 [8]
17 22 [8]
3 37 [8]
7 33 [8]
10 39 [1]
1 40 [8]
17 25 [8]
19 23 [8]
8 40 [2]
20 31 [0]
25 26 [1]
20 23 [8]
5 38 [8]
1 51 [1]
5 39 [8]
5 48 [1]
6 47 [1]
17 36 [1]
22 23 [8]
7 39 [8]
14 41 [0]
3 44 [8]
2 54 [1]
16 32 [8]
10 38 [8]
18 30 [8]
2 46 [8]
22 35 [0]
23 26 [8]
13 45 [1]
15 41 [2]
23 33 [2]
6 50 [2]
0 59 [1]
7 44 [8]
23 28 [8]
19 32 [8]
11 49 [1]
28 32 [0]
7 51 [2]
20 43 [0]
3 52 [8]
16 39 [8]
7 57 [1]
15 47 [2]
25 37 [2]
24 40 [0]
26 38 [0]
6 56 [2]
30 36 [0]
6 58 [2]
12 46 [8]
7 60 [1]
20 45 [2]
8 57 [2]
28 39 [0]
10 58 [1]
30 38 [0]
9 57 [2]
27 41 [0]
22 46 [0]
14 53 [2]
15 55 [1]
7 64 [1]
16 47 [8]
29 38 [4]
1 62 [8]
3 69 [1]
6 66 [1]
30 42 [1]
7 63 [2]
4 60 [8]
0 73 [1]
7 66 [1]
26 47 [0]
3 68 [2]
5 69 [1]
6 68 [1]
10 64 [1]
2 70 [2]
22 50 [2]
2 64 [8]
14 58 [2]
14 60 [0]
6 69 [1]
16 59 [1]
23 44 [8]
1 66 [8]
6 70 [1]
32 39 [5]
32 44 [0]
9 68 [1]
18 55 [5]
4 72 [2]
9 70 [1]
17 62 [1]
5 66 [8]
18 59 [2]
27 52 [0]
0 80 [1]
13 67 [1]
5 73 [2]
9 72 [1]
11 70 [1]
36 45 [1]
10 69 [2]
38 41 [2]
22 57 [2]
21 60 [0]
2 80 [1]
3 77 [2]
32 48 [2]
4 76 [2]
6 77 [1]
1 80 [2]
40 41 [2]
2 82 [1]
39 44 [2]
15 68 [2]
11 75 [1]
13 73 [1]
33 53 [0]
36 50 [1]
8 76 [2]
36 51 [1]
10 75 [2]
41 44 [2]
4 84 [1]
23 63 [2]
4 78 [6]
36 52 [0]
6 80 [2]
29 60 [1]
0 87 [2]
12 78 [1]
22 66 [2]
6 78 [6]
10 81 [1]
17 66 [8]
2 87 [2]
17 72 [2]
6 79 [6]
40 52 [1]
44 48 [1]
6 84 [2]
1 92 [1]
8 85 [1]
41 52 [1]
14 77 [2]
19 66 [8]
26 63 [4]
10 84 [1]
11 83 [1]
37 57 [0]
41 53 [1]
2 93 [1]
7 88 [1]
23 72 [1]
11 85 [1]
40 56 [0]
18 76 [2]
14 83 [1]
27 70 [1]
35 62 [0]
7 82 [8]
43 55 [0]
15 84 [1]
23 76 [1]
16 84 [1]
13 85 [2]
34 67 [0]
2 97 [2]
24 73 [4]
17 82 [2]
47 52 [2]
41 61 [1]
44 58 [1]
2 92 [8]
40 60 [2]
37 66 [0]
36 63 [4]
28 73 [2]
6 95 [2]
21 83 [0]
24 80 [0]
26 74 [4]
3 99 [2]
31 71 [2]
25 80 [0]
47 58 [0]
4 99 [2]
16 83 [6]
39 67 [0]
44 62 [0]
46 58 [2]
21 79 [6]
20 84 [2]
33 69 [4]
2 105 [0]
10 97 [0]
38 69 [0]
2 104 [2]
10 99 [0]
44 63 [2]
54 55 [0]
0 110 [0]
4 106 [0]
6 104 [0]
33 71 [6]
12 90 [8]
27 78 [6]
5 104 [2]
50 61 [0]
27 80 [4]
38 74 [0]
49 63 [0]
11 99 [2]
14 99 [0]
36 77 [0]
55 56 [2]
23 91 [0]
50 64 [0]
1 111 [2]
42 72 [0]
18 97 [0]
55 60 [0]
27 86 [2]
51 60 [4]
52 61 [2]
19 94 [2]
22 89 [4]
12 99 [4]
0 116 [0]
2 114 [0]
29 87 [0]
22 92 [2]
24 92 [0]
21 96 [0]
11 104 [2]
5 110 [2]
2 109 [6]
56 62 [0]
34 79 [6]
4 116 [0]
27 93 [0]
46 74 [0]
58 60 [2]
0 118 [2]
24 97 [0]
56 65 [0]
56 61 [4]
53 68 [0]
13 109 [0]
31 91 [0]
28 92 [2]
0 123 [0]
14 109 [0]
55 66 [2]
6 115 [2]
35 89 [0]
6 112 [6]
4 118 [2]
5 113 [6]
4 121 [0]
2 121 [2]
41 82 [2]
15 108 [2]
6 113 [6]
20 104 [2]
21 105 [0]
7 117 [2]
4 120 [2]
23 99 [4]
20 102 [4]
1 123 [2]
16 108 [2]
9 118 [0]
9 112 [6]
60 63 [4]
28 95 [4]
57 72 [0]
41 86 [2]
64 66 [0]
12 112 [6]
15 109 [6]
3 128 [0]
20 111 [0]
32 99 [0]
46 85 [0]
11 121 [0]
35 97 [0]
47 79 [6]
2 124 [6]
24 104 [4]
51 81 [0]
56 73 [4]
49 84 [0]
31 98 [4]
14 120 [0]
24 105 [5]
28 104 [2]
15 113 [6]
47 89 [0]
51 85 [0]
6 124 [6]
30 100 [6]
46 90 [0]
37 100 [0]
43 86 [8]
24 107 [6]
28 103 [6]
9 129 [0]
60 78 [0]
19 113 [6]
27 107 [4]
25 111 [2]
10 127 [2]
21 119 [0]
52 88 [0]
35 99 [6]
3 131 [6]
52 86 [2]
8 133 [0]
32 109 [0]
55 86 [0]
52 85 [4]
51 83 [7]
40 95 [6]
7 132 [2]
1 141 [0]
50 92 [0]
50 90 [2]
56 80 [6]
68 74 [0]
0 140 [2]
7 127 [8]
4 139 [0]
13 128 [2]
27 110 [6]
43 99 [2]
3 141 [0]
58 86 [0]
12 132 [0]
0 138 [6]
16 128 [0]
33 111 [0]
7 131 [6]
40 104 [0]
54 90 [0]
14 125 [6]
3 142 [0]
38 107 [0]
69 76 [0]
19 127 [0]
21 125 [0]
44 96 [6]
21 121 [4]
4 140 [2]
21 126 [0]
49 98 [0]
61 86 [0]
22 121 [4]
31 114 [2]
71 72 [4]
65 82 [0]
19 129 [0]
73 75 [0]
6 140 [2]
46 96 [6]
7 142 [0]
34 115 [0]
8 139 [2]
60 85 [4]
47 96 [6]
31 118 [0]
72 73 [4]
9 139 [2]
52 94 [4]
1 147 [2]
73 77 [0]
1 150 [0]
19 132 [0]
51 100 [0]
75 76 [0]
2 147 [2]
51 93 [7]
54 98 [0]
20 126 [6]
0 150 [2]
15 131 [6]
35 115 [2]
34 119 [0]
6 147 [0]
20 133 [0]
37 109 [7]
53 94 [6]
58 91 [4]
8 143 [2]
41 108 [4]
2 145 [7]
1 151 [2]
17 131 [6]
19 136 [0]
32 123 [0]
67 88 [0]
34 117 [4]
1 153 [2]
42 114 [0]
2 152 [2]
20 130 [6]
47 103 [6]
53 96 [7]
14 135 [7]
11 143 [2]
54 99 [4]
26 125 [6]
3 155 [0]
9 149 [0]
66 90 [2]
10 142 [6]
4 148 [6]
5 151 [2]
7 152 [0]
0 159 [0]
66 93 [0]
0 160 [0]
24 136 [0]
60 100 [0]
58 96 [6]
61 93 [6]
18 143 [0]
51 103 [7]
18 141 [2]
32 127 [2]
71 86 [4]
42 115 [4]
53 102 [6]
52 110 [0]
44 112 [6]
39 124 [0]
60 103 [0]
23 134 [6]
11 146 [6]
64 93 [6]
63 93 [7]
65 99 [0]
9 155 [0]
4 154 [6]
42 116 [6]
1 156 [7]
37 121 [6]
36 129 [0]
16 142 [7]
22 137 [6]
75 83 [7]
15 144 [6]
1 162 [2]
2 157 [6]
17 149 [0]
0 164 [2]
17 142 [7]
76 85 [6]
54 110 [4]
40 122 [6]
1 165 [2]
18 144 [6]
4 162 [2]
75 87 [6]
71 97 [0]
16 146 [6]
62 101 [6]
20 142 [7]
55 110 [4]
17 151 [2]
33 133 [4]
18 146 [6]
23 148 [0]
62 107 [2]
68 96 [7]
78 93 [0]
4 166 [2]
5 161 [6]
5 165 [2]
36 130 [6]
62 108 [2]
84 89 [0]
59 114 [0]
2 169 [2]
0 174 [0]
33 141 [0]
67 107 [0]
7 165 [2]
78 97 [0]
87 88 [0]
66 103 [6]
48 127 [0]
81 95 [0]
62 110 [4]
29 147 [0]
4 173 [0]
4 167 [6]
49 128 [0]
53 124 [0]
34 137 [6]
63 108 [6]
57 114 [6]
18 160 [0]
42 129 [7]
5 167 [6]
70 108 [0]
65 107 [6]
14 158 [6]
71 107 [0]
45 133 [0]
2 170 [6]
35 137 [6]
18 154 [6]
89 90 [0]
6 167 [6]
86 89 [4]
5 172 [2]
14 166 [0]
0 180 [0]
28 152 [0]
36 140 [4]
15 159 [6]
38 135 [7]
43 131 [6]
84 96 [0]
31 147 [2]
15 166 [0]
17 164 [0]
41 134 [6]
77 104 [0]
6 176 [0]
36 146 [0]
44 138 [0]
8 172 [2]
79 103 [0]
26 152 [4]
28 150 [4]
33 150 [0]
18 159 [6]
0 177 [6]
3 174 [6]
17 167 [0]
46 138 [0]
69 115 [0]
4 174 [6]
62 116 [6]
9 176 [0]
77 108 [0]
14 165 [6]
17 161 [7]
49 129 [7]
29 149 [7]
6 173 [6]
14 172 [0]
26 160 [0]
6 174 [6]
64 116 [6]
10 177 [0]
18 169 [0]
19 168 [0]
6 175 [6]
48 139 [0]
35 145 [7]
10 178 [0]
44 144 [0]
91 97 [0]
46 135 [7]
68 113 [7]
74 111 [4]
2 187 [0]
3 186 [0]
4 185 [0]
84 102 [3]
2 181 [6]
38 147 [4]
74 115 [0]
17 173 [0]
58 132 [0]
52 131 [7]
19 165 [6]
16 172 [2]
38 146 [6]
22 169 [0]
76 115 [0]
87 104 [0]
0 189 [2]
81 103 [7]
65 120 [6]
2 190 [0]
1 191 [0]
21 171 [0]
76 116 [0]
45 147 [0]
67 126 [0]
53 135 [5]
95 98 [0]
57 132 [4]
33 161 [0]
65 122 [7]
75 115 [4]
84 107 [3]
12 183 [0]
25 170 [0]
10 179 [6]
3 193 [0]
30 166 [0]
27 163 [6]
63 133 [0]
23 167 [6]
6 191 [0]
12 179 [6]
64 126 [7]
50 141 [6]
70 128 [0]
69 123 [6]
8 184 [6]
7 189 [2]
34 165 [0]
57 142 [0]
0 192 [7]
84 111 [4]
72 128 [0]
19 181 [0]
94 106 [0]
78 122 [0]
66 134 [0]
74 119 [7]
92 104 [4]
91 109 [0]
55 141 [4]
51 144 [5]
36 165 [0]
17 184 [0]
99 102 [0]
65 129 [7]
88 113 [0]
0 194 [7]
4 190 [7]
28 174 [0]
36 166 [0]
40 162 [0]
59 143 [0]
85 117 [0]
63 139 [0]
0 203 [0]
1 202 [0]
28 168 [7]
22 175 [6]
0 204 [0]
2 196 [6]
52 145 [7]
7 191 [6]
45 160 [0]
83 122 [0]
30 169 [6]
30 168 [7]
4 194 [7]
76 122 [7]
6 193 [6]
13 193 [0]
75 131 [0]
64 136 [6]
1 203 [2]
57 143 [6]
12 195 [0]
26 181 [0]
59 148 [0]
2 203 [2]
48 153 [6]
19 182 [6]
7 194 [7]
0 208 [0]
6 202 [0]
91 111 [6]
65 137 [6]
66 136 [6]
9 194 [5]
51 157 [0]
57 152 [0]
11 198 [0]
21 186 [2]
91 118 [0]
41 161 [7]
35 174 [0]
38 171 [0]
31 171 [7]
15 195 [0]
84 126 [0]
77 126 [7]
20 184 [6]
49 156 [5]
60 144 [7]
94 117 [0]
98 114 [0]
67 145 [0]
39 173 [0]
46 162 [4]
17 195 [0]
36 170 [6]
75 137 [0]
44 161 [7]
40 166 [6]
31 175 [6]
7 206 [0]
28 185 [0]
50 163 [0]
71 142 [0]
66 141 [6]
7 201 [6]
4 210 [0]
11 203 [0]
9 199 [6]
15 194 [5]
55 159 [0]
39 168 [7]
84 128 [3]
12 196 [7]
107 108 [0]
3 213 [0]
8 208 [0]
10 206 [0]
20 196 [0]
85 131 [0]
26 183 [7]
17 194 [5]
84 133 [0]
10 207 [0]
13 204 [0]
46 171 [0]
1 210 [6]
61 150 [6]
7 204 [6]
12 199 [6]
25 185 [7]
33 177 [7]
97 118 [2]
81 131 [5]
6 212 [0]
18 200 [0]
34 184 [0]
97 115 [6]
50 162 [6]
53 159 [6]
7 212 [0]
44 175 [0]
92 127 [0]
7 205 [7]
99 120 [0]
16 197 [6]
13 207 [0]
99 115 [6]
12 202 [6]
50 164 [6]
1 212 [7]
60 161 [0]
89 132 [0]
91 130 [0]
53 161 [7]
1 213 [7]
98 123 [0]
51 171 [0]
86 130 [6]
50 173 [0]
1 222 [0]
94 123 [6]
61 155 [7]
2 215 [6]
66 151 [6]
97 126 [0]
62 155 [6]
11 206 [6]
7 217 [0]
27 197 [0]
78 146 [0]
88 136 [0]
51 166 [7]
8 217 [0]
63 162 [0]
28 190 [7]
47 179 [0]
1 225 [0]
0 226 [0]
4 216 [6]
58 162 [6]
60 166 [0]
10 209 [7]
87 137 [3]
4 223 [0]
71 149 [7]
22 199 [6]
59 162 [6]
15 213 [0]
6 222 [0]
10 218 [0]
85 138 [5]
11 217 [0]
18 210 [0]
68 160 [0]
26 195 [7]
74 154 [0]
57 165 [6]
35 188 [5]
60 162 [6]
5 221 [2]
10 219 [0]
18 211 [0]
61 162 [6]
93 136 [0]
89 140 [0]
21 208 [0]
63 161 [5]
15 207 [7]
55 168 [6]
97 125 [7]
21 201 [7]
15 208 [6]
66 163 [0]
19 211 [0]
0 230 [0]
27 203 [0]
50 180 [0]
24 199 [7]
87 136 [7]
32 191 [7]
4 219 [7]
62 161 [7]
55 175 [0]
22 201 [7]
11 212 [7]
80 150 [0]
91 140 [0]
58 173 [0]
22 209 [0]
110 121 [0]
115 116 [0]
66 159 [6]
43 186 [2]
41 183 [7]
17 215 [0]
94 131 [7]
94 138 [0]
49 178 [5]
44 186 [2]
28 198 [6]
47 178 [7]
89 138 [5]
16 209 [7]
50 176 [6]
62 171 [0]
102 126 [5]
80 147 [6]
96 137 [0]
6 220 [7]
79 155 [0]
11 221 [2]
9 218 [7]
21 214 [0]
41 194 [0]
59 172 [4]
60 169 [6]
27 209 [0]
97 139 [0]
36 193 [7]
70 161 [5]
63 166 [7]
29 200 [7]
61 172 [4]
10 227 [0]
81 149 [7]
39 198 [0]
40 197 [0]
53 177 [7]
17 213 [7]
92 138 [7]
13 225 [0]
95 138 [5]
72 166 [0]
20 211 [7]
116 122 [0]
91 142 [5]
9 222 [7]
2 237 [0]
14 225 [0]
46 187 [6]
16 217 [6]
47 185 [7]
43 197 [0]
19 221 [0]
78 157 [5]
97 140 [3]
93 146 [1]
100 140 [0]
66 167 [7]
103 137 [0]
7 227 [6]
2 239 [0]
17 224 [0]
27 214 [0]
78 163 [0]
118 123 [0]
115 119 [7]
28 206 [7]
37 205 [0]
67 175 [0]
45 192 [5]
89 147 [6]
26 212 [5]
44 193 [6]
61 176 [6]
3 241 [0]
47 197 [0]
15 223 [6]
17 227 [0]
21 223 [0]
25 212 [7]
2 236 [6]
79 165 [0]
89 156 [0]
27 218 [0]
6 239 [0]
14 231 [0]
102 136 [7]
56 182 [7]
77 169 [0]
88 158 [0]
34 205 [7]
0 239 [7]
54 185 [7]
87 153 [6]
83 164 [0]
55 185 [7]
39 201 [7]
30 210 [7]
27 213 [7]
8 233 [6]
2 246 [0]
26 222 [0]
28 214 [6]
70 173 [5]
91 158 [0]
2 247 [0]
42 207 [0]
84 158 [7]
59 186 [4]
24 220 [5]
4 238 [7]
49 200 [0]
17 233 [0]
7 243 [0]
118 132 [0]
94 153 [3]
94 156 [0]
117 126 [7]
12 231 [7]
27 216 [7]
61 183 [7]
8 243 [0]
70 181 [0]
87 157 [7]
122 124 [5]
63 181 [7]
115 129 [7]
10 236 [6]
8 237 [7]
48 197 [7]
70 182 [0]
43 202 [7]
68 177 [7]
29 216 [7]
45 200 [7]
50 196 [7]
84 166 [3]
102 151 [0]
0 254 [0]
71 178 [5]
61 187 [7]
60 189 [6]
10 238 [7]
84 164 [7]
66 183 [7]
20 236 [0]
45 211 [0]
64 192 [0]
107 149 [0]
112 144 [0]
102 149 [5]
44 205 [7]
27 223 [7]
112 145 [0]
58 192 [7]
28 222 [7]
60 190 [7]
25 226 [6]
53 197 [7]
8 250 [0]
16 235 [7]
66 185 [7]
72 179 [7]
117 134 [7]
83 171 [4]
10 242 [6]
70 188 [0]
87 164 [7]
29 225 [5]
57 202 [0]
30 222 [7]
8 244 [7]
98 154 [7]
2 253 [4]
15 237 [7]
115 137 [7]
2 251 [6]
109 151 [0]
56 197 [7]
71 182 [7]
16 237 [7]
39 215 [6]
20 233 [7]
94 159 [7]
21 240 [0]
95 159 [7]
8 246 [7]
110 151 [0]
64 197 [0]
97 157 [7]
127 128 [6]
76 178 [7]
0 262 [0]
122 135 [5]
13 249 [0]
88 174 [0]
21 234 [7]
8 255 [0]
68 195 [0]
109 154 [0]
21 236 [6]
39 219 [5]
12 245 [6]
9 249 [5]
130 134 [0]
88 168 [8]
61 196 [7]
40 217 [7]
56 209 [0]
54 211 [0]
119 139 [7]
88 177 [0]
1 258 [6]
84 174 [7]
126 139 [0]
59 199 [7]
23 235 [7]
47 219 [0]
36 225 [5]
7 255 [4]
33 228 [5]
2 260 [4]
10 249 [7]
15 252 [0]
3 260 [4]
55 206 [6]
2 259 [6]
94 173 [0]
27 235 [5]
106 156 [5]
23 238 [7]
66 202 [0]
102 161 [5]
82 186 [0]
44 225 [0]
11 251 [7]
108 156 [5]
1 264 [4]
111 153 [6]
95 170 [5]
9 254 [7]
1 266 [4]
96 175 [0]
29 243 [0]
126 146 [0]
44 224 [4]
2 266 [4]
84 183 [5]
124 149 [0]
132 141 [0]
55 211 [7]
6 262 [5]
69 198 [7]
26 248 [0]
3 267 [4]
17 253 [4]
25 244 [5]
10 260 [4]
6 264 [4]
8 262 [4]
4 266 [4]
16 251 [7]
44 230 [0]
34 233 [7]
40 229 [5]
53 214 [7]
10 257 [7]
43 232 [0]
123 152 [0]
52 216 [7]
93 182 [0]
19 249 [7]
130 146 [0]
17 259 [0]
43 233 [0]
6 266 [4]
103 168 [5]
114 155 [7]
78 194 [4]
44 226 [6]
68 202 [7]
80 197 [0]
98 179 [0]
6 271 [0]
122 146 [9]
50 220 [7]
78 190 [9]
107 163 [7]
7 266 [4]
107 164 [7]
106 172 [0]
108 163 [7]
11 262 [5]
38 233 [7]
84 195 [0]
76 196 [7]
6 272 [1]
106 168 [5]
30 244 [5]
53 227 [0]
23 257 [0]
50 230 [0]
65 215 [0]
138 142 [0]
19 254 [7]
36 237 [7]
63 212 [5]
140 141 [0]
71 205 [5]
65 211 [5]
4 270 [7]
54 221 [6]
3 271 [7]
23 259 [0]
67 215 [0]
39 243 [0]
42 235 [5]
75 207 [0]
87 190 [5]
139 143 [0]
90 185 [7]
120 162 [0]
4 271 [7]
134 148 [0]
93 190 [0]
95 183 [5]
2 277 [4]
80 203 [0]
53 225 [5]
60 216 [7]
7 277 [0]
8 269 [7]
122 157 [5]
130 147 [7]
0 285 [0]
21 264 [0]
97 188 [0]
104 181 [0]
127 152 [6]
73 207 [5]
125 160 [0]
74 207 [5]
60 226 [0]
98 183 [5]
139 147 [0]
76 205 [5]
131 155 [0]
70 212 [5]
4 283 [0]
30 257 [0]
36 251 [0]
17 266 [4]
63 217 [7]
51 236 [0]
87 193 [7]
54 233 [0]
129 158 [0]
104 176 [7]
106 182 [0]
1 287 [0]
47 240 [1]
6 282 [0]
47 241 [0]
48 240 [0]
124 164 [0]
88 192 [9]
50 239 [0]
90 199 [0]
45 239 [5]
126 163 [0]
131 156 [2]
0 282 [7]
18 272 [0]
88 202 [0]
95 190 [5]
93 194 [4]
38 253 [0]
141 150 [0]
68 223 [0]
84 202 [5]
62 222 [7]
13 273 [5]
116 175 [0]
46 246 [0]
2 290 [0]
83 200 [9]
33 259 [0]
1 284 [7]
112 180 [0]
58 229 [5]
2 291 [0]
10 283 [0]
109 184 [0]
16 270 [7]
49 239 [5]
126 160 [8]
93 192 [9]
35 255 [4]
138 151 [5]
3 292 [0]
5 290 [0]
106 180 [9]
4 284 [7]
8 280 [7]
124 172 [0]
124 167 [5]
32 257 [7]
64 226 [6]
103 185 [9]
111 186 [0]
61 231 [5]
62 228 [7]
12 286 [0]
101 197 [0]
27 271 [0]
44 247 [7]
71 227 [0]
6 286 [7]
90 202 [7]
59 240 [0]
110 184 [5]
86 206 [7]
64 228 [7]
112 187 [0]
25 275 [0]
147 153 [0]
130 165 [5]
94 201 [5]
128 172 [0]
7 286 [7]
95 199 [7]
140 156 [5]
18 283 [0]
32 269 [0]
134 167 [0]
111 185 [5]
1 294 [6]
139 155 [7]
3 291 [7]
74 222 [5]
64 232 [5]
107 195 [0]
95 202 [5]
17 281 [4]
66 231 [5]
116 187 [0]
30 273 [0]
133 163 [7]
75 221 [7]
54 249 [0]
37 261 [5]
39 257 [7]
9 287 [7]
93 203 [7]
119 184 [0]
87 211 [5]
1 295 [7]
83 221 [0]
22 282 [0]
147 151 [6]
24 275 [5]
34 265 [5]
33 271 [0]
78 226 [0]
102 197 [5]
39 258 [7]
77 222 [5]
121 178 [5]
0 297 [7]
111 193 [0]
23 274 [7]
5 293 [7]
143 155 [7]
56 242 [7]
129 176 [0]
2 296 [7]
98 202 [5]
90 208 [7]
73 233 [0]
82 224 [0]
16 283 [7]
118 189 [0]
43 264 [0]
147 160 [0]
43 260 [4]
26 272 [9]
93 205 [9]
101 206 [0]
94 208 [5]
3 305 [0]
37 271 [0]
99 204 [5]
47 256 [5]
0 309 [0]
85 224 [0]
134 171 [4]
9 295 [5]
96 208 [5]
31 279 [0]
58 252 [0]
9 294 [7]
8 303 [0]
99 212 [0]
125 186 [0]
150 161 [0]
14 290 [7]
46 266 [0]
72 233 [7]
64 241 [7]
24 289 [0]
49 264 [0]
109 204 [0]
52 256 [5]
12 296 [5]
141 168 [5]
44 266 [4]
3 311 [0]
125 189 [0]
130 184 [0]
68 241 [5]
79 230 [5]
114 193 [7]
132 182 [0]
66 241 [7]
1 307 [7]
97 219 [0]
31 285 [0]
129 178 [9]
71 245 [0]
104 212 [0]
70 241 [5]
138 178 [0]
38 273 [5]
146 171 [0]
0 317 [0]
115 195 [7]
151 161 [5]
54 263 [0]
6 306 [5]
123 190 [5]
76 242 [0]
29 289 [0]
105 213 [0]
135 183 [0]
120 193 [5]
51 263 [4]
37 272 [9]
136 183 [0]
17 302 [0]
96 219 [4]
19 293 [7]
77 237 [5]
3 312 [4]
155 164 [0]
65 247 [7]
131 184 [5]
55 265 [0]
63 257 [0]
18 297 [5]
69 251 [0]
110 203 [7]
108 206 [7]
59 262 [0]
90 231 [0]
86 228 [7]
7 315 [0]
46 267 [9]
92 224 [6]
17 301 [4]
145 172 [5]
56 259 [7]
130 183 [9]
37 286 [0]
59 264 [0]
70 253 [0]
105 218 [0]
127 196 [0]
46 270 [7]
41 283 [0]
37 287 [0]
127 188 [9]
40 279 [5]
58 266 [0]
17 300 [7]
6 311 [7]
72 245 [7]
154 170 [0]
121 203 [0]
6 314 [4]
21 299 [4]
58 261 [5]
124 191 [9]
100 224 [0]
23 302 [0]
77 248 [0]
78 247 [0]
13 305 [7]
4 317 [4]
159 166 [0]
12 308 [5]
4 315 [7]
20 306 [0]
123 198 [5]
121 200 [5]
78 239 [9]
37 285 [4]
128 193 [5]
52 269 [5]
124 203 [0]
2 318 [7]
56 262 [9]
162 166 [0]
66 257 [5]
159 169 [0]
80 240 [8]
18 303 [7]
21 306 [1]
123 203 [3]
69 260 [0]
20 309 [0]
79 245 [5]
148 181 [0]
131 198 [0]
77 247 [5]
154 176 [0]
13 317 [0]
25 305 [0]
3 321 [6]
34 296 [0]
147 178 [5]
120 201 [9]
102 219 [9]
118 213 [0]
60 271 [0]
72 259 [0]
97 234 [0]
13 314 [4]
45 277 [9]
1 331 [0]
54 273 [5]
31 294 [7]
14 314 [4]
2 323 [7]
103 230 [0]
163 170 [0]
32 296 [5]
125 199 [9]
108 220 [5]
143 186 [4]
44 290 [0]
19 315 [0]
28 306 [0]
165 166 [3]
92 237 [5]
23 304 [7]
165 169 [0]
58 276 [0]
6 321 [7]
163 166 [5]
31 298 [5]
113 221 [0]
107 222 [5]
138 187 [9]
72 253 [9]
27 303 [5]
47 283 [5]
92 238 [5]
10 326 [0]
30 297 [9]
7 322 [7]
106 230 [0]
148 179 [9]
137 199 [0]
139 188 [9]
3 334 [0]
40 297 [0]
97 231 [9]
122 210 [5]
136 192 [9]
128 209 [0]
53 279 [5]
9 324 [4]
136 201 [0]
10 320 [7]
63 273 [1]
160 177 [0]
25 313 [0]
120 209 [9]
127 211 [0]
24 309 [5]
9 325 [4]
157 182 [0]
22 310 [7]
121 209 [9]
56 276 [7]
84 250 [5]
82 252 [5]
158 182 [0]
53 282 [5]
21 320 [0]
20 317 [4]
64 270 [7]
14 322 [5]
11 323 [7]
0 338 [4]
83 255 [4]
155 187 [0]
43 292 [7]
73 260 [9]
159 178 [5]
7 328 [7]
7 336 [0]
4 332 [7]
35 303 [5]
133 211 [0]
23 321 [0]
33 311 [0]
52 292 [0]
0 340 [4]
150 194 [0]
167 172 [5]
98 237 [9]
137 207 [0]
70 275 [0]
20 325 [0]
133 207 [5]
27 314 [4]
57 288 [0]
73 263 [9]
107 233 [5]
64 277 [4]
118 224 [3]
76 269 [0]
1 340 [4]
30 310 [5]
4 334 [7]
44 295 [7]
8 338 [0]
13 326 [7]
57 289 [0]
49 292 [5]
2 339 [5]
83 254 [9]
123 223 [0]
106 232 [9]
9 333 [5]
17 330 [0]
92 250 [5]
58 289 [0]
116 222 [9]
157 190 [0]
53 287 [7]
67 281 [0]
13 331 [4]
129 214 [5]
114 229 [5]
66 278 [4]
105 240 [3]
15 326 [7]
23 325 [0]
4 340 [4]
162 181 [5]
32 311 [5]
74 265 [9]
87 262 [0]
121 228 [0]
75 268 [6]
19 323 [7]
46 299 [4]
72 270 [7]
68 276 [5]
6 344 [0]
54 296 [0]
72 278 [0]
75 275 [0]
98 247 [5]
91 255 [4]
109 242 [0]
7 337 [7]
89 253 [9]
41 305 [5]
7 339 [5]
62 290 [0]
6 346 [0]
81 271 [0]
30 318 [4]
12 339 [1]
173 179 [0]
77 270 [5]
37 310 [5]
42 305 [5]
2 344 [7]
29 324 [0]
34 319 [0]
49 304 [0]
54 299 [0]
16 330 [7]
166 182 [5]
40 314 [0]
4 343 [7]
34 313 [7]
71 274 [9]
14 339 [1]
60 287 [7]
59 290 [5]
95 250 [9]
127 221 [6]
21 328 [5]
119 236 [0]
174 181 [0]
152 203 [0]
16 332 [7]
34 317 [4]
0 348 [7]
15 335 [5]
126 225 [4]
8 348 [0]
11 345 [0]
81 270 [5]
26 330 [0]
44 312 [0]
172 184 [0]
133 218 [5]
147 202 [7]
9 342 [5]
94 262 [0]
4 347 [5]
125 232 [0]
1 349 [7]
141 207 [9]
164 193 [0]
137 211 [9]
123 225 [9]
78 278 [1]
100 258 [0]
152 206 [0]
25 328 [5]
102 255 [1]
144 214 [0]
97 256 [5]
69 284 [5]
106 247 [5]
145 213 [0]
41 314 [4]
168 191 [0]
7 347 [5]
26 328 [5]
10 345 [5]
35 325 [0]
80 271 [9]
106 254 [0]
172 188 [0]
50 305 [5]
4 357 [0]
22 332 [7]
152 204 [5]
67 287 [7]
41 321 [0]
5 357 [0]
168 192 [2]
22 335 [5]
35 327 [0]
150 212 [0]
88 273 [1]
168 194 [0]
95 268 [0]
156 207 [0]
15 341 [7]
89 265 [9]
82 272 [9]
102 252 [9]
0 364 [0]
154 210 [0]
2 358 [4]
177 182 [5]
149 215 [0]
7 352 [5]
1 359 [4]
143 214 [7]
79 276 [9]
33 322 [9]
22 338 [4]
151 205 [9]
89 267 [9]
11 349 [5]
95 270 [0]
135 228 [2]
48 308 [9]
105 261 [0]
27 339 [0]
33 324 [9]
130 232 [4]
85 276 [5]
75 291 [0]
83 283 [0]
165 192 [9]
97 260 [9]
66 295 [5]
9 353 [4]
57 304 [5]
112 253 [1]
174 183 [9]
2 365 [0]
157 210 [0]
7 355 [5]
10 352 [5]
34 334 [0]
149 219 [0]
125 234 [9]
32 331 [5]
63 296 [9]
138 221 [9]
86 275 [7]
2 361 [5]
6 363 [0]
167 202 [0]
11 358 [0]
10 360 [0]
39 331 [0]
111 258 [1]
157 204 [9]
7 356 [7]
1 364 [5]
119 242 [9]
58 307 [5]
5 366 [0]
50 321 [0]
93 279 [0]
124 244 [4]
142 230 [0]
74 293 [5]
51 318 [4]
176 197 [0]
122 242 [9]
88 281 [4]
39 334 [0]
44 329 [0]
131 238 [4]
4 362 [7]
6 368 [0]
1 373 [0]
168 206 [0]
129 245 [0]
21 348 [5]
173 201 [0]
68 306 [0]
30 340 [4]
20 349 [5]
107 267 [0]
178 196 [0]
70 295 [9]
94 277 [4]
2 373 [0]
16 359 [0]
127 248 [0]
111 264 [0]
34 336 [5]
167 208 [0]
3 366 [7]
177 190 [9]
133 238 [5]
187 188 [1]
14 357 [5]
142 235 [0]
45 332 [0]
121 256 [0]
111 266 [0]
153 224 [0]
90 280 [7]
42 330 [5]
16 354 [7]
12 361 [5]
16 362 [0]
20 351 [7]
168 210 [0]
57 316 [5]
123 250 [5]
53 316 [9]
0 374 [4]
141 238 [0]
74 305 [0]
166 208 [5]
5 370 [4]
17 357 [5]
69 311 [0]
1 379 [0]
23 357 [0]
102 274 [4]
31 342 [7]
41 339 [0]
135 244 [1]
66 309 [5]
125 255 [0]
23 352 [5]
75 300 [5]
152 221 [7]
154 217 [9]
32 343 [5]
144 227 [9]
1 375 [4]
7 374 [0]
98 283 [0]
17 360 [4]
125 252 [4]
60 316 [5]
55 326 [0]
74 306 [1]
23 351 [7]
163 217 [1]
73 303 [5]
183 196 [2]
128 254 [0]
0 382 [0]
3 379 [0]
89 293 [0]
24 349 [9]
12 365 [5]
3 372 [7]
6 371 [5]
122 251 [9]
61 316 [5]
6 372 [5]
47 331 [5]
75 303 [5]
79 295 [9]
165 209 [9]
7 369 [7]
23 355 [5]
59 319 [5]
173 210 [0]
157 226 [0]
95 288 [0]
100 274 [9]
36 343 [5]
177 202 [5]
39 345 [0]
174 203 [7]
6 373 [5]
56 327 [1]
25 354 [5]
2 383 [0]
79 306 [0]
128 253 [4]
40 336 [9]
6 374 [5]
17 364 [5]
36 346 [4]
136 241 [9]
100 286 [0]
111 275 [0]
90 289 [7]
59 318 [9]
49 332 [5]
6 375 [5]
135 251 [0]
0 387 [0]
63 324 [0]
73 314 [0]
123 260 [4]
170 217 [0]
190 197 [0]
37 346 [4]
23 359 [5]
124 264 [0]
190 198 [0]
117 267 [4]
140 240 [8]
79 305 [4]
34 355 [0]
104 285 [0]
12 377 [0]
31 358 [0]
121 268 [0]
74 310 [5]
73 317 [0]
130 260 [0]
11 372 [7]
107 274 [9]
159 226 [5]
35 348 [7]
36 355 [0]
167 224 [0]
10 377 [4]
181 201 [9]
63 327 [1]
110 276 [5]
41 351 [0]
7 385 [0]
75 317 [0]
87 296 [9]
90 302 [0]
3 385 [4]
28 360 [4]
177 215 [0]
84 299 [9]
16 371 [5]
22 371 [0]
95 298 [0]
45 347 [1]
6 387 [0]
113 271 [9]
195 198 [0]
90 303 [0]
0 386 [7]
21 373 [0]
195 199 [0]
67 322 [5]
37 353 [4]
130 259 [5]
136 249 [9]
51 344 [0]
144 242 [9]
175 220 [0]
176 214 [5]
70 316 [9]
0 391 [4]
87 309 [0]
30 366 [0]
18 373 [5]
148 240 [8]
126 267 [4]
60 337 [0]
92 305 [0]
115 282 [0]
117 272 [8]
2 391 [4]
107 281 [9]
43 349 [5]
16 377 [4]
98 294 [5]
51 345 [1]
3 395 [0]
79 310 [9]
191 198 [9]
65 334 [0]
40 359 [0]
199 200 [0]
2 397 [0]
90 309 [0]
96 303 [0]
163 232 [4]
9 391 [0]
12 388 [0]
1 395 [4]
122 278 [0]
62 333 [5]
9 386 [5]
130 270 [0]
9 387 [4]
2 393 [5]
54 347 [0]
154 247 [0]
191 210 [0]
143 251 [7]
195 202 [5]
16 379 [7]
2 401 [0]
77 326 [0]
46 350 [7]
124 270 [9]
34 364 [5]
4 394 [5]
7 389 [7]
80 323 [0]
102 297 [4]
8 388 [7]
161 242 [0]
57 341 [5]
15 389 [0]
35 369 [0]
58 346 [0]
171 224 [9]
181 219 [4]
6 399 [0]
7 398 [0]
111 294 [0]
112 293 [0]
115 281 [9]
116 290 [0]
58 347 [1]
19 382 [5]
66 335 [5]
3 399 [4]
141 264 [1]
112 292 [2]
65 342 [0]
7 400 [0]
20 382 [5]
1 401 [5]
11 391 [5]
90 317 [0]
107 300 [0]
0 403 [4]
159 240 [8]
32 370 [5]
2 399 [7]
1 407 [0]
182 221 [5]
63 336 [9]
19 389 [0]
116 292 [0]
82 321 [5]
30 373 [5]
194 213 [1]
176 233 [0]
147 253 [9]
175 225 [9]
128 276 [5]
12 398 [0]
137 273 [0]
11 395 [4]
109 297 [4]
156 254 [0]
32 373 [5]
174 236 [0]
179 226 [5]
106 295 [9]
159 252 [0]
112 290 [9]
58 348 [5]
68 334 [9]
158 249 [4]
49 353 [9]
11 401 [0]
34 378 [0]
112 299 [1]
47 360 [5]
107 296 [9]
190 222 [0]
114 293 [5]
59 354 [0]
108 305 [0]
150 258 [5]
199 210 [4]
0 408 [5]
101 313 [0]
197 216 [1]
8 401 [5]
1 408 [5]
74 339 [1]
37 372 [5]
10 398 [7]
2 408 [5]
136 270 [9]
10 405 [0]
84 322 [9]
189 226 [0]
75 339 [1]
187 229 [0]
13 403 [0]
1 415 [0]
56 360 [0]
59 357 [0]
123 284 [9]
111 305 [0]
173 239 [4]
52 359 [5]
6 405 [5]
196 220 [0]
156 261 [0]
200 217 [0]
56 356 [5]
75 343 [0]
3 415 [0]
6 412 [0]
93 325 [0]
69 344 [5]
15 400 [3]
43 370 [5]
27 386 [5]
180 239 [0]
25 389 [5]
160 259 [0]
63 356 [0]
52 362 [5]
2 413 [4]
147 272 [0]
53 358 [9]
171 249 [0]
116 295 [9]
25 394 [1]
98 322 [0]
108 312 [0]
10 409 [1]
47 364 [9]
22 393 [5]
144 277 [0]
48 373 [0]
75 346 [0]
23 393 [5]
110 302 [9]
41 375 [5]
153 268 [0]
21 401 [0]
187 226 [9]
16 401 [5]
2 416 [4]
19 400 [3]
180 243 [0]
154 265 [4]
16 403 [4]
148 272 [3]
90 329 [4]
138 286 [0]
86 333 [5]
57 358 [9]
100 319 [5]
146 274 [4]
4 421 [0]
25 395 [5]
175 245 [5]
172 244 [9]
184 233 [9]
112 306 [8]
184 238 [4]
26 395 [5]
196 221 [9]
46 381 [0]
5 422 [0]
122 301 [4]
17 409 [1]
46 377 [4]
103 315 [9]
36 386 [5]
34 388 [5]
144 280 [4]
20 404 [4]
2 421 [5]
44 380 [5]
14 410 [5]
18 411 [0]
62 362 [5]
8 417 [4]
196 233 [0]
201 228 [0]
84 336 [9]
10 419 [1]
176 254 [0]
71 359 [0]
54 371 [5]
23 403 [4]
112 317 [1]
52 373 [5]
145 277 [8]
71 358 [1]
86 340 [4]
83 339 [8]
191 230 [9]
104 321 [5]
52 379 [0]
73 349 [9]
47 379 [5]
111 320 [0]
69 361 [1]
131 299 [1]
208 223 [0]
142 289 [0]
120 302 [9]
203 223 [5]
48 374 [9]
104 328 [0]
79 349 [4]
50 377 [5]
90 337 [5]
3 428 [1]
19 414 [0]
22 411 [0]
17 416 [0]
197 232 [4]
44 389 [0]
48 385 [0]
168 264 [1]
84 340 [9]
11 421 [1]
82 352 [0]
5 428 [1]
48 386 [0]
209 225 [0]
2 427 [5]
66 368 [0]
120 314 [0]
107 318 [9]
81 344 [9]
152 278 [4]
145 289 [0]
87 342 [5]
177 258 [0]
28 403 [4]
164 267 [4]
134 292 [9]
27 404 [4]
43 393 [0]
55 381 [0]
25 406 [5]
87 344 [5]
74 353 [9]
187 250 [0]
18 419 [0]
112 324 [1]
63 373 [1]
108 320 [9]
13 424 [0]
80 357 [0]
0 432 [5]
188 249 [0]
73 365 [0]
108 330 [0]
193 245 [0]
173 261 [4]
195 234 [9]
9 425 [5]
4 435 [0]
66 373 [0]
71 368 [0]
86 348 [5]
100 338 [1]
23 411 [5]
216 223 [0]
94 346 [0]
11 428 [1]
106 333 [1]
13 428 [0]
43 398 [0]
186 255 [0]
102 330 [9]
117 315 [9]
7 430 [4]
12 424 [5]
180 262 [0]
12 426 [4]
129 304 [9]
12 425 [5]
32 409 [1]
22 421 [0]
44 399 [0]
159 275 [9]
144 298 [1]
169 273 [1]
101 339 [3]
21 417 [5]
75 359 [9]
69 370 [5]
218 222 [4]
123 321 [0]
109 326 [9]
23 417 [4]
98 345 [1]
111 324 [9]
108 335 [1]
34 409 [1]
83 362 [0]
86 359 [0]
120 325 [0]
215 230 [0]
22 422 [1]
156 281 [8]
126 315 [4]
11 429 [5]
158 287 [0]
40 402 [3]
4 436 [5]
56 390 [0]
26 420 [0]
15 431 [0]
96 341 [9]
88 354 [4]
25 421 [0]
18 423 [5]
60 381 [5]
157 285 [4]
126 320 [0]
84 361 [1]
98 347 [1]
139 308 [0]
201 246 [0]
49 389 [9]
2 440 [5]
0 448 [0]
169 279 [0]
11 432 [5]
48 391 [9]
8 436 [5]
65 384 [0]
97 352 [0]
211 238 [0]
169 271 [9]
186 258 [5]
212 237 [0]
7 437 [5]
99 346 [4]
114 335 [0]
126 322 [1]
130 319 [0]
89 351 [9]
48 402 [0]
100 346 [4]
21 424 [5]
153 292 [5]
62 383 [5]
83 367 [0]
90 360 [0]
6 439 [5]
143 307 [0]
162 288 [0]
155 291 [4]
6 445 [0]
4 447 [0]
188 263 [0]
208 239 [4]
65 381 [5]
19 432 [0]
134 317 [0]
9 438 [4]
12 434 [5]
204 247 [0]
7 438 [7]
193 259 [0]
209 243 [0]
56 387 [9]
204 248 [0]
39 414 [0]
87 366 [0]
4 445 [4]
11 437 [5]
191 258 [4]
196 254 [4]
43 406 [5]
1 453 [0]
66 388 [0]
171 283 [0]
67 387 [0]
109 341 [4]
38 407 [9]
114 339 [1]
150 296 [9]
175 272 [8]
218 237 [0]
33 421 [1]
185 270 [0]
164 291 [0]
132 314 [9]
49 397 [9]
48 398 [9]
37 409 [9]
89 357 [9]
148 303 [4]
45 411 [0]
102 354 [0]
155 301 [0]
197 259 [0]
5 446 [5]
74 374 [9]
2 455 [0]
18 439 [0]
30 427 [0]
85 372 [0]
1 451 [5]
180 268 [9]
66 386 [5]
173 284 [0]
88 366 [4]
14 444 [0]
58 400 [0]
68 390 [0]
226 232 [0]
115 334 [9]
16 438 [4]
7 446 [5]
37 413 [9]
6 448 [5]
205 254 [0]
92 362 [5]
129 329 [1]
81 378 [0]
46 408 [5]
210 249 [0]
100 350 [9]
214 245 [0]
227 233 [0]
38 417 [5]
0 455 [5]
11 444 [5]
8 447 [5]
22 437 [1]
12 443 [5]
228 231 [1]
76 383 [1]
56 405 [0]
0 461 [0]
120 337 [4]
3 458 [0]
158 294 [9]
59 402 [0]
84 377 [0]
63 398 [0]
15 442 [4]
32 428 [1]
137 324 [0]
52 409 [1]
3 459 [0]
95 367 [0]
91 370 [1]
21 440 [1]
51 407 [4]
228 234 [0]
8 449 [5]
121 342 [0]
88 374 [1]
225 238 [0]
21 441 [1]
46 413 [4]
149 314 [0]
198 261 [4]
103 351 [9]
61 399 [4]
0 459 [5]
49 406 [9]
109 351 [4]
138 326 [0]
72 383 [9]
150 314 [0]
7 453 [4]
134 329 [1]
223 241 [0]
72 393 [0]
0 465 [0]
70 394 [1]
13 452 [0]
178 283 [4]
130 326 [9]
63 402 [0]
82 383 [0]
31 431 [3]
85 380 [0]
230 236 [0]
7 459 [0]
58 403 [5]
78 388 [0]
101 365 [0]
179 287 [0]
157 308 [1]
166 297 [4]
232 235 [0]
12 455 [0]
185 281 [1]
60 403 [4]
115 343 [9]
81 385 [1]
211 256 [0]
15 451 [1]
80 388 [0]
118 350 [0]
39 424 [5]
64 404 [0]
79 389 [0]
185 283 [0]
71 388 [9]
19 444 [5]
102 366 [0]
44 425 [0]
11 458 [0]
162 307 [0]
79 382 [8]
6 458 [5]
53 415 [1]
225 243 [1]
134 335 [0]
149 320 [0]
148 321 [0]
4 466 [0]
21 449 [0]
175 295 [0]
182 288 [0]
11 454 [5]
53 416 [1]
92 379 [0]
9 462 [0]
74 397 [0]
233 234 [4]
7 463 [1]
185 286 [0]
33 431 [8]
12 460 [0]
180 291 [1]
190 282 [0]
176 288 [8]
59 404 [9]
97 366 [9]
165 307 [0]
210 258 [4]
95 377 [1]
22 451 [0]
14 459 [0]
82 386 [5]
218 255 [0]
212 261 [0]
1 468 [4]
8 460 [5]
217 247 [9]
185 284 [4]
6 462 [5]
45 427 [1]
16 458 [0]
96 378 [0]
38 436 [0]
97 368 [9]
90 384 [0]
140 333 [1]
2 467 [5]
41 432 [1]
204 269 [1]
227 248 [0]
197 278 [0]
37 438 [0]
10 458 [7]
113 362 [0]
22 452 [1]
200 271 [4]
112 362 [1]
36 431 [8]
37 439 [0]
10 466 [0]
17 454 [5]
165 311 [0]
105 371 [0]
209 260 [8]
104 373 [0]
164 312 [1]
2 468 [7]
83 390 [4]
164 309 [4]
54 418 [5]
206 271 [0]
130 346 [1]
209 268 [0]
21 455 [1]
118 360 [0]
166 312 [0]
204 270 [4]
220 258 [0]
73 402 [3]
92 377 [9]
133 336 [9]
152 321 [5]
106 363 [9]
126 348 [4]
113 366 [0]
45 434 [0]
133 337 [9]
207 264 [8]
229 250 [0]
75 395 [9]
206 273 [0]
73 405 [1]
80 400 [0]
31 449 [0]
231 249 [0]
217 262 [1]
0 479 [1]
10 471 [0]
7 474 [0]
34 447 [0]
227 245 [9]
182 290 [9]
85 395 [1]
61 411 [9]
5 472 [4]
56 416 [9]
7 469 [5]
89 392 [0]
207 274 [0]
37 435 [9]
141 340 [0]
7 475 [0]
6 476 [0]
23 454 [5]
2 479 [1]
34 448 [0]
169 304 [9]
228 245 [9]
90 392 [0]
96 386 [0]
11 470 [1]
78 403 [1]
204 278 [0]
161 321 [0]
197 282 [4]
224 250 [9]
17 465 [1]
108 374 [1]
11 468 [4]
65 409 [9]
237 242 [4]
193 286 [4]
177 303 [4]
69 415 [0]
45 430 [9]
192 292 [0]
40 443 [1]
32 451 [1]
156 320 [8]
197 283 [4]
65 410 [9]
6 479 [0]
12 464 [9]
5 480 [0]
100 385 [0]
4 476 [5]
76 409 [0]
199 285 [1]
141 345 [0]
2 484 [0]
39 447 [0]
11 474 [1]
140 337 [9]
54 432 [0]
63 422 [1]
161 325 [0]
81 406 [0]
51 428 [8]
20 467 [0]
167 320 [0]
66 420 [1]
40 438 [9]
234 252 [1]
74 412 [1]
242 246 [0]
23 465 [0]
105 375 [8]
189 290 [9]
26 461 [1]
31 453 [4]
63 424 [1]
155 333 [0]
208 280 [0]
61 418 [9]
120 369 [0]
207 282 [0]
150 338 [1]
193 292 [4]
3 482 [4]
0 490 [0]
170 320 [0]
235 251 [4]
84 397 [9]
39 450 [1]
19 466 [5]
130 359 [1]
124 363 [4]
15 472 [4]
35 455 [1]
7 485 [0]
27 465 [0]
180 311 [1]
19 464 [9]
145 347 [0]
62 425 [5]
40 452 [0]
123 365 [4]
76 407 [9]
203 280 [9]
223 269 [0]
126 366 [0]
139 348 [5]
135 357 [0]
210 282 [0]
57 436 [0]
23 470 [0]
149 344 [0]
218 272 [3]
189 300 [4]
195 297 [1]
172 317 [4]
130 355 [8]
221 273 [0]
12 481 [1]
60 434 [0]
45 449 [0]
21 464 [9]
97 388 [9]
222 264 [8]
123 370 [1]
180 312 [3]
185 310 [0]
57 438 [0]
56 430 [9]
243 252 [0]
205 290 [0]
2 488 [5]
111 376 [9]
207 281 [8]
12 483 [1]
15 481 [0]
175 321 [0]
118 369 [9]
202 294 [0]
9 486 [1]
154 343 [0]
28 469 [0]
44 448 [5]
36 461 [0]
39 453 [5]
36 460 [1]
170 327 [0]
102 386 [9]
0 492 [5]
199 294 [4]
171 318 [8]
157 341 [0]
212 286 [0]
29 469 [0]
88 410 [0]
154 344 [0]
200 297 [1]
244 254 [0]
127 367 [4]
172 327 [0]
94 405 [0]
29 470 [0]
167 331 [1]
20 478 [1]
109 386 [4]
130 361 [8]
38 461 [0]
91 408 [0]
204 291 [4]
174 324 [1]
101 398 [0]
57 443 [0]
232 268 [0]
181 318 [1]
73 419 [8]
115 376 [9]
6 485 [9]
64 437 [0]
74 427 [0]
243 254 [4]
165 335 [1]
63 437 [1]
68 432 [1]
125 375 [1]
162 338 [1]
155 342 [4]
191 311 [0]
76 426 [0]
20 482 [0]
145 356 [1]
64 438 [0]
183 319 [0]
4 497 [1]
98 403 [1]
201 300 [1]
216 287 [0]
1 493 [9]
11 492 [0]
108 394 [1]
218 277 [8]
1 497 [5]
205 297 [1]
149 350 [4]
125 377 [1]
17 482 [4]
4 500 [0]
201 302 [1]
94 402 [8]
132 363 [9]
187 317 [0]
53 452 [0]
14 491 [0]
30 474 [1]
150 355 [0]
228 277 [0]
242 262 [1]
224 276 [5]
5 491 [9]
147 349 [9]
58 446 [1]
8 498 [0]
55 446 [5]
230 276 [0]
62 439 [5]
49 457 [0]
148 354 [4]
198 307 [1]
138 367 [1]
232 266 [8]
193 309 [4]
144 355 [8]
22 485 [0]
212 295 [0]
156 351 [0]
129 377 [1]
28 470 [9]
180 327 [0]
210 296 [1]
9 489 [9]
4 499 [4]
23 483 [1]
36 463 [9]
51 456 [1]
5 498 [5]
67 440 [1]
88 421 [0]
17 487 [5]
126 375 [8]
12 493 [4]
5 505 [0]
184 326 [0]
110 396 [4]
43 467 [0]
14 495 [1]
57 452 [1]
73 437 [0]
21 480 [9]
64 447 [0]
11 500 [0]
251 260 [0]
17 494 [0]
34 477 [0]
151 360 [0]
69 442 [0]
241 270 [0]
14 493 [4]
164 339 [8]
34 476 [1]
56 454 [1]
107 404 [0]
184 323 [4]
144 366 [1]
183 328 [1]
21 491 [0]
6 505 [1]
53 459 [0]
122 390 [0]
8 500 [4]
147 356 [9]
79 431 [2]
112 392 [8]
104 399 [9]
0 507 [5]
115 388 [9]
180 324 [8]
59 452 [1]
126 385 [1]
177 327 [8]
40 473 [0]
105 405 [3]
222 290 [1]
103 406 [4]
83 429 [1]
212 300 [1]
92 413 [9]
139 375 [0]
101 413 [0]
129 381 [4]
222 292 [0]
106 404 [4]
214 299 [1]
23 490 [1]
233 281 [0]
10 500 [4]
70 445 [0]
12 498 [5]
50 456 [9]
221 291 [4]
1 510 [5]
198 317 [1]
13 502 [1]
45 463 [8]
13 503 [0]
166 346 [4]
203 304 [9]
241 275 [0]
248 269 [0]
22 495 [0]
75 433 [9]
145 372 [0]
189 319 [9]
153 364 [0]
129 387 [1]
185 332 [0]
33 475 [9]
198 320 [0]
12 506 [0]
229 289 [0]
216 302 [0]
51 467 [0]
166 343 [9]
90 419 [9]
245 268 [5]
208 310 [0]
173 341 [4]
221 293 [4]
165 349 [4]
135 383 [0]
257 261 [0]
19 494 [5]
188 325 [5]
192 326 [0]
242 276 [0]
244 274 [0]
177 340 [1]
101 418 [0]
147 372 [0]
131 380 [8]
187 331 [1]
89 429 [1]
83 428 [8]
63 457 [0]
99 421 [0]
243 277 [0]
70 449 [1]
221 290 [9]
59 453 [9]
94 427 [0]
131 382 [8]
189 328 [4]
151 366 [4]
23 489 [9]
108 412 [1]
221 296 [4]
34 488 [0]
10 512 [0]
62 459 [1]
146 372 [4]
65 457 [0]
247 272 [3]
50 468 [4]
77 445 [0]
54 467 [1]
172 350 [0]
213 301 [8]
168 354 [1]
26 498 [0]
0 524 [0]
87 428 [9]
228 288 [8]
232 291 [1]
120 403 [1]
70 454 [0]
27 492 [5]
91 433 [0]
140 384 [0]
10 513 [1]
150 374 [0]
248 276 [0]
209 315 [0]
162 355 [8]
11 514 [0]
74 442 [9]
114 402 [9]
4 520 [1]
249 273 [3]
33 483 [9]
221 300 [4]
160 362 [4]
254 272 [0]
7 515 [4]
218 304 [4]
3 514 [9]
7 518 [1]
247 278 [1]
34 483 [9]
242 280 [4]
96 422 [8]
251 275 [0]
86 440 [1]
129 398 [0]
241 278 [8]
104 422 [1]
50 477 [0]
214 304 [9]
133 394 [0]
244 282 [1]
181 342 [4]
151 375 [1]
20 508 [0]
222 306 [0]
18 510 [0]
56 463 [9]
34 485 [9]
165 363 [0]
252 275 [1]
71 457 [0]
263 265 [0]
161 366 [1]
133 395 [1]
117 412 [0]
1 523 [5]
118 411 [0]
2 526 [1]
136 389 [4]
141 379 [9]
30 498 [1]
25 504 [1]
6 524 [0]
178 351 [1]
221 309 [0]
157 369 [4]
34 496 [0]
6 519 [5]
178 352 [0]
219 311 [0]
3 528 [0]
124 407 [0]
76 454 [1]
115 407 [9]
126 404 [1]
172 358 [1]
160 367 [4]
34 493 [4]
36 496 [0]
58 474 [0]
29 503 [0]
134 397 [1]
172 359 [1]
178 353 [1]
221 311 [0]
129 403 [0]
48 484 [1]
3 530 [0]
7 526 [0]
220 313 [0]
76 457 [0]
38 494 [1]
66 462 [5]
1 531 [1]
4 524 [5]
263 270 [0]
75 459 [0]
88 446 [0]
203 331 [0]
199 327 [8]
123 407 [4]
169 364 [1]
31 502 [1]
54 479 [1]
76 450 [9]
243 291 [1]
88 447 [0]
56 470 [9]
215 320 [0]
127 400 [8]
195 340 [0]
228 307 [0]
57 477 [1]
189 347 [0]
185 351 [0]
265 270 [1]
152 383 [1]
256 280 [0]
232 296 [8]
171 357 [8]
2 529 [5]
144 384 [8]
162 373 [1]
217 318 [1]
79 456 [1]
59 476 [1]
213 324 [0]
234 303 [0]
105 424 [8]
254 282 [1]
10 523 [5]
78 460 [0]
26 511 [1]
70 467 [1]
3 535 [0]
230 308 [0]
260 278 [0]
126 411 [1]
59 470 [9]
32 507 [0]
198 340 [1]
184 351 [4]
35 503 [1]
216 319 [4]
65 465 [9]
4 536 [0]
188 352 [0]
250 290 [0]
114 417 [9]
88 444 [8]
187 345 [8]
9 531 [1]
1 540 [0]
8 528 [5]
206 334 [1]
94 447 [0]
139 402 [0]
3 533 [5]
247 294 [0]
225 315 [1]
107 435 [0]
34 508 [0]
46 496 [0]
52 490 [0]
123 419 [0]
125 417 [0]
222 316 [4]
248 292 [2]
79 464 [0]
78 465 [0]
14 520 [9]
104 431 [8]
188 353 [2]
118 426 [0]
109 434 [1]
51 492 [1]
33 502 [9]
221 323 [0]
237 299 [8]
2 541 [1]
85 460 [0]
12 532 [1]
241 303 [1]
175 371 [0]
242 304 [0]
1 545 [0]
171 367 [8]
192 346 [8]
42 495 [9]
32 509 [5]
39 507 [0]
128 417 [1]
26 519 [1]
179 366 [1]
255 292 [0]
26 521 [0]
165 382 [0]
234 313 [0]
88 459 [0]
80 458 [9]
108 430 [9]
262 285 [0]
213 334 [0]
95 452 [0]
123 424 [0]
261 284 [2]
267 281 [0]
174 373 [1]
194 354 [0]
54 491 [3]
90 457 [1]
70 477 [1]
180 369 [0]
157 392 [0]
43 501 [5]
8 537 [4]
95 453 [1]
239 310 [0]
6 543 [1]
139 411 [0]
6 544 [0]
154 396 [0]
49 501 [0]
189 360 [1]
252 298 [0]
144 406 [0]
133 418 [0]
24 527 [0]
140 407 [4]
43 507 [1]
62 489 [0]
63 480 [8]
28 514 [9]
146 404 [1]
194 357 [0]
202 349 [0]
134 417 [1]
3 549 [0]
88 464 [0]
243 306 [3]
140 412 [0]
25 526 [1]
134 414 [4]
162 381 [9]
81 463 [8]
68 485 [0]
40 513 [0]
106 446 [1]
82 462 [9]
253 292 [8]
188 360 [5]
163 383 [8]
18 536 [0]
34 512 [8]
25 529 [0]
87 464 [3]
65 488 [1]
115 431 [8]
79 467 [8]
208 342 [4]
4 541 [9]
2 547 [5]
28 522 [5]
164 391 [0]
188 367 [0]
209 338 [8]
146 401 [8]
15 540 [0]
136 419 [0]
132 414 [9]
35 515 [5]
87 467 [1]
10 546 [0]
20 536 [0]
268 288 [0]
41 506 [9]
274 282 [0]
168 380 [8]
206 349 [1]
108 439 [9]
114 438 [4]
7 540 [9]
193 364 [0]
5 551 [1]
157 399 [1]
275 281 [1]
271 286 [0]
177 376 [4]
71 487 [0]
33 525 [0]
70 480 [8]
111 438 [9]
56 502 [0]
6 547 [5]
59 499 [0]
194 364 [0]
216 339 [3]
40 517 [1]
84 465 [9]
206 348 [4]
117 441 [0]
229 329 [0]
50 507 [1]
2 557 [0]
163 396 [0]
72 486 [1]
39 512 [8]
268 282 [9]
163 395 [1]
2 558 [0]
268 292 [0]
207 345 [8]
127 424 [9]
10 541 [9]
36 523 [1]
174 385 [1]
72 487 [1]
71 488 [1]
257 304 [0]
180 381 [0]
95 466 [0]
136 425 [0]
179 381 [1]
195 358 [8]
21 531 [9]
187 373 [1]
12 540 [9]
219 343 [0]
35 518 [9]
29 525 [8]
95 458 [9]
69 492 [1]
78 477 [8]
52 511 [0]
268 286 [9]
66 497 [0]
115 447 [1]
137 426 [0]
147 407 [9]
49 512 [2]
265 299 [0]
116 447 [1]
35 520 [9]
280 284 [0]
223 341 [0]
24 531 [9]
50 505 [9]
225 337 [2]
249 315 [0]
21 534 [9]
261 302 [1]
63 502 [0]
202 363 [0]
5 560 [0]
235 330 [0]
61 503 [1]
36 529 [0]
21 543 [1]
176 389 [0]
228 337 [0]
212 345 [8]
196 361 [8]
7 559 [0]
83 475 [8]
99 467 [0]
145 421 [0]
146 412 [8]
131 434 [1]
267 299 [0]
93 465 [8]
19 548 [0]
99 468 [0]
163 404 [0]
240 327 [0]
33 531 [3]
171 388 [8]
237 326 [4]
47 519 [1]
35 532 [1]
146 422 [0]
36 532 [0]
194 374 [0]
44 523 [1]
39 524 [5]
217 351 [0]
48 512 [8]
21 542 [5]
214 350 [4]
183 382 [3]
23 546 [0]
7 562 [0]
54 515 [0]
67 502 [0]
261 307 [1]
1 561 [7]
64 500 [5]
53 513 [3]
214 356 [0]
3 567 [0]
242 328 [0]
122 447 [1]
29 541 [0]
279 291 [0]
89 472 [9]
222 340 [8]
205 366 [0]
10 561 [0]
156 407 [8]
168 395 [8]
27 544 [0]
19 551 [1]
127 435 [9]
201 369 [1]
175 396 [0]
34 536 [1]
84 478 [9]
76 494 [1]
37 530 [4]
50 522 [0]
16 556 [0]
117 454 [1]
193 378 [1]
148 423 [1]
55 517 [0]
22 541 [9]
4 563 [5]
279 293 [0]
73 499 [0]
246 326 [0]
243 329 [0]
50 523 [0]
148 425 [0]
259 310 [4]
151 422 [0]
179 394 [0]
46 518 [9]
5 567 [1]
7 557 [9]
19 553 [1]
94 471 [8]
7 567 [0]
12 562 [0]
206 368 [0]
192 374 [8]
257 313 [4]
87 486 [1]
113 458 [4]
16 558 [1]
54 516 [5]
220 352 [3]
7 561 [7]
204 372 [0]
149 426 [1]
232 344 [0]
93 480 [3]
269 307 [0]
236 336 [4]
258 319 [0]
286 287 [4]
17 555 [5]
177 392 [8]
152 425 [0]
146 428 [3]
147 429 [1]
237 341 [0]
33 545 [0]
237 333 [8]
87 491 [0]
92 486 [0]
124 453 [1]
162 409 [8]
284 295 [0]
262 314 [3]
212 359 [8]
10 568 [1]
33 537 [9]
60 520 [0]
70 502 [8]
5 570 [5]
41 538 [1]
29 548 [3]
55 526 [0]
220 353 [8]
114 466 [1]
286 295 [0]
231 350 [0]
139 441 [1]
75 497 [9]
25 557 [0]
3 579 [0]
99 475 [8]
35 542 [5]
2 579 [1]
135 447 [0]
227 355 [0]
213 369 [0]
151 430 [1]
161 413 [8]
287 295 [0]
110 473 [0]
3 580 [0]
30 553 [0]
2 576 [5]
89 494 [0]
247 332 [4]
194 389 [0]
95 487 [1]
106 476 [1]
264 319 [0]
236 339 [8]
216 366 [1]
125 450 [8]
90 488 [5]
245 338 [0]
127 455 [1]
242 333 [8]
0 583 [1]
290 294 [0]
227 357 [0]
280 304 [0]
239 344 [1]
41 540 [3]
290 293 [1]
234 347 [3]
182 394 [8]
16 569 [0]
0 585 [0]
206 371 [8]
192 385 [8]
126 451 [8]
98 487 [0]
260 325 [0]
48 528 [9]
99 487 [0]
3 583 [0]
165 420 [1]
140 445 [1]
229 356 [1]
15 570 [1]
3 574 [9]
232 346 [8]
235 350 [1]
234 351 [1]
256 330 [1]
58 529 [0]
43 543 [1]
151 435 [1]
126 461 [0]
206 381 [0]
205 374 [8]
73 505 [9]
108 480 [0]
4 584 [0]
102 478 [8]
93 487 [8]
20 568 [0]
157 428 [3]
26 553 [9]
36 552 [0]
85 495 [8]
49 539 [0]
249 331 [8]
211 370 [8]
67 522 [0]
267 317 [5]
81 508 [0]
170 419 [0]
112 474 [3]
181 407 [1]
220 361 [8]
15 569 [5]
111 477 [1]
90 494 [5]
286 303 [0]
97 492 [1]
118 464 [8]
7 582 [1]
227 362 [1]
287 294 [9]
246 344 [0]
286 298 [6]
284 302 [4]
80 502 [8]
32 558 [1]
251 340 [0]
148 443 [0]
291 300 [0]
254 329 [8]
248 343 [0]
252 339 [0]
63 520 [8]
275 316 [0]
20 570 [1]
233 359 [0]
2 585 [5]
133 450 [9]
181 410 [1]
155 431 [6]
195 396 [1]
243 348 [1]
256 329 [8]
103 490 [0]
108 484 [1]
59 525 [9]
222 371 [0]
276 313 [4]
124 461 [8]
235 359 [0]
256 338 [0]
58 536 [0]
127 466 [1]
13 572 [9]
198 396 [0]
12 573 [9]
284 310 [0]
279 312 [3]
56 539 [0]
155 439 [1]
260 329 [6]
40 555 [0]
59 536 [0]
192 403 [0]
226 368 [1]
38 554 [3]
193 394 [8]
72 523 [0]
35 559 [1]
149 445 [1]
39 555 [1]
85 502 [8]
107 489 [0]
263 332 [1]
92 503 [1]
205 383 [8]
7 588 [1]
32 563 [1]
151 444 [1]
282 314 [0]
118 470 [8]
110 486 [0]
257 331 [8]
25 570 [1]
131 464 [2]
12 585 [0]
94 503 [0]
74 520 [3]
293 296 [8]
148 441 [8]
235 354 [8]
152 444 [1]
2 586 [9]
4 592 [1]
21 577 [0]
66 532 [0]
189 409 [0]
23 571 [4]
241 356 [1]
113 477 [8]
158 432 [8]
171 425 [3]
171 428 [0]
102 493 [4]
142 454 [3]
50 549 [0]
219 377 [3]
59 531 [9]
38 553 [9]
106 494 [0]
213 386 [1]
71 528 [1]
82 517 [1]
148 452 [0]
0 599 [1]
22 575 [3]
210 390 [1]
124 477 [0]
59 542 [0]
3 589 [9]
210 383 [8]
89 511 [1]
119 474 [8]
3 597 [1]
233 360 [8]
72 520 [9]
9 589 [3]
199 402 [0]
25 576 [1]
235 364 [3]
26 573 [3]
251 350 [1]
62 531 [9]
105 494 [3]
12 581 [9]
67 534 [1]
247 352 [3]
0 603 [0]
105 495 [3]
26 574 [3]
68 535 [0]
3 599 [1]
258 345 [0]
285 310 [8]
198 404 [1]
9 593 [1]
110 492 [1]
148 448 [8]
65 538 [1]
28 576 [0]
102 501 [1]
40 563 [1]
44 559 [1]
37 558 [9]
28 573 [3]
280 316 [8]
261 342 [1]
88 517 [0]
4 601 [0]
125 480 [0]
28 574 [3]
15 581 [9]
298 307 [0]
262 338 [5]
41 563 [1]
39 561 [5]
154 443 [8]
118 479 [8]
19 587 [0]
43 562 [1]
17 589 [0]
96 509 [1]
16 581 [9]
276 330 [0]
134 472 [1]
4 598 [5]
268 338 [1]
179 420 [8]
12 594 [1]
117 491 [0]
61 547 [0]
131 469 [8]
4 603 [1]
65 543 [0]
198 406 [4]
52 555 [1]
15 592 [1]
103 497 [8]
41 558 [9]
145 463 [0]
6 601 [1]
195 413 [0]
233 376 [0]
65 544 [0]
11 598 [0]
63 545 [1]
7 601 [1]
66 540 [3]
2 607 [0]
140 461 [8]
127 482 [0]
78 523 [8]
62 542 [5]
238 371 [0]
227 381 [1]
177 433 [0]
53 557 [0]
192 415 [3]
15 594 [1]
296 313 [1]
166 445 [0]
69 539 [3]
68 540 [3]
106 504 [1]
36 566 [9]
98 505 [8]
248 361 [3]
257 355 [0]
3 608 [1]
138 471 [3]
138 474 [0]
46 565 [1]
127 484 [1]
135 476 [1]
201 403 [8]
269 343 [0]
92 519 [1]
124 481 [8]
253 360 [0]
258 352 [3]
130 482 [1]
2 612 [0]
123 483 [8]
231 380 [3]
284 322 [8]
299 312 [3]
57 554 [3]
224 390 [0]
286 325 [3]
251 362 [1]
34 580 [1]
42 564 [9]
292 322 [1]
76 539 [0]
277 338 [0]
164 443 [8]
56 550 [9]
237 370 [8]
271 344 [0]
42 569 [5]
16 600 [0]
57 559 [0]
167 441 [8]
111 504 [1]
305 311 [0]
51 557 [8]
111 506 [0]
19 598 [0]
247 369 [1]
195 422 [0]
302 315 [0]
32 580 [5]
32 584 [1]
212 398 [8]
8 610 [0]
133 484 [1]
47 570 [1]
244 371 [3]
179 438 [1]
18 591 [9]
22 587 [9]
198 412 [8]
14 595 [9]
134 476 [8]
300 319 [0]
197 422 [0]
29 590 [0]
37 582 [0]
83 535 [1]
108 510 [1]
35 583 [1]
217 394 [8]
25 591 [3]
231 388 [0]
194 426 [0]
125 495 [0]
13 607 [0]
6 611 [3]
88 524 [8]
213 399 [8]
178 435 [8]
0 621 [0]
285 336 [0]
44 568 [9]
239 382 [0]
115 497 [9]
229 392 [0]
54 567 [0]
242 378 [1]
139 481 [1]
213 405 [3]
44 576 [1]
17 605 [0]
1 621 [0]
12 609 [1]
97 524 [1]
168 446 [8]
153 461 [8]
237 377 [8]
230 384 [8]
3 610 [9]
299 315 [8]
269 347 [6]
79 544 [0]
85 537 [1]
168 447 [8]
292 330 [1]
61 562 [0]
155 460 [8]
143 480 [0]
160 463 [0]
4 614 [5]
215 409 [0]
232 392 [0]
209 412 [3]
94 530 [0]
81 542 [1]
126 490 [8]
1 622 [1]
133 483 [8]
193 430 [1]
5 614 [5]
101 520 [3]
32 593 [0]
59 566 [0]
280 337 [8]
283 342 [0]
99 518 [8]
45 571 [9]
211 411 [3]
286 331 [8]
45 572 [8]
111 505 [9]
206 412 [8]
238 388 [0]
265 355 [6]
135 491 [0]
191 435 [0]
52 569 [5]
246 379 [1]
191 427 [8]
202 416 [8]
75 542 [9]
84 539 [3]
78 547 [1]
179 448 [0]
176 451 [0]
5 619 [3]
2 616 [9]
154 472 [1]
197 430 [0]
12 606 [9]
224 403 [0]
2 624 [1]
186 440 [1]
23 605 [0]
246 382 [0]
6 619 [3]
19 608 [1]
210 415 [3]
3 626 [0]
13 616 [0]
0 628 [1]
267 359 [3]
292 329 [8]
179 442 [8]
30 598 [1]
113 517 [0]
27 603 [0]
108 522 [0]
61 560 [9]
86 535 [9]
78 549 [3]
274 356 [0]
57 564 [9]
96 533 [1]
314 317 [0]
7 623 [1]
21 607 [3]
3 629 [0]
7 625 [0]
264 368 [0]
30 602 [0]
16 607 [9]
225 407 [0]
302 330 [0]
229 396 [8]
18 606 [9]
127 497 [9]
137 488 [8]
11 621 [1]
21 603 [9]
54 579 [0]
214 420 [0]
29 602 [3]
211 420 [3]
99 536 [0]
83 552 [0]
26 606 [3]
245 381 [9]
150 477 [8]
40 595 [0]
8 626 [1]
145 487 [3]
13 619 [3]
4 626 [5]
15 621 [0]
223 413 [0]
283 353 [0]
256 379 [1]
42 591 [3]
12 623 [1]
269 364 [3]
193 439 [4]
93 541 [3]
36 601 [0]
68 569 [0]
153 476 [8]
26 602 [9]
286 350 [1]
88 549 [0]
114 523 [0]
6 630 [1]
5 633 [0]
16 619 [3]
313 325 [0]
220 410 [8]
179 458 [1]
85 552 [1]
316 322 [0]
145 491 [2]
11 626 [1]
292 338 [8]
28 609 [1]
16 623 [0]
186 453 [0]
190 446 [3]
235 401 [3]
259 379 [1]
205 435 [0]
66 574 [0]
178 459 [3]
4 627 [9]
187 453 [0]
203 436 [1]
247 393 [0]
190 442 [8]
243 390 [8]
63 578 [0]
293 348 [0]
12 620 [9]
200 433 [8]
235 403 [3]
27 614 [0]
185 448 [8]
22 611 [8]
234 408 [0]
1 641 [0]
299 338 [5]
65 574 [3]
188 448 [6]
6 627 [9]
93 549 [0]
45 589 [8]
113 521 [8]
48 591 [3]
6 635 [1]
24 609 [9]
156 480 [6]
36 604 [3]
108 527 [8]
141 499 [4]
6 638 [0]
107 537 [0]
252 392 [0]
215 421 [8]
273 371 [0]
212 429 [3]
35 600 [9]
128 513 [3]
41 604 [0]
49 596 [0]
90 555 [0]
229 408 [8]
153 489 [3]
35 609 [1]
222 423 [0]
322 323 [0]
75 567 [3]
111 530 [4]
105 541 [0]
107 531 [8]
65 580 [1]
83 564 [0]
14 633 [0]
312 335 [0]
223 424 [0]
289 358 [0]
191 448 [8]
109 538 [0]
29 609 [9]
233 414 [1]
284 361 [3]
284 356 [8]
242 406 [1]
194 455 [0]
85 564 [0]
66 575 [8]
114 526 [9]
5 641 [3]
247 394 [8]
279 370 [0]
9 631 [9]
183 467 [0]
197 453 [0]
283 367 [0]
252 390 [8]
224 425 [1]
37 610 [3]
287 362 [1]
2 648 [1]
248 403 [0]
266 385 [0]
52 596 [3]
41 601 [9]
309 342 [0]
100 552 [0]
141 510 [1]
66 585 [1]
0 643 [9]
46 597 [9]
21 622 [9]
303 350 [0]
4 649 [0]
88 561 [4]
105 548 [0]
105 545 [3]
102 543 [8]
321 332 [0]
196 457 [0]
18 627 [9]
117 537 [0]
185 468 [1]
297 357 [0]
149 502 [3]
275 378 [1]
27 626 [1]
293 358 [3]
271 380 [3]
85 566 [3]
285 370 [0]
10 645 [0]
24 631 [0]
22 624 [9]
88 559 [8]
19 633 [3]
270 382 [3]
199 448 [8]
106 549 [0]
96 557 [2]
222 425 [8]
209 443 [3]
171 484 [0]
133 514 [8]
42 605 [8]
246 410 [0]
101 555 [0]
42 613 [1]
45 603 [8]
183 470 [3]
235 418 [3]
153 495 [8]
11 640 [5]
138 512 [6]
320 336 [0]
65 588 [3]
2 645 [9]
17 640 [0]
127 527 [3]
36 621 [0]
235 414 [8]
246 403 [8]
309 348 [0]
19 629 [9]
55 601 [1]
317 340 [0]
242 407 [8]
148 506 [3]
323 334 [0]
299 352 [6]
229 429 [0]
252 406 [0]
1 657 [0]
204 451 [3]
322 333 [3]
48 607 [3]
297 358 [3]
303 348 [7]
17 638 [3]
73 584 [1]
53 602 [3]
244 414 [0]
3 656 [0]
10 649 [0]
135 516 [8]
35 615 [9]
68 591 [0]
100 559 [0]
209 450 [0]
255 404 [0]
46 610 [3]
101 557 [2]
114 537 [9]
249 408 [3]
215 437 [8]
191 468 [1]
110 550 [0]
157 495 [8]
307 347 [6]
318 342 [0]
161 500 [0]
143 518 [0]
94 567 [0]
202 459 [0]
7 645 [9]
296 365 [0]
221 432 [8]
304 356 [1]
159 503 [0]
31 631 [0]
0 659 [3]
280 381 [1]
21 633 [8]
189 470 [3]
226 435 [1]
79 581 [3]
77 586 [0]
6 657 [0]
186 476 [1]
144 519 [0]
23 639 [1]
178 485 [0]
190 470 [3]
245 417 [1]
212 451 [0]
262 402 [0]
3 661 [0]
83 578 [3]
144 520 [0]
141 522 [1]
155 501 [8]
2 662 [1]
87 578 [0]
127 538 [0]
130 535 [0]
84 578 [3]
328 337 [0]
248 417 [0]
9 647 [9]
153 504 [8]
40 626 [0]
299 361 [6]
227 438 [1]
51 615 [0]
91 575 [0]
99 567 [0]
293 365 [8]
127 539 [0]
35 622 [9]
8 659 [0]
42 625 [0]
210 449 [8]
43 623 [1]
228 439 [0]
198 469 [0]
113 554 [0]
280 387 [0]
28 630 [9]
196 471 [0]
332 335 [0]
164 504 [0]
116 552 [0]
202 464 [2]
230 438 [0]
233 427 [8]
44 615 [9]
111 556 [1]
83 582 [3]
8 655 [5]
39 620 [9]
35 625 [9]
4 665 [0]
33 636 [0]
281 388 [0]
237 424 [8]
257 409 [3]
133 535 [1]
231 431 [7]
178 489 [2]
266 400 [4]
7 663 [0]
316 354 [0]
78 589 [3]
283 379 [8]
89 573 [8]
6 663 [1]
150 520 [0]
234 433 [3]
109 558 [3]
13 658 [0]
10 661 [0]
98 565 [8]
318 353 [0]
135 528 [8]
240 422 [9]
190 478 [3]
162 510 [0]
276 396 [0]
41 628 [3]
69 594 [9]
10 653 [9]
68 596 [8]
227 446 [0]
311 359 [3]
82 591 [0]
68 602 [3]
97 568 [8]
143 521 [9]
180 490 [3]
297 376 [0]
16 654 [3]
173 492 [8]
4 670 [0]
327 344 [3]
69 602 [3]
141 525 [8]
2 669 [3]
258 408 [8]
98 576 [0]
141 533 [0]
53 618 [3]
296 378 [0]
222 453 [0]
119 553 [3]
130 545 [0]
213 459 [3]
218 457 [0]
76 598 [1]
70 597 [8]
59 617 [0]
166 509 [1]
261 415 [0]
17 659 [0]
63 611 [2]
198 478 [0]
88 588 [0]
13 662 [1]
49 624 [3]
123 553 [0]
139 537 [0]
154 522 [0]
313 363 [0]
63 612 [1]
190 483 [3]
99 570 [8]
284 393 [0]
60 617 [0]
112 562 [3]
203 474 [0]
9 665 [3]
64 610 [3]
196 478 [3]
206 471 [0]
234 443 [0]
22 646 [9]
64 605 [8]
200 474 [3]
113 556 [8]
7 669 [1]
10 665 [3]
295 380 [3]
1 668 [9]
269 409 [0]
48 621 [9]
64 615 [0]
36 643 [0]
245 434 [0]
155 521 [3]
6 664 [9]
47 632 [0]
17 653 [9]
135 544 [0]
150 529 [0]
26 652 [1]
152 527 [0]
253 426 [0]
141 537 [1]
2 678 [0]
86 585 [9]
78 602 [0]
263 414 [3]
141 531 [8]
198 479 [3]
254 418 [8]
288 393 [0]
84 589 [8]
18 664 [0]
45 637 [0]
223 459 [0]
232 450 [0]
44 637 [1]
198 476 [8]
239 440 [3]
324 350 [8]
23 660 [0]
83 597 [3]
34 649 [0]
312 371 [0]
42 633 [8]
44 630 [9]
43 631 [9]
173 507 [3]
103 577 [3]
201 482 [0]
139 541 [3]
266 417 [0]
232 449 [3]
180 504 [0]
2 682 [0]
260 415 [9]
18 666 [0]
91 593 [0]
120 564 [0]
133 542 [9]
3 676 [5]
93 584 [8]
255 430 [0]
12 664 [9]
239 443 [3]
71 606 [8]
334 343 [8]
10 674 [1]
227 459 [0]
108 578 [0]
0 686 [0]
58 628 [0]
182 504 [0]
52 625 [9]
245 441 [0]
136 550 [0]
104 574 [8]
30 653 [3]
97 586 [3]
296 384 [6]
156 530 [0]
24 654 [8]
170 516 [0]
69 609 [9]
127 560 [0]
162 517 [8]
153 530 [4]
320 367 [0]
34 650 [3]
143 543 [1]
110 569 [9]
106 582 [0]
233 452 [3]
308 380 [0]
306 382 [0]
2 685 [1]
300 388 [0]
45 635 [8]
70 610 [8]
303 386 [0]
108 580 [1]
10 670 [9]
76 605 [8]
236 450 [3]
1 679 [9]
73 617 [0]
29 661 [0]
168 522 [0]
282 405 [3]
332 357 [1]
87 595 [8]
269 418 [3]
304 378 [8]
26 656 [8]
275 414 [1]
121 566 [3]
12 679 [0]
6 685 [0]
53 638 [0]
187 496 [8]
295 393 [3]
279 404 [8]
265 427 [0]
21 671 [0]
174 510 [8]
341 351 [0]
98 594 [0]
162 529 [1]
36 647 [9]
12 677 [3]
116 573 [3]
237 456 [0]
0 693 [0]
310 380 [3]
230 462 [1]
53 640 [0]
172 521 [0]
247 446 [0]
101 591 [2]
56 638 [0]
307 384 [3]
236 455 [3]
152 534 [8]
111 575 [8]
174 521 [0]
0 695 [0]
4 691 [0]
70 625 [0]
51 636 [8]
123 571 [1]
271 421 [3]
261 426 [8]
247 448 [0]
270 425 [0]
94 599 [3]
28 668 [0]
18 678 [0]
156 540 [0]
195 500 [1]
18 675 [3]
33 660 [3]
154 540 [2]
301 396 [0]
323 374 [0]
85 604 [8]
273 424 [0]
255 436 [6]
57 641 [0]
52 637 [9]
78 620 [0]
161 529 [8]
96 599 [3]
302 393 [3]
193 502 [3]
139 559 [0]
57 633 [8]
46 652 [1]
124 576 [0]
269 431 [0]
231 463 [6]
240 460 [0]
243 454 [3]
272 428 [0]
246 446 [8]
141 551 [8]
149 551 [0]
171 523 [6]
2 695 [3]
282 418 [0]
331 369 [0]
44 647 [9]
96 602 [3]
155 543 [3]
7 694 [0]
314 387 [0]
274 424 [3]
215 478 [8]
84 617 [0]
131 567 [3]
21 677 [3]
130 568 [3]
63 639 [0]
53 649 [0]
253 443 [6]
2 699 [1]
124 570 [8]
178 516 [8]
209 490 [3]
42 657 [3]
34 665 [3]
194 506 [2]
146 553 [3]
170 532 [0]
13 690 [0]
31 672 [0]
20 674 [9]
197 503 [3]
108 595 [0]
113 587 [3]
114 586 [3]
159 544 [0]
307 388 [8]
277 426 [0]
254 449 [0]
97 605 [2]
198 506 [0]
51 653 [0]
56 648 [0]
313 391 [0]
142 561 [1]
75 621 [8]
220 481 [3]
298 404 [3]
105 600 [0]
114 591 [0]
317 387 [1]
139 566 [0]
6 690 [9]
84 619 [2]
341 364 [0]
70 627 [8]
21 685 [0]
3 703 [0]
101 602 [3]
291 407 [8]
329 377 [0]
264 433 [9]
313 393 [0]
106 600 [0]
181 517 [8]
141 565 [0]
25 682 [0]
3 704 [0]
20 687 [0]
176 531 [0]
328 379 [0]
352 355 [0]
8 690 [9]
270 429 [8]
12 696 [0]
71 629 [8]
137 571 [0]
265 437 [6]
48 657 [3]
278 430 [0]
301 407 [0]
328 377 [3]
308 401 [0]
112 597 [0]
254 455 [0]
119 587 [3]
215 493 [1]
74 626 [9]
13 687 [9]
163 543 [3]
10 700 [0]
44 657 [9]
98 604 [8]
40 670 [0]
27 675 [8]
109 593 [8]
27 678 [5]
79 623 [8]
348 359 [3]
36 672 [3]
333 378 [0]
27 684 [0]
143 568 [0]
28 678 [5]
233 475 [3]
143 566 [3]
142 569 [1]
53 651 [8]
101 605 [6]
4 699 [9]
306 402 [4]
316 388 [8]
43 670 [0]
133 572 [8]
263 445 [5]
21 689 [3]
203 502 [8]
59 655 [0]
73 641 [0]
317 397 [0]
47 664 [3]
97 609 [8]
31 683 [1]
267 448 [0]
93 614 [8]
144 568 [3]
4 702 [9]
281 434 [0]
74 642 [0]
11 705 [0]
105 605 [6]
155 558 [3]
57 651 [8]
238 475 [3]
36 677 [3]
153 563 [0]
250 464 [2]
96 618 [3]
25 683 [9]
207 507 [3]
14 703 [0]
131 583 [3]
147 567 [3]
106 603 [8]
273 444 [0]
320 397 [0]
104 611 [2]
2 706 [9]
79 638 [0]
83 634 [0]
318 399 [0]
2 715 [1]
349 369 [0]
39 679 [0]
36 679 [3]
83 633 [2]
112 604 [2]
58 657 [3]
79 639 [0]
126 584 [8]
175 543 [0]
196 522 [0]
206 512 [0]
176 542 [1]
97 622 [0]
35 684 [0]
163 554 [2]
259 452 [8]
275 444 [0]
250 466 [3]
191 525 [3]
266 453 [0]
226 491 [2]
76 636 [8]
49 671 [0]
119 593 [8]
193 519 [8]
14 706 [0]
105 615 [0]
180 534 [6]
0 711 [9]
217 503 [0]
215 502 [3]
26 685 [9]
267 447 [6]
52 667 [1]
331 385 [5]
329 392 [0]
290 423 [8]
161 552 [8]
21 697 [3]
217 496 [8]
114 604 [3]
184 538 [0]
140 582 [0]
89 625 [8]
96 626 [0]
217 497 [8]
2 711 [9]
97 617 [8]
243 473 [6]
3 710 [9]
280 434 [8]
253 469 [0]
54 665 [3]
221 501 [1]
3 720 [0]
4 710 [9]
141 574 [8]
20 703 [0]
214 501 [8]
81 642 [0]
2 712 [9]
270 445 [8]
101 622 [0]
312 411 [0]
86 629 [9]
0 724 [0]
55 669 [0]
2 721 [1]
94 630 [0]
165 551 [8]
277 441 [6]
2 713 [9]
4 711 [9]
170 551 [3]
95 621 [8]
115 600 [9]
106 616 [2]
74 651 [0]
273 450 [2]
58 658 [9]
147 569 [9]
69 656 [0]
254 471 [0]
345 380 [0]
151 574 [0]
3 721 [1]
168 557 [0]
212 510 [3]
174 551 [0]
179 546 [0]
100 617 [8]
56 661 [8]
281 444 [0]
166 551 [8]
213 512 [0]
6 720 [0]
294 424 [8]
29 695 [2]
213 510 [3]
284 434 [8]
40 686 [0]
280 443 [3]
337 389 [0]
264 456 [6]
75 643 [8]
246 480 [0]
170 557 [0]
223 496 [8]
255 470 [2]
180 547 [0]
1 717 [9]
341 386 [0]
321 400 [6]
238 490 [0]
15 713 [0]
50 678 [0]
199 527 [2]
45 675 [8]
281 441 [6]
83 643 [2]
130 596 [2]
128 600 [0]
213 515 [0]
356 372 [0]
331 398 [0]
48 681 [0]
220 501 [8]
186 534 [9]
249 477 [3]
66 660 [3]
55 671 [3]
26 700 [3]
272 457 [0]
297 429 [3]
291 435 [3]
171 559 [0]
199 531 [0]
22 708 [0]
55 666 [9]
315 412 [3]
315 407 [8]
308 420 [2]
96 632 [3]
318 410 [3]
270 453 [8]
220 511 [0]
324 407 [0]
67 661 [3]
183 546 [2]
104 624 [3]
155 577 [0]
293 433 [6]
42 681 [9]
314 418 [0]
227 502 [3]
6 717 [9]
318 414 [0]
10 713 [9]
216 513 [3]
360 367 [5]
134 595 [3]
351 381 [0]
9 714 [9]
259 470 [3]
1 732 [0]
132 601 [0]
358 375 [0]
100 625 [8]
167 560 [6]
5 719 [9]
127 606 [0]
329 402 [2]
24 706 [3]
300 428 [6]
6 725 [3]
15 719 [0]
193 533 [8]
183 545 [6]
2 723 [9]
266 466 [2]
175 560 [0]
48 687 [0]
34 692 [9]
74 661 [0]
180 555 [0]
281 448 [6]
70 657 [8]
289 443 [3]
45 691 [0]
2 734 [0]
207 529 [0]
340 396 [0]
281 449 [6]
63 673 [0]
264 472 [0]
246 482 [8]
183 550 [3]
101 632 [3]
144 592 [0]
263 467 [6]
0 728 [9]
115 622 [0]
147 590 [0]
337 394 [6]
250 487 [0]
80 649 [8]
298 436 [3]
59 671 [8]
20 718 [0]
1 737 [0]
12 726 [0]
89 649 [0]
167 571 [0]
49 681 [8]
248 482 [8]
120 615 [3]
338 400 [0]
255 483 [0]
182 553 [3]
69 661 [8]
138 598 [3]
59 680 [0]
2 737 [0]
128 603 [8]
191 546 [2]
355 378 [6]
331 403 [5]
317 416 [6]
130 606 [3]
238 498 [3]
0 740 [0]
6 734 [0]
2 729 [9]
44 696 [0]
59 681 [0]
284 456 [0]
17 720 [3]
100 638 [2]
9 722 [9]
64 673 [3]
261 473 [6]
244 490 [6]
2 739 [0]
55 686 [0]
92 649 [0]
188 551 [2]
151 590 [0]
212 527 [2]
41 697 [3]
218 523 [0]
208 534 [0]
302 437 [3]
106 628 [8]
215 519 [8]
11 722 [9]
223 511 [8]
33 710 [0]
10 733 [0]
12 728 [3]
250 491 [2]
19 715 [9]
36 698 [9]
362 381 [0]
60 683 [0]
160 583 [0]
201 540 [2]
172 571 [0]
200 535 [8]
26 718 [0]
19 725 [0]
110 631 [3]
70 666 [8]
4 739 [1]
163 579 [2]
262 476 [6]
223 518 [3]
22 720 [3]
112 630 [3]
28 708 [9]
255 481 [9]
219 520 [6]
283 462 [0]
15 721 [9]
147 598 [1]
49 697 [0]
134 610 [2]
158 580 [8]
125 613 [8]
282 464 [0]
307 436 [3]
299 441 [6]
12 731 [3]
5 742 [0]
14 733 [0]
357 390 [0]
170 575 [2]
373 374 [0]
364 380 [3]
315 432 [0]
210 534 [3]
70 676 [1]
341 406 [0]
21 723 [3]
44 695 [8]
45 694 [8]
223 525 [0]
89 659 [0]
294 446 [8]
18 721 [9]
107 640 [1]
263 482 [3]
158 587 [3]
341 407 [0]
36 709 [3]
351 389 [8]
303 442 [3]
265 484 [0]
64 677 [8]
220 529 [0]
112 634 [3]
63 687 [0]
213 534 [3]
48 699 [3]
336 408 [6]
188 560 [2]
46 701 [3]
231 519 [0]
262 488 [0]
250 497 [3]
58 683 [9]
44 698 [9]
133 618 [0]
97 654 [0]
163 586 [2]
119 629 [3]
351 394 [6]
178 570 [3]
131 612 [8]
281 470 [0]
183 565 [3]
372 379 [0]
228 518 [6]
21 731 [0]
246 503 [3]
47 702 [3]
242 507 [3]
154 596 [2]
70 683 [0]
357 388 [8]
263 484 [6]
284 466 [3]
130 623 [0]
121 629 [3]
201 552 [0]
217 536 [0]
68 686 [0]
25 729 [0]
225 527 [2]
31 714 [9]
51 703 [0]
55 690 [9]
15 736 [3]
359 395 [0]
198 554 [2]
235 519 [0]
258 497 [0]
279 470 [6]
11 735 [9]
224 523 [8]
153 594 [8]
25 721 [9]
229 527 [0]
21 735 [0]
22 734 [0]
199 557 [0]
166 582 [8]
313 443 [0]
173 581 [2]
12 735 [9]
294 459 [3]
235 521 [0]
366 390 [0]
4 749 [3]
11 742 [3]
257 499 [0]
39 708 [9]
88 669 [0]
52 705 [0]
238 513 [6]
125 629 [3]
187 570 [0]
221 535 [1]
111 638 [8]
80 675 [2]
131 623 [3]
262 490 [6]
321 431 [6]
95 663 [0]
108 650 [0]
27 723 [8]
202 553 [3]
187 568 [3]
128 622 [8]
12 743 [3]
10 745 [3]
136 614 [8]
119 640 [0]
310 446 [3]
18 732 [9]
255 498 [6]
98 653 [8]
177 583 [0]
30 730 [0]
251 501 [8]
21 736 [3]
312 441 [7]
332 420 [8]
164 596 [0]
192 568 [0]
250 510 [0]
114 638 [8]
339 421 [0]
1 760 [0]
30 731 [0]
38 720 [3]
262 499 [0]
272 489 [0]
34 724 [3]
30 723 [8]
15 743 [3]
197 556 [8]
278 474 [9]
282 473 [6]
251 508 [2]
77 682 [3]
35 727 [0]
52 710 [0]
269 487 [6]
293 463 [6]
242 514 [6]
81 673 [8]
56 706 [0]
204 558 [0]
289 473 [0]
365 398 [0]
28 735 [0]
36 724 [3]
150 611 [2]
59 696 [8]
33 727 [3]
348 412 [3]
201 559 [3]
24 738 [1]
54 710 [0]
88 676 [0]
131 633 [0]
63 693 [8]
314 445 [5]
328 436 [0]
175 590 [0]
105 660 [0]
111 654 [0]
338 426 [1]
376 381 [8]
153 604 [8]
328 434 [3]
269 496 [0]
53 704 [8]
130 632 [3]
4 758 [3]
310 452 [3]
263 496 [6]
380 383 [3]
6 760 [0]
187 579 [0]
280 486 [0]
152 606 [8]
172 591 [3]
174 584 [8]
191 573 [2]
191 576 [0]
201 566 [0]
88 679 [0]
100 667 [0]
158 607 [2]
354 410 [3]
47 717 [3]
323 444 [0]
124 641 [2]
127 633 [8]
81 687 [0]
13 746 [9]
290 478 [0]
208 552 [8]
4 755 [9]
218 544 [6]
144 621 [3]
284 481 [3]
362 406 [0]
244 522 [3]
11 758 [0]
241 525 [3]
204 562 [3]
257 512 [0]
208 558 [3]
35 732 [3]
3 767 [0]
74 696 [0]
189 581 [0]
279 488 [3]
183 584 [3]
48 714 [9]
261 507 [3]
218 550 [3]
142 627 [2]
36 732 [3]
38 730 [3]
368 404 [0]
104 667 [1]
265 501 [6]
116 656 [0]
20 749 [3]
381 391 [0]
222 542 [8]
365 404 [3]
227 537 [8]
18 755 [0]
352 421 [0]
384 386 [3]
76 688 [9]
30 744 [0]
4 761 [9]
245 527 [2]
243 525 [6]
97 677 [0]
270 504 [0]
182 584 [8]
5 768 [1]
65 701 [8]
179 592 [3]
295 476 [3]
68 703 [3]
128 646 [0]
329 445 [0]
154 613 [8]
292 483 [0]
189 583 [3]
42 730 [3]
163 610 [2]
172 603 [0]
45 727 [3]
7 759 [9]
8 764 [3]
5 761 [9]
102 674 [0]
288 486 [2]
80 688 [8]
176 592 [8]
84 692 [0]
116 652 [8]
327 449 [0]
106 668 [2]
165 611 [0]
120 654 [2]
384 392 [0]
223 553 [0]
274 496 [6]
82 695 [0]
22 755 [0]
164 611 [2]
65 709 [3]
308 467 [2]
363 414 [0]
167 605 [6]
94 684 [0]
185 587 [6]
261 509 [8]
376 399 [3]
133 637 [8]
374 400 [4]
32 743 [3]
126 650 [2]
297 475 [6]
264 514 [0]
120 656 [2]
126 651 [2]
307 472 [0]
338 432 [9]
82 697 [0]
150 621 [8]
338 441 [0]
119 657 [3]
242 529 [8]
46 730 [3]
245 531 [3]
323 457 [0]
84 696 [0]
6 774 [0]
326 446 [8]
4 767 [9]
40 737 [3]
171 607 [2]
254 520 [6]
346 434 [0]
366 406 [8]
172 600 [8]
229 549 [2]
65 707 [8]
162 618 [0]
77 695 [8]
328 452 [0]
32 740 [9]
315 464 [2]
62 716 [3]
12 766 [3]
281 494 [6]
113 668 [0]
6 772 [3]
136 637 [8]
125 656 [0]
153 628 [0]
256 523 [3]
155 624 [3]
359 423 [0]
231 549 [2]
354 425 [3]
126 654 [2]
162 612 [8]
380 401 [1]
198 585 [0]
117 666 [0]
28 755 [0]
138 645 [0]
146 634 [3]
205 578 [0]
370 413 [0]
256 524 [3]
204 577 [2]
373 410 [0]
288 495 [0]
233 542 [8]
213 570 [0]
43 739 [1]
356 424 [3]
101 680 [2]
9 765 [9]
133 642 [8]
95 689 [0]
48 733 [3]
140 644 [0]
175 606 [3]
63 718 [3]
75 706 [3]
1 775 [9]
87 698 [0]
70 715 [0]
75 702 [8]
255 524 [6]
203 574 [8]
128 657 [0]
385 400 [0]
229 556 [0]
278 501 [6]
0 784 [1]
277 506 [2]
71 706 [8]
365 420 [0]
230 547 [8]
35 751 [0]
226 560 [0]
335 445 [6]
25 761 [0]
36 750 [0]
391 395 [0]
31 746 [9]
152 626 [8]
342 444 [0]
134 649 [3]
246 540 [0]
61 725 [0]
375 411 [0]
8 769 [9]
265 515 [6]
360 426 [0]
42 741 [3]
75 709 [3]
81 698 [8]
2 785 [0]
212 575 [0]
255 532 [0]
320 461 [6]
127 657 [3]
18 768 [1]
91 697 [0]
103 682 [3]
385 403 [0]
38 742 [8]
301 478 [9]
301 481 [6]
152 628 [8]
387 401 [0]
31 754 [3]
333 456 [0]
6 780 [3]
274 513 [2]
106 683 [0]
323 466 [0]
84 697 [8]
306 479 [4]
352 437 [0]
394 395 [0]
236 550 [3]
247 539 [3]
118 663 [8]
169 612 [8]
298 488 [3]
302 485 [2]
3 787 [0]
25 765 [0]
28 762 [0]
207 580 [3]
125 662 [3]
66 724 [0]
78 712 [0]
82 708 [0]
373 415 [2]
199 591 [0]
306 484 [0]
205 579 [6]
265 519 [6]
130 660 [0]
353 438 [0]
266 525 [0]
129 662 [0]
155 636 [0]
219 572 [0]
25 763 [3]
292 499 [0]
6 776 [9]
124 665 [2]
344 444 [3]
280 505 [6]
1 791 [0]
71 713 [8]
368 415 [9]
260 523 [9]
4 789 [0]
17 776 [0]
244 543 [6]
216 577 [0]
19 774 [0]
25 768 [0]
304 489 [0]
363 430 [0]
180 613 [0]
183 610 [0]
12 778 [3]
235 553 [6]
147 639 [8]
296 491 [7]
229 565 [0]
122 672 [0]
288 504 [2]
76 710 [8]
215 577 [2]
339 455 [0]
281 513 [0]
354 441 [0]
53 734 [8]
5 781 [9]
37 750 [8]
58 734 [3]
359 429 [7]
88 707 [0]
124 663 [8]
280 515 [0]
156 639 [0]
12 784 [0]
43 753 [0]
184 610 [2]
24 769 [3]
153 641 [2]
87 706 [3]
112 684 [0]
77 711 [8]
315 475 [6]
138 658 [0]
152 642 [2]
354 442 [0]
334 462 [0]
17 780 [0]
4 793 [0]
11 783 [3]
20 777 [0]
160 634 [3]
62 732 [3]
82 707 [8]
102 692 [3]
241 554 [2]
348 449 [0]
363 428 [6]
253 542 [3]
8 781 [9]
146 651 [2]
395 402 [2]
127 663 [9]
229 570 [0]
278 514 [7]
128 663 [8]
181 616 [2]
253 546 [0]
278 515 [6]
21 775 [3]
125 672 [2]
255 544 [0]
129 668 [2]
289 507 [3]
134 666 [0]
124 673 [3]
321 473 [6]
278 520 [2]
75 717 [8]
23 774 [3]
269 525 [6]
297 497 [6]
234 560 [6]
368 432 [0]
399 402 [0]
222 579 [0]
12 789 [0]
51 748 [2]
112 687 [2]
252 549 [0]
390 405 [6]
371 424 [6]
32 768 [1]
17 775 [9]
347 454 [0]
361 440 [0]
309 486 [6]
329 472 [0]
195 607 [0]
174 628 [0]
26 776 [0]
173 627 [2]
151 643 [8]
283 512 [7]
190 612 [0]
213 589 [0]
107 687 [8]
276 523 [3]
234 565 [3]
1 792 [9]
14 789 [0]
229 574 [0]
161 639 [3]
18 782 [3]
29 766 [8]
218 579 [6]
275 528 [0]
95 700 [8]
131 670 [2]
53 742 [8]
38 757 [8]
63 732 [8]
261 540 [2]
372 432 [0]
203 593 [8]
27 768 [9]
63 733 [8]
70 734 [0]
181 620 [3]
345 453 [6]
22 773 [9]
294 511 [0]
36 769 [0]
206 599 [0]
260 545 [0]
260 543 [2]
231 568 [6]
247 555 [3]
372 430 [3]
66 738 [1]
266 533 [6]
251 548 [6]
8 796 [1]
77 720 [8]
66 740 [0]
62 744 [0]
70 736 [0]
302 504 [0]
261 545 [0]
330 468 [8]
288 514 [4]
399 400 [7]
313 493 [0]
40 758 [8]
229 577 [0]
156 644 [6]
144 660 [2]
118 680 [8]
92 715 [0]
162 645 [0]
387 417 [3]
287 517 [3]
9 795 [3]
239 562 [6]
45 754 [8]
144 664 [0]
65 743 [0]
257 549 [2]
121 687 [0]
223 582 [3]
301 505 [2]
96 709 [3]
152 648 [8]
26 783 [0]
229 580 [0]
226 581 [2]
148 658 [3]
372 434 [3]
132 675 [2]
312 488 [9]
397 413 [0]
70 732 [8]
26 781 [3]
72 738 [0]
186 616 [8]
359 451 [0]
389 421 [0]
37 765 [9]
187 624 [0]
9 799 [3]
210 601 [0]
364 447 [0]
64 744 [3]
386 423 [3]
170 642 [0]
56 748 [8]
111 693 [8]
68 736 [8]
164 640 [8]
62 741 [9]
43 766 [3]
340 470 [2]
387 420 [6]
314 499 [0]
216 594 [3]
96 714 [3]
240 566 [7]
404 406 [3]
258 552 [3]
208 603 [3]
225 589 [0]
21 790 [3]
185 627 [2]
211 597 [6]
397 417 [0]
346 468 [0]
126 685 [3]
73 733 [8]
358 456 [0]
27 779 [9]
28 787 [0]
84 729 [2]
223 584 [8]
338 475 [2]
113 702 [0]
358 457 [0]
217 595 [3]
267 548 [0]
382 434 [0]
76 740 [0]
92 721 [3]
199 617 [0]
298 518 [0]
386 430 [0]
241 573 [2]
133 675 [8]
67 746 [3]
301 514 [2]
364 451 [2]
324 493 [0]
209 602 [6]
20 794 [3]
401 416 [0]
42 772 [3]
203 614 [1]
158 660 [0]
300 515 [3]
43 772 [3]
120 696 [2]
100 716 [2]
314 502 [2]
314 505 [0]
376 437 [6]
191 628 [0]
16 798 [5]
330 483 [6]
304 515 [0]
269 548 [2]
123 694 [2]
245 572 [2]
42 768 [9]
188 629 [2]
41 769 [9]
105 715 [0]
179 641 [0]
331 483 [6]
190 624 [6]
21 798 [1]
328 493 [0]
26 795 [0]
378 437 [6]
59 762 [0]
363 458 [0]
122 697 [2]
290 531 [0]
397 424 [0]
30 792 [0]
139 680 [3]
201 615 [6]
149 673 [0]
64 750 [8]
120 700 [2]
56 767 [0]
274 543 [6]
117 698 [8]
117 706 [0]
230 590 [3]
176 647 [0]
49 766 [8]
169 646 [8]
397 426 [0]
234 590 [0]
150 674 [0]
326 495 [3]
148 676 [0]
240 577 [7]
236 588 [0]
60 761 [3]
22 799 [3]
278 544 [2]
375 440 [9]
85 738 [1]
245 576 [3]
163 662 [0]
322 500 [3]
97 720 [8]
272 546 [7]
182 641 [2]
159 666 [0]
387 438 [0]
70 747 [8]
161 658 [6]
284 541 [0]
170 653 [2]
165 652 [8]
401 422 [2]
326 497 [3]
56 770 [0]
389 434 [3]
75 743 [8]
41 782 [3]
201 625 [0]
174 649 [3]
46 777 [3]
220 606 [0]
391 435 [0]
251 575 [0]
286 540 [0]
410 414 [3]
172 655 [0]
315 509 [3]
159 667 [1]
48 771 [8]
169 656 [2]
120 705 [2]
102 722 [3]
97 731 [0]
342 486 [0]
187 641 [0]
37 783 [8]
282 546 [0]
221 608 [0]
312 510 [7]
24 796 [9]
59 770 [0]
261 565 [3]
411 418 [0]
267 556 [6]
98 729 [2]
356 473 [0]
276 550 [3]
159 669 [2]
192 632 [6]
293 531 [6]
40 790 [0]
377 453 [0]
56 766 [8]
169 659 [2]
204 620 [6]
208 620 [3]
77 754 [0]
171 660 [0]
66 756 [9]
307 518 [6]
372 456 [3]
49 779 [3]
361 470 [0]
76 747 [8]
209 616 [6]
218 608 [6]
394 438 [0]
46 786 [0]
115 717 [0]
145 681 [6]
284 545 [3]
176 654 [2]
410 423 [0]
120 711 [2]
254 579 [0]
162 663 [8]
400 433 [0]
119 712 [2]
401 432 [0]
407 426 [0]
144 687 [2]
36 789 [8]
139 695 [0]
167 667 [0]
162 670 [2]
368 464 [2]
236 595 [3]
252 575 [7]
249 579 [6]
41 791 [3]
392 443 [0]
137 698 [0]
301 528 [6]
88 745 [2]
62 770 [3]
288 547 [0]
95 732 [8]
85 748 [2]
118 709 [8]
408 427 [0]
81 746 [8]
136 700 [0]
110 726 [0]
123 713 [0]
159 675 [2]
150 686 [0]
397 438 [1]
43 790 [3]
161 667 [8]
91 746 [0]
352 485 [0]
194 636 [7]
109 726 [2]
292 539 [6]
42 787 [8]
280 555 [3]
376 462 [0]
38 792 [8]
140 696 [2]
406 429 [3]
45 785 [8]
90 745 [3]
72 758 [8]
183 652 [3]
173 663 [3]
243 596 [0]
90 740 [9]
201 632 [6]
175 664 [0]
186 650 [3]
336 497 [6]
277 560 [2]
147 693 [0]
363 477 [0]
378 462 [0]
261 576 [3]
33 799 [8]
107 734 [0]
269 572 [0]
231 608 [2]
206 632 [3]
106 728 [8]
91 751 [0]
97 745 [0]
414 428 [0]
66 773 [3]
180 656 [6]
260 575 [7]
333 509 [0]
73 761 [8]
88 751 [3]
205 637 [0]
293 544 [6]
49 786 [8]
307 533 [3]
195 649 [0]
57 787 [0]
240 600 [4]
246 596 [2]
268 576 [0]
335 509 [0]
343 495 [6]
123 719 [2]
407 431 [7]
194 651 [0]
200 645 [0]
211 634 [0]
118 719 [8]
114 723 [8]
254 589 [2]
184 658 [3]
198 644 [3]
145 694 [6]
143 700 [3]
58 788 [0]
353 487 [6]
55 788 [3]
406 440 [0]
405 441 [0]
294 553 [0]
335 512 [0]
132 707 [8]
171 674 [2]
196 648 [3]
59 789 [0]
210 638 [0]
392 454 [2]
146 700 [2]
304 544 [0]
211 631 [6]
139 701 [8]
377 471 [0]
415 433 [0]
349 499 [0]
316 526 [6]
134 713 [2]
284 565 [0]
409 434 [6]
239 604 [6]
298 545 [6]
186 660 [3]
54 792 [3]
93 757 [0]
129 721 [0]
157 690 [3]
249 595 [6]
310 534 [6]
289 558 [3]
52 799 [0]
54 796 [1]
371 478 [2]
416 431 [4]
198 651 [2]
334 511 [6]
202 650 [0]
170 682 [0]
139 710 [3]
244 608 [0]
244 606 [2]
351 495 [6]
296 556 [0]
370 482 [0]
367 479 [6]
215 634 [3]
213 640 [0]
72 781 [0]
74 776 [3]
338 513 [2]
230 623 [0]
311 536 [6]
279 571 [3]
178 669 [6]
187 664 [2]
316 537 [0]
105 749 [0]
272 582 [0]
322 526 [6]
75 776 [3]
216 636 [2]
389 459 [6]
203 644 [8]
243 610 [2]
78 777 [0]
344 505 [6]
358 488 [9]
325 530 [0]
121 726 [8]
394 461 [0]
187 669 [0]
154 702 [0]
329 527 [0]
423 433 [0]
397 457 [2]
386 462 [8]
164 689 [3]
258 596 [2]
281 576 [0]
99 758 [0]
426 431 [0]
350 499 [8]
184 673 [0]
178 673 [6]
301 556 [0]
367 490 [0]
296 554 [7]
289 565 [3]
64 784 [9]
382 476 [0]
350 508 [0]
213 639 [6]
78 778 [2]
192 663 [3]
167 688 [3]
322 533 [3]
318 537 [3]
274 585 [0]
145 714 [0]
243 616 [0]
103 753 [3]
336 523 [0]
424 435 [0]
339 520 [0]
291 567 [2]
350 510 [0]
360 500 [0]
194 659 [7]
247 612 [1]
258 599 [3]
89 763 [8]
307 554 [0]
390 471 [0]
232 623 [6]
82 771 [8]
223 636 [2]
160 702 [0]
217 645 [0]
334 528 [0]
272 583 [7]
61 793 [8]
405 458 [0]
104 759 [0]
189 672 [2]
412 445 [6]
112 745 [6]
181 682 [0]
145 712 [6]
344 516 [3]
96 768 [0]
83 781 [0]
127 737 [0]
353 511 [0]
162 699 [3]
405 459 [0]
395 460 [9]
103 759 [2]
263 600 [2]
79 786 [0]
362 497 [6]
179 683 [3]
83 780 [2]
300 566 [0]
273 593 [0]
167 693 [6]
131 729 [6]
174 686 [6]
160 704 [2]
328 538 [0]
372 494 [0]
121 746 [0]
399 468 [0]
164 701 [2]
111 753 [3]
242 619 [6]
240 623 [4]
338 530 [0]
381 484 [3]
411 455 [2]
392 474 [2]
250 619 [0]
91 778 [0]
170 693 [6]
295 574 [0]
105 758 [6]
354 515 [0]
344 526 [0]
115 747 [8]
304 560 [6]
107 755 [8]
342 529 [0]
169 700 [2]
127 741 [3]
122 747 [2]
112 756 [3]
189 680 [2]
256 609 [6]
82 790 [0]
73 799 [0]
133 738 [1]
167 699 [6]
250 616 [6]
288 577 [7]
89 776 [8]
198 667 [8]
201 672 [0]
87 778 [8]
174 697 [2]
321 552 [0]
345 528 [0]
79 792 [2]
387 486 [0]
81 784 [8]
335 536 [2]
205 662 [6]
307 567 [0]
203 671 [0]
163 708 [3]
390 484 [0]
370 502 [2]
409 465 [0]
207 661 [6]
305 569 [0]
71 795 [8]
399 469 [6]
336 532 [6]
419 456 [0]
200 675 [0]
80 793 [2]
383 492 [0]
73 794 [8]
269 600 [6]
82 784 [9]
194 679 [2]
203 664 [8]
137 736 [2]
93 779 [3]
132 744 [0]
148 728 [0]
434 436 [6]
299 578 [0]
105 772 [0]
424 446 [7]
138 733 [6]
191 684 [2]
82 787 [8]
226 651 [0]
269 606 [2]
289 586 [2]
298 577 [2]
220 658 [0]
227 645 [6]
390 488 [0]
114 761 [3]
356 516 [6]
318 560 [0]
167 708 [3]
171 708 [0]
237 642 [0]
103 774 [2]
168 705 [6]
205 673 [2]
92 788 [0]
218 660 [2]
292 586 [2]
166 706 [8]
140 737 [3]
117 755 [8]
98 780 [2]
129 752 [0]
82 791 [8]
150 729 [2]
237 645 [0]
120 760 [2]
396 481 [6]
165 716 [2]
409 474 [0]
237 647 [0]
198 684 [2]
229 653 [2]
173 705 [6]
270 608 [6]
276 602 [6]
419 461 [4]
121 764 [0]
370 513 [2]
117 760 [8]
164 719 [2]
249 634 [2]
309 577 [0]
145 735 [6]
170 716 [0]
233 653 [0]
369 511 [6]
131 753 [2]
243 640 [3]
296 588 [2]
116 771 [0]
295 592 [0]
143 741 [3]
133 746 [8]
438 443 [6]
203 685 [0]
255 633 [0]
214 668 [6]
157 729 [2]
188 698 [2]
108 773 [8]
96 793 [0]
188 694 [7]
268 619 [2]
336 554 [0]
172 710 [8]
278 605 [7]
363 521 [6]
361 525 [4]
285 603 [2]
352 539 [0]
431 460 [0]
228 657 [6]
184 705 [2]
153 739 [0]
387 505 [0]
428 458 [6]
157 733 [2]
318 571 [3]
239 647 [6]
119 771 [2]
308 585 [0]
415 478 [0]
156 731 [6]
257 630 [6]
319 568 [6]
167 720 [6]
130 761 [2]
423 469 [2]
169 722 [3]
332 563 [0]
183 712 [0]
114 781 [0]
147 739 [9]
434 455 [6]
313 582 [0]
345 546 [4]
320 573 [2]
162 730 [3]
99 788 [8]
313 580 [3]
125 771 [0]
152 742 [2]
314 575 [7]
179 717 [0]
149 748 [0]
335 562 [0]
230 661 [6]
268 621 [8]
439 458 [0]
304 587 [6]
394 504 [0]
224 672 [2]
172 726 [0]
203 695 [0]
266 630 [2]
301 597 [0]
209 687 [2]
191 708 [0]
126 771 [2]
237 662 [0]
163 734 [2]
269 628 [2]
348 549 [2]
430 469 [0]
215 676 [8]
449 451 [0]
391 507 [2]
218 680 [2]
251 646 [3]
384 516 [0]
404 489 [7]
377 521 [2]
285 609 [6]
266 627 [7]
155 743 [2]
208 686 [6]
202 693 [6]
222 673 [6]
241 661 [0]
141 761 [0]
374 528 [0]
433 469 [0]
387 513 [2]
259 640 [3]
138 758 [6]
103 797 [2]
134 769 [0]
108 795 [0]
173 730 [0]
297 606 [0]
339 564 [0]
411 490 [2]
393 510 [0]
438 463 [2]
253 643 [7]
175 729 [0]
284 620 [0]
330 574 [0]
197 701 [6]
245 657 [2]
322 575 [7]
135 764 [6]
200 705 [0]
212 693 [0]
204 695 [6]
265 640 [0]
357 548 [0]
365 540 [0]
334 572 [0]
150 753 [3]
272 627 [7]
336 564 [6]
149 755 [3]
319 588 [0]
104 795 [8]
168 737 [2]
312 593 [2]
313 588 [6]
182 723 [2]
442 462 [3]
192 716 [0]
171 737 [0]
440 468 [0]
226 682 [0]
288 616 [4]
172 728 [8]
412 496 [0]
416 492 [0]
257 645 [6]
302 606 [0]
238 671 [0]
451 458 [0]
443 466 [0]
260 642 [7]
454 456 [0]
142 765 [3]
386 518 [6]
258 650 [2]
134 774 [2]
221 687 [3]
175 736 [0]
355 547 [9]
300 611 [0]
430 479 [2]
421 490 [0]
323 586 [2]
265 647 [0]
177 735 [0]
137 775 [0]
140 772 [0]
224 680 [8]
290 616 [6]
282 628 [2]
348 564 [0]
433 475 [4]
353 559 [0]
446 466 [0]
140 770 [2]
252 658 [2]
243 670 [0]
151 762 [0]
363 547 [3]
187 724 [2]
202 705 [6]
126 785 [2]
232 679 [2]
267 644 [2]
278 628 [7]
218 695 [0]
253 653 [7]
319 594 [0]
346 567 [0]
140 774 [0]
132 779 [3]
262 652 [0]
333 581 [0]
337 578 [0]
141 774 [0]
193 720 [2]
390 525 [0]
447 468 [0]
117 790 [8]
188 720 [7]
453 456 [6]
337 572 [6]
249 659 [7]
238 672 [6]
314 600 [2]
232 682 [2]
151 763 [2]
277 637 [2]
361 556 [0]
400 508 [9]
167 744 [6]
286 625 [6]
134 782 [2]
268 650 [0]
345 573 [0]
252 659 [7]
437 481 [0]
324 592 [2]
194 722 [2]
153 763 [2]
289 627 [2]
164 752 [2]
137 779 [3]
130 787 [2]
390 527 [2]
309 611 [0]
246 668 [6]
227 691 [2]
427 489 [4]
367 547 [6]
262 657 [2]
165 756 [0]
249 666 [6]
392 525 [4]
120 799 [2]
176 745 [0]
429 492 [0]
301 621 [0]
308 612 [2]
457 465 [0]
311 612 [0]
331 592 [0]
369 554 [0]
231 690 [2]
163 758 [2]
192 725 [6]
147 777 [0]
442 482 [0]
146 778 [0]
398 526 [0]
384 538 [2]
165 759 [0]
260 655 [9]
286 638 [0]
376 549 [0]
154 771 [0]
161 762 [2]
149 770 [6]
292 633 [0]
126 796 [3]
298 627 [0]
298 621 [6]
310 615 [0]
257 662 [6]
159 767 [0]
282 644 [0]
332 594 [0]
334 592 [0]
160 764 [2]
290 634 [2]
240 687 [0]
366 561 [0]
440 487 [0]
356 565 [6]
278 642 [7]
222 703 [2]
189 736 [2]
186 742 [0]
373 553 [2]
413 508 [7]
412 516 [0]
145 777 [6]
130 799 [0]
423 506 [0]
205 722 [2]
367 556 [6]
166 761 [2]
405 524 [0]
342 584 [3]
184 746 [0]
405 523 [2]
192 732 [6]
438 485 [7]
396 534 [0]
372 552 [6]
364 564 [2]
383 547 [0]
232 692 [6]
450 472 [9]
267 664 [0]
238 686 [7]
319 606 [6]
275 656 [0]
369 562 [0]
329 600 [2]
393 538 [0]
128 796 [8]
311 621 [0]
239 686 [7]
443 489 [0]
312 616 [4]
289 640 [3]
356 574 [2]
380 548 [4]
164 766 [2]
312 618 [2]
184 749 [0]
192 741 [0]
384 549 [0]
314 617 [2]
156 775 [2]
219 708 [6]
319 615 [0]
393 541 [0]
243 685 [6]
387 542 [5]
430 502 [2]
421 506 [7]
191 744 [0]
163 772 [0]
330 605 [0]
195 737 [3]
366 568 [2]
372 558 [6]
283 647 [6]
291 639 [6]
317 613 [6]
408 529 [0]
149 788 [0]
220 717 [0]
232 703 [2]
148 787 [2]
462 473 [2]
436 501 [0]
132 797 [8]
181 750 [6]
269 661 [7]
264 667 [6]
173 765 [0]
439 499 [0]
452 486 [0]
190 742 [6]
444 494 [0]
401 538 [0]
441 498 [0]
310 626 [3]
378 561 [0]
145 788 [6]
327 608 [4]
425 515 [0]
143 797 [0]
144 796 [0]
403 537 [0]
152 788 [0]
359 574 [7]
263 670 [7]
256 684 [0]
279 655 [6]
250 691 [0]
293 648 [0]
153 786 [2]
294 641 [6]
420 522 [0]
312 630 [0]
275 661 [6]
141 799 [2]
171 764 [7]
395 547 [0]
458 478 [6]
207 733 [2]
156 787 [0]
463 480 [0]
151 784 [8]
283 658 [2]
215 726 [2]
163 781 [0]
200 744 [0]
173 769 [2]
176 765 [3]
265 672 [7]
347 598 [0]
374 571 [0]
141 796 [8]
244 694 [7]
445 500 [0]
163 780 [2]
385 559 [2]
464 482 [0]
164 782 [0]
204 739 [3]
255 684 [7]
429 512 [5]
180 760 [6]
150 788 [8]
233 707 [6]
240 701 [5]
158 786 [2]
434 513 [0]
159 786 [2]
394 546 [7]
325 613 [9]
275 673 [0]
341 601 [6]
415 527 [7]
471 478 [0]
179 768 [3]
232 718 [0]
466 480 [4]
285 665 [0]
321 626 [3]
168 779 [3]
216 728 [6]
236 712 [2]
144 798 [8]
419 531 [0]
456 495 [0]
418 533 [0]
426 519 [6]
326 619 [6]
215 737 [0]
219 733 [0]
333 619 [0]
416 534 [2]
197 750 [6]
161 792 [0]
379 571 [3]
205 748 [0]
205 746 [2]
364 589 [0]
225 726 [2]
305 641 [7]
229 725 [0]
167 787 [0]
253 694 [7]
459 495 [0]
250 704 [0]
268 686 [0]
354 601 [0]
352 599 [4]
427 528 [0]
156 793 [6]
471 482 [2]
208 748 [0]
230 726 [0]
459 497 [0]
227 723 [6]
182 772 [2]
301 656 [0]
315 636 [6]
186 763 [8]
446 511 [0]
410 538 [9]
293 665 [0]
425 533 [0]
447 511 [0]
430 526 [2]
439 512 [7]
171 782 [6]
395 557 [7]
469 490 [0]
417 542 [0]
274 686 [0]
306 654 [0]
445 515 [0]
468 492 [0]
311 642 [7]
334 619 [7]
271 683 [6]
309 652 [0]
455 506 [0]
425 530 [6]
382 572 [7]
198 757 [6]
319 643 [0]
204 752 [6]
478 482 [2]
398 561 [3]
328 635 [0]
201 762 [0]
263 693 [7]
327 636 [0]
312 649 [2]
164 797 [2]
416 538 [9]
180 784 [0]
460 504 [0]
282 680 [2]
318 644 [2]
287 671 [6]
429 535 [0]
329 636 [0]
259 706 [0]
210 753 [2]
354 611 [0]
472 493 [0]
366 597 [2]
464 501 [0]
201 765 [0]
249 717 [0]
439 521 [6]
248 716 [2]
437 530 [0]
235 725 [7]
342 625 [0]
250 711 [6]
422 545 [0]
276 688 [3]
221 747 [0]
355 613 [0]
391 577 [0]
342 624 [2]
224 742 [2]
329 637 [2]
204 765 [0]
451 516 [2]
405 560 [4]
320 647 [2]
206 758 [6]
259 709 [2]
423 538 [9]
375 591 [4]
304 664 [2]
253 718 [0]
325 644 [2]
295 670 [6]
243 726 [2]
371 600 [0]
240 724 [7]
294 678 [0]
368 604 [0]
343 627 [2]
373 597 [2]
302 667 [3]
167 799 [6]
475 497 [0]
204 763 [6]
182 791 [0]
326 647 [0]
208 759 [6]
342 631 [0]
243 724 [6]
282 689 [2]
220 747 [6]
297 674 [2]
260 706 [7]
329 641 [4]
342 626 [6]
322 650 [2]
190 779 [6]
344 629 [2]
274 701 [0]
361 614 [0]
273 698 [4]
399 577 [0]
371 605 [0]
450 526 [0]
301 668 [7]
439 531 [6]
221 754 [2]
198 777 [2]
326 651 [0]
238 733 [6]
448 529 [0]
338 637 [2]
243 728 [6]
376 599 [2]
194 784 [0]
422 556 [0]
438 537 [3]
255 723 [0]
385 586 [7]
286 690 [2]
376 602 [0]
397 574 [7]
391 587 [0]
326 649 [3]
263 716 [0]
204 773 [2]
290 687 [2]
369 608 [2]
349 631 [0]
205 773 [2]
289 692 [0]
456 525 [0]
218 757 [6]
335 642 [4]
256 719 [6]
372 610 [0]
475 507 [0]
396 580 [6]
389 591 [2]
440 533 [9]
192 788 [2]
208 775 [0]
316 667 [0]
404 572 [7]
365 611 [7]
263 718 [2]
448 535 [0]
343 633 [7]
373 611 [0]
241 743 [0]
423 561 [0]
281 696 [7]
229 749 [6]
441 539 [4]
408 577 [0]
463 522 [0]
265 713 [7]
375 607 [4]
253 733 [0]
270 716 [0]
488 498 [0]
464 522 [0]
311 668 [7]
368 612 [6]
283 704 [0]
358 629 [0]
478 509 [0]
210 775 [2]
385 603 [0]
460 528 [0]
474 514 [0]
296 692 [0]
297 691 [0]
292 690 [6]
490 498 [0]
327 656 [5]
196 793 [0]
231 752 [6]
390 597 [2]
467 523 [0]
284 700 [6]
272 713 [5]
404 579 [7]
347 639 [4]
362 629 [0]
263 728 [0]
262 727 [2]
295 696 [0]
364 623 [4]
448 539 [4]
190 798 [3]
308 679 [4]
243 749 [0]
454 538 [0]
246 740 [6]
219 766 [7]
220 773 [0]
219 768 [6]
276 711 [6]
219 767 [7]
362 632 [0]
240 754 [0]
269 725 [0]
229 759 [6]
193 799 [2]
285 702 [7]
429 565 [0]
197 798 [0]
470 525 [0]
411 582 [2]
239 749 [7]
415 573 [7]
289 706 [0]
392 596 [7]
356 640 [0]
391 603 [2]
222 775 [0]
355 642 [0]
312 683 [2]
396 599 [2]
308 685 [4]
387 604 [7]
298 698 [2]
439 560 [0]
310 687 [2]
450 550 [0]
477 523 [0]
461 530 [9]
230 764 [6]
472 522 [6]
249 752 [0]
290 711 [0]
209 786 [6]
471 528 [2]
246 749 [6]
247 751 [3]
397 605 [0]
419 583 [0]
462 540 [0]
302 693 [7]
418 582 [2]
218 778 [6]
265 738 [0]
214 789 [0]
430 573 [0]
433 570 [0]
338 663 [2]
467 536 [0]
224 776 [3]
452 542 [9]
303 699 [2]
398 607 [0]
320 683 [2]
434 565 [6]
492 511 [2]
216 783 [6]
464 541 [0]
418 588 [0]
315 689 [2]
481 521 [4]
301 703 [2]
255 752 [0]
239 762 [6]
439 566 [2]
378 628 [2]
348 660 [0]
473 535 [0]
372 630 [6]
308 696 [4]
439 569 [0]
497 509 [2]
235 774 [0]
245 764 [0]
466 539 [4]
481 529 [0]
239 765 [6]
316 688 [6]
345 661 [4]
412 595 [4]
319 693 [0]
244 762 [6]
223 783 [6]
268 741 [3]
325 685 [2]
254 759 [0]
219 794 [0]
222 791 [0]
442 571 [0]
289 722 [2]
315 698 [0]
363 650 [0]
228 779 [6]
278 736 [0]
319 695 [0]
302 705 [7]
321 691 [2]
336 679 [0]
434 581 [0]
238 770 [7]
496 519 [0]
422 586 [7]
368 648 [0]
501 515 [0]
284 730 [2]
261 756 [0]
469 548 [0]
483 534 [0]
300 715 [2]
367 648 [2]
427 586 [4]
499 512 [7]
264 747 [7]
485 529 [4]
249 763 [6]
501 510 [7]
501 513 [4]
455 563 [0]
287 725 [6]
296 723 [0]
383 636 [0]
343 669 [7]
294 719 [6]
274 746 [0]
293 727 [0]
493 525 [2]
423 595 [2]
276 745 [0]
386 635 [0]
500 521 [0]
424 595 [2]
257 765 [0]
389 631 [2]
384 633 [5]
273 745 [4]
267 756 [0]
378 638 [7]
477 539 [7]
282 738 [3]
450 571 [2]
433 591 [0]
447 577 [0]
465 554 [5]
278 747 [0]
301 724 [0]
351 674 [0]
352 668 [5]
389 634 [2]
361 659 [5]
309 710 [6]
291 728 [6]
256 770 [0]
372 654 [0]
440 582 [4]
417 605 [4]
277 750 [0]
237 784 [6]
238 790 [0]
280 748 [0]
417 604 [7]
440 581 [7]
257 772 [0]
421 608 [0]
251 776 [2]
481 541 [7]
260 770 [0]
404 619 [7]
247 777 [6]
329 699 [2]
365 666 [0]
423 608 [0]
484 540 [7]
350 679 [2]
287 741 [3]
284 748 [0]
475 557 [0]
502 530 [0]
510 522 [0]
504 529 [0]
472 554 [7]
422 604 [7]
399 632 [2]
317 717 [0]
441 586 [7]
299 728 [7]
361 674 [0]
418 617 [0]
448 583 [4]
413 613 [9]
451 584 [0]
489 546 [0]
356 676 [3]
417 619 [0]
461 569 [6]
449 588 [0]
337 698 [2]
387 648 [2]
377 656 [4]
273 760 [4]
317 713 [7]
481 556 [0]
271 767 [0]
396 642 [0]
472 566 [0]
423 611 [4]
373 666 [0]
468 562 [9]
243 790 [6]
505 534 [0]
494 541 [4]
364 676 [0]
503 535 [2]
463 572 [5]
298 741 [2]
295 746 [0]
365 669 [7]
418 623 [0]
302 737 [2]
423 618 [0]
333 704 [4]
473 568 [0]
486 555 [0]
467 567 [7]
288 754 [0]
339 703 [0]
341 701 [0]
375 667 [0]
398 644 [0]
515 525 [2]
438 605 [0]
319 724 [0]
393 646 [4]
259 782 [2]
467 576 [0]
246 791 [6]
455 581 [7]
470 571 [2]
312 732 [0]
337 707 [0]
482 561 [1]
350 688 [6]
462 575 [7]
313 730 [2]
469 577 [0]
323 721 [2]
463 583 [0]
288 759 [0]
370 677 [0]
425 622 [0]
355 688 [4]
264 776 [7]
275 773 [0]
368 680 [0]
376 672 [0]
411 637 [0]
245 797 [6]
427 617 [4]
384 659 [5]
499 550 [0]
514 535 [0]
501 544 [4]
385 655 [9]
523 524 [2]
319 731 [0]
507 543 [0]
430 618 [2]
481 565 [4]
402 648 [0]
455 588 [7]
408 639 [4]
335 712 [4]
327 719 [5]
352 700 [0]
379 673 [0]
513 539 [0]
256 790 [6]
255 790 [7]
517 536 [0]
496 555 [2]
461 593 [0]
468 579 [7]
259 796 [0]
376 679 [0]
379 669 [7]
277 771 [7]
465 583 [7]
270 779 [6]
437 619 [0]
444 612 [0]
413 636 [7]
439 618 [0]
482 575 [0]
260 798 [0]
339 719 [0]
449 609 [0]
526 532 [0]
361 698 [0]
474 585 [0]
454 605 [0]
508 547 [4]
506 553 [0]
366 691 [2]
472 588 [0]
283 775 [2]
411 650 [0]
509 548 [4]
473 589 [0]
396 659 [7]
390 665 [7]
291 766 [6]
473 590 [0]
335 728 [0]
276 784 [3]
346 710 [7]
326 731 [6]
377 679 [7]
302 762 [0]
374 686 [4]
287 775 [2]
484 580 [0]
471 593 [0]
324 741 [0]
374 691 [0]
471 594 [0]
495 570 [0]
267 792 [7]
269 797 [0]
343 723 [0]
281 778 [7]
422 644 [0]
305 754 [7]
453 613 [0]
282 785 [0]
413 654 [0]
382 676 [9]
412 651 [4]
350 718 [0]
488 580 [0]
458 608 [2]
419 650 [0]
456 613 [0]
346 716 [7]
368 694 [7]
314 748 [7]
448 612 [9]
386 677 [7]
317 746 [7]
477 586 [7]
394 671 [5]
461 605 [5]
519 552 [0]
523 544 [4]
421 645 [5]
330 735 [6]
347 717 [7]
517 555 [0]
441 632 [0]
408 663 [2]
308 761 [4]
332 735 [6]
296 770 [7]
307 767 [0]
363 712 [0]
422 653 [0]
341 735 [0]
399 670 [7]
326 751 [0]
509 568 [0]
358 715 [4]
409 662 [7]
377 702 [0]
456 614 [9]
368 704 [7]
370 705 [4]
537 542 [0]
529 546 [4]
524 547 [9]
533 545 [2]
392 689 [0]
483 598 [0]
489 585 [7]
288 786 [7]
401 681 [0]
528 554 [0]
532 550 [0]
374 704 [4]
493 587 [2]
326 750 [6]
405 670 [7]
484 599 [0]
521 562 [0]
329 750 [4]
347 737 [0]
421 663 [0]
284 794 [6]
523 554 [7]
460 620 [4]
410 675 [0]
481 604 [0]
487 598 [0]
424 652 [9]
482 601 [2]
521 565 [0]
323 763 [0]
352 727 [7]
523 559 [4]
289 791 [6]
418 664 [4]
354 725 [7]
308 774 [4]
319 768 [0]
524 563 [0]
358 725 [4]
374 709 [4]
432 655 [0]
292 796 [0]
386 695 [7]
337 745 [7]
476 614 [0]
397 689 [4]
431 659 [0]
353 730 [7]
377 706 [7]
477 613 [0]
323 768 [0]
291 793 [7]
297 787 [7]
305 787 [0]
460 632 [0]
419 674 [0]
443 650 [0]
371 718 [4]
473 619 [1]
492 597 [4]
325 762 [7]
416 678 [0]
451 644 [0]
474 621 [0]
489 606 [0]
309 787 [0]
420 676 [0]
495 596 [5]
371 726 [0]
324 766 [7]
299 791 [7]
401 696 [0]
443 652 [2]
499 592 [6]
430 668 [0]
385 709 [4]
434 665 [0]
363 729 [7]
530 567 [2]
416 679 [4]
510 580 [9]
353 747 [0]
369 724 [7]
430 671 [0]
503 598 [0]
455 641 [5]
519 578 [4]
387 707 [7]
357 745 [0]
412 690 [0]
506 591 [5]
430 665 [7]
480 622 [0]
441 656 [5]
462 633 [7]
310 793 [0]
461 643 [0]
471 633 [0]
474 630 [0]
348 749 [7]
531 566 [7]
307 798 [0]
506 599 [0]
385 718 [2]
473 624 [8]
457 644 [4]
350 753 [2]
431 675 [0]
444 662 [0]
508 598 [0]
397 702 [7]
367 732 [7]
304 796 [6]
392 715 [0]
366 741 [0]
459 643 [5]
406 701 [0]
461 646 [0]
470 637 [0]
313 789 [6]
411 694 [4]
374 731 [4]
413 697 [0]
493 615 [2]
445 666 [0]
455 651 [5]
412 700 [0]
514 598 [0]
423 682 [7]
491 614 [7]
475 630 [7]
518 595 [0]
461 652 [0]
418 691 [4]
415 699 [0]
365 742 [7]
550 564 [0]
376 731 [7]
319 789 [6]
548 566 [0]
414 698 [2]
372 740 [2]
436 678 [0]
450 659 [5]
345 766 [4]
546 562 [7]
382 734 [0]
479 637 [0]
460 651 [5]
402 714 [0]
435 682 [0]
558 559 [0]
414 696 [7]
453 665 [0]
554 564 [0]
356 756 [6]
521 590 [7]
351 768 [0]
364 750 [5]
481 631 [7]
511 609 [0]
384 736 [0]
349 771 [0]
436 684 [0]
505 615 [0]
370 743 [7]
405 711 [4]
537 583 [0]
410 707 [4]
471 643 [7]
454 663 [4]
372 742 [7]
323 792 [7]
325 798 [0]
412 708 [4]
461 664 [0]
508 617 [0]
326 793 [6]
534 586 [5]
422 704 [0]
548 578 [0]
554 572 [0]
340 780 [7]
560 567 [0]
425 699 [4]
364 765 [0]
545 584 [0]
330 792 [7]
326 797 [6]
495 635 [0]
504 622 [4]
363 760 [7]
391 740 [0]
456 676 [0]
384 749 [0]
532 601 [0]
511 623 [0]
527 607 [0]
371 759 [4]
338 792 [4]
491 643 [0]
333 797 [4]
372 763 [0]
391 744 [0]
479 656 [0]
378 750 [7]
543 592 [0]
519 617 [0]
498 633 [5]
351 778 [7]
516 616 [4]
524 612 [0]
380 757 [0]
436 701 [0]
362 773 [2]
367 771 [0]
507 631 [0]
369 762 [7]
556 580 [2]
369 770 [0]
453 686 [0]
521 614 [4]
556 585 [0]
565 576 [0]
564 572 [5]
479 663 [0]
388 755 [0]
503 640 [0]
380 759 [4]
533 608 [4]
436 705 [4]
338 798 [9]
427 714 [4]
449 697 [0]
489 657 [0]
464 682 [0]
549 590 [8]
532 608 [7]
472 668 [7]
539 608 [0]
441 707 [0]
494 654 [0]
570 578 [0]
500 646 [2]
506 634 [8]
411 734 [4]
406 743 [0]
495 647 [7]
495 654 [0]
476 666 [7]
464 680 [5]
395 750 [4]
399 751 [0]
446 704 [0]
540 610 [0]
561 587 [2]
442 701 [7]
426 717 [7]
531 620 [0]
491 660 [0]
569 582 [0]
517 627 [7]
574 577 [0]
424 723 [4]
400 742 [9]
515 637 [0]
558 594 [0]
559 587 [7]
430 716 [7]
380 769 [4]
369 785 [0]
534 620 [0]
562 592 [0]
415 734 [5]
444 705 [5]
370 780 [4]
436 719 [0]
563 592 [0]
504 647 [4]
401 750 [4]
385 771 [0]
413 741 [2]
510 642 [4]
409 748 [0]
536 616 [5]
533 622 [2]
429 729 [0]
561 597 [0]
503 655 [0]
436 718 [4]
496 658 [4]
479 678 [2]
363 789 [7]
375 785 [0]
535 625 [0]
559 601 [0]
500 653 [7]
533 624 [4]
576 585 [0]
573 589 [0]
383 772 [7]
468 692 [2]
436 722 [4]
578 580 [4]
424 734 [4]
485 678 [0]
517 646 [0]
476 680 [7]
446 714 [4]
362 795 [7]
556 609 [0]
456 702 [7]
425 739 [2]
516 646 [4]
542 622 [2]
501 663 [2]
493 674 [0]
514 653 [0]
453 707 [7]
465 697 [5]
551 612 [4]
517 645 [5]
572 596 [0]
383 781 [4]
535 629 [4]
570 591 [7]
557 610 [1]
520 649 [0]
393 777 [0]
458 712 [0]
474 696 [0]
499 671 [0]
581 589 [0]
514 657 [0]
388 777 [6]
373 795 [4]
485 687 [0]
410 763 [0]
423 750 [0]
424 749 [0]
516 655 [2]
379 795 [0]
485 689 [0]
557 617 [0]
457 712 [5]
434 741 [0]
571 604 [0]
377 791 [7]
405 771 [0]
542 634 [0]
393 776 [7]
490 683 [4]
429 744 [4]
518 660 [0]
557 614 [7]
411 768 [0]
497 682 [0]
544 635 [0]
535 645 [0]
427 749 [4]
379 794 [7]
405 770 [5]
429 748 [4]
544 638 [0]
584 598 [0]
587 595 [0]
419 758 [5]
583 592 [7]
544 639 [0]
421 757 [5]
572 610 [1]
500 677 [7]
421 758 [5]
404 773 [7]
392 793 [0]
469 716 [0]
562 623 [0]
528 655 [2]
401 780 [4]
475 711 [0]
390 789 [7]
508 679 [0]
408 780 [0]
431 757 [0]
530 651 [7]
451 730 [7]
569 613 [6]
564 618 [7]
456 729 [4]
431 759 [0]
506 684 [0]
538 652 [0]
410 773 [7]
443 748 [0]
446 745 [0]
483 708 [0]
536 655 [0]
390 794 [7]
420 772 [0]
404 781 [7]
509 679 [4]
498 690 [4]
570 615 [7]
442 751 [0]
505 688 [0]
484 702 [7]
531 662 [0]
439 755 [0]
442 752 [0]
490 704 [0]
493 701 [0]
513 682 [0]
416 775 [4]
551 644 [0]
444 744 [7]
486 704 [5]
550 646 [0]
419 769 [8]
550 639 [7]
570 626 [0]
511 681 [4]
428 768 [0]
500 693 [4]
566 631 [0]
475 717 [5]
526 673 [0]
482 715 [2]
503 689 [7]
499 693 [7]
547 648 [4]
516 684 [0]
568 632 [0]
576 617 [7]
596 599 [5]
454 747 [0]
553 648 [0]
522 675 [4]
520 681 [0]
436 761 [4]
545 650 [7]
469 726 [7]
456 747 [0]
594 609 [0]
600 603 [0]
563 640 [0]
445 756 [2]
561 643 [0]
562 635 [7]
401 799 [4]
466 739 [0]
438 760 [7]
513 692 [0]
551 649 [5]
590 615 [0]
582 623 [0]
417 782 [7]
548 653 [5]
511 696 [0]
512 695 [0]
455 753 [0]
519 685 [4]
409 794 [5]
445 764 [0]
555 654 [0]
435 775 [0]
502 708 [0]
417 794 [0]
604 607 [0]
490 716 [5]
573 639 [0]
557 655 [0]
425 783 [4]
471 736 [5]
597 615 [0]
525 688 [0]
435 774 [4]
532 674 [7]
563 643 [7]
543 665 [5]
479 731 [5]
524 684 [7]
466 750 [0]
427 785 [4]
595 622 [0]
599 618 [0]
548 664 [5]
469 743 [5]
510 700 [7]
597 621 [0]
593 626 [0]
499 713 [7]
552 667 [0]
525 689 [5]
501 714 [4]
550 669 [1]
571 643 [7]
478 739 [4]
463 757 [1]
549 673 [0]
478 737 [7]
544 679 [0]
600 623 [0]
428 796 [0]
489 735 [0]
504 716 [7]
506 714 [7]
465 759 [5]
487 735 [7]
594 636 [0]
507 723 [0]
536 694 [0]
426 797 [7]
568 661 [1]
432 798 [0]
533 693 [4]
500 731 [0]
613 618 [0]
610 614 [7]
553 677 [1]
494 738 [0]
593 635 [4]
587 646 [0]
599 634 [0]
427 799 [7]
515 714 [4]
509 725 [0]
551 683 [0]
505 724 [5]
463 767 [5]
450 779 [7]
448 784 [4]
584 648 [4]
509 724 [4]
482 756 [0]
442 796 [0]
505 728 [5]
590 643 [5]
574 664 [0]
594 637 [7]
563 670 [5]
468 763 [7]
518 721 [0]
593 646 [0]
466 766 [7]
538 694 [7]
566 672 [1]
586 653 [0]
520 720 [0]
545 695 [0]
551 689 [0]
473 762 [5]
485 755 [1]
454 788 [0]
522 713 [7]
498 737 [7]
470 767 [5]
489 752 [1]
483 754 [5]
614 625 [4]
467 777 [0]
517 727 [0]
567 677 [1]
617 628 [0]
578 662 [5]
469 769 [7]
473 767 [5]
590 650 [5]
580 661 [5]
453 794 [0]
575 672 [0]
604 643 [0]
622 625 [0]
516 727 [4]
454 789 [5]
445 797 [7]
469 773 [7]
452 798 [0]
552 693 [5]
538 713 [0]
550 696 [5]
621 630 [0]
472 780 [0]
576 671 [5]
508 745 [0]
533 721 [0]
490 759 [5]
608 647 [0]
570 681 [4]
475 781 [0]
527 730 [0]
597 660 [0]
545 714 [0]
586 673 [0]
599 660 [0]
597 661 [1]
602 658 [0]
559 696 [5]
498 757 [5]
581 676 [4]
505 757 [0]
585 677 [0]
473 790 [0]
504 754 [5]
541 722 [0]
479 785 [0]
620 639 [5]
536 729 [0]
581 684 [0]
590 675 [0]
626 632 [7]
493 774 [0]
550 717 [0]
630 637 [0]
611 652 [5]
546 722 [0]
482 779 [7]
585 684 [0]
589 680 [0]
619 649 [1]
552 718 [0]
488 783 [0]
542 725 [4]
480 786 [5]
572 700 [0]
584 688 [0]
609 663 [0]
564 709 [0]
480 792 [1]
600 666 [7]
496 778 [0]
518 756 [0]
609 666 [0]
495 773 [7]
487 783 [5]
516 760 [0]
549 727 [0]
588 690 [0]
612 663 [4]
503 769 [7]
583 691 [5]
524 757 [0]
508 772 [1]
532 744 [5]
560 721 [0]
492 785 [4]
601 675 [5]
575 707 [0]
567 710 [5]
595 686 [1]
524 759 [0]
590 693 [0]
603 681 [0]
563 722 [0]
524 755 [7]
588 698 [0]
635 652 [0]
604 676 [7]
526 763 [0]
532 757 [0]
579 710 [0]
584 699 [7]
630 659 [1]
625 666 [0]
530 754 [7]
539 747 [5]
593 692 [7]
509 779 [4]
518 769 [5]
587 701 [5]
498 791 [4]
550 737 [7]
591 703 [0]
599 696 [0]
578 718 [0]
599 697 [0]
630 666 [0]
514 783 [0]
536 761 [0]
495 797 [5]
608 684 [5]
607 691 [0]
556 739 [4]
594 704 [1]
540 756 [5]
526 770 [5]
557 746 [0]
577 726 [0]
579 724 [0]
651 652 [0]
618 685 [0]
564 739 [0]
551 753 [0]
601 703 [0]
625 676 [4]
622 684 [0]
627 679 [0]
520 781 [5]
538 764 [5]
578 730 [0]
567 741 [0]
646 662 [0]
574 731 [4]
584 720 [5]
641 669 [0]
566 739 [7]
620 692 [0]
530 776 [7]
553 753 [8]
549 764 [1]
627 689 [0]
605 712 [0]
633 683 [1]
517 796 [4]
573 739 [5]
558 754 [5]
598 720 [0]
645 675 [0]
615 704 [1]
533 788 [0]
537 777 [7]
532 785 [5]
651 671 [0]
635 681 [7]
600 718 [5]
634 690 [0]
536 784 [4]
639 686 [0]
655 670 [0]
550 770 [5]
572 752 [1]
538 791 [0]
631 690 [8]
555 770 [5]
650 680 [0]
543 788 [0]
595 736 [0]
662 669 [0]
617 709 [5]
658 674 [0]
582 751 [0]
620 712 [1]
628 706 [0]
620 714 [0]
622 712 [1]
626 704 [5]
642 688 [5]
627 703 [6]
664 671 [1]
610 726 [0]
613 719 [5]
541 795 [1]
622 716 [0]
597 736 [5]
614 719 [5]
547 792 [0]
616 723 [0]
579 752 [8]
569 771 [0]
549 792 [0]
665 676 [0]
643 697 [1]
545 791 [5]
602 740 [0]
624 718 [0]
618 725 [0]
576 768 [0]
601 737 [7]
631 715 [0]
555 787 [5]
562 782 [5]
613 731 [5]
629 721 [0]
630 720 [0]
579 763 [8]
603 748 [0]
667 678 [6]
625 727 [0]
564 783 [5]
565 782 [5]
558 790 [5]
563 785 [5]
616 738 [0]
637 719 [0]
594 757 [5]
590 762 [5]
672 685 [1]
586 773 [0]
650 709 [0]
588 772 [0]
639 717 [5]
613 744 [5]
648 715 [1]
590 774 [0]
670 694 [0]
587 778 [0]
574 787 [4]
624 741 [0]
654 711 [0]
604 762 [0]
591 775 [0]
580 784 [4]
636 732 [0]
581 786 [1]
634 737 [0]
628 742 [1]
591 781 [0]
673 699 [0]
673 692 [8]
623 751 [0]
658 716 [0]
610 760 [4]
645 729 [0]
575 795 [4]
606 769 [0]
637 738 [0]
607 762 [6]
684 691 [0]
681 688 [7]
661 715 [1]
618 758 [1]
671 707 [0]
624 754 [1]
655 725 [0]
610 766 [4]
620 760 [1]
593 785 [5]
655 722 [7]
607 777 [1]
596 790 [0]
609 778 [0]
647 740 [0]
600 788 [0]
658 730 [0]
680 703 [5]
691 692 [5]
648 735 [5]
654 734 [0]
690 699 [0]
674 715 [0]
643 746 [0]
626 756 [7]
639 751 [0]
635 756 [0]
646 747 [0]
653 740 [0]
647 745 [1]
683 708 [4]
689 707 [1]
632 765 [0]
656 742 [0]
635 761 [5]
688 714 [0]
623 780 [0]
682 720 [1]
656 749 [0]
667 738 [0]
699 705 [1]
618 789 [0]
629 779 [0]
682 727 [0]
657 753 [0]
681 726 [5]
681 733 [0]
630 783 [1]
624 789 [1]
705 708 [1]
684 732 [0]
625 793 [0]
698 721 [0]
674 744 [1]
632 779 [8]
702 717 [0]
635 783 [1]
638 783 [0]
673 740 [8]
702 718 [5]
678 743 [4]
632 790 [5]
644 784 [0]
713 716 [0]
672 758 [0]
711 720 [0]
709 723 [0]
700 733 [0]
677 751 [5]
635 795 [5]
642 794 [0]
665 772 [0]
711 726 [1]
664 776 [0]
677 764 [0]
664 774 [4]
655 782 [5]
685 757 [1]
691 752 [1]
688 759 [0]
702 738 [7]
716 732 [0]
713 735 [0]
668 781 [0]
717 733 [0]
685 765 [0]
670 782 [0]
707 745 [0]
678 770 [4]
710 743 [0]
721 727 [5]
694 760 [0]
677 778 [0]
668 794 [0]
705 757 [0]
694 767 [3]
712 751 [1]
709 755 [0]
682 782 [1]
711 755 [1]
733 735 [0]
701 767 [0]
707 760 [1]
722 747 [0]
731 740 [0]
674 797 [1]
681 786 [5]
719 753 [1]
694 780 [1]
722 752 [1]
703 773 [0]
719 758 [0]
710 760 [9]
732 747 [1]
706 775 [0]
691 787 [4]
689 795 [0]
697 788 [0]
707 778 [0]
727 761 [0]
692 795 [1]
743 747 [0]
715 776 [0]
729 765 [1]
740 751 [5]
742 753 [1]
748 749 [0]
710 780 [9]
706 794 [0]
724 777 [0]
727 775 [0]
734 767 [1]
736 766 [0]
709 793 [1]
699 798 [7]
730 776 [0]
738 769 [0]
744 766 [1]
728 785 [0]
716 793 [4]
752 761 [0]
738 782 [0]
740 780 [0]
748 774 [0]
753 769 [0]
756 767 [0]
733 794 [0]
763 766 [0]
736 799 [0]
739 796 [0]
743 793 [0]
754 786 [0]
755 787 [1]
772 777 [0]
771 782 [0]
751 799 [5]
771 785 [0]
767 791 [1]
764 797 [0]
781 786 [0]
764 798 [5]
773 790 [6]
786 791 [0]
789 792 [0]
783 798 [5]
795 797 [0]
