1000
8
500
0
1
2
3
4
5
6
7
8
9
10
12
20
45
78
277
605
719
775
937
910
852
972
413
553
664
106
119
165
473
804
178
240
335
349
383
570
710
777
332
638
338
866
109
141
214
233
318
334
411
839
427
441
957
645
784
794
803
880
437
744
469
626
858
809
989
975
706
746
763
805
898
58
228
246
284
530
687
807
969
402
31
118
552
867
918
997
883
47
125
962
151
164
461
505
554
701
555
641
823
559
870
83
101
215
463
583
688
841
376
446
121
130
166
684
851
819
879
953
616
740
967
848
490
576
635
649
995
875
447
13
14
16
17
59
904
96
198
257
449
575
667
930
699
561
981
27
28
35
53
82
189
621
643
623
758
207
377
390
693
979
431
726
752
146
428
479
515
986
528
659
683
822
845
873
503
655
737
864
38
56
87
108
398
129
131
225
890
571
887
640
974
272
329
343
409
420
472
491
902
508
760
859
712
790
980
162
236
950
977
358
535
865
702
724
939
110
128
135
256
305
556
585
892
696
565
572
679
723
806
882
243
832
952
136
767
169
186
202
258
399
933
993
542
998
439
589
971
518
810
830
827
265
538
886
598
536
588
611
633
133
370
965
205
354
750
671
876
50
64
75
86
98
102
116
123
161
861
227
279
493
311
567
319
372
594
614
742
139
158
229
533
566
685
941
948
293
584
716
925
768
273
321
325
445
546
978
791
104
264
755
365
622
935
477
481
547
893
627
751
91
175
204
262
521
847
260
442
607
909
270
155
314
654
167
313
467
976
176
187
210
217
261
298
544
299
389
835
394
785
885
595
776
76
103
344
353
426
488
700
478
531
757
524
666
600
625
630
681
170
290
732
903
40
142
568
877
63
24
143
306
386
450
590
603
938
781
869
416
355
360
606
901
574
157
378
406
739
239
271
715
808
891
959
15
18
137
232
268
296
300
705
927
558
889
906
970
868
320
504
721
942
404
968
30
124
212
340
695
274
453
492
213
316
899
862
52
183
292
307
619
915
983
499
963
615
920
21
26
43
203
230
242
385
397
539
985
854
248
465
831
250
285
932
251
269
412
788
680
400
408
772
81
673
741
921
49
61
72
199
263
348
414
482
519
802
596
722
302
438
569
917
68
115
156
310
675
362
395
916
134
160
218
770
800
850
69
70
138
276
345
631
434
462
936
647
931
286
582
747
765
668
946
717
73
132
185
226
494
511
452
780
907
874
275
817
369
419
709
150
923
425
195
312
815
224
294
359
367
738
982
474
545
833
422
573
579
945
418
451
22
29
32
41
171
676
799
620
77
326
454
476
529
637
280
323
926
429
464
856
42
85
127
154
295
403
423
562
821
955
961
919
209
244
381
495
663
704
734
836
211
220
231
853
537
557
665
720
648
761
289
373
629
66
197
201
644
787
878
678
415
351
812
460
657
914
39
74
433
520
534
541
92
112
181
222
247
686
996
330
580
990
814
223
496
387
838
97
111
140
347
498
506
617
564
182
237
527
849
145
333
929
352
900
396
599
516
999
424
602
610
728
729
991
44
94
249
550
748
928
632
753
60
88
122
206
405
964
577
281
512
532
624
786
587
783
346
911
526
672
733
840
855
771
798
99
177
191
736
636
179
356
417
639
480
764
793
940
905
507
769
828
430
563
148
152
252
513
283
401
912
958
646
196
444
486
652
308
388
456
795
25
34
84
184
391
884
193
208
235
331
105
149
601
661
703
730
826
984
987
973
254
287
301
843
238
304
745
364
443
393
743
994
470
484
54
192
382
612
713
896
163
234
324
656
689
824
120
168
371
543
628
797
11
23
57
62
174
221
259
560
662
459
754
79
80
100
113
188
267
357
392
522
825
549
924
818
834
895
421
435
540
863
960
468
114
172
682
266
650
669
871
337
551
779
816
846
190
282
692
735
820
988
888
291
634
731
144
153
375
36
48
55
180
245
303
618
947
339
90
147
159
466
711
219
241
278
944
317
384
440
677
691
789
436
489
342
951
956
368
502
509
592
766
670
698
253
658
510
578
778
756
200
651
782
216
255
363
707
966
366
374
604
458
725
749
857
593
773
796
872
37
315
46
126
327
432
497
860
894
613
881
660
586
642
792
19
65
89
95
328
336
949
801
954
350
525
548
708
913
697
33
51
93
288
653
407
471
591
714
813
897
762
837
107
194
361
483
727
774
829
844
934
380
448
694
117
297
523
581
597
718
908
759
842
341
410
457
485
608
514
674
992
475
922
173
309
322
379
609
517
943
811
501
67
71
455
487
690
0 1 [0]
1 2 [0]
1 3 [7]
2 3 [0]
0 4 [1]
0 5 [1]
1 4 [7]
2 5 [6]
1 5 [6]
3 4 [0]
2 4 [3]
1 7 [6]
2 6 [6]
1 6 [6]
0 2 [1]
0 7 [1]
2 7 [6]
3 6 [6]
0 3 [1]
4 5 [0]
0 10 [7]
2 8 [6]
3 7 [6]
1 8 [6]
5 6 [0]
5 7 [5]
5 8 [5]
6 7 [0]
0 14 [7]
0 11 [0]
0 8 [6]
3 5 [6]
2 13 [5]
5 10 [5]
6 9 [5]
4 6 [6]
0 9 [6]
7 8 [0]
2 9 [5]
1 15 [5]
2 14 [5]
2 11 [3]
5 11 [2]
1 9 [6]
6 10 [7]
3 11 [2]
6 11 [4]
0 17 [7]
8 9 [0]
2 10 [5]
4 8 [5]
3 8 [6]
4 11 [2]
4 7 [5]
4 9 [5]
3 9 [5]
1 10 [7]
6 8 [5]
4 15 [0]
9 10 [0]
5 14 [3]
4 10 [5]
8 10 [7]
8 11 [1]
2 12 [5]
9 11 [6]
7 10 [4]
5 15 [3]
7 9 [3]
1 19 [3]
2 18 [5]
5 9 [5]
1 12 [7]
0 13 [7]
4 12 [5]
9 12 [3]
5 13 [3]
1 13 [7]
2 15 [5]
2 20 [5]
3 19 [4]
0 22 [7]
10 12 [0]
1 14 [7]
7 12 [7]
7 11 [4]
5 12 [5]
0 16 [7]
8 12 [7]
8 15 [2]
9 14 [6]
8 14 [2]
6 15 [0]
6 12 [7]
8 13 [2]
2 19 [2]
8 16 [2]
7 15 [2]
1 16 [7]
1 18 [5]
5 16 [3]
10 13 [1]
1 24 [5]
2 23 [3]
4 18 [0]
2 16 [5]
10 14 [1]
1 17 [7]
7 18 [2]
5 17 [3]
9 16 [6]
3 23 [2]
2 24 [5]
10 16 [1]
2 17 [5]
0 23 [7]
0 19 [0]
6 13 [0]
6 18 [0]
8 17 [2]
9 18 [6]
2 22 [0]
7 19 [1]
5 22 [0]
4 19 [4]
7 13 [0]
1 21 [5]
8 18 [1]
8 19 [6]
13 14 [0]
10 18 [1]
9 17 [2]
4 21 [3]
0 21 [7]
1 22 [5]
7 14 [0]
1 20 [7]
9 13 [6]
8 21 [1]
2 27 [5]
4 22 [3]
6 19 [1]
1 25 [0]
4 20 [5]
10 17 [1]
4 23 [2]
6 21 [0]
10 15 [4]
6 23 [4]
5 21 [3]
7 23 [4]
1 29 [5]
2 28 [5]
7 20 [7]
5 25 [2]
2 25 [3]
6 22 [2]
7 21 [2]
9 15 [6]
5 20 [5]
14 16 [0]
0 24 [7]
8 22 [1]
6 20 [7]
4 25 [2]
9 23 [6]
8 24 [2]
1 26 [5]
0 25 [7]
9 20 [3]
12 20 [0]
8 23 [1]
5 24 [3]
0 26 [7]
2 31 [5]
4 26 [3]
14 17 [2]
7 26 [2]
16 17 [0]
9 24 [6]
15 18 [0]
8 26 [1]
1 33 [3]
0 34 [7]
5 26 [3]
8 25 [1]
5 29 [0]
9 19 [6]
2 29 [0]
0 29 [5]
11 23 [0]
0 27 [7]
1 27 [7]
5 27 [3]
8 27 [2]
10 21 [4]
10 24 [1]
0 28 [7]
0 33 [0]
10 22 [4]
1 28 [7]
4 32 [3]
4 29 [3]
5 28 [3]
1 30 [5]
13 16 [5]
7 25 [4]
10 26 [4]
10 20 [0]
9 21 [6]
2 35 [5]
5 32 [0]
2 30 [0]
6 29 [2]
9 22 [6]
0 32 [5]
8 29 [1]
1 31 [7]
13 24 [0]
1 32 [5]
5 33 [1]
5 30 [3]
8 28 [2]
6 30 [0]
6 33 [1]
8 30 [1]
7 30 [2]
8 31 [0]
10 25 [4]
10 27 [1]
10 29 [4]
5 31 [3]
2 34 [3]
2 33 [2]
1 39 [0]
0 40 [7]
3 33 [4]
6 31 [3]
13 27 [1]
6 32 [2]
3 37 [2]
5 35 [3]
4 34 [2]
9 25 [6]
7 33 [1]
2 36 [3]
10 28 [1]
1 40 [5]
5 36 [4]
7 31 [0]
5 34 [2]
9 26 [6]
8 33 [6]
3 36 [2]
2 37 [3]
8 32 [1]
8 34 [1]
9 33 [6]
4 31 [7]
14 27 [1]
4 36 [2]
14 24 [4]
4 39 [3]
0 43 [7]
1 42 [5]
5 38 [3]
1 35 [7]
9 34 [6]
0 44 [5]
8 36 [1]
0 39 [5]
12 31 [1]
10 30 [4]
10 34 [4]
0 37 [7]
10 35 [1]
1 44 [0]
4 41 [3]
9 30 [6]
6 39 [2]
7 37 [1]
8 35 [2]
7 34 [4]
0 38 [7]
4 37 [4]
14 28 [3]
5 41 [0]
6 36 [4]
10 32 [4]
8 37 [1]
0 41 [5]
1 41 [5]
5 42 [0]
8 39 [1]
21 26 [0]
2 38 [5]
16 27 [6]
11 36 [5]
2 42 [0]
6 37 [4]
5 39 [2]
7 36 [4]
2 40 [5]
9 31 [6]
0 42 [5]
1 47 [7]
4 44 [3]
8 40 [2]
8 38 [2]
0 46 [7]
9 39 [6]
5 44 [2]
2 47 [5]
6 41 [2]
16 28 [0]
2 44 [3]
1 43 [5]
10 38 [1]
15 30 [7]
2 46 [3]
6 44 [2]
6 42 [2]
8 41 [1]
4 43 [3]
14 35 [2]
8 42 [1]
9 36 [6]
3 48 [2]
0 51 [7]
22 29 [0]
5 43 [3]
10 40 [1]
14 38 [0]
9 37 [6]
2 50 [5]
2 48 [3]
7 45 [3]
7 43 [2]
2 45 [5]
8 44 [1]
8 43 [1]
10 42 [4]
6 47 [3]
11 37 [5]
10 39 [4]
1 45 [7]
6 48 [4]
0 54 [7]
7 46 [1]
3 51 [4]
5 49 [3]
4 48 [2]
22 32 [4]
7 47 [0]
4 45 [5]
4 46 [4]
9 45 [3]
2 53 [5]
1 51 [3]
5 46 [4]
10 41 [4]
1 49 [5]
27 28 [0]
9 40 [6]
8 46 [1]
10 45 [6]
5 51 [1]
4 49 [3]
0 49 [7]
16 35 [0]
6 45 [7]
6 46 [4]
9 48 [6]
8 48 [1]
2 55 [3]
6 49 [2]
10 43 [4]
2 51 [2]
0 50 [7]
5 48 [4]
5 53 [3]
8 50 [2]
1 54 [0]
4 47 [7]
14 40 [4]
7 49 [2]
3 55 [2]
10 44 [4]
5 50 [3]
9 49 [6]
1 50 [5]
8 49 [1]
4 55 [2]
0 59 [7]
16 38 [0]
12 45 [2]
2 54 [3]
7 51 [1]
10 47 [2]
7 48 [4]
5 54 [2]
25 34 [0]
13 40 [6]
4 52 [0]
2 52 [0]
1 59 [7]
2 58 [5]
0 60 [5]
6 52 [0]
8 51 [6]
12 47 [1]
8 52 [1]
5 52 [3]
9 51 [6]
16 40 [4]
2 59 [5]
4 57 [2]
1 53 [7]
9 46 [6]
8 53 [2]
29 32 [0]
7 52 [2]
22 39 [6]
10 50 [1]
10 52 [4]
7 55 [4]
8 54 [1]
8 47 [2]
2 57 [3]
11 46 [5]
3 57 [2]
9 47 [6]
6 57 [4]
0 63 [7]
5 58 [7]
0 56 [7]
28 35 [0]
8 55 [1]
2 62 [3]
0 64 [7]
13 50 [0]
5 55 [4]
10 54 [4]
21 43 [0]
0 57 [7]
4 60 [3]
1 58 [7]
5 59 [3]
6 58 [3]
2 63 [5]
0 65 [7]
2 56 [5]
10 53 [1]
2 60 [3]
1 64 [5]
3 62 [2]
7 54 [4]
5 60 [2]
7 58 [3]
8 57 [1]
20 45 [0]
27 38 [6]
2 64 [5]
10 56 [1]
8 56 [2]
1 60 [0]
15 52 [7]
1 61 [5]
4 58 [7]
27 35 [5]
0 67 [3]
22 41 [7]
9 52 [6]
7 57 [4]
10 58 [2]
1 67 [2]
0 68 [7]
6 60 [2]
4 62 [2]
4 61 [3]
0 61 [7]
0 62 [7]
8 60 [1]
0 69 [7]
26 43 [0]
5 61 [3]
9 54 [6]
7 62 [4]
8 59 [2]
6 61 [2]
1 63 [5]
2 65 [2]
9 55 [6]
21 49 [0]
28 38 [4]
9 61 [6]
14 56 [0]
9 59 [2]
7 61 [2]
5 63 [3]
8 62 [1]
0 66 [5]
22 42 [7]
1 65 [3]
1 71 [2]
1 66 [0]
4 67 [1]
6 66 [2]
3 65 [4]
7 65 [1]
5 64 [3]
9 57 [6]
0 71 [3]
16 50 [6]
5 67 [1]
10 63 [1]
22 44 [7]
2 67 [4]
6 67 [6]
14 59 [3]
8 63 [2]
32 41 [0]
4 65 [4]
4 66 [3]
8 64 [2]
3 71 [1]
8 65 [6]
12 58 [4]
5 66 [0]
1 68 [5]
16 53 [0]
1 69 [5]
5 70 [3]
6 69 [2]
16 59 [0]
7 67 [6]
8 66 [1]
4 68 [3]
9 60 [6]
1 70 [5]
0 76 [7]
6 70 [2]
17 59 [0]
5 68 [3]
3 67 [4]
9 68 [6]
7 68 [2]
8 68 [1]
16 56 [0]
5 69 [3]
9 62 [6]
6 71 [6]
29 42 [6]
7 70 [2]
0 70 [7]
2 71 [4]
5 71 [1]
8 70 [1]
1 72 [5]
13 64 [0]
7 69 [2]
8 69 [1]
1 78 [7]
9 70 [6]
0 74 [5]
20 58 [1]
1 73 [5]
25 54 [5]
0 72 [7]
4 72 [3]
7 71 [6]
5 75 [3]
0 80 [7]
1 74 [0]
2 78 [5]
9 65 [6]
10 66 [4]
7 73 [2]
5 72 [3]
10 70 [4]
0 73 [7]
23 57 [0]
6 72 [2]
5 74 [2]
4 77 [3]
6 73 [2]
14 63 [4]
4 74 [3]
27 50 [4]
1 75 [5]
8 74 [1]
3 79 [2]
28 53 [0]
9 67 [6]
4 78 [5]
1 76 [5]
0 75 [7]
6 74 [2]
22 60 [7]
0 77 [5]
2 75 [5]
13 63 [0]
8 73 [1]
9 74 [6]
27 56 [6]
10 69 [4]
16 63 [4]
1 77 [5]
36 48 [0]
19 65 [0]
5 76 [3]
33 51 [0]
9 69 [6]
6 78 [7]
28 56 [6]
5 77 [0]
8 71 [6]
0 85 [5]
6 79 [4]
4 79 [2]
8 75 [2]
27 53 [1]
9 71 [6]
0 86 [7]
1 85 [5]
0 79 [7]
2 84 [3]
5 81 [3]
7 79 [4]
8 76 [2]
4 80 [2]
16 64 [6]
8 77 [1]
9 72 [6]
10 76 [1]
2 85 [0]
10 73 [4]
1 86 [5]
5 82 [3]
8 79 [1]
22 66 [7]
35 53 [0]
21 61 [0]
4 84 [2]
7 78 [3]
9 73 [6]
0 81 [7]
4 81 [3]
5 84 [2]
2 87 [5]
8 81 [1]
8 80 [1]
9 80 [6]
5 85 [0]
2 88 [3]
6 80 [4]
1 82 [7]
9 78 [3]
7 81 [2]
23 62 [5]
36 55 [5]
1 83 [7]
0 84 [7]
8 83 [2]
0 89 [7]
7 80 [4]
11 80 [1]
11 79 [5]
27 64 [4]
10 77 [4]
5 83 [3]
2 82 [5]
16 76 [4]
6 83 [3]
0 92 [5]
3 89 [4]
1 89 [3]
4 88 [3]
9 83 [6]
12 78 [2]
8 82 [2]
3 90 [2]
6 85 [2]
2 86 [5]
21 73 [0]
4 90 [2]
1 93 [3]
2 90 [3]
1 88 [0]
5 86 [3]
4 83 [7]
9 79 [6]
0 87 [7]
21 69 [0]
8 85 [1]
38 56 [0]
5 88 [2]
1 94 [0]
13 76 [0]
2 93 [2]
10 83 [4]
10 81 [4]
21 68 [0]
7 84 [4]
7 89 [1]
0 96 [7]
9 81 [6]
3 93 [4]
14 76 [6]
12 83 [1]
8 86 [2]
4 92 [3]
6 90 [4]
6 88 [2]
10 87 [1]
8 89 [6]
1 91 [5]
4 89 [4]
8 88 [1]
8 87 [2]
7 83 [0]
16 75 [6]
8 90 [1]
0 98 [7]
3 95 [4]
1 95 [3]
2 91 [5]
0 91 [7]
1 92 [0]
10 84 [4]
5 93 [1]
16 82 [0]
9 89 [6]
0 94 [5]
21 72 [0]
9 90 [6]
9 84 [6]
2 94 [3]
5 92 [2]
5 91 [3]
2 98 [5]
6 92 [2]
0 93 [7]
5 96 [3]
9 92 [6]
14 87 [0]
29 66 [6]
7 93 [1]
4 94 [3]
20 78 [0]
5 94 [2]
6 89 [1]
7 90 [4]
0 102 [7]
8 93 [6]
1 101 [7]
7 95 [1]
22 74 [6]
8 94 [1]
6 94 [2]
23 79 [5]
9 88 [6]
0 103 [7]
8 95 [6]
23 80 [0]
1 97 [0]
48 55 [0]
4 95 [4]
1 99 [0]
4 100 [2]
13 91 [0]
4 97 [3]
5 99 [2]
5 97 [2]
2 99 [3]
8 96 [2]
0 99 [5]
1 96 [7]
9 96 [2]
2 96 [5]
4 99 [3]
6 97 [2]
27 75 [4]
22 77 [7]
8 97 [1]
5 98 [3]
10 92 [4]
10 96 [1]
0 107 [7]
5 102 [3]
7 100 [4]
22 85 [7]
6 99 [2]
6 95 [1]
27 76 [4]
9 99 [6]
8 99 [1]
10 94 [4]
5 103 [3]
8 98 [2]
7 101 [0]
21 81 [0]
16 86 [6]
19 89 [5]
16 87 [0]
25 84 [6]
8 100 [1]
5 101 [3]
2 102 [5]
2 105 [3]
9 95 [6]
4 106 [5]
1 104 [5]
5 105 [2]
49 61 [0]
6 100 [4]
10 97 [4]
1 107 [3]
4 105 [2]
2 104 [5]
4 101 [7]
0 112 [5]
2 110 [5]
5 104 [3]
11 100 [1]
8 102 [2]
9 97 [6]
0 105 [7]
5 107 [1]
6 106 [7]
7 105 [4]
16 96 [6]
1 106 [7]
7 106 [3]
26 81 [6]
10 101 [4]
39 74 [0]
2 106 [5]
16 91 [6]
17 96 [6]
29 77 [7]
2 107 [2]
8 103 [2]
28 82 [0]
16 98 [6]
19 95 [2]
50 64 [0]
27 82 [1]
8 104 [2]
3 107 [4]
8 105 [1]
10 103 [1]
10 105 [4]
4 111 [3]
0 115 [7]
6 109 [7]
7 107 [1]
9 100 [6]
32 77 [6]
0 108 [7]
7 109 [0]
5 111 [2]
2 109 [5]
9 101 [6]
8 108 [2]
9 107 [6]
8 107 [6]
8 101 [2]
5 112 [2]
4 113 [2]
12 101 [4]
0 110 [7]
27 86 [4]
2 108 [5]
1 111 [0]
22 88 [7]
12 106 [2]
8 110 [2]
49 68 [4]
9 109 [0]
4 109 [5]
34 84 [0]
1 118 [7]
2 117 [2]
4 115 [3]
10 109 [0]
57 62 [0]
6 111 [2]
4 112 [3]
6 114 [4]
1 119 [7]
27 87 [6]
22 92 [6]
5 115 [3]
6 112 [2]
10 108 [1]
0 117 [3]
29 85 [6]
8 111 [1]
35 82 [3]
10 110 [1]
7 114 [4]
9 112 [6]
1 115 [5]
14 108 [0]
10 106 [0]
13 103 [0]
8 113 [1]
8 114 [1]
10 112 [4]
22 99 [7]
27 91 [4]
2 116 [5]
4 119 [5]
9 114 [6]
23 100 [0]
16 103 [6]
45 78 [0]
5 117 [1]
14 103 [6]
8 115 [1]
4 120 [2]
8 116 [2]
5 116 [3]
1 120 [0]
7 113 [4]
16 102 [6]
38 87 [2]
4 121 [7]
5 120 [2]
22 97 [7]
7 117 [1]
10 111 [4]
7 118 [3]
2 118 [5]
2 120 [3]
12 109 [2]
11 113 [1]
3 117 [4]
4 122 [3]
36 90 [5]
49 72 [0]
9 111 [6]
16 104 [6]
2 119 [5]
5 118 [3]
9 117 [6]
16 110 [6]
42 85 [0]
2 122 [3]
20 106 [1]
6 118 [3]
7 120 [4]
0 120 [7]
8 120 [1]
7 121 [0]
6 122 [2]
9 113 [6]
1 122 [0]
27 102 [4]
8 121 [2]
2 127 [0]
7 119 [3]
5 122 [2]
5 124 [3]
10 119 [0]
27 98 [4]
50 75 [4]
1 121 [7]
16 108 [0]
6 124 [0]
8 122 [1]
2 123 [5]
6 120 [4]
10 120 [4]
11 114 [5]
6 119 [7]
20 109 [1]
1 124 [5]
9 115 [6]
2 126 [3]
6 121 [3]
0 123 [7]
2 124 [0]
9 122 [6]
39 92 [7]
12 118 [1]
1 125 [7]
8 117 [6]
5 123 [3]
33 93 [4]
0 127 [5]
2 125 [5]
8 125 [2]
8 124 [1]
6 127 [2]
8 118 [0]
7 124 [2]
12 119 [2]
1 127 [5]
3 126 [2]
9 118 [2]
61 72 [0]
8 123 [2]
0 126 [7]
4 130 [7]
22 112 [6]
4 126 [4]
7 126 [1]
6 125 [3]
27 103 [4]
2 133 [5]
0 135 [7]
0 128 [7]
25 105 [5]
10 121 [4]
5 126 [4]
8 126 [1]
8 127 [1]
27 104 [4]
5 127 [0]
27 108 [6]
53 82 [0]
50 86 [2]
0 136 [7]
23 113 [0]
9 121 [6]
4 125 [7]
0 129 [7]
6 126 [4]
11 126 [5]
27 110 [6]
12 121 [1]
44 94 [0]
16 116 [6]
1 137 [5]
5 133 [3]
1 130 [7]
8 128 [2]
2 129 [5]
34 105 [1]
0 139 [7]
0 132 [7]
7 125 [0]
69 70 [0]
9 124 [6]
10 129 [1]
8 129 [2]
6 130 [3]
10 128 [1]
64 75 [0]
2 131 [5]
9 125 [6]
0 133 [7]
6 132 [2]
1 134 [5]
4 137 [0]
8 132 [1]
48 90 [7]
8 131 [2]
12 125 [4]
0 134 [7]
7 132 [2]
8 134 [1]
5 134 [3]
50 91 [0]
21 115 [0]
23 114 [0]
10 130 [4]
28 110 [4]
5 138 [3]
6 137 [0]
8 135 [2]
14 129 [0]
10 131 [1]
39 97 [7]
7 134 [2]
15 124 [7]
56 87 [0]
69 73 [0]
20 119 [0]
8 133 [2]
2 136 [5]
5 139 [3]
8 136 [2]
7 130 [0]
22 122 [7]
1 138 [5]
51 93 [0]
7 138 [2]
16 129 [0]
16 123 [6]
8 130 [2]
9 130 [6]
0 138 [7]
7 137 [2]
9 137 [6]
2 139 [5]
1 140 [0]
10 135 [1]
8 137 [1]
10 132 [4]
6 138 [2]
1 146 [7]
6 141 [7]
8 139 [2]
10 136 [1]
8 138 [1]
5 140 [2]
10 137 [1]
9 132 [6]
14 128 [0]
27 116 [4]
0 148 [5]
6 140 [2]
60 88 [0]
2 146 [5]
7 141 [3]
2 141 [5]
38 110 [4]
14 133 [0]
31 118 [0]
1 148 [0]
14 135 [0]
1 143 [5]
0 142 [7]
9 134 [6]
8 140 [1]
2 142 [5]
38 108 [2]
0 150 [7]
33 117 [0]
14 131 [0]
5 145 [2]
16 128 [6]
9 141 [6]
4 144 [2]
2 143 [5]
10 141 [2]
50 98 [4]
0 144 [7]
2 147 [2]
5 143 [3]
1 145 [0]
10 142 [1]
16 136 [6]
1 151 [7]
8 143 [2]
15 137 [6]
8 142 [2]
10 138 [4]
4 145 [3]
3 147 [2]
50 102 [4]
16 131 [6]
8 144 [1]
2 148 [3]
4 147 [2]
0 154 [5]
2 152 [3]
7 147 [4]
10 143 [1]
27 123 [4]
9 145 [6]
8 145 [1]
30 124 [0]
2 149 [3]
6 144 [4]
10 140 [4]
4 148 [3]
1 154 [5]
0 155 [7]
9 140 [6]
8 147 [1]
18 137 [0]
4 149 [2]
45 106 [4]
13 142 [0]
7 144 [4]
16 139 [6]
21 134 [0]
12 141 [2]
16 133 [6]
64 91 [1]
0 156 [7]
8 146 [2]
1 150 [5]
1 152 [0]
14 142 [4]
5 149 [2]
6 150 [2]
6 148 [2]
29 127 [6]
39 111 [7]
0 157 [7]
10 146 [1]
9 142 [6]
21 132 [0]
8 149 [1]
9 148 [6]
6 147 [4]
14 143 [4]
8 148 [1]
0 158 [7]
6 152 [2]
4 152 [3]
10 148 [4]
45 109 [6]
5 150 [3]
39 112 [7]
2 151 [5]
51 107 [5]
9 143 [6]
9 144 [6]
8 150 [1]
6 153 [4]
10 149 [4]
2 154 [0]
10 145 [4]
79 80 [0]
4 153 [2]
7 150 [2]
4 156 [3]
2 158 [5]
9 151 [6]
28 128 [4]
11 144 [5]
7 149 [4]
8 153 [1]
1 155 [5]
75 86 [0]
27 128 [6]
8 152 [1]
50 104 [0]
4 151 [7]
13 143 [6]
6 154 [2]
5 154 [0]
9 153 [6]
16 142 [4]
16 146 [1]
20 141 [1]
1 156 [5]
12 151 [4]
27 136 [4]
28 135 [4]
1 157 [5]
5 155 [3]
5 156 [3]
1 163 [0]
10 150 [4]
28 136 [4]
28 133 [4]
27 133 [4]
2 157 [5]
6 151 [3]
7 153 [4]
3 159 [2]
8 157 [2]
1 164 [7]
5 160 [3]
4 159 [2]
8 155 [2]
9 150 [6]
7 151 [3]
49 115 [1]
5 157 [3]
7 157 [0]
27 139 [4]
5 158 [3]
10 152 [4]
8 151 [2]
10 157 [1]
0 167 [7]
7 160 [2]
0 160 [7]
38 128 [4]
38 129 [2]
9 152 [6]
56 110 [3]
24 143 [0]
4 164 [7]
5 163 [2]
8 159 [1]
8 158 [2]
27 135 [6]
2 163 [3]
0 161 [7]
4 163 [2]
4 165 [5]
50 116 [4]
2 167 [5]
8 161 [2]
0 162 [7]
64 104 [1]
38 131 [2]
11 153 [5]
6 159 [4]
5 161 [3]
8 160 [1]
13 157 [0]
0 170 [7]
4 166 [7]
51 117 [5]
8 162 [2]
7 159 [4]
22 148 [7]
0 163 [7]
2 169 [5]
1 165 [7]
9 156 [6]
2 164 [5]
2 170 [5]
1 166 [7]
47 125 [0]
1 168 [0]
2 165 [5]
42 127 [3]
0 173 [3]
2 168 [3]
22 152 [7]
1 173 [2]
38 133 [3]
4 168 [2]
22 145 [7]
13 155 [0]
7 163 [4]
28 146 [6]
27 146 [1]
38 136 [4]
10 162 [1]
5 167 [3]
0 175 [7]
9 160 [6]
7 165 [3]
5 168 [2]
4 171 [3]
8 167 [2]
6 166 [3]
14 157 [4]
8 166 [2]
2 174 [3]
6 165 [7]
8 168 [1]
1 170 [5]
12 164 [1]
0 169 [7]
14 162 [0]
0 171 [5]
2 175 [5]
16 155 [6]
12 165 [2]
16 161 [6]
1 171 [5]
38 135 [4]
10 163 [4]
9 163 [6]
10 166 [4]
7 164 [0]
5 170 [3]
6 168 [4]
9 164 [6]
8 169 [2]
76 103 [0]
39 140 [7]
7 168 [4]
8 164 [2]
3 174 [2]
2 173 [2]
5 171 [0]
25 149 [5]
75 104 [1]
75 98 [0]
50 123 [7]
10 169 [1]
7 173 [6]
10 170 [1]
7 166 [0]
8 171 [1]
80 100 [0]
9 166 [6]
0 181 [5]
4 177 [3]
1 177 [0]
10 171 [4]
0 174 [7]
8 172 [1]
40 142 [0]
9 173 [6]
6 172 [4]
0 177 [5]
27 155 [4]
3 173 [4]
1 176 [5]
10 168 [4]
2 177 [3]
14 169 [0]
4 179 [3]
68 115 [0]
2 176 [5]
5 175 [3]
0 176 [7]
21 156 [0]
36 147 [5]
1 179 [0]
7 172 [4]
8 174 [1]
1 183 [5]
5 177 [2]
5 173 [1]
75 102 [7]
89 95 [0]
6 174 [4]
2 179 [3]
16 162 [6]
86 98 [0]
39 145 [7]
34 149 [0]
83 101 [0]
5 176 [3]
0 179 [5]
2 183 [0]
8 177 [1]
21 160 [0]
6 177 [2]
2 178 [5]
79 100 [5]
3 180 [2]
20 165 [1]
7 174 [4]
2 184 [3]
5 181 [2]
16 170 [4]
8 176 [2]
13 167 [0]
4 180 [2]
56 131 [4]
5 182 [2]
0 187 [7]
6 179 [2]
56 128 [3]
6 178 [7]
4 183 [0]
6 181 [2]
49 134 [4]
4 178 [5]
7 180 [4]
35 146 [6]
56 129 [4]
8 179 [1]
27 161 [4]
2 186 [5]
11 172 [5]
5 183 [3]
7 178 [3]
1 182 [0]
14 170 [4]
4 181 [3]
50 139 [0]
5 184 [2]
27 158 [4]
16 167 [6]
5 180 [4]
4 182 [3]
9 180 [6]
8 180 [1]
13 170 [6]
29 154 [6]
9 174 [6]
6 182 [2]
4 184 [2]
16 169 [6]
8 182 [1]
8 183 [1]
10 181 [4]
0 184 [7]
79 113 [2]
0 192 [7]
9 177 [6]
7 183 [2]
4 188 [2]
45 141 [6]
10 182 [4]
16 176 [6]
0 185 [7]
12 178 [2]
22 171 [4]
0 193 [7]
0 186 [7]
75 116 [7]
6 185 [2]
25 163 [5]
1 187 [5]
8 186 [2]
4 190 [2]
5 189 [3]
2 187 [5]
13 175 [0]
9 179 [6]
56 135 [3]
7 185 [2]
23 172 [5]
1 194 [3]
4 191 [3]
8 187 [2]
1 191 [0]
87 108 [0]
13 176 [0]
27 162 [6]
10 178 [0]
56 136 [3]
7 184 [4]
5 187 [3]
1 195 [5]
2 194 [2]
6 190 [4]
1 192 [0]
2 191 [3]
0 191 [5]
9 181 [6]
9 182 [6]
0 197 [5]
2 192 [3]
80 114 [3]
1 189 [7]
23 174 [5]
80 113 [2]
4 193 [2]
10 183 [4]
16 175 [6]
8 189 [2]
9 188 [6]
8 188 [1]
48 147 [7]
8 190 [1]
2 193 [3]
2 189 [5]
9 183 [6]
27 167 [4]
79 114 [5]
4 195 [3]
5 194 [1]
20 178 [1]
42 154 [3]
47 151 [1]
6 191 [2]
9 184 [6]
5 192 [2]
11 188 [1]
7 188 [4]
53 146 [4]
10 185 [4]
4 196 [2]
38 162 [4]
98 102 [0]
9 185 [6]
8 191 [1]
36 159 [5]
1 196 [0]
8 192 [1]
6 195 [2]
7 194 [1]
3 194 [4]
2 196 [3]
7 190 [4]
27 170 [4]
69 132 [0]
28 169 [4]
0 194 [7]
2 200 [3]
0 202 [7]
1 201 [0]
68 134 [2]
16 186 [6]
1 197 [0]
7 192 [4]
5 195 [3]
8 194 [6]
92 112 [0]
7 195 [2]
83 121 [5]
7 193 [4]
6 196 [2]
8 195 [1]
5 197 [0]
0 205 [7]
1 199 [5]
8 196 [1]
9 196 [6]
14 186 [0]
9 190 [6]
15 183 [7]
3 200 [2]
0 198 [7]
75 123 [7]
50 155 [0]
6 197 [2]
73 132 [0]
10 192 [4]
13 187 [0]
8 197 [1]
9 191 [6]
5 198 [3]
0 201 [5]
1 198 [7]
27 175 [4]
32 171 [6]
4 199 [3]
49 156 [1]
11 190 [5]
0 199 [7]
2 205 [5]
1 206 [0]
6 199 [2]
10 193 [4]
2 198 [5]
27 176 [4]
1 207 [7]
2 206 [3]
33 173 [0]
8 198 [2]
5 203 [3]
5 201 [0]
9 193 [6]
7 200 [1]
7 199 [2]
70 138 [0]
97 111 [0]
22 179 [7]
10 198 [1]
50 158 [0]
4 200 [4]
0 209 [5]
8 201 [1]
5 204 [3]
10 195 [4]
69 138 [4]
6 201 [2]
16 187 [6]
9 200 [6]
1 203 [5]
25 184 [5]
9 194 [6]
22 181 [6]
8 200 [1]
49 160 [4]
5 200 [4]
5 205 [3]
2 208 [3]
0 210 [7]
21 185 [0]
6 200 [4]
16 189 [0]
4 203 [3]
1 209 [5]
4 206 [3]
9 195 [6]
7 203 [2]
10 196 [4]
48 159 [7]
38 169 [4]
8 202 [2]
88 122 [0]
0 203 [7]
50 161 [7]
0 204 [7]
10 197 [4]
14 198 [1]
4 208 [2]
6 206 [2]
8 203 [1]
47 164 [1]
85 127 [0]
41 171 [0]
23 188 [0]
5 208 [2]
10 203 [4]
5 206 [2]
100 113 [0]
100 114 [7]
2 212 [0]
9 199 [6]
83 130 [5]
75 139 [0]
98 116 [3]
2 209 [0]
17 198 [4]
5 210 [3]
10 201 [4]
8 205 [2]
8 206 [1]
27 189 [1]
87 129 [3]
10 205 [1]
5 209 [0]
2 207 [5]
2 211 [0]
0 211 [5]
2 210 [5]
14 202 [0]
6 211 [2]
28 189 [7]
8 207 [2]
27 186 [4]
6 209 [2]
102 116 [0]
1 217 [5]
50 167 [1]
6 212 [0]
28 186 [4]
1 212 [5]
22 197 [7]
7 208 [4]
5 211 [0]
6 213 [0]
7 212 [2]
1 213 [5]
16 198 [6]
21 199 [0]
2 216 [3]
0 220 [5]
4 216 [4]
21 195 [0]
8 211 [1]
64 155 [1]
34 184 [5]
8 212 [1]
8 210 [2]
16 204 [6]
25 193 [5]
5 216 [4]
39 182 [7]
87 131 [4]
2 214 [5]
36 180 [5]
5 213 [3]
9 206 [6]
56 162 [3]
7 213 [2]
69 150 [0]
8 213 [1]
10 208 [4]
25 192 [5]
9 214 [6]
8 215 [2]
6 214 [7]
22 201 [7]
13 204 [0]
2 219 [3]
7 216 [1]
5 215 [3]
1 215 [7]
9 208 [6]
3 219 [2]
21 203 [7]
16 202 [6]
14 205 [0]
2 217 [5]
0 221 [7]
7 214 [3]
80 144 [3]
0 217 [7]
7 218 [2]
4 218 [3]
9 216 [6]
8 217 [2]
22 196 [7]
10 215 [4]
8 216 [1]
56 169 [3]
0 218 [7]
2 220 [0]
4 219 [2]
5 217 [3]
106 119 [0]
102 123 [0]
16 210 [6]
0 226 [7]
6 216 [4]
79 144 [3]
29 197 [6]
4 215 [7]
2 221 [3]
3 221 [2]
5 218 [3]
5 220 [0]
2 225 [5]
16 205 [6]
38 186 [4]
68 156 [4]
10 213 [4]
9 212 [6]
8 218 [1]
8 219 [1]
39 181 [7]
34 193 [1]
68 160 [2]
5 223 [2]
9 213 [6]
6 222 [2]
6 220 [2]
0 223 [5]
16 207 [0]
48 180 [0]
0 229 [7]
13 210 [0]
5 224 [0]
8 220 [1]
5 222 [2]
6 219 [4]
4 222 [3]
51 173 [5]
7 215 [0]
9 221 [6]
28 202 [4]
1 224 [5]
7 219 [4]
10 214 [6]
4 223 [3]
1 230 [5]
6 221 [4]
7 224 [2]
9 222 [6]
0 224 [7]
27 204 [4]
57 174 [0]
64 167 [1]
4 224 [3]
15 212 [7]
12 215 [1]
10 222 [4]
4 228 [7]
5 227 [3]
6 224 [2]
6 226 [2]
8 224 [1]
7 221 [4]
79 153 [3]
15 213 [7]
11 216 [0]
50 175 [0]
80 153 [3]
27 202 [4]
22 211 [7]
9 218 [6]
6 228 [3]
10 224 [4]
0 227 [7]
1 228 [7]
8 227 [2]
1 234 [0]
27 207 [1]
5 230 [3]
2 228 [5]
10 225 [1]
7 226 [2]
8 225 [2]
20 214 [1]
55 180 [0]
75 161 [6]
28 207 [0]
4 232 [0]
13 217 [0]
5 228 [7]
2 229 [5]
36 200 [5]
28 205 [3]
0 231 [5]
2 231 [0]
4 230 [3]
2 235 [3]
8 229 [2]
90 147 [0]
0 230 [7]
10 223 [4]
5 229 [3]
22 209 [7]
1 237 [0]
0 238 [7]
98 139 [1]
9 223 [6]
75 158 [0]
6 232 [0]
1 232 [5]
29 209 [6]
97 140 [6]
5 231 [0]
25 208 [5]
7 232 [2]
64 175 [1]
0 239 [7]
6 233 [7]
16 217 [6]
7 230 [2]
64 176 [1]
1 239 [5]
10 228 [2]
2 233 [5]
10 230 [4]
85 154 [7]
8 231 [1]
10 226 [4]
4 234 [2]
7 234 [4]
9 226 [6]
8 232 [2]
4 235 [2]
0 234 [7]
5 234 [2]
5 237 [2]
2 240 [5]
56 186 [3]
5 235 [2]
22 220 [7]
9 234 [6]
0 243 [7]
2 241 [3]
38 205 [3]
21 218 [0]
2 236 [5]
0 236 [7]
38 202 [3]
2 238 [3]
34 208 [1]
8 234 [1]
7 233 [3]
12 228 [4]
3 241 [2]
4 238 [2]
10 234 [4]
14 225 [0]
4 237 [3]
22 222 [6]
23 221 [5]
10 235 [4]
6 237 [2]
5 238 [2]
30 212 [2]
8 238 [1]
2 244 [0]
6 240 [7]
16 225 [6]
8 237 [1]
29 211 [6]
10 236 [1]
8 236 [2]
54 192 [0]
43 203 [0]
2 239 [5]
15 232 [6]
97 145 [5]
4 241 [2]
9 232 [6]
8 239 [2]
0 248 [7]
35 207 [6]
1 242 [5]
2 246 [5]
53 189 [6]
3 245 [2]
49 199 [4]
7 239 [0]
4 240 [5]
21 224 [0]
10 233 [2]
5 244 [0]
20 228 [1]
0 244 [5]
8 241 [1]
87 162 [3]
4 242 [3]
0 242 [7]
16 227 [6]
9 233 [6]
18 232 [3]
109 141 [0]
9 235 [6]
1 244 [5]
4 246 [7]
90 159 [3]
30 213 [4]
5 242 [3]
7 240 [3]
1 250 [5]
6 241 [4]
7 242 [2]
2 249 [3]
8 243 [2]
4 245 [2]
111 140 [0]
21 230 [0]
121 130 [0]
22 223 [6]
64 187 [1]
79 172 [5]
10 237 [4]
7 241 [4]
1 246 [7]
5 247 [2]
6 244 [2]
16 236 [6]
10 238 [4]
1 252 [0]
7 246 [3]
8 245 [1]
10 243 [1]
22 231 [7]
9 238 [6]
10 239 [1]
69 185 [0]
9 239 [6]
9 245 [6]
12 240 [2]
105 149 [0]
50 204 [0]
5 246 [7]
20 233 [1]
0 249 [5]
1 248 [5]
2 253 [3]
4 251 [3]
36 216 [7]
4 248 [3]
6 247 [2]
1 249 [0]
6 246 [3]
42 209 [7]
80 172 [3]
14 236 [0]
2 254 [3]
27 229 [4]
13 239 [4]
4 249 [3]
5 249 [2]
7 245 [4]
10 242 [4]
7 250 [2]
10 247 [4]
0 250 [7]
0 257 [7]
2 255 [3]
6 249 [2]
42 211 [3]
2 252 [3]
7 248 [2]
8 248 [1]
10 240 [0]
1 251 [5]
14 239 [4]
98 158 [1]
1 257 [7]
0 258 [7]
5 250 [3]
4 252 [3]
73 185 [3]
0 251 [7]
27 227 [4]
8 251 [1]
2 257 [5]
5 254 [2]
4 253 [2]
16 243 [6]
8 250 [1]
5 251 [3]
4 254 [2]
6 252 [2]
8 252 [1]
36 219 [5]
61 199 [4]
129 131 [0]
98 161 [1]
25 235 [5]
53 207 [6]
20 240 [1]
0 254 [7]
7 253 [1]
0 261 [7]
6 255 [4]
10 251 [4]
56 202 [3]
9 247 [6]
1 261 [5]
42 220 [1]
3 259 [2]
8 253 [1]
10 248 [4]
8 254 [1]
39 223 [7]
14 243 [0]
9 253 [6]
12 246 [4]
7 255 [1]
10 249 [4]
2 261 [5]
4 255 [4]
6 253 [4]
25 238 [5]
0 256 [7]
66 197 [0]
128 135 [0]
8 256 [2]
102 161 [1]
5 255 [4]
2 259 [3]
25 234 [5]
10 250 [4]
8 255 [1]
1 264 [5]
5 260 [3]
45 214 [6]
5 257 [3]
7 254 [4]
21 242 [0]
7 259 [4]
29 231 [6]
1 260 [5]
0 259 [7]
10 252 [4]
91 175 [0]
10 257 [1]
4 263 [3]
48 219 [7]
20 246 [1]
66 201 [1]
79 188 [2]
0 260 [7]
2 260 [5]
10 256 [1]
38 225 [2]
9 252 [6]
9 259 [6]
64 204 [1]
84 184 [0]
10 254 [4]
8 258 [2]
39 222 [7]
1 263 [5]
0 269 [7]
5 261 [3]
0 262 [7]
6 259 [4]
8 261 [2]
34 235 [1]
27 236 [6]
1 269 [5]
80 190 [3]
22 247 [6]
5 262 [3]
21 248 [0]
1 270 [5]
14 257 [1]
115 156 [0]
21 250 [0]
2 264 [5]
11 255 [0]
82 189 [0]
6 263 [2]
106 165 [1]
7 263 [2]
1 271 [5]
8 264 [2]
5 264 [3]
9 263 [6]
0 265 [7]
21 251 [0]
79 190 [7]
2 265 [5]
16 257 [6]
4 269 [3]
0 273 [7]
34 238 [0]
13 260 [6]
4 267 [2]
6 268 [0]
2 272 [5]
5 269 [3]
1 268 [5]
42 231 [1]
13 261 [0]
43 230 [0]
27 243 [4]
49 218 [4]
8 267 [1]
64 210 [1]
100 172 [7]
8 265 [2]
4 268 [0]
14 256 [0]
8 266 [1]
9 266 [6]
1 275 [5]
16 260 [6]
99 177 [0]
6 271 [0]
1 276 [5]
8 268 [1]
0 270 [7]
14 258 [0]
9 268 [6]
7 266 [4]
7 268 [2]
50 227 [7]
2 270 [5]
84 193 [0]
0 271 [7]
7 269 [2]
17 257 [4]
7 271 [0]
38 236 [4]
7 267 [4]
8 269 [1]
2 271 [5]
14 265 [0]
1 273 [5]
29 244 [6]
0 272 [7]
5 271 [3]
6 274 [0]
8 272 [2]
16 264 [6]
2 273 [5]
8 271 [2]
1 274 [5]
6 275 [2]
16 265 [6]
22 252 [7]
127 154 [0]
3 278 [2]
5 273 [3]
13 262 [0]
57 221 [0]
10 272 [1]
1 281 [0]
2 278 [3]
4 278 [2]
7 275 [2]
23 259 [5]
64 217 [1]
5 274 [3]
99 179 [4]
9 267 [6]
0 275 [7]
11 266 [5]
0 276 [7]
39 237 [7]
16 261 [6]
7 274 [2]
8 273 [2]
8 274 [1]
5 279 [3]
16 262 [6]
38 243 [4]
4 280 [3]
45 233 [6]
6 278 [4]
5 276 [3]
119 165 [0]
6 276 [2]
56 225 [4]
8 275 [1]
2 277 [5]
2 283 [3]
4 281 [3]
0 280 [5]
9 276 [6]
10 275 [4]
43 242 [0]
106 178 [4]
7 276 [2]
14 272 [0]
2 284 [5]
68 218 [2]
9 271 [6]
4 282 [2]
28 258 [4]
0 279 [7]
58 228 [0]
36 245 [5]
42 244 [7]
114 172 [0]
4 277 [5]
1 280 [5]
2 281 [3]
9 277 [3]
0 287 [7]
6 281 [2]
27 260 [4]
121 166 [0]
7 277 [3]
1 283 [0]
8 280 [1]
16 272 [6]
120 168 [0]
13 271 [4]
28 256 [4]
6 277 [7]
6 280 [2]
8 279 [2]
100 188 [4]
2 287 [3]
18 268 [3]
9 274 [6]
34 254 [0]
8 281 [1]
27 258 [4]
13 270 [0]
7 278 [4]
12 277 [2]
1 284 [7]
5 285 [3]
0 290 [7]
99 191 [7]
21 263 [0]
10 280 [4]
9 275 [6]
10 276 [4]
27 264 [4]
2 289 [0]
1 285 [5]
3 288 [4]
21 269 [0]
6 283 [2]
8 282 [1]
8 283 [1]
27 265 [4]
48 241 [7]
27 261 [4]
84 208 [0]
0 285 [7]
6 282 [4]
5 284 [7]
36 253 [0]
1 286 [5]
16 270 [6]
1 288 [3]
6 284 [3]
0 286 [7]
0 293 [7]
8 285 [1]
39 247 [7]
112 181 [0]
82 207 [4]
15 274 [7]
10 283 [4]
11 282 [5]
7 282 [4]
134 160 [0]
0 294 [7]
36 255 [5]
0 289 [5]
5 286 [3]
6 286 [2]
5 287 [2]
2 292 [0]
7 287 [4]
7 284 [3]
2 288 [2]
38 256 [4]
23 266 [0]
44 249 [1]
43 251 [6]
6 289 [2]
8 286 [1]
1 289 [0]
7 286 [2]
5 290 [3]
69 226 [0]
85 209 [4]
130 166 [0]
1 295 [5]
5 289 [0]
9 281 [6]
7 288 [1]
91 204 [2]
10 284 [2]
8 287 [1]
43 248 [1]
1 290 [5]
119 178 [6]
23 267 [0]
144 153 [0]
28 265 [4]
139 158 [0]
9 282 [6]
5 292 [3]
4 291 [2]
8 288 [6]
2 290 [5]
48 245 [0]
85 211 [1]
27 270 [4]
100 190 [7]
8 289 [1]
88 206 [1]
1 292 [5]
111 182 [5]
43 250 [1]
9 283 [6]
0 299 [7]
5 288 [1]
7 292 [2]
10 289 [4]
38 258 [3]
10 285 [4]
4 296 [0]
1 299 [5]
3 297 [4]
6 294 [2]
10 286 [4]
2 295 [0]
148 152 [0]
8 290 [2]
9 284 [6]
10 290 [1]
27 273 [4]
8 291 [1]
55 245 [7]
2 293 [5]
12 284 [4]
1 294 [5]
6 291 [4]
4 294 [3]
48 253 [7]
107 194 [0]
10 287 [4]
83 215 [1]
8 292 [1]
113 188 [0]
5 293 [3]
75 227 [0]
5 297 [1]
22 280 [7]
0 295 [5]
7 291 [4]
5 294 [0]
56 243 [3]
1 296 [5]
2 301 [3]
1 302 [5]
2 297 [2]
6 295 [2]
38 265 [3]
8 293 [2]
8 294 [1]
0 297 [7]
10 294 [4]
4 300 [0]
1 298 [5]
5 299 [3]
73 226 [5]
8 296 [1]
20 277 [0]
58 246 [6]
30 274 [4]
9 296 [6]
7 296 [2]
0 298 [7]
20 284 [1]
7 297 [1]
2 298 [5]
147 159 [0]
5 301 [2]
85 220 [1]
2 299 [5]
9 291 [6]
5 298 [3]
1 300 [5]
10 292 [4]
1 306 [5]
5 302 [3]
15 292 [7]
9 292 [6]
0 308 [7]
4 304 [2]
7 301 [4]
3 303 [2]
8 298 [2]
0 301 [7]
14 290 [4]
21 285 [0]
5 304 [2]
2 307 [0]
7 302 [2]
4 303 [2]
8 300 [1]
8 299 [2]
9 294 [6]
75 229 [0]
4 302 [3]
13 290 [0]
2 308 [3]
38 272 [4]
8 301 [1]
22 281 [7]
27 279 [4]
6 302 [2]
9 302 [6]
2 309 [2]
0 309 [3]
10 301 [4]
13 298 [0]
0 304 [7]
3 309 [4]
4 308 [2]
9 297 [6]
8 304 [1]
9 303 [6]
49 263 [4]
13 299 [0]
50 262 [0]
0 305 [7]
22 283 [7]
43 269 [6]
56 256 [3]
0 313 [7]
9 304 [6]
1 307 [5]
1 309 [2]
56 258 [3]
18 296 [3]
7 303 [4]
0 314 [7]
7 307 [2]
8 306 [2]
5 306 [3]
23 291 [0]
0 315 [7]
5 310 [3]
151 164 [0]
8 305 [2]
9 306 [6]
29 280 [2]
16 299 [6]
9 300 [6]
5 307 [3]
10 306 [1]
4 312 [3]
1 310 [5]
6 308 [2]
101 215 [0]
8 307 [1]
9 308 [6]
1 316 [5]
10 307 [4]
8 308 [1]
10 305 [1]
132 185 [0]
7 309 [6]
85 231 [4]
25 287 [5]
4 310 [3]
3 315 [2]
5 313 [3]
1 312 [5]
0 311 [7]
32 280 [6]
22 289 [7]
10 304 [4]
21 294 [0]
2 317 [3]
8 311 [2]
13 306 [6]
14 305 [0]
2 315 [3]
5 311 [3]
8 310 [1]
27 293 [4]
14 306 [4]
1 314 [5]
3 317 [2]
16 298 [6]
84 235 [7]
2 313 [5]
6 312 [2]
92 223 [1]
50 270 [0]
33 288 [4]
34 287 [0]
18 300 [1]
7 312 [2]
56 265 [3]
27 290 [4]
8 312 [1]
6 316 [0]
1 321 [5]
8 314 [2]
45 277 [6]
9 307 [6]
10 308 [4]
109 214 [7]
2 321 [5]
87 236 [3]
7 315 [1]
4 315 [4]
0 322 [3]
8 315 [1]
9 309 [6]
6 318 [7]
5 316 [3]
2 318 [5]
1 324 [0]
7 318 [3]
7 316 [2]
6 315 [4]
64 260 [1]
8 316 [1]
9 310 [6]
2 324 [3]
10 312 [4]
8 317 [1]
98 227 [0]
11 315 [5]
0 319 [7]
1 320 [5]
1 326 [5]
6 317 [4]
9 312 [6]
64 262 [1]
13 314 [0]
5 319 [3]
50 273 [0]
4 320 [0]
61 263 [4]
4 324 [2]
64 264 [1]
0 321 [7]
98 229 [1]
0 323 [5]
2 322 [4]
7 317 [1]
122 206 [0]
6 320 [0]
6 323 [2]
2 327 [2]
1 323 [5]
5 321 [3]
7 320 [2]
5 324 [2]
48 278 [7]
7 322 [6]
8 321 [2]
16 313 [6]
8 319 [2]
21 302 [0]
10 316 [4]
4 326 [3]
27 299 [4]
85 244 [1]
102 227 [0]
29 295 [6]
16 314 [6]
3 328 [4]
4 327 [4]
25 301 [5]
5 326 [0]
1 325 [5]
7 324 [4]
56 272 [4]
3 322 [4]
42 289 [4]
0 324 [7]
1 328 [3]
21 310 [0]
0 325 [7]
24 306 [4]
8 323 [1]
13 313 [0]
21 312 [0]
5 325 [3]
16 311 [6]
8 324 [1]
43 285 [1]
64 270 [1]
1 333 [0]
25 304 [5]
6 328 [1]
3 327 [2]
9 318 [6]
0 327 [7]
97 237 [5]
10 320 [4]
5 330 [2]
4 331 [2]
16 319 [6]
9 320 [6]
8 326 [1]
8 325 [2]
7 327 [1]
7 328 [1]
10 326 [4]
50 279 [7]
4 332 [7]
2 331 [3]
0 329 [7]
4 328 [4]
124 212 [0]
8 327 [1]
4 333 [3]
2 335 [5]
6 327 [4]
8 328 [6]
10 323 [4]
4 330 [3]
22 308 [7]
33 297 [0]
9 322 [6]
6 332 [7]
15 316 [7]
11 327 [5]
20 318 [1]
112 222 [1]
27 311 [4]
5 331 [2]
6 330 [2]
2 329 [5]
9 324 [6]
2 332 [5]
1 336 [3]
8 329 [2]
42 295 [3]
34 304 [0]
15 320 [4]
51 288 [3]
27 313 [4]
6 334 [7]
10 330 [4]
1 332 [7]
36 303 [5]
75 264 [1]
5 333 [2]
112 223 [0]
10 329 [1]
6 335 [7]
8 333 [1]
2 334 [5]
109 233 [4]
18 320 [4]
10 332 [0]
7 331 [4]
7 332 [3]
3 336 [4]
0 343 [7]
2 341 [2]
4 339 [2]
90 253 [6]
2 339 [3]
6 336 [1]
10 333 [4]
94 249 [0]
9 328 [6]
38 305 [4]
69 275 [0]
7 334 [3]
33 309 [0]
4 335 [5]
6 338 [7]
4 336 [4]
3 339 [2]
7 336 [1]
1 338 [7]
0 345 [7]
2 338 [5]
2 343 [5]
7 335 [3]
9 330 [6]
27 314 [4]
7 338 [3]
8 336 [6]
22 323 [7]
6 340 [0]
1 340 [5]
12 332 [2]
5 341 [1]
9 331 [6]
80 266 [3]
2 342 [3]
27 319 [4]
8 337 [1]
30 316 [4]
70 276 [0]
12 335 [2]
3 342 [2]
16 325 [6]
4 338 [5]
6 337 [4]
2 340 [0]
5 339 [4]
2 346 [3]
73 275 [3]
4 342 [2]
6 342 [4]
9 339 [6]
111 237 [5]
8 339 [1]
9 333 [6]
69 276 [6]
7 337 [4]
5 344 [3]
8 341 [6]
75 273 [1]
8 340 [1]
7 341 [6]
7 340 [2]
148 196 [5]
9 341 [6]
79 266 [5]
16 329 [6]
3 341 [4]
51 297 [5]
50 293 [0]
79 267 [0]
9 334 [6]
7 339 [4]
10 338 [0]
1 346 [0]
5 346 [2]
1 345 [5]
6 345 [2]
0 344 [7]
8 342 [1]
7 345 [2]
2 350 [2]
9 337 [6]
37 315 [0]
27 321 [4]
0 350 [7]
12 338 [2]
22 330 [6]
91 260 [2]
8 343 [2]
4 346 [3]
20 332 [1]
5 345 [3]
11 337 [5]
5 347 [2]
6 348 [2]
91 262 [5]
1 350 [3]
25 324 [5]
1 348 [5]
8 346 [1]
6 346 [2]
4 351 [3]
1 354 [5]
19 336 [0]
48 303 [0]
10 343 [1]
10 344 [1]
78 277 [0]
129 225 [0]
22 326 [7]
10 345 [4]
15 340 [7]
20 334 [1]
49 302 [4]
4 348 [3]
141 214 [0]
6 347 [2]
131 225 [0]
2 349 [5]
2 354 [5]
7 349 [3]
8 347 [1]
69 286 [1]
9 347 [6]
70 286 [0]
0 351 [5]
27 325 [4]
20 335 [1]
2 351 [3]
32 323 [6]
1 356 [0]
3 350 [4]
7 348 [2]
1 351 [0]
2 355 [5]
5 352 [2]
13 344 [6]
14 343 [0]
33 322 [5]
4 349 [5]
32 326 [6]
0 358 [7]
4 350 [4]
36 317 [5]
8 350 [6]
14 344 [6]
6 349 [7]
55 303 [7]
1 352 [0]
7 350 [1]
29 323 [6]
119 240 [6]
25 331 [5]
16 343 [6]
105 254 [6]
4 352 [3]
6 351 [2]
1 359 [5]
8 351 [1]
4 356 [3]
112 247 [1]
8 352 [1]
0 353 [7]
86 273 [1]
9 345 [6]
49 310 [4]
91 270 [2]
10 347 [4]
0 354 [7]
75 279 [0]
1 355 [5]
2 356 [3]
9 346 [6]
5 353 [3]
10 352 [4]
0 362 [7]
22 333 [7]
8 354 [2]
5 354 [3]
0 355 [7]
29 326 [7]
2 361 [2]
8 355 [2]
64 298 [1]
4 357 [2]
132 226 [5]
12 349 [2]
9 348 [6]
176 187 [0]
6 356 [2]
3 361 [4]
10 353 [1]
9 355 [6]
50 313 [1]
56 305 [3]
10 354 [1]
50 314 [0]
61 302 [1]
16 344 [6]
6 359 [2]
2 363 [3]
8 357 [1]
10 355 [1]
8 356 [1]
51 309 [5]
80 282 [3]
9 350 [6]
1 361 [3]
23 337 [0]
10 351 [4]
2 358 [5]
1 365 [5]
4 362 [3]
4 359 [3]
1 360 [5]
34 331 [1]
100 267 [0]
2 365 [5]
8 359 [1]
0 360 [7]
14 353 [6]
38 329 [4]
9 352 [6]
5 361 [1]
5 359 [0]
2 360 [5]
1 367 [5]
104 264 [0]
7 357 [4]
5 363 [4]
1 362 [5]
7 361 [1]
48 317 [7]
8 358 [2]
177 191 [0]
50 311 [6]
75 293 [0]
6 363 [4]
5 364 [2]
100 266 [7]
137 232 [0]
50 319 [5]
19 350 [5]
10 358 [1]
45 318 [6]
8 360 [2]
4 364 [2]
4 366 [4]
79 291 [7]
5 362 [3]
2 366 [3]
20 349 [1]
8 362 [1]
9 361 [6]
16 354 [6]
0 371 [7]
4 363 [4]
10 360 [1]
0 364 [7]
30 340 [4]
5 366 [4]
7 363 [1]
147 219 [6]
9 356 [6]
128 243 [5]
6 366 [4]
8 364 [1]
13 355 [0]
13 353 [6]
8 363 [1]
2 368 [3]
3 368 [2]
8 365 [2]
0 373 [5]
5 365 [3]
10 359 [4]
7 366 [1]
51 322 [5]
139 229 [7]
14 355 [4]
1 373 [0]
8 366 [1]
4 367 [3]
80 291 [3]
4 368 [2]
16 358 [6]
22 352 [7]
9 359 [6]
5 367 [0]
2 373 [0]
1 371 [0]
21 348 [0]
27 344 [4]
8 361 [6]
6 367 [2]
2 371 [3]
0 369 [7]
39 330 [7]
33 341 [0]
88 281 [5]
141 233 [2]
8 367 [1]
6 369 [2]
1 376 [7]
8 368 [1]
4 371 [2]
5 372 [3]
13 360 [0]
2 370 [5]
0 370 [7]
5 370 [3]
1 377 [7]
68 310 [4]
7 369 [2]
2 374 [3]
7 371 [4]
8 369 [1]
14 360 [4]
8 370 [2]
6 368 [4]
64 313 [1]
64 314 [1]
5 371 [2]
50 321 [0]
10 364 [4]
0 372 [7]
1 378 [5]
10 369 [4]
9 364 [6]
175 204 [0]
22 351 [7]
11 363 [5]
3 375 [2]
0 380 [7]
9 371 [6]
5 373 [0]
21 359 [0]
86 293 [1]
36 339 [5]
4 375 [2]
1 380 [3]
23 357 [0]
98 279 [0]
6 371 [4]
38 343 [4]
6 375 [4]
10 367 [4]
0 379 [3]
24 355 [7]
93 288 [0]
113 267 [5]
28 354 [3]
0 375 [7]
1 381 [5]
7 374 [1]
3 379 [4]
50 325 [0]
114 266 [2]
11 366 [5]
8 373 [1]
8 372 [2]
2 381 [0]
8 375 [1]
1 382 [0]
8 374 [1]
36 342 [5]
3 380 [4]
5 374 [4]
128 256 [5]
5 376 [3]
85 295 [7]
27 353 [4]
6 374 [4]
9 369 [6]
27 354 [4]
2 378 [5]
5 377 [3]
2 379 [2]
2 383 [5]
5 380 [1]
22 356 [7]
11 374 [5]
0 378 [7]
27 358 [6]
45 334 [6]
10 371 [4]
39 347 [7]
7 379 [6]
24 360 [7]
2 380 [2]
11 375 [5]
5 378 [3]
102 279 [0]
8 376 [2]
2 377 [5]
29 351 [6]
7 375 [4]
0 381 [5]
16 365 [6]
3 384 [2]
4 376 [7]
10 373 [4]
176 210 [4]
7 378 [0]
45 338 [6]
158 229 [0]
2 382 [3]
8 377 [2]
56 329 [7]
8 380 [6]
0 388 [7]
1 387 [0]
9 379 [6]
2 384 [3]
75 311 [0]
186 202 [0]
0 382 [7]
5 381 [0]
14 370 [0]
0 389 [7]
100 282 [7]
9 380 [6]
25 364 [5]
6 381 [2]
5 382 [2]
21 362 [0]
21 369 [0]
9 375 [6]
7 376 [0]
13 378 [4]
0 391 [7]
9 376 [6]
1 390 [7]
2 389 [5]
4 387 [3]
8 382 [1]
7 384 [1]
39 352 [7]
135 256 [0]
4 383 [5]
21 367 [0]
98 293 [1]
7 385 [2]
0 387 [5]
4 385 [3]
10 378 [1]
1 388 [0]
0 385 [7]
51 341 [5]
1 386 [5]
6 383 [7]
12 376 [1]
100 291 [7]
7 382 [4]
5 388 [2]
5 385 [3]
8 384 [1]
2 386 [5]
2 388 [3]
6 387 [2]
10 383 [0]
16 377 [0]
176 217 [4]
48 342 [7]
6 388 [2]
8 386 [2]
6 384 [4]
16 372 [6]
5 386 [3]
22 373 [7]
5 390 [3]
0 395 [7]
174 221 [0]
10 385 [4]
147 241 [6]
12 383 [2]
1 389 [5]
2 391 [3]
4 392 [2]
8 388 [1]
38 358 [4]
14 378 [4]
27 365 [4]
0 397 [7]
10 386 [1]
75 321 [1]
8 389 [2]
55 339 [3]
4 391 [2]
10 387 [4]
187 210 [0]
5 389 [3]
197 201 [0]
10 388 [4]
5 393 [2]
105 287 [6]
75 319 [0]
8 390 [2]
124 274 [3]
4 395 [3]
4 393 [2]
2 390 [5]
34 364 [0]
0 400 [7]
4 396 [3]
5 395 [3]
0 393 [7]
1 394 [5]
75 325 [1]
1 400 [5]
0 394 [7]
9 386 [6]
2 394 [5]
28 370 [3]
129 272 [3]
27 370 [4]
1 395 [5]
8 392 [1]
29 373 [6]
9 393 [6]
36 363 [5]
7 391 [4]
1 396 [0]
9 387 [6]
8 393 [1]
8 395 [1]
0 403 [5]
27 372 [4]
181 222 [0]
2 401 [3]
5 396 [2]
7 392 [4]
9 388 [6]
77 326 [0]
122 281 [7]
152 252 [0]
4 400 [3]
7 397 [2]
14 386 [4]
8 396 [1]
20 383 [1]
8 394 [2]
0 398 [7]
5 397 [3]
137 268 [1]
27 377 [1]
0 406 [7]
16 390 [0]
0 399 [7]
9 391 [6]
8 399 [2]
0 407 [7]
36 368 [5]
2 398 [5]
10 393 [4]
6 401 [2]
13 394 [6]
6 402 [3]
1 407 [3]
1 402 [7]
10 398 [1]
13 389 [0]
2 403 [0]
5 400 [3]
8 400 [1]
1 408 [5]
2 407 [2]
6 403 [2]
21 385 [0]
1 403 [5]
2 402 [5]
10 400 [4]
5 405 [2]
10 396 [4]
8 401 [1]
1 404 [5]
2 405 [3]
22 387 [6]
2 409 [5]
185 226 [0]
16 389 [6]
6 405 [2]
2 404 [0]
1 405 [0]
9 396 [6]
38 370 [3]
9 402 [6]
10 401 [4]
10 397 [4]
14 398 [0]
5 407 [1]
25 382 [5]
1 406 [5]
7 402 [0]
10 402 [0]
6 404 [0]
86 325 [1]
105 301 [6]
4 402 [7]
1 412 [5]
2 411 [5]
8 404 [1]
8 405 [1]
7 404 [2]
2 406 [5]
3 407 [4]
10 404 [4]
9 405 [6]
24 386 [0]
51 361 [5]
117 297 [0]
33 379 [5]
12 402 [4]
5 406 [3]
0 415 [5]
2 413 [5]
4 408 [3]
0 408 [7]
7 407 [1]
49 362 [4]
42 373 [3]
84 331 [0]
1 415 [0]
9 401 [6]
2 410 [2]
16 394 [6]
29 381 [6]
61 348 [7]
0 409 [7]
89 328 [7]
98 319 [5]
8 408 [1]
5 412 [3]
7 410 [6]
56 358 [3]
22 388 [7]
7 411 [3]
1 417 [0]
2 416 [5]
35 377 [6]
8 410 [6]
27 390 [1]
14 399 [0]
10 408 [4]
178 240 [0]
21 397 [0]
25 393 [5]
102 311 [5]
4 415 [3]
2 417 [3]
16 398 [0]
8 409 [2]
4 412 [3]
10 409 [1]
0 412 [7]
3 410 [4]
15 404 [3]
48 368 [7]
9 404 [6]
27 389 [4]
0 420 [7]
76 344 [0]
10 406 [1]
1 414 [5]
80 337 [3]
6 411 [7]
69 345 [6]
7 414 [2]
5 410 [1]
8 412 [1]
1 413 [7]
25 391 [5]
4 418 [3]
2 420 [5]
4 413 [5]
9 413 [3]
21 395 [0]
10 412 [4]
6 414 [2]
1 416 [5]
5 415 [0]
50 372 [5]
7 413 [3]
13 406 [4]
95 328 [0]
6 415 [2]
21 400 [0]
14 409 [0]
42 381 [7]
20 402 [1]
1 423 [5]
5 416 [3]
1 418 [5]
8 415 [1]
14 406 [4]
6 413 [7]
12 413 [2]
4 421 [2]
2 423 [0]
180 245 [0]
8 417 [1]
27 394 [4]
115 310 [2]
89 336 [0]
36 384 [5]
0 418 [7]
22 396 [7]
1 419 [5]
6 417 [2]
7 419 [2]
0 426 [7]
4 422 [3]
6 418 [2]
0 419 [7]
39 387 [7]
5 418 [0]
26 400 [6]
127 295 [4]
9 418 [6]
6 419 [2]
34 393 [0]
8 418 [1]
10 416 [1]
7 418 [2]
9 419 [6]
8 419 [1]
8 420 [2]
1 422 [5]
34 391 [5]
0 423 [5]
5 424 [2]
1 428 [7]
2 427 [5]
0 424 [5]
0 422 [7]
181 247 [5]
10 419 [4]
13 416 [0]
9 414 [6]
76 353 [0]
18 404 [7]
21 408 [0]
147 278 [6]
9 421 [6]
1 429 [5]
6 424 [2]
27 399 [4]
6 422 [2]
22 401 [7]
8 421 [1]
16 409 [6]
5 422 [0]
53 377 [6]
6 423 [2]
27 398 [6]
8 422 [1]
9 422 [6]
148 283 [5]
4 424 [3]
28 399 [4]
211 220 [0]
9 416 [6]
109 318 [4]
1 425 [5]
10 420 [1]
90 342 [0]
10 422 [4]
2 430 [3]
0 425 [7]
7 425 [2]
43 385 [0]
9 417 [6]
48 384 [7]
7 421 [4]
20 411 [1]
5 428 [3]
2 431 [5]
174 259 [6]
4 429 [3]
51 380 [5]
6 427 [7]
8 425 [1]
203 230 [0]
6 425 [2]
8 424 [1]
9 425 [6]
0 432 [7]
1 430 [0]
0 429 [5]
95 336 [5]
14 416 [4]
5 426 [3]
0 430 [5]
1 434 [5]
88 346 [5]
152 283 [5]
64 365 [1]
2 432 [2]
6 430 [2]
9 427 [6]
38 398 [2]
54 382 [0]
97 333 [5]
4 430 [3]
21 412 [0]
176 261 [4]
4 433 [3]
6 429 [2]
5 430 [2]
10 426 [1]
5 429 [0]
7 427 [3]
68 362 [7]
2 428 [5]
5 433 [2]
2 436 [3]
8 430 [1]
128 305 [5]
10 424 [4]
29 403 [6]
0 433 [5]
8 428 [2]
137 296 [1]
8 429 [1]
9 424 [6]
5 431 [3]
1 438 [5]
3 432 [4]
10 425 [4]
14 420 [0]
9 430 [6]
22 417 [7]
1 431 [7]
43 397 [0]
6 434 [2]
8 432 [1]
79 357 [0]
7 432 [1]
24 416 [7]
33 407 [7]
4 432 [4]
135 305 [2]
38 399 [3]
26 408 [6]
175 262 [5]
4 435 [2]
7 434 [2]
0 434 [7]
21 414 [0]
3 436 [2]
75 365 [1]
8 431 [2]
6 433 [2]
0 442 [7]
6 432 [1]
211 231 [4]
8 433 [1]
5 434 [3]
4 436 [2]
5 438 [3]
0 443 [7]
137 300 [4]
208 235 [0]
7 436 [1]
21 418 [0]
53 390 [6]
69 369 [0]
186 258 [2]
2 442 [5]
7 437 [3]
2 440 [3]
100 337 [7]
22 415 [7]
8 436 [1]
109 334 [4]
112 330 [1]
9 435 [6]
10 434 [4]
8 435 [1]
2 437 [5]
0 445 [7]
7 438 [2]
33 410 [0]
3 440 [2]
4 438 [3]
6 436 [4]
2 444 [3]
7 435 [4]
2 439 [5]
21 425 [0]
22 424 [7]
14 426 [6]
6 438 [2]
6 437 [7]
87 358 [3]
75 372 [0]
10 437 [0]
20 427 [1]
73 369 [3]
103 344 [0]
0 448 [3]
7 441 [3]
2 441 [5]
1 444 [0]
9 433 [6]
1 442 [5]
49 395 [4]
16 428 [0]
8 439 [2]
154 295 [0]
43 400 [6]
143 306 [0]
23 421 [0]
4 443 [2]
8 440 [1]
6 440 [4]
6 441 [7]
4 444 [2]
5 443 [2]
29 415 [6]
5 442 [3]
106 338 [6]
0 451 [7]
5 446 [3]
119 332 [4]
22 429 [7]
97 347 [7]
6 444 [2]
0 452 [7]
2 450 [5]
8 444 [1]
29 423 [6]
1 448 [3]
8 445 [2]
6 447 [0]
114 337 [2]
9 438 [6]
5 445 [3]
10 443 [4]
9 437 [6]
14 439 [0]
209 244 [0]
27 426 [4]
126 327 [0]
119 335 [6]
1 446 [7]
5 448 [1]
7 448 [1]
5 450 [3]
8 447 [2]
3 448 [4]
1 447 [7]
16 439 [6]
188 267 [0]
43 412 [6]
27 428 [1]
198 257 [0]
0 456 [7]
1 455 [2]
8 448 [6]
9 447 [6]
203 248 [6]
148 308 [5]
28 428 [6]
45 411 [6]
1 450 [5]
2 447 [5]
203 250 [6]
2 455 [4]
4 446 [7]
1 449 [7]
79 375 [3]
10 447 [4]
20 437 [1]
100 357 [5]
0 455 [3]
1 451 [5]
137 320 [7]
43 408 [6]
5 449 [3]
9 441 [6]
10 446 [4]
2 456 [3]
4 451 [3]
4 454 [3]
129 329 [7]
45 413 [6]
9 443 [6]
4 447 [7]
117 341 [3]
2 449 [5]
10 444 [4]
12 446 [1]
103 353 [3]
2 457 [2]
27 431 [1]
8 450 [2]
1 453 [5]
6 451 [2]
5 451 [0]
6 453 [0]
99 356 [7]
90 368 [0]
10 449 [1]
202 258 [0]
203 251 [6]
83 376 [5]
1 454 [5]
7 451 [2]
7 453 [2]
6 452 [2]
12 447 [1]
7 446 [0]
28 431 [6]
1 456 [0]
4 455 [1]
219 241 [0]
2 459 [3]
5 456 [2]
141 318 [4]
5 455 [1]
7 452 [2]
111 347 [7]
5 453 [3]
16 445 [6]
7 447 [0]
22 433 [6]
9 446 [6]
5 457 [1]
6 455 [6]
2 458 [3]
8 453 [1]
10 452 [4]
199 263 [0]
5 454 [0]
7 455 [6]
20 441 [1]
32 429 [6]
1 462 [5]
2 461 [5]
82 377 [4]
5 458 [4]
35 428 [6]
8 454 [1]
9 448 [6]
51 410 [5]
51 407 [7]
7 457 [6]
3 455 [4]
6 458 [4]
9 455 [6]
29 429 [6]
16 442 [6]
3 459 [2]
10 454 [4]
1 464 [5]
0 465 [7]
2 460 [0]
0 460 [5]
8 456 [1]
21 438 [0]
68 395 [2]
6 459 [4]
10 451 [4]
8 457 [6]
124 340 [3]
7 458 [1]
8 458 [1]
4 458 [4]
14 449 [1]
1 460 [0]
22 444 [7]
0 459 [7]
204 262 [0]
9 451 [6]
27 439 [4]
10 450 [1]
0 467 [7]
28 439 [4]
85 381 [1]
4 460 [3]
9 452 [6]
6 462 [2]
4 464 [3]
7 461 [0]
14 450 [4]
9 453 [6]
6 460 [2]
122 346 [4]
0 462 [7]
1 461 [7]
16 449 [0]
222 247 [0]
8 460 [1]
8 461 [2]
1 463 [7]
155 314 [0]
113 357 [5]
6 464 [2]
5 462 [3]
10 460 [4]
10 456 [4]
39 424 [7]
17 449 [4]
107 361 [0]
1 465 [5]
79 392 [5]
7 462 [2]
5 463 [3]
9 456 [6]
216 255 [0]
147 317 [6]
3 466 [2]
36 436 [5]
4 461 [7]
4 466 [2]
15 453 [7]
203 269 [6]
5 464 [0]
230 242 [0]
190 282 [0]
21 451 [0]
82 390 [4]
35 431 [6]
27 442 [4]
7 466 [4]
12 461 [1]
25 443 [5]
129 343 [7]
104 365 [7]
39 433 [4]
8 464 [1]
4 468 [2]
2 472 [5]
9 459 [6]
24 450 [0]
8 465 [1]
119 349 [6]
11 458 [5]
7 468 [4]
2 473 [5]
6 469 [7]
8 466 [1]
5 467 [3]
7 465 [2]
12 463 [4]
183 292 [0]
2 470 [3]
1 471 [3]
7 469 [3]
5 471 [1]
27 445 [4]
2 469 [5]
10 462 [4]
176 298 [0]
4 470 [2]
9 461 [6]
84 391 [1]
6 466 [4]
9 468 [6]
0 477 [7]
1 476 [5]
7 463 [0]
10 463 [4]
5 470 [2]
7 470 [4]
8 468 [1]
22 454 [7]
21 452 [0]
9 462 [6]
2 471 [2]
101 376 [6]
1 477 [5]
0 478 [7]
34 443 [0]
8 463 [2]
3 471 [4]
7 471 [1]
145 333 [0]
0 471 [7]
6 473 [7]
10 469 [0]
176 299 [4]
115 362 [2]
8 470 [1]
10 465 [4]
6 474 [2]
13 467 [0]
221 259 [0]
167 313 [0]
38 439 [3]
0 481 [7]
2 475 [2]
1 473 [7]
5 475 [1]
4 474 [3]
36 440 [5]
7 475 [6]
61 414 [7]
8 472 [2]
8 474 [1]
10 472 [1]
22 460 [7]
5 474 [0]
4 473 [5]
0 475 [7]
173 309 [0]
1 482 [5]
5 478 [3]
180 303 [1]
4 476 [3]
23 459 [5]
7 473 [3]
30 453 [4]
5 479 [3]
5 476 [0]
11 468 [5]
3 475 [4]
10 470 [4]
92 387 [1]
1 480 [0]
53 428 [4]
87 398 [3]
8 476 [1]
2 480 [3]
9 470 [6]
5 477 [3]
22 456 [7]
9 469 [6]
2 484 [3]
5 481 [3]
10 476 [4]
0 487 [3]
8 477 [2]
1 483 [3]
1 481 [5]
140 347 [0]
3 485 [4]
48 440 [7]
6 480 [2]
4 484 [2]
66 415 [3]
10 474 [4]
6 482 [0]
10 478 [1]
2 479 [5]
85 403 [4]
53 431 [4]
21 465 [0]
10 479 [1]
29 460 [6]
8 480 [1]
2 487 [4]
5 484 [2]
69 419 [0]
5 483 [1]
16 467 [6]
9 474 [6]
8 475 [6]
8 479 [2]
5 485 [1]
106 383 [6]
1 486 [0]
20 469 [1]
3 483 [4]
1 490 [7]
0 491 [7]
2 485 [2]
0 484 [7]
7 482 [2]
7 483 [1]
8 481 [2]
14 472 [0]
14 478 [6]
3 489 [2]
4 486 [2]
5 487 [1]
33 457 [0]
8 484 [1]
107 380 [0]
100 392 [5]
8 483 [6]
1 487 [2]
32 454 [6]
4 489 [2]
1 492 [5]
16 472 [6]
2 491 [5]
97 396 [5]
5 488 [3]
2 489 [3]
7 485 [6]
29 464 [6]
22 464 [7]
183 307 [3]
9 484 [6]
20 473 [1]
16 477 [6]
88 405 [5]
0 494 [7]
203 285 [6]
4 490 [7]
6 487 [6]
6 486 [2]
6 489 [4]
0 495 [5]
0 488 [7]
16 479 [0]
78 413 [4]
21 474 [0]
9 480 [6]
7 484 [4]
50 445 [0]
8 486 [1]
7 487 [6]
0 496 [5]
9 487 [6]
147 342 [6]
3 487 [1]
23 468 [0]
9 482 [6]
36 458 [7]
13 478 [0]
73 419 [3]
16 478 [4]
6 492 [0]
9 483 [6]
10 488 [1]
27 467 [4]
173 322 [7]
5 490 [3]
10 484 [4]
56 439 [3]
219 278 [0]
32 464 [6]
6 490 [3]
69 425 [0]
8 485 [6]
8 490 [2]
93 407 [5]
0 500 [0]
232 268 [0]
5 495 [0]
7 489 [1]
61 438 [1]
145 352 [4]
10 486 [4]
10 490 [4]
79 421 [5]
25 470 [5]
0 493 [7]
8 491 [2]
7 492 [2]
0 501 [0]
1 500 [4]
10 491 [1]
51 448 [5]
7 494 [2]
1 495 [5]
5 493 [3]
2 497 [2]
8 492 [1]
36 466 [5]
76 426 [0]
119 383 [6]
6 494 [2]
4 496 [3]
4 499 [3]
5 496 [2]
5 498 [2]
6 495 [2]
8 493 [2]
16 481 [6]
21 482 [0]
133 370 [0]
5 499 [3]
2 502 [3]
3 501 [1]
70 434 [1]
7 490 [0]
10 494 [4]
0 497 [7]
33 471 [7]
4 500 [1]
9 496 [6]
2 503 [5]
3 502 [2]
5 500 [1]
4 497 [4]
9 490 [6]
34 470 [0]
1 499 [5]
22 476 [7]
7 497 [1]
4 502 [2]
227 279 [0]
8 497 [1]
7 499 [2]
6 498 [2]
10 496 [4]
27 479 [1]
64 442 [1]
2 499 [0]
69 434 [1]
108 398 [0]
8 498 [1]
6 501 [6]
5 501 [1]
2 501 [4]
28 479 [6]
9 492 [6]
113 392 [5]
6 497 [1]
74 433 [0]
195 312 [0]
8 500 [6]
33 475 [0]
27 477 [4]
8 499 [1]
47 461 [1]
32 476 [6]
2 500 [4]
10 498 [4]
43 465 [1]
22 480 [7]
9 494 [6]
7 501 [6]
27 478 [4]
9 501 [6]
8 501 [6]
51 457 [5]
1 504 [5]
4 504 [0]
5 506 [2]
2 509 [3]
1 507 [0]
4 507 [3]
5 503 [3]
15 492 [7]
181 330 [5]
1 505 [7]
8 502 [1]
2 505 [5]
3 509 [2]
2 507 [3]
85 423 [4]
27 481 [4]
6 502 [4]
6 504 [0]
115 395 [2]
82 431 [4]
3 510 [2]
8 505 [2]
10 503 [1]
8 504 [1]
9 498 [6]
8 503 [2]
7 504 [2]
16 491 [6]
7 502 [1]
10 504 [4]
8 506 [1]
1 513 [0]
178 335 [0]
2 510 [3]
35 479 [6]
9 499 [6]
79 435 [5]
9 506 [6]
6 509 [4]
27 488 [4]
7 505 [0]
22 486 [7]
147 368 [6]
9 500 [6]
9 507 [6]
7 509 [1]
8 508 [2]
10 506 [4]
8 507 [1]
8 509 [1]
2 515 [5]
2 508 [5]
2 512 [3]
3 514 [4]
48 466 [7]
6 511 [2]
4 509 [2]
12 505 [1]
22 495 [7]
57 459 [1]
0 511 [7]
8 510 [1]
1 512 [0]
34 484 [0]
50 467 [1]
2 513 [3]
14 503 [0]
5 510 [4]
2 517 [2]
6 513 [2]
15 504 [3]
16 503 [0]
0 517 [3]
241 278 [0]
10 508 [1]
99 417 [7]
1 519 [5]
2 518 [5]
6 512 [2]
3 517 [4]
7 511 [2]
2 514 [2]
9 505 [6]
27 493 [4]
6 510 [4]
75 445 [1]
8 512 [1]
0 521 [7]
5 516 [2]
7 514 [6]
9 512 [6]
100 421 [3]
15 499 [7]
7 510 [1]
8 514 [6]
22 500 [7]
30 492 [4]
8 513 [1]
1 516 [0]
69 452 [0]
4 519 [3]
10 513 [4]
4 516 [3]
7 517 [6]
16 508 [6]
109 411 [4]
5 520 [2]
0 518 [7]
8 516 [1]
36 489 [5]
9 510 [6]
8 515 [2]
0 520 [5]
5 514 [1]
10 511 [4]
1 525 [3]
6 520 [2]
8 518 [2]
9 511 [6]
50 477 [0]
117 410 [3]
10 515 [1]
0 525 [7]
14 508 [0]
5 523 [1]
232 296 [7]
7 519 [2]
51 475 [5]
9 513 [6]
4 522 [2]
38 491 [4]
1 528 [7]
99 430 [4]
5 524 [3]
18 504 [7]
9 520 [6]
8 520 [1]
213 316 [0]
83 446 [5]
8 522 [1]
2 528 [5]
7 523 [6]
27 503 [6]
143 386 [7]
127 403 [4]
122 405 [5]
73 452 [5]
1 526 [0]
29 495 [6]
0 523 [7]
9 516 [6]
0 524 [7]
16 515 [0]
2 525 [2]
28 503 [4]
0 526 [5]
2 526 [3]
53 479 [4]
2 530 [5]
5 527 [2]
6 526 [2]
9 517 [6]
64 467 [1]
9 523 [6]
14 518 [0]
103 426 [5]
86 445 [1]
3 523 [4]
3 525 [4]
5 528 [3]
1 527 [0]
7 525 [1]
77 454 [2]
5 526 [2]
4 525 [4]
7 522 [4]
10 524 [1]
4 527 [3]
0 534 [5]
0 529 [5]
9 519 [6]
69 462 [1]
51 483 [5]
113 421 [7]
16 518 [6]
179 356 [0]
1 529 [5]
0 535 [7]
157 378 [0]
8 526 [1]
8 527 [1]
250 285 [0]
91 442 [2]
6 527 [2]
1 530 [7]
5 531 [3]
232 300 [4]
6 530 [3]
4 529 [3]
22 507 [7]
16 521 [6]
2 535 [5]
2 532 [3]
219 317 [0]
5 529 [0]
4 534 [3]
1 532 [0]
50 481 [0]
100 435 [3]
8 528 [2]
0 531 [7]
129 409 [3]
51 485 [5]
6 532 [2]
35 503 [4]
208 331 [0]
5 534 [2]
10 529 [4]
33 501 [5]
227 311 [1]
4 532 [3]
10 528 [1]
16 524 [4]
6 534 [2]
13 521 [0]
9 525 [6]
2 533 [5]
109 427 [4]
7 530 [3]
42 495 [7]
8 533 [2]
9 526 [6]
5 533 [3]
22 512 [7]
36 502 [5]
10 527 [4]
64 477 [1]
12 530 [4]
0 537 [5]
2 537 [0]
238 304 [0]
145 396 [5]
10 530 [2]
22 513 [7]
10 531 [1]
39 496 [7]
8 535 [2]
6 537 [2]
0 543 [7]
2 536 [5]
13 524 [0]
27 515 [1]
0 536 [7]
8 534 [1]
5 537 [0]
0 544 [7]
4 540 [2]
13 531 [6]
16 528 [0]
39 498 [7]
1 544 [5]
39 506 [7]
2 538 [5]
8 537 [1]
0 538 [7]
9 530 [6]
23 522 [0]
22 516 [7]
0 546 [7]
2 544 [5]
7 539 [2]
227 319 [1]
21 519 [0]
8 538 [2]
188 357 [1]
28 518 [4]
8 536 [2]
10 535 [1]
83 463 [5]
50 493 [7]
0 539 [7]
0 541 [5]
79 468 [5]
4 543 [2]
2 543 [3]
101 446 [6]
10 536 [1]
9 532 [6]
5 539 [3]
27 521 [3]
5 543 [2]
199 348 [7]
4 541 [3]
8 540 [1]
22 520 [6]
5 541 [2]
36 509 [5]
22 526 [7]
113 435 [7]
245 303 [0]
4 545 [3]
14 531 [6]
0 542 [7]
36 510 [5]
19 525 [0]
9 534 [6]
28 515 [6]
2 548 [2]
129 420 [3]
61 482 [7]
38 508 [4]
109 437 [4]
8 541 [1]
33 517 [5]
0 548 [7]
7 540 [4]
20 530 [1]
80 468 [3]
16 535 [6]
16 531 [4]
233 318 [0]
173 379 [7]
8 542 [2]
1 546 [5]
8 544 [2]
1 548 [3]
75 477 [1]
212 340 [0]
5 545 [0]
6 545 [2]
47 505 [1]
77 476 [2]
10 539 [4]
6 543 [4]
7 543 [4]
76 478 [0]
1 553 [7]
152 401 [5]
5 546 [3]
148 401 [5]
0 547 [7]
8 545 [1]
109 441 [4]
2 553 [5]
27 524 [4]
1 554 [7]
14 536 [0]
0 550 [5]
5 550 [2]
7 548 [1]
9 540 [6]
27 528 [6]
3 548 [4]
2 550 [3]
4 549 [2]
5 547 [3]
4 552 [7]
38 518 [3]
4 548 [4]
8 546 [2]
9 541 [6]
35 515 [6]
5 552 [3]
8 547 [2]
6 551 [4]
10 543 [4]
4 550 [3]
14 538 [0]
75 481 [1]
154 403 [1]
4 554 [7]
7 551 [4]
9 543 [6]
29 529 [2]
22 529 [7]
1 552 [7]
126 432 [6]
6 550 [2]
16 536 [6]
8 549 [1]
7 552 [0]
1 558 [5]
2 557 [0]
8 551 [1]
2 552 [5]
10 545 [4]
8 550 [1]
39 520 [4]
1 559 [7]
16 544 [6]
107 448 [0]
14 542 [0]
6 555 [3]
178 383 [4]
143 416 [7]
2 554 [5]
6 552 [3]
1 555 [7]
22 532 [7]
256 305 [0]
0 562 [5]
1 561 [7]
27 531 [4]
2 560 [3]
5 557 [0]
2 555 [5]
7 555 [0]
8 554 [2]
0 557 [5]
4 553 [5]
39 516 [7]
11 551 [5]
7 549 [4]
16 546 [6]
8 555 [2]
0 563 [5]
1 562 [5]
13 544 [6]
157 406 [2]
7 553 [3]
0 556 [7]
4 559 [7]
9 548 [6]
33 523 [0]
16 547 [6]
27 536 [4]
93 471 [5]
268 296 [0]
10 550 [4]
27 533 [4]
51 514 [5]
12 552 [1]
6 557 [2]
7 558 [2]
22 537 [7]
8 557 [1]
48 510 [7]
3 560 [2]
60 500 [5]
4 558 [0]
5 561 [3]
8 558 [1]
6 558 [0]
12 554 [1]
9 551 [6]
2 559 [5]
8 556 [2]
73 494 [5]
0 567 [7]
0 560 [7]
12 555 [1]
12 553 [2]
32 529 [6]
1 563 [0]
2 562 [0]
8 552 [0]
10 556 [1]
0 561 [7]
0 568 [7]
6 559 [3]
27 535 [6]
23 540 [0]
6 562 [2]
233 334 [1]
9 559 [6]
268 300 [4]
35 528 [6]
76 488 [0]
4 563 [3]
27 538 [4]
9 554 [6]
69 494 [0]
9 553 [3]
9 561 [2]
176 394 [4]
2 561 [5]
21 545 [0]
101 463 [6]
6 560 [4]
1 564 [0]
9 555 [6]
5 563 [2]
28 538 [4]
12 559 [1]
8 561 [2]
51 517 [5]
6 563 [2]
7 560 [4]
5 564 [2]
141 427 [0]
53 515 [4]
9 563 [6]
8 563 [1]
23 549 [0]
29 537 [6]
0 565 [7]
50 521 [0]
8 565 [2]
8 564 [1]
15 558 [3]
7 559 [0]
27 542 [4]
2 566 [5]
38 536 [3]
4 570 [5]
5 569 [3]
8 559 [2]
39 534 [7]
28 542 [4]
117 457 [3]
5 566 [3]
192 382 [0]
51 523 [5]
20 553 [1]
9 560 [6]
14 556 [0]
2 568 [5]
240 335 [0]
10 565 [1]
184 391 [0]
7 569 [2]
38 538 [3]
8 566 [2]
14 561 [1]
4 569 [3]
124 453 [3]
2 570 [5]
27 546 [4]
8 567 [2]
6 569 [2]
38 535 [4]
56 518 [3]
5 573 [0]
17 561 [4]
10 564 [4]
27 547 [4]
9 568 [6]
154 423 [1]
6 570 [7]
99 480 [4]
5 574 [3]
9 564 [6]
10 568 [1]
83 490 [5]
6 573 [2]
1 573 [5]
18 558 [3]
4 576 [7]
2 578 [3]
106 473 [1]
1 574 [5]
5 575 [3]
69 511 [0]
0 573 [7]
188 392 [6]
141 437 [0]
42 537 [4]
85 495 [1]
8 573 [1]
113 468 [7]
2 574 [5]
16 561 [6]
8 571 [2]
0 574 [7]
0 582 [7]
8 574 [2]
109 469 [4]
141 441 [0]
8 572 [2]
216 366 [6]
2 577 [3]
0 575 [7]
6 577 [2]
1 582 [5]
38 542 [3]
5 578 [4]
7 576 [0]
10 571 [1]
3 578 [2]
31 552 [4]
10 572 [1]
1 575 [7]
1 577 [0]
23 560 [5]
4 580 [3]
43 539 [1]
4 577 [3]
6 578 [4]
8 576 [2]
61 519 [7]
9 569 [6]
16 568 [4]
5 576 [3]
39 541 [7]
12 570 [2]
0 585 [7]
22 557 [7]
14 571 [0]
1 579 [5]
64 521 [1]
53 528 [4]
6 576 [3]
4 578 [4]
10 576 [4]
73 511 [5]
0 579 [7]
14 568 [4]
60 526 [4]
8 577 [1]
4 579 [3]
9 578 [6]
186 399 [5]
10 573 [4]
13 568 [0]
6 579 [2]
10 575 [1]
2 581 [2]
5 581 [1]
5 579 [0]
8 578 [1]
10 570 [0]
5 580 [2]
0 588 [7]
1 587 [0]
287 301 [0]
9 573 [6]
2 586 [2]
7 581 [6]
0 581 [7]
8 579 [1]
203 385 [1]
3 581 [4]
2 587 [3]
240 349 [4]
12 576 [1]
92 496 [1]
9 574 [6]
16 567 [6]
20 570 [1]
8 582 [1]
10 580 [4]
5 582 [3]
14 575 [1]
216 374 [6]
147 436 [6]
98 493 [0]
1 590 [5]
13 574 [0]
2 589 [5]
5 583 [3]
0 584 [7]
4 587 [3]
5 586 [4]
8 583 [2]
1 583 [7]
103 488 [5]
7 582 [2]
2 584 [5]
107 483 [0]
9 576 [6]
1 591 [3]
6 586 [1]
9 577 [6]
22 563 [7]
56 536 [3]
16 571 [6]
14 574 [4]
16 575 [6]
5 584 [3]
119 473 [4]
8 585 [2]
0 586 [7]
17 575 [4]
10 579 [4]
3 586 [4]
273 321 [0]
3 591 [4]
0 594 [7]
143 450 [0]
21 573 [0]
8 584 [2]
27 567 [4]
7 586 [1]
8 586 [1]
5 590 [3]
6 587 [2]
117 475 [3]
12 583 [1]
10 583 [4]
44 550 [1]
97 498 [7]
102 493 [5]
9 580 [6]
5 591 [1]
1 595 [5]
21 569 [0]
296 300 [0]
10 585 [1]
10 582 [4]
8 587 [1]
2 592 [3]
9 581 [6]
0 591 [7]
28 565 [4]
148 444 [5]
1 596 [5]
56 538 [3]
50 547 [0]
74 520 [7]
27 566 [4]
3 592 [2]
2 593 [2]
2 591 [2]
9 582 [6]
24 574 [7]
0 598 [7]
7 591 [1]
4 592 [2]
10 588 [1]
38 556 [4]
45 553 [6]
90 502 [0]
56 542 [3]
179 417 [4]
8 588 [2]
14 585 [0]
7 592 [1]
8 589 [2]
90 509 [0]
8 590 [2]
292 307 [0]
227 372 [1]
4 596 [3]
1 599 [0]
8 592 [1]
42 557 [4]
88 512 [5]
8 593 [1]
47 554 [1]
202 399 [5]
272 329 [0]
4 593 [4]
10 590 [1]
7 593 [1]
47 555 [3]
9 593 [6]
129 472 [3]
2 595 [5]
9 587 [6]
11 586 [5]
203 397 [5]
5 594 [3]
5 593 [4]
97 506 [3]
7 596 [2]
14 589 [0]
280 323 [0]
2 597 [2]
5 597 [1]
5 595 [3]
28 572 [4]
6 596 [2]
21 579 [0]
8 594 [2]
0 597 [7]
9 596 [6]
79 522 [0]
117 485 [3]
8 595 [2]
238 364 [3]
76 524 [5]
8 598 [2]
77 529 [2]
4 599 [3]
3 597 [4]
5 599 [2]
2 601 [3]
47 559 [0]
8 599 [1]
1 606 [5]
38 565 [4]
5 602 [2]
14 588 [0]
0 600 [7]
4 601 [2]
0 602 [5]
5 601 [2]
5 603 [3]
1 607 [5]
112 496 [0]
14 590 [4]
5 600 [3]
2 604 [3]
6 602 [2]
22 580 [6]
10 599 [4]
2 607 [5]
4 605 [5]
8 601 [1]
38 571 [4]
11 593 [5]
1 603 [5]
219 384 [0]
40 568 [3]
4 602 [3]
188 421 [7]
64 544 [1]
99 507 [4]
16 588 [6]
2 608 [2]
6 604 [4]
39 564 [7]
75 533 [0]
10 600 [1]
8 602 [1]
206 405 [0]
27 584 [4]
263 348 [0]
74 534 [7]
16 589 [6]
38 572 [4]
8 603 [2]
8 604 [1]
9 597 [6]
10 602 [4]
2 605 [5]
7 604 [1]
14 598 [0]
7 601 [4]
141 469 [0]
56 556 [3]
147 466 [0]
10 603 [1]
2 606 [5]
97 516 [5]
199 414 [7]
5 604 [4]
0 614 [7]
36 578 [5]
13 595 [0]
91 521 [2]
9 599 [6]
5 608 [1]
7 608 [6]
27 588 [4]
2 613 [2]
0 610 [5]
7 605 [3]
10 601 [4]
203 412 [6]
8 606 [2]
16 595 [6]
2 609 [2]
5 607 [3]
10 606 [1]
272 343 [3]
16 594 [6]
230 385 [1]
7 609 [6]
8 608 [6]
1 612 [0]
16 600 [4]
6 605 [7]
22 587 [7]
124 492 [3]
33 581 [0]
1 616 [7]
4 613 [4]
2 615 [0]
74 541 [0]
2 612 [3]
9 602 [6]
14 603 [4]
5 610 [2]
3 608 [4]
9 609 [6]
255 363 [0]
0 611 [7]
6 610 [2]
3 609 [4]
7 612 [4]
9 610 [6]
6 613 [1]
0 612 [7]
8 610 [1]
13 600 [0]
5 612 [2]
9 605 [3]
3 613 [2]
1 619 [5]
14 606 [4]
27 589 [4]
0 613 [7]
111 506 [3]
16 598 [6]
11 604 [5]
22 599 [7]
24 590 [0]
276 345 [0]
1 620 [5]
9 606 [6]
8 611 [2]
8 612 [1]
129 491 [3]
28 589 [4]
75 546 [1]
8 613 [1]
10 611 [1]
56 565 [3]
5 614 [3]
27 595 [4]
100 522 [5]
4 615 [3]
126 497 [6]
7 616 [0]
75 547 [1]
13 606 [0]
87 535 [3]
5 615 [3]
3 618 [2]
21 596 [0]
188 435 [7]
255 366 [7]
10 610 [4]
267 357 [0]
79 540 [5]
8 614 [2]
12 605 [2]
8 615 [1]
7 615 [2]
50 567 [6]
5 617 [2]
88 532 [5]
6 616 [3]
7 618 [4]
6 617 [2]
164 461 [0]
10 615 [4]
159 466 [0]
244 381 [0]
0 620 [5]
7 619 [2]
38 588 [3]
14 611 [0]
9 617 [6]
10 616 [4]
48 578 [7]
39 580 [7]
38 589 [3]
230 397 [5]
38 585 [4]
186 439 [1]
8 618 [1]
4 616 [7]
4 620 [3]
5 619 [3]
97 527 [5]
6 620 [2]
103 524 [5]
5 620 [0]
1 627 [5]
5 623 [3]
8 619 [1]
9 619 [6]
12 616 [1]
2 619 [0]
56 572 [3]
1 622 [5]
1 624 [0]
8 620 [1]
2 624 [3]
16 607 [6]
1 621 [7]
2 622 [5]
10 619 [4]
5 621 [3]
27 598 [4]
11 613 [5]
1 629 [0]
33 597 [0]
6 624 [2]
9 615 [6]
56 571 [4]
10 620 [4]
15 615 [7]
16 614 [6]
5 622 [3]
28 598 [4]
24 606 [7]
2 621 [5]
33 591 [7]
309 322 [0]
1 623 [7]
36 592 [5]
24 603 [0]
10 617 [4]
8 623 [2]
27 600 [4]
80 551 [3]
9 616 [6]
8 621 [2]
22 602 [7]
4 624 [3]
25 601 [5]
117 514 [3]
61 569 [1]
4 628 [2]
1 631 [5]
36 593 [7]
20 605 [0]
98 533 [1]
22 610 [7]
51 581 [5]
0 625 [7]
8 622 [2]
2 623 [5]
5 625 [3]
9 618 [6]
86 546 [1]
2 628 [3]
2 626 [5]
2 627 [5]
2 629 [0]
27 607 [4]
174 459 [1]
0 627 [7]
0 629 [5]
122 512 [4]
238 393 [3]
78 553 [4]
5 627 [3]
10 625 [1]
5 628 [2]
255 374 [7]
0 628 [7]
6 626 [7]
5 631 [3]
0 636 [5]
4 632 [3]
38 598 [3]
7 626 [3]
5 629 [0]
167 467 [2]
25 612 [5]
2 632 [3]
0 632 [5]
6 629 [2]
8 627 [2]
15 619 [7]
1 637 [5]
8 629 [1]
185 452 [3]
165 473 [0]
5 630 [3]
6 628 [4]
129 508 [3]
1 632 [0]
9 624 [6]
16 623 [0]
1 638 [7]
140 498 [5]
5 632 [2]
7 628 [4]
6 631 [2]
148 486 [5]
1 639 [0]
100 540 [3]
6 634 [4]
7 631 [2]
0 633 [7]
196 444 [0]
48 592 [7]
1 636 [0]
4 634 [2]
2 636 [3]
4 637 [3]
8 633 [2]
10 631 [4]
8 632 [1]
137 504 [7]
113 522 [6]
117 523 [4]
27 614 [4]
10 630 [1]
75 566 [0]
2 640 [5]
16 621 [0]
27 611 [4]
9 626 [6]
0 637 [5]
8 634 [1]
10 628 [4]
22 620 [7]
10 626 [0]
13 630 [6]
9 634 [6]
5 635 [3]
1 635 [7]
9 628 [6]
111 527 [5]
5 636 [2]
147 489 [6]
2 642 [3]
56 585 [3]
13 625 [6]
6 636 [2]
6 638 [7]
0 642 [0]
10 633 [1]
8 636 [1]
2 639 [3]
50 594 [5]
94 550 [7]
3 642 [2]
56 589 [3]
2 638 [5]
6 639 [2]
16 625 [4]
10 635 [4]
8 635 [2]
22 624 [7]
140 506 [3]
9 631 [6]
8 637 [1]
10 632 [4]
4 635 [7]
6 641 [3]
33 609 [5]
56 588 [3]
4 638 [5]
12 635 [1]
1 641 [7]
85 562 [4]
75 567 [0]
1 647 [5]
0 648 [5]
2 646 [3]
7 638 [3]
2 641 [5]
50 595 [1]
233 411 [0]
5 643 [3]
8 639 [1]
6 642 [1]
8 640 [2]
27 621 [1]
39 610 [7]
7 642 [1]
0 644 [5]
38 611 [3]
7 635 [0]
198 449 [2]
49 596 [4]
85 557 [4]
16 627 [6]
45 605 [1]
1 646 [0]
16 630 [4]
9 635 [6]
1 644 [0]
69 582 [1]
9 636 [6]
1 643 [7]
8 642 [1]
10 637 [4]
27 623 [1]
10 640 [1]
6 646 [2]
70 582 [0]
12 638 [2]
2 643 [5]
6 644 [2]
2 645 [5]
14 633 [0]
28 623 [0]
318 334 [0]
4 641 [7]
11 642 [0]
27 622 [4]
4 649 [7]
5 648 [0]
12 641 [1]
8 644 [1]
113 540 [7]
2 648 [0]
8 643 [2]
51 597 [5]
294 359 [0]
56 598 [3]
5 649 [3]
0 654 [7]
100 549 [5]
14 640 [0]
7 647 [2]
9 645 [6]
10 644 [4]
0 647 [7]
6 647 [2]
4 651 [4]
5 647 [3]
7 645 [3]
8 646 [1]
2 651 [3]
4 652 [2]
0 656 [7]
3 651 [2]
5 651 [4]
7 649 [0]
9 641 [6]
147 502 [6]
8 641 [2]
9 647 [6]
6 648 [2]
39 617 [7]
1 652 [0]
16 640 [6]
258 399 [0]
0 657 [5]
1 653 [3]
6 651 [4]
10 647 [4]
1 649 [7]
23 634 [0]
8 648 [1]
29 629 [6]
5 653 [1]
8 650 [1]
22 629 [7]
20 638 [1]
6 649 [3]
36 618 [0]
100 551 [7]
122 532 [4]
2 653 [2]
83 576 [5]
2 657 [0]
8 649 [2]
9 650 [6]
179 480 [4]
219 440 [0]
64 595 [1]
75 584 [0]
7 653 [1]
27 633 [4]
8 651 [1]
6 652 [2]
1 656 [0]
10 646 [4]
3 653 [4]
1 654 [5]
12 649 [1]
2 659 [5]
87 571 [1]
267 392 [6]
219 436 [0]
9 646 [6]
11 650 [5]
2 656 [3]
27 630 [4]
41 620 [7]
294 367 [7]
51 608 [5]
8 653 [6]
5 654 [3]
2 658 [3]
8 654 [2]
145 516 [5]
0 663 [5]
2 661 [3]
3 660 [2]
1 657 [0]
6 658 [4]
1 663 [5]
4 657 [3]
2 660 [2]
9 649 [6]
2 655 [5]
97 564 [3]
233 427 [0]
4 658 [2]
5 657 [0]
20 645 [1]
8 657 [1]
10 655 [1]
8 656 [1]
6 657 [2]
98 566 [1]
8 655 [2]
88 577 [5]
114 551 [2]
0 666 [7]
5 661 [2]
152 513 [5]
6 660 [1]
22 637 [7]
22 644 [7]
7 658 [1]
99 563 [4]
29 637 [2]
10 652 [4]
9 651 [6]
5 659 [3]
0 667 [7]
5 656 [2]
8 658 [1]
2 662 [3]
7 656 [4]
113 549 [6]
3 662 [2]
1 659 [7]
0 660 [7]
83 583 [5]
0 668 [7]
22 639 [7]
22 646 [7]
4 660 [4]
8 661 [1]
8 660 [1]
0 662 [7]
1 664 [7]
0 665 [5]
2 665 [0]
56 611 [3]
164 505 [4]
14 655 [0]
10 659 [1]
7 664 [3]
64 607 [1]
50 614 [5]
2 664 [5]
86 584 [1]
5 663 [0]
6 663 [2]
42 629 [4]
9 656 [6]
0 672 [5]
5 667 [3]
5 665 [0]
6 662 [4]
7 661 [4]
7 662 [4]
6 665 [2]
13 654 [0]
139 533 [4]
9 664 [3]
4 664 [5]
48 618 [7]
1 668 [5]
2 672 [3]
2 670 [3]
102 567 [5]
203 465 [6]
8 665 [1]
75 594 [0]
5 666 [3]
88 587 [5]
27 643 [1]
10 661 [4]
32 637 [6]
1 667 [7]
0 676 [5]
2 667 [5]
5 671 [3]
7 669 [4]
11 660 [5]
1 672 [0]
6 668 [2]
16 655 [0]
16 654 [6]
5 668 [3]
1 676 [5]
7 670 [1]
10 666 [1]
8 669 [1]
22 648 [7]
8 667 [2]
9 662 [6]
44 632 [7]
7 668 [2]
53 623 [6]
233 437 [2]
1 671 [5]
50 627 [0]
8 668 [1]
215 463 [0]
10 668 [4]
4 670 [2]
12 664 [2]
2 671 [5]
111 564 [5]
23 650 [0]
4 672 [3]
0 671 [7]
1 678 [0]
0 679 [7]
8 670 [1]
50 622 [0]
1 673 [5]
185 494 [3]
5 672 [2]
4 676 [3]
4 673 [3]
55 618 [7]
3 677 [2]
2 674 [2]
53 621 [6]
11 669 [5]
16 659 [0]
6 670 [4]
5 674 [1]
7 674 [6]
5 673 [3]
22 652 [7]
1 675 [5]
76 600 [5]
221 459 [1]
263 414 [4]
10 671 [1]
8 673 [1]
90 592 [0]
199 482 [3]
14 667 [1]
106 570 [6]
7 673 [2]
38 640 [4]
4 675 [3]
183 499 [7]
5 678 [0]
28 655 [4]
196 486 [0]
98 584 [1]
9 668 [6]
5 675 [3]
29 648 [6]
3 674 [4]
0 678 [5]
17 667 [4]
8 676 [1]
8 675 [1]
238 443 [3]
6 678 [2]
335 349 [0]
9 675 [6]
5 676 [0]
283 401 [0]
22 657 [7]
5 680 [3]
272 409 [4]
22 663 [7]
13 666 [6]
128 556 [5]
20 664 [1]
16 666 [4]
64 622 [1]
33 653 [4]
101 583 [6]
8 677 [1]
25 656 [5]
1 680 [5]
16 671 [6]
7 680 [2]
10 673 [4]
9 672 [6]
8 678 [1]
2 685 [5]
36 651 [7]
0 680 [7]
16 667 [6]
4 680 [3]
27 659 [6]
6 677 [4]
9 673 [6]
299 389 [0]
7 677 [1]
27 655 [6]
10 678 [4]
0 681 [7]
309 379 [2]
8 674 [6]
2 687 [5]
10 679 [1]
56 633 [3]
179 507 [5]
8 680 [1]
8 679 [2]
47 641 [4]
1 689 [0]
35 655 [4]
0 690 [0]
14 671 [0]
8 682 [1]
23 662 [5]
5 683 [3]
64 627 [1]
319 372 [0]
7 684 [0]
25 661 [5]
10 681 [1]
135 556 [2]
6 682 [4]
158 533 [6]
29 657 [6]
2 683 [5]
5 685 [3]
10 683 [1]
3 690 [1]
6 684 [3]
9 684 [6]
11 682 [5]
1 687 [7]
299 394 [1]
272 420 [4]
5 686 [2]
7 687 [3]
3 691 [2]
10 680 [4]
2 689 [3]
1 688 [7]
42 648 [4]
10 684 [4]
36 658 [5]
1 694 [3]
5 690 [1]
14 681 [4]
4 690 [1]
4 684 [7]
4 689 [2]
1 690 [2]
0 689 [7]
10 686 [4]
56 640 [4]
5 688 [3]
128 565 [5]
9 687 [6]
53 643 [6]
2 690 [4]
10 687 [2]
2 695 [0]
0 694 [3]
3 694 [4]
16 681 [4]
112 580 [5]
185 511 [3]
344 353 [0]
22 676 [3]
7 691 [1]
1 697 [3]
8 689 [1]
295 403 [0]
7 690 [6]
75 622 [1]
4 692 [2]
29 663 [6]
8 688 [2]
27 671 [4]
91 607 [2]
21 673 [0]
175 521 [2]
7 692 [4]
5 694 [1]
8 684 [2]
8 691 [1]
9 690 [6]
23 669 [0]
122 577 [7]
16 683 [0]
0 697 [7]
12 688 [1]
0 700 [7]
8 692 [1]
2 694 [2]
22 678 [7]
7 689 [4]
128 572 [5]
10 688 [4]
135 565 [2]
13 681 [0]
35 659 [4]
83 616 [5]
1 693 [7]
2 699 [5]
1 695 [5]
317 384 [0]
22 672 [7]
9 686 [6]
129 571 [3]
322 379 [0]
76 625 [5]
6 691 [4]
260 442 [0]
233 469 [2]
28 671 [3]
75 627 [1]
2 693 [5]
131 571 [3]
137 558 [4]
2 698 [3]
6 692 [4]
8 695 [1]
2 701 [5]
0 696 [7]
103 600 [5]
3 698 [2]
6 695 [0]
2 697 [2]
12 687 [4]
8 693 [2]
69 631 [6]
50 654 [0]
6 698 [4]
7 695 [2]
9 689 [6]
82 621 [1]
8 690 [6]
7 697 [1]
4 701 [7]
4 697 [4]
7 698 [1]
26 673 [6]
23 682 [0]
186 518 [1]
151 554 [3]
36 670 [5]
8 698 [1]
257 449 [0]
8 697 [6]
8 696 [2]
105 601 [6]
0 699 [7]
4 698 [2]
1 699 [7]
8 699 [2]
5 699 [3]
9 692 [6]
33 674 [0]
10 696 [1]
1 701 [7]
22 686 [6]
219 489 [0]
209 495 [4]
20 687 [1]
151 555 [4]
42 665 [4]
2 703 [3]
8 694 [6]
5 700 [3]
2 704 [0]
0 709 [7]
2 702 [5]
9 694 [6]
0 704 [5]
140 564 [5]
0 702 [7]
66 644 [6]
27 683 [6]
0 708 [7]
7 703 [4]
10 700 [1]
1 704 [5]
142 568 [0]
8 703 [1]
10 699 [1]
32 676 [6]
7 701 [0]
2 707 [3]
276 434 [1]
28 679 [4]
76 630 [5]
98 614 [1]
8 702 [2]
0 712 [7]
1 708 [3]
6 704 [2]
27 681 [4]
7 705 [2]
9 697 [6]
27 685 [4]
4 705 [0]
29 678 [6]
0 713 [7]
7 706 [3]
2 706 [5]
10 703 [4]
12 701 [1]
13 700 [0]
48 658 [7]
14 699 [1]
45 664 [4]
135 572 [6]
36 677 [5]
248 465 [0]
16 693 [0]
2 712 [5]
2 708 [2]
14 700 [6]
8 705 [1]
10 702 [1]
128 585 [5]
15 695 [7]
126 586 [3]
7 708 [1]
2 713 [3]
4 707 [4]
14 696 [0]
1 709 [5]
3 708 [4]
7 707 [1]
355 360 [0]
1 715 [5]
53 659 [4]
79 634 [7]
5 707 [4]
8 701 [2]
4 708 [4]
102 614 [1]
88 624 [5]
77 637 [2]
10 706 [2]
3 711 [2]
17 699 [4]
9 701 [6]
6 709 [2]
1 713 [0]
6 711 [4]
80 634 [3]
4 711 [2]
97 617 [3]
2 710 [5]
6 707 [4]
9 708 [6]
154 562 [1]
41 676 [2]
48 670 [7]
16 702 [6]
0 718 [7]
1 717 [5]
35 683 [4]
8 709 [1]
9 709 [6]
38 679 [4]
295 423 [3]
12 706 [2]
7 709 [2]
5 714 [1]
199 519 [1]
69 647 [1]
223 496 [0]
64 654 [1]
25 689 [5]
6 710 [7]
83 635 [5]
164 554 [4]
0 720 [5]
255 458 [7]
9 705 [6]
8 711 [1]
226 494 [0]
5 713 [2]
8 712 [2]
27 693 [1]
2 714 [2]
3 718 [4]
19 697 [5]
14 702 [0]
227 493 [1]
0 714 [7]
9 706 [6]
3 714 [4]
10 710 [0]
2 720 [0]
8 713 [1]
7 711 [4]
2 715 [5]
7 714 [1]
6 715 [0]
6 717 [2]
294 422 [7]
5 718 [1]
5 715 [3]
8 715 [2]
18 705 [3]
11 707 [5]
43 680 [6]
0 717 [7]
176 544 [4]
2 718 [2]
5 716 [3]
7 715 [0]
10 712 [1]
12 710 [2]
8 717 [1]
4 721 [0]
30 695 [4]
5 717 [3]
39 686 [7]
48 677 [3]
2 716 [5]
22 704 [7]
2 724 [5]
6 720 [2]
7 719 [3]
9 717 [6]
8 716 [2]
14 712 [0]
7 717 [2]
82 643 [0]
2 719 [5]
359 367 [0]
1 726 [7]
27 700 [4]
6 721 [0]
9 718 [6]
1 721 [5]
5 720 [0]
204 521 [2]
20 706 [1]
104 622 [7]
8 720 [1]
117 608 [3]
1 722 [5]
49 675 [4]
4 719 [5]
79 650 [5]
318 411 [0]
2 725 [3]
10 715 [1]
4 722 [3]
103 625 [2]
1 729 [0]
186 542 [1]
9 715 [6]
20 710 [1]
21 709 [0]
6 722 [2]
0 723 [7]
8 721 [1]
6 719 [7]
7 721 [2]
158 566 [6]
51 674 [5]
6 725 [4]
0 724 [7]
1 727 [3]
87 640 [7]
7 722 [2]
111 617 [3]
94 632 [6]
13 715 [4]
83 649 [5]
36 691 [5]
0 728 [5]
8 725 [1]
10 723 [1]
25 703 [5]
4 725 [4]
80 650 [3]
7 725 [1]
103 630 [2]
5 727 [1]
8 723 [2]
143 590 [7]
8 724 [2]
5 729 [2]
35 693 [6]
0 734 [5]
1 733 [0]
5 726 [3]
16 712 [6]
0 729 [5]
38 696 [4]
1 728 [0]
8 727 [6]
1 734 [5]
99 636 [7]
5 728 [2]
109 626 [4]
4 728 [3]
2 730 [3]
7 727 [1]
10 724 [1]
8 728 [1]
53 683 [4]
6 728 [2]
4 729 [3]
8 726 [2]
60 672 [4]
9 721 [6]
1 736 [0]
5 732 [3]
6 729 [2]
4 731 [2]
188 549 [3]
36 698 [5]
70 668 [0]
7 731 [4]
0 733 [5]
12 719 [2]
1 732 [5]
56 679 [3]
16 716 [6]
2 733 [3]
10 728 [4]
8 729 [1]
276 462 [0]
126 613 [6]
8 731 [1]
0 732 [7]
20 719 [0]
4 733 [3]
29 704 [6]
2 734 [0]
8 730 [1]
8 732 [2]
9 731 [6]
15 721 [3]
366 374 [0]
38 702 [4]
302 438 [0]
6 731 [4]
100 634 [7]
2 736 [3]
0 736 [5]
4 735 [2]
7 730 [4]
11 725 [5]
99 639 [7]
4 738 [3]
18 721 [7]
4 736 [3]
6 734 [2]
9 727 [6]
48 691 [7]
121 616 [1]
0 743 [7]
5 738 [0]
10 732 [1]
14 724 [0]
25 713 [5]
8 735 [1]
21 722 [0]
27 716 [4]
10 729 [4]
68 675 [4]
9 728 [6]
145 599 [5]
5 739 [3]
10 730 [4]
203 539 [1]
1 738 [5]
202 542 [6]
0 745 [7]
4 741 [3]
9 736 [6]
13 732 [6]
1 739 [5]
334 411 [0]
8 736 [1]
8 738 [1]
2 744 [5]
7 735 [4]
93 653 [7]
2 739 [5]
7 739 [0]
2 737 [5]
0 739 [7]
6 738 [2]
147 592 [6]
11 735 [5]
36 707 [5]
16 724 [6]
51 694 [5]
0 747 [7]
33 714 [7]
318 427 [2]
76 666 [5]
8 737 [2]
1 741 [5]
1 740 [7]
2 746 [5]
10 737 [1]
0 748 [5]
272 472 [4]
9 733 [6]
5 743 [2]
9 740 [6]
357 392 [0]
263 482 [4]
5 741 [3]
4 743 [2]
0 742 [7]
85 663 [1]
6 740 [3]
9 735 [6]
0 750 [7]
5 742 [3]
7 741 [2]
53 693 [6]
100 650 [7]
42 704 [3]
4 746 [7]
149 601 [0]
5 745 [2]
8 742 [2]
14 732 [4]
10 740 [4]
85 665 [4]
8 741 [1]
0 751 [7]
4 740 [7]
341 410 [0]
2 749 [3]
4 745 [2]
7 744 [3]
45 706 [4]
211 537 [2]
1 751 [5]
36 711 [5]
178 570 [4]
12 740 [1]
80 669 [3]
14 737 [0]
56 696 [3]
343 409 [0]
10 739 [1]
27 726 [1]
79 669 [5]
143 603 [7]
1 747 [5]
2 748 [3]
48 698 [7]
10 744 [0]
2 752 [5]
28 726 [6]
109 645 [4]
90 658 [0]
38 712 [4]
28 723 [4]
5 750 [3]
6 746 [3]
5 748 [2]
10 741 [4]
6 749 [4]
22 733 [7]
4 748 [3]
5 747 [3]
9 747 [6]
1 755 [5]
7 749 [1]
7 746 [3]
6 748 [2]
22 734 [7]
13 739 [4]
9 741 [6]
8 747 [1]
4 749 [4]
3 754 [2]
2 750 [5]
10 743 [4]
27 724 [6]
8 749 [1]
2 756 [3]
22 729 [7]
8 750 [2]
10 748 [4]
16 737 [0]
1 750 [5]
2 751 [5]
56 702 [3]
25 730 [5]
2 753 [3]
9 743 [6]
2 754 [3]
0 759 [7]
3 756 [2]
10 745 [4]
317 440 [6]
27 732 [4]
1 753 [0]
327 432 [0]
90 670 [0]
9 745 [6]
5 753 [2]
6 754 [4]
8 752 [2]
1 752 [7]
9 744 [6]
10 750 [1]
5 752 [3]
4 753 [3]
6 753 [2]
0 761 [5]
10 747 [4]
8 751 [2]
0 754 [7]
119 638 [4]
2 759 [2]
318 441 [2]
23 731 [0]
9 746 [6]
181 580 [0]
229 533 [0]
0 762 [7]
8 753 [1]
2 760 [5]
10 746 [2]
2 755 [5]
21 741 [0]
140 617 [5]
76 681 [5]
348 414 [0]
2 761 [0]
5 758 [3]
10 753 [4]
272 491 [4]
5 755 [3]
21 738 [0]
8 756 [1]
2 762 [2]
5 759 [1]
27 737 [6]
343 420 [0]
237 527 [0]
16 742 [6]
0 757 [7]
36 725 [7]
4 756 [4]
252 513 [0]
0 765 [7]
38 723 [4]
3 762 [4]
45 719 [1]
8 755 [2]
11 749 [5]
80 682 [3]
75 685 [0]
5 756 [4]
20 744 [1]
114 650 [2]
5 757 [3]
1 765 [5]
79 682 [5]
1 762 [3]
6 756 [4]
39 728 [7]
2 758 [5]
20 746 [1]
54 713 [6]
141 626 [0]
377 390 [0]
35 726 [6]
8 758 [2]
16 752 [0]
3 759 [4]
8 760 [2]
10 757 [1]
1 764 [0]
51 714 [5]
2 767 [5]
2 764 [3]
51 718 [5]
9 754 [6]
29 734 [6]
28 737 [4]
6 761 [2]
1 769 [0]
0 770 [7]
325 445 [0]
5 765 [3]
2 766 [3]
230 539 [1]
103 666 [5]
8 762 [6]
10 760 [1]
8 761 [1]
2 763 [5]
7 762 [1]
2 769 [3]
83 688 [5]
14 757 [6]
49 722 [4]
3 766 [2]
344 426 [5]
9 756 [6]
126 642 [3]
1 771 [0]
16 750 [6]
211 557 [3]
6 764 [2]
105 661 [6]
279 493 [0]
4 763 [7]
10 763 [2]
1 772 [5]
2 771 [3]
16 751 [6]
356 417 [0]
4 769 [3]
5 762 [1]
50 716 [0]
26 741 [6]
7 763 [3]
25 743 [5]
8 764 [1]
9 759 [6]
198 575 [2]
8 765 [1]
7 765 [2]
4 766 [2]
0 767 [7]
8 767 [2]
39 729 [7]
8 766 [1]
294 474 [7]
0 768 [7]
2 768 [5]
25 745 [5]
80 692 [3]
5 771 [2]
1 770 [5]
13 757 [6]
0 771 [5]
5 768 [3]
100 669 [7]
34 743 [0]
1 776 [5]
3 774 [4]
2 773 [3]
131 640 [7]
4 771 [3]
4 770 [3]
16 755 [6]
5 770 [3]
8 769 [1]
1 774 [3]
8 768 [2]
2 777 [5]
5 774 [1]
353 426 [0]
6 771 [2]
12 763 [4]
7 770 [2]
16 758 [0]
9 763 [6]
10 765 [4]
8 770 [1]
0 772 [7]
4 772 [3]
82 693 [4]
9 764 [6]
28 752 [6]
272 508 [4]
9 765 [6]
51 727 [5]
313 467 [0]
2 774 [2]
326 454 [0]
27 752 [1]
34 745 [0]
8 772 [1]
5 776 [3]
6 775 [7]
69 709 [0]
28 750 [3]
76 700 [0]
4 773 [4]
7 772 [2]
7 773 [1]
23 754 [5]
8 774 [6]
173 609 [7]
385 397 [0]
27 755 [4]
56 723 [3]
16 760 [6]
5 773 [4]
2 778 [3]
8 773 [1]
5 778 [4]
221 560 [0]
6 777 [7]
56 724 [3]
22 761 [7]
53 726 [4]
98 685 [1]
8 776 [2]
378 406 [0]
4 775 [5]
16 768 [6]
103 681 [2]
9 769 [6]
20 763 [1]
27 758 [1]
9 770 [6]
7 775 [3]
100 682 [7]
114 669 [2]
73 709 [3]
22 764 [7]
4 782 [4]
2 782 [3]
2 784 [5]
69 717 [0]
7 779 [4]
9 771 [6]
4 778 [4]
8 778 [1]
126 660 [6]
263 519 [4]
10 772 [4]
28 758 [0]
8 779 [1]
70 717 [0]
10 777 [0]
206 577 [7]
3 782 [2]
1 781 [5]
6 780 [2]
2 783 [3]
141 645 [0]
2 781 [5]
9 773 [6]
27 757 [4]
6 778 [4]
85 704 [1]
8 781 [2]
16 767 [6]
11 773 [5]
5 781 [3]
1 783 [0]
7 780 [2]
9 774 [6]
101 688 [6]
6 779 [4]
8 782 [1]
87 702 [3]
11 779 [5]
1 786 [0]
4 783 [3]
0 791 [7]
8 783 [1]
1 785 [5]
5 782 [4]
6 783 [2]
2 786 [3]
3 789 [2]
2 790 [5]
10 781 [1]
6 782 [4]
50 742 [5]
0 785 [7]
44 748 [7]
75 716 [0]
2 785 [5]
0 787 [5]
33 759 [0]
115 675 [2]
22 771 [7]
6 787 [2]
281 512 [0]
9 778 [6]
4 786 [3]
1 787 [0]
12 775 [2]
227 567 [1]
232 558 [7]
10 780 [4]
1 788 [5]
6 786 [2]
151 641 [4]
267 522 [6]
2 793 [3]
3 792 [4]
0 788 [7]
8 787 [1]
9 786 [6]
45 746 [4]
14 781 [4]
13 776 [0]
27 768 [4]
100 692 [7]
4 788 [3]
229 566 [7]
36 756 [5]
9 780 [6]
8 785 [2]
7 789 [1]
2 792 [3]
16 776 [6]
20 775 [0]
8 788 [1]
29 761 [6]
5 788 [3]
199 596 [1]
2 795 [3]
5 792 [4]
10 787 [4]
44 753 [7]
0 790 [7]
1 793 [0]
60 733 [4]
8 789 [1]
27 767 [4]
114 682 [2]
26 772 [6]
22 769 [7]
20 777 [1]
9 783 [6]
112 686 [1]
152 646 [0]
0 799 [5]
4 795 [2]
5 791 [3]
0 792 [0]
6 793 [2]
28 767 [4]
7 792 [1]
21 772 [0]
8 791 [2]
341 457 [3]
1 795 [0]
6 789 [4]
2 796 [2]
5 795 [2]
10 790 [1]
1 799 [5]
4 792 [4]
180 618 [3]
183 615 [4]
8 790 [2]
215 583 [1]
9 784 [6]
4 797 [2]
7 794 [3]
107 694 [0]
90 711 [0]
1 797 [0]
6 792 [1]
9 793 [6]
1 801 [3]
23 779 [0]
50 751 [0]
1 798 [0]
36 766 [5]
8 793 [1]
86 716 [1]
10 788 [4]
38 760 [4]
2 797 [3]
0 795 [7]
42 761 [4]
6 794 [7]
265 538 [0]
7 796 [1]
11 792 [5]
6 795 [2]
27 776 [4]
0 798 [5]
103 700 [5]
2 798 [3]
14 790 [0]
5 799 [0]
3 801 [4]
48 756 [7]
0 797 [0]
5 797 [2]
13 785 [0]
4 796 [4]
121 684 [0]
5 800 [3]
21 780 [0]
5 798 [2]
148 652 [5]
5 796 [4]
24 781 [0]
20 784 [1]
2 804 [5]
6 798 [2]
1 800 [5]
6 796 [4]
16 785 [6]
7 800 [2]
192 612 [6]
9 798 [6]
9 792 [6]
6 797 [4]
0 800 [7]
364 443 [0]
11 796 [5]
93 714 [5]
8 799 [1]
38 767 [4]
1 807 [7]
400 408 [0]
1 802 [5]
6 802 [2]
7 797 [4]
7 801 [1]
45 763 [4]
85 720 [4]
53 752 [4]
1 808 [5]
6 803 [7]
22 787 [7]
105 703 [7]
8 800 [1]
4 801 [4]
4 802 [3]
10 795 [4]
21 788 [0]
128 679 [5]
149 661 [0]
7 803 [3]
189 621 [0]
155 654 [3]
51 759 [5]
8 801 [6]
9 795 [6]
9 794 [6]
7 802 [2]
9 796 [6]
80 731 [3]
10 797 [4]
22 783 [7]
87 724 [3]
2 805 [5]
1 804 [7]
82 726 [4]
36 773 [7]
0 806 [7]
0 813 [7]
5 808 [3]
10 799 [4]
6 804 [7]
6 807 [3]
51 762 [5]
79 731 [7]
0 811 [0]
16 791 [6]
0 814 [5]
2 812 [0]
6 808 [0]
4 805 [7]
7 807 [3]
7 804 [3]
98 716 [1]
9 805 [6]
284 530 [0]
2 807 [5]
281 532 [0]
189 623 [4]
48 766 [7]
20 794 [1]
109 706 [4]
2 808 [5]
7 805 [3]
9 800 [6]
130 684 [1]
216 593 [6]
1 811 [2]
5 811 [1]
4 812 [3]
1 815 [5]
7 809 [3]
2 809 [5]
27 785 [4]
8 806 [2]
9 801 [6]
64 751 [1]
36 778 [5]
10 805 [2]
53 758 [6]
2 810 [5]
0 810 [7]
9 802 [6]
2 811 [4]
69 747 [0]
8 808 [2]
177 636 [4]
10 806 [1]
0 812 [5]
179 639 [4]
7 811 [6]
343 472 [6]
70 747 [0]
6 809 [3]
5 813 [1]
6 812 [2]
27 791 [4]
80 735 [3]
1 812 [0]
49 770 [4]
259 560 [0]
10 807 [2]
85 734 [1]
6 814 [2]
64 755 [1]
3 813 [4]
1 819 [7]
3 811 [4]
19 801 [0]
8 810 [2]
22 798 [7]
297 523 [0]
22 799 [7]
0 821 [5]
5 814 [2]
43 772 [6]
4 814 [3]
267 549 [3]
7 813 [1]
45 775 [1]
8 812 [1]
36 782 [5]
4 815 [3]
4 818 [2]
7 815 [2]
227 594 [1]
22 793 [7]
9 807 [6]
10 808 [4]
106 710 [6]
9 814 [6]
6 815 [2]
9 808 [6]
12 807 [4]
50 768 [0]
1 817 [5]
20 803 [1]
9 815 [6]
0 817 [7]
344 478 [2]
147 670 [6]
83 740 [5]
8 815 [1]
327 497 [0]
384 440 [0]
20 804 [1]
22 795 [7]
8 816 [1]
14 810 [0]
9 816 [6]
1 824 [0]
2 823 [5]
6 819 [3]
13 808 [4]
20 805 [1]
10 809 [0]
36 789 [5]
309 517 [0]
216 604 [6]
10 812 [4]
2 821 [0]
7 817 [2]
403 423 [0]
6 816 [4]
4 820 [2]
56 767 [3]
8 817 [1]
256 565 [6]
50 776 [1]
7 816 [4]
51 774 [5]
8 818 [1]
75 751 [1]
341 485 [4]
1 821 [5]
38 790 [4]
10 814 [4]
20 807 [1]
6 821 [2]
1 828 [0]
409 420 [0]
2 824 [3]
8 819 [2]
21 802 [0]
8 820 [1]
7 818 [4]
10 815 [4]
8 822 [2]
20 809 [1]
4 819 [7]
1 822 [7]
7 820 [4]
2 829 [2]
348 482 [1]
0 824 [7]
2 822 [5]
8 823 [2]
1 823 [7]
4 825 [2]
10 817 [4]
2 826 [3]
0 832 [7]
3 829 [4]
4 826 [2]
16 810 [6]
4 828 [3]
11 816 [5]
8 824 [1]
9 823 [6]
9 817 [6]
189 643 [4]
10 822 [1]
6 823 [3]
1 829 [3]
257 575 [6]
7 819 [0]
48 778 [7]
10 819 [4]
5 826 [2]
2 828 [3]
107 727 [0]
8 826 [1]
359 474 [6]
28 806 [4]
256 572 [6]
8 825 [1]
0 827 [7]
69 765 [0]
82 752 [4]
135 696 [2]
344 488 [2]
2 827 [5]
4 823 [7]
99 736 [7]
105 730 [6]
60 771 [4]
9 820 [6]
36 796 [7]
7 824 [4]
7 825 [4]
10 826 [4]
8 828 [1]
11 820 [5]
386 450 [0]
22 814 [6]
6 828 [2]
27 810 [4]
7 826 [4]
32 799 [6]
0 830 [7]
2 830 [5]
343 491 [6]
1 831 [5]
0 838 [5]
2 836 [0]
0 831 [7]
68 770 [2]
76 757 [0]
23 816 [0]
9 824 [6]
8 830 [2]
0 840 [5]
3 837 [4]
294 545 [7]
41 799 [7]
82 758 [4]
4 833 [3]
4 834 [2]
21 815 [0]
7 831 [2]
48 789 [7]
22 812 [7]
10 831 [4]
7 834 [4]
1 840 [0]
8 833 [1]
14 827 [0]
1 835 [5]
0 836 [5]
98 742 [1]
356 480 [5]
197 644 [6]
64 776 [1]
5 833 [0]
6 833 [2]
353 488 [2]
10 832 [1]
4 838 [3]
227 614 [1]
0 835 [7]
322 517 [0]
8 832 [2]
100 735 [7]
129 712 [3]
2 835 [5]
137 705 [4]
298 544 [0]
28 810 [4]
158 685 [6]
8 834 [1]
9 828 [6]
2 837 [2]
5 837 [1]
16 822 [0]
5 835 [3]
8 829 [6]
0 837 [7]
2 842 [2]
7 837 [1]
6 836 [2]
1 838 [0]
102 742 [1]
388 456 [0]
361 483 [0]
9 829 [6]
5 838 [2]
1 844 [3]
347 498 [0]
4 841 [7]
8 835 [2]
201 644 [0]
38 806 [4]
16 830 [6]
85 761 [4]
4 840 [3]
2 839 [5]
8 837 [6]
6 838 [2]
0 847 [7]
14 832 [0]
2 845 [5]
5 842 [1]
9 838 [6]
10 833 [4]
94 753 [6]
141 706 [2]
171 676 [0]
50 791 [0]
94 748 [6]
7 841 [0]
2 843 [3]
196 652 [6]
6 839 [7]
9 833 [6]
27 822 [6]
16 827 [6]
5 841 [3]
14 830 [0]
56 790 [3]
33 811 [5]
7 843 [4]
0 843 [7]
5 843 [2]
69 780 [0]
2 844 [2]
166 684 [0]
10 841 [4]
25 826 [5]
128 723 [5]
200 651 [0]
3 842 [4]
8 844 [6]
147 698 [6]
21 831 [0]
149 703 [0]
33 813 [0]
3 844 [4]
12 841 [1]
49 800 [4]
343 508 [0]
21 833 [0]
45 805 [4]
0 854 [7]
16 832 [6]
172 682 [0]
25 824 [5]
151 701 [4]
13 835 [0]
28 827 [4]
86 768 [1]
4 851 [7]
0 855 [5]
8 846 [1]
9 840 [6]
8 845 [2]
109 746 [4]
23 825 [0]
1 849 [0]
1 850 [5]
5 849 [2]
421 435 [0]
28 822 [6]
10 845 [1]
347 506 [3]
4 849 [3]
8 841 [2]
73 780 [3]
6 846 [4]
1 848 [7]
9 848 [6]
93 762 [0]
109 744 [4]
0 850 [7]
22 828 [7]
10 843 [4]
6 848 [3]
27 830 [4]
7 846 [4]
6 849 [2]
9 842 [6]
16 835 [6]
295 562 [7]
4 850 [3]
9 849 [6]
4 854 [3]
147 711 [0]
0 853 [5]
5 853 [0]
5 850 [3]
27 827 [4]
10 848 [4]
79 779 [5]
6 850 [2]
5 854 [3]
104 755 [7]
0 859 [7]
2 852 [5]
4 848 [7]
8 850 [1]
10 849 [1]
9 844 [6]
7 850 [2]
22 838 [6]
0 860 [7]
2 858 [5]
2 855 [3]
1 854 [5]
20 839 [1]
6 851 [3]
39 814 [7]
2 859 [5]
121 740 [1]
35 822 [4]
305 556 [0]
9 846 [6]
2 857 [3]
4 855 [3]
12 848 [1]
4 852 [5]
8 851 [2]
80 779 [3]
5 857 [4]
90 766 [0]
60 798 [4]
11 846 [5]
1 856 [5]
7 848 [0]
56 806 [3]
341 514 [7]
263 596 [4]
8 853 [1]
211 648 [3]
6 857 [4]
16 847 [6]
265 598 [6]
4 856 [3]
22 840 [7]
6 852 [7]
27 832 [4]
7 854 [2]
10 854 [4]
7 857 [1]
2 860 [2]
5 856 [0]
6 856 [2]
198 667 [2]
29 836 [6]
164 701 [4]
7 851 [0]
233 626 [2]
4 857 [4]
10 851 [4]
22 836 [7]
8 856 [1]
137 721 [7]
5 861 [3]
6 860 [1]
12 852 [2]
13 847 [0]
16 845 [0]
245 618 [3]
4 863 [2]
1 866 [7]
2 865 [5]
99 764 [4]
51 813 [5]
6 858 [7]
7 860 [1]
51 811 [5]
75 791 [1]
410 457 [0]
98 768 [1]
99 769 [4]
356 507 [5]
38 827 [3]
1 862 [5]
25 843 [5]
344 524 [2]
9 852 [3]
427 441 [0]
7 858 [3]
348 519 [1]
281 587 [1]
0 861 [7]
1 868 [5]
181 686 [0]
56 810 [3]
2 862 [0]
8 860 [1]
8 859 [2]
8 862 [1]
9 855 [6]
5 862 [3]
68 800 [2]
6 862 [0]
2 869 [5]
159 711 [6]
47 823 [0]
9 862 [6]
8 861 [2]
8 864 [2]
4 868 [0]
109 763 [4]
8 863 [1]
325 546 [5]
0 865 [7]
260 607 [7]
294 579 [7]
27 845 [6]
1 867 [7]
11 857 [5]
20 852 [1]
38 832 [4]
2 864 [5]
10 858 [0]
10 864 [1]
0 874 [7]
2 872 [3]
7 863 [4]
23 846 [0]
2 867 [5]
294 573 [7]
8 865 [2]
2 873 [5]
6 866 [7]
302 569 [4]
1 869 [5]
43 831 [1]
344 531 [2]
4 866 [5]
10 865 [1]
350 525 [0]
21 850 [0]
5 867 [3]
22 853 [7]
1 875 [7]
10 862 [4]
0 876 [7]
211 665 [3]
7 866 [3]
21 854 [0]
6 868 [0]
1 876 [5]
86 791 [1]
0 877 [7]
33 842 [0]
293 584 [0]
8 868 [1]
22 855 [7]
7 868 [2]
88 786 [5]
4 867 [7]
197 678 [6]
10 866 [0]
34 843 [0]
87 790 [3]
8 869 [2]
311 567 [0]
14 859 [0]
1 870 [7]
27 847 [4]
407 471 [0]
14 864 [0]
1 878 [0]
7 872 [1]
9 870 [6]
10 869 [1]
28 845 [6]
53 822 [4]
100 779 [7]
6 870 [3]
209 663 [3]
51 829 [5]
5 875 [3]
9 871 [6]
35 845 [4]
233 645 [0]
4 872 [4]
12 866 [2]
7 870 [0]
8 871 [1]
297 581 [2]
5 872 [4]
8 873 [2]
107 774 [0]
16 859 [6]
8 872 [1]
7 867 [0]
4 870 [7]
12 870 [4]
190 692 [0]
357 522 [3]
277 605 [0]
8 867 [0]
6 872 [4]
7 871 [4]
9 868 [6]
2 876 [5]
4 879 [7]
10 873 [1]
16 861 [6]
12 867 [4]
0 878 [5]
7 874 [2]
15 868 [3]
56 827 [3]
8 876 [2]
1 883 [7]
39 838 [7]
2 877 [5]
15 862 [7]
6 878 [2]
10 874 [4]
409 472 [6]
106 777 [6]
2 883 [5]
29 856 [6]
141 744 [0]
2 881 [2]
8 875 [2]
16 864 [0]
8 870 [2]
22 856 [7]
7 879 [0]
0 886 [7]
69 817 [0]
9 877 [6]
10 875 [4]
56 830 [3]
8 878 [1]
6 881 [1]
1 879 [7]
16 865 [6]
10 876 [1]
8 877 [2]
14 869 [4]
20 866 [1]
27 861 [4]
5 883 [3]
3 881 [2]
29 853 [6]
6 879 [3]
9 879 [6]
0 881 [7]
337 551 [0]
6 875 [0]
10 877 [1]
11 872 [5]
12 875 [1]
7 875 [0]
6 883 [3]
9 874 [6]
129 760 [3]
0 882 [7]
203 680 [6]
2 884 [3]
8 879 [2]
4 881 [4]
45 839 [6]
89 801 [7]
5 885 [3]
1 889 [5]
18 868 [4]
51 837 [5]
32 856 [6]
9 875 [6]
7 880 [3]
4 884 [2]
7 884 [4]
14 876 [0]
56 832 [3]
1 891 [5]
27 865 [6]
0 892 [7]
2 885 [5]
8 882 [2]
178 710 [4]
11 881 [5]
30 862 [4]
0 885 [7]
99 793 [4]
24 869 [0]
0 893 [7]
23 863 [0]
429 464 [0]
305 585 [6]
10 882 [1]
358 535 [0]
36 857 [7]
51 842 [5]
6 888 [4]
23 871 [0]
297 597 [2]
114 779 [2]
4 888 [2]
4 883 [7]
16 873 [0]
12 883 [1]
21 874 [0]
14 877 [4]
8 885 [2]
79 816 [7]
39 849 [7]
73 817 [3]
4 889 [0]
8 886 [2]
2 894 [2]
42 853 [4]
28 864 [4]
13 877 [0]
80 816 [3]
157 739 [2]
1 896 [0]
51 844 [5]
7 883 [0]
8 888 [1]
27 864 [6]
45 852 [6]
50 847 [0]
16 877 [4]
109 784 [4]
6 889 [0]
1 897 [3]
2 896 [3]
410 485 [7]
8 890 [2]
8 889 [1]
7 889 [2]
8 883 [0]
350 548 [0]
2 891 [5]
16 876 [6]
4 895 [2]
9 884 [6]
6 891 [0]
2 890 [5]
1 893 [5]
43 854 [1]
7 888 [4]
5 891 [3]
10 887 [1]
2 898 [5]
14 886 [3]
198 699 [0]
31 867 [4]
8 891 [2]
38 859 [4]
5 896 [2]
10 891 [1]
16 885 [6]
28 873 [4]
95 801 [5]
20 880 [1]
0 894 [7]
0 897 [7]
0 902 [7]
5 897 [1]
79 818 [5]
7 894 [1]
4 894 [4]
53 845 [4]
219 677 [0]
49 850 [4]
16 887 [6]
27 876 [4]
80 820 [3]
9 888 [6]
8 893 [2]
38 865 [4]
0 896 [7]
136 767 [0]
10 892 [1]
215 688 [1]
2 897 [2]
5 899 [3]
2 902 [5]
1 903 [5]
8 895 [1]
6 894 [1]
11 888 [5]
8 896 [1]
3 897 [4]
13 885 [0]
1 898 [7]
79 825 [5]
60 840 [4]
122 783 [4]
6 899 [0]
359 545 [6]
281 624 [1]
93 813 [5]
9 891 [6]
1 905 [0]
16 890 [6]
1 900 [0]
7 895 [4]
27 873 [6]
14 887 [0]
1 901 [5]
6 898 [3]
5 900 [2]
109 794 [4]
28 876 [3]
4 900 [3]
22 878 [7]
10 898 [2]
8 899 [1]
7 898 [3]
13 891 [4]
8 900 [1]
9 899 [6]
0 901 [7]
276 631 [1]
7 899 [2]
5 904 [3]
9 900 [6]
357 549 [3]
212 695 [6]
14 890 [0]
2 908 [2]
1 909 [5]
222 686 [0]
330 580 [0]
10 896 [4]
0 903 [7]
9 901 [6]
2 905 [3]
12 898 [4]
2 903 [5]
8 901 [2]
8 903 [2]
2 909 [5]
36 872 [7]
3 908 [4]
106 804 [1]
292 619 [7]
6 905 [2]
18 889 [4]
50 861 [7]
0 904 [7]
64 847 [1]
253 658 [0]
5 903 [3]
14 892 [0]
192 713 [6]
27 885 [4]
1 904 [7]
1 906 [5]
8 902 [2]
122 786 [4]
35 873 [4]
319 594 [5]
2 911 [3]
5 908 [1]
6 907 [2]
209 704 [4]
7 906 [2]
10 899 [4]
9 904 [2]
4 906 [0]
147 766 [6]
7 907 [2]
4 910 [5]
31 883 [6]
371 543 [0]
229 685 [7]
9 898 [6]
10 900 [4]
28 882 [4]
10 903 [1]
426 488 [0]
13 901 [0]
8 904 [2]
25 884 [5]
8 905 [1]
16 893 [6]
1 914 [0]
60 855 [4]
0 908 [7]
1 911 [0]
8 906 [1]
0 913 [0]
109 803 [4]
0 916 [7]
1 915 [5]
3 913 [4]
109 805 [4]
9 907 [6]
266 650 [0]
47 870 [4]
27 886 [4]
28 886 [4]
4 913 [4]
177 736 [4]
5 909 [3]
14 903 [4]
45 866 [6]
10 901 [1]
2 910 [5]
2 912 [3]
1 917 [5]
20 898 [1]
109 809 [4]
5 911 [2]
79 834 [5]
2 913 [2]
1 918 [7]
0 914 [5]
5 914 [0]
6 911 [2]
2 914 [0]
14 901 [4]
309 609 [2]
40 877 [3]
1 919 [5]
5 915 [3]
6 914 [2]
7 910 [3]
100 820 [7]
8 911 [1]
9 911 [6]
129 790 [3]
16 904 [0]
6 912 [2]
25 896 [5]
4 917 [3]
7 913 [1]
34 884 [1]
6 910 [7]
8 912 [1]
14 904 [1]
17 904 [6]
15 899 [7]
38 882 [4]
85 836 [4]
4 918 [7]
5 917 [3]
1 916 [5]
2 915 [0]
259 662 [1]
10 912 [4]
199 722 [1]
276 647 [0]
9 908 [6]
100 818 [3]
16 902 [6]
8 914 [1]
4 916 [3]
4 920 [3]
2 922 [2]
7 917 [2]
2 919 [0]
7 915 [2]
8 916 [1]
27 893 [4]
12 910 [2]
410 514 [7]
8 915 [1]
5 920 [3]
4 921 [3]
385 539 [1]
83 841 [1]
436 489 [0]
2 918 [5]
291 634 [0]
119 804 [6]
6 917 [2]
0 926 [5]
8 918 [0]
100 825 [5]
1 921 [5]
24 901 [0]
2 920 [0]
191 736 [0]
38 886 [3]
9 912 [6]
6 919 [2]
141 784 [0]
190 735 [0]
7 921 [2]
7 918 [0]
6 920 [0]
18 906 [4]
9 913 [6]
10 914 [4]
22 900 [7]
7 922 [6]
9 920 [6]
38 887 [4]
5 921 [3]
432 497 [0]
0 922 [3]
7 920 [2]
1 923 [5]
8 920 [1]
10 915 [4]
8 922 [6]
0 930 [7]
79 846 [7]
27 903 [4]
454 476 [0]
53 873 [4]
444 486 [0]
8 921 [1]
33 897 [0]
4 924 [2]
9 915 [6]
10 920 [4]
0 923 [7]
20 910 [1]
3 922 [4]
1 930 [7]
7 924 [4]
10 921 [4]
5 923 [3]
16 909 [6]
6 923 [2]
0 932 [7]
2 930 [5]
4 928 [3]
6 926 [2]
2 925 [5]
21 907 [0]
114 816 [2]
38 890 [4]
9 917 [6]
322 609 [0]
93 837 [0]
8 923 [1]
19 913 [0]
7 923 [2]
83 848 [5]
6 927 [0]
0 933 [7]
2 928 [3]
283 646 [0]
5 925 [3]
8 924 [1]
5 922 [1]
247 686 [0]
0 928 [5]
174 754 [0]
1 927 [5]
38 892 [4]
8 926 [1]
7 927 [2]
22 905 [7]
113 818 [3]
12 918 [4]
256 679 [6]
266 669 [4]
211 720 [3]
92 838 [1]
5 928 [2]
1 929 [0]
397 539 [0]
0 936 [7]
5 931 [3]
8 927 [1]
4 929 [3]
6 928 [2]
30 899 [4]
22 914 [7]
107 829 [0]
5 929 [2]
3 934 [4]
5 932 [3]
6 931 [2]
21 916 [0]
141 794 [0]
105 826 [6]
1 931 [5]
8 930 [2]
21 917 [0]
91 847 [2]
5 930 [3]
1 934 [3]
8 929 [1]
9 923 [6]
0 939 [7]
5 934 [1]
7 932 [2]
100 834 [3]
85 853 [4]
327 613 [3]
5 935 [3]
2 934 [2]
8 932 [1]
27 909 [4]
121 819 [5]
7 931 [2]
10 926 [4]
128 806 [5]
0 941 [7]
1 935 [5]
2 939 [5]
232 705 [7]
22 912 [7]
7 934 [1]
10 931 [4]
288 653 [0]
8 934 [6]
10 928 [4]
9 927 [6]
6 936 [2]
15 920 [7]
1 936 [5]
455 487 [0]
2 941 [5]
113 825 [6]
101 841 [6]
50 893 [0]
69 874 [0]
8 935 [2]
7 937 [3]
66 878 [3]
38 902 [4]
1 940 [0]
9 929 [6]
5 936 [3]
9 936 [6]
453 492 [0]
2 940 [3]
7 936 [2]
56 886 [3]
0 943 [3]
0 946 [7]
3 943 [4]
56 887 [4]
344 600 [2]
141 803 [0]
39 900 [7]
4 942 [0]
5 938 [3]
4 937 [5]
9 931 [6]
10 932 [4]
8 938 [2]
79 863 [5]
3 944 [2]
45 898 [4]
16 930 [6]
18 927 [3]
17 930 [4]
73 874 [3]
16 925 [6]
6 942 [0]
0 948 [7]
10 938 [1]
14 933 [0]
6 940 [2]
21 921 [0]
1 942 [5]
22 926 [7]
29 919 [6]
179 764 [4]
51 897 [5]
56 892 [3]
6 937 [7]
109 839 [4]
2 944 [3]
10 939 [1]
29 914 [6]
56 890 [4]
189 758 [4]
2 943 [2]
8 939 [2]
10 936 [4]
0 950 [7]
3 947 [2]
130 819 [5]
6 944 [4]
8 942 [1]
209 734 [3]
4 944 [2]
54 896 [6]
80 871 [3]
7 944 [1]
7 942 [2]
1 945 [5]
31 918 [6]
7 943 [6]
8 941 [2]
97 849 [5]
256 696 [6]
0 945 [7]
10 942 [4]
141 809 [2]
4 945 [3]
27 925 [4]
87 865 [3]
179 769 [5]
433 520 [0]
26 921 [6]
100 846 [7]
5 945 [0]
105 843 [6]
8 945 [1]
383 570 [0]
1 949 [3]
1 953 [7]
8 946 [1]
9 945 [6]
6 946 [2]
5 946 [3]
21 932 [0]
10 945 [4]
8 947 [1]
7 946 [2]
16 939 [6]
2 948 [5]
29 926 [6]
2 951 [3]
9 940 [6]
7 949 [1]
9 947 [6]
3 951 [2]
12 937 [2]
3 949 [4]
107 844 [0]
5 948 [3]
14 938 [4]
79 871 [5]
3 954 [4]
20 937 [1]
9 942 [6]
4 949 [4]
2 950 [5]
4 951 [2]
33 922 [0]
2 956 [3]
1 954 [3]
477 481 [0]
64 893 [1]
7 947 [4]
14 939 [0]
9 943 [6]
22 929 [7]
8 949 [6]
98 861 [1]
51 908 [5]
178 777 [4]
0 952 [7]
6 954 [1]
1 959 [5]
8 951 [1]
0 955 [5]
111 849 [5]
10 946 [4]
2 955 [0]
8 950 [2]
1 955 [5]
6 955 [2]
0 961 [5]
7 954 [1]
15 942 [3]
28 933 [4]
355 606 [0]
421 540 [0]
3 956 [2]
6 951 [4]
6 949 [1]
9 946 [6]
6 956 [4]
1 961 [5]
9 953 [6]
114 846 [2]
22 940 [7]
4 954 [4]
4 956 [2]
24 938 [7]
10 950 [1]
8 952 [2]
255 707 [6]
8 954 [6]
6 957 [7]
9 954 [6]
176 785 [4]
83 875 [5]
10 953 [4]
8 953 [2]
59 904 [0]
83 879 [5]
2 958 [3]
32 926 [6]
4 953 [7]
7 957 [3]
8 956 [1]
102 861 [0]
27 933 [4]
347 617 [0]
318 645 [2]
21 945 [0]
4 962 [7]
2 959 [5]
372 594 [0]
6 958 [2]
100 863 [3]
14 952 [0]
27 935 [4]
2 961 [0]
0 959 [7]
4 960 [2]
461 505 [0]
27 939 [6]
8 959 [2]
7 953 [0]
8 958 [1]
9 958 [6]
79 888 [7]
109 858 [4]
6 959 [0]
27 941 [4]
6 962 [3]
403 562 [7]
80 888 [3]
185 780 [3]
16 952 [6]
7 959 [2]
7 962 [0]
1 968 [5]
10 959 [4]
14 950 [0]
2 962 [5]
6 961 [2]
433 534 [3]
8 960 [1]
2 964 [3]
165 804 [6]
75 893 [1]
84 884 [1]
366 604 [0]
5 965 [3]
1 969 [7]
16 948 [6]
332 638 [0]
4 963 [3]
1 962 [7]
2 966 [3]
2 963 [0]
1 964 [0]
227 742 [1]
5 964 [2]
7 960 [4]
8 963 [1]
344 625 [2]
38 933 [3]
100 871 [7]
5 963 [3]
19 949 [0]
171 799 [7]
49 916 [4]
8 964 [1]
121 851 [1]
16 950 [6]
10 958 [4]
7 963 [2]
2 965 [5]
0 965 [7]
6 964 [2]
9 964 [6]
44 928 [7]
9 957 [6]
87 887 [5]
8 966 [1]
64 909 [1]
9 959 [6]
2 972 [5]
282 692 [0]
7 966 [1]
121 848 [1]
4 968 [0]
6 969 [3]
1 967 [7]
50 925 [0]
5 966 [4]
149 826 [0]
284 687 [0]
9 960 [6]
221 754 [0]
6 970 [0]
13 959 [4]
344 630 [2]
154 821 [1]
6 967 [3]
7 969 [0]
433 541 [0]
211 761 [3]
345 631 [0]
1 970 [5]
113 863 [7]
6 966 [4]
6 968 [0]
2 969 [5]
151 823 [4]
0 977 [7]
2 975 [5]
233 744 [2]
7 968 [2]
8 968 [1]
8 962 [2]
9 962 [6]
2 971 [5]
6 972 [7]
5 973 [2]
10 968 [4]
9 963 [6]
4 967 [7]
2 973 [3]
12 962 [4]
374 604 [0]
106 866 [4]
20 957 [1]
61 917 [1]
7 972 [3]
386 590 [7]
69 907 [0]
7 970 [2]
27 948 [4]
4 973 [2]
0 980 [7]
268 705 [3]
7 973 [4]
324 656 [0]
12 967 [1]
10 969 [2]
6 975 [7]
10 967 [4]
4 970 [0]
43 932 [6]
130 851 [1]
2 974 [5]
8 971 [2]
4 972 [5]
8 973 [1]
7 975 [3]
8 974 [2]
11 966 [5]
9 967 [6]
255 725 [2]
238 745 [3]
200 782 [5]
15 968 [7]
9 968 [6]
27 952 [4]
0 976 [7]
45 937 [1]
272 712 [0]
9 975 [6]
2 977 [5]
12 972 [2]
14 965 [0]
238 743 [3]
1 978 [5]
0 985 [7]
310 675 [0]
10 974 [1]
12 969 [4]
256 723 [6]
73 907 [3]
14 971 [0]
15 963 [7]
423 562 [0]
2 984 [3]
5 981 [3]
18 968 [7]
126 860 [0]
5 978 [3]
68 916 [2]
2 980 [5]
10 973 [4]
5 982 [0]
1 979 [7]
10 977 [1]
5 979 [3]
51 934 [5]
114 871 [2]
16 965 [6]
197 787 [3]
22 958 [7]
8 978 [2]
36 947 [5]
0 981 [7]
2 979 [5]
263 722 [4]
18 970 [4]
1 982 [5]
23 960 [0]
379 609 [0]
5 984 [2]
8 979 [2]
13 976 [0]
1 983 [5]
50 935 [0]
4 982 [3]
29 961 [6]
8 982 [1]
36 951 [5]
201 787 [3]
2 981 [5]
20 969 [1]
8 980 [2]
166 819 [5]
38 952 [4]
4 984 [2]
93 897 [0]
327 660 [3]
6 982 [2]
2 983 [0]
7 984 [4]
4 987 [2]
5 986 [3]
5 983 [3]
8 983 [1]
173 811 [7]
50 941 [5]
10 975 [2]
203 788 [6]
8 981 [2]
7 983 [2]
5 987 [2]
9 981 [2]
38 950 [4]
2 987 [3]
9 983 [6]
16 976 [6]
69 923 [0]
10 980 [1]
386 603 [7]
16 977 [6]
5 985 [3]
109 880 [4]
16 971 [6]
8 984 [1]
20 972 [1]
14 974 [0]
317 677 [6]
479 515 [0]
382 612 [0]
4 988 [2]
7 985 [2]
129 859 [3]
56 939 [3]
3 992 [4]
356 639 [5]
396 599 [0]
14 981 [1]
48 944 [7]
181 814 [0]
2 986 [5]
1 995 [7]
5 991 [2]
14 977 [0]
6 990 [2]
28 965 [3]
0 991 [5]
20 975 [1]
27 965 [4]
2 989 [5]
16 974 [6]
6 991 [2]
16 981 [4]
5 992 [1]
277 719 [7]
8 988 [1]
1 991 [0]
5 990 [2]
36 956 [5]
48 947 [7]
4 990 [3]
186 810 [1]
50 948 [0]
15 983 [7]
10 986 [1]
100 895 [3]
17 981 [4]
7 987 [4]
28 971 [4]
14 980 [0]
7 989 [3]
10 985 [4]
51 943 [5]
7 988 [4]
407 591 [6]
88 911 [4]
141 858 [2]
5 995 [3]
8 991 [1]
75 925 [0]
64 935 [1]
7 992 [6]
16 978 [6]
0 993 [7]
4 994 [2]
16 979 [0]
296 705 [3]
6 995 [0]
69 931 [1]
199 802 [1]
0 994 [7]
8 992 [6]
10 987 [4]
5 997 [3]
16 986 [0]
91 909 [2]
27 971 [4]
38 965 [3]
4 999 [3]
27 976 [4]
25 973 [5]
9 988 [6]
8 993 [2]
5 996 [2]
9 995 [6]
11 988 [5]
10 990 [4]
2 997 [5]
55 947 [3]
10 989 [2]
0 998 [7]
494 511 [0]
85 919 [4]
10 991 [4]
36 966 [5]
121 879 [5]
8 995 [2]
5 999 [2]
255 749 [0]
6 997 [3]
34 973 [0]
438 569 [0]
27 979 [1]
132 874 [1]
21 985 [0]
305 696 [6]
317 691 [6]
56 952 [3]
99 905 [4]
10 994 [4]
12 995 [1]
8 999 [1]
4 997 [7]
8 998 [2]
38 971 [3]
27 978 [4]
478 531 [0]
7 995 [0]
188 818 [3]
9 994 [6]
344 666 [2]
20 989 [1]
12 997 [1]
10 996 [4]
27 977 [6]
130 879 [1]
502 509 [0]
7 997 [0]
75 935 [1]
14 998 [0]
14 993 [0]
8 997 [0]
179 828 [5]
86 925 [1]
22 991 [7]
186 827 [1]
195 815 [7]
126 881 [0]
25 984 [5]
9 999 [6]
324 689 [7]
27 986 [6]
38 977 [4]
297 718 [2]
128 882 [5]
129 887 [7]
38 974 [4]
45 972 [6]
135 882 [6]
166 851 [5]
75 941 [0]
25 987 [5]
186 830 [1]
38 980 [4]
131 887 [7]
410 608 [7]
282 735 [5]
22 990 [6]
25 994 [5]
129 890 [0]
216 796 [0]
474 545 [0]
264 755 [0]
35 979 [6]
28 986 [6]
28 993 [4]
128 892 [5]
188 834 [7]
290 732 [0]
291 731 [5]
161 861 [0]
341 674 [7]
75 948 [0]
98 925 [1]
131 890 [7]
233 784 [2]
70 946 [0]
141 880 [0]
477 547 [3]
94 928 [6]
22 996 [6]
27 998 [4]
126 894 [6]
87 939 [3]
424 602 [0]
233 794 [2]
137 889 [4]
33 992 [0]
344 681 [2]
50 976 [1]
35 986 [4]
481 547 [0]
439 589 [0]
22 999 [7]
39 990 [7]
100 924 [5]
34 994 [0]
43 985 [1]
31 997 [6]
56 971 [3]
28 998 [4]
97 929 [5]
272 760 [4]
122 911 [4]
56 974 [4]
115 916 [2]
203 831 [6]
38 993 [3]
424 610 [0]
340 695 [0]
56 980 [3]
87 950 [3]
113 924 [3]
83 953 [5]
294 738 [7]
39 991 [7]
129 902 [3]
39 999 [7]
233 803 [2]
53 986 [4]
79 960 [5]
99 940 [4]
117 922 [3]
98 941 [1]
450 590 [0]
107 934 [0]
64 976 [1]
89 949 [7]
39 996 [7]
104 935 [7]
85 961 [4]
463 583 [0]
98 948 [1]
127 919 [1]
90 951 [0]
89 954 [5]
233 809 [2]
51 992 [5]
95 954 [5]
442 607 [0]
304 745 [0]
137 906 [4]
83 967 [5]
209 836 [4]
56 993 [3]
353 700 [6]
56 998 [3]
75 978 [1]
350 697 [5]
277 775 [6]
204 847 [4]
450 603 [6]
417 639 [0]
215 841 [0]
185 874 [1]
82 979 [4]
384 677 [7]
471 591 [0]
176 885 [4]
152 912 [5]
87 977 [3]
281 783 [1]
148 912 [5]
86 978 [1]
80 988 [3]
256 806 [6]
211 853 [4]
87 980 [3]
263 802 [4]
281 786 [1]
363 707 [0]
377 693 [6]
109 957 [4]
137 927 [4]
427 645 [5]
150 923 [0]
525 548 [0]
184 884 [0]
154 919 [1]
197 878 [3]
534 541 [0]
243 832 [0]
145 929 [0]
233 839 [0]
113 960 [7]
121 953 [1]
83 995 [5]
384 691 [7]
137 942 [7]
248 831 [3]
216 857 [6]
190 888 [0]
188 895 [7]
201 878 [3]
179 905 [5]
230 854 [6]
299 785 [1]
410 674 [0]
130 953 [1]
231 853 [0]
122 964 [4]
139 941 [6]
125 962 [0]
100 988 [7]
216 872 [0]
361 727 [7]
267 818 [7]
143 938 [7]
109 975 [4]
105 984 [7]
275 817 [0]
383 710 [3]
105 987 [6]
485 608 [0]
185 907 [1]
139 948 [6]
192 896 [6]
469 626 [0]
382 713 [4]
97 999 [5]
233 858 [2]
141 957 [0]
359 738 [6]
147 944 [6]
533 566 [0]
133 965 [1]
109 989 [4]
267 834 [7]
344 757 [2]
444 652 [6]
282 820 [5]
129 974 [3]
318 784 [2]
232 868 [7]
354 750 [0]
147 951 [6]
343 760 [0]
158 941 [6]
367 738 [0]
137 970 [7]
112 990 [1]
117 992 [3]
148 958 [5]
317 789 [6]
154 955 [1]
112 996 [1]
129 980 [3]
147 956 [6]
131 974 [3]
213 899 [6]
255 857 [0]
233 880 [2]
318 794 [2]
225 890 [0]
188 924 [3]
378 739 [6]
141 975 [2]
186 933 [1]
149 973 [0]
407 714 [6]
318 803 [2]
325 791 [0]
295 821 [7]
536 588 [0]
232 889 [7]
198 930 [0]
287 843 [0]
180 947 [3]
141 989 [2]
277 852 [6]
299 835 [1]
272 859 [0]
149 987 [0]
202 933 [1]
393 743 [0]
266 871 [0]
361 774 [2]
565 572 [0]
232 906 [7]
486 652 [0]
149 984 [0]
556 585 [0]
297 842 [3]
203 932 [6]
145 999 [5]
167 976 [2]
256 882 [6]
183 963 [7]
536 611 [1]
265 886 [1]
463 688 [0]
324 824 [0]
348 802 [1]
356 793 [5]
532 624 [0]
431 726 [0]
495 663 [0]
503 655 [0]
318 839 [2]
267 895 [7]
351 812 [0]
383 777 [3]
232 927 [7]
183 983 [7]
371 797 [1]
386 781 [6]
206 964 [7]
181 990 [0]
543 628 [0]
334 839 [2]
536 633 [5]
500 672 [5]
190 988 [0]
581 597 [0]
272 902 [4]
181 996 [5]
437 744 [0]
186 993 [1]
357 818 [7]
458 725 [0]
250 932 [2]
186 998 [1]
356 828 [5]
241 944 [5]
357 825 [3]
299 885 [1]
236 950 [0]
327 860 [0]
528 659 [0]
277 910 [6]
361 829 [7]
524 666 [0]
258 933 [1]
290 903 [0]
267 924 [3]
202 993 [6]
268 927 [3]
243 952 [0]
357 834 [7]
359 833 [6]
588 611 [0]
412 788 [0]
232 970 [7]
343 859 [0]
305 892 [6]
318 880 [2]
280 926 [3]
202 998 [6]
458 749 [6]
297 908 [2]
276 931 [0]
292 915 [7]
483 727 [0]
528 683 [2]
327 881 [3]
236 977 [0]
276 936 [0]
459 754 [0]
277 937 [6]
233 975 [2]
230 985 [6]
427 784 [5]
553 664 [0]
530 687 [0]
533 685 [0]
588 633 [5]
295 919 [7]
557 665 [0]
222 996 [3]
407 813 [0]
560 662 [0]
278 944 [0]
403 821 [6]
327 894 [3]
233 989 [2]
389 835 [0]
600 625 [0]
358 865 [0]
255 966 [6]
586 642 [0]
427 794 [7]
427 803 [7]
600 630 [0]
450 781 [0]
452 780 [0]
525 708 [5]
478 757 [5]
238 994 [3]
500 733 [5]
294 945 [7]
503 737 [3]
611 633 [0]
247 996 [3]
480 764 [0]
423 821 [6]
565 679 [7]
343 902 [0]
277 972 [4]
323 926 [0]
411 839 [0]
258 993 [6]
566 685 [0]
352 900 [0]
357 895 [7]
309 943 [0]
284 969 [0]
548 708 [0]
386 869 [6]
346 911 [0]
295 955 [7]
355 901 [3]
356 905 [5]
601 661 [0]
333 929 [0]
295 961 [7]
621 643 [0]
322 943 [1]
508 760 [0]
350 913 [5]
391 884 [0]
507 769 [0]
292 983 [7]
318 957 [2]
473 804 [0]
469 809 [1]
570 710 [0]
480 793 [5]
557 720 [7]
294 982 [7]
421 863 [0]
357 924 [7]
336 949 [0]
313 976 [5]
342 951 [0]
432 860 [5]
465 831 [0]
361 934 [7]
550 748 [0]
356 940 [5]
342 956 [3]
581 718 [3]
325 978 [0]
601 703 [7]
407 897 [0]
474 833 [5]
395 916 [0]
401 912 [0]
427 880 [5]
597 718 [0]
532 786 [4]
596 722 [0]
330 990 [1]
464 856 [0]
450 869 [6]
605 719 [0]
386 938 [6]
469 858 [1]
403 919 [6]
582 747 [0]
432 894 [3]
363 966 [7]
399 933 [0]
601 730 [2]
341 992 [7]
530 807 [2]
500 840 [5]
581 759 [3]
659 683 [0]
570 777 [0]
582 765 [2]
522 825 [0]
359 982 [6]
367 982 [4]
442 909 [0]
438 917 [7]
377 979 [3]
597 759 [0]
614 742 [0]
578 778 [0]
616 740 [0]
497 860 [0]
592 766 [0]
401 958 [0]
452 907 [5]
500 855 [5]
661 703 [0]
403 955 [6]
593 773 [0]
521 847 [0]
677 691 [0]
405 964 [0]
385 985 [6]
477 893 [5]
403 961 [6]
595 776 [0]
423 955 [3]
627 751 [0]
605 775 [6]
562 821 [0]
421 960 [0]
423 961 [3]
427 957 [6]
397 985 [6]
665 720 [0]
480 905 [5]
393 994 [1]
450 938 [6]
661 730 [2]
497 894 [3]
655 737 [0]
491 902 [0]
475 922 [0]
462 936 [0]
441 957 [0]
679 723 [0]
540 863 [0]
672 733 [0]
410 992 [0]
552 867 [0]
480 940 [5]
538 886 [0]
581 842 [3]
559 870 [0]
645 784 [0]
644 787 [0]
651 782 [0]
703 730 [0]
525 913 [5]
704 734 [0]
597 842 [0]
467 976 [0]
565 882 [0]
558 889 [0]
556 892 [0]
571 887 [0]
517 943 [0]
605 852 [4]
499 963 [0]
469 989 [6]
641 823 [0]
479 986 [7]
558 906 [3]
677 789 [0]
552 918 [1]
549 924 [0]
725 749 [0]
585 892 [0]
550 928 [1]
691 789 [0]
626 858 [0]
679 806 [0]
710 777 [0]
719 775 [0]
613 881 [0]
540 960 [6]
530 969 [0]
597 908 [0]
672 840 [1]
689 824 [0]
516 999 [0]
607 909 [0]
605 910 [4]
655 864 [7]
644 878 [6]
715 808 [0]
546 978 [0]
672 855 [1]
714 813 [0]
558 970 [6]
619 915 [0]
684 851 [0]
704 836 [4]
542 998 [0]
603 938 [0]
561 981 [0]
605 937 [6]
552 997 [1]
735 820 [0]
622 935 [0]
589 971 [0]
618 947 [0]
763 805 [0]
771 798 [0]
770 800 [0]
734 836 [0]
733 840 [0]
647 931 [0]
616 967 [2]
605 972 [4]
733 855 [2]
794 803 [0]
667 930 [0]
762 837 [0]
737 864 [0]
774 829 [0]
715 891 [1]
668 946 [0]
774 844 [1]
718 908 [0]
719 910 [4]
810 830 [0]
716 925 [0]
649 995 [0]
781 869 [0]
818 834 [0]
741 921 [0]
822 845 [0]
829 844 [0]
794 880 [5]
686 996 [0]
803 880 [0]
780 907 [0]
740 967 [0]
775 937 [0]
818 895 [0]
845 873 [0]
729 991 [0]
738 982 [0]
735 988 [0]
834 895 [0]
793 940 [0]
743 994 [0]
821 955 [0]
832 952 [0]
867 918 [0]
889 906 [0]
809 989 [0]
826 984 [0]
826 987 [6]
889 970 [6]
912 958 [0]
951 956 [0]
