1600
12
41
180
320
353
414
958
1287
1533
800
322
72
196
456
27
83
261
47
150
218
119
224
698
305
169
703
435
101
274
87
135
92
343
380
12
262
30
278
113
5
1312
156
171
515
133
256
277
102
387
129
533
276
713
1320
444
50
327
67
474
170
89
157
650
57
319
429
185
537
70
118
225
1224
104
215
0
95
76
582
212
201
100
249
34
64
989
254
684
547
62
49
452
138
38
8
705
177
16
146
65
402
231
241
1
541
791
9
403
672
121
202
356
287
501
136
128
798
819
405
273
390
203
404
638
592
74
73
660
71
518
337
340
33
21
335
187
93
60
26
48
913
195
897
386
182
167
219
505
357
281
44
538
385
11
24
227
7
107
397
66
333
142
449
754
634
299
497
925
332
35
140
271
55
600
108
953
68
751
725
618
36
510
247
744
378
577
6
973
164
79
144
374
293
85
192
664
303
149
616
159
115
525
173
870
461
147
90
570
80
205
393
289
110
455
88
763
105
181
655
158
132
42
52
408
175
680
111
106
640
486
653
148
373
410
709
434
997
1078
22
145
364
234
602
665
606
825
253
1044
103
1215
239
495
906
1020
409
920
282
344
272
342
459
513
371
860
527
325
530
130
1112
605
1140
552
835
396
535
206
1337
524
810
683
886
313
574
629
681
508
580
389
270
696
338
323
383
236
976
151
631
661
360
1049
485
339
938
2
624
359
186
770
450
1065
59
607
69
566
1486
18
394
1031
857
493
489
54
523
823
887
37
178
882
40
834
471
426
306
562
97
849
242
1103
127
295
641
1406
632
134
644
355
285
123
528
756
208
1246
480
900
659
1076
576
304
587
567
176
777
473
425
391
420
948
692
82
23
771
604
494
609
372
448
230
1141
500
399
685
788
31
1256
822
184
667
614
29
499
345
711
1093
520
112
1388
880
1009
56
346
243
194
300
392
697
122
1351
488
370
160
952
220
13
1165
879
891
469
936
828
296
1077
379
174
223
328
99
586
1245
191
1094
990
1314
216
908
623
710
779
972
1321
445
457
1115
719
682
889
347
481
1052
572
859
575
596
78
39
291
263
418
126
454
238
630
131
45
367
693
193
654
411
590
553
1380
384
75
686
255
314
28
804
1317
197
210
288
617
1155
496
837
63
316
540
563
267
283
862
246
143
1259
58
546
498
381
183
43
478
294
382
783
1110
421
1480
152
125
124
400
251
915
1041
1152
188
221
747
1308
264
179
730
1196
503
237
428
894
1176
460
841
375
416
1262
235
479
645
940
257
266
735
1192
286
162
847
960
543
312
1074
1540
1124
259
1132
213
824
1043
155
161
1485
526
809
812
109
565
1082
10
116
687
851
482
550
228
244
204
165
1010
803
1139
472
198
832
430
439
424
368
838
331
292
957
555
309
1437
1175
642
466
260
626
628
899
153
1304
1195
258
970
137
781
1451
1525
365
438
689
861
350
678
475
1002
695
816
189
302
4
1101
1012
1149
813
91
1219
1135
564
511
548
51
961
729
1120
963
284
775
1281
413
556
815
214
1193
1254
172
334
417
265
398
290
1242
981
1197
675
1418
951
1119
32
594
560
217
476
669
362
268
911
308
352
939
326
996
1180
1114
708
168
229
1005
1035
1204
1057
1154
1390
986
772
330
84
944
269
166
759
96
61
245
120
1018
622
1449
1220
477
621
1345
778
863
534
226
679
15
19
1189
733
1107
1113
869
969
728
643
613
1070
1272
1322
842
852
1022
864
1241
1117
748
561
888
714
433
830
752
817
491
1384
321
975
1042
843
718
1356
280
463
734
1001
608
571
1073
1264
1185
209
1479
919
467
854
1299
1335
795
1419
431
545
611
636
512
1004
1420
1015
462
875
1184
578
663
531
395
468
668
845
826
363
1432
549
1127
591
844
1521
699
649
867
207
750
514
1358
1025
366
222
412
406
865
423
907
516
1309
1257
297
317
792
77
369
785
760
1457
492
802
558
1248
1188
796
581
1338
704
1355
1379
377
1424
232
701
1460
1523
1130
743
671
419
635
3
965
738
1183
878
651
700
539
1329
1198
1258
732
1163
507
559
904
773
1067
946
1410
762
966
603
1297
532
652
1504
1330
757
551
248
1027
275
1148
1332
1453
749
896
677
985
1325
1422
876
1019
717
361
1391
856
673
1104
776
25
1199
94
348
1100
250
354
731
872
846
633
688
1170
1108
720
881
1143
1090
916
820
702
1572
199
1244
988
163
1118
1086
1590
233
1179
544
780
542
805
1136
978
1003
922
979
808
1459
707
1237
898
1099
1305
1098
1360
1585
86
1239
801
599
464
998
971
1594
774
994
1045
1400
569
1016
674
739
648
789
1318
676
836
1268
307
921
1134
1033
1534
1581
1171
529
14
114
1007
1111
1382
1491
910
1402
1577
1063
341
1106
1064
1365
933
1233
840
1203
1333
1263
1225
1597
200
557
487
1463
1286
716
758
982
432
619
765
504
536
853
1373
1293
401
932
1500
20
1456
490
1378
358
522
745
376
657
1006
992
484
1474
1137
987
1079
589
1227
746
1279
909
1051
1228
848
821
1501
46
315
442
1454
336
1381
827
1411
1524
53
901
190
1393
995
794
1307
1483
1519
1518
782
1438
1032
1235
318
427
1291
1339
407
724
1290
1121
1024
1131
1181
1030
139
877
1353
440
1444
1302
415
736
1217
884
453
883
727
1478
858
1208
949
1270
786
81
1222
1050
1564
912
885
955
1344
694
483
1231
1442
753
446
1153
1205
1151
942
1546
388
627
436
1266
1084
1569
1301
1075
1200
1446
1494
1316
1008
1517
931
1346
1210
893
831
1092
1473
637
1157
1186
1477
1284
1392
1232
1503
943
329
1147
1294
1547
1357
903
458
1252
1048
1269
1303
349
1334
1421
1216
1567
1506
871
950
868
806
1490
917
974
1105
993
892
1319
1047
98
465
579
1095
866
1122
1401
1298
1404
839
1046
769
573
1372
1538
1146
1439
1255
977
797
1011
422
1405
1561
1036
1511
1531
298
1194
593
1172
1177
1173
662
141
715
1212
1166
1370
1566
451
1565
502
923
1037
1487
1386
1413
1425
1579
554
1059
945
991
1116
742
929
927
818
595
1326
706
1088
519
1429
761
1435
1174
252
1080
584
1498
1549
764
890
956
1261
1276
1427
1313
874
1354
1445
1397
902
1071
1162
1347
833
1190
1598
1448
829
959
1058
1271
568
601
1426
1223
324
1513
1574
1097
1430
1516
962
1164
517
1580
598
1323
1062
1352
1530
240
610
1021
767
1341
1054
1396
506
967
1466
947
1280
1359
1452
1467
1340
1578
1508
1288
741
1133
1369
937
855
1394
1283
1055
1142
1544
1202
1443
470
926
1462
784
964
1522
1085
1484
740
1495
1550
1482
670
1247
612
984
1529
1249
980
1455
1374
1539
1026
1366
1221
924
1583
1563
1349
1398
1129
1492
1295
690
1562
1507
1289
1461
1450
1497
1362
799
588
1532
1434
1226
1367
1250
721
1213
1159
1331
154
1464
1029
1306
1573
351
1526
1109
1251
1465
787
1273
117
1541
1576
1441
722
211
723
1596
1182
1409
1168
1515
1158
1469
691
1277
1376
1407
1191
1552
1471
656
1556
1399
625
1234
1038
1559
441
1060
1327
17
1509
1275
1267
1599
766
1371
620
597
811
1336
301
1389
1496
1013
1238
1368
983
1403
1592
1476
1586
1377
1571
737
1584
509
968
1440
1145
1229
1207
1408
1415
1575
807
1527
1138
1160
1034
1428
1230
1296
1292
437
583
1588
1348
1040
1570
615
1560
1436
1593
1417
1240
793
1528
954
310
1537
918
1493
1557
1000
1328
1553
1568
1087
1416
1542
1510
666
521
1072
1472
1023
1282
1555
1209
1595
712
1028
1315
1274
585
1554
1150
1499
999
1187
1069
1551
1514
1260
1488
1364
941
1423
1300
1383
873
647
1096
1489
1169
1350
1278
755
1387
934
1363
1053
1061
914
1548
1091
1475
1361
1089
1481
1310
768
1589
1324
1128
1265
1536
658
1412
1211
1545
1206
1458
1582
1447
279
1433
1161
1431
1414
1014
1123
1102
1167
1201
1470
1125
1543
895
1512
1214
1081
1126
790
311
930
814
1017
1502
1311
850
928
1342
1156
1558
1520
1253
1068
1178
1218
1285
1385
1144
1587
1535
1243
1343
1056
447
1591
443
1083
726
905
935
1505
639
1039
1066
1395
1375
1468
646
1236
15 19 [0]
11 24 [0]
8 38 [0]
21 33 [0]
26 48 [0]
38 42 [3]
26 60 [0]
42 52 [0]
0 95 [0]
34 64 [0]
23 82 [0]
27 83 [0]
49 62 [0]
7 107 [0]
39 78 [0]
5 113 [0]
10 116 [0]
14 114 [0]
73 74 [0]
60 93 [0]
61 96 [0]
60 99 [2]
16 146 [0]
22 145 [0]
76 95 [0]
42 132 [0]
35 140 [0]
38 138 [0]
45 131 [0]
70 118 [0]
7 183 [2]
16 177 [0]
47 150 [0]
65 146 [0]
68 144 [0]
0 215 [0]
37 178 [0]
38 175 [3]
106 111 [0]
87 135 [0]
92 135 [0]
16 208 [6]
96 135 [4]
68 164 [0]
13 220 [0]
7 227 [0]
90 147 [0]
1 241 [0]
89 157 [0]
4 241 [4]
124 125 [0]
24 227 [0]
89 170 [0]
128 136 [0]
72 196 [0]
12 262 [0]
115 159 [0]
26 246 [2]
85 192 [0]
125 152 [0]
93 187 [0]
34 249 [0]
80 205 [0]
132 158 [0]
12 279 [1]
137 147 [7]
30 262 [0]
100 201 [0]
4 302 [0]
61 245 [0]
30 278 [0]
47 261 [0]
27 273 [8]
38 268 [4]
155 161 [0]
24 291 [2]
104 215 [0]
132 184 [2]
121 202 [0]
79 241 [10]
44 281 [0]
55 271 [0]
156 171 [0]
39 291 [0]
113 211 [9]
15 321 [8]
119 218 [0]
47 286 [6]
28 314 [0]
118 225 [0]
119 224 [0]
83 261 [0]
100 249 [0]
167 182 [0]
21 335 [0]
87 274 [0]
46 315 [0]
111 248 [0]
120 245 [0]
35 332 [0]
150 218 [0]
165 204 [0]
95 273 [10]
33 340 [0]
101 274 [0]
57 319 [0]
50 327 [0]
85 293 [0]
63 316 [0]
102 277 [0]
62 318 [5]
100 286 [2]
167 219 [0]
143 246 [0]
133 256 [0]
89 301 [0]
113 278 [0]
12 380 [0]
67 327 [0]
72 322 [0]
156 239 [10]
11 385 [0]
174 223 [0]
168 229 [0]
66 333 [0]
110 289 [0]
56 346 [0]
183 220 [4]
197 210 [0]
93 308 [7]
123 285 [0]
188 221 [0]
140 271 [0]
45 367 [0]
9 403 [0]
18 394 [0]
201 212 [0]
84 330 [0]
131 285 [1]
133 282 [10]
60 357 [4]
72 348 [7]
101 321 [4]
127 295 [0]
87 325 [10]
72 350 [2]
99 328 [0]
11 417 [7]
183 251 [0]
92 343 [0]
166 269 [0]
194 243 [0]
80 359 [6]
94 348 [0]
179 264 [0]
43 400 [0]
77 369 [0]
186 262 [3]
162 286 [0]
204 244 [0]
187 259 [2]
223 227 [2]
159 292 [7]
149 303 [0]
158 296 [2]
136 315 [5]
216 241 [6]
75 384 [0]
52 408 [0]
184 271 [2]
66 397 [0]
134 327 [3]
65 402 [0]
70 392 [6]
57 412 [7]
228 244 [0]
231 241 [0]
113 351 [9]
169 305 [0]
46 422 [7]
142 333 [0]
52 431 [5]
85 396 [6]
27 456 [0]
9 476 [4]
102 387 [0]
197 293 [2]
189 302 [0]
194 300 [0]
50 444 [0]
57 439 [2]
210 288 [0]
30 461 [10]
49 452 [0]
107 397 [0]
172 334 [0]
11 497 [4]
33 476 [7]
164 345 [2]
145 364 [0]
136 375 [2]
56 458 [8]
0 516 [7]
129 387 [0]
87 426 [3]
144 374 [0]
148 373 [0]
187 335 [0]
257 266 [0]
124 400 [0]
29 499 [0]
160 370 [0]
151 380 [3]
256 277 [0]
18 507 [0]
101 435 [0]
30 502 [5]
164 369 [5]
182 357 [10]
67 474 [0]
1 541 [0]
156 386 [10]
83 449 [10]
88 455 [0]
54 489 [0]
138 399 [6]
14 529 [0]
126 418 [0]
186 359 [0]
36 510 [0]
267 283 [0]
223 328 [0]
18 528 [2]
174 379 [0]
27 518 [8]
170 384 [6]
263 291 [0]
152 406 [9]
201 357 [10]
269 289 [4]
202 356 [0]
62 500 [6]
98 465 [0]
183 381 [0]
110 455 [0]
93 475 [7]
182 386 [0]
255 314 [0]
54 523 [0]
126 454 [0]
136 444 [10]
21 561 [7]
44 538 [0]
6 577 [0]
175 408 [0]
241 341 [5]
222 366 [0]
243 346 [0]
71 518 [0]
138 452 [0]
49 541 [8]
142 449 [0]
203 390 [0]
49 543 [2]
167 430 [7]
205 393 [0]
234 364 [0]
71 528 [6]
51 548 [0]
35 565 [7]
211 379 [10]
268 328 [0]
16 587 [6]
250 354 [0]
58 546 [0]
203 404 [0]
70 537 [0]
147 461 [0]
62 547 [0]
211 400 [3]
215 393 [3]
232 380 [7]
185 429 [0]
272 342 [0]
297 317 [0]
272 344 [0]
9 598 [9]
104 514 [7]
236 383 [0]
11 609 [6]
277 335 [10]
10 613 [9]
292 331 [0]
2 624 [0]
32 594 [0]
282 344 [0]
15 612 [2]
83 547 [8]
268 362 [0]
18 613 [0]
112 520 [0]
177 455 [3]
231 402 [0]
222 412 [0]
245 384 [5]
52 580 [6]
27 600 [10]
69 566 [0]
136 501 [0]
3 635 [0]
281 357 [0]
68 572 [2]
218 422 [0]
250 390 [5]
285 355 [0]
115 525 [0]
308 328 [0]
83 559 [4]
29 614 [0]
287 356 [0]
69 573 [1]
170 474 [0]
289 356 [4]
85 553 [2]
202 444 [10]
133 515 [0]
80 570 [0]
123 528 [0]
295 356 [6]
196 456 [0]
36 618 [0]
217 435 [2]
55 600 [0]
22 626 [4]
66 590 [2]
76 582 [0]
270 389 [0]
104 552 [3]
97 562 [0]
261 399 [3]
90 570 [0]
130 530 [0]
308 352 [0]
323 338 [0]
129 533 [0]
273 390 [0]
237 428 [0]
59 607 [0]
119 547 [8]
74 592 [0]
293 374 [0]
198 472 [0]
255 407 [1]
227 438 [7]
78 584 [11]
109 565 [0]
78 596 [0]
305 370 [6]
294 382 [0]
69 607 [0]
24 653 [3]
337 340 [0]
223 455 [2]
230 448 [0]
273 405 [0]
22 651 [0]
263 418 [0]
202 470 [9]
265 417 [0]
289 393 [0]
99 586 [0]
171 515 [0]
290 398 [0]
164 525 [3]
300 392 [0]
238 454 [0]
325 357 [3]
217 476 [0]
15 679 [0]
305 390 [8]
129 563 [6]
173 525 [0]
87 602 [10]
71 631 [6]
82 621 [0]
63 637 [1]
272 433 [0]
323 383 [0]
21 678 [7]
57 650 [0]
108 600 [0]
59 644 [2]
285 419 [0]
8 705 [0]
235 479 [0]
337 377 [7]
112 600 [2]
164 551 [5]
168 545 [8]
185 537 [0]
343 380 [0]
219 505 [0]
105 618 [6]
260 466 [0]
15 712 [6]
121 606 [3]
220 509 [10]
251 478 [0]
274 456 [11]
7 722 [1]
71 660 [0]
185 542 [7]
306 426 [0]
73 660 [0]
239 495 [0]
212 521 [1]
337 399 [6]
126 603 [9]
182 553 [2]
322 412 [4]
30 701 [7]
57 682 [6]
237 503 [0]
206 535 [0]
141 592 [9]
176 567 [0]
280 463 [0]
318 427 [0]
106 640 [0]
170 577 [10]
285 460 [4]
319 429 [0]
80 663 [5]
237 502 [11]
334 417 [0]
217 539 [3]
273 483 [0]
65 689 [2]
126 626 [0]
315 442 [0]
247 510 [0]
119 636 [4]
362 393 [4]
226 534 [0]
368 390 [2]
87 674 [7]
278 483 [5]
362 388 [11]
131 630 [0]
75 686 [0]
338 418 [7]
142 622 [7]
149 616 [0]
323 443 [10]
134 632 [0]
203 554 [9]
123 635 [0]
183 585 [3]
314 456 [6]
335 435 [8]
47 720 [7]
52 720 [5]
294 478 [0]
82 692 [0]
171 603 [7]
159 616 [0]
203 574 [3]
289 481 [2]
217 560 [0]
110 658 [8]
228 550 [0]
134 644 [0]
94 674 [11]
37 743 [0]
151 631 [0]
373 410 [0]
7 768 [8]
264 520 [4]
232 547 [7]
135 652 [7]
92 696 [3]
287 501 [0]
196 585 [9]
307 474 [5]
138 651 [7]
340 450 [6]
111 680 [0]
375 416 [0]
368 424 [0]
11 775 [7]
121 672 [0]
212 582 [0]
280 514 [0]
23 771 [0]
299 497 [0]
171 623 [6]
69 728 [0]
85 712 [8]
248 551 [0]
278 517 [5]
287 510 [4]
9 791 [0]
25 776 [0]
342 459 [0]
0 790 [11]
148 653 [0]
146 654 [2]
116 687 [0]
365 438 [0]
141 662 [0]
237 567 [4]
373 424 [7]
148 648 [0]
157 650 [0]
151 651 [0]
276 533 [0]
281 529 [5]
196 610 [5]
74 735 [2]
391 420 [0]
66 747 [2]
332 481 [2]
158 655 [0]
398 417 [0]
268 548 [9]
391 425 [0]
406 412 [0]
135 684 [8]
249 570 [3]
122 697 [0]
31 788 [0]
354 466 [3]
372 448 [0]
182 633 [5]
157 661 [3]
131 687 [0]
69 745 [9]
66 750 [7]
172 649 [8]
339 485 [0]
0 824 [2]
197 626 [0]
323 503 [7]
123 697 [7]
56 772 [0]
347 481 [0]
107 721 [1]
79 751 [0]
267 563 [0]
164 658 [8]
28 804 [0]
338 492 [5]
181 655 [0]
234 602 [0]
72 758 [7]
183 655 [7]
332 506 [1]
140 692 [6]
205 637 [9]
345 499 [0]
123 718 [5]
193 654 [0]
90 758 [0]
344 504 [9]
335 510 [4]
327 521 [1]
190 660 [0]
393 457 [2]
240 610 [0]
9 842 [4]
88 763 [0]
184 667 [0]
325 527 [0]
187 666 [11]
277 576 [3]
177 677 [7]
312 543 [0]
337 518 [0]
325 530 [0]
175 680 [0]
96 759 [0]
141 715 [0]
159 697 [2]
192 664 [0]
314 535 [7]
316 540 [0]
136 717 [5]
63 784 [10]
370 488 [0]
408 442 [9]
75 787 [10]
357 505 [0]
233 630 [8]
395 468 [0]
424 439 [0]
1 860 [3]
309 555 [0]
311 555 [6]
333 526 [7]
81 786 [0]
147 709 [10]
102 766 [9]
238 630 [0]
105 763 [0]
77 792 [0]
430 439 [0]
263 600 [2]
59 799 [11]
201 658 [11]
135 736 [5]
169 703 [0]
66 797 [9]
73 794 [0]
135 734 [4]
99 764 [11]
40 834 [0]
80 795 [5]
124 743 [9]
168 708 [0]
359 512 [5]
381 498 [0]
11 861 [7]
358 522 [0]
304 576 [0]
177 705 [0]
221 660 [2]
10 874 [3]
371 513 [0]
134 742 [8]
193 693 [0]
260 626 [0]
29 858 [8]
234 653 [11]
313 574 [0]
293 593 [9]
365 516 [8]
187 695 [7]
185 705 [10]
304 587 [0]
47 839 [0]
192 691 [11]
232 655 [5]
26 867 [7]
56 837 [4]
115 773 [5]
193 701 [9]
27 868 [0]
426 471 [0]
425 473 [0]
399 500 [0]
63 837 [0]
445 457 [0]
91 813 [0]
271 633 [5]
433 471 [0]
226 679 [0]
288 617 [0]
263 635 [9]
361 548 [3]
179 730 [0]
102 798 [10]
36 866 [9]
272 636 [5]
386 528 [6]
303 614 [2]
249 658 [11]
137 781 [0]
109 812 [0]
259 655 [7]
40 882 [0]
224 698 [0]
385 538 [0]
149 765 [0]
38 879 [6]
37 887 [0]
148 771 [2]
212 712 [1]
241 681 [3]
166 759 [0]
128 798 [0]
395 531 [0]
147 774 [0]
222 705 [7]
79 842 [7]
52 868 [9]
113 815 [2]
396 535 [0]
299 634 [0]
232 701 [0]
211 722 [0]
119 807 [9]
196 734 [4]
347 582 [6]
295 641 [0]
124 805 [8]
254 684 [0]
131 804 [0]
2 938 [0]
293 643 [4]
167 764 [9]
255 686 [0]
140 796 [5]
46 890 [7]
194 749 [9]
323 618 [11]
249 695 [2]
181 763 [0]
347 598 [11]
397 546 [2]
83 863 [4]
97 849 [0]
238 699 [9]
422 525 [9]
33 907 [7]
411 530 [7]
461 489 [6]
176 777 [0]
53 901 [0]
45 901 [8]
455 494 [2]
378 577 [0]
10 946 [8]
186 770 [0]
207 750 [0]
43 915 [0]
428 530 [7]
397 562 [6]
48 913 [0]
208 756 [0]
294 671 [9]
454 511 [0]
452 507 [7]
270 696 [0]
303 664 [0]
356 609 [6]
3 965 [0]
221 747 [0]
389 580 [0]
413 556 [0]
334 633 [3]
151 821 [9]
386 586 [2]
87 879 [6]
459 513 [0]
10 961 [5]
342 631 [6]
431 545 [0]
24 943 [9]
43 934 [3]
333 639 [8]
333 644 [6]
128 844 [7]
6 973 [0]
72 904 [4]
372 609 [0]
310 660 [11]
176 796 [0]
489 493 [0]
359 624 [0]
357 627 [0]
375 609 [4]
48 935 [8]
362 612 [10]
186 787 [11]
273 712 [11]
445 542 [8]
134 850 [3]
131 848 [8]
426 562 [0]
94 892 [2]
459 518 [3]
276 713 [0]
174 816 [0]
67 919 [4]
118 865 [7]
247 744 [0]
85 907 [5]
238 746 [8]
100 888 [4]
43 944 [5]
68 923 [9]
274 709 [10]
393 601 [1]
149 847 [7]
49 948 [6]
193 804 [0]
148 845 [5]
59 931 [1]
355 644 [0]
468 527 [5]
433 562 [0]
411 590 [0]
337 661 [6]
266 735 [0]
489 504 [9]
277 726 [11]
305 698 [0]
255 747 [10]
138 867 [7]
189 816 [0]
184 822 [0]
62 937 [9]
162 847 [0]
405 600 [4]
188 818 [11]
79 931 [9]
411 599 [8]
505 506 [1]
44 968 [11]
51 961 [0]
385 621 [7]
75 938 [7]
139 877 [0]
241 775 [4]
437 580 [11]
179 829 [3]
435 584 [5]
360 661 [0]
93 929 [9]
342 680 [11]
237 782 [1]
387 632 [3]
101 922 [7]
23 992 [8]
142 875 [7]
186 837 [7]
164 861 [7]
12 1008 [5]
350 678 [0]
84 944 [0]
214 815 [0]
432 592 [5]
227 803 [7]
198 832 [0]
362 669 [0]
79 953 [0]
376 657 [0]
63 971 [8]
338 696 [0]
92 944 [4]
485 551 [0]
213 824 [0]
169 862 [6]
359 679 [0]
175 860 [2]
151 888 [0]
168 871 [11]
471 568 [8]
149 891 [2]
196 844 [4]
80 959 [1]
404 638 [0]
179 854 [9]
335 700 [5]
173 870 [0]
201 843 [4]
257 787 [3]
465 579 [0]
387 646 [11]
498 546 [0]
487 557 [0]
517 518 [9]
499 543 [4]
92 955 [5]
133 906 [10]
432 619 [0]
68 974 [9]
87 965 [7]
153 899 [0]
64 989 [0]
419 635 [0]
345 711 [0]
196 853 [7]
474 583 [0]
447 607 [3]
478 579 [11]
284 775 [0]
511 548 [0]
178 882 [0]
367 693 [0]
439 610 [10]
346 715 [1]
108 953 [0]
219 833 [9]
60 1002 [7]
121 938 [3]
45 1018 [5]
464 599 [0]
436 627 [0]
505 553 [2]
56 1009 [0]
411 654 [0]
507 559 [0]
256 804 [6]
370 693 [4]
359 702 [9]
234 837 [7]
207 867 [0]
34 1041 [2]
403 672 [0]
511 564 [0]
379 688 [9]
137 927 [11]
44 1032 [0]
418 658 [3]
389 688 [0]
18 1056 [3]
361 717 [0]
253 825 [0]
8 1062 [9]
80 1000 [8]
135 940 [2]
280 802 [3]
123 952 [7]
267 812 [0]
325 759 [4]
399 685 [0]
231 848 [5]
192 888 [4]
356 729 [4]
356 724 [0]
354 731 [0]
455 631 [6]
297 792 [0]
392 697 [0]
23 1055 [11]
419 671 [0]
242 849 [0]
190 901 [0]
7 1079 [0]
10 1082 [0]
195 897 [0]
134 947 [11]
32 1051 [1]
6 1081 [8]
474 612 [9]
162 928 [6]
510 581 [5]
477 621 [0]
494 604 [0]
121 968 [1]
22 1078 [0]
542 560 [3]
330 772 [0]
540 563 [0]
118 978 [7]
494 609 [0]
215 886 [3]
342 763 [6]
501 600 [4]
4 1101 [0]
164 943 [9]
316 791 [2]
137 970 [0]
350 755 [2]
195 913 [0]
466 642 [0]
246 862 [0]
287 811 [1]
160 952 [0]
39 1062 [11]
45 1070 [5]
410 705 [3]
295 821 [9]
314 799 [10]
198 917 [11]
164 953 [3]
101 1011 [5]
410 709 [0]
376 745 [0]
114 1007 [0]
378 744 [0]
322 800 [0]
68 1046 [9]
59 1065 [0]
296 828 [0]
216 908 [0]
479 645 [0]
367 749 [9]
128 997 [3]
92 1026 [5]
486 640 [0]
151 976 [0]
438 689 [0]
188 940 [0]
132 990 [2]
129 1001 [4]
450 680 [2]
399 724 [8]
407 724 [0]
107 1025 [5]
109 1017 [6]
501 633 [5]
10 1119 [5]
164 971 [5]
106 1030 [9]
322 812 [2]
80 1047 [9]
468 668 [0]
518 611 [7]
76 1061 [1]
164 973 [0]
398 739 [1]
380 750 [4]
120 1018 [0]
452 686 [2]
251 884 [1]
435 703 [0]
515 617 [6]
6 1133 [1]
160 979 [9]
430 701 [8]
486 653 [0]
473 656 [10]
553 590 [0]
333 800 [8]
434 709 [0]
157 982 [5]
99 1041 [4]
185 960 [2]
239 906 [0]
283 862 [0]
476 669 [0]
98 1047 [0]
205 940 [7]
114 1030 [2]
433 714 [0]
103 1044 [0]
512 636 [0]
385 758 [0]
454 696 [7]
177 964 [9]
42 1101 [4]
32 1119 [0]
415 736 [0]
412 738 [3]
163 988 [0]
323 830 [0]
475 678 [0]
6 1141 [2]
27 1124 [2]
369 785 [0]
430 724 [1]
560 594 [0]
81 1065 [9]
567 587 [0]
393 753 [9]
545 611 [0]
507 650 [7]
499 653 [2]
124 1036 [11]
303 857 [6]
261 900 [3]
318 837 [1]
382 783 [0]
273 895 [11]
500 667 [1]
203 954 [1]
568 601 [0]
126 1040 [3]
331 838 [0]
139 1030 [0]
546 620 [3]
356 812 [2]
79 1092 [9]
575 596 [0]
220 952 [0]
239 926 [8]
247 917 [9]
455 714 [4]
49 1125 [11]
425 747 [4]
527 643 [0]
165 1010 [0]
381 784 [3]
328 837 [4]
459 710 [7]
33 1142 [1]
382 795 [9]
395 782 [11]
370 803 [4]
483 694 [0]
13 1165 [0]
268 911 [0]
571 608 [0]
390 788 [6]
402 775 [4]
433 744 [4]
226 945 [10]
444 734 [4]
249 926 [9]
532 652 [0]
16 1165 [6]
521 666 [0]
38 1150 [1]
172 1014 [6]
3 1186 [2]
508 681 [0]
364 823 [6]
363 826 [0]
384 807 [3]
192 1000 [8]
327 859 [6]
390 803 [2]
531 663 [0]
378 809 [7]
431 761 [2]
504 692 [9]
359 829 [8]
66 1121 [0]
257 940 [0]
378 818 [1]
463 734 [0]
155 1043 [0]
92 1103 [3]
485 703 [3]
293 906 [11]
446 753 [0]
313 886 [0]
390 805 [5]
234 963 [4]
282 920 [0]
574 629 [0]
449 754 [0]
104 1095 [0]
355 845 [5]
368 838 [0]
343 856 [7]
106 1094 [7]
71 1131 [0]
178 1030 [1]
530 670 [8]
19 1189 [0]
337 865 [7]
493 707 [9]
430 776 [3]
169 1041 [6]
385 820 [5]
45 1166 [11]
350 861 [0]
148 1062 [1]
236 976 [0]
183 1026 [10]
469 744 [2]
479 729 [5]
269 944 [0]
430 780 [3]
578 636 [3]
179 1032 [1]
128 1087 [1]
146 1064 [5]
375 841 [0]
313 899 [4]
179 1034 [3]
597 620 [0]
45 1169 [3]
121 1094 [6]
140 1076 [6]
308 911 [0]
562 655 [6]
450 770 [0]
547 669 [4]
551 661 [0]
151 1068 [10]
468 753 [10]
171 1046 [5]
196 1021 [5]
283 938 [7]
25 1199 [0]
405 819 [0]
383 843 [5]
187 1039 [8]
201 1022 [4]
0 1222 [5]
126 1102 [3]
258 970 [0]
307 921 [0]
36 1193 [7]
568 661 [8]
598 627 [3]
198 1032 [1]
228 1002 [5]
592 638 [0]
113 1113 [4]
127 1103 [0]
396 835 [0]
547 684 [0]
371 860 [0]
246 978 [8]
537 696 [3]
378 855 [1]
229 1005 [0]
370 866 [1]
254 977 [0]
498 733 [5]
347 889 [0]
402 831 [0]
431 797 [10]
539 700 [0]
347 884 [8]
162 1078 [7]
578 663 [0]
130 1112 [0]
277 966 [7]
254 989 [0]
219 1017 [8]
425 811 [10]
611 636 [0]
284 963 [0]
61 1184 [8]
389 854 [5]
47 1202 [5]
292 957 [0]
158 1086 [0]
158 1092 [9]
473 777 [0]
38 1201 [11]
65 1177 [0]
501 745 [5]
302 950 [11]
537 715 [0]
48 1199 [5]
308 944 [7]
241 1010 [2]
626 628 [0]
613 643 [0]
332 925 [0]
599 657 [10]
121 1130 [7]
238 1017 [6]
590 669 [5]
304 951 [0]
567 685 [7]
137 1122 [11]
580 681 [0]
15 1235 [11]
340 922 [5]
474 788 [6]
36 1217 [0]
430 832 [0]
171 1083 [1]
433 830 [0]
293 965 [5]
514 750 [0]
310 954 [0]
181 1077 [7]
46 1212 [7]
326 939 [0]
599 666 [4]
365 895 [6]
602 665 [0]
522 745 [0]
197 1063 [8]
18 1251 [11]
580 689 [4]
504 765 [0]
101 1164 [5]
356 909 [5]
591 680 [5]
606 665 [0]
406 865 [0]
562 710 [7]
329 943 [0]
472 801 [3]
300 975 [5]
339 938 [0]
390 886 [3]
547 728 [4]
203 1074 [2]
446 825 [9]
113 1168 [9]
163 1118 [0]
614 667 [0]
607 667 [7]
444 834 [3]
386 897 [0]
150 1134 [7]
528 756 [0]
191 1094 [0]
92 1194 [5]
99 1187 [3]
499 783 [4]
31 1256 [0]
479 803 [1]
389 890 [1]
423 865 [0]
314 964 [11]
15 1274 [6]
344 945 [1]
512 777 [5]
289 992 [0]
352 939 [0]
555 737 [2]
57 1235 [5]
256 1036 [5]
631 661 [0]
533 756 [3]
472 814 [6]
144 1143 [5]
94 1199 [0]
359 926 [8]
492 802 [0]
124 1168 [3]
633 654 [8]
321 975 [0]
29 1258 [9]
593 698 [0]
253 1044 [0]
366 932 [11]
223 1070 [5]
201 1090 [7]
227 1067 [5]
24 1274 [11]
460 841 [0]
275 1027 [0]
536 765 [7]
630 665 [7]
498 803 [0]
81 1222 [0]
149 1154 [4]
338 961 [4]
537 767 [9]
471 834 [0]
95 1209 [1]
380 926 [5]
141 1166 [3]
72 1236 [0]
491 817 [0]
551 757 [0]
42 1259 [7]
561 748 [0]
148 1162 [1]
629 681 [0]
254 1051 [5]
91 1219 [0]
503 808 [8]
568 741 [0]
515 790 [1]
87 1224 [8]
62 1245 [6]
576 731 [9]
5 1312 [0]
295 1018 [0]
58 1259 [0]
103 1215 [0]
59 1252 [1]
551 763 [0]
431 889 [9]
511 807 [2]
655 659 [2]
467 854 [0]
577 739 [0]
400 922 [8]
542 780 [0]
428 894 [0]
229 1095 [11]
544 780 [0]
627 694 [4]
71 1254 [7]
186 1135 [4]
86 1239 [0]
623 703 [6]
346 975 [5]
104 1224 [0]
409 920 [0]
228 1102 [6]
423 907 [0]
471 854 [5]
461 870 [0]
464 867 [1]
500 826 [5]
231 1094 [6]
5 1322 [4]
337 995 [0]
252 1080 [0]
479 844 [9]
541 791 [0]
287 1036 [0]
42 1291 [9]
369 964 [6]
482 851 [0]
496 837 [0]
498 826 [9]
401 932 [0]
507 819 [7]
632 691 [11]
524 810 [0]
73 1253 [8]
526 809 [0]
224 1102 [1]
287 1049 [3]
453 883 [0]
543 791 [2]
132 1205 [9]
634 703 [10]
453 884 [0]
462 875 [0]
281 1055 [1]
629 704 [0]
632 703 [3]
542 791 [5]
60 1272 [7]
403 937 [9]
60 1271 [9]
188 1152 [0]
228 1104 [8]
1 1341 [9]
573 769 [0]
343 1000 [9]
500 843 [5]
618 725 [0]
34 1310 [11]
177 1167 [11]
390 954 [1]
40 1299 [5]
17 1327 [0]
218 1121 [5]
242 1103 [0]
535 810 [5]
106 1229 [8]
488 852 [5]
33 1303 [0]
213 1132 [0]
2 1344 [9]
182 1164 [9]
523 823 [0]
86 1261 [6]
542 805 [0]
175 1165 [2]
66 1282 [11]
451 897 [9]
649 699 [0]
247 1092 [9]
382 967 [3]
250 1100 [0]
493 857 [0]
464 887 [9]
600 748 [7]
391 957 [4]
93 1252 [0]
503 847 [0]
667 688 [9]
473 874 [8]
137 1219 [6]
334 1019 [3]
14 1336 [7]
671 674 [11]
410 948 [2]
5 1354 [5]
129 1221 [9]
6 1343 [10]
100 1250 [9]
558 802 [0]
469 891 [0]
375 986 [5]
458 903 [0]
430 930 [6]
550 813 [9]
600 758 [0]
418 950 [1]
420 948 [0]
333 1034 [11]
619 750 [11]
132 1229 [8]
321 1050 [11]
556 815 [0]
643 728 [0]
666 699 [6]
230 1141 [0]
313 1052 [7]
296 1077 [0]
390 978 [5]
335 1033 [5]
604 771 [0]
581 796 [0]
273 1103 [6]
117 1259 [3]
480 900 [0]
596 776 [9]
147 1225 [0]
439 938 [4]
484 889 [8]
608 768 [4]
259 1124 [0]
376 1006 [9]
327 1051 [5]
671 705 [7]
140 1239 [5]
619 765 [0]
125 1253 [6]
34 1351 [6]
467 907 [3]
187 1187 [11]
54 1332 [0]
63 1323 [11]
467 919 [0]
39 1338 [9]
152 1223 [11]
49 1336 [1]
312 1074 [0]
552 835 [0]
593 792 [2]
588 799 [0]
527 860 [0]
648 739 [0]
634 754 [0]
640 743 [5]
476 901 [1]
288 1101 [0]
212 1175 [2]
643 736 [11]
536 853 [0]
1 1389 [1]
383 1007 [9]
90 1292 [8]
519 870 [1]
117 1273 [0]
366 1025 [0]
259 1132 [0]
391 993 [8]
486 900 [2]
576 817 [5]
166 1220 [9]
506 884 [7]
561 828 [5]
590 795 [9]
209 1185 [0]
378 1017 [8]
114 1277 [7]
470 926 [0]
195 1202 [1]
534 863 [0]
215 1177 [0]
392 1001 [5]
332 1065 [6]
543 850 [6]
162 1238 [10]
465 929 [4]
561 834 [0]
599 801 [0]
682 719 [0]
550 851 [0]
143 1259 [0]
609 784 [11]
341 1063 [0]
130 1265 [10]
469 936 [0]
214 1193 [0]
558 849 [0]
650 757 [7]
9 1387 [11]
418 980 [10]
179 1230 [3]
647 754 [8]
360 1049 [0]
387 1020 [10]
238 1162 [11]
400 1008 [1]
233 1179 [0]
224 1189 [4]
595 818 [0]
166 1244 [1]
432 982 [0]
671 743 [0]
159 1256 [2]
97 1317 [1]
420 989 [6]
78 1330 [9]
130 1275 [11]
193 1218 [6]
260 1146 [11]
34 1375 [11]
192 1217 [9]
216 1197 [0]
626 790 [6]
671 748 [3]
489 923 [8]
376 1040 [4]
497 925 [0]
516 907 [0]
275 1148 [0]
284 1129 [10]
35 1389 [11]
129 1295 [9]
517 907 [2]
374 1043 [7]
518 901 [0]
394 1031 [0]
698 727 [0]
502 923 [0]
172 1254 [0]
252 1174 [0]
618 809 [7]
524 905 [10]
409 1020 [0]
663 764 [2]
314 1116 [11]
606 825 [0]
205 1215 [11]
572 859 [0]
618 814 [8]
31 1393 [8]
11 1413 [9]
422 1011 [0]
575 859 [0]
391 1044 [2]
591 844 [0]
191 1245 [0]
280 1157 [10]
648 789 [0]
345 1089 [3]
292 1146 [11]
511 919 [9]
323 1119 [4]
546 893 [1]
127 1314 [7]
681 757 [0]
199 1244 [0]
647 792 [4]
152 1289 [3]
226 1217 [11]
323 1117 [0]
93 1352 [9]
538 905 [8]
150 1291 [5]
630 808 [8]
575 872 [9]
425 1018 [0]
348 1100 [0]
537 908 [6]
360 1080 [8]
225 1224 [0]
293 1156 [8]
561 888 [0]
0 1444 [5]
241 1204 [4]
619 822 [8]
66 1387 [11]
258 1195 [0]
547 901 [5]
461 991 [1]
208 1246 [0]
239 1215 [0]
467 988 [1]
594 852 [8]
115 1341 [1]
360 1096 [10]
379 1077 [0]
153 1304 [0]
165 1292 [2]
42 1410 [5]
266 1192 [0]
220 1239 [8]
567 886 [2]
65 1395 [8]
158 1293 [0]
59 1394 [8]
464 998 [0]
230 1221 [11]
699 761 [2]
245 1211 [6]
97 1357 [8]
559 904 [0]
530 934 [10]
160 1299 [5]
408 1048 [9]
608 855 [2]
538 928 [8]
78 1379 [9]
385 1082 [7]
156 1312 [0]
28 1441 [3]
476 993 [11]
478 980 [3]
33 1427 [9]
214 1254 [11]
28 1442 [1]
653 813 [4]
113 1352 [5]
12 1459 [7]
195 1275 [1]
381 1087 [3]
389 1083 [10]
15 1455 [2]
122 1351 [0]
506 967 [0]
685 788 [0]
134 1340 [11]
716 758 [0]
337 1130 [7]
54 1411 [9]
430 1045 [3]
20 1456 [0]
329 1147 [0]
484 992 [0]
725 751 [0]
462 1015 [0]
475 1002 [0]
274 1204 [2]
101 1368 [9]
104 1363 [1]
732 743 [1]
286 1192 [0]
119 1356 [4]
307 1171 [8]
633 846 [0]
499 981 [0]
101 1373 [7]
452 1021 [9]
413 1067 [3]
385 1087 [11]
154 1331 [0]
500 981 [0]
523 964 [11]
238 1245 [4]
325 1162 [1]
710 779 [0]
243 1247 [11]
452 1033 [5]
72 1413 [0]
66 1425 [9]
478 1013 [3]
357 1132 [2]
399 1084 [8]
392 1100 [9]
7 1484 [1]
683 810 [0]
602 890 [1]
616 878 [5]
288 1198 [9]
129 1366 [9]
548 946 [8]
58 1438 [1]
74 1413 [9]
480 1014 [10]
568 926 [4]
235 1262 [0]
403 1095 [0]
327 1165 [6]
473 1016 [9]
44 1446 [0]
185 1306 [9]
112 1388 [0]
42 1451 [7]
70 1425 [5]
447 1044 [10]
503 995 [1]
520 976 [7]
387 1108 [7]
543 960 [0]
102 1397 [5]
18 1486 [0]
36 1463 [0]
118 1380 [6]
379 1126 [3]
403 1091 [11]
346 1151 [8]
486 1015 [5]
259 1238 [10]
24 1482 [1]
157 1346 [5]
402 1097 [9]
57 1453 [7]
239 1260 [11]
141 1370 [3]
695 816 [0]
567 938 [2]
676 836 [0]
541 962 [9]
555 957 [0]
123 1384 [5]
497 1016 [5]
668 845 [0]
197 1317 [0]
160 1346 [8]
739 769 [6]
450 1065 [0]
512 1004 [0]
715 801 [6]
649 867 [0]
357 1160 [11]
111 1405 [1]
428 1080 [11]
217 1290 [11]
578 941 [6]
424 1085 [10]
642 866 [11]
20 1500 [0]
250 1262 [8]
127 1383 [10]
673 849 [9]
702 820 [0]
274 1244 [7]
128 1390 [4]
92 1425 [5]
274 1249 [5]
3 1522 [6]
433 1092 [10]
356 1168 [1]
50 1476 [0]
327 1199 [7]
410 1116 [1]
340 1177 [9]
426 1092 [8]
267 1253 [6]
503 1015 [9]
628 899 [0]
173 1346 [9]
685 833 [11]
651 878 [0]
59 1462 [8]
673 856 [0]
216 1314 [0]
444 1086 [7]
606 913 [3]
672 852 [7]
623 908 [0]
421 1110 [0]
667 857 [7]
290 1242 [0]
37 1487 [8]
481 1052 [0]
485 1049 [0]
688 846 [0]
48 1479 [7]
367 1168 [3]
74 1452 [9]
744 792 [5]
589 938 [9]
84 1447 [6]
429 1109 [9]
591 947 [2]
687 851 [0]
220 1315 [10]
344 1186 [9]
572 968 [10]
57 1479 [4]
686 846 [8]
412 1118 [1]
10 1523 [8]
50 1482 [9]
614 920 [2]
502 1037 [2]
281 1253 [8]
206 1337 [0]
19 1522 [2]
67 1478 [5]
760 785 [0]
241 1297 [7]
567 979 [9]
665 876 [0]
726 810 [10]
324 1223 [0]
721 820 [6]
46 1501 [0]
649 899 [8]
203 1338 [7]
370 1170 [9]
133 1414 [1]
95 1454 [5]
273 1276 [9]
689 861 [0]
343 1208 [5]
524 1017 [10]
233 1316 [2]
576 966 [9]
318 1235 [0]
759 784 [10]
693 859 [4]
463 1080 [10]
323 1223 [8]
297 1257 [0]
55 1500 [0]
205 1350 [8]
725 821 [0]
215 1341 [9]
461 1090 [0]
49 1498 [0]
550 1003 [3]
29 1529 [11]
598 960 [3]
113 1446 [5]
659 900 [0]
143 1413 [11]
167 1393 [0]
582 979 [5]
718 843 [0]
37 1514 [10]
244 1314 [0]
118 1433 [1]
205 1351 [2]
754 802 [5]
575 989 [6]
541 1024 [0]
694 871 [7]
534 1025 [1]
305 1253 [9]
596 973 [2]
52 1517 [9]
683 886 [0]
439 1130 [8]
752 817 [0]
155 1411 [3]
535 1034 [11]
603 966 [0]
208 1362 [11]
392 1178 [3]
304 1257 [0]
65 1506 [0]
692 879 [1]
266 1297 [8]
231 1331 [1]
457 1115 [0]
264 1308 [0]
599 971 [11]
647 919 [6]
371 1197 [4]
677 896 [0]
744 819 [4]
717 856 [1]
179 1390 [5]
307 1268 [0]
178 1387 [10]
176 1389 [10]
698 878 [7]
758 815 [1]
548 1027 [3]
53 1524 [0]
89 1488 [1]
356 1219 [4]
4 1563 [10]
766 812 [10]
551 1027 [2]
475 1100 [3]
370 1200 [8]
700 878 [1]
93 1479 [7]
347 1229 [10]
290 1280 [10]
80 1491 [0]
134 1436 [10]
474 1099 [7]
66 1506 [9]
91 1491 [1]
752 830 [0]
190 1393 [0]
698 882 [3]
600 978 [5]
785 789 [11]
253 1332 [0]
569 1016 [0]
645 940 [0]
547 1039 [11]
729 857 [4]
631 953 [6]
11 1567 [9]
165 1417 [2]
247 1342 [8]
291 1299 [9]
344 1237 [0]
20 1571 [4]
521 1072 [0]
34 1550 [9]
178 1416 [10]
518 1066 [8]
227 1368 [11]
95 1492 [9]
145 1443 [8]
484 1110 [1]
113 1476 [9]
250 1341 [6]
721 878 [6]
446 1153 [0]
120 1481 [6]
720 881 [0]
714 888 [0]
524 1079 [9]
770 833 [8]
731 872 [0]
348 1250 [6]
417 1188 [8]
411 1191 [3]
537 1065 [3]
653 943 [9]
257 1342 [6]
480 1123 [3]
637 970 [11]
679 926 [2]
519 1088 [0]
359 1239 [9]
719 889 [10]
640 967 [1]
331 1267 [10]
751 848 [0]
477 1122 [10]
608 1001 [0]
166 1444 [11]
346 1264 [5]
274 1327 [9]
727 883 [0]
472 1139 [0]
225 1381 [5]
223 1385 [3]
254 1358 [7]
520 1093 [0]
554 1059 [0]
202 1412 [11]
407 1207 [4]
780 835 [0]
257 1347 [3]
360 1247 [8]
348 1261 [6]
798 819 [0]
168 1438 [11]
562 1049 [6]
695 923 [11]
154 1464 [0]
72 1541 [5]
591 1028 [6]
113 1497 [9]
710 908 [1]
562 1058 [8]
488 1133 [11]
809 812 [0]
222 1397 [2]
297 1325 [1]
611 1011 [10]
263 1349 [10]
158 1465 [8]
545 1072 [6]
258 1358 [8]
572 1052 [0]
568 1054 [0]
575 1048 [1]
472 1153 [3]
125 1497 [3]
241 1385 [11]
559 1067 [0]
403 1224 [10]
600 1026 [1]
80 1540 [7]
228 1389 [10]
216 1408 [10]
698 931 [5]
167 1462 [1]
239 1392 [9]
61 1568 [6]
610 1021 [0]
152 1480 [0]
543 1089 [2]
548 1084 [11]
562 1060 [11]
55 1576 [1]
642 980 [10]
550 1079 [3]
216 1417 [10]
415 1217 [1]
459 1174 [1]
220 1415 [10]
280 1356 [0]
460 1176 [0]
68 1558 [8]
264 1362 [3]
120 1506 [11]
563 1068 [6]
145 1483 [9]
301 1336 [0]
259 1379 [8]
392 1243 [3]
173 1460 [5]
645 985 [8]
602 1036 [1]
267 1373 [8]
692 948 [0]
622 1018 [0]
424 1216 [11]
500 1141 [0]
54 1576 [11]
365 1277 [10]
264 1368 [3]
223 1410 [9]
665 978 [0]
121 1513 [9]
182 1456 [0]
571 1073 [0]
512 1122 [10]
749 896 [0]
551 1092 [2]
282 1358 [5]
161 1485 [0]
304 1343 [3]
410 1237 [0]
230 1414 [3]
565 1082 [0]
290 1358 [8]
164 1484 [1]
496 1155 [0]
576 1076 [0]
349 1303 [0]
446 1205 [10]
766 883 [4]
661 984 [8]
366 1288 [2]
763 891 [2]
500 1146 [8]
192 1461 [1]
499 1147 [8]
239 1416 [11]
402 1253 [11]
687 963 [5]
94 1562 [6]
232 1424 [0]
173 1479 [5]
592 1056 [8]
223 1424 [9]
455 1202 [1]
146 1506 [0]
699 956 [2]
785 873 [4]
186 1461 [11]
117 1541 [0]
189 1470 [6]
540 1119 [5]
496 1161 [3]
669 988 [3]
118 1540 [2]
370 1291 [8]
479 1179 [8]
677 985 [0]
450 1213 [11]
746 907 [11]
171 1487 [5]
183 1477 [1]
339 1325 [0]
153 1512 [6]
591 1064 [11]
386 1272 [7]
104 1552 [0]
496 1170 [8]
640 1026 [8]
684 982 [5]
199 1469 [7]
589 1079 [0]
821 848 [0]
413 1248 [8]
287 1378 [5]
507 1163 [0]
86 1585 [0]
826 845 [0]
631 1029 [11]
496 1178 [6]
579 1095 [0]
806 868 [0]
91 1584 [2]
253 1415 [8]
549 1127 [0]
149 1523 [5]
773 904 [0]
331 1338 [8]
719 947 [11]
416 1262 [0]
541 1135 [4]
260 1410 [8]
215 1464 [9]
786 893 [6]
305 1369 [5]
480 1200 [8]
460 1217 [1]
505 1166 [9]
653 1017 [10]
517 1164 [0]
817 859 [5]
189 1482 [10]
204 1474 [3]
291 1385 [6]
444 1233 [5]
531 1145 [6]
467 1213 [2]
132 1542 [8]
613 1070 [0]
349 1334 [0]
468 1209 [6]
771 904 [9]
708 970 [9]
192 1485 [7]
223 1453 [9]
515 1169 [1]
415 1268 [2]
142 1535 [8]
385 1301 [0]
655 1031 [6]
525 1155 [7]
402 1286 [5]
209 1479 [0]
438 1241 [9]
450 1239 [9]
583 1100 [7]
729 961 [0]
674 1016 [0]
463 1226 [2]
222 1459 [1]
203 1486 [6]
312 1369 [3]
552 1140 [0]
478 1215 [7]
232 1460 [6]
413 1281 [0]
673 1018 [3]
401 1293 [0]
493 1197 [0]
534 1155 [5]
842 852 [0]
409 1286 [9]
418 1266 [1]
537 1154 [4]
561 1128 [6]
228 1460 [8]
477 1220 [0]
695 1002 [0]
728 969 [0]
210 1488 [3]
362 1336 [2]
403 1295 [9]
101 1588 [9]
157 1532 [9]
503 1196 [0]
780 919 [1]
564 1135 [0]
466 1222 [1]
529 1171 [0]
125 1577 [8]
436 1266 [0]
510 1191 [11]
478 1220 [5]
494 1206 [3]
738 965 [0]
494 1204 [0]
198 1506 [11]
561 1143 [1]
710 993 [1]
776 929 [2]
321 1384 [0]
343 1363 [1]
371 1335 [5]
153 1551 [2]
197 1498 [11]
709 997 [0]
848 861 [1]
343 1367 [9]
458 1252 [0]
823 887 [0]
817 889 [5]
523 1185 [5]
203 1511 [0]
365 1349 [10]
337 1376 [1]
483 1231 [0]
136 1568 [1]
290 1422 [3]
462 1254 [8]
287 1430 [9]
605 1112 [0]
613 1104 [3]
454 1260 [3]
336 1381 [0]
415 1302 [0]
548 1167 [2]
379 1329 [9]
184 1534 [9]
846 872 [0]
591 1127 [0]
793 919 [6]
650 1063 [5]
299 1420 [7]
174 1543 [3]
401 1313 [3]
528 1192 [4]
515 1199 [7]
128 1595 [11]
544 1179 [0]
800 919 [4]
264 1456 [1]
422 1302 [7]
627 1097 [3]
831 893 [0]
851 864 [9]
480 1246 [0]
672 1054 [9]
367 1349 [10]
279 1447 [0]
291 1433 [3]
762 966 [0]
503 1222 [1]
768 953 [8]
437 1292 [0]
191 1528 [10]
403 1315 [11]
336 1393 [6]
766 953 [11]
448 1283 [11]
175 1548 [8]
359 1363 [10]
258 1472 [2]
406 1317 [9]
132 1592 [8]
757 976 [0]
230 1492 [11]
493 1241 [0]
684 1050 [5]
659 1076 [0]
734 1001 [0]
281 1455 [1]
820 916 [0]
801 929 [6]
717 1019 [0]
358 1378 [0]
668 1069 [6]
276 1456 [5]
399 1329 [9]
629 1109 [8]
207 1529 [2]
618 1121 [0]
411 1329 [9]
758 982 [0]
723 1009 [10]
384 1349 [10]
220 1520 [3]
647 1096 [0]
645 1090 [8]
347 1397 [11]
431 1313 [2]
514 1224 [7]
605 1140 [0]
818 927 [0]
407 1339 [0]
862 884 [1]
571 1169 [6]
177 1558 [11]
309 1437 [0]
396 1351 [7]
428 1316 [3]
170 1578 [9]
287 1461 [1]
578 1170 [1]
175 1575 [8]
779 972 [0]
395 1346 [10]
643 1103 [0]
405 1347 [9]
361 1391 [0]
236 1508 [8]
734 1008 [10]
525 1218 [10]
195 1549 [9]
372 1382 [9]
615 1139 [2]
628 1126 [6]
274 1471 [9]
285 1470 [10]
293 1457 [5]
505 1251 [1]
377 1379 [0]
739 1016 [1]
232 1523 [4]
402 1356 [4]
584 1174 [0]
772 986 [0]
600 1150 [8]
423 1336 [6]
826 934 [4]
463 1295 [2]
219 1542 [11]
407 1353 [6]
368 1392 [11]
578 1184 [0]
606 1157 [9]
667 1095 [1]
384 1380 [0]
828 936 [0]
444 1320 [0]
193 1572 [8]
579 1182 [4]
593 1172 [0]
181 1576 [8]
689 1077 [0]
445 1321 [0]
594 1162 [10]
322 1440 [5]
564 1201 [6]
340 1428 [1]
405 1356 [7]
555 1215 [4]
883 887 [1]
593 1177 [0]
879 891 [0]
240 1530 [0]
753 1009 [8]
199 1572 [0]
312 1456 [3]
872 891 [9]
617 1155 [0]
751 1022 [7]
201 1571 [1]
797 977 [0]
476 1288 [10]
574 1202 [8]
761 1015 [2]
868 900 [8]
535 1242 [4]
834 943 [8]
839 938 [1]
673 1104 [0]
489 1280 [8]
338 1428 [11]
288 1490 [1]
173 1599 [8]
197 1584 [3]
649 1131 [10]
285 1498 [8]
410 1372 [1]
453 1331 [4]
233 1554 [4]
703 1082 [2]
593 1194 [0]
808 979 [0]
767 1021 [0]
192 1597 [0]
794 995 [0]
336 1454 [0]
391 1401 [8]
855 937 [0]
440 1353 [0]
523 1260 [10]
391 1403 [10]
677 1106 [10]
637 1157 [0]
363 1432 [0]
874 913 [9]
564 1230 [2]
577 1220 [4]
683 1114 [4]
200 1597 [0]
474 1317 [6]
885 912 [0]
234 1564 [9]
556 1240 [2]
471 1318 [9]
605 1194 [1]
377 1424 [0]
389 1414 [10]
777 1020 [2]
750 1049 [5]
711 1093 [0]
379 1423 [3]
429 1377 [0]
409 1396 [8]
558 1248 [0]
343 1464 [9]
847 960 [0]
744 1062 [1]
797 1011 [0]
772 1034 [2]
527 1280 [8]
283 1527 [3]
403 1407 [1]
673 1135 [3]
512 1290 [11]
636 1177 [10]
803 1010 [0]
791 1018 [4]
398 1414 [6]
769 1046 [0]
473 1333 [9]
523 1293 [9]
589 1227 [0]
676 1141 [9]
642 1175 [0]
510 1298 [9]
418 1400 [8]
649 1169 [4]
868 950 [0]
319 1501 [5]
536 1281 [1]
558 1258 [4]
224 1597 [7]
282 1528 [11]
687 1131 [3]
531 1288 [2]
264 1558 [6]
708 1114 [0]
621 1196 [5]
433 1383 [6]
229 1594 [1]
233 1590 [0]
671 1152 [8]
236 1576 [11]
703 1115 [6]
473 1344 [8]
516 1309 [0]
474 1350 [1]
689 1132 [5]
407 1415 [4]
413 1412 [6]
709 1114 [4]
400 1428 [3]
714 1114 [8]
720 1108 [0]
569 1257 [11]
476 1350 [2]
456 1365 [7]
298 1531 [0]
532 1297 [0]
460 1367 [3]
692 1128 [3]
273 1556 [1]
536 1293 [6]
233 1598 [6]
833 989 [9]
586 1245 [0]
505 1327 [1]
632 1200 [8]
869 963 [9]
848 976 [9]
719 1115 [0]
662 1173 [0]
507 1326 [2]
300 1536 [3]
493 1338 [0]
545 1291 [11]
324 1513 [0]
698 1140 [10]
869 969 [0]
534 1294 [11]
821 1018 [11]
568 1271 [0]
426 1405 [8]
488 1351 [0]
733 1107 [0]
885 955 [0]
268 1570 [2]
905 935 [0]
253 1588 [11]
417 1418 [5]
400 1432 [9]
677 1166 [2]
610 1224 [9]
464 1372 [6]
461 1383 [8]
604 1233 [9]
868 974 [0]
477 1366 [2]
821 1025 [11]
903 943 [4]
890 956 [0]
453 1389 [4]
763 1084 [9]
861 985 [8]
470 1378 [7]
535 1313 [1]
285 1553 [10]
462 1387 [4]
729 1120 [0]
629 1209 [10]
846 999 [4]
632 1218 [3]
813 1037 [11]
431 1419 [0]
455 1387 [8]
564 1276 [10]
333 1510 [11]
708 1145 [2]
269 1574 [10]
541 1313 [9]
867 987 [11]
420 1431 [3]
366 1490 [10]
540 1316 [1]
927 929 [0]
308 1538 [11]
688 1170 [0]
742 1116 [0]
506 1352 [0]
379 1469 [10]
585 1274 [0]
625 1234 [0]
612 1247 [0]
634 1219 [7]
524 1337 [0]
558 1300 [4]
308 1544 [10]
672 1184 [7]
732 1124 [8]
474 1389 [0]
748 1117 [0]
303 1554 [8]
824 1043 [0]
924 940 [3]
550 1316 [3]
539 1329 [0]
490 1378 [0]
872 995 [10]
731 1137 [10]
822 1048 [8]
602 1264 [5]
486 1377 [8]
675 1197 [0]
670 1192 [3]
514 1358 [0]
576 1297 [9]
743 1130 [0]
692 1178 [3]
383 1482 [8]
852 1022 [0]
741 1133 [0]
525 1350 [8]
583 1292 [6]
667 1208 [8]
815 1060 [2]
882 983 [11]
491 1384 [0]
673 1203 [10]
351 1526 [0]
613 1265 [6]
788 1090 [9]
776 1104 [8]
543 1327 [10]
420 1458 [3]
841 1042 [9]
659 1225 [9]
396 1489 [10]
398 1487 [10]
428 1457 [9]
294 1588 [3]
843 1042 [0]
839 1046 [0]
624 1250 [11]
892 993 [0]
864 1022 [0]
626 1250 [10]
332 1546 [0]
501 1379 [7]
857 1031 [0]
913 971 [5]
705 1180 [4]
880 1009 [0]
365 1525 [0]
818 1065 [8]
382 1510 [3]
425 1467 [11]
943 950 [4]
448 1434 [11]
783 1110 [0]
586 1308 [4]
703 1182 [5]
732 1163 [0]
828 1067 [9]
876 1019 [0]
497 1399 [11]
442 1454 [0]
754 1135 [7]
430 1467 [10]
581 1308 [9]
346 1542 [10]
835 1055 [8]
299 1598 [1]
774 1114 [1]
345 1546 [8]
603 1297 [0]
922 979 [0]
421 1480 [0]
420 1473 [8]
510 1390 [4]
428 1470 [6]
449 1456 [0]
586 1319 [1]
333 1574 [1]
412 1494 [10]
717 1187 [4]
725 1179 [5]
708 1203 [1]
754 1150 [8]
394 1507 [11]
470 1443 [0]
543 1370 [11]
696 1207 [11]
630 1285 [6]
415 1496 [4]
912 1002 [11]
435 1472 [9]
530 1387 [10]
607 1302 [9]
670 1247 [0]
369 1542 [6]
581 1338 [0]
556 1355 [8]
606 1313 [1]
522 1392 [6]
738 1183 [0]
689 1231 [11]
598 1323 [0]
830 1092 [10]
733 1189 [0]
860 1054 [8]
805 1110 [8]
831 1092 [0]
351 1573 [0]
409 1505 [10]
922 1003 [0]
698 1222 [0]
730 1196 [0]
719 1199 [9]
906 1020 [0]
943 984 [4]
657 1268 [10]
715 1212 [0]
574 1355 [0]
325 1593 [11]
368 1555 [2]
679 1245 [5]
399 1531 [8]
606 1324 [10]
527 1405 [1]
692 1232 [8]
431 1491 [11]
553 1380 [0]
721 1213 [0]
388 1546 [0]
507 1424 [1]
842 1092 [10]
477 1448 [10]
939 996 [0]
674 1262 [3]
479 1458 [6]
596 1341 [11]
955 982 [2]
960 969 [9]
660 1271 [9]
805 1136 [0]
408 1524 [9]
803 1139 [0]
382 1557 [3]
496 1446 [1]
503 1429 [11]
653 1282 [8]
707 1237 [0]
352 1590 [3]
828 1118 [9]
490 1456 [0]
686 1259 [5]
848 1092 [6]
380 1567 [5]
869 1078 [4]
822 1127 [0]
492 1457 [0]
607 1333 [9]
610 1340 [4]
453 1497 [4]
372 1578 [11]
466 1484 [10]
487 1463 [0]
605 1345 [4]
580 1362 [8]
862 1089 [3]
478 1462 [3]
472 1469 [10]
966 976 [0]
526 1426 [3]
870 1082 [7]
684 1263 [5]
763 1181 [9]
466 1479 [9]
417 1536 [2]
754 1195 [7]
915 1041 [0]
882 1075 [1]
976 981 [4]
672 1276 [9]
971 988 [11]
911 1044 [4]
734 1216 [10]
866 1095 [0]
813 1149 [0]
707 1250 [7]
865 1099 [1]
709 1247 [8]
817 1148 [3]
922 1036 [6]
621 1345 [0]
648 1318 [0]
606 1352 [1]
383 1573 [11]
569 1400 [0]
971 998 [0]
741 1220 [10]
721 1250 [0]
469 1499 [3]
746 1227 [0]
832 1141 [4]
902 1071 [0]
698 1276 [5]
506 1466 [2]
801 1168 [7]
457 1509 [10]
416 1554 [2]
765 1212 [6]
685 1293 [8]
464 1510 [4]
700 1268 [11]
745 1230 [4]
754 1215 [3]
978 1003 [0]
786 1192 [3]
549 1432 [0]
988 992 [10]
869 1113 [0]
650 1325 [7]
669 1308 [5]
779 1201 [3]
900 1075 [8]
953 1029 [1]
551 1426 [6]
624 1355 [0]
796 1188 [0]
690 1295 [0]
601 1378 [7]
659 1318 [9]
944 1032 [11]
582 1406 [3]
621 1367 [2]
785 1195 [8]
752 1234 [2]
732 1258 [0]
626 1353 [1]
413 1578 [10]
560 1431 [6]
613 1378 [11]
620 1371 [0]
393 1599 [8]
561 1421 [10]
609 1384 [5]
732 1257 [1]
994 998 [7]
913 1071 [9]
480 1514 [10]
676 1318 [0]
531 1461 [2]
672 1312 [8]
455 1538 [9]
738 1250 [6]
937 1049 [8]
846 1146 [2]
608 1386 [10]
606 1382 [0]
898 1099 [0]
823 1175 [4]
992 1006 [0]
953 1036 [9]
441 1559 [0]
850 1140 [10]
423 1571 [6]
469 1524 [8]
522 1473 [6]
716 1286 [0]
460 1536 [6]
649 1350 [4]
945 1059 [0]
613 1391 [3]
717 1291 [10]
519 1480 [11]
526 1485 [0]
605 1406 [2]
717 1293 [10]
946 1067 [0]
977 1036 [11]
569 1442 [2]
579 1430 [4]
733 1270 [11]
485 1523 [0]
724 1290 [0]
740 1271 [4]
961 1049 [4]
791 1220 [4]
907 1103 [0]
451 1565 [0]
959 1058 [0]
451 1566 [0]
975 1042 [0]
700 1318 [11]
795 1220 [8]
550 1471 [10]
574 1438 [9]
633 1380 [8]
679 1344 [11]
625 1399 [0]
881 1143 [0]
916 1108 [2]
477 1545 [6]
545 1475 [4]
470 1550 [0]
653 1372 [1]
746 1279 [0]
663 1363 [4]
601 1426 [0]
497 1529 [1]
458 1567 [4]
825 1196 [7]
671 1357 [2]
616 1407 [8]
654 1378 [8]
706 1326 [0]
879 1153 [8]
1003 1020 [0]
497 1527 [11]
793 1240 [0]
713 1320 [0]
650 1384 [4]
728 1306 [2]
526 1502 [6]
573 1454 [7]
681 1343 [10]
957 1072 [2]
786 1250 [4]
822 1211 [3]
532 1504 [1]
632 1406 [0]
928 1110 [6]
448 1581 [9]
694 1344 [0]
861 1177 [11]
1005 1035 [0]
627 1409 [4]
648 1386 [6]
801 1239 [0]
987 1044 [9]
489 1542 [10]
704 1338 [0]
998 1045 [4]
840 1203 [0]
879 1165 [0]
929 1116 [0]
582 1459 [5]
936 1103 [1]
624 1418 [4]
641 1406 [0]
772 1273 [2]
618 1430 [1]
913 1135 [7]
893 1152 [1]
551 1493 [4]
487 1560 [4]
991 1059 [11]
680 1370 [1]
463 1589 [4]
841 1211 [6]
552 1489 [10]
927 1114 [10]
566 1486 [0]
638 1410 [5]
939 1114 [0]
696 1358 [5]
758 1296 [4]
738 1308 [8]
921 1134 [0]
747 1308 [0]
757 1292 [6]
861 1195 [1]
775 1281 [0]
786 1270 [0]
780 1274 [4]
545 1511 [10]
950 1105 [4]
489 1570 [10]
875 1184 [0]
977 1082 [11]
704 1355 [0]
454 1596 [10]
857 1204 [0]
878 1183 [0]
729 1333 [1]
542 1519 [10]
851 1200 [3]
973 1091 [8]
808 1254 [3]
961 1102 [6]
569 1497 [7]
858 1208 [0]
987 1079 [0]
502 1565 [0]
523 1547 [1]
658 1412 [0]
951 1119 [0]
894 1176 [0]
669 1399 [2]
622 1449 [0]
840 1233 [0]
496 1574 [11]
892 1179 [2]
862 1203 [8]
718 1356 [0]
498 1573 [3]
882 1193 [0]
972 1103 [7]
599 1472 [4]
997 1078 [0]
485 1591 [3]
634 1441 [1]
949 1124 [3]
848 1228 [0]
798 1272 [7]
822 1256 [0]
763 1308 [7]
510 1560 [11]
832 1244 [3]
594 1474 [1]
886 1195 [4]
705 1367 [0]
986 1096 [6]
704 1379 [4]
963 1120 [0]
547 1531 [0]
964 1117 [2]
885 1189 [11]
882 1194 [8]
990 1094 [0]
957 1119 [5]
679 1396 [10]
754 1332 [5]
907 1179 [1]
579 1500 [6]
622 1458 [6]
919 1166 [10]
757 1330 [0]
749 1338 [10]
592 1487 [9]
528 1551 [10]
529 1557 [4]
699 1392 [10]
710 1373 [8]
798 1294 [0]
978 1114 [1]
898 1184 [1]
675 1418 [0]
509 1584 [0]
795 1299 [0]
523 1562 [11]
522 1570 [4]
642 1451 [5]
517 1580 [0]
803 1291 [1]
569 1529 [7]
993 1105 [0]
516 1576 [6]
884 1217 [0]
664 1432 [5]
660 1433 [11]
781 1321 [0]
914 1184 [4]
893 1210 [0]
566 1530 [8]
836 1268 [0]
908 1188 [9]
864 1241 [0]
878 1228 [10]
960 1146 [11]
678 1429 [11]
841 1257 [9]
991 1116 [0]
941 1163 [4]
624 1484 [8]
744 1364 [8]
560 1547 [11]
722 1384 [2]
767 1341 [0]
572 1526 [10]
1043 1065 [4]
637 1473 [0]
998 1111 [10]
611 1490 [10]
524 1576 [11]
645 1463 [1]
618 1494 [9]
970 1142 [10]
671 1434 [6]
1012 1101 [0]
978 1136 [0]
615 1500 [4]
569 1542 [4]
700 1409 [6]
899 1214 [6]
867 1247 [2]
697 1409 [10]
1007 1111 [0]
906 1213 [8]
804 1317 [0]
551 1572 [11]
778 1345 [0]
882 1242 [4]
805 1315 [4]
608 1510 [6]
987 1137 [0]
625 1500 [7]
656 1471 [0]
986 1135 [9]
952 1164 [11]
903 1217 [6]
1031 1097 [8]
607 1512 [10]
795 1335 [0]
990 1141 [0]
1020 1111 [0]
554 1579 [0]
544 1581 [10]
1044 1082 [7]
835 1291 [9]
898 1237 [0]
747 1390 [5]
1052 1078 [7]
876 1255 [2]
806 1330 [2]
951 1187 [6]
1032 1108 [10]
755 1387 [0]
988 1150 [4]
624 1510 [10]
785 1360 [11]
1024 1121 [0]
924 1221 [0]
654 1490 [1]
609 1537 [10]
731 1406 [9]
811 1336 [0]
925 1222 [0]
1036 1112 [1]
561 1588 [6]
614 1535 [3]
951 1197 [1]
969 1181 [11]
890 1261 [9]
856 1288 [6]
670 1482 [0]
567 1575 [10]
759 1392 [11]
829 1318 [6]
854 1299 [0]
561 1581 [1]
557 1597 [0]
1024 1131 [0]
574 1572 [0]
684 1471 [1]
949 1208 [0]
568 1590 [6]
906 1243 [10]
691 1469 [0]
710 1442 [8]
799 1362 [0]
1012 1149 [0]
692 1470 [3]
940 1215 [7]
722 1441 [0]
723 1441 [7]
842 1322 [0]
887 1269 [8]
751 1414 [8]
619 1547 [6]
707 1459 [0]
933 1233 [0]
1033 1134 [0]
640 1528 [11]
819 1344 [0]
710 1459 [8]
975 1183 [3]
1063 1106 [0]
642 1528 [2]
699 1465 [6]
1064 1106 [0]
712 1459 [4]
956 1215 [1]
1019 1149 [3]
643 1529 [2]
762 1410 [0]
840 1333 [5]
668 1507 [2]
1009 1166 [1]
996 1180 [0]
716 1455 [7]
598 1580 [0]
981 1197 [0]
719 1448 [11]
704 1469 [6]
700 1477 [2]
719 1450 [10]
697 1483 [8]
607 1562 [11]
833 1347 [0]
811 1371 [0]
759 1413 [10]
723 1456 [7]
673 1511 [2]
713 1468 [11]
786 1394 [7]
644 1529 [11]
835 1350 [10]
603 1576 [6]
592 1584 [1]
874 1313 [0]
909 1279 [0]
802 1383 [4]
713 1477 [5]
761 1429 [0]
610 1578 [4]
984 1208 [7]
1064 1117 [1]
1041 1152 [0]
751 1441 [1]
810 1384 [5]
658 1536 [0]
1034 1160 [0]
753 1442 [0]
765 1430 [7]
684 1504 [7]
886 1300 [10]
831 1366 [4]
1055 1142 [0]
809 1391 [8]
1025 1173 [2]
635 1559 [6]
739 1462 [7]
749 1453 [0]
942 1258 [10]
970 1233 [3]
797 1405 [1]
1086 1118 [0]
727 1478 [0]
870 1327 [11]
1020 1186 [9]
688 1518 [10]
863 1345 [0]
827 1381 [0]
709 1498 [1]
917 1286 [6]
804 1406 [1]
998 1210 [2]
614 1586 [10]
1030 1181 [0]
1067 1138 [6]
1057 1154 [0]
839 1372 [10]
695 1508 [10]
983 1227 [4]
1007 1208 [2]
795 1419 [1]
1049 1166 [1]
760 1457 [0]
1075 1137 [6]
1095 1122 [3]
1054 1165 [11]
949 1270 [0]
709 1499 [8]
699 1521 [0]
782 1438 [0]
1107 1113 [0]
939 1282 [2]
638 1584 [1]
1034 1183 [6]
981 1242 [0]
740 1484 [0]
693 1523 [9]
950 1276 [3]
853 1373 [0]
772 1444 [11]
947 1280 [0]
861 1358 [8]
725 1504 [5]
1082 1145 [10]
980 1249 [0]
970 1256 [4]
877 1353 [0]
984 1247 [0]
876 1356 [3]
725 1507 [1]
781 1451 [0]
988 1244 [0]
977 1255 [0]
699 1531 [2]
1071 1162 [0]
1090 1143 [0]
907 1317 [9]
878 1356 [3]
831 1399 [4]
740 1495 [0]
927 1308 [11]
717 1514 [4]
692 1540 [4]
805 1425 [6]
827 1411 [0]
1035 1204 [0]
643 1598 [10]
880 1356 [5]
1020 1213 [8]
938 1299 [5]
839 1404 [0]
891 1341 [11]
1012 1223 [10]
784 1462 [0]
959 1289 [0]
1038 1210 [4]
1111 1136 [10]
1024 1215 [9]
683 1565 [1]
795 1452 [2]
993 1257 [2]
818 1432 [2]
894 1359 [3]
936 1319 [1]
788 1459 [9]
927 1326 [9]
1076 1168 [11]
1069 1187 [0]
707 1550 [6]
710 1547 [1]
1042 1215 [5]
832 1419 [9]
788 1470 [3]
883 1371 [4]
689 1559 [2]
1123 1132 [6]
1057 1204 [0]
843 1420 [0]
729 1536 [6]
1042 1220 [8]
1030 1233 [2]
1032 1235 [0]
1103 1164 [8]
1108 1157 [2]
1120 1145 [2]
772 1496 [2]
880 1388 [0]
919 1350 [6]
728 1536 [6]
1050 1222 [0]
747 1520 [6]
676 1593 [4]
702 1572 [0]
744 1531 [9]
719 1553 [3]
1075 1200 [0]
765 1501 [2]
931 1346 [0]
734 1537 [6]
829 1448 [0]
1108 1170 [0]
673 1594 [11]
1051 1228 [0]
938 1332 [0]
975 1293 [11]
755 1521 [4]
846 1424 [1]
1114 1161 [6]
759 1513 [10]
944 1339 [11]
983 1302 [4]
1051 1230 [4]
763 1523 [5]
1093 1195 [0]
834 1455 [11]
1040 1244 [7]
1107 1173 [10]
802 1480 [9]
972 1321 [0]
724 1571 [4]
1025 1270 [10]
1081 1214 [0]
806 1490 [0]
837 1450 [10]
933 1365 [0]
897 1392 [0]
876 1422 [0]
902 1397 [0]
707 1588 [7]
782 1518 [0]
710 1587 [6]
1048 1252 [0]
1007 1294 [6]
1117 1184 [1]
730 1568 [3]
891 1411 [8]
995 1307 [10]
823 1473 [1]
990 1314 [0]
1137 1162 [7]
707 1595 [4]
937 1369 [0]
781 1525 [0]
796 1500 [11]
737 1571 [0]
791 1508 [9]
713 1595 [1]
841 1460 [8]
1136 1166 [6]
985 1325 [0]
1110 1195 [0]
929 1379 [2]
857 1454 [9]
953 1358 [5]
990 1317 [4]
1131 1181 [0]
910 1402 [0]
936 1377 [10]
770 1532 [11]
764 1549 [0]
717 1592 [6]
834 1471 [11]
1048 1269 [0]
1107 1211 [6]
737 1584 [0]
959 1362 [0]
821 1501 [0]
870 1444 [9]
1032 1291 [4]
1136 1186 [2]
819 1500 [5]
1008 1316 [0]
1052 1273 [10]
950 1372 [3]
851 1475 [2]
959 1367 [0]
1000 1328 [0]
901 1428 [4]
991 1337 [1]
1058 1271 [0]
1051 1279 [0]
887 1444 [1]
937 1394 [0]
845 1484 [2]
878 1453 [10]
985 1340 [6]
944 1378 [1]
966 1364 [4]
807 1527 [0]
1029 1306 [0]
858 1478 [0]
948 1384 [5]
1073 1264 [0]
1055 1283 [0]
845 1489 [4]
860 1473 [9]
1070 1272 [0]
1035 1308 [5]
1157 1186 [0]
951 1391 [3]
780 1566 [6]
1106 1240 [4]
989 1358 [7]
1115 1233 [8]
861 1488 [2]
1173 1177 [0]
1084 1266 [0]
787 1566 [0]
786 1563 [4]
780 1574 [6]
1135 1219 [0]
1151 1205 [0]
946 1410 [0]
1117 1241 [0]
915 1440 [3]
999 1356 [6]
1006 1356 [11]
867 1494 [10]
1099 1256 [9]
844 1521 [0]
1168 1197 [2]
908 1458 [3]
1047 1319 [0]
1049 1306 [11]
774 1594 [0]
1042 1321 [5]
1159 1213 [0]
940 1424 [8]
1042 1324 [6]
1021 1352 [4]
1002 1362 [10]
1075 1301 [0]
986 1390 [0]
1123 1254 [6]
871 1506 [0]
1010 1363 [2]
828 1541 [10]
1155 1217 [1]
807 1575 [0]
872 1511 [2]
1025 1358 [0]
1058 1320 [5]
924 1453 [6]
969 1415 [2]
1062 1323 [0]
1035 1348 [2]
963 1423 [6]
942 1442 [2]
870 1509 [8]
1019 1362 [6]
995 1393 [0]
926 1462 [0]
822 1565 [8]
1127 1261 [2]
1026 1366 [0]
981 1409 [2]
1141 1253 [3]
1150 1242 [2]
1054 1341 [0]
1139 1256 [4]
1095 1298 [2]
963 1431 [6]
919 1479 [0]
1017 1380 [6]
1119 1278 [6]
910 1491 [0]
1098 1305 [0]
1099 1305 [0]
889 1512 [3]
1112 1293 [9]
1024 1381 [2]
960 1444 [3]
959 1448 [0]
917 1490 [0]
844 1557 [6]
968 1440 [0]
943 1461 [4]
836 1568 [4]
903 1506 [3]
1087 1318 [4]
1058 1349 [0]
1121 1290 [0]
1181 1219 [1]
1112 1301 [9]
947 1466 [0]
1088 1326 [0]
882 1522 [11]
1053 1363 [0]
1080 1337 [1]
1188 1231 [10]
1175 1240 [2]
1004 1420 [0]
1061 1363 [0]
1105 1319 [0]
969 1445 [10]
1018 1408 [2]
1206 1220 [6]
1103 1320 [3]
964 1462 [0]
967 1453 [6]
1064 1365 [0]
1070 1360 [1]
879 1553 [10]
932 1500 [0]
1016 1416 [4]
1077 1347 [11]
1015 1420 [0]
929 1501 [7]
1188 1248 [0]
920 1518 [9]
890 1549 [0]
979 1459 [1]
1147 1294 [0]
907 1524 [10]
1124 1311 [6]
899 1544 [10]
1013 1432 [6]
1045 1400 [0]
1173 1273 [0]
943 1503 [0]
931 1517 [0]
1185 1264 [0]
954 1491 [4]
1089 1361 [0]
1209 1237 [4]
1222 1228 [6]
921 1534 [3]
949 1506 [7]
1187 1262 [2]
918 1537 [0]
1198 1258 [0]
1098 1360 [0]
1151 1302 [6]
896 1564 [10]
858 1599 [4]
914 1548 [0]
1073 1379 [3]
898 1566 [6]
1144 1321 [6]
1012 1442 [11]
1100 1359 [6]
976 1491 [9]
1213 1251 [6]
1136 1334 [2]
961 1498 [10]
908 1552 [10]
869 1594 [1]
1030 1444 [0]
1070 1403 [2]
912 1564 [0]
951 1516 [10]
916 1562 [6]
962 1516 [0]
995 1483 [7]
925 1545 [8]
966 1514 [4]
1148 1332 [0]
1191 1290 [4]
1006 1474 [6]
1223 1259 [11]
1076 1408 [10]
1232 1242 [11]
1064 1417 [4]
1242 1244 [3]
931 1556 [4]
946 1541 [6]
1028 1459 [4]
1208 1275 [4]
1202 1283 [2]
975 1513 [2]
977 1511 [4]
1118 1370 [6]
1225 1263 [0]
1173 1314 [1]
1137 1348 [4]
902 1583 [4]
931 1559 [4]
1159 1331 [0]
1029 1464 [0]
1111 1382 [0]
980 1517 [4]
1247 1249 [3]
913 1583 [1]
1156 1342 [0]
1063 1430 [7]
1195 1304 [0]
1007 1493 [4]
1095 1404 [2]
1133 1369 [0]
921 1581 [1]
912 1590 [2]
939 1566 [10]
948 1549 [8]
1200 1304 [11]
1041 1465 [3]
1162 1347 [0]
997 1511 [1]
1045 1453 [11]
1013 1496 [0]
1119 1388 [0]
1152 1360 [8]
952 1549 [11]
984 1529 [0]
995 1519 [3]
1036 1480 [11]
1116 1397 [0]
965 1544 [6]
1088 1429 [0]
1197 1318 [1]
1127 1382 [11]
1136 1377 [7]
937 1583 [0]
1088 1432 [2]
1108 1408 [7]
1075 1446 [2]
1122 1401 [0]
1088 1435 [7]
1037 1487 [0]
1008 1517 [0]
1205 1321 [8]
1112 1403 [11]
1230 1296 [0]
1097 1430 [0]
1129 1398 [0]
1198 1329 [0]
952 1569 [8]
1064 1457 [11]
1248 1286 [11]
1110 1419 [9]
1202 1329 [6]
1190 1347 [1]
1239 1301 [2]
968 1571 [7]
1267 1275 [0]
963 1581 [1]
1154 1390 [0]
1124 1422 [8]
1237 1299 [1]
1191 1358 [6]
1032 1518 [6]
1000 1553 [0]
1263 1291 [2]
982 1567 [6]
982 1570 [4]
1210 1346 [0]
1000 1557 [0]
1215 1338 [5]
972 1576 [10]
1164 1396 [6]
1082 1469 [10]
1192 1363 [2]
1005 1557 [2]
971 1594 [0]
1092 1473 [0]
1255 1306 [4]
1026 1539 [0]
1257 1309 [0]
1058 1507 [0]
1222 1344 [4]
972 1595 [3]
1225 1337 [9]
1269 1303 [0]
1263 1303 [6]
1264 1310 [4]
1235 1338 [10]
1105 1471 [4]
1176 1400 [1]
1160 1410 [6]
1168 1409 [0]
1105 1469 [4]
1163 1419 [3]
1103 1471 [11]
1145 1440 [0]
1146 1439 [0]
1245 1331 [10]
1154 1433 [6]
1221 1366 [0]
1282 1305 [4]
1292 1296 [0]
1117 1469 [2]
1045 1547 [6]
1261 1322 [10]
1272 1322 [0]
1215 1371 [8]
1234 1351 [10]
1125 1470 [0]
1270 1319 [7]
1263 1333 [0]
1191 1407 [0]
1001 1598 [2]
1055 1544 [0]
1051 1550 [7]
1276 1326 [4]
1117 1474 [11]
1078 1527 [8]
1261 1345 [10]
1238 1368 [0]
1032 1575 [4]
1073 1524 [11]
1085 1522 [0]
1223 1379 [2]
1174 1435 [0]
1137 1474 [0]
1023 1585 [4]
1175 1437 [0]
1050 1564 [0]
1074 1540 [0]
1099 1509 [7]
1077 1535 [3]
1063 1549 [6]
1060 1559 [0]
1069 1551 [0]
1024 1592 [4]
1247 1374 [6]
1027 1595 [4]
1257 1365 [11]
1232 1392 [0]
1280 1345 [10]
1179 1439 [2]
1278 1350 [0]
1297 1330 [1]
1291 1339 [0]
1185 1446 [10]
1163 1459 [11]
1194 1441 [0]
1216 1421 [0]
1106 1528 [4]
1280 1359 [0]
1091 1548 [0]
1175 1465 [10]
1313 1326 [4]
1063 1577 [0]
1296 1337 [11]
1124 1523 [8]
1070 1567 [10]
1111 1537 [4]
1223 1426 [0]
1140 1511 [1]
1136 1516 [6]
1173 1479 [10]
1092 1556 [4]
1130 1523 [0]
1277 1376 [0]
1197 1460 [8]
1291 1367 [7]
1196 1459 [8]
1163 1494 [10]
1226 1434 [0]
1181 1476 [4]
1186 1477 [0]
1124 1540 [0]
1280 1384 [2]
1299 1361 [4]
1183 1482 [6]
1079 1588 [4]
1229 1432 [6]
1071 1598 [2]
1220 1449 [0]
1185 1481 [4]
1229 1440 [1]
1076 1585 [9]
1312 1349 [9]
1327 1344 [4]
1097 1574 [0]
1174 1498 [2]
1158 1515 [0]
1231 1442 [0]
1188 1488 [4]
1284 1392 [0]
1086 1590 [0]
1204 1471 [2]
1237 1436 [7]
1140 1529 [8]
1283 1394 [0]
1258 1421 [2]
1164 1516 [0]
1111 1563 [7]
1109 1573 [0]
1168 1515 [0]
1326 1354 [4]
1146 1538 [0]
1277 1407 [0]
1098 1585 [2]
1199 1480 [8]
1197 1490 [11]
1322 1369 [2]
1147 1547 [1]
1250 1448 [0]
1276 1420 [2]
1276 1427 [0]
1199 1498 [6]
1249 1456 [7]
1249 1455 [1]
1302 1403 [4]
1138 1575 [1]
1139 1566 [11]
1297 1415 [6]
1131 1580 [3]
1174 1549 [7]
1194 1531 [0]
1165 1558 [3]
1204 1524 [1]
1262 1466 [3]
1283 1443 [0]
1293 1424 [11]
1356 1366 [2]
1319 1409 [4]
1280 1452 [1]
1238 1496 [0]
1160 1575 [4]
1257 1478 [10]
1252 1486 [1]
1270 1465 [4]
1334 1410 [2]
1277 1469 [0]
1148 1592 [6]
1227 1515 [7]
1302 1444 [0]
1325 1422 [0]
1349 1398 [0]
1280 1467 [1]
1263 1486 [9]
1286 1463 [0]
1247 1503 [4]
1257 1489 [4]
1289 1461 [0]
1257 1494 [10]
1263 1485 [3]
1305 1440 [7]
1276 1479 [2]
1334 1421 [0]
1183 1574 [2]
1284 1473 [6]
1185 1574 [2]
1351 1397 [11]
1258 1503 [2]
1364 1388 [10]
1283 1482 [0]
1181 1586 [4]
1260 1514 [0]
1207 1570 [0]
1270 1509 [4]
1332 1453 [0]
1295 1492 [0]
1284 1503 [2]
1227 1563 [7]
1314 1467 [11]
1242 1539 [10]
1256 1527 [10]
1255 1538 [1]
1301 1494 [2]
1239 1560 [7]
1354 1445 [0]
1365 1436 [4]
1204 1596 [2]
1290 1513 [7]
1337 1458 [10]
1379 1423 [4]
1316 1494 [0]
1298 1518 [7]
1279 1532 [7]
1242 1578 [10]
1239 1575 [7]
1225 1597 [0]
1277 1552 [10]
1266 1569 [1]
1282 1555 [0]
1288 1574 [4]
1397 1465 [0]
1268 1593 [4]
1397 1466 [2]
1284 1579 [3]
1408 1456 [4]
1301 1569 [0]
1382 1491 [0]
1386 1487 [0]
1281 1594 [3]
1306 1573 [0]
1352 1530 [3]
1370 1503 [3]
1391 1486 [0]
1398 1492 [0]
1299 1586 [6]
1322 1561 [10]
1362 1532 [1]
1345 1553 [6]
1357 1547 [0]
1377 1525 [2]
1439 1459 [6]
1329 1570 [6]
1372 1538 [0]
1450 1461 [0]
1330 1578 [6]
1459 1466 [6]
1396 1530 [0]
1356 1576 [2]
1411 1524 [0]
1370 1566 [0]
1394 1539 [0]
1380 1554 [3]
1411 1531 [7]
1448 1486 [8]
1453 1488 [4]
1430 1516 [0]
1380 1571 [3]
1436 1521 [6]
1461 1497 [1]
1398 1562 [4]
1365 1593 [4]
1377 1586 [0]
1390 1573 [2]
1405 1561 [0]
1434 1532 [0]
1413 1565 [4]
1402 1577 [0]
1462 1522 [0]
1454 1529 [7]
1473 1517 [7]
1442 1546 [5]
1425 1565 [4]
1403 1592 [0]
1459 1540 [3]
1485 1508 [3]
1484 1522 [0]
1470 1543 [7]
1449 1564 [11]
1508 1516 [4]
1454 1576 [7]
1518 1519 [0]
1441 1596 [8]
1458 1582 [0]
1478 1559 [4]
1511 1531 [0]
1448 1598 [0]
1499 1572 [4]
1513 1574 [0]
1540 1551 [2]
1541 1576 [0]
1563 1583 [0]
1565 1579 [4]
1572 1593 [7]
