32
3
4
7
3
2
10
24
21
17
19
14
0
5
13
8
11
6
15
26
16
31
1
25
22
29
27
12
9
18
23
20
30
28
0 5 [0]
2 10 [0]
5 8 [0]
1 15 [0]
6 11 [0]
5 13 [2]
8 12 [0]
9 12 [0]
8 11 [0]
5 17 [2]
6 16 [2]
8 14 [0]
9 14 [0]
11 13 [1]
4 21 [2]
1 25 [2]
10 17 [0]
11 16 [2]
11 15 [1]
4 24 [1]
8 20 [2]
1 29 [0]
2 28 [0]
15 16 [0]
14 16 [1]
10 21 [2]
9 23 [0]
14 19 [0]
4 30 [1]
6 29 [0]
8 27 [0]
7 28 [0]
6 27 [0]
13 21 [2]
10 24 [1]
16 19 [1]
18 20 [1]
12 24 [1]
12 27 [0]
11 27 [0]
17 24 [0]
13 26 [1]
20 23 [1]
18 27 [2]
21 25 [1]
19 28 [0]
16 30 [2]
20 31 [2]
23 28 [0]
20 30 [1]
19 31 [1]
21 30 [2]
23 30 [0]
25 29 [0]
22 31 [2]
23 31 [2]
25 31 [1]
27 31 [2]
