1600
12
41
180
320
353
414
958
1287
1533
800
322
72
196
456
27
83
261
47
150
218
119
224
698
305
169
703
435
101
274
87
135
92
343
380
12
262
30
278
113
5
1312
156
171
515
133
256
277
102
387
129
533
276
713
1320
444
50
327
67
474
170
89
157
650
57
319
429
185
537
70
118
225
1224
104
215
0
95
1505
582
212
201
100
249
34
64
989
254
684
547
62
49
452
138
38
8
705
177
16
146
65
402
231
241
1
541
791
9
403
672
121
202
390
287
501
136
128
798
819
405
273
356
203
404
638
592
74
73
660
71
518
337
340
33
21
335
187
93
60
26
48
913
195
897
386
182
167
219
505
357
281
44
538
385
11
24
227
7
107
397
66
333
142
449
754
634
299
497
925
332
35
140
271
55
600
108
953
79
751
725
618
744
510
247
36
378
577
6
973
164
68
144
374
293
85
192
664
303
149
616
159
115
525
173
870
461
147
90
570
80
205
393
289
110
455
88
763
105
181
655
158
132
42
52
408
175
680
111
106
640
486
653
148
373
410
709
434
997
1078
22
145
364
234
602
665
606
825
253
1044
103
1215
239
495
906
1020
409
920
282
344
272
342
459
513
371
860
527
325
530
130
1112
605
1140
552
835
396
535
206
1337
524
810
683
886
313
574
629
681
508
580
389
270
696
338
323
383
236
976
151
631
661
360
1049
485
339
938
2
624
359
186
770
450
1065
59
607
69
566
1486
18
394
1031
857
493
489
54
523
823
887
37
178
882
40
834
471
426
306
562
97
849
242
1103
127
295
641
1406
632
134
644
355
285
123
528
756
208
1246
480
900
659
1076
576
304
587
567
176
777
473
425
391
420
948
692
82
23
771
604
494
609
372
448
230
1141
500
399
685
788
31
1256
822
184
667
614
29
499
345
711
1093
520
112
1388
880
1009
56
346
243
194
300
392
697
122
1351
488
370
160
952
220
13
1165
879
891
469
936
828
296
1077
379
174
223
328
99
586
1245
191
1094
990
1314
216
908
623
710
779
972
1321
445
457
1115
719
682
889
347
481
1052
572
859
575
596
78
39
291
263
418
126
454
238
630
131
45
367
693
193
654
411
590
553
1380
384
75
686
255
314
28
804
1317
197
210
288
617
1155
496
837
63
316
540
563
267
283
862
246
143
1259
58
546
498
381
183
251
478
294
382
783
1110
421
1480
152
125
124
400
43
915
1041
1152
188
221
747
1308
264
179
730
1196
503
237
428
894
1176
460
841
375
416
1262
235
479
645
940
257
266
735
1192
286
162
847
960
543
312
1074
1540
1124
259
1132
213
824
1043
155
161
1485
526
809
812
109
565
1082
10
116
687
851
482
550
228
244
204
165
1010
803
1139
472
198
832
430
439
424
368
838
331
292
957
555
309
1437
1175
642
466
260
626
628
899
153
1304
1195
258
91
137
781
1451
1525
365
438
689
861
350
678
475
1002
695
816
189
302
4
1101
1012
1149
813
970
1219
1135
564
511
548
51
961
729
1120
963
284
775
1281
413
556
815
214
1193
1254
172
334
417
265
398
290
1242
981
1197
675
1418
951
1119
32
594
560
217
476
669
362
268
911
308
352
939
326
996
1180
1114
708
168
229
1005
1035
1204
1057
1154
1390
986
772
330
84
944
269
166
759
96
61
245
120
1018
622
1449
1220
477
621
1345
778
863
534
226
679
15
19
1189
733
1107
1113
869
969
728
643
613
1070
1272
1322
842
852
1022
864
1241
1117
748
561
888
714
433
830
752
817
491
1384
321
975
1042
843
718
1356
280
463
734
1001
608
571
1073
1264
1185
209
1479
919
467
854
1299
795
1335
1419
1127
545
611
636
512
1004
1420
1015
462
875
1184
578
663
531
395
468
668
845
826
363
1432
549
431
591
844
1521
699
649
867
207
750
514
1358
1025
366
222
412
406
865
423
907
516
1309
1257
297
317
792
77
369
785
760
1457
492
802
558
1248
1188
796
581
1338
704
1355
1379
377
1424
232
701
1460
1523
1130
743
671
419
635
3
965
738
1183
878
651
700
539
1329
1198
1258
732
1163
507
559
904
773
1067
946
1410
762
966
603
1297
532
652
1504
1330
757
551
248
1027
275
1148
1332
1453
749
896
677
985
1325
1422
876
1019
717
361
1391
856
673
1104
776
25
1199
94
348
1100
250
354
731
872
846
633
688
1170
1108
720
881
1143
1090
916
820
702
1572
199
1244
988
163
1118
1086
1590
233
1179
544
780
542
805
1136
978
1003
922
979
808
1459
707
1237
898
1099
1305
1098
1360
1585
86
1239
801
599
464
998
971
1594
774
994
1045
1400
569
1016
674
739
648
789
1318
676
836
1268
307
921
1134
1033
1534
1581
1171
529
14
114
1007
1111
1382
1491
910
1402
1577
1063
341
1106
1064
1365
933
1233
840
1203
1333
1263
1225
1597
200
557
487
1463
1286
716
758
982
432
619
765
504
536
853
1373
1293
401
932
1500
20
1456
490
1378
358
522
745
376
657
1006
992
484
1474
1137
987
1079
589
1227
746
1279
909
1051
1228
848
821
1501
46
315
442
1454
336
1381
827
1411
1524
53
901
190
1393
995
794
1307
1483
1519
1518
782
1438
1032
1235
318
427
1291
1339
407
724
1290
1121
1024
1131
1181
1030
139
877
1353
440
1444
1302
415
736
1217
884
453
883
727
1478
858
1208
949
1270
786
81
1222
1050
1564
912
885
955
1344
694
483
1231
1442
753
446
1153
1205
1151
942
1546
388
627
436
1266
1084
1569
1301
1075
1200
1446
1494
1316
1008
1517
931
1346
1210
893
831
1092
1473
637
1157
1186
1477
1284
1392
1232
1503
943
329
1147
1294
1547
1357
903
458
1252
1048
1269
1303
349
1334
1421
1216
1567
1506
871
950
868
806
1490
917
974
1105
993
892
1319
1047
98
465
579
1095
866
1122
1401
1298
1404
839
1046
769
573
1372
1538
1146
1439
1255
977
797
1011
422
1405
1561
1036
1511
1531
298
1194
593
1172
1177
1173
662
141
715
1212
1166
1370
1566
451
1565
502
923
1037
1487
1386
1413
1425
1579
554
1059
945
991
1116
742
929
927
818
595
1326
706
1088
519
1429
761
1435
1174
252
1080
584
1498
1549
764
890
956
1261
1276
1427
1313
874
1354
1445
1397
902
1071
1162
1347
833
1190
1598
1448
829
959
1058
1271
568
601
1426
1223
324
1513
1574
1097
1430
1516
962
1164
517
1580
598
1323
1062
1396
1530
240
610
1021
767
1341
1054
1352
506
967
1466
947
1340
1359
1452
1467
1280
1578
1508
1288
741
1133
1369
937
855
1394
1283
1055
1142
1544
1202
1443
470
926
1462
784
964
1522
1085
1484
740
1495
1550
1482
670
1247
612
984
1529
1249
980
1455
1374
1539
1026
1366
1221
924
1583
1563
1349
1398
1129
1492
1295
690
1562
1507
1289
1461
1450
1497
1362
799
588
1532
1434
1226
1367
1250
721
1213
1159
1331
154
1464
1029
1306
1573
351
1526
1109
1251
1465
787
1273
117
1541
1576
1441
722
211
723
1596
1182
1409
1168
1515
1158
1469
691
1277
1376
1407
1191
1552
1471
656
1556
1399
625
1234
1038
1559
441
1060
1327
17
1509
1275
1267
1599
766
1371
620
597
811
1336
1377
1389
1496
1013
1238
1368
983
1403
1592
1476
1586
301
1571
737
1584
509
968
1440
1145
1229
1207
1570
1415
1575
807
1527
1138
1160
1034
1428
1230
1296
1292
437
583
1588
1348
1040
1408
615
1560
1436
1593
1417
1240
793
1528
954
310
1537
918
1493
1557
1000
1328
1553
1568
1087
1416
1542
1510
666
521
1072
1472
1023
1282
1555
1209
1595
712
1028
1315
1274
585
1554
1150
1499
999
1187
1069
1551
1514
1260
1488
1364
941
1423
1300
1383
873
647
1096
1489
1169
1350
1278
755
1387
934
1363
1053
1061
914
1548
1091
1475
1361
1089
1481
1310
768
1589
1324
1128
1265
1536
658
1412
1211
1545
1206
1458
1582
1447
279
1433
1161
1431
1414
1014
1123
1102
1167
1201
1470
1125
1543
895
1512
1214
1081
1126
790
311
930
814
1017
1502
1311
850
928
1342
1156
1558
1520
1253
1068
1178
1218
1285
1385
1144
1587
1535
1243
1343
1056
447
1591
443
1083
726
905
935
76
639
1039
1066
1395
1375
1468
646
1236
15 19 [0]
11 24 [0]
8 38 [0]
21 33 [0]
26 48 [0]
26 60 [0]
38 42 [11]
42 52 [0]
0 95 [0]
34 64 [0]
23 82 [0]
27 83 [0]
49 62 [0]
7 107 [0]
39 78 [0]
5 113 [0]
10 116 [0]
14 114 [0]
73 74 [0]
60 93 [0]
61 96 [0]
16 146 [0]
22 145 [0]
60 99 [9]
76 95 [0]
42 132 [0]
35 140 [0]
38 138 [0]
45 131 [0]
70 118 [0]
16 177 [0]
47 150 [0]
7 183 [7]
65 146 [0]
68 144 [0]
38 175 [11]
0 215 [0]
37 178 [0]
106 111 [0]
87 135 [0]
16 208 [9]
92 135 [0]
68 164 [0]
13 220 [0]
7 227 [0]
90 147 [0]
96 135 [7]
1 241 [0]
89 157 [0]
124 125 [0]
24 227 [0]
4 241 [7]
89 170 [0]
128 136 [0]
72 196 [0]
115 159 [0]
12 262 [0]
85 192 [0]
125 152 [0]
26 246 [7]
93 187 [0]
34 249 [0]
80 205 [0]
132 158 [0]
30 262 [0]
137 147 [10]
12 279 [4]
100 201 [0]
27 273 [2]
61 245 [0]
4 302 [0]
47 261 [0]
30 278 [0]
38 268 [7]
132 184 [7]
155 161 [0]
104 215 [0]
24 291 [7]
121 202 [0]
44 281 [0]
55 271 [0]
156 171 [0]
39 291 [0]
79 241 [6]
113 211 [10]
15 321 [9]
119 218 [0]
47 286 [6]
28 314 [0]
118 225 [0]
119 224 [0]
83 261 [0]
100 249 [0]
167 182 [0]
21 335 [0]
87 274 [0]
46 315 [0]
111 248 [3]
120 245 [0]
35 332 [0]
95 273 [0]
150 218 [0]
165 204 [0]
33 340 [0]
101 274 [0]
57 319 [0]
50 327 [0]
85 293 [0]
63 316 [0]
102 277 [0]
62 318 [10]
100 286 [6]
167 219 [0]
143 246 [0]
133 256 [0]
89 301 [4]
113 278 [0]
12 380 [0]
72 322 [0]
67 327 [0]
11 385 [0]
168 229 [0]
174 223 [0]
66 333 [0]
110 289 [0]
93 308 [7]
56 346 [0]
183 220 [4]
156 239 [11]
197 210 [0]
123 285 [0]
188 221 [0]
140 271 [0]
45 367 [0]
18 394 [0]
9 403 [0]
201 212 [0]
84 330 [0]
131 285 [6]
60 357 [11]
101 321 [7]
127 295 [0]
87 325 [11]
133 282 [11]
99 328 [0]
11 417 [10]
72 350 [6]
72 348 [9]
183 251 [0]
166 269 [0]
92 343 [0]
194 243 [0]
94 348 [0]
179 264 [0]
43 400 [0]
77 369 [0]
162 286 [0]
186 262 [11]
204 244 [0]
80 359 [9]
159 292 [10]
149 303 [0]
187 259 [7]
158 296 [7]
184 271 [9]
216 241 [9]
223 227 [9]
75 384 [0]
52 408 [0]
136 315 [10]
70 392 [11]
66 397 [0]
113 351 [10]
134 327 [5]
65 402 [0]
46 422 [6]
231 241 [0]
228 244 [0]
169 305 [0]
142 333 [0]
57 412 [9]
85 396 [9]
27 456 [0]
52 431 [1]
102 387 [0]
197 293 [7]
189 302 [0]
9 476 [7]
194 300 [0]
50 444 [0]
57 439 [6]
210 288 [0]
49 452 [0]
30 461 [6]
107 397 [0]
172 334 [0]
11 497 [11]
33 476 [10]
164 345 [7]
145 364 [0]
87 426 [11]
0 516 [9]
129 387 [0]
136 375 [7]
144 374 [0]
148 373 [0]
56 458 [8]
187 335 [0]
257 266 [0]
124 400 [0]
18 507 [3]
29 499 [0]
160 370 [0]
83 449 [2]
164 369 [1]
256 277 [0]
30 502 [1]
101 435 [0]
182 357 [1]
67 474 [0]
1 541 [0]
151 380 [11]
14 529 [0]
54 489 [0]
88 455 [0]
126 418 [0]
186 359 [0]
36 510 [0]
138 399 [9]
27 518 [2]
156 386 [2]
267 283 [0]
223 328 [0]
174 379 [0]
263 291 [0]
18 528 [7]
269 289 [10]
202 356 [0]
170 384 [9]
98 465 [0]
183 381 [0]
201 357 [6]
110 455 [0]
152 406 [9]
182 386 [0]
255 314 [0]
62 500 [9]
93 475 [7]
54 523 [0]
126 454 [0]
241 341 [1]
44 538 [0]
175 408 [0]
6 577 [0]
136 444 [2]
222 366 [0]
243 346 [0]
71 518 [0]
138 452 [0]
142 449 [0]
211 379 [2]
49 541 [2]
21 561 [10]
203 390 [0]
268 328 [3]
167 430 [7]
205 393 [0]
234 364 [0]
49 543 [6]
51 548 [0]
35 565 [7]
58 546 [0]
250 354 [0]
70 537 [0]
203 404 [0]
147 461 [0]
71 528 [9]
62 547 [0]
9 598 [4]
277 335 [2]
16 587 [9]
211 400 [2]
272 342 [0]
297 317 [0]
185 429 [0]
272 344 [0]
236 383 [0]
215 393 [11]
11 609 [9]
232 380 [9]
10 613 [9]
292 331 [0]
2 624 [0]
32 594 [0]
282 344 [0]
15 612 [2]
27 600 [2]
104 514 [9]
245 384 [3]
268 362 [0]
52 580 [9]
177 455 [11]
112 520 [0]
18 613 [1]
83 547 [8]
231 402 [0]
222 412 [0]
69 566 [0]
136 501 [0]
85 553 [7]
281 357 [0]
3 635 [0]
308 328 [3]
285 355 [0]
115 525 [0]
250 390 [1]
218 422 [1]
29 614 [0]
287 356 [0]
170 474 [0]
68 572 [7]
133 515 [0]
83 559 [9]
69 573 [8]
289 356 [11]
80 570 [0]
123 528 [0]
196 456 [0]
217 435 [6]
202 444 [2]
36 618 [0]
55 600 [0]
104 552 [11]
295 356 [9]
76 582 [0]
22 626 [10]
270 389 [0]
97 562 [0]
308 352 [0]
90 570 [0]
130 530 [0]
323 338 [0]
255 407 [0]
129 533 [0]
66 590 [7]
273 390 [0]
237 428 [0]
74 592 [0]
59 607 [0]
293 374 [0]
78 584 [0]
119 547 [8]
198 472 [0]
261 399 [11]
227 438 [7]
78 596 [0]
109 565 [0]
22 651 [1]
294 382 [0]
69 607 [0]
202 470 [4]
337 340 [0]
273 405 [0]
230 448 [0]
263 418 [0]
289 393 [0]
325 357 [5]
265 417 [0]
24 653 [5]
99 586 [0]
223 455 [7]
171 515 [0]
305 370 [11]
290 398 [0]
164 525 [11]
238 454 [0]
300 392 [0]
217 476 [0]
15 679 [0]
173 525 [0]
63 637 [0]
87 602 [6]
129 563 [9]
71 631 [5]
59 644 [6]
82 621 [1]
305 390 [2]
272 433 [1]
323 383 [0]
21 678 [7]
57 650 [0]
285 419 [3]
108 600 [0]
8 705 [0]
235 479 [0]
164 551 [1]
337 377 [1]
112 600 [7]
168 545 [8]
185 537 [0]
343 380 [0]
219 505 [0]
105 618 [5]
260 466 [0]
185 542 [1]
7 722 [0]
251 478 [0]
274 456 [3]
71 660 [0]
306 426 [0]
121 606 [11]
141 592 [3]
212 521 [3]
15 712 [6]
73 660 [0]
239 495 [0]
322 412 [7]
220 509 [5]
182 553 [7]
126 603 [8]
237 503 [0]
30 701 [9]
206 535 [0]
176 567 [0]
280 463 [0]
80 663 [1]
237 502 [5]
318 427 [0]
337 399 [9]
106 640 [0]
170 577 [6]
57 682 [9]
319 429 [0]
362 388 [5]
285 460 [6]
334 417 [0]
126 626 [1]
65 689 [7]
119 636 [7]
273 483 [10]
362 393 [1]
203 554 [3]
247 510 [0]
315 442 [0]
368 390 [7]
217 539 [4]
226 534 [0]
75 686 [0]
131 630 [0]
123 635 [3]
278 483 [1]
142 622 [10]
149 616 [0]
134 632 [0]
338 418 [10]
47 720 [9]
289 481 [7]
94 674 [11]
183 585 [11]
87 674 [9]
110 658 [2]
323 443 [11]
52 720 [3]
294 478 [0]
335 435 [2]
82 692 [0]
159 616 [0]
203 574 [5]
217 560 [0]
134 644 [0]
228 550 [0]
232 547 [9]
196 585 [10]
314 456 [11]
307 474 [1]
151 631 [0]
7 768 [0]
37 743 [3]
171 603 [9]
373 410 [0]
11 775 [7]
135 652 [9]
287 501 [0]
0 790 [0]
264 520 [6]
138 651 [1]
111 680 [0]
375 416 [0]
368 424 [0]
121 672 [0]
23 771 [0]
171 623 [11]
212 582 [0]
280 514 [4]
278 517 [10]
148 648 [3]
299 497 [0]
373 424 [10]
69 728 [1]
92 696 [11]
248 551 [0]
340 450 [9]
9 791 [0]
25 776 [0]
342 459 [0]
148 653 [0]
141 662 [0]
365 438 [0]
116 687 [0]
85 712 [8]
151 651 [3]
196 610 [1]
157 650 [0]
287 510 [11]
74 735 [7]
146 654 [9]
276 533 [0]
237 567 [6]
391 420 [0]
281 529 [10]
158 655 [0]
398 417 [0]
66 750 [10]
268 548 [9]
391 425 [0]
406 412 [0]
69 745 [4]
135 684 [8]
249 570 [11]
131 687 [1]
31 788 [0]
122 697 [0]
123 697 [10]
372 448 [0]
332 481 [7]
66 747 [7]
157 661 [5]
164 658 [2]
339 485 [0]
354 466 [4]
182 633 [1]
323 503 [6]
197 626 [1]
56 772 [1]
107 721 [3]
347 481 [0]
172 649 [8]
72 758 [9]
267 563 [0]
79 751 [0]
338 492 [1]
0 824 [6]
28 804 [0]
234 602 [0]
181 655 [0]
183 655 [10]
140 692 [9]
332 506 [4]
123 718 [3]
345 499 [0]
205 637 [3]
193 654 [0]
327 521 [4]
344 504 [3]
408 442 [3]
240 610 [0]
335 510 [11]
90 758 [3]
88 763 [0]
184 667 [0]
325 527 [0]
63 784 [5]
136 717 [1]
175 680 [0]
96 759 [0]
337 518 [0]
312 543 [0]
325 530 [0]
177 677 [1]
147 709 [6]
316 540 [0]
192 664 [0]
141 715 [0]
393 457 [7]
59 799 [0]
277 576 [5]
370 488 [0]
9 842 [7]
314 535 [10]
190 660 [10]
187 666 [8]
357 505 [0]
201 658 [3]
99 764 [0]
395 468 [0]
424 439 [0]
309 555 [0]
159 697 [7]
1 860 [5]
66 797 [3]
333 526 [7]
81 786 [0]
75 787 [2]
105 763 [0]
238 630 [0]
77 792 [0]
430 439 [0]
263 600 [7]
233 630 [8]
359 512 [1]
311 555 [6]
169 703 [0]
135 736 [1]
40 834 [0]
124 743 [8]
134 742 [8]
168 708 [0]
135 734 [7]
80 795 [1]
73 794 [10]
102 766 [4]
381 498 [0]
11 861 [7]
304 576 [0]
358 522 [0]
177 705 [0]
10 874 [5]
371 513 [0]
47 839 [1]
260 626 [0]
293 593 [4]
193 693 [0]
29 858 [8]
232 655 [1]
313 574 [0]
221 660 [7]
234 653 [9]
365 516 [8]
115 773 [1]
192 691 [8]
304 587 [0]
187 695 [7]
26 867 [10]
27 868 [1]
185 705 [5]
426 471 [0]
425 473 [0]
56 837 [6]
399 500 [0]
63 837 [0]
36 866 [3]
102 798 [2]
445 457 [0]
193 701 [8]
91 813 [0]
271 633 [1]
288 617 [0]
226 679 [0]
433 471 [1]
249 658 [0]
263 635 [9]
179 730 [0]
272 636 [1]
361 548 [4]
149 765 [3]
386 528 [9]
303 614 [7]
137 781 [0]
148 771 [7]
79 842 [10]
109 812 [0]
224 698 [0]
40 882 [0]
385 538 [0]
52 868 [4]
259 655 [10]
37 887 [0]
147 774 [3]
166 759 [0]
119 807 [10]
128 798 [0]
395 531 [0]
38 879 [9]
241 681 [5]
212 712 [3]
222 705 [9]
396 535 [0]
232 701 [0]
299 634 [0]
124 805 [4]
211 722 [0]
167 764 [4]
113 815 [7]
140 796 [1]
295 641 [0]
196 734 [7]
131 804 [6]
254 684 [0]
347 582 [9]
2 938 [0]
33 907 [10]
255 686 [0]
46 890 [6]
181 763 [0]
293 643 [10]
238 699 [9]
97 849 [0]
194 749 [3]
455 494 [7]
461 489 [9]
45 901 [8]
397 546 [7]
347 598 [0]
323 618 [9]
411 530 [10]
422 525 [4]
249 695 [7]
83 863 [7]
176 777 [0]
53 901 [0]
378 577 [0]
186 770 [0]
207 750 [0]
428 530 [6]
43 915 [0]
452 507 [1]
48 913 [0]
10 946 [8]
208 756 [0]
294 671 [8]
454 511 [3]
270 696 [0]
24 943 [3]
303 664 [0]
3 965 [0]
221 747 [0]
397 562 [9]
413 556 [0]
389 580 [0]
10 961 [3]
334 633 [4]
151 821 [4]
176 796 [3]
386 586 [9]
459 513 [0]
342 631 [7]
310 660 [0]
362 612 [2]
356 609 [9]
333 639 [2]
431 545 [0]
87 879 [11]
6 973 [0]
372 609 [0]
186 787 [0]
489 493 [0]
459 518 [5]
128 844 [10]
48 935 [0]
118 865 [9]
359 624 [0]
131 848 [8]
134 850 [5]
375 609 [6]
273 712 [8]
72 904 [9]
333 644 [9]
357 627 [3]
43 934 [11]
426 562 [0]
94 892 [2]
276 713 [0]
274 709 [6]
59 931 [4]
174 816 [1]
247 744 [0]
85 907 [1]
238 746 [8]
67 919 [7]
393 601 [4]
148 845 [1]
468 527 [1]
445 542 [8]
100 888 [7]
68 923 [4]
433 562 [1]
43 944 [3]
49 948 [9]
489 504 [4]
355 644 [0]
266 735 [0]
411 590 [0]
277 726 [5]
305 698 [0]
193 804 [6]
337 661 [5]
255 747 [1]
189 816 [0]
188 818 [5]
184 822 [0]
149 847 [6]
179 829 [5]
62 937 [4]
162 847 [0]
51 961 [0]
79 931 [3]
138 867 [9]
505 506 [3]
241 775 [7]
405 600 [11]
139 877 [0]
385 621 [10]
142 875 [10]
411 599 [8]
237 782 [0]
23 992 [4]
437 580 [2]
12 1008 [1]
435 584 [1]
44 968 [0]
360 661 [0]
186 837 [10]
342 680 [9]
75 938 [10]
387 632 [5]
164 861 [10]
93 929 [3]
84 944 [0]
350 678 [0]
214 815 [0]
227 803 [7]
198 832 [0]
169 862 [6]
362 669 [0]
79 953 [0]
101 922 [9]
387 646 [0]
376 657 [0]
432 592 [10]
338 696 [0]
517 518 [4]
335 700 [1]
213 824 [0]
359 679 [1]
63 971 [4]
80 959 [4]
485 551 [3]
151 888 [1]
404 638 [0]
179 854 [9]
173 870 [0]
92 944 [7]
201 843 [7]
257 787 [2]
498 546 [0]
487 557 [0]
175 860 [9]
465 579 [0]
68 974 [3]
471 568 [8]
149 891 [7]
196 844 [7]
92 955 [1]
499 543 [1]
439 610 [5]
168 871 [11]
133 906 [11]
432 619 [0]
153 899 [0]
64 989 [0]
419 635 [0]
219 833 [4]
345 711 [0]
474 583 [3]
196 853 [1]
511 548 [0]
447 607 [5]
284 775 [0]
256 804 [9]
178 882 [0]
367 693 [0]
108 953 [0]
87 965 [9]
60 1002 [7]
478 579 [0]
370 693 [2]
464 599 [0]
436 627 [0]
359 702 [3]
56 1009 [0]
505 553 [7]
411 654 [0]
507 559 [0]
45 1018 [3]
121 938 [5]
346 715 [0]
207 867 [0]
403 672 [0]
511 564 [0]
379 688 [8]
137 927 [5]
389 688 [3]
253 825 [0]
361 717 [0]
18 1056 [5]
44 1032 [10]
192 888 [10]
267 812 [1]
8 1062 [10]
134 947 [0]
418 658 [11]
234 837 [10]
135 940 [6]
280 802 [4]
34 1041 [9]
399 685 [0]
325 759 [1]
354 731 [0]
123 952 [10]
455 631 [9]
23 1055 [0]
32 1051 [5]
80 1000 [8]
297 792 [0]
392 697 [0]
231 848 [10]
6 1081 [2]
7 1079 [10]
356 724 [10]
419 671 [0]
242 849 [0]
190 901 [0]
121 968 [3]
10 1082 [0]
195 897 [0]
356 729 [7]
510 581 [1]
474 612 [10]
118 978 [1]
494 604 [0]
477 621 [0]
22 1078 [0]
501 600 [11]
162 928 [6]
287 811 [3]
330 772 [0]
540 563 [0]
494 609 [0]
342 763 [0]
350 755 [11]
4 1101 [0]
542 560 [0]
215 886 [11]
39 1062 [5]
137 970 [0]
195 913 [0]
246 862 [0]
466 642 [0]
164 943 [3]
160 952 [0]
101 1011 [1]
316 791 [6]
45 1070 [3]
295 821 [8]
314 799 [5]
68 1046 [4]
92 1026 [10]
410 709 [0]
198 917 [5]
114 1007 [0]
376 745 [0]
132 990 [7]
322 800 [0]
378 744 [0]
164 953 [5]
59 1065 [0]
216 908 [0]
479 645 [0]
367 749 [8]
296 828 [0]
128 997 [11]
410 705 [11]
486 640 [0]
151 976 [0]
438 689 [0]
407 724 [0]
430 701 [8]
450 680 [9]
399 724 [8]
473 656 [2]
80 1047 [4]
188 940 [7]
109 1017 [6]
107 1025 [10]
322 812 [6]
164 971 [3]
251 884 [0]
468 668 [0]
398 739 [0]
129 1001 [7]
164 973 [0]
435 703 [0]
10 1119 [3]
120 1018 [0]
518 611 [10]
333 800 [2]
486 653 [0]
380 750 [9]
99 1041 [6]
106 1030 [3]
76 1061 [3]
157 982 [1]
515 617 [9]
434 709 [0]
6 1133 [4]
553 590 [0]
114 1030 [2]
501 633 [1]
205 940 [6]
239 906 [0]
283 862 [0]
476 669 [0]
98 1047 [0]
177 964 [4]
433 714 [0]
103 1044 [0]
160 979 [4]
452 686 [9]
512 636 [0]
412 738 [6]
393 753 [3]
81 1065 [4]
32 1119 [0]
163 988 [0]
185 960 [6]
415 736 [0]
454 696 [10]
385 758 [10]
475 678 [0]
42 1101 [10]
560 594 [0]
369 785 [0]
323 830 [1]
567 587 [0]
318 837 [0]
545 611 [0]
6 1141 [9]
507 650 [9]
27 1124 [6]
499 653 [7]
430 724 [0]
203 954 [3]
328 837 [4]
124 1036 [5]
382 783 [0]
126 1040 [5]
500 667 [10]
247 917 [3]
546 620 [2]
139 1030 [0]
331 838 [0]
303 857 [9]
568 601 [0]
527 643 [1]
381 784 [5]
575 596 [0]
220 952 [0]
261 900 [11]
370 803 [1]
239 926 [8]
79 1092 [3]
249 926 [10]
356 812 [7]
165 1010 [0]
273 895 [8]
402 775 [7]
433 744 [10]
483 694 [0]
13 1165 [0]
33 1142 [4]
455 714 [10]
571 608 [0]
268 911 [0]
459 710 [10]
16 1165 [9]
425 747 [6]
226 945 [11]
49 1125 [8]
532 652 [0]
444 734 [7]
327 859 [9]
382 795 [9]
521 666 [0]
390 788 [9]
359 829 [8]
485 703 [11]
395 782 [11]
3 1186 [2]
508 681 [0]
363 826 [0]
66 1121 [3]
384 807 [2]
192 1000 [8]
172 1014 [6]
531 663 [0]
364 823 [7]
431 761 [2]
92 1103 [11]
390 805 [1]
378 818 [4]
463 734 [0]
257 940 [0]
378 809 [7]
155 1043 [0]
38 1150 [3]
293 906 [5]
446 753 [0]
313 886 [0]
493 707 [3]
390 803 [7]
504 692 [4]
337 865 [10]
282 920 [0]
449 754 [0]
574 629 [0]
355 845 [3]
385 820 [1]
71 1131 [10]
368 838 [0]
234 963 [10]
106 1094 [7]
178 1030 [4]
19 1189 [0]
343 856 [9]
530 670 [8]
183 1026 [5]
104 1095 [10]
430 780 [4]
430 776 [4]
479 729 [3]
350 861 [0]
236 976 [0]
269 944 [0]
45 1169 [11]
121 1094 [9]
551 661 [3]
140 1076 [9]
375 841 [0]
45 1166 [0]
196 1021 [1]
562 655 [9]
597 620 [0]
128 1087 [3]
171 1046 [1]
578 636 [4]
148 1062 [8]
313 899 [10]
308 911 [0]
179 1032 [0]
146 1064 [1]
469 744 [7]
450 770 [0]
283 938 [10]
169 1041 [6]
547 669 [7]
246 978 [4]
405 819 [0]
179 1034 [11]
25 1199 [0]
598 627 [6]
151 1068 [6]
113 1113 [7]
383 843 [1]
258 970 [0]
187 1039 [2]
307 921 [0]
568 661 [8]
592 638 [0]
127 1103 [0]
201 1022 [7]
396 835 [0]
547 684 [0]
371 860 [0]
468 753 [11]
0 1222 [1]
537 696 [11]
229 1005 [0]
498 733 [3]
198 1032 [0]
370 866 [0]
425 811 [2]
378 855 [4]
347 889 [0]
431 797 [2]
126 1102 [11]
228 1002 [3]
539 700 [0]
347 884 [8]
36 1193 [10]
162 1078 [10]
578 663 [0]
254 977 [10]
130 1112 [0]
402 831 [10]
254 989 [0]
158 1086 [3]
277 966 [9]
219 1017 [0]
389 854 [1]
284 963 [0]
611 636 [0]
38 1201 [8]
292 957 [0]
158 1092 [3]
473 777 [0]
47 1202 [1]
121 1130 [1]
308 944 [8]
567 685 [11]
65 1177 [10]
61 1184 [8]
626 628 [0]
238 1017 [11]
15 1235 [5]
599 657 [8]
36 1217 [3]
501 745 [10]
613 643 [0]
304 951 [1]
48 1199 [1]
332 925 [0]
46 1212 [6]
241 1010 [7]
137 1122 [5]
171 1083 [3]
293 965 [1]
197 1063 [4]
580 681 [0]
430 832 [0]
474 788 [11]
537 715 [10]
590 669 [3]
302 950 [5]
433 830 [0]
310 954 [0]
514 750 [0]
326 939 [0]
181 1077 [7]
365 895 [6]
101 1164 [1]
522 745 [0]
602 665 [0]
356 909 [10]
18 1251 [0]
504 765 [0]
406 865 [0]
606 665 [0]
340 922 [10]
591 680 [1]
329 943 [0]
472 801 [0]
599 666 [9]
580 689 [10]
446 825 [4]
390 886 [5]
339 938 [0]
444 834 [5]
300 975 [3]
289 992 [3]
163 1118 [0]
607 667 [11]
614 667 [0]
547 728 [7]
562 710 [10]
386 897 [0]
314 964 [5]
203 1074 [7]
528 756 [0]
191 1094 [0]
479 803 [3]
92 1194 [1]
99 1187 [5]
29 1258 [3]
31 1256 [0]
389 890 [8]
499 783 [6]
423 865 [0]
533 756 [5]
201 1090 [1]
113 1168 [10]
352 939 [0]
256 1036 [1]
555 737 [11]
631 661 [0]
512 777 [3]
593 698 [1]
472 814 [6]
223 1070 [3]
94 1199 [0]
150 1134 [9]
57 1235 [1]
359 926 [8]
344 945 [4]
492 802 [0]
124 1168 [2]
633 654 [8]
227 1067 [1]
15 1274 [6]
321 975 [0]
253 1044 [0]
144 1143 [1]
338 961 [10]
460 841 [0]
275 1027 [0]
536 765 [1]
81 1222 [0]
366 932 [11]
95 1209 [3]
537 767 [10]
498 803 [1]
515 790 [3]
471 834 [0]
630 665 [10]
24 1274 [8]
141 1166 [3]
254 1051 [1]
551 757 [0]
491 817 [0]
568 741 [9]
561 748 [0]
72 1236 [11]
91 1219 [0]
380 926 [10]
576 731 [3]
629 681 [0]
42 1259 [10]
295 1018 [1]
87 1224 [8]
149 1154 [10]
148 1162 [4]
503 808 [4]
62 1245 [9]
551 763 [1]
5 1312 [0]
58 1259 [0]
103 1215 [0]
511 807 [11]
59 1252 [4]
577 739 [10]
346 975 [3]
467 854 [0]
655 659 [7]
428 894 [0]
542 780 [0]
287 1036 [10]
479 844 [9]
431 889 [3]
498 826 [9]
544 780 [0]
627 694 [6]
71 1254 [7]
86 1239 [0]
471 854 [3]
632 691 [2]
73 1253 [0]
224 1102 [4]
400 922 [4]
5 1322 [7]
186 1135 [1]
507 819 [1]
104 1224 [0]
409 920 [0]
500 826 [3]
423 907 [0]
464 867 [5]
461 870 [0]
252 1080 [0]
337 995 [10]
541 791 [0]
401 932 [0]
482 851 [0]
542 791 [1]
496 837 [0]
629 704 [1]
524 810 [0]
231 1094 [9]
526 809 [0]
229 1095 [11]
60 1271 [4]
281 1055 [3]
42 1291 [3]
228 1102 [6]
453 883 [0]
462 875 [0]
453 884 [0]
623 703 [11]
40 1299 [3]
247 1092 [3]
33 1303 [10]
188 1152 [0]
228 1104 [4]
218 1121 [1]
369 964 [7]
543 791 [7]
132 1205 [3]
287 1049 [5]
573 769 [0]
60 1272 [10]
106 1229 [8]
488 852 [3]
634 703 [6]
618 725 [0]
177 1167 [8]
17 1327 [0]
403 937 [4]
213 1132 [0]
242 1103 [0]
182 1164 [4]
1 1341 [4]
500 843 [3]
535 810 [1]
632 703 [11]
523 823 [0]
86 1261 [7]
473 874 [0]
542 805 [0]
390 954 [3]
175 1165 [7]
649 699 [0]
93 1252 [3]
6 1343 [2]
382 967 [5]
391 957 [1]
14 1336 [6]
250 1100 [0]
493 857 [0]
343 1000 [4]
671 674 [5]
2 1344 [4]
503 847 [1]
451 897 [3]
34 1310 [3]
334 1019 [4]
464 887 [4]
667 688 [4]
66 1282 [8]
410 948 [7]
137 1219 [9]
600 748 [10]
5 1354 [10]
430 930 [6]
469 891 [0]
558 802 [0]
100 1250 [4]
129 1221 [10]
458 903 [0]
600 758 [10]
666 699 [7]
333 1034 [8]
390 978 [1]
420 948 [0]
619 750 [5]
132 1229 [8]
375 986 [9]
230 1141 [0]
556 815 [0]
643 728 [0]
596 776 [8]
550 813 [9]
296 1077 [0]
484 889 [8]
187 1187 [8]
152 1223 [5]
604 771 [0]
313 1052 [10]
147 1225 [3]
273 1103 [9]
418 950 [0]
581 796 [0]
671 705 [1]
335 1033 [10]
467 907 [0]
140 1239 [10]
643 736 [5]
327 1051 [1]
480 900 [0]
117 1259 [2]
376 1006 [6]
321 1050 [11]
476 901 [5]
608 768 [7]
640 743 [1]
259 1124 [0]
439 938 [10]
391 993 [8]
619 765 [0]
34 1351 [9]
166 1220 [4]
312 1074 [0]
467 919 [0]
486 900 [7]
39 1338 [9]
212 1175 [6]
588 799 [0]
648 739 [0]
593 792 [2]
552 835 [0]
527 860 [0]
634 754 [0]
536 853 [0]
54 1332 [3]
125 1253 [11]
49 1336 [4]
117 1273 [0]
90 1292 [8]
114 1277 [6]
366 1025 [0]
259 1132 [0]
63 1323 [5]
561 828 [3]
288 1101 [3]
609 784 [0]
383 1007 [3]
519 870 [4]
209 1185 [0]
1 1389 [3]
590 795 [9]
378 1017 [2]
470 926 [0]
506 884 [6]
392 1001 [3]
561 834 [1]
576 817 [3]
332 1065 [9]
534 863 [0]
130 1265 [2]
418 980 [5]
9 1387 [8]
238 1162 [0]
599 801 [0]
465 929 [6]
195 1202 [3]
550 851 [0]
682 719 [0]
143 1259 [0]
215 1177 [10]
341 1063 [0]
543 850 [6]
469 936 [0]
214 1193 [0]
650 757 [9]
558 849 [3]
360 1049 [0]
647 754 [0]
166 1244 [0]
260 1146 [5]
162 1238 [11]
192 1217 [3]
233 1179 [0]
216 1197 [1]
595 818 [0]
400 1008 [0]
130 1275 [8]
432 982 [0]
671 743 [0]
159 1256 [7]
284 1129 [2]
376 1040 [9]
626 790 [6]
78 1330 [8]
374 1043 [7]
34 1375 [8]
420 989 [9]
387 1020 [11]
518 901 [10]
205 1215 [5]
224 1189 [7]
97 1317 [10]
489 923 [8]
179 1230 [11]
497 925 [0]
193 1218 [11]
275 1148 [0]
516 907 [0]
11 1413 [3]
517 907 [2]
502 923 [0]
394 1031 [0]
172 1254 [0]
252 1174 [0]
618 809 [7]
31 1393 [4]
409 1020 [0]
671 748 [4]
663 764 [2]
572 859 [0]
511 919 [8]
606 825 [0]
35 1389 [0]
422 1011 [0]
345 1089 [5]
575 859 [0]
698 727 [1]
618 814 [2]
129 1295 [10]
524 905 [5]
314 1116 [0]
591 844 [0]
191 1245 [0]
280 1157 [11]
648 789 [0]
323 1117 [1]
360 1080 [8]
127 1314 [10]
150 1291 [1]
619 822 [8]
681 757 [3]
226 1217 [5]
323 1119 [1]
199 1244 [0]
292 1146 [5]
152 1289 [2]
391 1044 [7]
425 1018 [1]
546 893 [0]
93 1352 [4]
538 905 [2]
594 852 [8]
647 792 [7]
630 808 [8]
0 1444 [1]
348 1100 [0]
547 901 [1]
293 1156 [2]
225 1224 [0]
561 888 [0]
461 991 [4]
241 1204 [7]
230 1221 [0]
258 1195 [0]
42 1410 [1]
208 1246 [0]
158 1293 [3]
239 1215 [0]
537 908 [9]
575 872 [8]
115 1341 [4]
245 1211 [6]
360 1096 [2]
379 1077 [0]
153 1304 [0]
266 1192 [0]
160 1299 [3]
699 761 [2]
408 1048 [4]
567 886 [7]
478 980 [5]
59 1394 [8]
66 1387 [8]
464 998 [0]
97 1357 [8]
608 855 [2]
559 904 [0]
33 1427 [4]
467 988 [0]
653 813 [10]
78 1379 [9]
530 934 [2]
104 1363 [3]
337 1130 [1]
220 1239 [4]
214 1254 [0]
381 1087 [11]
65 1395 [8]
156 1312 [0]
538 928 [0]
165 1292 [11]
28 1441 [2]
54 1411 [4]
15 1455 [2]
385 1087 [8]
122 1351 [0]
452 1021 [10]
101 1368 [10]
195 1275 [3]
506 967 [0]
685 788 [0]
134 1340 [0]
716 758 [0]
385 1082 [7]
28 1442 [0]
430 1045 [0]
113 1352 [10]
101 1373 [1]
20 1456 [0]
484 992 [0]
725 751 [0]
329 1147 [0]
475 1002 [0]
389 1083 [5]
462 1015 [0]
307 1171 [7]
286 1192 [0]
633 846 [0]
499 981 [1]
476 993 [11]
12 1459 [9]
732 743 [10]
119 1356 [7]
500 981 [1]
399 1084 [8]
154 1331 [0]
274 1204 [7]
72 1413 [1]
238 1245 [2]
413 1067 [4]
473 1016 [4]
710 779 [0]
243 1247 [5]
325 1162 [8]
74 1413 [3]
185 1306 [4]
447 1044 [6]
478 1013 [2]
327 1165 [11]
42 1451 [10]
44 1446 [3]
683 810 [0]
616 878 [1]
288 1198 [8]
7 1484 [3]
129 1366 [10]
452 1033 [1]
523 964 [0]
66 1425 [3]
520 976 [11]
387 1108 [9]
357 1132 [7]
602 890 [4]
259 1238 [11]
346 1151 [8]
235 1262 [0]
480 1014 [5]
112 1388 [0]
58 1438 [0]
102 1397 [10]
486 1015 [1]
239 1260 [2]
392 1100 [4]
548 946 [4]
403 1091 [8]
36 1463 [3]
541 962 [4]
543 960 [0]
568 926 [9]
157 1346 [1]
18 1486 [0]
379 1126 [11]
70 1425 [10]
503 995 [0]
118 1380 [9]
123 1384 [3]
403 1095 [10]
24 1482 [3]
402 1097 [10]
57 1453 [9]
695 816 [0]
424 1085 [2]
555 957 [0]
141 1370 [1]
217 1290 [5]
127 1383 [2]
676 836 [0]
497 1016 [10]
668 845 [0]
642 866 [5]
428 1080 [5]
567 938 [7]
197 1317 [0]
160 1346 [8]
450 1065 [0]
739 769 [7]
715 801 [7]
649 867 [0]
512 1004 [0]
92 1425 [1]
426 1092 [8]
578 941 [7]
606 913 [5]
20 1500 [0]
267 1253 [11]
111 1405 [4]
250 1262 [4]
340 1177 [3]
702 820 [0]
173 1346 [3]
667 857 [11]
357 1160 [0]
673 849 [3]
128 1390 [7]
410 1116 [4]
685 833 [0]
589 938 [4]
274 1244 [9]
628 899 [0]
327 1199 [9]
503 1015 [9]
356 1168 [3]
651 878 [0]
673 856 [0]
59 1462 [0]
216 1314 [0]
344 1186 [4]
412 1118 [10]
74 1452 [4]
50 1476 [4]
444 1086 [9]
421 1110 [0]
623 908 [0]
686 846 [8]
3 1522 [7]
37 1487 [8]
290 1242 [0]
10 1523 [8]
481 1052 [0]
274 1249 [10]
614 920 [7]
485 1049 [0]
672 852 [7]
688 846 [5]
726 810 [5]
744 792 [1]
281 1253 [0]
433 1092 [11]
84 1447 [6]
48 1479 [10]
241 1297 [1]
429 1109 [4]
687 851 [0]
572 968 [5]
367 1168 [5]
502 1037 [3]
591 947 [2]
220 1315 [5]
19 1522 [2]
203 1338 [1]
665 876 [3]
576 966 [3]
50 1482 [10]
463 1080 [2]
206 1337 [0]
57 1479 [7]
759 784 [2]
760 785 [0]
67 1478 [1]
133 1414 [3]
324 1223 [0]
524 1017 [6]
46 1501 [0]
370 1170 [8]
721 820 [6]
233 1316 [2]
567 979 [4]
725 821 [3]
689 861 [0]
95 1454 [1]
461 1090 [3]
693 859 [2]
343 1208 [1]
318 1235 [0]
37 1514 [2]
273 1276 [4]
297 1257 [0]
323 1223 [8]
118 1433 [3]
55 1500 [3]
205 1351 [7]
754 802 [1]
649 899 [8]
550 1003 [4]
205 1350 [2]
49 1498 [10]
598 960 [5]
534 1025 [4]
659 900 [0]
244 1314 [1]
167 1393 [10]
113 1446 [1]
29 1529 [0]
304 1257 [3]
582 979 [1]
305 1253 [4]
143 1413 [5]
718 843 [0]
231 1331 [4]
744 819 [11]
575 989 [9]
178 1387 [2]
215 1341 [10]
4 1563 [2]
176 1389 [2]
371 1197 [10]
439 1130 [8]
535 1034 [2]
603 966 [0]
683 886 [0]
752 817 [0]
134 1436 [2]
208 1362 [0]
290 1280 [11]
392 1178 [11]
155 1411 [0]
692 879 [10]
266 1297 [8]
694 871 [6]
457 1115 [0]
599 971 [10]
264 1308 [0]
647 919 [7]
474 1099 [1]
52 1517 [3]
677 896 [0]
717 856 [1]
80 1491 [3]
548 1027 [4]
541 1024 [10]
307 1268 [0]
66 1506 [3]
347 1229 [5]
596 973 [7]
758 815 [0]
53 1524 [0]
551 1027 [0]
179 1390 [3]
370 1200 [8]
93 1479 [10]
785 789 [5]
475 1100 [4]
700 878 [2]
89 1488 [3]
65 1506 [10]
11 1567 [3]
752 830 [0]
356 1219 [7]
190 1393 [0]
766 812 [11]
344 1237 [3]
645 940 [0]
569 1016 [0]
698 878 [9]
547 1039 [8]
518 1066 [0]
95 1492 [4]
91 1491 [0]
729 857 [1]
600 978 [10]
253 1332 [3]
250 1341 [7]
698 882 [11]
247 1342 [2]
145 1443 [8]
521 1072 [0]
631 953 [9]
165 1417 [11]
178 1416 [2]
34 1550 [4]
653 943 [4]
331 1267 [11]
348 1250 [6]
359 1239 [3]
484 1110 [0]
751 848 [3]
291 1299 [3]
446 1153 [0]
113 1476 [4]
20 1571 [9]
274 1327 [10]
720 881 [0]
714 888 [0]
524 1079 [4]
731 872 [0]
770 833 [8]
227 1368 [0]
257 1347 [5]
721 878 [7]
637 970 [5]
519 1088 [0]
640 967 [0]
537 1065 [5]
120 1481 [6]
411 1191 [2]
679 926 [2]
225 1381 [1]
719 889 [0]
480 1123 [5]
608 1001 [0]
346 1264 [3]
477 1122 [11]
257 1342 [11]
727 883 [0]
562 1049 [7]
168 1438 [5]
472 1139 [0]
263 1349 [5]
554 1059 [0]
520 1093 [0]
417 1188 [4]
202 1412 [8]
72 1541 [1]
360 1247 [8]
166 1444 [5]
258 1358 [8]
348 1261 [7]
228 1389 [11]
798 819 [0]
154 1464 [0]
695 923 [5]
710 908 [5]
780 835 [3]
223 1385 [11]
562 1058 [0]
113 1497 [10]
809 812 [0]
222 1397 [2]
254 1358 [9]
297 1325 [10]
158 1465 [8]
575 1048 [0]
407 1207 [9]
545 1072 [6]
568 1054 [3]
572 1052 [0]
562 1060 [2]
125 1497 [2]
611 1011 [2]
472 1153 [5]
591 1028 [7]
120 1506 [11]
241 1385 [8]
559 1067 [5]
600 1026 [8]
403 1224 [2]
264 1362 [2]
68 1558 [2]
167 1462 [3]
698 931 [1]
488 1133 [0]
216 1408 [5]
80 1540 [10]
55 1576 [0]
239 1392 [4]
610 1021 [0]
145 1483 [3]
415 1217 [0]
543 1089 [11]
548 1084 [5]
152 1480 [0]
54 1576 [0]
642 980 [11]
550 1079 [0]
121 1513 [4]
512 1122 [2]
173 1460 [1]
264 1368 [2]
392 1243 [11]
61 1568 [6]
280 1356 [0]
460 1176 [0]
223 1410 [8]
301 1336 [0]
459 1174 [4]
182 1456 [10]
216 1417 [5]
645 985 [8]
282 1358 [1]
622 1018 [0]
692 948 [0]
220 1415 [5]
500 1141 [0]
563 1068 [11]
602 1036 [4]
571 1073 [0]
267 1373 [0]
749 896 [0]
551 1092 [2]
424 1216 [5]
161 1485 [0]
499 1147 [8]
259 1379 [8]
665 978 [3]
186 1461 [0]
304 1343 [5]
565 1082 [0]
592 1056 [0]
230 1414 [5]
410 1237 [3]
446 1205 [9]
496 1155 [0]
576 1076 [0]
687 963 [9]
349 1303 [0]
192 1461 [0]
173 1479 [10]
661 984 [8]
365 1277 [11]
763 891 [7]
500 1146 [8]
239 1416 [2]
104 1552 [4]
232 1424 [0]
223 1424 [3]
164 1484 [0]
290 1358 [8]
669 988 [0]
699 956 [2]
117 1541 [0]
171 1487 [10]
386 1272 [10]
785 873 [7]
766 883 [9]
631 1029 [0]
591 1064 [5]
370 1291 [8]
366 1288 [7]
479 1179 [4]
540 1119 [3]
677 985 [0]
146 1506 [10]
94 1562 [7]
402 1253 [8]
118 1540 [6]
746 907 [11]
153 1512 [6]
183 1477 [0]
455 1202 [0]
189 1470 [6]
496 1170 [8]
684 982 [1]
339 1325 [3]
199 1469 [6]
253 1415 [8]
589 1079 [0]
496 1161 [11]
821 848 [0]
413 1248 [8]
507 1163 [0]
653 1017 [2]
189 1482 [11]
505 1166 [3]
719 947 [0]
826 845 [0]
86 1585 [0]
450 1213 [0]
149 1523 [1]
305 1369 [1]
806 868 [0]
579 1095 [0]
640 1026 [8]
91 1584 [11]
771 904 [3]
287 1378 [10]
223 1453 [8]
291 1385 [6]
549 1127 [0]
132 1542 [8]
773 904 [0]
331 1338 [8]
444 1233 [1]
260 1410 [4]
416 1262 [0]
438 1241 [8]
817 859 [3]
142 1535 [2]
222 1459 [10]
312 1369 [5]
517 1164 [0]
708 970 [9]
786 893 [6]
531 1145 [6]
467 1213 [6]
460 1217 [0]
204 1474 [0]
349 1334 [0]
415 1268 [7]
613 1070 [0]
468 1209 [7]
215 1464 [4]
541 1135 [7]
515 1169 [4]
480 1200 [8]
496 1178 [11]
385 1301 [3]
655 1031 [9]
525 1155 [7]
192 1485 [10]
209 1479 [0]
101 1588 [10]
203 1486 [5]
450 1239 [3]
463 1226 [2]
561 1128 [7]
583 1100 [6]
493 1197 [1]
674 1016 [0]
729 961 [0]
552 1140 [0]
418 1266 [0]
478 1215 [10]
157 1532 [4]
466 1222 [5]
232 1460 [1]
842 852 [0]
413 1281 [0]
401 1293 [0]
197 1498 [0]
673 1018 [0]
228 1460 [8]
477 1220 [0]
695 1002 [0]
728 969 [0]
478 1220 [3]
534 1155 [3]
402 1286 [1]
537 1154 [7]
409 1286 [3]
503 1196 [0]
564 1135 [0]
780 919 [5]
494 1204 [1]
529 1171 [0]
403 1295 [4]
436 1266 [0]
738 965 [0]
153 1551 [6]
198 1506 [5]
494 1206 [5]
321 1384 [0]
371 1335 [1]
709 997 [0]
125 1577 [4]
136 1568 [3]
561 1143 [0]
343 1363 [4]
523 1185 [1]
817 889 [3]
210 1488 [11]
362 1336 [11]
510 1191 [0]
458 1252 [0]
823 887 [0]
379 1329 [3]
710 993 [0]
776 929 [7]
337 1376 [3]
401 1313 [6]
483 1231 [0]
848 861 [0]
343 1367 [10]
650 1063 [1]
851 864 [9]
515 1199 [9]
462 1254 [8]
290 1422 [4]
415 1302 [0]
613 1104 [0]
336 1381 [0]
605 1112 [0]
203 1511 [10]
403 1315 [3]
846 872 [0]
591 1127 [0]
793 919 [6]
766 953 [0]
800 919 [7]
528 1192 [6]
287 1430 [4]
367 1349 [5]
548 1167 [6]
359 1363 [2]
174 1543 [11]
184 1534 [4]
406 1317 [9]
544 1179 [0]
422 1302 [6]
627 1097 [6]
831 893 [0]
264 1456 [0]
191 1528 [5]
230 1492 [0]
175 1548 [2]
365 1349 [2]
454 1260 [11]
279 1447 [0]
480 1246 [0]
128 1595 [8]
762 966 [0]
437 1292 [0]
768 953 [0]
299 1420 [10]
801 929 [7]
672 1054 [4]
503 1222 [0]
399 1329 [3]
723 1009 [2]
336 1393 [2]
132 1592 [8]
384 1349 [5]
757 976 [3]
276 1456 [1]
645 1090 [4]
734 1001 [0]
493 1241 [1]
291 1433 [11]
659 1076 [0]
281 1455 [3]
717 1019 [0]
820 916 [0]
358 1378 [0]
448 1283 [0]
411 1329 [8]
758 982 [0]
258 1472 [11]
618 1121 [3]
647 1096 [0]
177 1558 [8]
207 1529 [7]
195 1549 [4]
236 1508 [8]
347 1397 [0]
428 1316 [0]
431 1313 [2]
684 1050 [10]
668 1069 [7]
818 927 [0]
605 1140 [0]
220 1520 [11]
407 1339 [0]
571 1169 [7]
309 1437 [0]
629 1109 [0]
396 1351 [11]
643 1103 [1]
514 1224 [9]
170 1578 [10]
287 1461 [3]
525 1218 [2]
274 1471 [10]
175 1575 [8]
862 884 [0]
293 1457 [1]
779 972 [0]
405 1347 [4]
578 1170 [0]
395 1346 [11]
361 1391 [0]
734 1008 [11]
232 1523 [0]
285 1470 [5]
739 1016 [0]
594 1162 [11]
377 1379 [0]
402 1356 [7]
463 1295 [2]
772 986 [0]
372 1382 [4]
600 1150 [8]
505 1251 [3]
584 1174 [6]
407 1353 [8]
578 1184 [0]
322 1440 [1]
384 1380 [0]
828 936 [0]
444 1320 [0]
193 1572 [8]
593 1172 [0]
628 1126 [6]
368 1392 [5]
181 1576 [8]
615 1139 [11]
338 1428 [2]
476 1288 [11]
423 1336 [7]
445 1321 [0]
826 934 [7]
606 1157 [4]
689 1077 [1]
340 1428 [0]
868 900 [8]
219 1542 [8]
593 1177 [0]
667 1095 [8]
879 891 [0]
753 1009 [8]
240 1530 [0]
579 1182 [9]
199 1572 [0]
872 891 [4]
564 1201 [6]
405 1356 [10]
617 1155 [0]
312 1456 [0]
751 1022 [10]
883 887 [4]
797 977 [0]
574 1202 [8]
834 943 [8]
489 1280 [0]
673 1104 [0]
761 1015 [2]
649 1131 [11]
555 1215 [10]
173 1599 [8]
197 1584 [5]
839 938 [4]
201 1571 [3]
535 1242 [10]
288 1490 [0]
453 1331 [9]
703 1082 [6]
523 1260 [2]
677 1106 [11]
410 1372 [4]
808 979 [0]
874 913 [4]
593 1194 [0]
767 1021 [0]
794 995 [0]
336 1454 [0]
474 1317 [9]
285 1498 [8]
391 1401 [8]
855 937 [0]
192 1597 [3]
471 1318 [4]
440 1353 [0]
564 1230 [11]
637 1157 [0]
363 1432 [0]
556 1240 [6]
391 1403 [2]
233 1554 [9]
200 1597 [0]
683 1114 [1]
885 912 [0]
750 1049 [1]
377 1424 [0]
512 1290 [11]
234 1564 [4]
605 1194 [4]
711 1093 [0]
777 1020 [7]
429 1377 [4]
473 1333 [4]
558 1248 [0]
847 960 [0]
577 1220 [10]
379 1423 [5]
510 1298 [3]
389 1414 [2]
797 1011 [0]
744 1062 [4]
343 1464 [10]
673 1135 [4]
283 1527 [2]
282 1528 [2]
636 1177 [2]
803 1010 [0]
409 1396 [8]
403 1407 [3]
769 1046 [0]
527 1280 [8]
523 1293 [4]
589 1227 [0]
791 1018 [7]
536 1281 [0]
642 1175 [0]
772 1034 [6]
418 1400 [4]
687 1131 [0]
398 1414 [6]
868 950 [0]
319 1501 [1]
236 1576 [0]
689 1132 [3]
531 1288 [2]
676 1141 [4]
407 1415 [9]
708 1114 [0]
433 1383 [6]
229 1594 [0]
233 1590 [0]
671 1152 [8]
709 1114 [10]
649 1169 [7]
473 1344 [4]
692 1128 [5]
516 1309 [0]
476 1350 [6]
569 1257 [5]
621 1196 [9]
558 1258 [6]
460 1367 [2]
474 1350 [3]
400 1428 [11]
534 1294 [11]
720 1108 [0]
848 976 [4]
273 1556 [3]
298 1531 [0]
703 1115 [11]
532 1297 [0]
536 1293 [7]
224 1597 [9]
456 1365 [9]
426 1405 [8]
586 1245 [0]
413 1412 [6]
833 989 [10]
714 1114 [4]
507 1326 [7]
264 1558 [11]
719 1115 [0]
493 1338 [3]
417 1418 [3]
662 1173 [0]
505 1327 [3]
464 1372 [7]
632 1200 [8]
324 1513 [0]
268 1570 [6]
698 1140 [11]
869 969 [0]
233 1598 [7]
568 1271 [0]
821 1018 [5]
488 1351 [0]
629 1209 [2]
869 963 [8]
885 955 [0]
905 935 [0]
285 1553 [2]
733 1107 [0]
253 1588 [0]
300 1536 [5]
604 1233 [4]
400 1432 [9]
453 1389 [9]
868 974 [4]
333 1510 [8]
677 1166 [7]
461 1383 [2]
610 1224 [10]
455 1387 [2]
477 1366 [2]
861 985 [4]
890 956 [0]
545 1291 [11]
903 943 [5]
729 1120 [0]
632 1218 [5]
813 1037 [11]
431 1419 [0]
821 1025 [11]
564 1276 [11]
763 1084 [3]
379 1469 [2]
541 1313 [10]
308 1544 [2]
846 999 [9]
470 1378 [6]
269 1574 [11]
462 1387 [7]
540 1316 [0]
672 1184 [9]
420 1431 [5]
927 929 [0]
535 1313 [8]
303 1554 [0]
308 1538 [11]
558 1300 [7]
742 1116 [0]
506 1352 [0]
688 1170 [0]
366 1490 [2]
585 1274 [0]
612 1247 [0]
625 1234 [0]
524 1337 [0]
670 1192 [2]
634 1219 [10]
732 1124 [8]
708 1145 [11]
748 1117 [0]
867 987 [11]
924 940 [2]
824 1043 [0]
882 983 [2]
602 1264 [1]
474 1389 [4]
490 1378 [0]
731 1137 [2]
539 1329 [0]
550 1316 [5]
486 1377 [8]
675 1197 [0]
514 1358 [0]
576 1297 [3]
383 1482 [8]
743 1130 [0]
624 1250 [0]
852 1022 [0]
741 1133 [0]
667 1208 [8]
491 1384 [0]
692 1178 [5]
673 1203 [11]
583 1292 [1]
351 1526 [0]
525 1350 [2]
332 1546 [3]
788 1090 [4]
872 995 [2]
822 1048 [8]
776 1104 [0]
501 1379 [1]
543 1327 [11]
448 1434 [0]
841 1042 [9]
420 1458 [5]
659 1225 [4]
913 971 [10]
613 1265 [7]
294 1588 [11]
396 1489 [0]
398 1487 [11]
428 1457 [8]
703 1182 [10]
892 993 [0]
839 1046 [0]
843 1042 [0]
864 1022 [0]
815 1060 [11]
626 1250 [2]
346 1542 [5]
857 1031 [0]
880 1009 [0]
365 1525 [0]
818 1065 [8]
705 1180 [7]
783 1110 [0]
586 1308 [1]
732 1163 [0]
828 1067 [3]
876 1019 [0]
442 1454 [0]
581 1308 [8]
428 1470 [11]
774 1114 [0]
835 1055 [8]
943 950 [9]
345 1546 [8]
754 1135 [10]
603 1297 [0]
425 1467 [8]
922 979 [0]
421 1480 [0]
420 1473 [8]
299 1598 [4]
696 1207 [2]
382 1510 [11]
717 1187 [9]
725 1179 [1]
497 1399 [0]
449 1456 [10]
586 1319 [0]
412 1494 [11]
435 1472 [10]
430 1467 [11]
394 1507 [0]
510 1390 [10]
556 1355 [4]
333 1574 [4]
754 1150 [8]
470 1443 [0]
543 1370 [5]
607 1302 [4]
409 1505 [5]
522 1392 [7]
805 1110 [4]
708 1203 [0]
530 1387 [2]
670 1247 [0]
369 1542 [7]
719 1199 [8]
912 1002 [5]
581 1338 [0]
698 1222 [1]
415 1496 [9]
325 1593 [2]
598 1323 [0]
738 1183 [0]
860 1054 [8]
733 1189 [0]
606 1313 [4]
831 1092 [0]
351 1573 [0]
692 1232 [8]
657 1268 [2]
922 1003 [0]
689 1231 [5]
730 1196 [0]
630 1285 [11]
906 1020 [0]
943 984 [9]
715 1212 [0]
477 1448 [11]
431 1491 [5]
679 1245 [3]
399 1531 [8]
574 1355 [1]
507 1424 [0]
408 1524 [3]
503 1429 [5]
960 969 [9]
606 1324 [2]
553 1380 [0]
830 1092 [11]
388 1546 [0]
842 1092 [11]
368 1555 [11]
721 1213 [0]
939 996 [0]
660 1271 [4]
653 1282 [2]
382 1557 [11]
478 1462 [5]
607 1333 [4]
527 1405 [4]
674 1262 [4]
805 1136 [0]
352 1590 [0]
496 1446 [0]
580 1362 [0]
596 1341 [5]
803 1139 [0]
848 1092 [7]
763 1181 [3]
707 1237 [0]
955 982 [7]
966 976 [3]
686 1259 [2]
490 1456 [0]
479 1458 [11]
684 1263 [1]
380 1567 [1]
754 1195 [7]
492 1457 [0]
372 1578 [0]
466 1484 [11]
734 1216 [11]
487 1463 [0]
862 1089 [11]
605 1345 [1]
870 1082 [10]
822 1127 [3]
672 1276 [10]
472 1469 [11]
453 1497 [9]
466 1479 [9]
828 1118 [8]
383 1573 [0]
709 1247 [8]
915 1041 [0]
707 1250 [6]
526 1426 [5]
869 1078 [10]
976 981 [1]
610 1340 [9]
417 1536 [6]
971 988 [11]
866 1095 [0]
882 1075 [8]
922 1036 [7]
813 1149 [0]
741 1220 [2]
911 1044 [10]
621 1345 [0]
606 1352 [8]
648 1318 [0]
469 1499 [5]
801 1168 [6]
569 1400 [0]
971 998 [0]
865 1099 [5]
817 1148 [0]
416 1554 [11]
721 1250 [0]
457 1509 [5]
902 1071 [0]
700 1268 [11]
746 1227 [0]
506 1466 [1]
832 1141 [1]
754 1215 [5]
745 1230 [9]
698 1276 [1]
650 1325 [9]
669 1308 [9]
765 1212 [7]
685 1293 [4]
900 1075 [8]
779 1201 [11]
785 1195 [8]
659 1318 [4]
978 1003 [0]
944 1032 [5]
549 1432 [0]
624 1355 [3]
869 1113 [0]
464 1510 [9]
786 1192 [0]
672 1312 [2]
796 1188 [0]
626 1353 [5]
551 1426 [7]
690 1295 [0]
601 1378 [6]
621 1367 [2]
752 1234 [6]
913 1071 [4]
732 1257 [6]
953 1036 [3]
732 1258 [0]
953 1029 [0]
620 1371 [0]
606 1382 [3]
988 992 [2]
994 998 [6]
455 1538 [4]
469 1524 [8]
609 1384 [3]
846 1146 [7]
561 1421 [11]
582 1406 [5]
676 1318 [0]
937 1049 [8]
738 1250 [7]
613 1378 [5]
850 1140 [6]
608 1386 [2]
898 1099 [0]
522 1473 [7]
560 1431 [6]
992 1006 [0]
531 1461 [6]
649 1350 [7]
480 1514 [5]
441 1559 [0]
393 1599 [8]
423 1571 [7]
413 1578 [11]
716 1286 [0]
613 1391 [0]
945 1059 [0]
823 1175 [6]
519 1480 [5]
460 1536 [11]
579 1430 [9]
961 1049 [1]
526 1485 [0]
605 1406 [7]
740 1271 [9]
907 1103 [3]
485 1523 [3]
977 1036 [9]
946 1067 [0]
724 1290 [0]
733 1270 [11]
451 1565 [0]
574 1438 [4]
959 1058 [0]
451 1566 [0]
975 1042 [0]
569 1442 [2]
791 1220 [7]
717 1291 [2]
470 1550 [1]
550 1471 [11]
717 1293 [11]
633 1380 [8]
616 1407 [0]
700 1318 [11]
795 1220 [8]
497 1527 [8]
681 1343 [5]
916 1108 [2]
625 1399 [0]
881 1143 [0]
653 1372 [4]
746 1279 [0]
497 1529 [3]
663 1363 [7]
1003 1020 [3]
458 1567 [9]
601 1426 [0]
545 1475 [7]
526 1502 [6]
671 1357 [2]
679 1344 [11]
477 1545 [6]
825 1196 [10]
706 1326 [0]
713 1320 [0]
448 1581 [4]
573 1454 [6]
489 1542 [2]
793 1240 [0]
987 1044 [3]
728 1306 [2]
654 1378 [8]
532 1504 [1]
928 1110 [11]
694 1344 [0]
822 1211 [5]
632 1406 [0]
957 1072 [11]
879 1153 [8]
1005 1035 [0]
801 1239 [0]
927 1114 [11]
648 1386 [7]
650 1384 [7]
624 1418 [1]
704 1338 [0]
582 1459 [1]
840 1203 [0]
552 1489 [2]
998 1045 [1]
879 1165 [0]
772 1273 [2]
929 1116 [3]
786 1250 [9]
627 1409 [9]
487 1560 [9]
641 1406 [0]
913 1135 [7]
757 1292 [6]
936 1103 [10]
861 1177 [5]
638 1410 [1]
454 1596 [5]
551 1493 [6]
893 1152 [0]
991 1059 [1]
618 1430 [4]
566 1486 [0]
939 1114 [0]
758 1296 [9]
780 1274 [9]
680 1370 [4]
738 1308 [8]
921 1134 [0]
950 1105 [9]
747 1308 [0]
696 1358 [1]
775 1281 [0]
861 1195 [4]
851 1200 [5]
786 1270 [0]
545 1511 [2]
463 1589 [7]
489 1570 [2]
875 1184 [0]
977 1082 [5]
704 1355 [0]
878 1183 [0]
857 1204 [1]
841 1211 [11]
987 1079 [0]
808 1254 [0]
858 1208 [0]
502 1565 [0]
729 1333 [0]
594 1474 [0]
669 1399 [11]
961 1102 [6]
862 1203 [4]
658 1412 [0]
523 1547 [8]
510 1560 [8]
798 1272 [7]
894 1176 [0]
951 1119 [0]
973 1091 [2]
763 1308 [10]
622 1449 [0]
892 1179 [7]
542 1519 [2]
569 1497 [6]
840 1233 [0]
949 1124 [0]
498 1573 [2]
718 1356 [0]
679 1396 [2]
997 1078 [0]
496 1574 [5]
485 1591 [5]
848 1228 [0]
882 1194 [8]
705 1367 [4]
882 1193 [1]
822 1256 [0]
528 1551 [5]
592 1487 [3]
599 1472 [9]
832 1244 [4]
886 1195 [10]
579 1500 [7]
704 1379 [0]
964 1117 [2]
634 1441 [0]
963 1120 [0]
990 1094 [0]
885 1189 [11]
957 1119 [9]
972 1103 [10]
622 1458 [6]
749 1338 [10]
919 1166 [2]
757 1330 [0]
754 1332 [1]
986 1096 [6]
547 1531 [10]
907 1179 [10]
710 1373 [8]
516 1576 [7]
898 1184 [10]
509 1584 [0]
660 1433 [8]
523 1562 [0]
675 1418 [0]
795 1299 [0]
529 1557 [9]
978 1114 [0]
664 1432 [1]
642 1451 [7]
517 1580 [0]
572 1526 [5]
993 1105 [0]
803 1291 [0]
611 1490 [11]
884 1217 [0]
522 1570 [9]
699 1392 [2]
798 1294 [10]
893 1210 [0]
781 1321 [1]
941 1163 [9]
836 1268 [0]
566 1530 [8]
569 1529 [6]
671 1434 [7]
864 1241 [0]
908 1188 [3]
914 1184 [7]
697 1409 [2]
722 1384 [6]
841 1257 [8]
991 1116 [0]
645 1463 [0]
767 1341 [0]
878 1228 [11]
524 1576 [0]
637 1473 [0]
998 1111 [8]
960 1146 [5]
1012 1101 [0]
867 1247 [7]
978 1136 [0]
1043 1065 [6]
618 1494 [3]
700 1409 [7]
744 1364 [0]
624 1484 [8]
1007 1111 [0]
560 1547 [11]
678 1429 [11]
607 1512 [5]
899 1214 [6]
805 1315 [9]
569 1542 [9]
804 1317 [0]
551 1572 [5]
778 1345 [0]
970 1142 [11]
882 1242 [1]
987 1137 [0]
952 1164 [0]
615 1500 [9]
608 1510 [6]
544 1581 [2]
903 1217 [10]
656 1471 [0]
906 1213 [8]
1052 1078 [10]
795 1335 [0]
835 1291 [4]
986 1135 [9]
1020 1111 [3]
625 1500 [6]
1044 1082 [10]
554 1579 [0]
876 1255 [2]
898 1237 [0]
806 1330 [2]
624 1510 [2]
1031 1097 [8]
747 1390 [3]
1032 1108 [2]
731 1406 [3]
990 1141 [10]
755 1387 [0]
856 1288 [7]
951 1187 [6]
567 1575 [2]
785 1360 [5]
1024 1121 [0]
924 1221 [0]
574 1572 [3]
925 1222 [3]
811 1336 [0]
561 1581 [5]
988 1150 [9]
1036 1112 [4]
561 1588 [6]
614 1535 [11]
654 1490 [0]
951 1197 [6]
969 1181 [5]
890 1261 [0]
609 1537 [5]
670 1482 [0]
854 1299 [0]
557 1597 [0]
829 1318 [6]
906 1243 [6]
1024 1131 [0]
887 1269 [8]
949 1208 [0]
568 1590 [7]
684 1471 [4]
691 1469 [0]
710 1442 [8]
1012 1149 [0]
799 1362 [0]
759 1392 [11]
975 1183 [0]
819 1344 [10]
722 1441 [0]
842 1322 [0]
940 1215 [6]
723 1441 [1]
619 1547 [7]
933 1233 [0]
707 1459 [0]
719 1448 [0]
1033 1134 [0]
751 1414 [2]
692 1470 [5]
640 1528 [0]
1019 1149 [4]
607 1562 [0]
719 1450 [5]
1064 1106 [0]
1063 1106 [2]
712 1459 [9]
699 1465 [7]
762 1410 [0]
840 1333 [2]
643 1529 [2]
1009 1166 [0]
644 1529 [0]
956 1215 [4]
592 1584 [3]
996 1180 [0]
700 1477 [2]
716 1455 [6]
710 1459 [8]
598 1580 [0]
981 1197 [0]
697 1483 [8]
833 1347 [0]
704 1469 [7]
1064 1117 [5]
668 1507 [6]
642 1528 [11]
811 1371 [1]
759 1413 [11]
723 1456 [6]
603 1576 [7]
673 1511 [2]
786 1394 [6]
835 1350 [2]
874 1313 [0]
909 1279 [0]
886 1300 [2]
713 1468 [0]
684 1504 [1]
761 1429 [0]
713 1477 [1]
802 1383 [7]
1041 1152 [0]
810 1384 [1]
1034 1160 [0]
658 1536 [0]
765 1430 [6]
753 1442 [0]
831 1366 [9]
1055 1142 [0]
610 1578 [9]
984 1208 [9]
614 1586 [2]
809 1391 [4]
942 1258 [2]
751 1441 [0]
1025 1173 [2]
739 1462 [6]
635 1559 [7]
749 1453 [0]
970 1233 [0]
1086 1118 [0]
797 1405 [10]
727 1478 [0]
870 1327 [0]
917 1286 [7]
688 1518 [2]
1020 1186 [4]
709 1498 [4]
709 1499 [2]
827 1381 [2]
863 1345 [0]
804 1406 [6]
983 1227 [9]
1057 1154 [0]
1030 1181 [0]
1067 1138 [6]
839 1372 [10]
695 1508 [11]
1007 1208 [7]
1049 1166 [4]
795 1419 [10]
998 1210 [7]
693 1523 [8]
1034 1183 [7]
1095 1122 [2]
760 1457 [0]
861 1358 [8]
1054 1165 [0]
1075 1137 [7]
949 1270 [0]
782 1438 [0]
1107 1113 [0]
699 1521 [0]
772 1444 [5]
981 1242 [0]
740 1484 [0]
907 1317 [9]
638 1584 [3]
853 1373 [0]
950 1276 [6]
947 1280 [0]
939 1282 [6]
970 1256 [1]
980 1249 [0]
699 1531 [2]
805 1425 [7]
831 1399 [9]
877 1353 [0]
725 1504 [1]
725 1507 [8]
977 1255 [0]
988 1244 [0]
984 1247 [1]
781 1451 [0]
1090 1143 [0]
692 1540 [6]
1071 1162 [0]
740 1495 [0]
876 1356 [0]
891 1341 [0]
878 1356 [4]
827 1411 [0]
938 1299 [1]
1082 1145 [11]
1024 1215 [4]
880 1356 [3]
1035 1204 [0]
927 1308 [5]
717 1514 [9]
1020 1213 [8]
839 1404 [0]
643 1598 [2]
784 1462 [0]
1076 1168 [2]
1012 1223 [11]
788 1459 [4]
1111 1136 [2]
689 1559 [11]
959 1289 [1]
795 1452 [2]
818 1432 [2]
993 1257 [2]
683 1565 [8]
927 1326 [6]
936 1319 [0]
1123 1132 [6]
832 1419 [9]
894 1359 [5]
1069 1187 [0]
1042 1215 [1]
1038 1210 [9]
1057 1204 [0]
1042 1220 [4]
1030 1233 [2]
883 1371 [9]
788 1470 [5]
728 1536 [7]
707 1550 [6]
1108 1157 [2]
710 1547 [0]
843 1420 [8]
1032 1235 [0]
765 1501 [2]
880 1388 [0]
919 1350 [7]
673 1594 [11]
846 1424 [10]
729 1536 [6]
1050 1222 [0]
975 1293 [5]
938 1332 [3]
759 1513 [11]
702 1572 [0]
1114 1161 [6]
1103 1164 [0]
1075 1200 [0]
1120 1145 [11]
829 1448 [0]
931 1346 [0]
734 1537 [6]
719 1553 [5]
1108 1170 [0]
676 1593 [9]
747 1520 [11]
744 1531 [4]
1051 1228 [0]
772 1496 [6]
1051 1230 [9]
802 1480 [9]
755 1521 [7]
763 1523 [1]
944 1339 [5]
834 1455 [0]
1093 1195 [1]
1040 1244 [6]
1107 1173 [11]
837 1450 [5]
897 1392 [3]
972 1321 [0]
983 1302 [9]
724 1571 [9]
1081 1214 [0]
796 1500 [11]
806 1490 [0]
876 1422 [0]
933 1365 [0]
791 1508 [4]
902 1397 [0]
782 1518 [0]
1048 1252 [0]
823 1473 [4]
841 1460 [8]
707 1588 [6]
707 1595 [9]
770 1532 [0]
995 1307 [0]
990 1314 [0]
1137 1162 [6]
781 1525 [2]
937 1369 [0]
1025 1270 [11]
834 1471 [2]
737 1571 [0]
710 1587 [11]
1110 1195 [3]
1007 1294 [7]
730 1568 [11]
1117 1184 [8]
1136 1166 [7]
985 1325 [0]
929 1379 [2]
891 1411 [8]
910 1402 [0]
713 1595 [4]
953 1358 [10]
1131 1181 [0]
990 1317 [4]
764 1549 [0]
717 1592 [6]
857 1454 [4]
1048 1269 [0]
870 1444 [3]
936 1377 [5]
959 1362 [1]
737 1584 [0]
944 1378 [5]
950 1372 [10]
821 1501 [0]
1008 1316 [0]
1107 1211 [6]
1032 1291 [2]
959 1367 [1]
991 1337 [4]
1000 1328 [0]
845 1484 [2]
819 1500 [10]
1136 1186 [2]
1058 1271 [0]
1051 1279 [8]
1052 1273 [5]
878 1453 [10]
887 1444 [4]
948 1384 [1]
985 1340 [7]
937 1394 [1]
845 1489 [7]
807 1527 [0]
1029 1306 [0]
858 1478 [0]
860 1473 [4]
1073 1264 [0]
851 1475 [11]
1055 1283 [0]
901 1428 [9]
966 1364 [9]
1070 1272 [0]
1035 1308 [3]
1157 1186 [0]
780 1566 [7]
1106 1240 [9]
951 1391 [4]
989 1358 [9]
861 1488 [6]
1084 1266 [0]
1173 1177 [0]
780 1574 [7]
1135 1219 [0]
999 1356 [6]
1049 1306 [0]
946 1410 [0]
1151 1205 [0]
1115 1233 [8]
915 1440 [2]
1117 1241 [0]
786 1563 [9]
1099 1256 [4]
1006 1356 [5]
787 1566 [9]
1002 1362 [2]
844 1521 [0]
1047 1319 [0]
1042 1321 [3]
1168 1197 [11]
774 1594 [0]
908 1458 [11]
828 1541 [2]
1155 1217 [0]
1159 1213 [0]
1042 1324 [7]
940 1424 [8]
867 1494 [11]
1010 1363 [11]
1021 1352 [9]
1075 1301 [0]
986 1390 [0]
924 1453 [7]
1123 1254 [6]
871 1506 [0]
1058 1320 [10]
870 1509 [0]
807 1575 [0]
1025 1358 [0]
969 1415 [6]
942 1442 [1]
1062 1323 [0]
963 1423 [6]
995 1393 [0]
1019 1362 [7]
926 1462 [0]
981 1409 [11]
1127 1261 [2]
872 1511 [7]
1026 1366 [0]
1035 1348 [6]
1095 1298 [1]
1054 1341 [0]
822 1565 [0]
1139 1256 [1]
1017 1380 [11]
1119 1278 [6]
1150 1242 [6]
919 1479 [0]
1141 1253 [5]
963 1431 [6]
844 1557 [6]
910 1491 [0]
1098 1305 [0]
836 1568 [9]
882 1522 [0]
943 1461 [9]
1099 1305 [0]
1112 1293 [3]
1181 1219 [5]
959 1448 [0]
1058 1349 [1]
1024 1381 [7]
917 1490 [0]
968 1440 [0]
903 1506 [9]
960 1444 [5]
1121 1290 [0]
889 1512 [11]
1112 1301 [4]
947 1466 [0]
1088 1326 [0]
1087 1318 [9]
1175 1240 [11]
1053 1363 [0]
969 1445 [2]
967 1453 [7]
1103 1320 [5]
1061 1363 [0]
1004 1420 [0]
1080 1337 [8]
1105 1319 [3]
964 1462 [1]
1064 1365 [0]
1070 1360 [0]
1188 1231 [11]
1016 1416 [9]
1077 1347 [0]
1206 1220 [6]
1018 1408 [6]
932 1500 [0]
1015 1420 [0]
1188 1248 [0]
929 1501 [6]
879 1553 [5]
979 1459 [10]
890 1549 [1]
1147 1294 [0]
1124 1311 [6]
920 1518 [4]
907 1524 [11]
1045 1400 [0]
1209 1237 [9]
943 1503 [0]
931 1517 [0]
1185 1264 [0]
1089 1361 [0]
954 1491 [9]
1073 1379 [0]
1013 1432 [7]
899 1544 [11]
918 1537 [0]
1173 1273 [1]
1151 1302 [2]
921 1534 [0]
1198 1258 [0]
1222 1228 [7]
1098 1360 [0]
1100 1359 [7]
1012 1442 [5]
896 1564 [2]
1187 1262 [11]
914 1548 [0]
869 1594 [0]
1213 1251 [6]
949 1506 [6]
908 1552 [5]
858 1599 [9]
1136 1334 [7]
961 1498 [11]
976 1491 [3]
898 1566 [7]
925 1545 [0]
1232 1242 [5]
1030 1444 [1]
912 1564 [0]
1144 1321 [11]
916 1562 [6]
995 1483 [0]
951 1516 [11]
962 1516 [0]
966 1514 [9]
1006 1474 [6]
1070 1403 [6]
1148 1332 [0]
1208 1275 [9]
1137 1348 [9]
1242 1244 [0]
1076 1408 [2]
902 1583 [9]
1202 1283 [1]
931 1556 [9]
1173 1314 [0]
1223 1259 [5]
975 1513 [2]
1118 1370 [7]
1225 1263 [0]
931 1559 [9]
1159 1331 [0]
1064 1417 [9]
977 1511 [9]
1191 1290 [9]
1063 1430 [6]
1111 1382 [0]
1029 1464 [0]
946 1541 [7]
913 1583 [3]
1028 1459 [9]
1247 1249 [1]
1156 1342 [0]
1195 1304 [0]
1095 1404 [1]
952 1549 [0]
912 1590 [8]
921 1581 [0]
1133 1369 [0]
1045 1453 [11]
1200 1304 [5]
948 1549 [0]
1041 1465 [2]
980 1517 [9]
997 1511 [4]
1119 1388 [1]
1013 1496 [0]
1162 1347 [0]
1007 1493 [9]
1116 1397 [9]
984 1529 [0]
1127 1382 [5]
995 1519 [1]
939 1566 [11]
965 1544 [7]
1088 1429 [0]
1112 1403 [0]
1136 1377 [6]
937 1583 [1]
1152 1360 [4]
952 1569 [8]
1036 1480 [5]
1108 1408 [6]
1088 1432 [2]
1075 1446 [1]
1122 1401 [0]
1064 1457 [11]
1037 1487 [0]
1088 1435 [1]
1197 1318 [0]
1008 1517 [0]
1230 1296 [0]
1097 1430 [0]
1198 1329 [0]
1129 1398 [0]
1202 1329 [7]
1248 1286 [11]
1205 1321 [8]
1237 1299 [5]
1190 1347 [1]
1110 1419 [9]
968 1571 [7]
1267 1275 [0]
1154 1390 [0]
1124 1422 [4]
1239 1301 [2]
982 1567 [7]
963 1581 [0]
1032 1518 [1]
1215 1338 [1]
972 1576 [5]
1000 1553 [0]
1263 1291 [2]
1210 1346 [0]
1191 1358 [7]
1000 1557 [0]
1164 1396 [9]
982 1570 [9]
1082 1469 [2]
971 1594 [0]
1092 1473 [0]
1225 1337 [3]
1026 1539 [0]
1257 1309 [0]
1263 1303 [7]
1192 1363 [11]
1222 1344 [6]
1005 1557 [6]
1255 1306 [9]
972 1595 [5]
1269 1303 [0]
1105 1469 [9]
1058 1507 [1]
1245 1331 [5]
1103 1471 [2]
1168 1409 [0]
1160 1410 [6]
1176 1400 [4]
1264 1310 [7]
1261 1322 [2]
1235 1338 [11]
1234 1351 [2]
1145 1440 [0]
1105 1471 [9]
1146 1439 [0]
1117 1469 [6]
1215 1371 [8]
1163 1419 [0]
1154 1433 [6]
1221 1366 [0]
1282 1305 [9]
1292 1296 [0]
1117 1474 [5]
1272 1322 [0]
1270 1319 [6]
1125 1470 [0]
1263 1333 [0]
1191 1407 [0]
1045 1547 [7]
1055 1544 [1]
1001 1598 [2]
1073 1524 [11]
1276 1326 [3]
1238 1368 [0]
1032 1575 [9]
1085 1522 [0]
1051 1550 [6]
1174 1435 [0]
1223 1379 [7]
1137 1474 [0]
1063 1549 [6]
1175 1437 [0]
1078 1527 [8]
1074 1540 [0]
1099 1509 [6]
1050 1564 [0]
1023 1585 [9]
1261 1345 [11]
1179 1439 [7]
1060 1559 [0]
1024 1592 [9]
1069 1551 [0]
1027 1595 [9]
1163 1459 [5]
1257 1365 [11]
1247 1374 [1]
1077 1535 [11]
1232 1392 [0]
1280 1345 [2]
1278 1350 [0]
1297 1330 [2]
1291 1339 [0]
1296 1337 [2]
1194 1441 [1]
1070 1567 [11]
1216 1421 [0]
1091 1548 [0]
1280 1359 [0]
1175 1465 [2]
1063 1577 [0]
1313 1326 [9]
1185 1446 [11]
1106 1528 [9]
1124 1523 [8]
1092 1556 [9]
1111 1537 [9]
1223 1426 [0]
1136 1516 [7]
1277 1376 [0]
1130 1523 [0]
1173 1479 [2]
1140 1511 [4]
1197 1460 [4]
1291 1367 [6]
1196 1459 [4]
1226 1434 [0]
1076 1585 [4]
1312 1349 [10]
1186 1477 [0]
1124 1540 [0]
1183 1482 [7]
1181 1476 [9]
1280 1384 [2]
1299 1361 [7]
1163 1494 [2]
1229 1432 [7]
1071 1598 [2]
1220 1449 [0]
1229 1440 [0]
1097 1574 [0]
1174 1498 [9]
1158 1515 [0]
1231 1442 [0]
1185 1481 [7]
1284 1392 [0]
1086 1590 [0]
1079 1588 [9]
1204 1471 [11]
1140 1529 [8]
1283 1394 [0]
1199 1480 [8]
1237 1436 [9]
1326 1354 [3]
1111 1563 [6]
1327 1344 [9]
1164 1516 [1]
1258 1421 [2]
1109 1573 [1]
1188 1488 [7]
1168 1515 [0]
1277 1407 [0]
1146 1538 [0]
1098 1585 [1]
1322 1369 [2]
1147 1547 [1]
1197 1490 [11]
1276 1420 [2]
1276 1427 [0]
1249 1455 [0]
1199 1498 [7]
1139 1566 [5]
1250 1448 [1]
1131 1580 [6]
1249 1456 [6]
1138 1575 [3]
1302 1403 [9]
1297 1415 [6]
1165 1558 [11]
1356 1366 [2]
1194 1531 [0]
1174 1549 [9]
1283 1443 [6]
1262 1466 [5]
1293 1424 [11]
1204 1524 [5]
1280 1452 [1]
1257 1478 [11]
1270 1465 [9]
1238 1496 [1]
1160 1575 [1]
1319 1409 [9]
1252 1486 [4]
1148 1592 [6]
1257 1489 [7]
1302 1444 [0]
1334 1410 [2]
1277 1469 [0]
1325 1422 [0]
1349 1398 [0]
1263 1485 [0]
1280 1467 [1]
1227 1515 [9]
1263 1486 [4]
1286 1463 [0]
1247 1503 [9]
1289 1461 [0]
1257 1494 [11]
1305 1440 [6]
1364 1388 [5]
1334 1421 [0]
1351 1397 [0]
1276 1479 [2]
1284 1473 [10]
1185 1574 [2]
1258 1503 [2]
1183 1574 [7]
1283 1482 [1]
1181 1586 [9]
1260 1514 [0]
1207 1570 [0]
1242 1539 [2]
1256 1527 [2]
1332 1453 [0]
1314 1467 [5]
1295 1492 [0]
1270 1509 [9]
1284 1503 [10]
1255 1538 [0]
1227 1563 [6]
1337 1458 [2]
1301 1494 [2]
1354 1445 [0]
1204 1596 [2]
1365 1436 [9]
1290 1513 [6]
1239 1560 [6]
1379 1423 [7]
1316 1494 [0]
1298 1518 [6]
1279 1532 [6]
1239 1575 [6]
1225 1597 [0]
1277 1552 [6]
1242 1578 [11]
1266 1569 [1]
1282 1555 [0]
1288 1574 [3]
1284 1579 [9]
1397 1465 [1]
1397 1466 [3]
1268 1593 [9]
1301 1569 [0]
1382 1491 [0]
1408 1456 [9]
1386 1487 [0]
1370 1503 [9]
1391 1486 [3]
1281 1594 [0]
1306 1573 [0]
1352 1530 [2]
1299 1586 [6]
1398 1492 [1]
1362 1532 [11]
1322 1561 [11]
1357 1547 [0]
1345 1553 [6]
1439 1459 [7]
1329 1570 [7]
1330 1578 [7]
1372 1538 [0]
1450 1461 [0]
1377 1525 [11]
1396 1530 [0]
1459 1466 [7]
1380 1554 [11]
1356 1576 [6]
1394 1539 [1]
1411 1524 [0]
1370 1566 [0]
1448 1486 [8]
1430 1516 [0]
1411 1531 [6]
1453 1488 [9]
1380 1571 [2]
1461 1497 [0]
1398 1562 [6]
1390 1573 [2]
1377 1586 [0]
1365 1593 [9]
1436 1521 [7]
1405 1561 [0]
1434 1532 [0]
1413 1565 [9]
1402 1577 [0]
1462 1522 [1]
1442 1546 [9]
1454 1529 [6]
1473 1517 [5]
1403 1592 [0]
1485 1508 [5]
1425 1565 [6]
1459 1540 [4]
1484 1522 [0]
1449 1564 [5]
1470 1543 [0]
1508 1516 [9]
1454 1576 [6]
1518 1519 [0]
1441 1596 [1]
1458 1582 [0]
1511 1531 [0]
1448 1598 [0]
1478 1559 [9]
1499 1572 [9]
1513 1574 [0]
1540 1551 [11]
1541 1576 [0]
1565 1579 [9]
1563 1583 [0]
1572 1593 [6]
