32
3
3
10
4
21
24
26
17
7
19
14
8
5
0
13
11
6
1
15
16
25
29
31
27
18
20
12
9
23
30
22
28
2
0 5 [0]
2 10 [2]
5 8 [0]
1 15 [0]
6 11 [0]
5 13 [0]
8 11 [0]
8 12 [0]
9 12 [0]
6 16 [2]
8 14 [0]
9 14 [0]
11 13 [0]
5 17 [1]
4 21 [0]
1 25 [0]
11 15 [1]
4 24 [2]
8 20 [0]
11 16 [2]
10 17 [2]
2 28 [0]
1 29 [0]
15 16 [0]
10 21 [0]
9 23 [0]
14 16 [2]
14 19 [0]
4 30 [1]
10 24 [0]
6 27 [0]
6 29 [0]
7 28 [2]
8 27 [0]
13 21 [1]
12 24 [0]
16 19 [2]
18 20 [1]
11 27 [0]
12 27 [2]
13 26 [1]
17 24 [0]
20 23 [1]
18 27 [0]
16 30 [1]
19 28 [2]
21 25 [1]
23 28 [0]
20 31 [1]
19 31 [2]
21 30 [1]
20 30 [1]
23 30 [0]
25 29 [2]
22 31 [2]
23 31 [2]
25 31 [2]
27 31 [0]
