30
2
13
6
3
0
4
26
10
5
8
7
12
20
29
28
14
24
1
17
15
2
21
22
27
9
11
19
25
16
18
23
0 2 [1]
1 2 [0]
0 3 [0]
2 3 [1]
2 4 [1]
3 4 [0]
2 5 [0]
3 6 [0]
2 7 [0]
4 5 [0]
4 6 [0]
5 7 [0]
5 8 [0]
2 12 [0]
4 10 [0]
4 9 [0]
7 8 [0]
6 9 [0]
2 14 [0]
5 10 [1]
6 11 [1]
4 15 [1]
6 13 [0]
9 11 [0]
7 12 [1]
5 15 [1]
7 14 [1]
6 16 [0]
5 17 [1]
2 21 [0]
2 22 [1]
11 13 [1]
5 21 [0]
9 19 [0]
7 20 [1]
2 27 [1]
13 16 [1]
11 19 [0]
7 24 [1]
13 18 [1]
15 17 [1]
5 26 [1]
14 20 [0]
16 18 [0]
7 28 [1]
13 23 [0]
7 29 [1]
11 25 [1]
14 24 [0]
16 23 [0]
13 25 [1]
15 26 [1]
21 22 [0]
20 28 [0]
20 29 [0]
21 27 [0]
