32
3
12
17
10
0
5
13
26
11
16
21
4
24
9
28
14
31
19
23
30
3
15
20
1
22
25
29
18
6
27
8
7
2
0 5 [0]
2 10 [0]
5 8 [0]
1 15 [1]
6 11 [1]
5 13 [2]
8 12 [1]
8 11 [0]
9 12 [2]
6 16 [1]
8 14 [2]
9 14 [0]
11 13 [2]
5 17 [1]
4 21 [2]
1 25 [0]
10 17 [0]
11 16 [1]
11 15 [0]
4 24 [0]
8 20 [0]
1 29 [0]
14 16 [0]
2 28 [2]
10 21 [2]
15 16 [0]
14 19 [1]
9 23 [1]
10 24 [2]
6 27 [1]
7 28 [2]
4 30 [1]
13 21 [2]
12 24 [2]
8 27 [1]
6 29 [2]
16 19 [0]
12 27 [1]
18 20 [0]
11 27 [1]
13 26 [2]
20 23 [2]
17 24 [2]
18 27 [0]
19 28 [1]
21 25 [1]
16 30 [0]
20 30 [2]
19 31 [2]
20 31 [2]
23 28 [1]
21 30 [1]
22 31 [2]
23 30 [0]
23 31 [2]
25 29 [1]
25 31 [2]
27 31 [2]
