1000
8
500
0
1
2
3
4
5
6
7
8
9
10
12
20
45
78
277
605
719
775
937
910
852
972
413
553
664
106
119
165
473
804
178
240
335
349
383
570
710
777
332
638
338
866
109
141
214
233
318
334
411
839
427
441
957
645
784
794
803
880
437
744
469
626
858
809
989
975
706
746
763
805
898
58
228
246
284
530
687
807
969
402
31
118
552
867
918
997
883
47
125
962
151
164
461
505
554
701
555
641
823
559
870
83
101
215
463
583
688
841
376
446
121
130
166
684
851
819
879
953
616
740
967
848
490
576
635
649
995
875
447
13
14
16
17
59
904
96
198
257
449
575
667
930
699
561
981
27
28
35
53
82
189
621
643
623
758
207
377
390
693
979
431
726
752
146
428
479
515
986
528
659
683
822
845
873
503
655
737
864
38
56
87
108
398
129
131
225
890
571
887
640
974
272
329
343
409
420
472
491
902
508
760
859
712
790
980
162
236
950
977
358
535
865
702
724
939
110
128
135
256
305
556
585
892
696
565
572
679
723
806
882
243
832
952
136
767
169
186
202
258
399
933
993
542
998
439
589
971
518
810
830
827
265
538
886
598
536
588
611
633
133
370
965
205
354
750
671
876
50
64
75
86
98
102
116
123
161
861
227
279
493
311
567
319
372
594
614
742
139
158
229
533
566
685
941
948
293
584
716
925
768
273
321
325
445
546
978
791
104
264
755
365
622
935
477
481
547
893
627
751
91
175
204
262
521
847
260
442
607
909
270
155
314
654
167
313
467
976
176
187
210
217
261
298
544
299
389
835
394
785
885
595
776
76
103
344
353
426
488
700
478
531
757
524
666
600
625
630
681
170
290
732
903
40
142
568
877
63
24
143
306
386
450
590
603
938
781
869
416
355
360
606
901
574
157
378
406
739
239
271
715
808
891
959
15
18
137
232
268
296
300
705
927
558
889
906
970
868
320
504
721
942
404
968
30
124
212
340
695
274
453
492
213
316
899
862
52
183
292
307
619
915
983
499
963
615
920
21
26
43
203
230
242
385
397
539
985
854
248
465
831
250
285
932
251
269
412
788
680
400
408
772
81
673
741
921
49
61
72
199
263
348
414
482
519
802
596
722
302
438
569
917
68
115
156
310
675
362
395
916
134
160
218
770
800
850
69
70
138
276
345
631
434
462
936
647
931
286
582
747
765
668
946
717
73
132
185
226
494
511
452
780
907
874
275
817
369
419
709
150
923
425
195
312
815
224
294
359
367
738
982
474
545
833
422
573
579
945
418
451
22
29
32
41
171
676
799
620
77
326
454
476
529
637
280
323
926
429
464
856
42
85
127
154
295
403
423
562
821
955
961
919
209
244
381
495
663
704
734
836
211
220
231
853
537
557
665
720
648
761
289
373
629
66
197
201
644
787
878
678
415
351
812
460
657
914
39
74
433
520
534
541
92
112
181
222
247
686
996
330
580
990
814
223
496
387
838
97
111
140
347
498
506
617
564
182
237
527
849
145
333
929
352
900
396
599
516
999
424
602
610
728
729
991
44
94
249
550
748
928
632
753
60
88
122
206
405
964
577
281
512
532
624
786
587
783
346
911
526
672
733
840
855
771
798
99
177
191
736
636
179
356
417
639
480
764
793
940
905
507
769
828
430
563
148
152
252
513
283
401
912
958
646
196
444
486
652
308
388
456
795
25
34
84
184
391
884
193
208
235
331
105
149
601
661
703
730
826
984
987
973
254
287
301
843
238
304
745
364
443
393
743
994
470
484
54
192
382
612
713
896
163
234
324
656
689
824
120
168
371
543
628
797
11
23
57
62
174
221
259
560
662
459
754
79
80
100
113
188
267
357
392
522
825
549
924
818
834
895
421
435
540
863
960
468
114
172
682
266
650
669
871
337
551
779
816
846
190
282
692
735
820
988
888
291
634
731
144
153
375
36
48
55
180
245
303
618
947
339
90
147
159
466
711
219
241
278
944
317
384
440
677
691
789
436
489
342
951
956
368
502
509
592
766
670
698
253
658
510
578
778
756
200
651
782
216
255
363
707
966
366
374
604
458
725
749
857
593
773
796
872
37
315
46
126
327
432
497
860
894
613
881
660
586
642
792
19
65
89
95
328
336
949
801
954
350
525
548
708
913
697
33
51
93
288
653
407
471
591
714
813
897
762
837
107
194
361
483
727
774
829
844
934
380
448
694
117
297
523
581
597
718
908
759
842
341
410
457
485
608
514
674
992
475
922
173
309
322
379
609
517
943
811
501
67
71
455
487
690
0 1 [0]
0 2 [1]
1 2 [0]
0 4 [1]
0 5 [1]
2 3 [0]
1 5 [1]
0 7 [1]
1 6 [1]
1 3 [3]
3 4 [0]
2 4 [1]
0 3 [4]
0 8 [1]
2 6 [1]
1 8 [1]
4 5 [0]
1 10 [1]
2 9 [1]
3 8 [1]
5 6 [0]
1 7 [3]
1 4 [6]
3 5 [4]
2 7 [3]
3 6 [3]
0 9 [3]
0 13 [1]
2 11 [1]
4 9 [1]
6 7 [0]
4 6 [3]
2 5 [6]
3 7 [3]
2 12 [1]
6 8 [1]
4 7 [3]
4 11 [1]
5 10 [1]
7 8 [0]
0 16 [1]
4 12 [1]
3 11 [2]
0 10 [6]
1 9 [6]
2 15 [1]
0 17 [1]
0 11 [6]
7 9 [1]
5 7 [5]
8 9 [0]
2 8 [7]
7 11 [1]
5 8 [5]
5 11 [2]
2 17 [1]
0 19 [1]
5 13 [1]
3 9 [7]
9 10 [0]
5 14 [1]
4 8 [7]
1 12 [6]
7 12 [1]
2 10 [7]
6 11 [2]
8 12 [1]
6 13 [1]
0 14 [6]
9 11 [1]
4 15 [1]
1 13 [6]
5 16 [1]
0 21 [1]
1 20 [1]
4 10 [7]
6 15 [1]
5 9 [7]
7 14 [1]
7 13 [1]
9 12 [1]
1 14 [6]
7 15 [1]
0 22 [1]
6 9 [7]
2 20 [1]
10 12 [0]
2 13 [7]
6 10 [7]
0 23 [1]
1 22 [1]
4 19 [1]
8 11 [4]
7 10 [6]
8 15 [1]
2 14 [7]
1 16 [6]
4 18 [1]
1 15 [7]
2 19 [2]
9 15 [1]
0 24 [1]
8 16 [1]
10 14 [1]
1 17 [6]
9 13 [2]
8 10 [6]
5 12 [7]
9 14 [2]
2 23 [1]
5 15 [5]
6 18 [1]
1 24 [1]
7 18 [1]
8 17 [1]
9 16 [1]
6 12 [7]
2 16 [7]
2 22 [1]
0 26 [1]
3 23 [1]
4 22 [1]
5 21 [1]
10 13 [3]
4 21 [1]
1 18 [7]
6 20 [1]
8 13 [5]
13 14 [0]
10 17 [1]
2 18 [7]
1 19 [7]
7 20 [1]
8 14 [5]
8 19 [1]
3 19 [5]
7 21 [0]
10 16 [2]
5 17 [6]
6 21 [1]
2 25 [1]
10 15 [3]
9 17 [2]
8 18 [2]
13 16 [0]
0 29 [0]
1 28 [0]
1 21 [7]
6 19 [4]
7 19 [4]
14 16 [0]
6 22 [2]
7 23 [0]
0 25 [6]
5 26 [0]
8 23 [0]
8 21 [2]
9 18 [4]
4 26 [1]
10 18 [3]
9 19 [3]
6 23 [2]
4 20 [7]
5 22 [5]
0 32 [0]
9 21 [2]
5 20 [7]
4 23 [5]
9 23 [0]
2 29 [1]
10 22 [0]
12 20 [0]
5 25 [2]
1 25 [7]
15 18 [0]
7 26 [0]
0 27 [6]
16 17 [0]
2 24 [7]
5 29 [0]
1 33 [0]
9 20 [5]
8 26 [0]
4 25 [5]
0 28 [6]
4 29 [1]
10 21 [3]
5 24 [5]
1 27 [6]
10 24 [0]
8 22 [4]
1 26 [7]
0 33 [1]
8 24 [2]
11 23 [0]
2 33 [0]
9 26 [0]
10 25 [0]
9 22 [4]
10 20 [5]
5 31 [0]
7 25 [4]
10 26 [0]
2 27 [7]
14 17 [5]
2 34 [1]
0 37 [0]
8 25 [4]
6 29 [2]
9 25 [3]
2 28 [7]
1 29 [7]
4 32 [1]
7 30 [0]
9 24 [4]
6 30 [1]
5 27 [5]
5 33 [0]
6 32 [0]
0 38 [0]
2 36 [0]
10 28 [0]
1 31 [6]
13 24 [1]
1 30 [7]
3 36 [0]
8 31 [0]
7 31 [1]
2 30 [7]
10 27 [2]
5 28 [6]
8 30 [2]
2 38 [0]
0 34 [6]
5 35 [0]
10 30 [0]
2 31 [7]
13 27 [0]
1 32 [7]
8 32 [0]
8 27 [5]
5 30 [5]
14 24 [3]
2 37 [2]
1 40 [0]
8 29 [4]
7 34 [0]
8 28 [5]
3 33 [5]
5 34 [2]
5 32 [5]
2 40 [0]
4 31 [7]
8 34 [0]
14 27 [1]
3 37 [2]
1 35 [6]
10 29 [3]
4 39 [0]
5 38 [0]
6 33 [4]
5 36 [2]
9 30 [4]
4 34 [5]
6 31 [6]
7 33 [3]
14 28 [1]
2 42 [0]
0 44 [0]
8 33 [3]
16 28 [0]
6 36 [2]
2 35 [7]
15 30 [0]
4 41 [0]
6 39 [0]
9 31 [5]
9 36 [0]
10 32 [3]
12 31 [2]
4 36 [5]
9 33 [3]
0 39 [6]
16 27 [3]
2 44 [0]
0 40 [6]
9 37 [0]
9 34 [3]
4 37 [5]
5 42 [0]
0 41 [6]
8 36 [3]
7 36 [4]
0 46 [1]
6 41 [0]
10 34 [3]
21 26 [0]
6 37 [4]
1 39 [7]
10 38 [0]
8 37 [3]
4 43 [1]
0 42 [6]
8 35 [5]
7 37 [4]
2 47 [0]
9 40 [0]
1 41 [7]
0 43 [6]
5 39 [5]
10 35 [4]
6 42 [2]
2 46 [2]
1 49 [0]
1 42 [7]
8 42 [0]
14 35 [1]
10 40 [0]
8 40 [2]
8 39 [4]
0 51 [0]
9 39 [3]
2 48 [1]
22 29 [0]
8 38 [5]
5 41 [5]
1 43 [7]
14 38 [0]
10 42 [0]
10 39 [3]
1 45 [6]
4 48 [0]
1 44 [7]
6 44 [2]
7 43 [2]
8 44 [0]
5 43 [5]
10 43 [0]
4 44 [5]
6 47 [0]
7 46 [0]
8 43 [2]
3 48 [2]
8 41 [4]
1 53 [0]
2 52 [0]
11 36 [7]
4 49 [1]
13 40 [1]
5 49 [0]
2 45 [7]
10 44 [0]
10 41 [3]
5 44 [5]
22 32 [0]
1 47 [6]
2 51 [2]
5 50 [0]
5 46 [4]
4 46 [5]
5 48 [2]
6 49 [0]
11 37 [7]
0 49 [6]
10 45 [0]
7 47 [1]
27 28 [0]
4 45 [7]
4 52 [0]
2 54 [0]
5 51 [0]
8 48 [0]
6 48 [2]
0 50 [6]
6 46 [4]
12 45 [0]
10 47 [0]
0 57 [0]
14 40 [3]
8 46 [3]
9 48 [0]
4 47 [6]
16 38 [3]
8 50 [0]
2 56 [0]
16 35 [7]
9 49 [0]
1 50 [7]
9 46 [3]
6 45 [7]
7 49 [2]
2 55 [1]
7 45 [6]
16 40 [3]
8 51 [0]
1 58 [0]
2 57 [0]
1 51 [7]
9 45 [5]
4 55 [0]
6 52 [1]
8 49 [2]
2 50 [7]
12 47 [0]
7 48 [4]
3 51 [5]
25 34 [0]
1 59 [0]
2 58 [0]
3 55 [2]
5 55 [0]
8 47 [5]
0 54 [6]
22 39 [0]
9 47 [5]
29 32 [0]
7 51 [3]
7 52 [2]
5 54 [2]
0 56 [6]
1 61 [0]
2 60 [0]
8 52 [2]
7 55 [0]
2 53 [7]
3 57 [2]
5 52 [5]
1 54 [7]
22 41 [0]
5 58 [0]
9 54 [0]
28 35 [0]
10 53 [0]
13 50 [0]
9 51 [3]
4 60 [0]
0 64 [0]
11 46 [7]
10 50 [4]
7 57 [0]
9 55 [0]
5 53 [6]
20 45 [0]
4 61 [0]
0 59 [6]
10 52 [3]
27 38 [0]
9 52 [4]
8 57 [0]
7 54 [4]
6 57 [2]
2 62 [1]
2 64 [0]
0 65 [1]
8 53 [5]
0 60 [6]
27 35 [4]
4 57 [5]
8 55 [3]
8 54 [4]
7 58 [1]
21 43 [2]
22 44 [1]
1 66 [0]
2 65 [0]
6 61 [0]
0 61 [6]
15 52 [0]
10 54 [3]
3 62 [2]
0 62 [6]
7 61 [0]
9 59 [0]
1 60 [7]
2 59 [7]
6 60 [2]
10 58 [0]
28 38 [2]
0 67 [1]
16 50 [3]
0 69 [0]
8 56 [5]
9 57 [3]
5 64 [0]
16 53 [0]
26 43 [0]
0 63 [6]
4 58 [7]
9 61 [0]
4 66 [0]
5 60 [5]
22 42 [6]
1 67 [2]
5 59 [6]
12 58 [0]
6 58 [6]
10 56 [4]
1 63 [7]
5 66 [0]
8 63 [0]
2 67 [2]
4 62 [5]
5 61 [5]
1 71 [0]
5 67 [0]
8 59 [5]
1 64 [7]
6 66 [0]
9 60 [3]
8 60 [4]
2 63 [7]
0 71 [1]
0 66 [6]
6 67 [0]
2 71 [0]
1 65 [7]
5 63 [5]
29 42 [2]
32 41 [0]
3 65 [5]
7 62 [4]
4 68 [1]
14 56 [4]
7 67 [0]
4 65 [5]
0 68 [6]
8 62 [4]
21 49 [4]
3 67 [4]
9 62 [3]
6 69 [0]
4 67 [4]
16 56 [3]
1 68 [7]
7 65 [4]
8 68 [0]
10 66 [0]
10 63 [3]
0 70 [6]
8 65 [3]
17 59 [0]
5 72 [0]
1 76 [0]
9 65 [3]
4 72 [1]
7 68 [2]
9 68 [0]
1 69 [7]
13 63 [1]
8 64 [5]
14 63 [0]
1 77 [0]
4 74 [0]
16 59 [3]
7 69 [2]
14 59 [5]
1 70 [7]
6 72 [0]
6 70 [2]
8 66 [4]
3 71 [4]
0 72 [6]
13 64 [1]
5 68 [5]
9 70 [0]
0 79 [0]
5 74 [0]
27 50 [2]
8 71 [0]
5 71 [3]
5 69 [5]
0 73 [6]
9 67 [3]
7 70 [2]
10 69 [0]
16 63 [0]
6 71 [3]
10 70 [0]
0 74 [6]
20 58 [2]
5 70 [5]
1 72 [7]
23 57 [0]
0 81 [0]
4 77 [0]
0 75 [6]
7 71 [3]
8 69 [4]
6 73 [2]
1 73 [7]
9 73 [0]
1 75 [6]
5 77 [0]
8 70 [4]
1 74 [7]
0 76 [6]
22 60 [0]
6 74 [2]
7 73 [2]
9 69 [4]
10 73 [0]
16 64 [3]
0 77 [6]
9 71 [3]
36 48 [0]
0 84 [0]
3 79 [2]
33 51 [0]
19 65 [0]
28 53 [3]
27 53 [4]
2 75 [7]
6 79 [0]
5 75 [5]
1 78 [6]
9 72 [4]
8 73 [4]
21 61 [4]
7 79 [0]
8 74 [4]
9 74 [3]
4 81 [1]
0 80 [6]
8 76 [2]
27 56 [3]
23 62 [1]
5 76 [5]
25 54 [7]
0 87 [0]
8 75 [4]
28 56 [3]
9 78 [0]
2 84 [1]
10 77 [0]
2 78 [7]
2 85 [1]
5 83 [0]
7 81 [0]
4 79 [5]
22 66 [0]
6 80 [2]
35 53 [0]
8 81 [0]
4 78 [7]
1 82 [6]
8 77 [4]
10 76 [3]
4 80 [5]
6 83 [1]
8 82 [0]
5 85 [0]
0 89 [1]
1 83 [6]
11 79 [0]
14 76 [0]
13 76 [1]
8 83 [0]
0 91 [0]
6 78 [7]
2 82 [7]
6 85 [0]
7 80 [4]
2 88 [1]
0 85 [6]
10 81 [0]
9 79 [3]
12 78 [1]
7 83 [1]
5 81 [5]
7 78 [6]
8 79 [4]
5 84 [2]
0 86 [6]
0 92 [0]
5 82 [5]
8 80 [4]
2 90 [0]
9 83 [0]
16 76 [0]
36 55 [1]
9 80 [3]
3 90 [0]
2 91 [0]
0 93 [0]
1 92 [0]
21 69 [3]
11 80 [2]
9 84 [0]
4 84 [5]
21 68 [4]
4 83 [6]
1 85 [7]
27 64 [2]
6 88 [0]
21 72 [1]
1 86 [7]
38 56 [0]
8 86 [0]
9 81 [4]
16 75 [3]
2 86 [7]
1 94 [0]
7 84 [4]
6 89 [0]
12 83 [0]
29 66 [0]
10 83 [2]
1 88 [7]
2 94 [0]
22 74 [0]
8 88 [0]
2 87 [7]
5 86 [5]
2 93 [2]
5 92 [0]
4 88 [5]
7 90 [0]
8 89 [0]
9 88 [0]
8 85 [4]
10 84 [3]
4 92 [1]
21 73 [3]
1 89 [7]
3 89 [5]
5 93 [0]
2 96 [0]
4 89 [5]
4 94 [0]
5 88 [5]
16 82 [0]
9 89 [0]
4 95 [0]
5 94 [0]
20 78 [1]
1 91 [7]
7 89 [3]
4 90 [5]
2 98 [0]
0 94 [6]
6 92 [2]
8 87 [5]
6 90 [4]
8 93 [0]
10 87 [4]
5 91 [5]
3 93 [5]
1 93 [7]
8 90 [3]
10 92 [0]
7 95 [0]
9 90 [3]
21 81 [0]
6 94 [2]
2 99 [1]
0 96 [6]
3 95 [5]
1 96 [6]
48 55 [0]
6 97 [0]
1 95 [7]
7 93 [3]
16 87 [0]
27 76 [0]
4 100 [0]
27 75 [2]
9 92 [3]
0 98 [6]
6 95 [4]
4 101 [0]
14 87 [4]
1 97 [7]
0 99 [6]
16 86 [3]
13 91 [1]
22 77 [6]
8 95 [3]
2 104 [0]
4 97 [5]
8 94 [4]
8 98 [0]
5 102 [0]
6 99 [2]
5 97 [5]
0 107 [0]
9 95 [3]
1 99 [7]
10 94 [3]
26 81 [0]
5 96 [6]
16 91 [0]
0 108 [0]
0 102 [6]
2 105 [1]
4 99 [5]
6 100 [2]
1 101 [6]
7 101 [0]
5 98 [5]
9 100 [0]
2 107 [0]
23 79 [7]
9 96 [4]
25 84 [0]
0 103 [6]
9 97 [3]
5 99 [5]
8 96 [5]
8 97 [4]
9 101 [0]
49 61 [0]
23 80 [7]
8 102 [0]
10 97 [3]
22 88 [0]
19 89 [2]
10 96 [4]
8 99 [4]
2 109 [0]
8 103 [0]
2 102 [7]
32 77 [2]
9 99 [3]
0 105 [6]
7 100 [4]
7 105 [0]
1 111 [0]
27 82 [3]
6 106 [0]
8 100 [4]
29 77 [6]
1 104 [7]
8 104 [0]
5 101 [6]
5 105 [2]
10 101 [2]
5 103 [5]
8 105 [0]
39 74 [0]
10 103 [0]
22 85 [6]
16 96 [1]
28 82 [3]
1 106 [6]
8 101 [5]
50 64 [0]
4 105 [5]
5 104 [5]
17 96 [1]
7 106 [1]
6 109 [0]
8 107 [0]
27 86 [2]
2 106 [7]
3 107 [5]
1 107 [7]
12 101 [2]
5 107 [4]
4 112 [0]
7 109 [0]
0 110 [6]
10 106 [0]
19 95 [2]
29 85 [2]
11 100 [5]
27 87 [3]
7 107 [3]
13 103 [1]
16 98 [3]
4 106 [7]
2 108 [7]
49 68 [0]
34 84 [0]
10 108 [0]
10 105 [3]
0 112 [6]
57 62 [0]
9 109 [1]
8 111 [0]
9 107 [3]
6 111 [2]
2 110 [7]
16 103 [0]
35 82 [2]
12 106 [1]
1 119 [0]
5 115 [0]
22 92 [6]
4 109 [7]
4 111 [5]
4 115 [1]
7 113 [0]
27 91 [2]
14 103 [3]
9 111 [0]
6 112 [2]
16 102 [3]
1 120 [0]
0 115 [6]
2 117 [2]
8 108 [5]
5 111 [5]
9 112 [0]
10 111 [0]
8 114 [0]
5 117 [0]
6 114 [2]
9 113 [0]
5 112 [5]
4 113 [5]
49 72 [1]
9 114 [0]
0 123 [0]
1 115 [7]
5 118 [0]
2 120 [1]
16 104 [3]
8 110 [5]
45 78 [0]
10 109 [4]
16 108 [0]
7 117 [0]
4 120 [0]
10 110 [4]
0 117 [7]
12 109 [3]
8 116 [0]
1 124 [0]
3 117 [5]
8 113 [4]
2 122 [1]
50 75 [0]
6 119 [0]
10 112 [3]
8 117 [0]
11 114 [0]
2 116 [7]
1 118 [6]
27 98 [0]
7 114 [4]
20 106 [0]
0 126 [0]
7 118 [1]
6 120 [0]
0 120 [6]
8 118 [0]
22 97 [7]
5 116 [5]
14 108 [4]
0 127 [0]
2 125 [0]
42 85 [0]
5 122 [0]
5 120 [2]
6 121 [0]
2 118 [7]
8 115 [4]
22 99 [6]
1 127 [0]
5 123 [0]
8 120 [0]
2 119 [7]
9 115 [4]
1 121 [6]
7 121 [1]
3 126 [0]
5 124 [0]
20 109 [0]
16 110 [3]
9 117 [3]
11 113 [5]
6 124 [0]
4 126 [0]
33 93 [4]
1 122 [7]
23 100 [7]
2 127 [1]
8 122 [0]
12 118 [0]
6 122 [2]
2 126 [2]
4 119 [7]
6 118 [6]
27 103 [0]
9 122 [0]
6 125 [0]
7 124 [0]
27 102 [2]
10 121 [0]
36 90 [5]
4 122 [5]
7 120 [4]
9 121 [2]
7 119 [6]
6 126 [0]
4 121 [7]
1 125 [6]
2 123 [7]
38 87 [7]
39 92 [1]
9 118 [5]
12 121 [0]
7 125 [1]
61 72 [0]
27 104 [2]
6 127 [0]
8 125 [0]
10 119 [4]
2 124 [7]
10 120 [3]
4 130 [0]
8 124 [2]
8 121 [5]
0 128 [6]
16 116 [3]
8 127 [0]
0 129 [6]
12 119 [4]
53 82 [0]
5 126 [4]
4 125 [6]
8 128 [0]
21 115 [0]
23 113 [0]
50 86 [0]
8 123 [5]
25 105 [6]
22 112 [3]
7 126 [4]
9 124 [4]
23 114 [0]
1 130 [6]
8 126 [3]
6 130 [1]
5 127 [5]
2 136 [0]
28 110 [0]
0 138 [0]
2 129 [7]
44 94 [0]
1 137 [0]
48 90 [0]
0 132 [6]
8 130 [0]
7 130 [1]
27 108 [3]
8 131 [0]
0 139 [0]
69 70 [0]
20 119 [0]
0 133 [6]
64 75 [0]
9 125 [5]
10 130 [0]
12 125 [3]
39 97 [4]
0 134 [6]
27 110 [3]
2 131 [7]
6 132 [2]
10 131 [0]
2 139 [0]
34 105 [2]
4 137 [0]
0 135 [6]
8 133 [0]
7 132 [2]
9 130 [2]
8 129 [5]
8 134 [0]
10 128 [4]
14 128 [0]
50 91 [1]
0 136 [6]
2 133 [7]
1 134 [7]
16 123 [3]
27 116 [0]
2 141 [0]
5 133 [5]
69 73 [1]
7 134 [2]
10 129 [4]
56 87 [0]
16 128 [0]
1 143 [0]
8 132 [4]
2 142 [0]
11 126 [7]
6 138 [0]
51 93 [0]
6 137 [1]
5 134 [5]
22 122 [0]
15 124 [5]
7 138 [0]
10 132 [3]
16 129 [0]
9 132 [4]
1 145 [0]
6 140 [0]
10 136 [0]
38 108 [0]
7 137 [2]
1 138 [7]
1 146 [0]
8 139 [0]
8 137 [2]
14 129 [4]
9 134 [4]
2 146 [0]
4 144 [0]
1 140 [7]
5 143 [0]
0 142 [6]
5 138 [5]
9 137 [2]
8 135 [5]
50 98 [0]
60 88 [0]
14 133 [1]
9 140 [0]
2 147 [0]
14 135 [0]
5 139 [5]
8 136 [5]
14 131 [4]
7 141 [1]
31 118 [0]
10 135 [4]
39 111 [0]
2 148 [0]
10 137 [3]
8 138 [4]
16 131 [3]
0 144 [6]
38 110 [2]
5 140 [5]
9 142 [0]
9 141 [1]
10 138 [3]
10 141 [0]
39 112 [0]
45 106 [0]
27 123 [2]
3 147 [2]
2 143 [7]
1 151 [0]
16 133 [3]
8 142 [2]
9 143 [0]
6 144 [2]
8 140 [4]
2 149 [1]
10 143 [0]
8 145 [0]
8 143 [2]
10 140 [3]
6 141 [6]
9 145 [0]
0 154 [0]
2 152 [0]
50 102 [2]
7 147 [0]
0 148 [6]
8 146 [0]
30 124 [0]
4 145 [5]
5 150 [0]
18 137 [0]
21 134 [0]
8 144 [3]
5 145 [5]
16 136 [3]
11 144 [0]
15 137 [3]
7 144 [4]
13 142 [0]
16 139 [0]
10 146 [0]
0 156 [0]
10 142 [4]
45 109 [2]
5 149 [2]
4 152 [0]
33 117 [6]
64 91 [1]
0 150 [6]
8 148 [0]
21 132 [3]
9 144 [3]
4 147 [5]
13 143 [0]
6 148 [2]
1 148 [7]
6 151 [0]
8 149 [0]
4 148 [5]
12 141 [4]
2 154 [1]
6 147 [4]
51 107 [0]
6 150 [2]
0 158 [0]
1 150 [7]
16 142 [0]
29 127 [2]
50 104 [4]
10 145 [3]
27 128 [3]
8 147 [3]
28 128 [2]
4 149 [5]
7 150 [2]
14 142 [3]
79 80 [0]
7 151 [1]
8 152 [0]
2 158 [0]
7 149 [4]
14 143 [3]
2 151 [7]
4 156 [0]
9 148 [3]
5 155 [0]
6 154 [0]
1 152 [7]
6 152 [2]
10 148 [3]
9 151 [1]
5 156 [0]
75 86 [0]
27 133 [1]
0 155 [6]
6 153 [2]
4 153 [5]
4 151 [7]
1 154 [7]
8 150 [4]
28 133 [1]
10 149 [3]
8 155 [0]
9 150 [4]
10 150 [3]
20 141 [2]
1 155 [7]
0 157 [6]
7 153 [4]
8 153 [3]
3 159 [2]
8 151 [5]
1 156 [7]
9 152 [3]
5 154 [5]
1 157 [7]
10 152 [3]
9 153 [3]
12 151 [2]
7 157 [1]
27 135 [3]
28 135 [2]
27 136 [2]
7 159 [0]
49 115 [2]
2 163 [1]
8 158 [0]
27 139 [0]
38 128 [0]
0 160 [6]
2 157 [7]
16 146 [4]
28 136 [2]
0 167 [0]
1 166 [0]
0 161 [6]
8 157 [2]
4 163 [0]
38 129 [0]
5 157 [5]
24 143 [0]
56 110 [1]
4 164 [0]
5 163 [0]
0 162 [6]
4 159 [5]
5 158 [5]
64 104 [1]
4 165 [0]
6 159 [4]
9 156 [4]
0 163 [6]
51 117 [1]
7 160 [2]
13 155 [1]
0 170 [0]
10 157 [3]
5 160 [5]
8 159 [3]
1 164 [6]
0 171 [0]
38 131 [2]
2 168 [1]
22 145 [4]
13 157 [1]
11 153 [7]
14 157 [0]
50 116 [5]
42 127 [2]
1 163 [7]
5 161 [5]
5 167 [0]
47 125 [0]
7 164 [1]
7 165 [0]
8 160 [4]
9 163 [0]
38 133 [1]
1 165 [6]
10 163 [0]
7 166 [0]
9 164 [0]
6 166 [1]
2 164 [7]
75 98 [0]
9 160 [4]
38 136 [0]
0 173 [1]
22 148 [4]
7 163 [4]
8 161 [5]
16 155 [3]
2 165 [7]
2 173 [0]
0 175 [0]
5 170 [0]
5 168 [2]
7 168 [0]
50 123 [2]
38 135 [2]
8 162 [5]
0 169 [6]
12 164 [0]
27 146 [3]
28 146 [2]
25 149 [2]
2 167 [7]
6 168 [2]
10 162 [4]
1 168 [7]
4 166 [6]
14 162 [0]
4 171 [1]
8 164 [5]
16 161 [0]
2 175 [0]
2 174 [1]
8 167 [2]
9 166 [2]
6 165 [6]
12 165 [0]
4 168 [5]
2 169 [7]
1 177 [0]
5 173 [0]
10 166 [2]
22 152 [4]
16 162 [0]
1 170 [7]
0 179 [0]
7 172 [0]
10 169 [0]
76 103 [0]
2 170 [7]
3 174 [2]
1 173 [5]
1 171 [7]
8 166 [5]
6 174 [0]
8 168 [4]
80 100 [0]
0 174 [6]
6 172 [2]
7 173 [0]
3 173 [4]
75 104 [1]
13 167 [0]
2 177 [1]
0 181 [0]
21 160 [0]
21 156 [4]
75 102 [4]
5 176 [0]
7 174 [0]
10 168 [3]
35 146 [0]
5 171 [5]
40 142 [0]
0 176 [6]
10 170 [2]
2 179 [1]
8 169 [5]
39 140 [4]
36 147 [0]
4 179 [0]
49 134 [0]
14 169 [0]
0 177 [6]
8 171 [4]
68 115 [0]
83 101 [0]
0 184 [0]
1 176 [7]
86 98 [0]
13 170 [1]
27 155 [2]
79 100 [5]
8 172 [4]
10 171 [3]
39 145 [0]
89 95 [0]
7 178 [0]
0 185 [0]
34 149 [2]
56 128 [1]
29 154 [2]
6 177 [2]
6 179 [0]
3 180 [2]
56 129 [0]
2 176 [7]
5 175 [5]
9 173 [3]
4 182 [0]
4 177 [5]
8 176 [2]
2 183 [1]
8 174 [4]
9 177 [0]
9 174 [3]
16 167 [3]
4 183 [0]
5 182 [0]
14 170 [3]
2 184 [1]
5 180 [2]
2 178 [7]
1 179 [7]
7 180 [0]
27 158 [2]
5 177 [5]
8 179 [0]
45 141 [2]
5 183 [0]
16 169 [3]
10 178 [0]
20 165 [3]
27 162 [0]
4 178 [7]
9 180 [0]
13 176 [0]
8 177 [4]
13 175 [1]
16 170 [3]
6 181 [2]
56 131 [2]
4 180 [5]
8 182 [0]
1 189 [0]
9 181 [0]
1 182 [7]
27 161 [2]
11 172 [7]
6 178 [6]
6 182 [2]
4 181 [5]
8 180 [3]
16 175 [0]
6 185 [0]
1 183 [7]
12 178 [1]
9 179 [3]
9 182 [0]
5 181 [5]
4 188 [0]
5 187 [0]
7 183 [2]
0 186 [6]
16 176 [0]
79 113 [0]
56 135 [1]
0 193 [0]
1 192 [0]
56 136 [1]
50 139 [4]
0 187 [6]
4 184 [5]
8 183 [2]
7 185 [2]
22 171 [1]
80 113 [1]
79 114 [1]
2 191 [1]
5 189 [0]
10 181 [3]
80 114 [0]
5 184 [5]
8 187 [0]
1 194 [0]
1 187 [7]
7 188 [0]
10 185 [0]
10 182 [3]
36 159 [0]
7 184 [4]
25 163 [7]
2 192 [1]
75 116 [4]
2 186 [7]
87 108 [0]
48 147 [0]
1 195 [0]
42 154 [0]
9 183 [4]
2 193 [1]
2 187 [7]
10 183 [3]
9 184 [3]
27 167 [2]
8 189 [0]
1 196 [0]
5 192 [0]
9 188 [0]
0 191 [6]
75 123 [0]
2 196 [0]
2 189 [7]
8 190 [0]
0 192 [6]
6 190 [2]
15 183 [0]
20 178 [0]
2 194 [2]
9 185 [4]
4 190 [5]
1 198 [0]
8 186 [5]
28 169 [2]
1 191 [7]
27 170 [2]
5 194 [0]
6 191 [2]
8 191 [0]
47 151 [1]
4 191 [5]
1 199 [0]
98 102 [0]
8 188 [4]
4 195 [1]
8 192 [0]
53 146 [1]
14 186 [0]
6 195 [0]
7 190 [4]
13 187 [1]
0 194 [7]
23 172 [7]
4 193 [5]
38 162 [2]
9 190 [3]
5 197 [0]
3 194 [5]
69 132 [1]
22 179 [1]
6 196 [0]
7 195 [0]
68 134 [0]
16 187 [0]
9 191 [3]
8 195 [0]
32 171 [0]
7 192 [4]
0 197 [6]
22 181 [0]
0 198 [6]
8 196 [0]
1 203 [0]
23 174 [7]
2 200 [2]
11 188 [5]
7 194 [3]
92 112 [0]
7 193 [4]
27 175 [2]
4 199 [1]
0 205 [0]
8 197 [0]
8 194 [3]
16 186 [3]
5 195 [5]
9 193 [3]
10 195 [0]
27 176 [2]
6 197 [2]
73 132 [0]
3 200 [2]
4 196 [5]
0 199 [6]
10 192 [3]
1 197 [7]
6 200 [0]
7 199 [0]
9 194 [3]
50 155 [1]
6 199 [1]
10 193 [3]
5 200 [2]
10 197 [0]
1 206 [0]
6 201 [0]
7 200 [0]
0 201 [6]
48 159 [0]
2 198 [7]
97 111 [0]
10 198 [0]
70 138 [0]
83 121 [4]
11 190 [7]
2 206 [0]
0 202 [6]
8 200 [0]
9 199 [0]
49 156 [3]
4 203 [1]
9 195 [4]
9 196 [3]
4 200 [5]
38 169 [2]
5 204 [0]
0 203 [6]
10 196 [3]
5 198 [6]
1 201 [7]
21 185 [3]
2 208 [0]
0 210 [0]
0 204 [6]
69 138 [3]
4 206 [0]
25 184 [1]
8 202 [0]
88 122 [0]
8 203 [0]
5 206 [0]
49 160 [2]
8 198 [5]
50 161 [0]
5 201 [5]
2 209 [1]
2 210 [0]
6 206 [0]
14 198 [0]
50 158 [4]
9 200 [3]
16 189 [7]
85 127 [0]
33 173 [6]
41 171 [0]
7 203 [2]
100 113 [0]
8 201 [4]
5 203 [5]
75 139 [0]
2 212 [0]
2 205 [7]
10 201 [3]
98 116 [0]
2 211 [1]
100 114 [0]
1 207 [6]
17 198 [0]
5 210 [0]
5 208 [2]
5 205 [5]
47 164 [4]
16 198 [1]
27 186 [2]
7 208 [0]
0 209 [6]
2 214 [0]
1 215 [0]
2 207 [7]
28 186 [2]
21 195 [0]
27 189 [0]
10 203 [3]
36 180 [0]
87 129 [0]
4 208 [5]
0 217 [0]
6 211 [0]
9 208 [0]
1 209 [7]
6 209 [2]
0 211 [6]
14 202 [1]
83 130 [4]
34 184 [0]
23 188 [7]
0 218 [0]
102 116 [0]
9 206 [3]
8 210 [0]
13 204 [1]
8 205 [5]
25 193 [0]
8 206 [4]
10 205 [4]
4 215 [0]
2 216 [1]
56 162 [1]
5 209 [5]
6 212 [1]
39 181 [0]
4 216 [0]
14 205 [1]
6 213 [1]
1 212 [7]
5 215 [0]
28 189 [3]
69 150 [1]
6 214 [0]
8 207 [5]
87 131 [2]
7 213 [0]
21 199 [0]
64 155 [1]
7 212 [2]
50 167 [4]
5 211 [5]
10 208 [3]
1 213 [7]
16 202 [3]
2 220 [0]
5 217 [0]
9 213 [0]
8 212 [2]
7 214 [1]
22 197 [3]
2 219 [1]
2 221 [0]
5 218 [0]
16 207 [0]
16 204 [3]
7 215 [1]
5 213 [5]
8 211 [4]
8 213 [2]
9 214 [0]
5 216 [2]
10 213 [0]
79 144 [0]
4 218 [1]
3 219 [2]
8 216 [0]
16 205 [3]
22 196 [6]
25 192 [7]
13 210 [1]
10 215 [0]
39 182 [4]
5 220 [0]
106 119 [0]
51 173 [1]
9 212 [4]
1 217 [7]
29 197 [0]
3 221 [2]
56 169 [1]
22 201 [3]
38 186 [2]
102 123 [1]
0 220 [6]
16 210 [0]
2 217 [7]
6 216 [4]
11 216 [0]
5 222 [0]
0 227 [0]
2 225 [0]
0 221 [6]
4 223 [0]
8 219 [0]
8 217 [2]
6 219 [2]
34 193 [0]
7 218 [2]
68 156 [3]
12 215 [0]
15 212 [0]
7 216 [4]
21 203 [3]
7 221 [0]
10 214 [4]
8 220 [0]
6 220 [2]
9 216 [3]
4 219 [5]
8 215 [5]
0 229 [0]
1 228 [0]
6 221 [2]
4 224 [1]
0 223 [6]
50 175 [4]
8 218 [4]
0 230 [0]
6 224 [0]
68 160 [2]
6 222 [2]
0 224 [6]
7 219 [4]
80 144 [6]
2 229 [0]
4 222 [5]
9 218 [4]
27 202 [2]
48 180 [3]
13 217 [1]
6 226 [0]
10 222 [0]
0 226 [6]
1 224 [7]
28 202 [2]
64 167 [1]
9 221 [3]
5 228 [0]
79 153 [1]
7 226 [0]
27 204 [2]
8 225 [0]
5 223 [5]
80 153 [0]
75 158 [0]
7 224 [2]
16 217 [0]
22 209 [2]
25 208 [0]
6 228 [0]
10 224 [0]
15 213 [6]
9 222 [3]
5 224 [5]
2 231 [1]
28 207 [0]
2 233 [0]
8 227 [0]
9 223 [3]
10 225 [0]
28 205 [2]
4 230 [1]
55 180 [0]
0 236 [0]
4 232 [0]
5 231 [0]
10 223 [3]
57 174 [0]
20 214 [2]
8 224 [4]
36 200 [1]
2 235 [0]
90 147 [0]
27 207 [3]
0 231 [6]
22 211 [4]
5 227 [5]
2 228 [7]
10 228 [0]
1 230 [7]
98 139 [1]
5 234 [0]
5 229 [5]
7 232 [0]
8 231 [0]
14 225 [0]
4 228 [7]
9 226 [4]
64 175 [0]
7 230 [2]
6 232 [1]
10 226 [3]
5 235 [0]
5 230 [5]
1 239 [0]
8 232 [0]
0 234 [6]
1 232 [7]
75 161 [4]
97 140 [3]
2 239 [0]
7 234 [0]
16 225 [0]
8 229 [4]
2 238 [1]
64 176 [1]
7 233 [1]
22 220 [0]
35 207 [0]
38 202 [2]
4 238 [0]
5 237 [0]
8 234 [0]
21 218 [3]
1 234 [7]
34 208 [0]
56 186 [0]
85 154 [3]
53 189 [0]
4 234 [5]
1 242 [0]
9 233 [1]
30 212 [1]
9 232 [2]
12 228 [3]
29 209 [5]
10 230 [3]
2 241 [0]
6 237 [0]
10 233 [0]
97 145 [1]
8 236 [0]
0 244 [0]
0 238 [6]
29 211 [4]
4 235 [5]
38 205 [1]
5 238 [2]
10 235 [0]
1 244 [0]
6 233 [6]
0 239 [6]
4 241 [0]
22 223 [0]
1 237 [7]
2 236 [7]
54 192 [0]
2 244 [0]
4 242 [0]
10 236 [0]
21 224 [1]
30 213 [3]
4 237 [5]
16 227 [3]
43 203 [0]
9 234 [3]
3 241 [2]
9 235 [3]
8 239 [0]
22 222 [3]
7 239 [1]
10 234 [3]
9 239 [0]
0 242 [6]
7 240 [1]
10 239 [0]
1 248 [0]
0 243 [6]
4 245 [0]
49 199 [1]
5 244 [0]
8 237 [4]
8 241 [0]
2 240 [7]
90 159 [0]
8 238 [4]
4 246 [0]
109 141 [0]
20 228 [2]
0 250 [0]
9 238 [3]
3 245 [2]
87 162 [1]
10 237 [3]
64 187 [0]
2 249 [0]
121 130 [0]
111 140 [0]
23 221 [7]
5 246 [0]
10 238 [3]
6 241 [4]
4 240 [7]
5 242 [5]
4 248 [0]
5 247 [0]
80 172 [0]
79 172 [1]
7 241 [4]
6 240 [6]
10 242 [0]
12 240 [0]
16 236 [0]
6 244 [2]
13 239 [1]
15 232 [6]
1 252 [0]
8 245 [0]
1 246 [6]
10 243 [0]
42 211 [0]
7 242 [5]
14 236 [4]
105 149 [0]
9 245 [0]
10 240 [4]
7 246 [1]
50 204 [0]
69 185 [0]
0 248 [6]
7 248 [0]
2 253 [0]
6 249 [0]
2 252 [1]
42 209 [4]
0 249 [6]
6 247 [2]
20 233 [2]
2 246 [7]
7 245 [4]
8 243 [5]
27 229 [0]
18 232 [6]
27 227 [2]
4 251 [1]
14 239 [3]
21 230 [5]
2 254 [1]
1 249 [7]
22 231 [4]
0 251 [6]
98 158 [1]
8 248 [2]
0 258 [0]
4 249 [5]
36 216 [6]
4 254 [0]
1 250 [7]
6 246 [6]
25 234 [0]
0 259 [0]
9 247 [3]
7 250 [2]
5 254 [0]
6 253 [0]
2 255 [2]
5 249 [5]
56 202 [1]
1 251 [7]
20 240 [0]
10 247 [3]
5 250 [5]
129 131 [0]
8 250 [2]
6 252 [2]
98 161 [1]
61 199 [0]
29 231 [0]
0 254 [6]
45 214 [2]
10 251 [0]
1 260 [0]
10 248 [3]
53 207 [1]
36 219 [6]
5 251 [5]
12 246 [3]
8 251 [2]
9 252 [0]
4 252 [5]
4 253 [5]
14 243 [5]
16 243 [3]
0 256 [6]
5 257 [0]
8 254 [0]
42 220 [0]
2 259 [1]
10 249 [3]
27 236 [0]
25 238 [0]
66 197 [0]
0 257 [6]
128 135 [0]
10 250 [3]
8 252 [4]
8 256 [0]
1 257 [6]
102 161 [1]
7 253 [4]
4 255 [5]
5 255 [4]
3 259 [2]
8 253 [3]
0 265 [0]
38 225 [2]
9 253 [3]
7 254 [4]
73 185 [7]
6 255 [4]
10 252 [3]
2 264 [0]
5 261 [0]
10 256 [0]
2 257 [7]
8 255 [3]
20 246 [0]
0 260 [6]
91 175 [0]
25 235 [6]
7 255 [4]
2 265 [0]
0 261 [6]
10 254 [3]
48 219 [0]
66 201 [0]
6 259 [2]
9 259 [0]
84 184 [0]
4 263 [1]
21 242 [5]
0 262 [6]
39 222 [7]
6 263 [0]
1 268 [0]
2 260 [7]
64 204 [1]
8 261 [0]
1 261 [7]
39 223 [7]
34 235 [0]
79 190 [0]
0 270 [0]
14 256 [0]
27 243 [0]
49 218 [3]
5 260 [5]
2 261 [7]
7 259 [4]
82 189 [0]
14 257 [0]
0 271 [0]
1 263 [7]
10 257 [4]
115 156 [0]
8 258 [5]
34 238 [0]
100 172 [0]
79 188 [5]
5 262 [5]
7 263 [2]
106 165 [1]
1 264 [7]
22 247 [3]
21 251 [0]
42 231 [0]
4 268 [1]
11 255 [7]
13 260 [0]
14 258 [1]
5 269 [0]
8 266 [0]
16 257 [1]
5 264 [5]
17 257 [0]
22 252 [0]
4 269 [1]
8 267 [0]
2 273 [0]
64 210 [1]
0 275 [0]
0 269 [6]
9 266 [0]
43 230 [2]
21 250 [4]
13 261 [1]
6 268 [1]
9 263 [4]
16 260 [0]
5 271 [0]
7 269 [0]
21 248 [7]
9 267 [0]
99 177 [0]
4 267 [5]
80 190 [6]
13 262 [1]
38 236 [2]
11 266 [0]
8 265 [4]
9 268 [0]
8 264 [5]
16 261 [0]
7 268 [2]
84 193 [0]
1 269 [7]
7 266 [4]
39 237 [1]
7 271 [0]
1 270 [7]
6 271 [1]
16 262 [0]
29 244 [5]
7 267 [4]
0 272 [6]
8 268 [2]
0 279 [0]
5 274 [0]
14 265 [0]
8 269 [2]
0 273 [6]
1 271 [7]
2 270 [7]
0 280 [0]
2 278 [0]
6 274 [0]
2 271 [7]
45 233 [2]
57 221 [2]
2 272 [7]
3 278 [0]
1 280 [0]
8 271 [2]
127 154 [0]
7 274 [0]
1 273 [7]
56 225 [0]
6 276 [0]
7 275 [0]
50 227 [5]
1 274 [7]
64 217 [1]
0 276 [6]
2 281 [0]
5 273 [5]
1 275 [7]
6 275 [2]
16 264 [3]
38 243 [2]
4 280 [0]
1 283 [0]
4 278 [2]
7 277 [0]
16 265 [3]
9 275 [0]
13 270 [1]
9 271 [4]
119 165 [0]
99 179 [6]
1 276 [7]
106 178 [0]
8 274 [2]
7 278 [0]
7 276 [2]
2 283 [0]
8 272 [5]
9 276 [0]
10 275 [0]
36 245 [4]
13 271 [1]
16 270 [0]
5 276 [5]
58 228 [0]
2 277 [7]
6 280 [0]
114 172 [0]
39 247 [0]
68 218 [0]
28 256 [2]
10 276 [0]
23 259 [4]
8 273 [5]
10 272 [4]
18 268 [0]
0 287 [0]
27 260 [0]
27 258 [2]
9 274 [4]
8 275 [4]
28 258 [2]
8 280 [0]
27 261 [0]
120 168 [0]
21 263 [4]
6 278 [4]
4 277 [7]
7 282 [0]
2 287 [0]
23 266 [0]
6 281 [2]
43 242 [4]
5 279 [5]
1 281 [7]
14 272 [4]
2 288 [0]
6 282 [2]
12 277 [1]
4 281 [5]
100 190 [0]
6 284 [0]
8 282 [0]
42 244 [4]
121 166 [3]
6 277 [7]
8 283 [0]
7 284 [0]
82 207 [2]
1 284 [6]
9 282 [0]
16 272 [3]
27 264 [0]
9 277 [5]
6 283 [2]
100 188 [3]
0 285 [6]
4 282 [5]
2 289 [1]
6 286 [0]
0 286 [6]
8 279 [5]
10 280 [3]
99 191 [3]
1 285 [7]
0 293 [0]
9 281 [3]
8 285 [0]
2 284 [7]
112 181 [0]
8 281 [4]
43 250 [0]
8 286 [0]
2 292 [0]
27 265 [2]
1 286 [7]
5 289 [0]
88 206 [0]
134 160 [0]
15 274 [5]
21 269 [4]
7 287 [0]
10 284 [0]
111 182 [1]
38 256 [0]
5 287 [2]
43 251 [0]
91 204 [0]
1 294 [0]
5 285 [5]
0 289 [6]
7 286 [2]
9 283 [3]
28 265 [2]
5 284 [6]
4 291 [0]
43 248 [4]
34 254 [7]
48 241 [6]
36 253 [6]
8 288 [0]
1 295 [0]
48 245 [3]
3 288 [5]
69 226 [1]
10 283 [3]
5 286 [5]
130 166 [0]
1 288 [7]
44 249 [3]
0 290 [6]
2 295 [0]
8 289 [0]
6 289 [2]
85 209 [3]
5 288 [4]
38 258 [1]
144 153 [0]
1 289 [7]
139 158 [0]
23 267 [7]
1 290 [7]
0 298 [0]
83 215 [0]
36 255 [7]
9 284 [5]
10 285 [3]
7 288 [3]
73 226 [0]
8 287 [4]
119 178 [2]
85 211 [3]
8 291 [0]
84 208 [7]
10 286 [3]
12 284 [3]
2 290 [7]
6 291 [2]
27 270 [2]
4 294 [1]
27 273 [0]
2 298 [0]
20 277 [3]
55 245 [0]
3 297 [0]
8 290 [2]
11 282 [7]
1 292 [7]
148 152 [0]
5 290 [5]
10 287 [3]
56 243 [1]
0 294 [6]
2 299 [0]
9 292 [0]
2 297 [2]
7 292 [2]
48 253 [0]
107 194 [0]
4 296 [1]
113 188 [0]
0 295 [6]
2 293 [7]
0 297 [5]
7 291 [4]
6 294 [2]
5 292 [5]
10 289 [3]
8 292 [2]
10 290 [2]
7 296 [0]
5 293 [5]
13 290 [0]
6 295 [2]
9 291 [3]
8 296 [0]
0 304 [0]
38 265 [1]
22 281 [1]
4 300 [0]
2 301 [1]
5 294 [5]
1 296 [7]
10 294 [0]
0 305 [0]
9 296 [0]
85 220 [0]
30 274 [1]
0 299 [6]
58 246 [1]
10 292 [3]
4 302 [0]
5 301 [0]
3 303 [0]
8 298 [0]
8 293 [5]
5 297 [4]
9 297 [0]
75 227 [4]
147 159 [0]
20 284 [2]
8 294 [4]
1 298 [7]
5 302 [0]
4 303 [0]
15 292 [0]
14 290 [3]
1 299 [7]
0 301 [6]
9 294 [4]
7 297 [3]
1 300 [7]
6 302 [0]
22 280 [6]
75 229 [4]
5 298 [5]
27 279 [2]
5 304 [0]
8 299 [2]
5 299 [5]
2 308 [0]
38 272 [0]
2 307 [1]
8 300 [2]
1 302 [7]
21 285 [4]
13 298 [0]
7 302 [2]
9 300 [2]
5 306 [0]
22 283 [6]
29 280 [2]
8 304 [0]
50 262 [0]
7 301 [4]
43 269 [1]
8 301 [4]
13 299 [1]
4 304 [5]
2 309 [2]
56 256 [1]
18 296 [0]
6 308 [0]
56 258 [0]
49 263 [2]
10 301 [3]
1 306 [7]
7 303 [4]
25 287 [2]
32 280 [2]
0 308 [6]
0 309 [5]
23 291 [0]
1 314 [0]
1 309 [5]
1 307 [7]
4 310 [1]
9 303 [3]
151 164 [0]
22 289 [4]
9 302 [4]
21 294 [0]
101 215 [0]
4 312 [0]
7 307 [2]
0 315 [1]
3 309 [4]
9 304 [3]
8 306 [2]
16 298 [2]
92 223 [1]
85 231 [0]
4 308 [5]
10 307 [0]
0 311 [6]
27 290 [0]
132 185 [0]
5 307 [5]
10 304 [3]
9 306 [2]
8 307 [2]
18 300 [0]
3 315 [0]
9 309 [0]
9 307 [2]
16 299 [3]
8 305 [5]
1 310 [7]
7 312 [0]
2 315 [2]
7 309 [3]
10 305 [4]
10 306 [3]
0 313 [6]
0 314 [6]
3 317 [0]
5 310 [5]
50 270 [0]
1 312 [7]
2 317 [1]
6 312 [2]
9 308 [3]
8 308 [4]
33 288 [0]
0 321 [0]
5 316 [0]
5 311 [5]
9 312 [0]
34 287 [0]
10 308 [3]
56 265 [1]
1 321 [0]
7 315 [0]
45 277 [0]
8 310 [4]
13 306 [3]
2 313 [7]
27 293 [2]
2 321 [0]
6 317 [0]
14 306 [3]
8 311 [4]
9 310 [4]
14 305 [4]
5 313 [5]
0 322 [1]
6 316 [1]
61 263 [0]
87 236 [1]
6 318 [0]
8 314 [2]
4 315 [5]
7 317 [0]
8 312 [4]
1 316 [7]
29 295 [0]
1 324 [0]
3 322 [0]
7 318 [0]
0 319 [6]
10 312 [3]
109 214 [2]
7 316 [2]
4 320 [1]
64 260 [1]
6 315 [4]
13 313 [0]
8 315 [3]
2 322 [2]
84 235 [7]
8 316 [2]
98 227 [1]
2 318 [7]
1 326 [0]
2 324 [1]
7 320 [0]
8 319 [0]
64 262 [1]
13 314 [0]
21 302 [4]
56 272 [0]
4 324 [0]
43 285 [0]
1 320 [7]
27 299 [2]
25 301 [2]
122 206 [0]
9 318 [1]
6 320 [2]
98 229 [1]
8 317 [3]
50 273 [5]
0 327 [1]
10 316 [3]
50 279 [0]
5 319 [5]
64 264 [1]
6 323 [0]
0 323 [6]
9 320 [0]
16 313 [0]
16 314 [0]
102 227 [1]
16 311 [3]
0 324 [6]
4 326 [0]
21 310 [0]
3 328 [0]
4 327 [0]
2 327 [2]
5 326 [0]
5 324 [2]
0 325 [6]
5 321 [5]
25 304 [2]
24 306 [1]
1 323 [7]
4 328 [0]
48 278 [6]
85 244 [3]
3 327 [2]
7 322 [3]
2 331 [0]
6 327 [0]
11 315 [7]
9 324 [0]
1 325 [7]
10 320 [3]
7 327 [0]
8 321 [5]
9 322 [3]
21 312 [1]
42 289 [3]
5 330 [0]
7 324 [4]
15 320 [0]
112 222 [1]
8 323 [4]
64 270 [1]
97 237 [1]
5 325 [5]
0 329 [6]
33 297 [6]
4 332 [0]
5 331 [0]
8 328 [0]
112 223 [1]
124 212 [0]
1 328 [7]
8 324 [4]
22 308 [6]
10 323 [3]
1 336 [0]
2 335 [0]
4 333 [0]
42 295 [0]
2 334 [1]
15 316 [6]
7 328 [3]
16 319 [3]
11 327 [0]
2 329 [7]
6 330 [2]
8 325 [5]
8 326 [4]
6 328 [4]
8 327 [3]
10 326 [3]
10 329 [0]
75 264 [0]
4 330 [5]
1 332 [6]
18 320 [1]
10 330 [0]
2 338 [0]
20 318 [2]
7 332 [1]
4 336 [0]
9 331 [0]
27 313 [0]
4 331 [5]
9 328 [3]
27 311 [2]
51 288 [1]
1 333 [7]
2 332 [7]
8 333 [0]
8 329 [5]
2 339 [1]
7 334 [1]
9 333 [0]
10 332 [0]
33 309 [0]
7 331 [4]
9 330 [3]
109 233 [0]
9 334 [0]
4 339 [0]
7 335 [1]
2 341 [0]
10 333 [0]
5 333 [5]
27 314 [2]
38 305 [0]
50 293 [0]
94 249 [0]
36 303 [4]
12 332 [0]
3 339 [2]
5 339 [0]
7 337 [0]
6 332 [6]
16 325 [3]
3 336 [5]
69 275 [1]
2 342 [1]
6 337 [2]
1 338 [6]
34 304 [7]
6 340 [0]
22 323 [1]
79 267 [0]
6 334 [6]
4 335 [7]
7 336 [3]
6 336 [4]
7 338 [1]
79 266 [1]
9 337 [0]
30 316 [0]
1 346 [0]
8 339 [0]
70 276 [1]
8 336 [3]
6 335 [6]
80 266 [1]
3 342 [2]
8 337 [3]
2 346 [0]
1 340 [7]
9 339 [0]
73 275 [0]
27 319 [2]
3 341 [4]
16 329 [3]
22 326 [0]
69 276 [3]
12 335 [1]
0 343 [6]
4 338 [7]
2 340 [7]
7 340 [2]
148 196 [5]
75 273 [1]
111 237 [1]
51 297 [1]
7 339 [4]
90 253 [7]
0 344 [6]
8 342 [0]
6 338 [6]
5 341 [4]
27 321 [2]
8 340 [2]
6 345 [0]
48 303 [0]
5 346 [0]
0 350 [1]
0 345 [6]
12 338 [1]
91 260 [0]
4 342 [5]
7 341 [3]
4 348 [0]
1 351 [0]
2 343 [7]
2 350 [0]
5 347 [0]
10 338 [4]
6 342 [4]
6 346 [0]
20 332 [0]
37 315 [0]
29 323 [0]
8 341 [3]
1 352 [0]
0 353 [0]
36 317 [0]
1 345 [7]
9 341 [3]
129 225 [0]
0 354 [0]
4 350 [0]
49 302 [3]
7 345 [2]
2 351 [1]
5 344 [5]
27 325 [2]
29 326 [0]
141 214 [0]
1 354 [0]
33 322 [0]
11 337 [7]
78 277 [0]
5 345 [5]
22 330 [3]
6 347 [2]
4 346 [5]
9 346 [0]
7 349 [0]
131 225 [0]
1 348 [7]
6 348 [2]
69 286 [1]
20 334 [2]
4 351 [1]
8 343 [5]
25 324 [7]
1 356 [0]
5 352 [0]
32 323 [2]
7 348 [2]
10 347 [0]
0 351 [6]
19 336 [2]
13 344 [0]
14 343 [0]
10 343 [4]
14 344 [0]
132 226 [0]
3 350 [5]
9 345 [4]
10 345 [3]
1 350 [7]
75 279 [4]
20 335 [3]
8 346 [4]
10 344 [4]
2 349 [7]
119 240 [0]
2 356 [1]
9 347 [3]
55 303 [1]
8 347 [4]
6 351 [2]
105 254 [0]
86 273 [1]
4 356 [0]
112 247 [1]
15 340 [5]
91 262 [7]
16 344 [0]
7 350 [3]
23 337 [0]
4 349 [7]
32 326 [2]
51 309 [0]
70 286 [5]
50 311 [0]
22 333 [6]
0 355 [6]
9 352 [0]
4 352 [5]
12 349 [0]
56 305 [0]
91 270 [0]
8 350 [3]
6 349 [6]
9 348 [4]
9 350 [3]
6 356 [0]
49 310 [3]
16 343 [3]
80 282 [0]
25 331 [6]
45 318 [0]
1 362 [0]
2 361 [0]
10 353 [0]
5 353 [5]
2 354 [7]
1 355 [7]
50 313 [0]
8 351 [4]
176 187 [0]
8 356 [0]
5 359 [0]
5 354 [5]
0 358 [6]
9 355 [0]
10 351 [3]
4 359 [1]
2 355 [7]
8 352 [4]
2 363 [0]
9 356 [0]
8 355 [2]
10 352 [3]
4 357 [5]
64 298 [4]
0 360 [6]
61 302 [3]
8 359 [0]
14 353 [0]
147 219 [1]
13 353 [1]
1 359 [7]
8 354 [5]
6 359 [2]
4 362 [1]
2 358 [7]
8 360 [0]
5 363 [0]
10 354 [4]
7 357 [4]
139 229 [0]
104 264 [0]
177 191 [0]
10 355 [3]
1 360 [7]
0 362 [6]
50 314 [4]
10 358 [0]
6 363 [0]
0 369 [0]
13 355 [1]
39 330 [0]
1 361 [7]
10 359 [0]
3 361 [5]
137 232 [0]
2 360 [7]
8 357 [4]
5 361 [4]
79 291 [0]
0 364 [6]
8 362 [0]
9 361 [0]
2 366 [2]
30 340 [0]
10 360 [0]
100 267 [3]
80 291 [0]
5 366 [0]
4 367 [0]
3 368 [0]
7 361 [3]
19 350 [2]
27 344 [0]
2 368 [1]
48 317 [6]
8 358 [5]
5 364 [2]
0 372 [0]
14 355 [3]
5 362 [5]
34 331 [7]
8 361 [3]
20 349 [3]
4 363 [5]
9 359 [4]
100 266 [6]
8 365 [0]
21 348 [4]
16 354 [3]
1 365 [7]
13 360 [0]
4 364 [5]
38 329 [6]
51 322 [0]
10 364 [0]
33 341 [0]
1 373 [0]
8 366 [0]
14 360 [0]
141 233 [0]
8 363 [3]
7 363 [4]
2 365 [7]
2 371 [1]
88 281 [5]
6 367 [2]
0 375 [0]
4 371 [0]
4 366 [5]
1 367 [7]
36 339 [0]
75 293 [7]
5 365 [5]
50 321 [4]
0 370 [6]
5 371 [0]
7 369 [0]
2 373 [1]
8 364 [4]
6 366 [4]
50 319 [7]
22 351 [3]
9 364 [3]
11 366 [0]
5 372 [0]
6 371 [0]
7 366 [4]
5 367 [5]
0 371 [6]
6 369 [2]
4 368 [5]
16 358 [3]
0 378 [0]
6 368 [4]
68 310 [0]
64 313 [1]
128 243 [7]
5 373 [0]
7 371 [0]
22 352 [4]
64 314 [0]
36 342 [0]
2 374 [2]
175 204 [0]
24 355 [0]
2 377 [0]
1 371 [7]
0 373 [6]
0 379 [0]
22 356 [1]
2 370 [7]
8 368 [3]
50 325 [4]
8 367 [4]
4 376 [0]
10 367 [3]
6 374 [0]
114 266 [0]
113 267 [0]
5 370 [5]
3 375 [2]
86 293 [1]
9 371 [0]
21 359 [0]
23 357 [0]
93 288 [0]
1 380 [0]
45 334 [2]
38 343 [0]
16 365 [0]
8 369 [4]
11 363 [7]
8 374 [0]
5 377 [0]
2 380 [0]
28 354 [0]
9 369 [4]
27 353 [2]
10 369 [3]
5 374 [4]
5 378 [0]
1 376 [6]
27 354 [2]
6 375 [2]
7 376 [0]
98 279 [6]
2 379 [2]
8 370 [5]
10 371 [3]
4 375 [5]
2 381 [1]
1 377 [6]
45 338 [2]
0 385 [0]
8 372 [5]
14 370 [1]
7 378 [0]
7 374 [4]
2 382 [1]
8 373 [4]
3 379 [4]
7 379 [0]
10 373 [3]
29 351 [6]
7 375 [4]
39 347 [0]
8 375 [3]
1 378 [7]
85 295 [6]
158 229 [0]
102 279 [6]
21 362 [4]
2 384 [1]
9 376 [2]
5 376 [6]
2 378 [7]
9 375 [3]
0 380 [7]
0 381 [6]
12 376 [0]
0 388 [0]
24 360 [4]
3 380 [5]
186 202 [0]
147 241 [0]
2 386 [0]
176 210 [2]
16 372 [0]
21 367 [0]
0 382 [6]
100 282 [6]
6 383 [0]
1 381 [7]
5 382 [2]
9 380 [0]
25 364 [0]
3 384 [2]
5 380 [4]
6 381 [2]
8 376 [5]
4 385 [1]
8 382 [0]
48 342 [0]
1 382 [7]
75 311 [4]
8 377 [5]
100 291 [0]
1 390 [0]
8 380 [3]
2 388 [1]
10 378 [3]
135 256 [0]
2 389 [0]
13 378 [0]
5 381 [5]
27 358 [6]
128 256 [7]
9 379 [3]
56 329 [6]
27 365 [0]
11 374 [7]
4 387 [1]
98 293 [1]
39 352 [1]
2 383 [7]
176 217 [0]
2 391 [0]
7 382 [4]
21 369 [3]
11 375 [7]
0 393 [0]
105 287 [1]
0 387 [6]
51 341 [1]
0 394 [0]
6 388 [0]
75 319 [0]
4 383 [7]
6 384 [4]
1 386 [7]
7 385 [2]
14 378 [3]
0 395 [0]
5 385 [5]
5 388 [2]
1 387 [7]
6 387 [2]
8 384 [3]
7 384 [4]
174 221 [0]
0 389 [6]
5 386 [5]
2 394 [0]
1 395 [0]
1 388 [7]
8 386 [2]
8 388 [0]
12 383 [1]
75 321 [0]
1 389 [7]
8 389 [0]
0 397 [0]
10 383 [4]
9 388 [0]
187 210 [0]
0 391 [6]
10 388 [0]
124 274 [0]
10 385 [3]
8 390 [0]
197 201 [0]
38 358 [2]
4 395 [0]
27 372 [0]
5 389 [5]
22 373 [4]
2 390 [7]
27 370 [2]
9 386 [4]
10 386 [3]
9 387 [3]
9 391 [0]
10 387 [3]
4 391 [5]
5 395 [0]
8 392 [0]
55 339 [6]
5 393 [2]
14 386 [0]
16 377 [7]
28 370 [2]
75 325 [0]
1 400 [0]
5 390 [6]
4 392 [5]
13 389 [0]
7 391 [4]
1 394 [7]
4 393 [5]
129 272 [1]
181 222 [0]
7 392 [4]
10 393 [0]
77 326 [0]
122 281 [0]
4 400 [0]
2 402 [0]
0 398 [6]
152 252 [0]
8 394 [2]
2 401 [1]
1 396 [7]
8 393 [4]
36 363 [6]
9 396 [0]
29 373 [3]
34 364 [7]
4 396 [5]
0 399 [6]
16 389 [0]
9 393 [3]
5 396 [5]
0 406 [0]
2 403 [1]
21 385 [0]
105 301 [0]
0 400 [6]
20 383 [3]
7 397 [2]
0 407 [0]
1 406 [0]
5 397 [5]
8 395 [4]
2 398 [7]
8 400 [0]
27 377 [4]
10 398 [0]
38 370 [0]
2 405 [1]
13 394 [1]
8 396 [4]
8 401 [0]
0 409 [0]
0 403 [6]
6 401 [2]
1 402 [6]
10 396 [3]
10 397 [3]
5 405 [0]
10 400 [0]
3 407 [0]
7 402 [1]
137 268 [5]
5 400 [5]
36 368 [6]
16 390 [4]
49 362 [0]
5 406 [0]
6 405 [0]
7 404 [0]
24 386 [1]
1 403 [7]
2 407 [2]
6 404 [1]
6 403 [2]
9 402 [0]
185 226 [0]
51 361 [0]
4 408 [0]
8 399 [5]
0 412 [0]
1 404 [7]
5 407 [0]
61 348 [3]
8 404 [0]
10 402 [0]
86 325 [1]
33 379 [0]
35 377 [0]
8 405 [0]
1 405 [7]
2 411 [0]
4 402 [7]
9 401 [3]
16 394 [3]
102 311 [0]
2 404 [7]
9 405 [0]
16 398 [0]
0 408 [6]
25 382 [7]
14 399 [1]
2 410 [2]
29 381 [4]
10 404 [0]
6 402 [6]
12 402 [0]
10 401 [3]
117 297 [0]
0 415 [0]
42 373 [0]
84 331 [0]
1 407 [7]
69 345 [1]
2 406 [7]
56 358 [1]
14 398 [4]
22 388 [6]
1 408 [7]
8 408 [0]
22 387 [7]
8 409 [0]
89 328 [0]
98 319 [0]
7 407 [3]
4 412 [1]
3 410 [4]
9 404 [4]
1 417 [0]
8 410 [0]
178 240 [0]
27 389 [2]
21 397 [0]
22 396 [0]
2 409 [7]
7 411 [1]
0 419 [0]
10 406 [3]
80 337 [2]
5 410 [4]
6 413 [0]
15 404 [0]
1 419 [0]
0 420 [0]
2 417 [1]
1 412 [7]
14 406 [0]
4 415 [1]
7 410 [3]
1 413 [6]
36 384 [0]
13 406 [1]
21 395 [4]
27 390 [3]
6 415 [0]
27 394 [0]
10 408 [3]
18 404 [0]
2 413 [7]
1 414 [7]
8 412 [2]
25 391 [6]
76 344 [2]
6 414 [2]
5 412 [5]
6 411 [6]
95 328 [0]
1 415 [7]
4 418 [1]
48 368 [7]
7 414 [2]
10 409 [4]
1 416 [7]
0 424 [0]
0 418 [6]
6 418 [0]
22 401 [1]
20 402 [2]
4 413 [7]
2 416 [7]
2 423 [0]
21 400 [4]
4 421 [0]
25 393 [7]
10 412 [3]
8 417 [0]
6 417 [2]
180 245 [0]
5 415 [5]
1 418 [7]
89 336 [1]
0 426 [0]
7 413 [6]
115 310 [1]
50 372 [4]
12 413 [1]
10 416 [0]
26 400 [0]
5 416 [5]
9 416 [2]
5 422 [0]
8 415 [4]
4 422 [1]
14 409 [4]
7 418 [2]
9 414 [4]
42 381 [4]
9 413 [5]
6 419 [2]
6 422 [0]
4 424 [0]
127 295 [6]
27 398 [3]
8 420 [0]
5 418 [5]
43 385 [0]
16 409 [3]
0 422 [6]
7 419 [2]
27 399 [2]
0 423 [6]
6 423 [0]
28 399 [2]
2 427 [0]
5 424 [0]
9 417 [3]
8 421 [0]
2 420 [7]
64 365 [0]
2 428 [0]
6 424 [0]
1 429 [0]
181 247 [2]
10 420 [0]
8 418 [4]
39 387 [4]
13 416 [1]
1 422 [7]
21 408 [1]
8 419 [4]
51 380 [0]
34 391 [6]
5 426 [0]
1 423 [7]
76 353 [2]
211 220 [0]
0 425 [6]
9 422 [0]
20 411 [0]
9 418 [4]
53 377 [1]
10 422 [0]
10 419 [3]
2 430 [0]
7 425 [0]
9 419 [4]
7 421 [4]
95 336 [1]
147 278 [7]
6 425 [2]
1 425 [7]
5 428 [0]
9 421 [3]
203 230 [0]
14 416 [3]
128 305 [0]
4 429 [1]
0 434 [0]
68 362 [4]
34 393 [7]
8 422 [4]
29 403 [2]
109 318 [7]
3 432 [0]
10 425 [0]
26 408 [1]
1 428 [6]
7 427 [1]
0 429 [6]
5 431 [0]
4 432 [0]
10 426 [0]
97 333 [6]
2 432 [2]
38 398 [0]
9 424 [3]
8 424 [4]
0 430 [6]
79 357 [0]
21 412 [4]
8 429 [0]
22 415 [0]
176 261 [0]
10 424 [3]
148 283 [6]
8 425 [4]
174 259 [4]
54 382 [1]
6 429 [2]
0 432 [6]
6 430 [2]
2 436 [0]
14 420 [4]
1 431 [6]
48 384 [6]
137 296 [5]
1 430 [7]
8 430 [0]
38 399 [1]
9 425 [4]
5 429 [5]
4 435 [0]
1 438 [0]
69 369 [1]
4 430 [5]
90 342 [7]
6 427 [6]
7 432 [0]
0 433 [6]
9 430 [0]
22 417 [0]
21 414 [4]
14 426 [0]
4 436 [0]
88 346 [6]
5 430 [5]
24 416 [0]
21 418 [1]
2 431 [7]
8 428 [5]
8 433 [0]
75 365 [1]
6 433 [2]
137 300 [4]
3 436 [2]
175 262 [4]
9 427 [5]
152 283 [6]
33 407 [2]
2 440 [0]
7 435 [0]
9 433 [0]
1 434 [7]
6 434 [2]
112 330 [0]
6 432 [4]
4 433 [5]
7 436 [0]
33 410 [0]
208 235 [0]
5 433 [5]
211 231 [1]
53 390 [0]
109 334 [0]
8 432 [3]
6 437 [0]
4 438 [1]
100 337 [6]
7 434 [2]
23 421 [0]
186 258 [0]
2 442 [0]
6 438 [0]
5 434 [5]
135 305 [4]
8 431 [5]
87 358 [0]
3 440 [2]
7 437 [1]
22 424 [0]
43 397 [6]
97 347 [2]
6 436 [4]
2 437 [7]
9 438 [0]
9 435 [3]
7 438 [2]
43 400 [4]
73 369 [5]
5 442 [0]
6 441 [0]
29 415 [3]
21 425 [1]
8 436 [3]
10 434 [3]
20 427 [0]
49 395 [3]
2 444 [1]
8 435 [4]
103 344 [0]
4 444 [0]
7 441 [0]
0 442 [6]
5 438 [5]
16 428 [4]
2 439 [7]
1 448 [0]
2 447 [0]
0 443 [6]
143 306 [0]
154 295 [0]
106 338 [5]
6 444 [0]
5 443 [2]
2 441 [7]
1 442 [7]
6 440 [4]
114 337 [0]
9 437 [5]
1 450 [0]
8 440 [3]
75 372 [4]
5 446 [0]
10 437 [4]
22 429 [0]
0 445 [6]
203 248 [0]
8 444 [0]
9 443 [0]
29 423 [0]
8 439 [5]
4 447 [1]
4 443 [5]
1 444 [7]
14 439 [0]
209 244 [0]
7 446 [0]
126 327 [0]
10 444 [0]
1 446 [7]
1 447 [6]
188 267 [0]
5 450 [0]
203 251 [1]
9 441 [5]
0 448 [7]
5 445 [5]
79 375 [1]
43 408 [4]
7 448 [0]
27 426 [2]
7 447 [1]
9 446 [0]
198 257 [0]
28 428 [0]
0 456 [0]
119 335 [2]
119 332 [5]
1 455 [0]
8 448 [0]
4 451 [1]
99 356 [1]
3 448 [5]
0 455 [1]
203 250 [3]
103 353 [0]
1 449 [6]
10 443 [3]
2 455 [0]
100 357 [0]
6 451 [0]
0 451 [6]
4 446 [7]
20 437 [0]
137 320 [0]
5 448 [4]
22 433 [3]
45 411 [2]
27 428 [3]
0 452 [6]
10 446 [2]
7 451 [0]
8 450 [0]
9 447 [2]
8 445 [5]
16 439 [3]
129 329 [0]
2 449 [7]
10 449 [0]
2 457 [0]
1 451 [7]
51 407 [1]
43 412 [4]
7 452 [0]
4 454 [1]
111 347 [1]
2 450 [7]
2 456 [1]
6 447 [6]
219 241 [0]
5 455 [0]
9 448 [3]
10 447 [3]
83 376 [1]
6 453 [1]
6 452 [2]
7 453 [0]
8 447 [5]
5 449 [6]
9 451 [0]
29 429 [2]
10 450 [0]
202 258 [0]
2 458 [1]
20 441 [0]
82 377 [2]
5 451 [5]
12 446 [3]
1 453 [7]
10 451 [0]
28 431 [2]
148 308 [5]
16 442 [3]
27 431 [3]
199 263 [0]
0 462 [0]
51 410 [1]
12 447 [3]
1 461 [0]
2 459 [1]
4 455 [3]
2 460 [0]
3 459 [0]
4 458 [0]
5 457 [0]
8 454 [0]
3 455 [4]
9 453 [0]
1 454 [7]
45 413 [4]
1 462 [0]
5 458 [0]
2 461 [0]
5 456 [2]
14 449 [0]
35 428 [0]
32 429 [2]
8 453 [2]
68 395 [0]
5 453 [5]
21 438 [4]
5 454 [5]
39 424 [1]
6 458 [0]
16 445 [3]
1 463 [0]
4 460 [0]
7 457 [0]
124 340 [0]
1 456 [7]
6 455 [3]
0 465 [0]
0 459 [6]
10 452 [3]
7 458 [0]
8 457 [0]
90 368 [7]
7 455 [3]
9 452 [4]
117 341 [7]
0 460 [6]
204 262 [0]
16 449 [1]
141 318 [7]
5 462 [0]
147 317 [3]
14 450 [3]
9 455 [3]
6 459 [2]
10 454 [3]
22 444 [1]
107 361 [0]
6 462 [0]
35 431 [2]
8 460 [0]
17 449 [2]
122 346 [0]
27 439 [2]
9 456 [3]
25 443 [0]
8 456 [4]
6 460 [2]
1 460 [7]
7 461 [1]
3 466 [0]
4 464 [1]
28 439 [2]
155 314 [0]
8 458 [3]
10 456 [3]
85 381 [3]
222 247 [0]
4 466 [0]
10 460 [0]
119 349 [2]
7 462 [2]
27 442 [2]
113 357 [1]
9 459 [3]
0 471 [0]
7 463 [1]
9 462 [0]
216 255 [0]
4 468 [0]
203 269 [0]
104 365 [3]
190 282 [0]
6 466 [0]
8 464 [0]
230 242 [0]
39 433 [0]
10 462 [0]
4 461 [7]
6 464 [2]
1 464 [7]
8 465 [0]
2 471 [0]
7 466 [0]
10 463 [0]
0 467 [6]
15 453 [5]
12 461 [0]
1 465 [7]
129 343 [1]
21 451 [1]
2 470 [1]
27 445 [2]
1 473 [0]
8 461 [5]
3 471 [0]
4 470 [0]
5 464 [5]
24 450 [0]
176 298 [0]
7 465 [2]
82 390 [2]
5 463 [6]
7 468 [0]
9 461 [5]
10 465 [0]
84 391 [0]
183 292 [0]
7 469 [0]
8 468 [0]
11 458 [7]
36 440 [0]
79 392 [5]
21 452 [3]
0 475 [1]
8 463 [5]
5 470 [2]
4 473 [0]
9 468 [0]
5 467 [5]
8 466 [3]
22 454 [1]
3 475 [0]
0 478 [0]
61 414 [3]
1 477 [0]
4 474 [0]
8 470 [0]
176 299 [3]
22 456 [0]
12 463 [3]
38 439 [1]
2 469 [7]
145 333 [0]
36 436 [6]
9 470 [0]
10 469 [0]
115 362 [2]
1 471 [7]
2 475 [2]
5 471 [4]
4 476 [0]
7 473 [0]
92 387 [1]
13 467 [0]
167 313 [0]
221 259 [0]
53 428 [0]
1 480 [0]
5 476 [0]
101 376 [4]
7 471 [3]
6 469 [6]
7 470 [4]
2 472 [7]
7 475 [0]
5 477 [0]
2 473 [7]
6 474 [2]
10 472 [0]
66 415 [1]
173 309 [0]
0 477 [6]
10 470 [3]
9 469 [5]
2 480 [1]
1 476 [7]
10 474 [0]
1 483 [0]
34 443 [7]
8 476 [0]
53 431 [0]
30 453 [1]
5 475 [4]
5 474 [5]
180 303 [1]
8 472 [5]
6 473 [6]
22 460 [3]
14 472 [0]
10 476 [0]
5 481 [0]
8 475 [3]
16 467 [3]
11 468 [7]
22 464 [0]
87 398 [1]
9 474 [3]
8 474 [4]
0 487 [0]
1 486 [0]
2 485 [0]
8 479 [0]
0 481 [6]
140 347 [0]
2 484 [1]
1 487 [0]
5 483 [0]
0 488 [0]
6 480 [2]
32 454 [2]
5 478 [5]
203 285 [0]
107 380 [1]
2 479 [7]
5 484 [0]
5 479 [5]
1 481 [7]
23 459 [7]
69 419 [1]
8 481 [0]
147 342 [0]
10 479 [0]
1 482 [7]
4 486 [0]
0 484 [6]
33 457 [0]
21 465 [4]
8 477 [5]
6 482 [2]
183 307 [1]
0 491 [0]
20 469 [2]
7 484 [0]
3 483 [5]
8 483 [0]
9 482 [0]
23 468 [0]
78 413 [0]
16 472 [3]
106 383 [2]
7 482 [2]
2 487 [2]
7 485 [0]
3 489 [0]
5 487 [0]
8 480 [4]
9 480 [3]
29 460 [3]
6 486 [0]
9 483 [0]
13 478 [1]
14 478 [0]
2 489 [1]
10 478 [4]
73 419 [0]
100 392 [0]
3 485 [4]
97 396 [0]
2 491 [0]
4 484 [5]
4 489 [0]
5 488 [0]
8 485 [0]
9 484 [0]
7 483 [3]
8 486 [0]
0 494 [0]
3 487 [4]
5 485 [4]
10 484 [0]
85 403 [6]
48 440 [6]
27 467 [0]
36 458 [0]
56 439 [0]
0 495 [0]
4 490 [1]
6 489 [0]
29 464 [2]
21 474 [0]
25 470 [0]
69 425 [1]
6 490 [0]
0 496 [0]
8 484 [4]
173 322 [1]
9 487 [0]
10 486 [0]
16 477 [3]
6 487 [3]
20 473 [3]
0 497 [0]
16 481 [0]
88 405 [4]
16 478 [3]
7 487 [3]
1 490 [6]
145 352 [1]
7 490 [1]
219 278 [1]
51 448 [0]
7 492 [0]
8 491 [0]
61 438 [0]
22 476 [1]
16 479 [4]
6 492 [1]
0 493 [6]
4 496 [0]
7 489 [4]
232 268 [0]
50 445 [5]
1 492 [7]
79 421 [0]
10 488 [2]
0 500 [0]
9 492 [0]
0 501 [0]
32 464 [5]
2 497 [2]
2 499 [0]
5 490 [6]
9 490 [2]
7 494 [0]
2 500 [0]
22 480 [0]
119 383 [0]
10 490 [2]
93 407 [2]
8 492 [2]
6 494 [2]
2 501 [0]
4 499 [0]
6 495 [2]
5 493 [5]
1 500 [2]
9 494 [0]
1 495 [7]
133 370 [0]
69 434 [0]
8 490 [5]
27 477 [0]
5 499 [0]
34 470 [0]
7 497 [0]
33 471 [0]
70 434 [0]
1 504 [0]
10 491 [4]
2 502 [1]
113 392 [0]
5 495 [5]
5 501 [0]
108 398 [0]
1 505 [0]
5 496 [5]
8 493 [5]
6 498 [2]
227 279 [0]
76 426 [4]
4 497 [5]
74 433 [0]
2 505 [0]
27 478 [2]
10 494 [3]
64 442 [1]
6 497 [4]
195 312 [0]
1 499 [7]
8 499 [0]
16 491 [0]
21 482 [4]
3 502 [2]
4 500 [3]
7 501 [0]
4 504 [0]
5 498 [5]
5 503 [0]
5 500 [3]
51 457 [0]
32 476 [0]
3 501 [4]
27 481 [0]
8 497 [3]
7 499 [2]
47 461 [0]
36 466 [6]
9 496 [3]
9 500 [0]
28 479 [2]
27 479 [3]
10 496 [3]
2 508 [0]
6 504 [0]
8 502 [0]
9 501 [0]
2 507 [1]
115 395 [0]
8 498 [4]
9 498 [3]
6 501 [3]
4 507 [0]
8 500 [3]
4 502 [5]
85 423 [3]
10 498 [3]
2 503 [7]
7 505 [0]
8 504 [0]
9 499 [4]
8 501 [3]
6 502 [4]
2 509 [1]
43 465 [4]
10 503 [0]
1 512 [0]
4 509 [0]
15 492 [6]
2 510 [1]
7 502 [4]
178 335 [0]
7 504 [2]
15 499 [0]
9 505 [0]
10 504 [0]
22 486 [6]
3 509 [2]
35 479 [0]
79 435 [0]
33 475 [6]
9 506 [0]
82 431 [2]
3 510 [2]
1 507 [7]
181 330 [4]
2 512 [1]
6 510 [0]
8 508 [0]
5 506 [5]
2 513 [1]
8 503 [5]
27 488 [2]
99 417 [1]
0 517 [0]
5 510 [2]
0 511 [6]
1 516 [0]
12 505 [0]
10 508 [0]
14 503 [1]
50 467 [1]
2 514 [2]
8 505 [5]
8 506 [4]
241 278 [0]
16 503 [0]
5 514 [0]
6 511 [2]
8 507 [4]
9 507 [3]
10 506 [3]
6 509 [4]
2 518 [0]
3 517 [0]
1 519 [0]
8 509 [3]
48 466 [6]
6 512 [2]
7 509 [4]
7 511 [2]
0 521 [0]
5 516 [0]
1 513 [7]
8 510 [3]
7 510 [4]
9 512 [0]
3 514 [4]
6 513 [2]
75 445 [1]
2 517 [2]
57 459 [5]
100 421 [0]
147 368 [7]
8 514 [0]
22 500 [0]
69 452 [1]
27 493 [2]
9 510 [3]
22 495 [5]
0 523 [0]
10 513 [0]
8 516 [0]
4 519 [1]
2 515 [7]
29 495 [0]
0 518 [6]
10 511 [3]
9 511 [4]
8 512 [4]
7 514 [3]
109 411 [5]
5 520 [0]
73 452 [0]
8 513 [4]
15 504 [6]
4 516 [5]
30 492 [3]
34 484 [7]
9 513 [3]
51 475 [0]
14 508 [4]
18 504 [4]
0 520 [6]
0 525 [1]
1 526 [0]
2 525 [0]
16 508 [3]
7 517 [3]
1 527 [0]
2 526 [0]
3 525 [0]
8 515 [5]
7 519 [2]
5 523 [0]
8 520 [0]
9 516 [3]
122 405 [1]
6 520 [2]
9 519 [0]
50 477 [1]
22 507 [0]
0 529 [0]
213 316 [0]
10 515 [4]
9 517 [3]
143 386 [0]
232 296 [1]
83 446 [0]
103 426 [0]
7 523 [0]
127 403 [0]
0 524 [6]
86 445 [0]
1 530 [0]
8 518 [5]
4 527 [0]
5 526 [0]
36 489 [6]
3 523 [5]
50 481 [0]
38 491 [2]
4 522 [5]
77 454 [1]
7 525 [0]
9 520 [3]
64 467 [1]
0 526 [6]
69 462 [1]
1 532 [0]
1 525 [7]
14 518 [1]
7 522 [4]
28 503 [2]
27 503 [3]
53 479 [1]
22 512 [0]
2 532 [0]
8 522 [4]
4 525 [5]
5 529 [0]
4 529 [1]
51 483 [0]
6 526 [2]
5 524 [5]
117 410 [7]
91 442 [1]
16 518 [0]
157 378 [0]
250 285 [0]
13 521 [1]
22 513 [0]
16 515 [4]
6 527 [2]
100 435 [0]
1 528 [6]
179 356 [0]
9 523 [3]
99 430 [6]
4 532 [0]
10 524 [2]
51 485 [0]
232 300 [4]
7 530 [0]
0 537 [0]
1 529 [7]
9 525 [3]
5 527 [5]
2 528 [7]
42 495 [0]
219 317 [1]
0 531 [6]
2 536 [0]
4 534 [0]
5 528 [5]
8 526 [4]
9 526 [3]
22 516 [0]
13 524 [1]
208 331 [0]
5 534 [0]
227 311 [1]
9 530 [0]
2 530 [7]
35 503 [1]
129 409 [1]
8 527 [4]
2 537 [1]
33 501 [6]
16 521 [3]
6 532 [2]
0 534 [6]
10 530 [0]
10 527 [3]
113 421 [6]
0 535 [6]
109 427 [5]
39 498 [4]
8 528 [5]
5 531 [5]
64 477 [1]
22 520 [0]
6 534 [2]
27 515 [0]
2 533 [7]
10 529 [3]
10 528 [4]
39 496 [7]
6 530 [6]
238 304 [0]
0 536 [6]
0 543 [0]
8 535 [0]
28 515 [0]
10 531 [2]
16 524 [3]
145 396 [2]
5 533 [5]
0 544 [0]
5 539 [0]
0 538 [6]
36 502 [6]
8 536 [0]
13 531 [0]
9 532 [3]
21 519 [4]
2 535 [7]
1 544 [0]
36 509 [0]
2 543 [0]
4 541 [0]
8 537 [0]
0 539 [6]
10 535 [0]
12 530 [3]
6 537 [2]
36 510 [0]
7 539 [0]
9 534 [3]
61 482 [3]
8 534 [4]
10 536 [0]
188 357 [1]
8 533 [5]
19 525 [2]
38 508 [0]
227 319 [1]
79 468 [0]
101 446 [0]
2 538 [7]
0 541 [6]
199 348 [0]
5 537 [5]
50 493 [5]
5 543 [0]
16 528 [4]
245 303 [0]
22 526 [0]
28 518 [2]
0 542 [6]
14 531 [3]
113 435 [0]
109 437 [3]
39 506 [4]
4 540 [5]
0 548 [1]
83 463 [3]
10 539 [0]
80 468 [1]
129 420 [0]
14 536 [0]
5 545 [0]
7 543 [0]
16 531 [3]
4 545 [1]
20 530 [0]
27 521 [2]
3 548 [0]
5 541 [5]
16 535 [0]
233 318 [0]
7 540 [4]
8 538 [5]
6 543 [2]
4 548 [0]
5 547 [0]
212 340 [0]
23 522 [7]
2 548 [2]
22 529 [1]
8 540 [4]
4 543 [5]
0 546 [6]
47 505 [0]
9 540 [3]
35 515 [2]
6 545 [2]
14 538 [1]
1 552 [0]
10 543 [0]
9 541 [3]
75 477 [1]
2 544 [7]
8 541 [4]
0 547 [6]
27 524 [2]
2 550 [1]
1 546 [7]
4 550 [0]
1 553 [0]
2 552 [0]
8 546 [0]
148 401 [5]
173 379 [2]
10 545 [0]
5 550 [0]
22 532 [1]
2 553 [0]
7 548 [0]
16 536 [3]
8 542 [5]
9 543 [3]
27 528 [0]
107 448 [1]
1 555 [0]
0 550 [6]
2 554 [0]
33 523 [0]
1 548 [7]
33 517 [6]
8 544 [4]
39 516 [1]
5 546 [5]
8 549 [0]
154 403 [0]
8 545 [4]
38 518 [1]
76 478 [3]
109 441 [7]
14 542 [1]
2 555 [1]
4 554 [0]
6 552 [0]
4 549 [5]
6 550 [2]
27 531 [0]
77 476 [5]
126 432 [0]
8 551 [0]
2 557 [0]
39 520 [0]
143 416 [0]
6 551 [2]
13 544 [2]
1 559 [0]
0 560 [0]
152 401 [7]
8 552 [0]
7 549 [4]
29 529 [2]
9 551 [0]
8 547 [5]
75 481 [4]
7 552 [1]
9 548 [3]
27 533 [0]
6 555 [0]
178 383 [0]
256 305 [0]
1 554 [6]
16 546 [0]
8 550 [4]
0 556 [6]
11 551 [0]
7 551 [4]
4 552 [7]
0 563 [0]
0 557 [6]
7 555 [1]
4 559 [0]
4 558 [1]
2 560 [1]
157 406 [0]
32 529 [2]
10 550 [3]
16 547 [0]
35 528 [0]
5 552 [6]
16 544 [3]
2 562 [0]
93 471 [0]
268 296 [0]
101 463 [0]
22 537 [5]
69 494 [1]
4 553 [7]
1 564 [0]
0 565 [0]
7 558 [0]
8 557 [0]
6 558 [1]
48 510 [7]
6 557 [2]
3 560 [2]
12 553 [0]
51 514 [0]
27 536 [2]
21 545 [0]
60 500 [6]
6 560 [0]
10 556 [0]
7 553 [6]
6 559 [1]
76 488 [2]
1 558 [7]
8 559 [0]
4 563 [0]
0 567 [0]
7 560 [0]
12 552 [3]
73 494 [0]
0 561 [6]
9 553 [5]
8 554 [5]
27 538 [2]
7 559 [1]
5 557 [5]
9 559 [0]
2 559 [7]
0 562 [6]
51 517 [0]
28 538 [2]
53 515 [0]
141 427 [0]
27 535 [6]
8 555 [5]
9 554 [5]
8 558 [2]
233 334 [1]
268 300 [0]
1 561 [6]
5 564 [0]
6 563 [0]
29 537 [3]
8 556 [5]
8 561 [0]
27 542 [0]
9 555 [5]
12 554 [3]
6 562 [2]
9 561 [0]
23 540 [7]
2 561 [7]
176 394 [0]
1 562 [7]
12 555 [3]
5 566 [0]
1 563 [7]
8 564 [0]
9 560 [3]
5 561 [6]
28 542 [2]
8 565 [0]
0 573 [0]
5 563 [5]
9 564 [0]
38 535 [0]
12 559 [2]
4 570 [0]
1 573 [0]
0 568 [6]
14 556 [4]
8 566 [0]
192 382 [0]
10 564 [0]
27 547 [0]
38 536 [0]
4 569 [1]
39 534 [1]
240 335 [0]
0 575 [0]
56 518 [1]
184 391 [0]
1 574 [0]
2 566 [7]
9 563 [3]
8 563 [4]
27 546 [2]
51 523 [1]
2 574 [0]
7 569 [0]
50 521 [5]
20 553 [3]
14 561 [1]
38 538 [1]
83 490 [4]
2 568 [7]
6 569 [2]
9 569 [0]
141 437 [0]
0 579 [0]
6 573 [0]
15 558 [6]
22 557 [0]
5 569 [5]
23 549 [7]
10 565 [4]
2 570 [7]
10 570 [0]
16 561 [3]
8 572 [0]
17 561 [2]
8 567 [5]
2 577 [1]
154 423 [3]
188 392 [0]
38 542 [0]
18 558 [4]
106 473 [1]
124 453 [3]
0 574 [6]
4 577 [0]
109 469 [3]
9 568 [4]
4 576 [1]
69 511 [1]
117 457 [7]
2 578 [1]
99 480 [2]
10 568 [3]
5 576 [0]
8 573 [0]
10 571 [0]
39 541 [1]
53 528 [0]
13 568 [1]
14 568 [0]
4 578 [0]
1 575 [6]
42 537 [3]
216 366 [0]
6 570 [6]
61 519 [2]
10 572 [0]
2 581 [0]
3 578 [2]
5 578 [0]
6 576 [1]
31 552 [0]
43 539 [1]
10 573 [0]
5 573 [5]
16 567 [0]
85 495 [3]
113 468 [2]
8 571 [5]
3 581 [0]
7 576 [1]
4 579 [1]
8 574 [2]
5 574 [5]
5 579 [0]
6 578 [0]
16 568 [0]
73 511 [0]
9 576 [0]
0 585 [0]
9 574 [2]
1 577 [7]
12 570 [3]
14 571 [0]
141 441 [3]
186 399 [0]
6 577 [2]
5 575 [5]
0 586 [0]
60 526 [0]
64 521 [1]
0 581 [5]
9 573 [4]
5 582 [0]
6 579 [2]
1 579 [7]
1 587 [0]
0 588 [0]
287 301 [0]
7 581 [0]
22 563 [3]
0 582 [6]
12 576 [0]
13 574 [1]
8 578 [3]
7 582 [0]
4 580 [5]
9 577 [3]
8 576 [5]
92 496 [1]
203 385 [1]
10 575 [4]
10 576 [3]
8 577 [4]
21 569 [0]
8 582 [0]
5 580 [5]
16 571 [3]
147 436 [7]
20 570 [0]
14 575 [1]
1 582 [7]
1 583 [6]
2 586 [2]
2 587 [1]
5 581 [4]
9 578 [3]
23 560 [7]
240 349 [1]
0 584 [6]
107 483 [1]
103 488 [0]
98 493 [0]
216 374 [1]
8 579 [4]
14 574 [3]
16 575 [1]
10 582 [0]
1 591 [0]
10 579 [3]
148 444 [0]
9 580 [3]
17 575 [0]
56 536 [0]
90 502 [0]
2 584 [7]
2 591 [0]
27 566 [0]
10 580 [3]
9 581 [3]
28 565 [0]
143 450 [0]
9 582 [2]
5 583 [6]
3 591 [0]
273 321 [0]
5 584 [5]
3 586 [5]
12 583 [0]
2 593 [0]
3 592 [0]
119 473 [3]
8 587 [0]
2 592 [1]
97 498 [0]
56 538 [1]
6 587 [2]
5 586 [4]
10 583 [2]
6 586 [4]
5 591 [0]
44 550 [2]
179 417 [0]
38 556 [2]
4 587 [5]
8 583 [5]
27 567 [2]
296 300 [0]
21 573 [3]
8 584 [5]
0 597 [0]
1 596 [0]
8 586 [3]
74 520 [3]
50 547 [0]
8 585 [4]
7 586 [4]
5 593 [0]
7 591 [0]
8 590 [0]
45 553 [0]
2 589 [7]
56 542 [0]
1 590 [7]
0 591 [7]
2 597 [0]
90 509 [0]
24 574 [1]
292 307 [0]
9 587 [3]
117 475 [7]
10 585 [4]
227 372 [1]
1 599 [0]
0 600 [0]
5 595 [0]
0 594 [6]
5 590 [5]
7 593 [0]
203 397 [0]
4 592 [5]
79 522 [0]
272 329 [0]
8 588 [5]
202 399 [0]
4 596 [1]
88 512 [1]
47 555 [0]
10 588 [4]
4 593 [5]
8 594 [0]
28 572 [2]
102 493 [7]
129 472 [1]
8 589 [5]
42 557 [3]
7 596 [0]
219 384 [0]
280 323 [0]
8 592 [3]
4 599 [0]
1 595 [7]
14 588 [1]
38 565 [0]
10 590 [3]
238 364 [1]
21 579 [3]
14 585 [4]
7 592 [4]
1 603 [0]
11 593 [0]
16 588 [0]
76 524 [4]
2 595 [7]
5 594 [5]
6 596 [2]
2 601 [1]
8 593 [3]
11 586 [7]
14 589 [1]
0 598 [6]
5 600 [0]
9 596 [0]
9 593 [3]
47 554 [4]
3 597 [5]
8 595 [2]
4 602 [0]
9 597 [0]
77 529 [0]
5 597 [4]
1 606 [0]
5 602 [0]
14 590 [3]
39 564 [4]
22 580 [5]
2 604 [1]
0 602 [6]
1 607 [0]
5 603 [0]
75 533 [0]
6 602 [0]
5 601 [2]
16 589 [3]
5 599 [5]
2 607 [0]
117 485 [7]
13 595 [1]
74 534 [1]
112 496 [1]
64 544 [1]
40 568 [1]
10 599 [0]
0 610 [0]
2 608 [0]
38 572 [0]
4 601 [5]
97 506 [7]
22 587 [1]
47 559 [4]
8 599 [4]
3 608 [0]
8 598 [5]
263 348 [0]
188 421 [2]
0 611 [0]
206 405 [0]
38 571 [2]
9 602 [0]
9 599 [3]
5 607 [0]
10 600 [2]
56 556 [0]
7 601 [4]
99 507 [6]
10 603 [0]
5 608 [0]
14 598 [1]
8 601 [4]
147 466 [0]
91 521 [1]
8 603 [2]
27 584 [2]
5 604 [4]
16 594 [3]
2 609 [2]
24 590 [0]
0 614 [0]
6 604 [4]
0 613 [1]
9 605 [0]
10 601 [3]
2 605 [7]
141 469 [4]
16 595 [3]
13 600 [1]
8 602 [4]
97 516 [1]
2 612 [1]
7 608 [0]
2 613 [0]
9 606 [0]
8 604 [3]
27 588 [0]
7 604 [4]
10 602 [3]
2 606 [7]
230 385 [0]
6 610 [0]
3 613 [0]
4 605 [7]
7 609 [0]
272 343 [1]
3 609 [4]
8 606 [2]
5 612 [0]
4 613 [0]
16 598 [3]
1 616 [0]
6 605 [6]
0 612 [6]
7 605 [6]
255 363 [0]
12 605 [1]
111 506 [1]
2 615 [1]
203 412 [3]
27 589 [2]
6 613 [0]
50 567 [2]
10 606 [3]
28 589 [2]
124 492 [3]
16 600 [3]
199 414 [6]
8 608 [3]
9 610 [0]
74 541 [4]
39 580 [0]
79 540 [0]
4 615 [1]
0 620 [0]
1 619 [0]
10 610 [0]
13 606 [1]
33 581 [6]
5 610 [5]
1 612 [7]
129 491 [0]
36 578 [6]
14 603 [3]
3 618 [0]
2 619 [0]
8 613 [0]
21 596 [4]
276 345 [0]
9 609 [3]
87 535 [0]
5 617 [0]
255 366 [1]
75 546 [1]
56 565 [1]
11 604 [7]
8 610 [4]
6 616 [1]
2 621 [0]
38 585 [0]
7 612 [4]
14 606 [3]
33 591 [0]
8 611 [5]
8 612 [4]
27 595 [2]
5 614 [5]
267 357 [0]
7 616 [1]
7 615 [2]
2 623 [0]
22 602 [1]
10 611 [4]
5 615 [5]
188 435 [2]
164 461 [0]
244 381 [0]
22 599 [4]
4 620 [1]
6 617 [2]
97 527 [1]
8 615 [2]
9 616 [0]
10 615 [0]
159 466 [0]
20 605 [0]
2 624 [0]
5 621 [0]
88 532 [6]
14 611 [1]
4 616 [6]
38 588 [0]
9 617 [0]
10 616 [0]
126 497 [3]
75 547 [4]
16 607 [3]
27 598 [2]
0 627 [0]
230 397 [0]
56 571 [0]
8 614 [5]
38 589 [1]
24 603 [1]
56 572 [0]
1 621 [6]
6 620 [2]
9 619 [0]
7 619 [2]
9 615 [4]
28 598 [2]
1 620 [7]
2 627 [0]
100 522 [7]
36 593 [0]
255 374 [0]
186 439 [4]
7 618 [4]
8 618 [3]
5 619 [5]
27 600 [2]
8 619 [2]
15 615 [0]
5 625 [0]
61 569 [0]
8 622 [0]
9 618 [3]
10 617 [3]
1 623 [6]
5 620 [5]
33 597 [0]
1 622 [7]
2 628 [1]
98 533 [0]
80 551 [0]
0 625 [6]
309 322 [0]
2 622 [7]
12 616 [3]
11 613 [7]
6 624 [2]
4 628 [0]
0 632 [0]
10 619 [3]
8 620 [4]
1 624 [7]
51 581 [0]
5 622 [5]
25 601 [6]
2 629 [1]
238 393 [1]
48 578 [7]
7 626 [0]
174 459 [0]
10 620 [3]
5 623 [5]
78 553 [2]
4 624 [5]
16 614 [3]
86 546 [1]
36 592 [6]
15 619 [0]
27 607 [0]
8 621 [5]
103 524 [7]
148 486 [0]
24 606 [4]
0 628 [6]
6 629 [0]
9 626 [0]
113 522 [0]
2 626 [7]
2 632 [1]
122 512 [1]
167 467 [1]
0 629 [6]
1 627 [7]
38 598 [0]
5 631 [0]
8 623 [5]
6 628 [2]
9 624 [3]
5 627 [5]
185 452 [0]
1 629 [7]
0 637 [0]
1 636 [0]
10 625 [2]
129 508 [0]
10 628 [0]
13 625 [0]
2 636 [0]
22 610 [6]
5 628 [5]
6 626 [6]
117 514 [7]
165 473 [0]
111 527 [0]
1 638 [0]
6 631 [2]
25 612 [2]
8 627 [4]
1 631 [7]
7 628 [4]
0 633 [6]
5 629 [5]
5 635 [0]
100 540 [0]
9 628 [3]
4 635 [1]
196 444 [0]
27 611 [2]
10 626 [4]
1 632 [7]
7 631 [2]
5 630 [5]
2 639 [0]
4 632 [5]
8 633 [0]
27 614 [0]
8 629 [4]
75 566 [0]
16 621 [4]
6 634 [2]
1 641 [0]
5 632 [5]
0 636 [6]
56 585 [1]
4 637 [1]
140 498 [4]
85 557 [0]
22 620 [0]
1 635 [6]
9 634 [0]
2 641 [0]
16 627 [0]
0 642 [1]
147 489 [7]
4 634 [5]
16 623 [4]
0 644 [0]
1 643 [0]
16 625 [3]
8 632 [4]
13 630 [1]
10 631 [3]
9 631 [4]
9 635 [0]
6 636 [2]
50 594 [0]
94 550 [0]
233 411 [0]
10 630 [4]
8 634 [3]
3 642 [0]
2 643 [0]
50 595 [0]
10 632 [3]
6 639 [0]
1 637 [7]
56 588 [1]
49 596 [0]
2 642 [2]
22 624 [0]
140 506 [0]
56 589 [1]
7 638 [1]
117 523 [6]
5 636 [5]
75 567 [4]
137 504 [5]
12 635 [0]
0 647 [0]
48 592 [7]
1 639 [7]
10 637 [0]
10 633 [4]
198 449 [0]
7 635 [5]
14 633 [0]
2 638 [7]
33 609 [6]
2 646 [0]
27 621 [0]
10 635 [3]
9 636 [3]
6 641 [1]
8 635 [5]
8 636 [4]
8 640 [0]
51 597 [0]
147 502 [0]
27 622 [0]
38 611 [0]
100 549 [0]
16 630 [3]
8 637 [4]
2 640 [7]
4 638 [7]
9 641 [0]
6 638 [6]
39 610 [1]
85 562 [3]
2 648 [1]
8 639 [4]
4 641 [7]
8 644 [0]
318 334 [0]
6 642 [4]
69 582 [1]
1 644 [7]
6 644 [2]
11 642 [0]
6 647 [0]
294 359 [0]
4 649 [0]
12 638 [3]
5 648 [0]
7 645 [1]
7 642 [4]
100 551 [2]
8 642 [3]
70 582 [1]
10 644 [0]
45 605 [4]
1 646 [7]
0 648 [6]
1 653 [0]
10 640 [4]
5 643 [6]
3 651 [0]
5 649 [0]
36 618 [0]
9 645 [0]
6 646 [2]
2 645 [7]
8 641 [5]
27 623 [4]
2 651 [1]
2 653 [0]
6 649 [0]
12 641 [2]
22 629 [4]
113 540 [2]
56 598 [1]
1 647 [7]
28 623 [4]
6 648 [2]
0 656 [0]
4 652 [0]
7 647 [2]
5 651 [0]
39 617 [0]
1 649 [6]
9 647 [0]
8 643 [5]
7 649 [1]
5 647 [5]
258 399 [0]
2 655 [0]
27 630 [0]
9 649 [0]
8 646 [4]
23 634 [1]
9 646 [3]
14 640 [4]
9 650 [0]
267 392 [0]
16 640 [3]
2 656 [1]
5 654 [0]
219 440 [0]
83 576 [0]
10 646 [3]
7 653 [0]
0 660 [0]
10 647 [3]
4 651 [5]
0 654 [6]
9 651 [0]
122 532 [6]
22 637 [1]
2 657 [1]
51 608 [1]
1 652 [7]
8 648 [4]
219 436 [5]
64 595 [1]
6 652 [2]
20 638 [2]
12 649 [0]
29 629 [3]
179 480 [2]
5 656 [0]
97 564 [0]
6 651 [4]
145 516 [0]
3 653 [5]
2 658 [1]
0 662 [0]
2 660 [0]
1 654 [7]
8 649 [5]
87 571 [4]
8 654 [0]
10 652 [0]
5 653 [4]
4 657 [1]
8 650 [4]
99 563 [0]
8 651 [3]
27 633 [2]
3 660 [0]
8 655 [0]
113 549 [1]
41 620 [2]
0 657 [6]
233 427 [3]
50 614 [0]
2 661 [1]
1 656 [7]
294 367 [3]
8 653 [3]
6 657 [2]
2 662 [1]
98 566 [1]
75 584 [6]
10 655 [0]
1 657 [7]
1 659 [6]
2 664 [0]
6 660 [0]
56 611 [0]
0 667 [0]
5 657 [5]
20 645 [2]
4 658 [5]
7 656 [4]
3 662 [2]
22 639 [6]
8 660 [0]
4 664 [0]
6 658 [4]
29 637 [2]
2 665 [1]
8 656 [4]
7 661 [0]
13 654 [1]
2 659 [7]
9 656 [3]
203 465 [0]
11 650 [7]
22 644 [3]
32 637 [0]
164 505 [0]
2 667 [0]
10 659 [0]
7 658 [4]
8 657 [4]
4 660 [5]
8 658 [3]
88 577 [4]
5 659 [5]
0 663 [6]
22 648 [0]
86 584 [0]
6 662 [2]
14 655 [1]
114 551 [5]
6 665 [0]
5 661 [5]
152 513 [6]
1 663 [7]
0 665 [6]
10 661 [0]
1 664 [6]
42 629 [0]
6 663 [2]
139 533 [0]
0 666 [6]
64 607 [1]
7 662 [4]
5 668 [0]
1 672 [0]
2 671 [0]
16 654 [3]
2 670 [1]
27 643 [3]
48 618 [7]
8 665 [0]
75 594 [4]
83 583 [7]
8 661 [4]
5 663 [5]
22 646 [6]
9 662 [3]
0 668 [6]
4 670 [0]
1 667 [6]
233 437 [4]
55 618 [1]
88 587 [0]
2 672 [1]
16 655 [4]
5 665 [5]
6 668 [2]
6 670 [0]
44 632 [0]
50 622 [4]
5 666 [5]
102 567 [7]
106 570 [0]
10 666 [0]
12 664 [0]
111 564 [1]
1 668 [7]
9 668 [0]
29 648 [0]
1 676 [0]
3 674 [0]
8 669 [0]
7 664 [6]
0 671 [6]
7 668 [2]
50 627 [0]
53 623 [1]
1 671 [6]
5 667 [6]
263 414 [1]
215 463 [0]
2 674 [2]
4 673 [1]
11 660 [7]
38 640 [0]
53 621 [4]
9 664 [5]
0 672 [6]
4 675 [0]
5 674 [0]
13 666 [0]
16 659 [4]
76 600 [4]
23 650 [7]
11 669 [0]
22 652 [6]
7 669 [4]
8 668 [4]
8 667 [5]
9 672 [0]
0 681 [0]
4 676 [1]
8 673 [0]
1 673 [7]
4 672 [5]
7 670 [4]
8 670 [3]
5 671 [5]
185 494 [2]
25 656 [0]
10 668 [3]
3 677 [2]
16 666 [0]
8 674 [0]
90 592 [0]
183 499 [0]
14 667 [1]
0 676 [6]
22 657 [3]
5 672 [5]
7 673 [2]
238 443 [1]
6 677 [0]
272 409 [2]
10 673 [0]
1 675 [7]
98 584 [1]
5 673 [5]
335 349 [0]
196 486 [2]
7 674 [3]
8 676 [0]
9 675 [0]
0 678 [6]
16 667 [1]
283 401 [0]
22 663 [0]
27 655 [3]
28 655 [2]
10 671 [4]
5 675 [5]
0 679 [6]
4 680 [1]
14 671 [0]
221 459 [5]
25 661 [0]
27 659 [0]
1 678 [7]
6 678 [2]
33 653 [0]
5 676 [5]
64 622 [0]
0 680 [6]
179 507 [0]
17 667 [2]
101 583 [2]
9 673 [4]
2 685 [0]
16 671 [0]
20 664 [3]
199 482 [6]
8 675 [4]
8 677 [3]
6 682 [0]
4 684 [0]
7 677 [4]
5 678 [5]
299 389 [0]
1 680 [7]
309 379 [0]
0 689 [0]
1 688 [0]
2 687 [0]
10 679 [0]
56 633 [0]
29 657 [3]
7 680 [2]
8 682 [0]
1 689 [0]
10 680 [0]
8 678 [4]
8 680 [2]
5 680 [5]
319 372 [0]
5 686 [0]
0 690 [1]
64 627 [0]
10 678 [3]
35 655 [1]
158 533 [0]
128 556 [7]
2 689 [1]
23 669 [0]
8 684 [0]
8 679 [5]
47 641 [4]
7 684 [1]
112 580 [0]
135 556 [1]
23 662 [7]
2 683 [7]
299 394 [0]
9 684 [0]
10 683 [0]
11 682 [0]
1 690 [2]
128 565 [0]
36 651 [6]
5 683 [5]
42 648 [3]
10 684 [0]
272 420 [2]
1 687 [6]
2 693 [0]
5 690 [0]
5 685 [5]
13 681 [1]
10 681 [4]
7 687 [1]
35 659 [1]
1 695 [0]
175 521 [0]
3 691 [2]
2 690 [4]
7 689 [0]
8 688 [0]
137 558 [1]
29 663 [4]
6 684 [6]
10 686 [0]
53 643 [0]
6 691 [0]
2 695 [0]
3 690 [4]
4 690 [3]
344 353 [0]
10 687 [0]
75 622 [0]
8 690 [0]
7 691 [0]
14 681 [3]
0 697 [1]
4 689 [5]
295 403 [0]
9 689 [0]
22 676 [0]
2 694 [2]
9 686 [3]
22 672 [4]
21 673 [4]
7 692 [0]
26 673 [0]
5 688 [6]
27 671 [2]
36 658 [6]
16 681 [3]
1 699 [0]
1 694 [5]
1 693 [6]
10 688 [2]
135 565 [0]
6 692 [2]
7 690 [3]
4 692 [5]
2 699 [0]
69 631 [1]
28 671 [2]
8 689 [4]
0 694 [7]
8 693 [0]
322 379 [0]
2 697 [2]
2 698 [1]
9 687 [5]
185 511 [5]
317 384 [0]
12 687 [3]
8 691 [3]
3 694 [5]
9 690 [3]
7 695 [0]
8 694 [0]
6 695 [1]
56 640 [6]
76 625 [1]
75 627 [0]
0 696 [6]
91 607 [4]
260 442 [0]
9 694 [0]
5 694 [4]
22 678 [3]
131 571 [1]
16 683 [4]
3 698 [2]
12 688 [3]
83 616 [4]
209 495 [0]
0 704 [0]
8 692 [4]
7 697 [0]
8 696 [0]
140 564 [0]
9 692 [3]
186 518 [0]
122 577 [5]
5 700 [0]
4 701 [0]
7 698 [0]
1 697 [7]
82 621 [2]
8 697 [0]
129 571 [5]
0 699 [6]
23 682 [0]
151 554 [0]
151 555 [0]
2 704 [0]
4 697 [5]
0 700 [6]
2 703 [1]
8 698 [0]
36 670 [0]
233 469 [4]
105 601 [0]
257 449 [0]
8 695 [4]
4 698 [5]
128 572 [7]
28 679 [0]
42 665 [0]
135 572 [0]
0 708 [0]
6 698 [4]
219 489 [0]
0 702 [6]
1 701 [6]
50 654 [4]
2 707 [0]
9 697 [3]
7 701 [1]
20 687 [2]
76 630 [4]
27 683 [0]
4 705 [1]
142 568 [0]
10 696 [4]
27 681 [2]
276 434 [0]
2 701 [7]
5 699 [6]
29 678 [3]
15 695 [0]
103 600 [7]
2 702 [7]
22 686 [3]
45 664 [2]
126 586 [0]
0 712 [0]
2 710 [0]
4 708 [0]
7 705 [0]
27 685 [0]
66 644 [2]
32 676 [4]
53 659 [0]
6 704 [2]
2 708 [2]
1 704 [7]
8 699 [5]
36 677 [0]
79 634 [0]
6 707 [0]
248 465 [0]
98 614 [1]
7 706 [0]
48 658 [7]
13 700 [0]
255 458 [0]
10 699 [4]
33 674 [6]
14 699 [1]
9 705 [0]
3 711 [0]
10 700 [4]
8 701 [5]
14 700 [0]
7 703 [4]
14 696 [4]
0 709 [6]
8 705 [2]
9 706 [0]
355 360 [0]
2 706 [7]
9 701 [5]
8 702 [5]
8 703 [4]
1 715 [0]
2 714 [0]
6 710 [0]
294 422 [0]
12 701 [3]
10 702 [4]
16 693 [7]
1 708 [7]
10 703 [3]
2 713 [1]
14 702 [0]
4 707 [5]
17 699 [0]
3 708 [5]
69 647 [0]
5 707 [4]
9 708 [0]
8 709 [0]
1 709 [7]
6 709 [2]
7 711 [0]
5 713 [0]
88 624 [6]
9 709 [0]
164 554 [0]
11 707 [0]
83 635 [0]
7 708 [3]
16 702 [0]
7 709 [2]
7 707 [4]
5 714 [0]
38 679 [2]
64 654 [1]
0 713 [6]
41 676 [2]
35 683 [1]
223 496 [0]
227 493 [0]
2 718 [0]
97 617 [6]
128 585 [7]
80 634 [6]
10 706 [4]
154 562 [4]
5 715 [0]
77 637 [6]
8 712 [0]
10 710 [0]
176 544 [0]
4 711 [5]
12 706 [2]
226 494 [0]
6 715 [0]
1 713 [7]
25 689 [7]
295 423 [3]
0 714 [7]
6 711 [4]
2 712 [7]
10 712 [0]
8 711 [3]
1 721 [0]
3 714 [5]
19 697 [6]
5 718 [0]
4 719 [0]
2 720 [1]
27 693 [3]
102 614 [7]
18 705 [0]
0 718 [5]
0 717 [6]
7 715 [1]
8 716 [0]
0 724 [0]
49 675 [0]
158 566 [0]
2 715 [7]
7 714 [3]
199 519 [6]
2 716 [7]
48 670 [7]
1 717 [7]
204 521 [0]
8 713 [4]
6 717 [2]
8 715 [2]
12 710 [3]
51 674 [0]
117 608 [0]
5 716 [5]
7 719 [0]
4 722 [0]
4 721 [1]
359 367 [0]
82 643 [1]
3 718 [5]
0 720 [6]
7 717 [2]
2 725 [0]
9 718 [0]
36 691 [0]
87 640 [0]
94 632 [1]
43 680 [4]
5 717 [5]
20 706 [2]
0 728 [0]
6 722 [0]
13 715 [0]
111 617 [0]
9 715 [4]
6 721 [1]
10 715 [3]
2 719 [7]
6 720 [2]
318 411 [0]
79 650 [0]
103 625 [1]
8 717 [4]
27 700 [2]
104 622 [3]
0 723 [6]
1 722 [7]
20 710 [0]
80 650 [0]
5 720 [5]
14 712 [4]
7 721 [2]
22 704 [4]
35 693 [2]
9 717 [4]
5 726 [0]
8 721 [2]
186 542 [3]
16 712 [3]
6 719 [6]
7 722 [2]
48 677 [6]
30 695 [6]
83 649 [0]
12 719 [1]
39 686 [7]
8 720 [4]
21 709 [3]
0 733 [0]
1 732 [0]
2 724 [7]
8 725 [0]
2 730 [1]
1 726 [6]
9 721 [4]
8 726 [0]
36 698 [0]
25 703 [6]
4 725 [5]
99 636 [0]
2 733 [0]
0 729 [6]
1 727 [7]
16 716 [3]
6 725 [4]
4 731 [0]
109 626 [0]
56 679 [1]
5 727 [4]
8 724 [4]
7 725 [4]
38 696 [2]
6 728 [2]
1 728 [7]
8 723 [5]
4 733 [0]
4 728 [5]
7 727 [3]
1 729 [7]
2 734 [1]
188 549 [0]
10 723 [4]
29 704 [4]
6 729 [2]
53 683 [1]
60 672 [6]
10 724 [4]
2 736 [0]
8 727 [3]
8 730 [0]
5 728 [5]
0 732 [6]
4 729 [5]
99 639 [0]
147 592 [0]
1 738 [0]
9 727 [3]
70 668 [1]
143 590 [6]
2 737 [0]
126 613 [0]
5 729 [5]
6 731 [2]
48 691 [0]
103 630 [7]
100 634 [6]
25 713 [2]
121 616 [3]
8 728 [4]
16 724 [0]
9 728 [3]
366 374 [0]
0 734 [6]
302 438 [0]
1 740 [0]
7 730 [4]
8 729 [4]
10 728 [3]
1 733 [7]
10 732 [0]
76 666 [0]
7 731 [4]
0 736 [6]
15 721 [6]
1 741 [0]
6 734 [2]
9 733 [0]
14 724 [4]
8 732 [2]
10 729 [3]
1 734 [7]
8 731 [3]
38 702 [2]
5 732 [5]
276 462 [5]
0 743 [0]
10 730 [3]
4 738 [1]
9 731 [3]
20 719 [4]
11 725 [7]
18 721 [4]
4 735 [5]
4 740 [0]
6 738 [0]
9 735 [0]
1 736 [7]
4 741 [0]
8 737 [0]
4 736 [5]
334 411 [0]
263 482 [0]
318 427 [0]
0 739 [6]
27 716 [2]
145 599 [1]
7 739 [0]
2 744 [0]
51 694 [1]
13 732 [1]
203 539 [4]
272 472 [2]
11 735 [0]
53 693 [0]
48 698 [0]
7 735 [4]
36 711 [0]
68 675 [4]
6 740 [1]
1 739 [7]
21 722 [4]
202 542 [3]
8 735 [4]
93 653 [2]
0 748 [0]
2 746 [0]
211 537 [0]
0 742 [6]
8 736 [4]
2 739 [7]
9 736 [3]
5 738 [5]
36 707 [6]
14 732 [3]
8 741 [0]
79 669 [1]
5 739 [5]
357 392 [0]
33 714 [2]
5 745 [0]
149 601 [0]
2 748 [0]
5 743 [2]
4 746 [0]
42 704 [4]
8 738 [4]
7 741 [2]
80 669 [1]
0 745 [6]
0 751 [0]
5 741 [5]
85 663 [3]
1 750 [0]
28 723 [0]
341 410 [0]
10 737 [4]
9 740 [2]
38 712 [2]
143 603 [6]
4 748 [0]
5 742 [5]
7 744 [1]
10 740 [2]
10 739 [3]
22 729 [1]
13 739 [0]
343 409 [0]
4 743 [5]
2 749 [1]
14 737 [1]
2 751 [0]
10 743 [0]
1 752 [0]
0 747 [6]
9 744 [0]
85 665 [3]
56 696 [1]
178 570 [5]
28 726 [0]
109 645 [0]
4 745 [5]
23 731 [0]
10 741 [3]
27 724 [3]
7 746 [1]
9 741 [4]
90 658 [7]
10 745 [0]
1 747 [7]
12 740 [3]
9 743 [3]
8 742 [5]
2 753 [1]
2 754 [0]
1 755 [0]
45 706 [5]
22 734 [0]
0 750 [6]
6 748 [2]
100 650 [6]
22 733 [1]
27 726 [3]
5 752 [0]
16 737 [4]
5 747 [5]
140 617 [0]
9 745 [3]
119 638 [0]
8 750 [0]
56 702 [0]
5 748 [5]
10 744 [4]
4 749 [5]
6 746 [6]
2 756 [1]
8 747 [4]
0 759 [0]
3 754 [2]
1 751 [7]
2 750 [7]
327 432 [0]
6 749 [4]
9 747 [4]
5 755 [0]
4 756 [0]
6 754 [0]
5 750 [5]
0 754 [6]
10 747 [3]
7 749 [4]
10 746 [4]
11 749 [0]
75 685 [0]
21 738 [1]
8 749 [3]
90 670 [0]
9 746 [5]
2 752 [7]
1 753 [7]
16 742 [3]
25 730 [6]
6 753 [2]
76 681 [4]
38 723 [0]
27 732 [2]
3 756 [2]
181 580 [0]
10 748 [3]
348 414 [0]
2 760 [0]
4 753 [5]
5 757 [0]
317 440 [5]
79 682 [1]
318 441 [3]
229 533 [0]
10 753 [0]
2 761 [0]
9 754 [0]
0 757 [6]
80 682 [1]
2 759 [2]
29 734 [0]
272 491 [0]
5 756 [2]
35 726 [2]
5 753 [5]
343 420 [0]
2 762 [0]
10 750 [4]
2 755 [7]
8 756 [0]
237 527 [0]
8 751 [5]
28 737 [0]
3 762 [0]
8 752 [5]
9 756 [0]
8 753 [4]
8 755 [2]
252 513 [0]
6 756 [4]
16 750 [0]
1 765 [0]
8 758 [0]
51 714 [1]
20 746 [0]
21 741 [4]
20 744 [2]
141 626 [0]
0 767 [0]
377 390 [0]
36 725 [6]
2 764 [1]
0 761 [6]
6 761 [0]
2 758 [7]
3 759 [5]
26 741 [0]
39 728 [0]
27 737 [3]
105 661 [1]
8 760 [0]
2 766 [0]
294 474 [0]
45 719 [4]
5 758 [5]
211 557 [0]
5 759 [4]
3 766 [0]
7 762 [0]
230 539 [0]
10 757 [2]
0 762 [7]
114 650 [5]
39 729 [1]
344 426 [0]
1 762 [7]
51 718 [1]
50 716 [4]
325 445 [0]
16 751 [3]
8 762 [0]
0 771 [0]
0 765 [6]
13 757 [1]
5 762 [4]
16 755 [0]
9 759 [3]
131 640 [0]
7 763 [1]
1 771 [0]
2 769 [1]
54 713 [5]
6 764 [2]
1 764 [7]
16 752 [4]
2 763 [7]
279 493 [0]
8 765 [0]
9 764 [0]
8 761 [4]
2 771 [0]
356 417 [0]
49 722 [2]
0 768 [6]
4 770 [0]
8 766 [0]
16 758 [0]
4 763 [7]
126 642 [6]
14 757 [3]
7 765 [2]
10 760 [4]
82 693 [0]
5 770 [0]
8 767 [0]
5 765 [5]
10 765 [0]
4 766 [5]
25 743 [7]
100 669 [6]
2 774 [0]
2 767 [7]
103 666 [7]
8 764 [4]
2 773 [1]
198 575 [3]
0 770 [6]
4 772 [1]
3 774 [0]
2 768 [7]
4 773 [0]
1 769 [7]
6 771 [0]
10 763 [4]
25 745 [7]
9 763 [5]
12 763 [3]
80 692 [6]
5 768 [5]
0 772 [6]
83 688 [7]
9 765 [4]
1 770 [7]
4 769 [5]
53 726 [0]
2 777 [0]
69 709 [1]
7 770 [2]
27 752 [0]
76 700 [3]
16 760 [3]
353 426 [0]
4 771 [5]
56 724 [0]
9 771 [0]
28 750 [2]
28 752 [0]
56 723 [1]
326 454 [0]
1 772 [7]
313 467 [0]
5 776 [0]
9 769 [3]
5 771 [5]
8 768 [5]
2 778 [1]
7 772 [2]
8 769 [4]
9 773 [0]
5 773 [4]
1 774 [7]
8 770 [4]
10 772 [0]
173 609 [0]
272 508 [2]
8 772 [2]
221 560 [1]
385 397 [0]
73 709 [0]
20 763 [0]
2 781 [0]
5 774 [4]
9 774 [0]
9 770 [4]
114 669 [0]
27 757 [0]
6 778 [0]
8 773 [3]
23 754 [7]
378 406 [0]
27 755 [2]
16 768 [0]
1 776 [7]
263 519 [0]
51 727 [6]
7 773 [4]
34 743 [7]
98 685 [1]
2 783 [0]
0 785 [0]
3 782 [0]
8 774 [3]
6 779 [0]
27 758 [0]
206 577 [2]
2 782 [1]
69 717 [0]
141 645 [0]
8 776 [2]
2 784 [0]
22 761 [3]
16 767 [3]
4 775 [7]
34 745 [7]
28 758 [0]
8 779 [0]
5 778 [4]
4 778 [5]
10 777 [0]
6 775 [6]
22 764 [1]
2 786 [0]
6 780 [2]
12 775 [1]
7 775 [6]
100 682 [6]
70 717 [1]
101 688 [0]
1 788 [0]
8 778 [3]
8 781 [0]
126 660 [3]
7 780 [2]
5 782 [2]
1 781 [7]
6 777 [6]
85 704 [0]
87 702 [1]
0 790 [0]
8 782 [0]
11 779 [0]
7 779 [4]
9 778 [3]
29 761 [0]
115 675 [0]
13 776 [1]
5 781 [5]
8 783 [0]
10 781 [0]
75 716 [0]
4 782 [5]
103 681 [7]
6 783 [2]
1 783 [7]
11 773 [7]
3 789 [0]
0 792 [0]
44 748 [0]
2 790 [0]
267 522 [3]
100 692 [0]
6 782 [4]
16 776 [0]
36 756 [0]
4 783 [5]
10 780 [3]
5 788 [0]
232 558 [3]
281 512 [0]
4 788 [1]
1 785 [7]
0 787 [6]
9 780 [4]
1 793 [0]
1 786 [7]
6 786 [2]
151 641 [2]
2 785 [7]
0 788 [6]
22 771 [1]
199 596 [0]
1 787 [7]
22 769 [4]
6 787 [2]
4 786 [5]
227 567 [1]
14 781 [0]
9 783 [3]
27 768 [0]
5 791 [0]
8 788 [0]
4 792 [0]
27 767 [2]
45 746 [5]
2 792 [2]
50 742 [4]
229 566 [1]
2 793 [1]
10 787 [0]
0 797 [0]
114 682 [1]
28 767 [2]
0 791 [6]
8 785 [4]
21 772 [4]
215 583 [0]
1 797 [0]
341 457 [0]
2 795 [1]
112 686 [0]
13 785 [0]
26 772 [0]
9 786 [3]
38 760 [0]
9 784 [5]
33 759 [6]
20 775 [3]
44 753 [1]
152 646 [0]
180 618 [0]
8 791 [0]
20 777 [2]
8 787 [4]
60 733 [6]
6 789 [4]
2 796 [1]
3 792 [5]
5 795 [0]
7 789 [4]
6 794 [0]
8 789 [3]
2 797 [1]
10 788 [3]
5 792 [4]
183 615 [3]
0 795 [6]
6 793 [2]
2 798 [1]
1 801 [0]
6 796 [0]
7 794 [1]
6 792 [4]
9 793 [0]
107 694 [1]
7 796 [0]
1 802 [0]
6 797 [0]
9 794 [0]
27 776 [0]
1 795 [7]
42 761 [0]
8 790 [5]
265 538 [0]
86 716 [1]
6 795 [2]
7 792 [4]
14 790 [0]
10 790 [4]
6 798 [0]
9 792 [3]
5 797 [2]
0 798 [6]
21 780 [3]
4 795 [5]
9 795 [0]
16 785 [3]
192 612 [0]
5 800 [0]
0 799 [6]
8 793 [4]
148 652 [5]
4 796 [5]
9 796 [0]
10 795 [0]
90 711 [4]
50 751 [4]
22 783 [0]
38 767 [0]
53 752 [0]
5 796 [4]
4 797 [5]
20 784 [2]
1 798 [7]
24 781 [1]
0 800 [6]
103 700 [3]
11 796 [0]
2 805 [0]
9 798 [0]
364 443 [0]
1 799 [7]
4 802 [1]
6 802 [0]
1 807 [0]
121 684 [3]
1 800 [7]
105 703 [0]
7 797 [4]
5 798 [5]
400 408 [0]
85 720 [3]
36 766 [6]
2 807 [0]
4 805 [0]
7 802 [0]
8 801 [0]
7 800 [2]
23 779 [7]
9 800 [0]
21 788 [0]
3 801 [5]
5 799 [5]
155 654 [1]
189 621 [0]
2 808 [0]
11 792 [7]
10 797 [3]
6 804 [0]
82 726 [2]
4 801 [5]
79 731 [0]
216 593 [1]
16 791 [3]
51 759 [1]
1 804 [6]
7 803 [1]
8 799 [4]
7 801 [3]
87 724 [0]
48 756 [7]
149 661 [1]
10 799 [3]
0 812 [0]
8 800 [4]
53 758 [1]
7 804 [1]
0 811 [1]
22 787 [3]
0 806 [6]
281 532 [0]
9 801 [3]
93 714 [6]
5 808 [0]
6 807 [0]
2 804 [7]
45 763 [5]
7 805 [1]
6 808 [0]
0 814 [0]
2 812 [0]
128 679 [7]
177 636 [1]
1 811 [2]
51 762 [1]
284 530 [0]
27 785 [2]
130 684 [0]
9 805 [0]
98 716 [0]
343 472 [0]
10 805 [0]
6 803 [6]
7 807 [1]
9 802 [4]
36 773 [6]
2 811 [2]
1 815 [0]
5 811 [0]
64 751 [1]
7 809 [0]
0 810 [6]
20 794 [2]
106 710 [0]
1 808 [7]
9 808 [0]
147 670 [0]
4 812 [1]
69 747 [1]
80 731 [6]
43 772 [3]
1 817 [0]
109 706 [3]
2 809 [7]
10 808 [0]
8 808 [2]
27 791 [0]
3 811 [4]
36 782 [0]
5 814 [0]
4 815 [0]
189 623 [7]
12 807 [0]
8 806 [5]
22 793 [4]
49 770 [0]
267 549 [3]
259 560 [0]
2 810 [7]
1 812 [7]
0 813 [7]
297 523 [0]
6 812 [2]
10 806 [4]
36 778 [6]
64 755 [1]
179 639 [2]
45 775 [0]
216 604 [1]
0 821 [0]
7 811 [3]
10 807 [4]
6 815 [0]
70 747 [4]
48 766 [7]
256 565 [0]
3 813 [5]
6 809 [6]
9 807 [5]
80 735 [6]
22 798 [1]
19 801 [2]
1 821 [0]
10 812 [0]
6 814 [2]
5 813 [4]
13 808 [1]
50 768 [4]
227 594 [1]
85 734 [3]
4 819 [0]
2 821 [0]
7 813 [3]
8 810 [5]
22 795 [6]
10 809 [4]
83 740 [0]
0 817 [6]
4 814 [5]
327 497 [0]
14 810 [0]
1 823 [0]
56 767 [1]
6 816 [2]
9 815 [0]
7 815 [2]
8 812 [4]
384 440 [0]
6 819 [0]
8 817 [0]
20 803 [2]
48 778 [0]
8 818 [0]
7 817 [2]
403 423 [0]
1 819 [6]
309 517 [0]
9 814 [3]
8 816 [3]
0 827 [0]
8 815 [4]
50 776 [1]
4 823 [0]
20 804 [3]
7 819 [1]
7 820 [0]
4 818 [5]
20 805 [2]
7 816 [4]
10 814 [3]
75 751 [1]
10 817 [0]
21 802 [4]
2 824 [1]
38 790 [0]
256 572 [0]
9 816 [3]
22 799 [7]
10 815 [3]
1 828 [0]
10 819 [0]
6 821 [2]
344 478 [7]
20 807 [2]
2 826 [1]
16 810 [3]
4 820 [5]
409 420 [0]
7 818 [4]
1 822 [6]
2 828 [0]
0 830 [0]
8 822 [0]
348 482 [0]
9 817 [4]
0 824 [6]
6 823 [1]
51 774 [6]
2 829 [0]
5 826 [0]
341 485 [5]
8 823 [0]
2 822 [7]
32 799 [0]
36 789 [6]
20 809 [2]
8 819 [5]
257 575 [0]
3 829 [0]
344 488 [0]
9 820 [3]
2 823 [7]
7 825 [0]
1 824 [7]
8 820 [4]
10 822 [0]
8 825 [0]
359 474 [0]
189 643 [1]
135 696 [2]
82 752 [0]
22 812 [0]
6 828 [0]
28 806 [0]
11 816 [7]
4 825 [5]
69 765 [1]
107 727 [1]
7 824 [4]
4 826 [5]
0 836 [0]
1 835 [0]
10 826 [0]
9 824 [3]
8 824 [4]
22 814 [0]
2 827 [7]
386 450 [0]
76 757 [4]
9 823 [5]
1 829 [7]
4 833 [0]
27 810 [0]
60 771 [6]
4 828 [5]
48 789 [0]
0 831 [6]
7 826 [4]
21 815 [1]
7 831 [0]
8 826 [4]
2 836 [0]
4 834 [0]
5 833 [0]
0 832 [6]
11 820 [7]
8 830 [0]
28 810 [0]
36 796 [6]
68 770 [0]
2 837 [0]
2 830 [7]
356 480 [3]
1 831 [7]
99 736 [4]
5 835 [0]
0 840 [0]
3 837 [0]
8 829 [3]
343 491 [6]
9 828 [3]
82 758 [0]
322 517 [1]
8 828 [4]
227 614 [0]
2 839 [0]
6 833 [2]
9 829 [3]
64 776 [1]
0 835 [6]
98 742 [1]
50 791 [0]
100 735 [6]
197 644 [0]
9 833 [0]
4 838 [0]
353 488 [1]
129 712 [1]
6 836 [0]
41 799 [2]
8 834 [0]
14 827 [1]
298 544 [0]
105 730 [7]
16 822 [4]
8 835 [0]
16 827 [0]
137 705 [1]
4 840 [0]
388 456 [0]
158 685 [1]
361 483 [0]
6 838 [0]
14 830 [0]
10 831 [3]
0 838 [6]
2 835 [7]
102 742 [0]
0 837 [7]
147 698 [0]
2 843 [0]
3 842 [0]
4 841 [0]
294 545 [6]
201 644 [0]
8 832 [5]
8 833 [4]
347 498 [0]
7 834 [4]
10 833 [3]
56 790 [0]
23 816 [7]
1 838 [7]
5 837 [4]
2 842 [2]
38 806 [2]
94 748 [4]
10 832 [4]
0 847 [0]
2 845 [0]
5 842 [0]
9 838 [0]
94 753 [0]
7 837 [3]
141 706 [0]
171 676 [0]
13 835 [0]
23 825 [0]
196 652 [0]
2 844 [2]
1 840 [7]
8 837 [3]
5 838 [5]
8 841 [0]
9 840 [0]
27 822 [0]
85 761 [3]
0 843 [6]
16 830 [3]
7 841 [1]
166 684 [0]
28 822 [0]
7 843 [0]
33 811 [6]
33 813 [4]
1 844 [5]
69 780 [1]
9 842 [0]
6 839 [6]
16 832 [3]
128 723 [0]
14 832 [5]
200 651 [0]
22 828 [1]
343 508 [1]
49 800 [3]
21 831 [0]
151 701 [0]
3 844 [5]
10 841 [2]
4 849 [0]
0 853 [0]
5 843 [5]
4 848 [1]
5 841 [7]
172 682 [0]
6 848 [0]
16 835 [3]
149 703 [2]
6 846 [2]
347 506 [1]
93 762 [0]
0 855 [0]
21 833 [1]
8 844 [3]
86 768 [1]
1 848 [6]
7 848 [0]
45 805 [5]
9 846 [0]
4 850 [1]
27 827 [2]
12 841 [3]
421 435 [0]
25 824 [7]
9 844 [3]
109 744 [3]
0 850 [6]
10 843 [3]
1 849 [7]
35 822 [0]
1 856 [0]
6 849 [2]
39 814 [4]
7 846 [4]
25 826 [6]
28 827 [2]
295 562 [0]
109 746 [3]
8 846 [4]
6 851 [1]
8 845 [5]
8 850 [0]
1 850 [7]
2 855 [1]
9 849 [0]
147 711 [0]
22 836 [0]
6 850 [2]
0 859 [0]
4 855 [0]
27 830 [2]
79 779 [1]
233 626 [0]
7 851 [1]
5 854 [0]
8 851 [0]
7 850 [2]
4 854 [1]
5 849 [5]
211 648 [0]
10 845 [4]
9 848 [2]
104 755 [0]
2 857 [1]
2 858 [0]
12 848 [0]
13 847 [0]
22 838 [0]
73 780 [7]
5 850 [5]
0 854 [6]
341 514 [5]
8 853 [0]
80 779 [2]
4 851 [6]
10 848 [3]
5 856 [0]
4 856 [1]
7 854 [0]
2 852 [7]
305 556 [0]
10 851 [0]
20 839 [2]
2 860 [0]
6 856 [0]
51 811 [0]
27 832 [3]
1 854 [7]
10 849 [3]
356 507 [0]
1 862 [0]
4 852 [7]
99 764 [0]
56 806 [1]
5 853 [5]
137 721 [5]
90 766 [7]
6 852 [6]
11 846 [7]
60 798 [6]
9 855 [0]
263 596 [5]
121 740 [3]
7 858 [0]
265 598 [0]
0 865 [0]
245 618 [2]
2 862 [1]
12 852 [1]
164 701 [0]
16 845 [4]
198 667 [0]
51 813 [1]
0 860 [6]
22 840 [4]
4 857 [5]
5 857 [4]
9 852 [5]
38 827 [1]
16 847 [3]
2 865 [0]
1 866 [0]
4 863 [0]
6 857 [4]
5 862 [0]
8 859 [0]
75 791 [1]
410 457 [0]
56 810 [1]
10 854 [3]
0 861 [6]
98 768 [1]
2 859 [7]
1 867 [0]
6 862 [0]
8 860 [0]
427 441 [0]
8 856 [4]
7 857 [4]
99 769 [0]
1 868 [0]
2 867 [0]
8 861 [0]
348 519 [0]
29 836 [4]
1 869 [0]
38 832 [0]
6 858 [6]
260 607 [3]
6 860 [4]
7 860 [4]
159 711 [1]
2 869 [0]
4 867 [0]
5 861 [5]
21 850 [0]
181 686 [4]
302 569 [0]
68 800 [3]
10 862 [0]
109 763 [0]
10 858 [4]
294 573 [5]
8 862 [2]
8 865 [0]
294 579 [0]
281 587 [5]
2 864 [7]
4 868 [1]
209 663 [1]
0 874 [0]
2 872 [0]
325 546 [3]
7 863 [4]
25 843 [6]
47 823 [4]
7 866 [1]
53 822 [0]
11 857 [7]
8 863 [4]
9 862 [4]
28 845 [2]
350 525 [0]
21 854 [0]
33 842 [0]
344 524 [7]
27 845 [3]
20 852 [3]
6 868 [1]
7 867 [1]
23 846 [7]
197 678 [1]
27 847 [2]
4 866 [7]
0 877 [0]
1 870 [6]
6 870 [1]
7 868 [2]
293 584 [0]
86 791 [0]
8 864 [5]
10 866 [1]
22 855 [0]
14 859 [4]
6 872 [0]
0 878 [0]
39 838 [1]
7 870 [1]
10 864 [4]
43 831 [4]
6 866 [6]
7 871 [0]
87 790 [1]
8 868 [2]
311 567 [0]
407 471 [0]
16 859 [3]
5 867 [6]
297 581 [0]
10 869 [0]
1 878 [0]
2 877 [0]
9 870 [0]
8 869 [2]
12 867 [0]
10 865 [4]
100 779 [0]
22 853 [4]
22 856 [1]
14 864 [1]
8 867 [5]
357 522 [1]
9 871 [0]
88 786 [6]
16 861 [3]
4 870 [6]
5 872 [4]
12 866 [3]
409 472 [0]
35 845 [1]
4 872 [5]
9 868 [4]
233 645 [3]
5 875 [1]
7 875 [0]
0 882 [0]
0 876 [6]
6 875 [1]
29 853 [0]
107 774 [1]
0 881 [1]
2 873 [7]
190 692 [0]
344 531 [7]
1 875 [6]
277 605 [0]
7 874 [2]
8 875 [0]
10 873 [0]
15 862 [6]
2 881 [0]
8 870 [5]
4 879 [0]
7 872 [4]
211 665 [7]
8 872 [3]
15 868 [0]
8 871 [4]
1 883 [0]
16 864 [4]
34 843 [7]
56 827 [1]
12 870 [2]
16 865 [3]
1 876 [7]
106 777 [2]
0 885 [0]
29 856 [0]
2 876 [7]
0 886 [0]
18 868 [0]
1 879 [6]
7 879 [0]
14 869 [3]
8 873 [5]
9 875 [2]
45 839 [2]
6 878 [2]
203 680 [3]
51 829 [6]
2 884 [1]
4 883 [0]
56 830 [1]
6 881 [0]
8 877 [2]
7 880 [0]
8 879 [0]
10 874 [3]
69 817 [1]
9 874 [4]
337 551 [0]
9 879 [0]
39 849 [0]
141 744 [3]
56 832 [1]
3 881 [5]
20 866 [3]
8 876 [5]
10 875 [4]
51 837 [1]
129 760 [1]
1 889 [0]
8 882 [0]
8 878 [4]
11 872 [7]
9 877 [4]
4 881 [5]
12 875 [3]
27 861 [2]
10 876 [4]
10 877 [3]
8 883 [0]
6 879 [6]
14 876 [1]
13 877 [1]
89 801 [1]
7 883 [1]
32 856 [4]
305 585 [2]
30 862 [0]
2 883 [7]
2 891 [0]
0 893 [0]
8 885 [0]
23 863 [7]
109 784 [0]
178 710 [5]
16 877 [0]
4 884 [5]
16 873 [4]
358 535 [0]
429 464 [0]
36 857 [0]
6 888 [0]
0 894 [0]
2 885 [7]
1 893 [0]
4 889 [1]
28 864 [2]
5 883 [6]
24 869 [1]
51 842 [1]
27 864 [3]
14 877 [3]
410 485 [0]
6 889 [0]
27 865 [3]
5 885 [5]
297 597 [1]
6 883 [6]
16 876 [3]
7 884 [4]
51 844 [0]
73 817 [5]
5 891 [0]
80 816 [0]
2 894 [0]
10 882 [4]
114 779 [3]
79 816 [1]
95 801 [0]
9 884 [3]
12 883 [2]
8 889 [0]
1 896 [0]
4 888 [5]
350 548 [0]
42 853 [3]
6 891 [1]
0 892 [6]
8 890 [0]
79 818 [1]
21 874 [3]
7 889 [2]
99 793 [6]
157 739 [2]
53 845 [0]
8 888 [3]
49 850 [0]
38 859 [2]
2 890 [7]
7 888 [4]
2 896 [1]
1 891 [7]
13 885 [1]
11 881 [7]
8 886 [5]
9 888 [3]
2 898 [0]
6 894 [0]
20 880 [0]
27 873 [0]
198 699 [3]
31 867 [2]
14 887 [0]
14 886 [1]
219 677 [5]
50 847 [4]
2 897 [2]
8 891 [2]
23 871 [7]
10 887 [4]
43 854 [4]
45 852 [4]
7 895 [0]
80 820 [2]
9 891 [2]
0 896 [6]
60 840 [3]
0 903 [0]
5 896 [2]
4 894 [5]
22 878 [3]
28 873 [2]
136 767 [0]
10 891 [3]
8 896 [0]
359 545 [0]
79 825 [0]
0 897 [7]
6 898 [0]
16 885 [3]
14 890 [0]
4 895 [5]
7 894 [4]
1 904 [0]
27 876 [2]
13 891 [1]
7 898 [0]
28 876 [1]
3 897 [5]
1 897 [7]
1 898 [6]
38 865 [2]
1 905 [0]
10 896 [0]
5 897 [4]
109 794 [3]
11 888 [7]
8 893 [5]
10 892 [4]
93 813 [0]
6 899 [1]
16 887 [3]
8 899 [0]
212 695 [0]
0 901 [6]
215 688 [4]
8 895 [4]
357 549 [2]
5 903 [0]
192 713 [3]
7 899 [2]
0 902 [6]
9 899 [0]
36 872 [0]
2 905 [1]
122 786 [0]
1 900 [7]
25 884 [0]
5 899 [5]
1 901 [7]
276 631 [2]
16 890 [3]
4 900 [5]
35 873 [1]
0 904 [6]
4 906 [0]
1 909 [0]
330 580 [0]
8 902 [0]
12 898 [0]
281 624 [5]
14 892 [4]
5 900 [5]
45 866 [0]
292 619 [0]
3 908 [0]
253 658 [0]
10 901 [0]
2 902 [7]
50 861 [0]
122 783 [6]
1 903 [7]
8 901 [2]
106 804 [1]
2 903 [7]
27 885 [0]
16 893 [3]
8 900 [4]
8 904 [0]
2 908 [2]
10 898 [4]
28 882 [2]
222 686 [4]
9 898 [5]
10 899 [3]
9 900 [3]
64 847 [1]
79 834 [0]
177 736 [0]
0 908 [5]
6 907 [0]
8 905 [0]
9 904 [0]
209 704 [0]
8 903 [2]
10 900 [3]
18 889 [6]
319 594 [0]
6 905 [2]
426 488 [0]
9 901 [4]
4 910 [0]
371 543 [0]
1 906 [7]
0 913 [1]
2 911 [1]
15 899 [0]
109 805 [0]
14 901 [0]
1 914 [0]
5 904 [6]
7 906 [2]
13 901 [1]
27 886 [2]
2 912 [1]
109 803 [3]
31 883 [2]
3 913 [0]
28 886 [2]
8 906 [2]
7 907 [2]
229 685 [2]
2 914 [0]
266 650 [0]
60 855 [1]
47 870 [0]
6 911 [0]
2 913 [2]
5 908 [4]
10 903 [4]
6 912 [0]
34 884 [0]
100 818 [0]
109 809 [0]
2 909 [7]
2 915 [1]
8 911 [0]
129 790 [0]
5 909 [5]
1 911 [7]
2 910 [7]
14 903 [3]
38 882 [0]
0 914 [6]
2 918 [0]
9 907 [4]
7 913 [0]
9 908 [3]
147 766 [7]
20 898 [2]
85 836 [0]
5 911 [5]
4 916 [1]
16 902 [3]
7 915 [0]
0 916 [6]
27 893 [2]
1 921 [0]
4 917 [1]
6 910 [6]
17 904 [1]
6 914 [2]
2 919 [1]
22 900 [0]
4 913 [5]
40 877 [5]
2 920 [1]
259 662 [2]
9 911 [3]
309 609 [5]
8 915 [0]
119 804 [0]
16 904 [3]
1 915 [7]
7 910 [6]
14 904 [5]
12 910 [1]
0 922 [1]
2 922 [0]
1 923 [0]
5 914 [5]
410 514 [0]
8 916 [0]
8 912 [4]
9 912 [3]
18 906 [0]
1 916 [7]
385 539 [1]
4 920 [1]
291 634 [0]
436 489 [0]
1 917 [7]
5 915 [5]
10 915 [0]
10 912 [3]
38 886 [1]
1 918 [6]
9 913 [3]
6 917 [2]
24 901 [0]
190 735 [0]
38 887 [0]
100 820 [6]
0 926 [0]
6 920 [0]
8 914 [4]
7 918 [1]
7 917 [2]
4 921 [1]
79 846 [1]
199 722 [5]
53 873 [1]
7 920 [0]
22 905 [0]
191 736 [0]
10 914 [3]
6 919 [2]
1 919 [7]
5 917 [5]
4 924 [0]
1 927 [0]
4 918 [6]
8 920 [0]
16 909 [3]
9 915 [4]
25 896 [7]
276 647 [5]
21 907 [0]
141 784 [3]
9 920 [0]
6 923 [0]
30 899 [0]
283 646 [0]
3 922 [4]
0 923 [6]
432 497 [0]
2 928 [0]
1 929 [0]
38 892 [0]
5 925 [0]
92 838 [0]
27 903 [0]
8 922 [0]
33 897 [0]
444 486 [0]
7 921 [2]
38 890 [2]
454 476 [0]
9 917 [4]
5 920 [5]
105 826 [0]
1 930 [0]
8 921 [2]
5 921 [5]
83 841 [7]
5 922 [4]
100 825 [6]
8 923 [0]
322 609 [0]
8 918 [5]
2 930 [0]
7 923 [2]
4 928 [0]
7 922 [3]
113 818 [1]
19 913 [0]
6 927 [0]
20 910 [3]
5 923 [5]
174 754 [5]
12 918 [3]
247 686 [0]
10 920 [3]
7 927 [0]
2 925 [7]
22 912 [0]
100 834 [0]
10 921 [3]
6 926 [2]
0 928 [6]
266 669 [0]
1 934 [0]
141 794 [0]
256 679 [0]
7 924 [4]
83 848 [4]
128 806 [1]
114 816 [5]
1 935 [0]
397 539 [0]
9 927 [0]
0 930 [6]
8 924 [4]
22 914 [0]
6 928 [2]
9 923 [4]
93 837 [6]
232 705 [0]
1 936 [0]
3 934 [0]
107 829 [1]
8 927 [2]
211 720 [7]
21 917 [0]
5 928 [5]
9 929 [0]
2 934 [2]
4 929 [5]
27 909 [2]
8 926 [4]
0 932 [6]
113 825 [1]
1 931 [7]
10 926 [3]
0 933 [6]
5 929 [5]
6 931 [2]
8 932 [0]
9 931 [0]
327 613 [0]
7 931 [2]
21 916 [3]
5 931 [5]
1 940 [0]
2 939 [0]
10 928 [3]
8 929 [4]
4 937 [0]
7 932 [2]
15 920 [6]
5 936 [0]
85 853 [3]
288 653 [0]
5 930 [6]
2 940 [0]
8 934 [0]
10 932 [0]
38 902 [2]
21 921 [0]
91 847 [4]
79 863 [0]
101 841 [0]
0 936 [6]
5 932 [5]
455 487 [0]
50 893 [0]
0 943 [0]
8 930 [5]
56 886 [1]
5 934 [4]
39 900 [4]
2 941 [0]
121 819 [3]
6 937 [0]
7 936 [0]
344 600 [0]
209 734 [1]
6 936 [2]
7 934 [3]
69 874 [1]
10 931 [3]
16 925 [3]
18 927 [0]
453 492 [0]
66 878 [1]
5 935 [5]
0 939 [6]
0 946 [0]
1 945 [0]
4 942 [0]
6 940 [0]
26 921 [0]
179 764 [4]
2 944 [1]
141 803 [3]
0 941 [6]
2 943 [2]
97 849 [1]
8 938 [2]
14 933 [1]
8 935 [5]
45 898 [5]
56 890 [2]
5 938 [5]
10 939 [0]
10 936 [3]
8 941 [0]
4 945 [0]
17 930 [2]
56 892 [1]
51 897 [1]
9 940 [0]
6 942 [1]
9 936 [4]
29 914 [6]
3 944 [2]
56 887 [6]
6 944 [0]
0 950 [0]
1 942 [7]
7 937 [6]
1 949 [0]
2 948 [0]
3 943 [4]
12 937 [1]
8 942 [0]
79 871 [0]
5 946 [0]
22 929 [0]
10 938 [3]
0 945 [6]
31 918 [2]
7 942 [2]
6 946 [0]
3 949 [0]
73 874 [5]
3 947 [2]
10 942 [0]
107 844 [1]
8 939 [5]
100 846 [6]
27 925 [0]
383 570 [0]
2 951 [0]
87 865 [1]
5 948 [0]
7 943 [3]
179 769 [5]
7 946 [0]
141 809 [3]
22 926 [5]
29 919 [5]
130 819 [4]
16 930 [7]
80 871 [2]
4 944 [5]
433 520 [0]
109 839 [5]
8 946 [0]
9 945 [0]
256 696 [2]
0 948 [6]
189 758 [7]
9 942 [4]
29 926 [0]
105 843 [7]
54 896 [5]
7 944 [4]
9 943 [3]
5 945 [5]
14 938 [3]
7 949 [0]
9 947 [0]
10 946 [0]
3 951 [2]
8 945 [4]
6 951 [0]
14 939 [4]
8 949 [0]
21 932 [4]
20 937 [0]
4 949 [5]
2 955 [1]
477 481 [0]
7 947 [4]
0 952 [6]
8 947 [3]
10 945 [3]
4 953 [1]
64 893 [1]
16 939 [3]
3 956 [0]
51 908 [0]
98 861 [0]
2 956 [1]
2 950 [7]
6 949 [4]
9 946 [4]
1 959 [0]
4 956 [0]
4 951 [5]
178 777 [5]
1 953 [6]
7 953 [0]
8 952 [0]
32 926 [2]
2 959 [0]
6 955 [0]
7 954 [0]
28 933 [0]
0 955 [6]
33 922 [6]
2 958 [1]
421 540 [0]
27 933 [2]
6 956 [0]
1 954 [7]
83 875 [4]
22 940 [0]
24 938 [0]
3 954 [5]
8 951 [3]
355 606 [1]
4 954 [5]
59 904 [0]
1 962 [0]
10 953 [0]
1 955 [7]
255 707 [1]
102 861 [0]
8 950 [5]
15 942 [6]
4 960 [0]
2 962 [0]
6 954 [4]
27 935 [2]
10 950 [4]
2 961 [1]
176 785 [3]
14 950 [0]
9 953 [2]
16 948 [0]
7 957 [1]
2 963 [0]
8 954 [3]
49 916 [0]
185 780 [0]
403 562 [0]
114 846 [5]
0 959 [6]
14 952 [0]
7 959 [0]
461 505 [0]
83 879 [4]
9 954 [3]
111 849 [6]
6 958 [2]
8 953 [5]
6 959 [1]
21 945 [0]
27 939 [0]
372 594 [0]
4 963 [0]
79 888 [0]
0 961 [6]
8 956 [3]
318 645 [4]
2 964 [1]
9 959 [0]
10 958 [0]
84 884 [0]
75 893 [0]
433 534 [1]
9 960 [0]
6 962 [1]
16 950 [3]
1 961 [7]
8 959 [2]
5 964 [0]
7 962 [0]
121 848 [0]
6 961 [2]
100 863 [6]
6 957 [6]
344 625 [0]
171 799 [0]
19 949 [2]
2 966 [2]
5 965 [0]
8 958 [4]
109 858 [3]
9 958 [3]
227 742 [1]
27 941 [2]
347 617 [6]
366 604 [0]
332 638 [0]
0 965 [6]
2 969 [0]
16 952 [3]
9 962 [0]
7 960 [4]
165 804 [2]
38 933 [0]
9 957 [5]
211 761 [0]
8 964 [0]
6 964 [2]
10 959 [3]
7 963 [2]
284 687 [1]
106 866 [0]
4 967 [1]
121 851 [0]
1 964 [7]
8 960 [4]
5 963 [5]
8 963 [2]
13 959 [1]
4 962 [7]
4 968 [1]
2 972 [0]
2 965 [7]
282 692 [0]
1 967 [6]
64 909 [1]
6 968 [0]
6 967 [1]
80 888 [6]
344 630 [0]
8 962 [5]
154 821 [0]
6 969 [0]
5 966 [4]
7 968 [0]
27 948 [0]
43 932 [0]
4 970 [1]
221 754 [0]
6 970 [0]
386 590 [0]
268 705 [3]
6 966 [4]
12 962 [2]
9 967 [0]
433 541 [2]
9 963 [4]
1 969 [6]
69 907 [0]
151 823 [2]
44 928 [4]
2 973 [1]
9 964 [3]
345 631 [0]
1 968 [7]
10 967 [0]
0 977 [0]
149 826 [2]
7 966 [4]
7 969 [1]
2 975 [0]
100 871 [6]
8 966 [3]
20 957 [0]
6 972 [0]
15 963 [0]
374 604 [0]
1 970 [7]
113 863 [2]
8 968 [2]
233 744 [2]
1 978 [0]
2 977 [0]
7 970 [2]
50 925 [4]
7 972 [0]
8 971 [0]
10 969 [0]
256 723 [0]
87 887 [5]
7 973 [0]
324 656 [0]
2 971 [7]
14 965 [1]
5 973 [2]
61 917 [3]
2 979 [0]
22 958 [1]
8 973 [0]
12 969 [0]
10 968 [3]
9 968 [4]
27 952 [2]
7 975 [0]
8 974 [0]
45 937 [0]
12 967 [3]
238 743 [1]
4 973 [5]
0 976 [6]
5 978 [0]
2 974 [7]
200 782 [1]
4 972 [7]
238 745 [1]
1 983 [0]
9 975 [0]
12 972 [0]
11 966 [7]
16 965 [3]
173 811 [0]
197 787 [0]
10 975 [0]
310 675 [0]
423 562 [0]
114 871 [0]
130 851 [4]
255 725 [5]
263 722 [0]
5 981 [0]
10 973 [3]
2 983 [1]
272 712 [2]
14 971 [1]
1 979 [6]
0 980 [6]
10 977 [0]
73 907 [7]
0 981 [6]
6 975 [6]
166 819 [2]
4 982 [1]
2 984 [1]
15 968 [5]
327 660 [1]
10 974 [4]
36 947 [5]
4 984 [0]
379 609 [0]
201 787 [0]
6 982 [0]
129 859 [1]
2 980 [7]
50 935 [4]
5 979 [5]
9 981 [0]
38 950 [2]
8 982 [0]
2 981 [7]
23 960 [7]
1 982 [7]
16 971 [3]
68 916 [6]
386 603 [1]
13 976 [1]
2 987 [1]
7 984 [0]
20 969 [2]
8 978 [5]
14 977 [0]
0 985 [6]
50 941 [0]
18 968 [5]
51 934 [6]
203 788 [0]
8 984 [0]
4 988 [0]
48 944 [0]
18 970 [4]
36 956 [0]
8 979 [5]
38 952 [2]
14 974 [4]
7 983 [2]
5 982 [5]
16 976 [0]
109 880 [3]
20 972 [0]
29 961 [2]
69 923 [0]
27 965 [0]
5 983 [5]
16 977 [0]
0 993 [0]
36 951 [6]
16 974 [3]
8 980 [5]
8 983 [2]
126 860 [7]
0 994 [0]
10 980 [4]
5 984 [5]
7 985 [2]
28 965 [1]
8 981 [5]
5 987 [2]
382 612 [0]
51 943 [0]
479 515 [0]
10 985 [0]
7 988 [0]
5 985 [5]
181 814 [0]
396 599 [0]
14 981 [0]
16 979 [0]
20 975 [0]
2 986 [7]
9 983 [4]
1 995 [0]
93 897 [6]
5 991 [0]
8 988 [0]
56 939 [1]
4 987 [5]
5 986 [5]
277 719 [0]
6 991 [0]
16 981 [0]
0 991 [6]
7 989 [1]
16 978 [3]
25 973 [0]
17 981 [0]
100 895 [3]
6 990 [2]
7 987 [4]
50 948 [0]
14 980 [4]
407 591 [0]
2 989 [7]
3 992 [4]
317 677 [5]
4 990 [5]
356 639 [4]
1 991 [7]
8 991 [0]
10 989 [0]
9 988 [3]
69 931 [0]
91 909 [0]
64 935 [1]
10 986 [4]
5 990 [5]
27 971 [2]
10 987 [3]
186 810 [4]
6 995 [0]
5 996 [0]
4 997 [0]
5 992 [4]
8 993 [0]
5 995 [1]
10 991 [0]
28 971 [2]
296 705 [0]
7 992 [3]
48 947 [7]
141 858 [3]
8 992 [3]
4 999 [0]
6 997 [0]
7 995 [1]
4 994 [5]
121 879 [3]
10 990 [3]
55 947 [1]
305 696 [3]
75 925 [4]
5 999 [0]
38 965 [1]
15 983 [6]
0 998 [6]
255 749 [0]
27 976 [2]
7 997 [1]
494 511 [0]
88 911 [6]
16 986 [4]
21 985 [0]
11 988 [7]
9 995 [2]
2 997 [7]
9 994 [3]
14 993 [0]
12 995 [0]
126 881 [0]
199 802 [6]
10 994 [3]
85 919 [3]
438 569 [0]
27 978 [2]
27 977 [3]
9 999 [0]
56 952 [0]
36 966 [6]
8 995 [5]
478 531 [0]
12 997 [0]
20 989 [0]
38 971 [0]
130 879 [0]
188 818 [3]
34 973 [2]
5 997 [7]
10 996 [3]
317 691 [1]
344 666 [0]
8 997 [5]
27 979 [4]
86 925 [0]
502 509 [0]
8 999 [4]
132 874 [5]
25 984 [2]
8 998 [5]
99 905 [7]
75 935 [1]
25 987 [0]
38 974 [0]
216 796 [0]
179 828 [5]
195 815 [2]
27 986 [0]
14 998 [1]
28 986 [0]
38 977 [0]
297 718 [0]
324 689 [2]
186 830 [0]
35 979 [2]
135 882 [0]
128 882 [7]
22 990 [5]
70 946 [1]
186 827 [4]
131 887 [0]
282 735 [1]
25 994 [0]
474 545 [0]
264 755 [0]
410 608 [1]
166 851 [2]
45 972 [2]
341 674 [5]
38 980 [2]
22 991 [7]
233 784 [3]
35 986 [0]
129 887 [5]
161 861 [0]
291 731 [0]
131 890 [1]
75 941 [6]
290 732 [0]
75 948 [0]
98 925 [0]
22 996 [5]
94 928 [1]
28 993 [2]
100 924 [0]
126 894 [4]
141 880 [3]
188 834 [2]
129 890 [5]
27 998 [0]
344 681 [0]
22 999 [4]
477 547 [1]
87 939 [0]
137 889 [0]
424 602 [0]
56 971 [0]
233 794 [0]
128 892 [7]
439 589 [0]
481 547 [0]
28 998 [2]
39 990 [0]
39 991 [0]
31 997 [2]
50 976 [4]
115 916 [0]
33 992 [6]
294 738 [0]
38 993 [1]
129 902 [1]
97 929 [6]
43 985 [4]
272 760 [2]
340 695 [0]
34 994 [7]
83 953 [0]
233 803 [0]
56 974 [6]
424 610 [2]
113 924 [0]
203 831 [3]
56 980 [1]
98 941 [0]
104 935 [0]
39 999 [1]
122 911 [6]
89 949 [1]
79 960 [1]
450 590 [0]
53 986 [1]
64 976 [1]
87 950 [5]
39 996 [7]
107 934 [1]
89 954 [0]
51 992 [1]
209 836 [0]
99 940 [6]
85 961 [0]
98 948 [0]
463 583 [0]
117 922 [7]
233 809 [4]
350 697 [0]
137 906 [5]
90 951 [7]
56 993 [0]
304 745 [0]
442 607 [0]
127 919 [4]
353 700 [0]
450 603 [0]
204 847 [2]
83 967 [4]
75 978 [1]
56 998 [1]
95 954 [6]
277 775 [3]
215 841 [0]
417 639 [0]
148 912 [0]
82 979 [0]
384 677 [0]
471 591 [0]
87 977 [0]
137 927 [0]
211 853 [0]
185 874 [5]
263 802 [0]
86 978 [1]
256 806 [3]
176 885 [4]
109 957 [0]
152 912 [2]
281 786 [0]
87 980 [1]
281 783 [4]
184 884 [1]
377 693 [0]
363 707 [0]
150 923 [0]
154 919 [0]
216 857 [0]
525 548 [0]
121 953 [0]
80 988 [6]
427 645 [2]
243 832 [0]
534 541 [0]
233 839 [3]
145 929 [1]
113 960 [2]
384 691 [1]
197 878 [1]
190 888 [1]
139 941 [0]
201 878 [1]
248 831 [1]
83 995 [4]
109 975 [0]
231 853 [0]
410 674 [0]
137 942 [5]
188 895 [2]
143 938 [4]
122 964 [0]
125 962 [0]
139 948 [0]
267 818 [2]
361 727 [0]
299 785 [4]
179 905 [5]
130 953 [7]
233 858 [0]
192 896 [3]
230 854 [7]
275 817 [0]
485 608 [0]
216 872 [6]
100 988 [6]
383 710 [1]
469 626 [0]
105 984 [7]
359 738 [0]
97 999 [1]
185 907 [5]
444 652 [1]
141 957 [0]
147 951 [0]
382 713 [3]
147 944 [7]
158 941 [0]
133 965 [1]
533 566 [0]
105 987 [7]
344 757 [0]
109 989 [3]
282 820 [0]
232 868 [2]
267 834 [2]
112 990 [0]
354 750 [0]
129 974 [1]
343 760 [1]
367 738 [0]
318 784 [4]
131 974 [1]
317 789 [1]
154 955 [0]
112 996 [1]
129 980 [1]
137 970 [3]
147 956 [7]
148 958 [5]
255 857 [0]
213 899 [1]
188 924 [3]
225 890 [0]
141 975 [0]
117 992 [7]
318 794 [4]
325 791 [1]
233 880 [4]
378 739 [2]
295 821 [4]
407 714 [0]
186 933 [4]
536 588 [0]
232 889 [3]
318 803 [4]
180 947 [0]
149 973 [6]
277 852 [0]
141 989 [0]
287 843 [1]
198 930 [3]
272 859 [2]
202 933 [0]
149 984 [2]
299 835 [1]
149 987 [0]
393 743 [0]
203 932 [1]
361 774 [2]
565 572 [0]
486 652 [0]
266 871 [3]
556 585 [0]
256 882 [3]
232 906 [3]
297 842 [3]
167 976 [0]
145 999 [0]
183 963 [0]
536 611 [0]
348 802 [0]
324 824 [2]
463 688 [0]
356 793 [5]
265 886 [3]
532 624 [0]
431 726 [0]
495 663 [0]
503 655 [0]
318 839 [3]
383 777 [1]
232 927 [3]
351 812 [0]
267 895 [2]
386 781 [0]
371 797 [1]
183 983 [4]
543 628 [0]
500 672 [0]
206 964 [2]
536 633 [3]
334 839 [0]
272 902 [2]
181 996 [0]
181 990 [6]
357 818 [2]
190 988 [0]
581 597 [0]
437 744 [0]
458 725 [0]
250 932 [1]
357 825 [1]
186 993 [4]
356 828 [0]
241 944 [0]
299 885 [1]
236 950 [0]
528 659 [0]
327 860 [1]
186 998 [4]
524 666 [0]
277 910 [3]
361 829 [2]
357 834 [2]
267 924 [3]
258 933 [3]
243 952 [0]
290 903 [4]
318 880 [0]
268 927 [3]
359 833 [6]
202 993 [3]
588 611 [0]
305 892 [3]
412 788 [0]
232 970 [3]
280 926 [0]
297 908 [1]
458 749 [0]
202 998 [7]
343 859 [6]
327 881 [1]
483 727 [0]
427 784 [0]
276 931 [4]
292 915 [4]
233 975 [4]
528 683 [2]
459 754 [0]
295 919 [0]
236 977 [1]
230 985 [0]
277 937 [3]
530 687 [0]
553 664 [0]
222 996 [0]
533 685 [0]
276 936 [6]
407 813 [1]
557 665 [0]
560 662 [0]
588 633 [1]
255 966 [1]
327 894 [1]
278 944 [0]
403 821 [0]
389 835 [0]
358 865 [1]
600 625 [0]
427 794 [5]
233 989 [4]
586 642 [0]
238 994 [0]
452 780 [0]
525 708 [0]
600 630 [4]
427 803 [5]
450 781 [5]
478 757 [1]
294 945 [0]
503 737 [0]
500 733 [7]
247 996 [0]
423 821 [0]
611 633 [0]
480 764 [0]
343 902 [0]
565 679 [1]
277 972 [0]
323 926 [0]
411 839 [0]
566 685 [0]
295 955 [1]
309 943 [0]
352 900 [0]
284 969 [0]
258 993 [3]
386 869 [0]
295 961 [0]
548 708 [0]
346 911 [0]
357 895 [6]
356 905 [0]
355 901 [5]
333 929 [0]
601 661 [0]
350 913 [0]
621 643 [0]
322 943 [0]
508 760 [0]
292 983 [0]
391 884 [0]
294 982 [0]
507 769 [0]
480 793 [3]
473 804 [0]
469 809 [1]
318 957 [4]
557 720 [2]
570 710 [0]
357 924 [2]
336 949 [0]
421 863 [1]
313 976 [2]
432 860 [0]
342 951 [0]
361 934 [0]
356 940 [0]
465 831 [0]
550 748 [0]
581 718 [0]
342 956 [1]
325 978 [0]
601 703 [0]
407 897 [2]
474 833 [0]
427 880 [2]
395 916 [0]
401 912 [0]
597 718 [0]
596 722 [0]
450 869 [0]
532 786 [1]
464 856 [0]
330 990 [1]
403 919 [0]
605 719 [0]
432 894 [0]
469 858 [1]
386 938 [4]
582 747 [0]
601 730 [0]
363 966 [2]
399 933 [0]
341 992 [0]
500 840 [0]
530 807 [4]
659 683 [0]
581 759 [2]
359 982 [6]
522 825 [0]
367 982 [0]
582 765 [2]
570 777 [2]
442 909 [2]
614 742 [0]
616 740 [0]
438 917 [1]
578 778 [0]
497 860 [0]
377 979 [1]
592 766 [0]
597 759 [2]
403 955 [1]
500 855 [6]
661 703 [0]
452 907 [5]
401 958 [5]
593 773 [0]
521 847 [0]
677 691 [0]
405 964 [0]
403 961 [5]
477 893 [1]
595 776 [0]
385 985 [2]
423 955 [0]
627 751 [0]
605 775 [2]
421 960 [1]
562 821 [0]
397 985 [2]
427 957 [1]
665 720 [0]
423 961 [3]
480 905 [3]
661 730 [0]
393 994 [4]
655 737 [0]
450 938 [4]
491 902 [0]
497 894 [2]
475 922 [0]
441 957 [0]
462 936 [0]
410 992 [0]
679 723 [0]
540 863 [0]
672 733 [0]
552 867 [0]
480 940 [0]
581 842 [0]
538 886 [0]
645 784 [0]
559 870 [0]
644 787 [0]
703 730 [0]
651 782 [0]
704 734 [0]
597 842 [0]
525 913 [4]
467 976 [0]
558 889 [0]
556 892 [1]
565 882 [7]
571 887 [0]
469 989 [1]
605 852 [2]
517 943 [0]
499 963 [0]
641 823 [0]
479 986 [1]
558 906 [4]
552 918 [0]
677 789 [4]
549 924 [0]
725 749 [0]
585 892 [0]
550 928 [1]
691 789 [0]
626 858 [0]
679 806 [1]
710 777 [0]
719 775 [0]
613 881 [0]
530 969 [0]
540 960 [0]
597 908 [2]
672 840 [0]
689 824 [0]
516 999 [0]
605 910 [0]
607 909 [0]
655 864 [2]
715 808 [0]
644 878 [1]
546 978 [0]
714 813 [0]
672 855 [2]
558 970 [4]
619 915 [0]
684 851 [0]
542 998 [0]
603 938 [0]
561 981 [0]
605 937 [2]
704 836 [4]
552 997 [0]
735 820 [0]
622 935 [0]
589 971 [0]
618 947 [0]
763 805 [0]
771 798 [0]
734 836 [0]
770 800 [0]
733 840 [0]
647 931 [0]
605 972 [2]
616 967 [0]
733 855 [0]
667 930 [0]
794 803 [0]
762 837 [0]
737 864 [0]
774 829 [0]
715 891 [3]
668 946 [0]
774 844 [4]
718 908 [0]
719 910 [0]
810 830 [0]
716 925 [0]
649 995 [0]
781 869 [0]
818 834 [0]
741 921 [0]
822 845 [0]
829 844 [0]
794 880 [7]
686 996 [0]
803 880 [0]
780 907 [0]
740 967 [0]
775 937 [0]
818 895 [1]
845 873 [0]
738 982 [0]
729 991 [0]
735 988 [1]
834 895 [0]
793 940 [0]
743 994 [0]
821 955 [0]
832 952 [0]
867 918 [0]
889 906 [0]
809 989 [0]
826 984 [0]
826 987 [1]
889 970 [0]
912 958 [0]
951 956 [0]
