1000
8
500
0
1
2
3
4
5
6
7
8
9
10
12
20
45
78
277
605
719
775
937
910
852
972
413
553
664
106
119
165
473
804
178
240
335
349
383
570
710
777
332
638
338
866
109
141
214
233
318
334
411
839
427
441
957
645
784
794
803
880
437
744
469
626
858
809
989
975
706
746
763
805
898
58
228
246
284
530
687
807
969
402
31
118
552
867
918
997
883
47
125
962
151
164
461
505
554
701
555
641
823
559
870
83
101
215
463
583
688
841
376
446
121
130
166
684
851
819
879
953
616
740
967
848
490
576
635
649
995
875
447
13
14
16
17
59
904
96
198
257
449
575
667
930
699
561
981
27
28
35
53
82
189
621
643
623
758
207
377
390
693
979
431
726
752
146
428
479
515
986
528
659
683
822
845
873
503
655
737
864
38
56
87
108
398
129
131
225
890
571
887
640
974
272
329
343
409
420
472
491
902
508
760
859
712
790
980
162
236
950
977
358
535
865
702
724
939
110
128
135
256
305
556
585
892
696
565
572
679
723
806
882
243
832
952
136
767
169
186
202
258
399
933
993
542
998
439
589
971
518
810
830
827
265
538
886
598
536
588
611
633
133
370
965
205
354
750
671
876
50
64
75
86
98
102
116
123
161
861
227
279
493
311
567
319
372
594
614
742
139
158
229
533
566
685
941
948
293
584
716
925
768
273
321
325
445
546
978
791
104
264
755
365
622
935
477
481
547
893
627
751
91
175
204
262
521
847
260
442
607
909
270
155
314
654
167
313
467
976
176
187
210
217
261
298
544
299
389
835
394
785
885
595
776
76
103
344
353
426
488
700
478
531
757
524
666
600
625
630
681
170
290
732
903
40
142
568
877
63
24
143
306
386
450
590
603
938
781
869
416
355
360
606
901
574
157
378
406
739
239
271
715
808
891
959
15
18
137
232
268
296
300
705
927
558
889
906
970
868
320
504
721
942
404
968
30
124
212
340
695
274
453
492
213
316
899
862
52
183
292
307
619
915
983
499
963
615
920
21
26
43
203
230
242
385
397
539
985
854
248
465
831
250
285
932
251
269
412
788
680
400
408
772
81
673
741
921
49
61
72
199
263
348
414
482
519
802
596
722
302
438
569
917
68
115
156
310
675
362
395
916
134
160
218
770
800
850
69
70
138
276
345
631
434
462
936
647
931
286
582
747
765
668
946
717
73
132
185
226
494
511
452
780
907
874
275
817
369
419
709
150
923
425
195
312
815
224
294
359
367
738
982
474
545
833
422
573
579
945
418
451
22
29
32
41
171
676
799
620
77
326
454
476
529
637
280
323
926
429
464
856
42
85
127
154
295
403
423
562
821
955
961
919
209
244
381
495
663
704
734
836
211
220
231
853
537
557
665
720
648
761
289
373
629
66
197
201
644
787
878
678
415
351
812
460
657
914
39
74
433
520
534
541
92
112
181
222
247
686
996
330
580
990
814
223
496
387
838
97
111
140
347
498
506
617
564
182
237
527
849
145
333
929
352
900
396
599
516
999
424
602
610
728
729
991
44
94
249
550
748
928
632
753
60
88
122
206
405
964
577
281
512
532
624
786
587
783
346
911
526
672
733
840
855
771
798
99
177
191
736
636
179
356
417
639
480
764
793
940
905
507
769
828
430
563
148
152
252
513
283
401
912
958
646
196
444
486
652
308
388
456
795
25
34
84
184
391
884
193
208
235
331
105
149
601
661
703
730
826
984
987
973
254
287
301
843
238
304
745
364
443
393
743
994
470
484
54
192
382
612
713
896
163
234
324
656
689
824
120
168
371
543
628
797
11
23
57
62
174
221
259
560
662
459
754
79
80
100
113
188
267
357
392
522
825
549
924
818
834
895
421
435
540
863
960
468
114
172
682
266
650
669
871
337
551
779
816
846
190
282
692
735
820
988
888
291
634
731
144
153
375
36
48
55
180
245
303
618
947
339
90
147
159
466
711
219
241
278
944
317
384
440
677
691
789
436
489
342
951
956
368
502
509
592
766
670
698
253
658
510
578
778
756
200
651
782
216
255
363
707
966
366
374
604
458
725
749
857
593
773
796
872
37
315
46
126
327
432
497
860
894
613
881
660
586
642
792
19
65
89
95
328
336
949
801
954
350
525
548
708
913
697
33
51
93
288
653
407
471
591
714
813
897
762
837
107
194
361
483
727
774
829
844
934
380
448
694
117
297
523
581
597
718
908
759
842
341
410
457
485
608
514
674
992
475
922
173
309
322
379
609
517
943
811
501
67
71
455
487
690
0 1 [0]
0 2 [1]
1 2 [0]
0 4 [3]
1 3 [3]
0 3 [3]
1 4 [3]
2 3 [0]
3 4 [0]
0 8 [7]
1 7 [7]
0 5 [3]
2 4 [4]
1 8 [7]
2 7 [7]
3 6 [7]
4 5 [0]
1 5 [3]
2 5 [7]
0 11 [6]
1 10 [6]
3 8 [6]
4 7 [6]
5 6 [0]
3 5 [7]
1 12 [6]
6 7 [0]
2 12 [6]
3 11 [2]
5 9 [6]
0 7 [7]
1 6 [7]
2 6 [7]
1 14 [6]
2 13 [4]
6 9 [6]
7 8 [0]
0 9 [7]
5 7 [6]
2 11 [0]
2 14 [4]
7 9 [5]
0 10 [6]
6 11 [1]
5 12 [6]
7 10 [1]
4 6 [2]
3 7 [7]
8 9 [0]
1 9 [7]
2 9 [6]
2 8 [6]
1 17 [6]
6 8 [6]
3 9 [6]
2 10 [6]
4 9 [6]
5 8 [6]
4 8 [6]
7 11 [1]
7 12 [4]
0 13 [6]
9 10 [0]
0 14 [6]
2 18 [4]
4 11 [5]
1 13 [6]
1 15 [4]
6 10 [4]
4 10 [6]
8 12 [4]
6 15 [0]
2 19 [2]
9 12 [3]
2 15 [4]
5 11 [5]
5 10 [6]
8 11 [3]
4 12 [6]
2 16 [4]
8 10 [4]
0 16 [6]
5 17 [5]
6 12 [4]
10 12 [0]
9 14 [3]
10 13 [7]
5 13 [5]
1 16 [6]
0 17 [6]
8 13 [2]
1 18 [4]
2 17 [4]
8 14 [2]
5 14 [5]
7 15 [0]
6 13 [0]
10 14 [7]
4 19 [1]
1 19 [4]
4 15 [0]
1 24 [4]
4 21 [0]
2 23 [2]
9 13 [3]
7 18 [0]
0 19 [6]
7 13 [0]
8 15 [2]
5 15 [5]
1 25 [4]
8 16 [2]
2 22 [0]
6 18 [0]
7 14 [0]
3 23 [2]
10 16 [7]
5 21 [5]
5 16 [5]
1 21 [4]
10 15 [1]
8 18 [2]
6 19 [3]
9 18 [3]
1 26 [4]
9 16 [3]
9 11 [7]
13 14 [0]
0 21 [6]
8 17 [2]
3 19 [5]
4 18 [0]
10 17 [7]
1 20 [6]
1 22 [4]
8 19 [7]
9 15 [3]
2 20 [6]
9 19 [7]
0 22 [6]
10 18 [1]
4 22 [0]
4 20 [6]
9 17 [3]
5 20 [6]
4 25 [2]
2 25 [0]
6 21 [0]
7 19 [3]
0 23 [6]
14 16 [0]
2 28 [4]
1 29 [4]
7 21 [2]
6 20 [4]
0 24 [6]
2 24 [4]
6 22 [2]
6 23 [1]
8 22 [3]
9 22 [7]
2 29 [0]
1 30 [4]
10 21 [7]
7 23 [1]
0 25 [6]
12 20 [0]
5 27 [5]
0 26 [6]
1 31 [6]
4 23 [5]
7 20 [4]
10 22 [1]
5 22 [5]
8 21 [3]
15 18 [0]
7 25 [1]
0 27 [6]
8 25 [3]
2 27 [4]
9 21 [3]
16 17 [0]
11 23 [0]
8 23 [3]
9 20 [3]
10 24 [7]
8 24 [2]
0 28 [6]
1 27 [6]
5 24 [5]
5 30 [5]
6 29 [2]
4 29 [0]
4 26 [0]
13 16 [2]
7 26 [2]
10 20 [1]
5 25 [5]
1 28 [6]
0 29 [6]
2 30 [4]
3 33 [1]
10 25 [1]
5 31 [4]
9 24 [3]
8 28 [2]
10 26 [7]
5 26 [5]
2 35 [4]
5 32 [5]
8 27 [2]
8 26 [3]
2 31 [6]
8 29 [3]
0 33 [4]
2 33 [5]
1 32 [4]
5 33 [3]
5 28 [5]
6 30 [0]
2 34 [2]
14 17 [7]
9 26 [3]
10 28 [7]
13 24 [1]
0 32 [6]
1 33 [2]
4 32 [0]
14 24 [0]
5 34 [5]
3 36 [5]
5 29 [5]
9 23 [7]
7 30 [2]
3 37 [5]
7 33 [3]
13 27 [2]
2 36 [2]
8 32 [3]
6 32 [2]
0 34 [6]
9 31 [2]
10 29 [1]
5 36 [5]
7 34 [1]
4 37 [1]
8 33 [7]
8 31 [0]
8 30 [2]
2 37 [2]
9 25 [7]
4 31 [4]
6 31 [5]
1 41 [4]
0 42 [6]
2 40 [4]
9 30 [3]
6 33 [3]
1 35 [6]
5 38 [5]
0 43 [6]
6 36 [1]
1 42 [4]
6 37 [1]
8 35 [2]
12 31 [7]
10 32 [1]
4 34 [2]
0 37 [6]
7 31 [0]
10 27 [7]
8 36 [3]
2 38 [4]
0 38 [6]
5 39 [5]
1 39 [4]
7 36 [1]
10 34 [1]
15 30 [6]
1 40 [4]
8 37 [3]
9 36 [7]
8 34 [3]
5 35 [5]
4 36 [5]
4 39 [0]
0 39 [6]
5 41 [5]
8 38 [2]
0 40 [6]
9 37 [7]
16 27 [0]
2 42 [0]
6 39 [2]
2 45 [6]
0 41 [6]
5 42 [5]
4 41 [0]
10 30 [7]
21 26 [0]
7 37 [3]
16 28 [0]
11 37 [0]
1 47 [6]
5 43 [5]
14 27 [1]
6 42 [2]
8 40 [2]
2 44 [0]
8 39 [3]
1 43 [4]
10 38 [7]
9 40 [3]
0 49 [6]
2 47 [4]
11 36 [4]
14 28 [4]
5 44 [5]
8 41 [3]
6 41 [2]
9 39 [7]
10 39 [1]
14 35 [4]
1 44 [4]
9 33 [7]
0 50 [6]
4 44 [0]
6 44 [2]
2 46 [2]
0 44 [6]
9 34 [7]
0 51 [4]
3 48 [5]
22 29 [0]
10 41 [1]
8 42 [3]
0 46 [6]
6 46 [1]
1 45 [6]
2 50 [4]
8 44 [3]
10 35 [7]
7 43 [2]
4 43 [0]
2 48 [2]
5 46 [1]
6 47 [5]
13 40 [1]
4 45 [6]
10 42 [1]
6 48 [1]
1 53 [6]
8 43 [3]
2 52 [4]
1 49 [4]
3 51 [1]
5 49 [5]
7 47 [0]
8 46 [3]
9 45 [5]
1 51 [2]
8 47 [2]
22 32 [6]
27 28 [0]
4 46 [1]
2 51 [5]
7 48 [1]
1 50 [6]
10 44 [1]
10 45 [5]
16 35 [0]
6 45 [4]
9 47 [3]
16 40 [3]
7 46 [3]
5 52 [5]
2 55 [2]
7 45 [4]
10 40 [7]
5 51 [3]
4 48 [5]
6 49 [0]
4 47 [4]
14 40 [0]
11 46 [4]
2 54 [2]
10 47 [1]
5 48 [5]
7 49 [2]
2 56 [4]
6 52 [0]
4 49 [0]
9 49 [7]
12 47 [7]
2 53 [4]
8 48 [3]
16 38 [0]
1 54 [4]
12 45 [5]
5 54 [5]
25 34 [0]
14 38 [7]
3 57 [2]
5 55 [1]
10 43 [7]
8 50 [2]
5 50 [5]
0 54 [6]
8 49 [3]
7 52 [2]
1 60 [4]
2 59 [4]
8 53 [2]
29 32 [0]
4 52 [0]
7 51 [3]
2 57 [2]
0 56 [6]
9 46 [7]
4 58 [4]
10 52 [1]
27 35 [0]
7 54 [1]
8 52 [3]
7 55 [1]
0 63 [6]
0 57 [6]
28 35 [0]
3 55 [5]
5 53 [5]
22 41 [6]
6 58 [5]
2 62 [2]
4 60 [0]
9 48 [7]
4 55 [5]
6 57 [1]
2 60 [0]
22 39 [7]
13 50 [1]
2 58 [6]
9 52 [3]
7 57 [1]
1 64 [6]
2 63 [4]
8 54 [3]
21 43 [2]
1 58 [6]
4 61 [0]
10 54 [1]
7 58 [5]
27 38 [1]
20 45 [0]
0 59 [6]
6 60 [2]
1 61 [4]
0 66 [6]
8 55 [3]
8 56 [2]
4 62 [5]
4 57 [5]
1 59 [6]
0 60 [6]
8 51 [7]
0 67 [2]
1 66 [4]
6 61 [0]
0 61 [6]
9 51 [7]
28 38 [3]
16 50 [0]
10 50 [7]
5 63 [5]
15 52 [6]
8 60 [3]
0 62 [6]
8 57 [3]
1 63 [4]
1 68 [4]
0 69 [6]
22 44 [7]
2 67 [5]
5 58 [4]
9 60 [7]
5 59 [5]
8 59 [2]
0 65 [0]
26 43 [0]
2 65 [2]
10 58 [1]
1 65 [4]
0 70 [6]
9 59 [3]
4 65 [1]
7 61 [2]
5 60 [5]
4 66 [0]
8 62 [3]
12 58 [7]
10 53 [7]
9 54 [7]
2 64 [4]
14 56 [1]
7 62 [1]
0 64 [6]
21 49 [1]
3 62 [2]
4 67 [3]
5 66 [5]
9 55 [7]
5 61 [5]
22 42 [2]
3 67 [1]
0 71 [2]
1 67 [5]
8 63 [2]
0 73 [6]
16 53 [0]
32 41 [0]
9 61 [7]
3 65 [5]
9 57 [7]
10 56 [7]
1 69 [4]
16 56 [0]
8 66 [3]
29 42 [7]
0 68 [6]
6 66 [2]
5 64 [5]
8 64 [2]
16 59 [0]
5 70 [5]
6 69 [2]
1 70 [4]
7 65 [3]
5 67 [3]
3 71 [1]
9 67 [7]
4 72 [0]
8 68 [3]
17 59 [0]
8 65 [7]
0 77 [6]
1 76 [4]
7 70 [2]
4 68 [0]
10 66 [1]
1 72 [4]
1 71 [5]
8 69 [3]
9 68 [7]
14 63 [0]
7 68 [2]
9 69 [7]
4 74 [0]
7 71 [7]
7 69 [2]
5 68 [5]
0 72 [6]
8 70 [3]
6 70 [2]
9 62 [7]
1 73 [4]
2 71 [1]
13 64 [1]
13 63 [1]
6 73 [2]
5 71 [3]
0 79 [6]
1 74 [4]
5 74 [5]
9 70 [7]
5 69 [5]
23 57 [0]
9 71 [7]
2 78 [6]
0 80 [6]
27 50 [3]
10 63 [7]
14 59 [7]
1 75 [6]
0 74 [6]
6 74 [2]
6 72 [0]
6 67 [7]
10 70 [7]
27 53 [2]
9 65 [7]
28 53 [2]
16 64 [0]
2 75 [4]
7 67 [7]
0 75 [6]
20 58 [3]
5 77 [5]
22 60 [7]
5 72 [5]
0 76 [6]
7 73 [2]
16 63 [3]
1 77 [4]
8 75 [2]
27 56 [1]
8 74 [3]
4 77 [0]
21 61 [1]
25 54 [4]
8 76 [2]
0 84 [6]
1 83 [6]
6 78 [4]
8 73 [3]
19 65 [0]
6 71 [7]
36 48 [0]
9 72 [7]
33 51 [0]
4 81 [0]
7 78 [4]
5 75 [5]
1 78 [6]
28 56 [1]
23 62 [0]
1 85 [4]
10 76 [7]
6 80 [1]
8 77 [3]
6 79 [1]
8 71 [7]
5 76 [5]
10 69 [1]
4 78 [6]
0 87 [6]
2 85 [0]
3 79 [2]
5 82 [5]
8 79 [3]
9 78 [5]
10 77 [1]
7 79 [1]
0 81 [6]
5 83 [5]
4 84 [2]
2 86 [4]
2 82 [4]
9 79 [7]
2 84 [2]
35 53 [0]
7 80 [1]
4 79 [5]
2 87 [4]
6 83 [5]
9 73 [7]
1 82 [6]
4 80 [5]
11 79 [4]
9 74 [7]
21 68 [1]
8 82 [2]
7 81 [2]
13 76 [1]
10 73 [1]
6 85 [2]
0 85 [6]
11 80 [4]
1 86 [6]
5 81 [5]
8 80 [3]
21 69 [1]
2 90 [2]
12 78 [2]
7 84 [1]
0 86 [6]
2 88 [2]
8 81 [3]
8 83 [2]
36 55 [2]
1 92 [4]
9 81 [7]
1 88 [4]
0 89 [0]
14 76 [0]
4 83 [4]
27 64 [3]
38 56 [0]
4 88 [2]
6 88 [2]
1 89 [4]
5 84 [5]
10 83 [1]
21 72 [1]
9 83 [3]
4 89 [1]
8 85 [3]
8 87 [2]
2 93 [5]
7 83 [0]
6 89 [3]
16 76 [0]
21 73 [1]
5 85 [5]
22 66 [7]
10 84 [1]
4 92 [0]
1 95 [4]
1 93 [2]
22 74 [7]
9 80 [7]
5 86 [5]
1 91 [4]
8 86 [2]
16 75 [0]
3 93 [1]
6 90 [1]
8 89 [7]
8 88 [3]
0 93 [4]
0 91 [6]
10 87 [7]
2 91 [4]
3 89 [5]
8 90 [3]
0 98 [6]
3 95 [5]
29 66 [1]
10 81 [7]
6 92 [2]
3 90 [5]
2 94 [0]
0 92 [6]
5 88 [5]
20 78 [2]
9 89 [7]
7 90 [1]
5 94 [5]
1 94 [4]
5 93 [3]
4 90 [5]
7 89 [3]
1 99 [4]
2 98 [4]
6 94 [2]
7 93 [3]
4 95 [1]
9 84 [7]
0 94 [6]
9 92 [7]
14 87 [1]
5 91 [5]
2 96 [4]
0 96 [6]
5 97 [5]
7 95 [3]
16 82 [0]
12 83 [7]
1 97 [4]
8 94 [3]
5 92 [5]
21 81 [1]
6 95 [3]
4 99 [2]
10 92 [1]
48 55 [0]
6 97 [2]
2 99 [0]
4 94 [0]
4 97 [0]
1 96 [6]
9 95 [7]
2 102 [4]
22 77 [4]
9 88 [7]
16 87 [0]
27 75 [3]
0 99 [6]
10 94 [1]
13 91 [1]
5 101 [5]
27 76 [3]
23 79 [4]
8 96 [2]
5 96 [5]
9 97 [7]
9 90 [7]
8 95 [7]
8 97 [3]
0 107 [4]
6 100 [1]
9 96 [3]
7 100 [1]
6 99 [2]
23 80 [4]
16 86 [0]
9 99 [7]
0 108 [6]
5 98 [5]
26 81 [1]
8 98 [2]
0 102 [6]
10 97 [1]
7 101 [0]
1 101 [6]
8 93 [7]
8 100 [3]
19 89 [6]
5 99 [5]
2 107 [5]
4 100 [5]
0 103 [6]
4 101 [4]
2 105 [2]
25 84 [0]
1 104 [4]
27 82 [0]
4 106 [6]
0 110 [6]
3 107 [1]
49 61 [0]
16 91 [0]
5 105 [5]
1 107 [2]
2 104 [4]
8 102 [2]
22 88 [7]
8 99 [3]
2 109 [6]
8 103 [2]
10 101 [1]
11 100 [3]
0 105 [6]
8 101 [2]
8 104 [2]
0 112 [6]
5 102 [5]
28 82 [5]
2 106 [6]
5 107 [3]
7 105 [1]
32 77 [7]
5 103 [5]
7 106 [5]
10 96 [7]
39 74 [0]
29 77 [7]
16 96 [0]
9 101 [3]
1 106 [6]
2 108 [4]
19 95 [6]
7 107 [3]
4 105 [2]
8 105 [3]
5 104 [5]
29 85 [7]
17 96 [1]
22 85 [2]
50 64 [0]
4 111 [0]
6 109 [4]
8 107 [7]
1 111 [4]
6 106 [4]
2 110 [4]
9 100 [7]
27 86 [3]
10 106 [0]
10 105 [1]
4 113 [5]
6 111 [2]
22 92 [7]
4 109 [4]
13 103 [1]
27 91 [3]
9 109 [0]
10 108 [7]
8 108 [2]
4 112 [0]
34 84 [0]
4 115 [0]
1 118 [6]
8 111 [3]
0 117 [2]
57 62 [0]
35 82 [3]
16 98 [0]
10 109 [0]
16 103 [0]
10 110 [7]
1 115 [4]
6 114 [1]
9 111 [7]
6 112 [2]
12 101 [7]
12 106 [2]
8 110 [2]
10 103 [7]
14 103 [0]
1 120 [4]
2 119 [6]
27 87 [1]
7 109 [5]
0 115 [6]
7 113 [1]
9 112 [7]
10 111 [1]
16 104 [0]
3 117 [1]
12 109 [2]
5 111 [5]
49 72 [3]
22 99 [7]
2 120 [0]
5 117 [3]
8 114 [3]
5 112 [5]
7 114 [1]
2 116 [4]
22 97 [7]
23 100 [3]
9 114 [7]
45 78 [0]
9 107 [7]
16 102 [0]
6 118 [5]
9 115 [7]
2 118 [6]
2 117 [5]
49 68 [3]
8 113 [3]
8 117 [7]
4 121 [4]
2 123 [4]
6 119 [4]
5 115 [5]
0 126 [6]
36 90 [0]
1 125 [6]
2 122 [0]
0 120 [6]
8 118 [2]
8 115 [3]
20 106 [7]
5 116 [5]
8 116 [2]
1 119 [6]
6 120 [1]
42 85 [0]
7 117 [7]
1 122 [4]
5 122 [5]
4 119 [6]
9 118 [2]
11 114 [0]
50 75 [2]
2 126 [2]
0 128 [6]
4 122 [2]
1 121 [6]
27 98 [3]
7 120 [1]
5 123 [5]
10 112 [1]
9 113 [7]
3 126 [5]
1 124 [4]
16 108 [0]
4 125 [4]
14 108 [7]
8 121 [2]
38 87 [3]
4 120 [5]
0 123 [6]
5 118 [4]
11 113 [3]
5 120 [5]
12 118 [7]
7 118 [0]
10 120 [1]
25 105 [0]
2 124 [4]
6 122 [2]
8 122 [3]
8 123 [2]
2 129 [4]
2 125 [4]
8 120 [3]
10 119 [0]
4 126 [1]
7 119 [5]
2 127 [0]
16 110 [0]
27 102 [3]
0 132 [6]
5 127 [5]
7 125 [0]
6 124 [0]
1 127 [4]
10 121 [1]
6 121 [5]
5 126 [1]
7 124 [2]
6 127 [2]
0 133 [6]
7 121 [0]
27 103 [3]
9 117 [7]
9 121 [3]
7 126 [3]
12 119 [2]
33 93 [2]
8 125 [2]
0 127 [6]
6 126 [1]
9 124 [3]
61 72 [0]
0 134 [6]
4 130 [4]
22 112 [7]
27 104 [3]
5 124 [5]
39 92 [1]
2 133 [4]
0 129 [6]
8 124 [2]
53 82 [0]
0 136 [6]
6 130 [5]
21 115 [1]
9 125 [3]
20 109 [7]
8 127 [3]
6 125 [5]
23 114 [0]
8 129 [2]
16 116 [0]
11 126 [4]
1 130 [6]
2 131 [4]
8 126 [3]
48 90 [4]
2 136 [4]
0 138 [6]
44 94 [0]
6 132 [2]
50 86 [2]
8 128 [2]
10 128 [7]
28 110 [1]
9 122 [7]
69 70 [0]
1 138 [4]
8 131 [2]
1 134 [4]
16 123 [0]
64 75 [0]
10 130 [1]
12 125 [7]
27 110 [1]
12 121 [7]
8 130 [2]
39 97 [4]
50 91 [1]
4 137 [0]
1 140 [4]
2 139 [4]
0 135 [6]
10 131 [7]
7 132 [2]
23 113 [5]
0 142 [6]
14 128 [1]
1 137 [4]
9 130 [3]
34 105 [4]
27 108 [1]
7 130 [0]
9 134 [7]
5 138 [5]
5 133 [5]
6 137 [0]
27 116 [3]
56 87 [0]
8 133 [2]
7 134 [2]
8 132 [3]
69 73 [0]
16 128 [0]
1 143 [4]
51 93 [0]
8 136 [2]
5 134 [5]
2 143 [4]
5 140 [5]
8 134 [3]
15 124 [6]
8 137 [2]
10 135 [7]
8 135 [2]
0 139 [6]
20 119 [7]
8 138 [3]
1 145 [4]
9 137 [3]
10 136 [7]
7 137 [0]
6 138 [2]
10 129 [7]
2 141 [6]
14 133 [1]
7 138 [2]
16 131 [0]
22 122 [7]
60 88 [0]
9 132 [7]
6 140 [2]
2 142 [4]
5 139 [5]
38 108 [0]
8 139 [2]
14 135 [1]
8 140 [3]
16 129 [0]
10 132 [1]
31 118 [0]
9 141 [2]
10 140 [1]
50 98 [2]
16 133 [0]
5 145 [5]
14 129 [7]
6 144 [1]
0 144 [6]
9 142 [3]
1 150 [4]
4 145 [0]
2 149 [2]
2 147 [2]
38 110 [3]
8 143 [2]
10 141 [2]
45 106 [3]
6 141 [4]
15 137 [5]
2 146 [4]
14 131 [7]
8 142 [2]
39 111 [3]
2 148 [0]
7 144 [1]
4 144 [5]
1 152 [4]
27 123 [3]
4 149 [2]
7 141 [5]
12 141 [2]
1 146 [6]
5 143 [5]
1 148 [4]
10 142 [7]
6 148 [2]
2 152 [0]
21 132 [1]
7 147 [1]
0 148 [6]
10 137 [1]
39 112 [1]
8 146 [2]
8 145 [3]
9 145 [7]
6 147 [1]
30 124 [0]
0 155 [6]
18 137 [0]
45 109 [3]
4 151 [4]
3 147 [5]
27 128 [1]
50 104 [1]
10 138 [1]
13 142 [1]
16 139 [0]
9 143 [3]
8 144 [3]
64 91 [7]
1 155 [4]
33 117 [0]
0 150 [6]
4 147 [5]
7 149 [1]
9 140 [7]
13 143 [1]
10 145 [1]
21 134 [1]
16 136 [0]
1 156 [4]
28 128 [1]
4 153 [5]
6 151 [5]
4 148 [2]
2 151 [4]
8 147 [3]
8 150 [3]
6 152 [2]
6 150 [2]
2 154 [0]
51 107 [6]
50 102 [2]
1 151 [6]
9 150 [7]
8 151 [2]
8 148 [3]
79 80 [0]
5 149 [5]
1 154 [4]
14 142 [0]
29 127 [7]
10 148 [1]
11 144 [0]
7 150 [2]
10 149 [1]
9 151 [3]
8 149 [3]
9 144 [7]
6 154 [2]
6 153 [1]
5 150 [5]
14 143 [0]
0 154 [6]
10 143 [7]
0 161 [6]
75 86 [0]
10 150 [1]
4 152 [2]
7 153 [1]
16 142 [3]
0 162 [6]
0 156 [6]
1 157 [4]
8 152 [3]
0 163 [6]
0 157 [6]
27 133 [3]
7 151 [0]
10 146 [7]
2 157 [4]
10 152 [1]
7 157 [0]
28 136 [3]
28 135 [1]
2 158 [4]
28 133 [3]
27 136 [1]
9 148 [7]
0 158 [6]
5 154 [5]
8 153 [3]
5 155 [5]
1 164 [6]
4 156 [0]
5 160 [5]
8 157 [2]
8 155 [2]
8 158 [2]
2 164 [4]
5 156 [5]
27 139 [3]
6 159 [1]
12 151 [7]
38 128 [3]
56 110 [5]
0 160 [6]
16 146 [0]
22 145 [7]
1 166 [6]
2 163 [2]
24 143 [0]
3 159 [5]
2 165 [6]
8 159 [3]
7 159 [1]
10 157 [7]
5 157 [5]
1 163 [4]
9 152 [7]
9 156 [7]
64 104 [7]
5 158 [5]
4 159 [5]
11 153 [4]
20 141 [7]
27 135 [1]
4 165 [6]
38 131 [2]
13 155 [1]
9 153 [7]
7 160 [2]
2 168 [0]
7 163 [1]
8 162 [2]
14 157 [0]
8 160 [3]
6 165 [4]
38 133 [5]
8 161 [2]
5 161 [5]
49 115 [3]
47 125 [0]
10 162 [7]
50 116 [2]
9 160 [7]
4 163 [5]
1 165 [6]
38 135 [3]
5 168 [5]
38 129 [2]
7 166 [0]
1 168 [4]
50 123 [4]
2 167 [4]
0 167 [6]
51 117 [6]
22 148 [1]
13 157 [1]
5 163 [5]
42 127 [6]
25 149 [0]
8 164 [2]
16 155 [0]
10 163 [1]
4 166 [4]
4 164 [4]
75 98 [1]
5 170 [5]
2 173 [5]
4 171 [0]
8 167 [2]
9 166 [3]
1 170 [4]
2 169 [4]
0 169 [6]
0 173 [2]
6 168 [1]
10 166 [1]
0 176 [6]
2 174 [2]
8 166 [2]
1 171 [4]
7 168 [1]
0 170 [6]
9 164 [3]
7 164 [0]
2 170 [4]
2 175 [4]
1 176 [4]
5 167 [5]
0 171 [6]
3 173 [1]
3 174 [2]
6 166 [5]
22 152 [1]
16 161 [0]
38 136 [3]
7 165 [5]
75 102 [3]
28 146 [3]
1 173 [5]
4 168 [5]
6 172 [1]
10 168 [1]
21 156 [1]
2 177 [0]
8 171 [3]
8 169 [2]
12 164 [7]
12 165 [2]
9 163 [7]
8 168 [3]
76 103 [0]
6 174 [1]
80 100 [0]
27 146 [7]
79 100 [0]
2 178 [6]
75 104 [7]
7 172 [1]
0 174 [6]
5 171 [5]
0 175 [6]
4 177 [2]
5 173 [3]
35 146 [3]
13 167 [1]
40 142 [0]
4 178 [6]
1 177 [4]
7 174 [1]
5 177 [5]
10 171 [1]
21 160 [1]
27 155 [3]
2 176 [4]
16 167 [0]
1 182 [4]
2 179 [0]
3 180 [5]
34 149 [4]
0 177 [6]
8 172 [3]
16 162 [0]
14 162 [7]
68 115 [0]
14 169 [1]
39 140 [3]
86 98 [0]
83 101 [0]
1 179 [4]
89 95 [0]
13 170 [1]
56 129 [5]
0 185 [6]
11 172 [0]
2 183 [4]
27 158 [3]
8 174 [3]
56 128 [5]
5 175 [5]
6 177 [2]
36 147 [0]
0 179 [6]
2 184 [2]
4 182 [0]
8 176 [2]
5 176 [5]
10 169 [7]
29 154 [7]
5 180 [1]
0 187 [6]
5 182 [5]
6 181 [2]
4 181 [0]
0 181 [6]
10 170 [7]
14 170 [0]
7 173 [7]
8 180 [3]
1 187 [4]
8 177 [3]
2 186 [4]
27 161 [3]
6 178 [4]
6 182 [2]
10 178 [0]
1 183 [4]
39 145 [6]
7 180 [1]
6 179 [2]
4 179 [2]
45 141 [3]
56 131 [5]
5 184 [5]
16 170 [3]
13 175 [1]
4 180 [5]
9 173 [7]
7 178 [5]
13 176 [1]
7 183 [2]
8 182 [3]
9 181 [7]
16 169 [0]
8 179 [3]
0 184 [6]
9 174 [7]
49 134 [6]
5 181 [5]
16 175 [0]
2 189 [4]
6 185 [2]
7 184 [1]
50 139 [4]
7 185 [2]
0 192 [6]
4 188 [5]
4 183 [0]
79 113 [2]
12 178 [2]
0 186 [6]
75 116 [4]
56 135 [5]
25 163 [0]
20 165 [7]
10 182 [1]
16 176 [0]
2 191 [0]
4 184 [2]
56 136 [5]
2 187 [4]
5 183 [5]
9 177 [7]
27 162 [1]
0 194 [4]
9 185 [7]
8 183 [3]
80 114 [6]
10 183 [1]
10 185 [1]
8 187 [2]
9 179 [7]
9 183 [3]
79 114 [2]
23 172 [0]
80 113 [2]
87 108 [0]
48 147 [4]
6 190 [1]
2 192 [2]
8 186 [2]
1 189 [6]
1 191 [4]
7 188 [1]
9 180 [7]
28 169 [3]
2 193 [2]
27 167 [3]
23 174 [0]
7 190 [1]
1 192 [4]
9 188 [7]
1 194 [2]
5 187 [5]
0 191 [6]
2 194 [5]
2 196 [0]
42 154 [4]
10 181 [1]
1 197 [4]
3 194 [1]
22 171 [6]
9 182 [7]
5 189 [5]
8 189 [2]
8 188 [3]
75 123 [4]
6 191 [2]
8 191 [3]
47 151 [1]
36 159 [0]
0 193 [6]
4 190 [5]
53 146 [1]
15 183 [6]
1 195 [4]
4 196 [2]
4 191 [2]
98 102 [0]
14 186 [1]
7 192 [1]
9 184 [7]
27 170 [3]
4 195 [0]
13 187 [1]
6 195 [2]
0 201 [6]
8 190 [3]
11 190 [0]
1 196 [4]
7 193 [1]
69 132 [0]
1 201 [4]
68 134 [2]
16 186 [0]
27 175 [3]
4 193 [2]
5 194 [3]
5 192 [5]
6 197 [2]
0 197 [6]
3 200 [5]
10 192 [1]
8 192 [3]
9 194 [7]
22 181 [7]
38 162 [3]
27 176 [3]
1 203 [4]
8 196 [3]
7 195 [2]
2 200 [2]
11 188 [3]
32 171 [7]
9 195 [7]
2 198 [4]
7 194 [3]
92 112 [0]
6 196 [2]
1 199 [4]
10 193 [1]
0 198 [6]
22 179 [7]
73 132 [0]
9 196 [7]
20 178 [7]
10 195 [1]
4 200 [1]
1 198 [6]
50 155 [1]
5 195 [5]
0 199 [6]
49 156 [3]
10 196 [1]
21 185 [1]
33 173 [0]
16 187 [0]
5 200 [1]
8 195 [3]
9 190 [7]
6 199 [0]
7 200 [3]
1 206 [4]
5 197 [5]
10 197 [1]
6 200 [1]
9 191 [7]
83 121 [3]
2 206 [0]
8 198 [2]
7 199 [2]
97 111 [0]
10 198 [7]
8 197 [3]
0 202 [6]
50 158 [4]
70 138 [0]
4 199 [0]
5 198 [5]
6 201 [2]
0 209 [6]
5 204 [5]
8 201 [3]
8 194 [7]
0 203 [6]
9 200 [7]
49 160 [3]
9 193 [7]
4 203 [0]
16 189 [0]
38 169 [3]
0 204 [6]
88 122 [0]
69 138 [0]
5 206 [5]
0 211 [6]
5 201 [5]
0 205 [6]
2 205 [4]
9 199 [7]
8 200 [3]
48 159 [4]
10 201 [1]
41 171 [0]
2 208 [2]
8 202 [2]
7 203 [2]
85 127 [0]
2 211 [0]
5 203 [5]
2 209 [0]
27 186 [1]
100 113 [0]
2 207 [4]
50 161 [4]
6 206 [2]
5 209 [5]
16 198 [0]
8 203 [3]
1 207 [6]
1 209 [4]
28 186 [3]
6 209 [2]
4 206 [2]
25 184 [0]
8 205 [2]
83 130 [3]
5 205 [5]
47 164 [1]
75 139 [1]
14 202 [1]
0 210 [6]
7 208 [1]
23 188 [0]
98 116 [1]
5 211 [5]
87 129 [5]
2 210 [4]
0 217 [6]
9 208 [7]
25 192 [0]
8 206 [3]
8 207 [2]
21 195 [1]
4 208 [2]
1 212 [4]
6 212 [0]
0 218 [6]
5 208 [5]
17 198 [1]
5 213 [5]
16 202 [0]
25 193 [0]
100 114 [4]
1 213 [4]
102 116 [0]
36 180 [2]
56 162 [5]
27 189 [0]
2 212 [4]
7 212 [2]
2 217 [4]
10 208 [1]
4 215 [4]
14 198 [7]
6 211 [2]
28 189 [5]
10 203 [7]
8 210 [2]
8 211 [3]
2 214 [6]
1 215 [6]
14 205 [1]
21 199 [1]
5 210 [5]
2 216 [2]
5 216 [1]
6 213 [0]
9 212 [3]
34 184 [3]
22 196 [1]
16 204 [0]
6 216 [1]
87 131 [5]
10 205 [7]
22 197 [7]
9 206 [7]
7 215 [0]
69 150 [0]
1 217 [4]
9 213 [3]
7 213 [2]
16 205 [0]
13 204 [1]
5 218 [5]
22 201 [7]
79 144 [2]
8 212 [2]
2 219 [2]
9 214 [2]
2 220 [0]
3 221 [2]
8 216 [3]
8 213 [3]
10 214 [2]
13 210 [1]
50 167 [7]
80 144 [4]
6 214 [4]
9 216 [7]
4 216 [1]
2 221 [2]
39 182 [4]
68 156 [1]
106 119 [0]
8 215 [2]
5 215 [5]
16 207 [0]
4 222 [0]
16 210 [0]
7 219 [1]
8 218 [3]
102 123 [7]
29 197 [7]
7 214 [5]
39 181 [1]
6 219 [1]
50 175 [1]
56 169 [5]
64 155 [7]
10 215 [1]
7 216 [3]
0 220 [6]
4 218 [0]
5 217 [5]
3 219 [5]
7 218 [2]
8 217 [2]
0 221 [6]
38 186 [3]
8 220 [3]
5 223 [5]
6 221 [1]
7 221 [1]
6 220 [2]
4 219 [5]
0 229 [6]
1 228 [6]
5 224 [5]
1 224 [4]
4 223 [0]
0 223 [6]
15 213 [6]
2 228 [6]
9 221 [7]
8 219 [3]
68 160 [2]
15 212 [6]
21 203 [0]
6 222 [2]
10 213 [1]
4 224 [0]
51 173 [6]
5 220 [5]
34 193 [3]
27 202 [1]
0 224 [6]
1 230 [4]
0 231 [6]
11 216 [4]
2 229 [4]
9 222 [7]
2 225 [4]
28 202 [3]
64 167 [7]
13 217 [1]
6 224 [2]
5 227 [5]
0 226 [6]
57 174 [4]
5 222 [5]
28 205 [3]
2 231 [0]
7 226 [2]
80 153 [4]
0 227 [6]
16 217 [0]
10 222 [1]
25 208 [0]
7 224 [2]
27 207 [7]
75 158 [1]
4 230 [0]
12 215 [7]
5 229 [5]
48 180 [6]
9 218 [7]
6 228 [5]
10 223 [1]
6 226 [2]
27 204 [3]
8 227 [2]
10 224 [1]
55 180 [0]
8 224 [3]
8 225 [2]
0 236 [6]
4 232 [0]
10 226 [1]
75 161 [1]
22 209 [7]
0 230 [6]
4 228 [4]
7 230 [2]
8 229 [2]
90 147 [0]
97 140 [1]
98 139 [7]
1 232 [4]
79 153 [6]
1 237 [4]
4 234 [5]
28 207 [7]
8 231 [3]
4 235 [2]
5 228 [4]
2 233 [6]
5 234 [5]
2 235 [2]
10 228 [1]
21 218 [1]
9 223 [7]
1 234 [4]
64 176 [7]
36 200 [6]
10 230 [7]
1 239 [4]
0 234 [6]
22 211 [7]
6 232 [0]
12 228 [7]
29 211 [7]
5 230 [5]
9 232 [3]
2 239 [4]
4 237 [0]
85 154 [0]
29 209 [7]
20 214 [1]
5 231 [5]
7 232 [2]
9 233 [2]
2 240 [6]
2 238 [2]
5 237 [5]
8 232 [2]
10 225 [7]
2 236 [4]
9 226 [7]
30 212 [1]
34 208 [3]
7 234 [1]
2 241 [2]
53 189 [1]
8 234 [3]
6 237 [2]
16 225 [0]
35 207 [7]
56 186 [5]
38 202 [3]
3 241 [5]
6 233 [4]
30 213 [7]
10 234 [1]
0 238 [6]
4 241 [5]
0 239 [6]
5 235 [5]
7 233 [5]
10 233 [2]
97 145 [6]
8 238 [3]
4 242 [0]
2 244 [0]
10 235 [1]
23 221 [0]
64 175 [7]
7 239 [0]
38 205 [5]
14 225 [7]
21 224 [1]
54 192 [0]
8 236 [2]
43 203 [0]
8 237 [3]
1 246 [6]
7 240 [5]
15 232 [5]
4 238 [5]
1 242 [4]
22 222 [7]
0 248 [6]
2 246 [6]
7 241 [1]
10 237 [1]
16 227 [0]
6 241 [1]
5 238 [5]
22 223 [7]
0 242 [6]
4 240 [6]
1 248 [4]
8 239 [2]
7 242 [2]
0 243 [6]
49 199 [3]
10 238 [1]
22 220 [7]
87 162 [1]
1 244 [4]
0 250 [6]
10 239 [7]
6 240 [4]
109 141 [0]
9 234 [7]
18 232 [7]
0 244 [6]
21 230 [0]
2 249 [0]
121 130 [0]
20 228 [3]
5 246 [4]
8 243 [2]
9 239 [3]
42 209 [3]
9 235 [7]
111 140 [0]
64 187 [7]
5 242 [5]
10 240 [0]
90 159 [4]
8 241 [3]
13 239 [1]
16 236 [0]
80 172 [6]
6 244 [2]
36 216 [4]
14 239 [0]
6 247 [2]
10 236 [7]
3 245 [5]
7 245 [1]
9 238 [7]
5 249 [5]
4 246 [4]
20 233 [1]
1 249 [4]
9 245 [7]
42 211 [3]
105 149 [0]
4 245 [5]
12 240 [2]
5 244 [5]
2 253 [2]
4 251 [0]
6 249 [2]
1 250 [4]
69 185 [0]
0 249 [6]
0 256 [6]
2 254 [2]
4 252 [2]
2 252 [0]
1 251 [4]
8 245 [3]
8 248 [3]
9 247 [7]
22 231 [7]
98 158 [7]
0 257 [6]
7 250 [2]
14 236 [1]
1 252 [4]
27 227 [3]
5 247 [5]
10 247 [1]
0 251 [6]
14 243 [1]
6 246 [5]
4 248 [0]
7 248 [2]
0 258 [6]
56 202 [5]
10 248 [7]
73 185 [5]
4 249 [0]
79 172 [2]
7 246 [0]
25 234 [0]
6 253 [1]
0 259 [6]
4 255 [1]
5 254 [5]
27 229 [3]
2 255 [2]
10 242 [7]
36 219 [0]
0 260 [6]
10 243 [7]
129 131 [0]
20 240 [7]
98 161 [1]
0 254 [6]
25 235 [3]
45 214 [1]
5 250 [5]
6 252 [2]
6 255 [1]
2 259 [2]
12 246 [7]
8 253 [3]
5 251 [5]
8 250 [3]
7 253 [3]
5 255 [1]
53 207 [1]
50 204 [1]
9 252 [7]
10 251 [7]
3 259 [2]
39 223 [4]
1 261 [4]
8 251 [3]
7 254 [1]
8 254 [3]
4 253 [5]
8 252 [3]
29 231 [7]
4 254 [2]
25 238 [0]
128 135 [0]
2 257 [4]
10 252 [1]
66 197 [0]
42 220 [3]
1 257 [6]
16 243 [0]
102 161 [7]
5 260 [5]
1 260 [4]
10 254 [1]
7 255 [3]
5 261 [5]
6 259 [1]
10 249 [1]
91 175 [0]
2 260 [4]
8 255 [3]
8 256 [2]
2 265 [4]
4 263 [0]
5 257 [5]
39 222 [0]
10 250 [7]
61 199 [7]
0 261 [6]
79 188 [0]
2 261 [4]
7 259 [1]
38 225 [3]
84 184 [0]
8 258 [2]
0 262 [6]
27 236 [1]
1 263 [4]
5 264 [5]
21 248 [4]
20 246 [3]
66 201 [2]
1 264 [4]
9 253 [7]
14 256 [1]
2 264 [4]
11 255 [4]
21 242 [6]
48 219 [4]
8 261 [2]
6 263 [0]
27 243 [1]
82 189 [0]
0 265 [6]
115 156 [0]
34 235 [3]
8 264 [2]
5 262 [5]
106 165 [1]
7 263 [2]
22 247 [7]
0 273 [6]
4 269 [0]
1 268 [4]
14 258 [1]
8 265 [2]
10 256 [7]
29 244 [7]
21 251 [0]
42 231 [3]
1 273 [4]
2 272 [4]
1 269 [4]
49 218 [3]
10 257 [7]
64 210 [7]
6 268 [0]
21 250 [3]
13 260 [1]
7 266 [1]
13 262 [1]
0 275 [6]
1 270 [4]
7 268 [0]
9 263 [7]
0 269 [6]
9 259 [7]
64 204 [7]
79 190 [2]
13 261 [1]
7 267 [1]
16 260 [0]
7 269 [2]
4 267 [5]
80 190 [6]
99 177 [0]
8 268 [2]
0 270 [6]
2 270 [4]
16 257 [0]
34 238 [4]
100 172 [4]
1 271 [4]
1 276 [4]
8 269 [3]
38 236 [3]
17 257 [1]
4 268 [0]
16 261 [0]
8 266 [3]
43 230 [7]
22 252 [1]
0 271 [6]
7 271 [0]
16 262 [0]
45 233 [1]
14 257 [7]
8 267 [3]
0 272 [6]
2 271 [4]
0 279 [6]
50 227 [4]
99 179 [1]
5 269 [5]
14 265 [1]
2 273 [4]
57 221 [4]
6 271 [0]
11 266 [0]
1 274 [4]
8 272 [2]
9 271 [3]
1 275 [4]
9 268 [3]
39 237 [4]
7 274 [2]
127 154 [0]
3 278 [5]
5 271 [5]
8 271 [2]
36 245 [3]
84 193 [4]
56 225 [5]
16 265 [0]
4 278 [5]
9 266 [7]
2 278 [2]
10 272 [7]
6 274 [0]
0 276 [6]
64 217 [7]
8 273 [2]
16 264 [0]
6 275 [2]
5 273 [5]
9 267 [7]
9 275 [7]
1 283 [4]
6 278 [1]
7 275 [2]
106 178 [1]
13 270 [1]
13 271 [1]
38 243 [3]
119 165 [0]
5 274 [5]
21 263 [1]
6 276 [2]
2 283 [0]
1 284 [6]
7 278 [1]
9 276 [7]
7 276 [2]
2 277 [6]
4 277 [6]
1 280 [4]
2 281 [0]
27 258 [1]
8 274 [3]
28 256 [3]
68 218 [2]
0 286 [6]
1 281 [4]
10 275 [1]
6 280 [2]
58 228 [0]
8 275 [3]
42 244 [5]
9 274 [3]
114 172 [0]
9 277 [5]
0 280 [6]
5 276 [5]
4 280 [0]
23 259 [4]
0 287 [6]
8 279 [2]
121 166 [6]
28 258 [3]
6 277 [4]
27 261 [3]
34 254 [4]
120 168 [0]
2 287 [2]
1 288 [2]
8 280 [3]
6 283 [2]
7 282 [1]
6 282 [1]
23 266 [0]
5 279 [5]
39 247 [1]
100 188 [0]
6 281 [2]
43 242 [3]
7 277 [5]
18 268 [7]
16 270 [0]
4 281 [2]
23 267 [0]
99 191 [3]
6 284 [5]
1 285 [4]
2 284 [6]
8 282 [3]
27 260 [3]
9 281 [7]
1 286 [4]
36 255 [6]
1 290 [4]
0 285 [6]
10 280 [1]
27 264 [3]
4 282 [5]
12 277 [2]
3 288 [1]
82 207 [3]
8 281 [3]
2 288 [5]
16 272 [0]
111 182 [6]
10 276 [7]
36 253 [4]
112 181 [0]
9 284 [2]
48 245 [6]
14 272 [7]
2 289 [0]
27 265 [3]
28 265 [3]
48 241 [4]
0 294 [6]
8 283 [3]
10 284 [1]
100 190 [4]
1 289 [4]
10 283 [1]
5 288 [3]
21 269 [0]
134 160 [0]
6 286 [2]
1 294 [4]
7 286 [2]
15 274 [6]
43 251 [1]
2 293 [4]
85 209 [1]
44 249 [4]
7 287 [1]
43 248 [3]
10 285 [7]
0 289 [6]
5 284 [4]
11 282 [0]
5 285 [5]
91 204 [2]
7 284 [5]
8 285 [3]
5 286 [5]
0 290 [6]
2 290 [4]
130 166 [0]
69 226 [0]
84 208 [4]
144 153 [0]
20 277 [0]
1 296 [4]
43 250 [3]
5 292 [5]
6 289 [2]
5 287 [5]
8 286 [3]
139 158 [0]
10 287 [1]
38 256 [3]
1 292 [4]
2 292 [4]
7 291 [1]
7 288 [3]
8 290 [2]
9 282 [7]
6 291 [1]
88 206 [0]
8 289 [3]
8 287 [3]
5 289 [5]
0 299 [6]
2 297 [5]
12 284 [7]
2 295 [0]
38 258 [3]
0 297 [2]
85 211 [1]
119 178 [3]
9 283 [7]
56 243 [5]
0 293 [6]
9 291 [7]
2 298 [4]
148 152 [0]
1 295 [4]
10 289 [1]
6 294 [2]
5 290 [5]
4 291 [5]
27 270 [3]
4 294 [0]
8 292 [3]
73 226 [5]
3 297 [1]
6 295 [2]
0 301 [6]
0 295 [6]
113 188 [0]
8 293 [2]
10 290 [7]
107 194 [0]
7 292 [2]
8 294 [3]
75 227 [1]
8 291 [3]
55 245 [0]
1 302 [4]
13 290 [1]
5 293 [5]
1 298 [4]
10 286 [1]
83 215 [1]
27 273 [3]
8 288 [7]
75 229 [1]
9 292 [3]
0 298 [6]
48 253 [6]
20 284 [3]
5 294 [5]
1 299 [4]
30 274 [1]
2 301 [2]
85 220 [1]
1 300 [4]
2 299 [4]
4 296 [0]
5 297 [3]
10 294 [1]
7 296 [0]
4 302 [0]
3 303 [5]
8 296 [2]
22 281 [7]
21 285 [3]
58 246 [2]
27 279 [3]
147 159 [0]
38 265 [5]
7 297 [7]
8 299 [2]
15 292 [6]
22 280 [2]
14 290 [0]
4 304 [5]
7 301 [1]
8 300 [2]
5 298 [5]
9 296 [3]
8 298 [2]
22 283 [1]
5 299 [5]
9 300 [3]
4 300 [0]
8 301 [3]
10 292 [1]
2 308 [0]
0 304 [6]
9 294 [7]
6 302 [2]
9 302 [7]
1 310 [4]
5 301 [5]
13 298 [1]
1 306 [4]
7 303 [1]
7 302 [2]
0 305 [6]
0 309 [2]
56 256 [5]
5 302 [5]
10 301 [1]
49 263 [5]
13 299 [1]
1 307 [4]
4 303 [5]
32 280 [2]
43 269 [1]
1 312 [4]
0 313 [6]
3 309 [1]
2 307 [4]
9 297 [7]
38 272 [3]
10 304 [1]
6 308 [2]
5 304 [5]
0 308 [6]
16 298 [0]
8 307 [3]
1 314 [4]
8 305 [2]
92 223 [4]
151 164 [0]
56 258 [5]
21 294 [1]
8 304 [3]
25 287 [0]
1 309 [5]
29 280 [7]
5 311 [5]
2 309 [5]
7 307 [2]
5 306 [5]
8 308 [3]
101 215 [0]
10 306 [7]
8 306 [2]
85 231 [1]
1 316 [4]
9 308 [7]
132 185 [0]
4 308 [2]
5 307 [5]
0 311 [6]
5 313 [5]
3 315 [5]
10 308 [1]
18 300 [7]
4 312 [0]
22 289 [7]
9 306 [3]
16 299 [0]
23 291 [4]
84 235 [4]
7 312 [2]
9 310 [7]
9 307 [3]
50 262 [1]
2 313 [4]
4 310 [0]
2 315 [2]
9 303 [7]
50 270 [1]
27 290 [3]
2 318 [6]
5 310 [5]
0 314 [6]
9 304 [7]
4 315 [1]
6 312 [2]
33 288 [0]
0 321 [6]
0 315 [6]
1 320 [4]
8 311 [2]
18 296 [7]
8 310 [3]
56 265 [5]
2 317 [2]
0 322 [2]
6 316 [0]
45 277 [0]
13 306 [1]
10 305 [7]
6 315 [1]
6 317 [1]
8 315 [3]
10 312 [1]
7 309 [7]
2 321 [4]
8 312 [3]
21 302 [1]
27 293 [3]
14 306 [3]
87 236 [1]
10 307 [1]
1 323 [4]
8 314 [2]
5 319 [5]
64 260 [7]
109 214 [1]
34 287 [4]
0 325 [6]
3 317 [5]
7 317 [3]
7 316 [2]
98 227 [1]
0 319 [6]
9 309 [7]
7 315 [3]
27 299 [3]
1 321 [4]
3 322 [1]
5 316 [5]
14 305 [1]
50 273 [1]
0 327 [6]
7 320 [2]
13 313 [1]
13 314 [1]
29 295 [7]
98 229 [7]
8 316 [3]
4 324 [5]
8 317 [3]
2 324 [2]
9 312 [7]
6 320 [0]
122 206 [0]
0 323 [6]
9 320 [3]
64 264 [7]
2 322 [5]
1 324 [4]
8 319 [2]
9 318 [2]
102 227 [7]
8 321 [2]
85 244 [1]
4 320 [0]
25 301 [6]
6 318 [4]
11 315 [4]
0 324 [6]
7 318 [5]
1 325 [4]
48 278 [4]
50 279 [4]
42 289 [1]
5 326 [5]
6 323 [2]
5 321 [5]
8 323 [3]
1 326 [4]
56 272 [5]
61 263 [2]
2 327 [2]
9 322 [7]
16 311 [0]
8 324 [3]
4 327 [1]
24 306 [2]
15 316 [6]
16 313 [0]
21 310 [1]
7 324 [1]
43 285 [3]
4 326 [0]
25 304 [0]
9 324 [7]
1 332 [6]
8 325 [2]
4 328 [1]
1 328 [4]
22 308 [1]
16 314 [0]
64 262 [7]
10 316 [1]
21 312 [1]
5 324 [5]
10 323 [1]
6 327 [1]
7 328 [3]
4 331 [2]
5 325 [5]
5 330 [5]
33 297 [0]
64 270 [7]
2 331 [2]
112 222 [3]
2 329 [4]
3 327 [5]
15 320 [7]
16 319 [0]
6 328 [3]
8 326 [3]
97 237 [6]
0 329 [6]
2 334 [6]
112 223 [4]
3 328 [5]
7 322 [7]
4 330 [0]
124 212 [0]
8 329 [2]
1 336 [4]
2 335 [6]
4 333 [0]
9 328 [7]
10 320 [7]
10 326 [1]
7 327 [3]
2 332 [6]
18 320 [6]
5 333 [5]
7 331 [1]
11 327 [0]
8 327 [3]
6 330 [2]
1 333 [4]
75 264 [7]
8 328 [7]
20 318 [1]
2 338 [6]
10 330 [1]
51 288 [0]
42 295 [6]
4 332 [4]
6 335 [4]
5 331 [5]
4 336 [1]
27 311 [3]
36 303 [2]
33 309 [0]
2 340 [4]
3 339 [5]
8 333 [3]
6 332 [4]
34 304 [4]
7 335 [5]
109 233 [0]
90 253 [7]
7 336 [3]
6 336 [3]
2 339 [2]
27 313 [3]
94 249 [0]
4 335 [6]
2 342 [2]
7 337 [1]
3 336 [5]
27 314 [3]
3 341 [1]
148 196 [6]
6 337 [1]
10 332 [0]
7 332 [5]
16 325 [0]
10 333 [1]
12 332 [2]
6 334 [4]
9 334 [2]
1 340 [4]
69 275 [0]
1 338 [6]
5 339 [1]
50 293 [1]
30 316 [7]
1 345 [4]
4 338 [4]
79 267 [0]
10 329 [7]
38 305 [3]
7 334 [5]
9 330 [7]
7 340 [2]
9 331 [7]
8 336 [7]
7 339 [1]
70 276 [1]
9 339 [7]
73 275 [4]
8 337 [3]
2 341 [5]
6 340 [0]
8 340 [2]
10 338 [0]
4 339 [5]
11 337 [0]
69 276 [0]
1 348 [4]
5 341 [3]
9 333 [7]
27 319 [3]
12 335 [2]
2 343 [4]
75 273 [7]
0 343 [6]
6 342 [1]
2 346 [0]
8 342 [3]
0 350 [4]
7 338 [5]
16 329 [0]
0 344 [6]
9 341 [7]
8 339 [3]
6 338 [4]
3 342 [5]
48 303 [6]
0 351 [6]
1 346 [4]
27 321 [3]
0 345 [6]
4 342 [5]
7 341 [7]
4 348 [0]
37 315 [0]
80 266 [6]
12 338 [2]
25 324 [0]
79 266 [2]
22 323 [2]
51 297 [6]
22 326 [5]
2 351 [0]
9 337 [7]
36 317 [0]
8 343 [2]
6 345 [2]
91 260 [2]
5 344 [5]
8 346 [3]
2 350 [2]
111 237 [6]
7 345 [2]
9 345 [7]
10 344 [7]
6 346 [2]
4 351 [0]
1 354 [6]
2 349 [6]
4 346 [2]
27 325 [3]
78 277 [0]
1 350 [4]
20 335 [7]
91 262 [2]
6 347 [2]
9 346 [7]
5 345 [5]
32 323 [2]
22 330 [7]
15 340 [6]
4 350 [1]
141 214 [0]
20 334 [1]
22 333 [7]
69 286 [0]
131 225 [0]
1 351 [4]
5 346 [5]
8 341 [7]
2 354 [4]
25 331 [0]
6 348 [0]
19 336 [6]
8 347 [3]
2 355 [4]
7 350 [3]
5 347 [5]
4 349 [4]
7 348 [2]
129 225 [3]
1 352 [4]
14 343 [7]
70 286 [3]
0 358 [6]
3 350 [5]
4 352 [0]
49 302 [5]
14 344 [0]
13 344 [1]
32 326 [7]
55 303 [0]
132 226 [7]
86 273 [7]
20 332 [7]
29 323 [7]
6 349 [4]
6 351 [2]
105 254 [7]
119 240 [3]
0 353 [6]
9 348 [7]
0 360 [6]
10 343 [7]
8 351 [3]
2 356 [0]
4 356 [2]
1 355 [4]
0 354 [6]
4 357 [5]
0 355 [6]
1 356 [4]
75 279 [1]
8 352 [3]
33 322 [0]
7 349 [5]
12 349 [2]
50 311 [4]
56 305 [5]
5 352 [5]
10 351 [1]
112 247 [3]
80 282 [6]
29 326 [7]
10 345 [7]
2 361 [5]
1 362 [4]
9 347 [7]
4 359 [0]
91 270 [2]
10 353 [7]
176 187 [0]
5 353 [5]
16 344 [0]
50 313 [7]
8 356 [3]
0 364 [6]
51 309 [6]
3 361 [1]
23 337 [0]
45 318 [1]
9 355 [3]
16 343 [0]
5 354 [5]
10 347 [1]
2 358 [4]
1 361 [2]
1 359 [4]
6 356 [2]
8 354 [2]
10 355 [7]
34 331 [4]
48 317 [4]
8 355 [2]
8 350 [7]
7 357 [1]
1 360 [4]
4 362 [0]
5 361 [3]
2 360 [4]
13 353 [1]
100 266 [4]
147 219 [7]
5 359 [5]
9 350 [7]
49 310 [3]
38 329 [3]
4 363 [1]
2 363 [2]
6 359 [2]
100 267 [0]
139 229 [2]
2 366 [2]
5 363 [1]
177 191 [0]
0 362 [6]
9 352 [7]
61 302 [6]
8 358 [2]
8 360 [2]
104 264 [0]
8 357 [3]
10 358 [7]
75 293 [1]
8 361 [7]
64 298 [7]
10 352 [1]
88 281 [6]
13 355 [1]
137 232 [0]
10 359 [1]
20 349 [7]
10 360 [7]
2 368 [2]
5 365 [5]
6 363 [1]
9 361 [7]
8 359 [3]
14 353 [0]
16 354 [0]
1 365 [4]
19 350 [6]
128 243 [4]
0 371 [6]
4 367 [0]
7 361 [3]
50 314 [1]
10 354 [7]
2 365 [4]
50 319 [4]
30 340 [1]
8 364 [3]
1 371 [4]
5 362 [5]
9 356 [7]
14 355 [0]
5 366 [1]
1 367 [4]
22 351 [7]
51 322 [6]
21 348 [1]
7 366 [3]
8 362 [3]
4 364 [5]
7 363 [3]
6 366 [1]
8 366 [3]
8 363 [3]
5 364 [5]
27 344 [3]
50 325 [1]
2 373 [0]
6 367 [2]
10 364 [1]
39 330 [0]
50 321 [1]
36 339 [0]
4 366 [1]
2 371 [2]
9 359 [7]
8 365 [2]
80 291 [4]
6 368 [1]
0 369 [6]
79 291 [6]
5 371 [5]
13 360 [1]
3 368 [5]
0 370 [6]
141 233 [0]
2 370 [4]
64 313 [7]
5 372 [5]
4 368 [5]
14 360 [0]
8 369 [3]
10 367 [1]
22 352 [7]
5 367 [5]
6 369 [2]
98 279 [1]
0 378 [6]
3 375 [5]
1 373 [4]
2 374 [2]
6 371 [1]
7 369 [2]
8 367 [3]
0 372 [6]
11 363 [4]
36 342 [0]
86 293 [7]
24 355 [6]
2 377 [4]
7 371 [1]
175 204 [0]
0 373 [6]
45 334 [1]
8 368 [3]
16 358 [0]
8 372 [2]
0 380 [4]
5 374 [1]
9 364 [7]
5 370 [5]
8 370 [2]
85 295 [1]
10 369 [1]
23 357 [0]
113 267 [2]
33 341 [0]
4 371 [5]
102 279 [7]
1 380 [2]
2 379 [5]
6 374 [1]
21 359 [1]
68 310 [0]
0 375 [6]
8 373 [3]
10 371 [1]
11 366 [4]
93 288 [0]
16 365 [0]
22 356 [7]
38 343 [3]
7 375 [1]
0 382 [6]
5 377 [5]
6 375 [1]
27 353 [3]
5 373 [5]
29 351 [1]
1 382 [4]
1 376 [6]
0 379 [4]
1 378 [4]
8 375 [3]
3 379 [1]
21 362 [1]
45 338 [1]
3 380 [1]
1 377 [6]
4 375 [5]
14 370 [1]
2 378 [4]
4 376 [4]
27 354 [3]
7 374 [3]
10 373 [1]
56 329 [5]
64 314 [7]
9 369 [7]
114 266 [5]
2 383 [6]
27 358 [1]
8 374 [3]
28 354 [3]
2 381 [0]
39 347 [3]
5 381 [5]
1 381 [4]
8 376 [2]
2 382 [2]
75 311 [1]
5 376 [5]
100 282 [4]
0 381 [6]
4 383 [4]
3 384 [5]
6 381 [2]
158 229 [0]
9 371 [7]
7 378 [0]
8 377 [2]
2 380 [5]
8 380 [7]
0 388 [6]
9 376 [3]
5 380 [3]
186 202 [0]
128 256 [2]
176 210 [3]
21 367 [1]
7 376 [0]
2 384 [2]
5 378 [5]
10 378 [7]
1 388 [4]
4 385 [0]
11 374 [4]
48 342 [4]
2 388 [0]
24 360 [6]
11 375 [4]
7 382 [1]
4 387 [0]
5 386 [5]
135 256 [0]
9 375 [7]
21 369 [1]
1 386 [4]
13 378 [1]
0 385 [6]
6 384 [1]
39 352 [4]
2 390 [4]
51 341 [6]
7 385 [2]
5 382 [5]
7 384 [3]
25 364 [0]
2 386 [4]
105 287 [7]
1 387 [4]
6 387 [2]
0 393 [6]
8 382 [3]
176 217 [3]
6 383 [4]
7 379 [7]
0 387 [6]
16 372 [0]
0 394 [6]
6 388 [2]
75 319 [1]
1 389 [4]
0 395 [6]
2 389 [4]
147 241 [7]
9 386 [3]
27 365 [3]
12 383 [2]
174 221 [0]
14 378 [0]
12 376 [7]
9 379 [7]
2 391 [2]
0 389 [6]
8 384 [3]
55 339 [0]
5 385 [5]
100 291 [4]
10 383 [0]
1 395 [4]
8 388 [3]
9 387 [7]
10 386 [7]
8 386 [2]
9 380 [7]
27 370 [3]
0 397 [6]
4 393 [5]
16 377 [0]
9 388 [7]
10 387 [1]
1 390 [6]
187 210 [0]
0 391 [6]
75 321 [7]
28 370 [3]
10 388 [1]
0 398 [6]
7 391 [1]
22 373 [7]
8 390 [2]
5 388 [5]
98 293 [7]
197 201 [0]
4 395 [0]
7 392 [1]
36 363 [6]
8 389 [2]
38 358 [3]
1 394 [4]
5 389 [5]
5 395 [5]
14 386 [0]
5 390 [5]
4 391 [2]
4 396 [0]
8 392 [3]
2 394 [4]
9 391 [7]
4 392 [5]
1 396 [4]
75 325 [7]
5 397 [5]
8 394 [2]
129 272 [1]
27 372 [3]
34 364 [4]
10 385 [7]
181 222 [0]
122 281 [1]
1 402 [6]
124 274 [7]
10 393 [1]
13 389 [1]
5 393 [5]
77 326 [0]
8 396 [3]
27 377 [7]
152 252 [0]
2 398 [4]
8 393 [3]
29 373 [7]
2 403 [0]
0 399 [6]
2 401 [2]
1 400 [4]
0 406 [6]
10 396 [1]
5 396 [5]
137 268 [1]
21 385 [2]
7 397 [2]
8 395 [3]
0 400 [6]
2 405 [0]
6 401 [2]
13 394 [1]
2 406 [4]
2 402 [6]
1 403 [4]
36 368 [4]
16 389 [0]
9 393 [7]
1 408 [4]
2 407 [5]
6 403 [2]
8 401 [3]
0 403 [6]
1 404 [4]
8 399 [2]
4 400 [0]
61 348 [2]
16 394 [0]
3 407 [1]
1 405 [4]
2 404 [4]
16 390 [0]
5 400 [5]
1 407 [2]
20 383 [7]
24 386 [1]
38 370 [5]
10 401 [1]
25 382 [0]
0 407 [4]
1 406 [4]
49 362 [3]
185 226 [0]
8 400 [3]
5 407 [3]
2 410 [5]
22 387 [7]
6 404 [0]
51 361 [6]
33 379 [0]
35 377 [7]
4 402 [4]
9 396 [7]
29 381 [7]
2 411 [6]
9 402 [2]
9 404 [3]
3 410 [1]
105 301 [7]
22 388 [1]
7 404 [2]
10 402 [1]
6 402 [5]
6 405 [2]
117 297 [0]
7 407 [3]
10 397 [7]
0 408 [6]
16 398 [0]
8 404 [2]
7 402 [0]
14 399 [1]
0 415 [6]
5 410 [3]
42 373 [1]
56 358 [5]
86 325 [7]
2 409 [4]
5 405 [5]
0 409 [6]
10 398 [7]
10 406 [7]
4 412 [0]
21 395 [1]
25 391 [0]
8 405 [3]
5 406 [5]
12 402 [7]
4 413 [6]
9 401 [7]
69 345 [0]
4 408 [0]
10 400 [7]
98 319 [1]
102 311 [7]
1 412 [4]
0 418 [6]
1 417 [4]
8 410 [7]
178 240 [0]
0 412 [6]
22 396 [7]
25 393 [0]
2 417 [0]
0 419 [6]
1 418 [4]
4 415 [0]
8 408 [3]
84 331 [4]
8 409 [2]
27 389 [3]
10 409 [7]
89 328 [2]
14 398 [7]
1 414 [4]
8 412 [3]
5 415 [5]
1 413 [6]
15 404 [5]
1 415 [4]
7 410 [7]
10 404 [7]
5 416 [5]
21 400 [1]
27 394 [3]
9 405 [7]
6 411 [4]
2 413 [6]
1 416 [4]
13 406 [1]
5 412 [5]
18 404 [6]
76 344 [3]
4 418 [0]
48 368 [4]
6 414 [0]
9 413 [5]
2 416 [4]
6 415 [2]
14 406 [0]
14 409 [7]
7 411 [5]
5 418 [5]
8 415 [3]
80 337 [6]
21 397 [2]
95 328 [0]
127 295 [1]
6 413 [4]
7 414 [2]
42 381 [5]
50 372 [4]
36 384 [0]
1 419 [4]
27 390 [7]
9 416 [3]
115 310 [2]
89 336 [2]
6 419 [2]
7 413 [5]
34 391 [3]
7 418 [2]
10 408 [7]
8 417 [3]
180 245 [0]
6 417 [2]
9 414 [7]
8 418 [3]
9 417 [7]
0 420 [6]
10 416 [7]
6 418 [2]
2 420 [4]
22 401 [1]
12 413 [2]
5 422 [5]
8 419 [3]
1 422 [4]
109 318 [0]
147 278 [7]
27 399 [1]
2 423 [0]
7 419 [2]
4 424 [0]
1 423 [4]
28 399 [3]
0 422 [6]
4 422 [0]
2 427 [6]
1 428 [6]
20 402 [3]
5 424 [5]
10 412 [7]
6 423 [2]
0 423 [6]
7 421 [1]
2 428 [4]
0 430 [6]
1 429 [4]
13 416 [1]
6 422 [2]
8 420 [2]
10 419 [1]
8 422 [3]
26 400 [1]
1 425 [4]
9 421 [7]
0 424 [6]
39 387 [4]
53 377 [1]
64 365 [7]
4 421 [5]
16 409 [0]
21 408 [1]
0 425 [6]
5 426 [5]
43 385 [3]
148 283 [6]
34 393 [4]
211 220 [0]
76 353 [2]
6 424 [2]
0 432 [6]
95 336 [6]
181 247 [4]
0 426 [6]
8 421 [3]
68 362 [2]
27 398 [1]
20 411 [1]
29 403 [7]
48 384 [4]
203 230 [0]
174 259 [4]
0 433 [6]
97 333 [6]
4 429 [0]
14 416 [0]
5 428 [5]
10 422 [1]
21 412 [0]
6 425 [2]
8 424 [3]
14 420 [7]
4 430 [2]
2 432 [2]
2 430 [0]
137 296 [1]
7 425 [2]
9 418 [7]
3 432 [5]
1 434 [4]
0 429 [6]
26 408 [1]
1 430 [4]
88 346 [6]
9 419 [7]
6 430 [2]
8 428 [2]
8 425 [3]
51 380 [6]
10 425 [1]
137 300 [5]
10 420 [7]
6 427 [4]
2 431 [4]
128 305 [5]
6 429 [2]
4 432 [1]
175 262 [0]
10 426 [7]
8 429 [3]
9 427 [2]
5 433 [5]
9 422 [7]
69 369 [0]
1 431 [6]
90 342 [6]
1 438 [4]
3 436 [5]
21 418 [1]
79 357 [0]
4 433 [0]
5 429 [5]
21 414 [1]
7 427 [5]
6 432 [3]
9 424 [7]
38 399 [3]
0 434 [6]
4 436 [5]
2 436 [2]
33 407 [0]
5 430 [5]
152 283 [6]
8 431 [2]
135 305 [4]
9 425 [7]
6 433 [2]
5 431 [5]
100 337 [4]
10 424 [1]
8 430 [3]
22 417 [7]
8 433 [3]
54 382 [6]
4 438 [0]
6 434 [2]
7 432 [3]
211 231 [4]
5 438 [5]
0 443 [6]
8 432 [3]
7 435 [1]
1 442 [4]
3 440 [5]
43 400 [1]
43 397 [3]
38 398 [0]
2 437 [6]
208 235 [0]
7 434 [2]
14 426 [0]
6 436 [1]
112 330 [3]
33 410 [0]
8 436 [3]
6 438 [2]
5 434 [5]
2 440 [2]
10 434 [7]
4 435 [5]
16 428 [0]
176 261 [3]
7 436 [3]
29 415 [1]
22 415 [7]
49 395 [6]
7 438 [2]
87 358 [1]
2 439 [4]
109 334 [0]
106 338 [3]
21 425 [1]
23 421 [0]
8 435 [3]
24 416 [6]
9 430 [7]
9 438 [7]
5 442 [5]
8 439 [2]
73 369 [5]
97 347 [7]
75 365 [7]
6 440 [1]
103 344 [0]
2 441 [6]
0 448 [2]
4 444 [2]
9 437 [2]
75 372 [1]
6 437 [4]
2 444 [0]
0 442 [6]
2 442 [4]
186 258 [4]
20 427 [1]
10 437 [1]
2 447 [4]
143 306 [0]
1 444 [4]
9 433 [7]
154 295 [0]
22 424 [7]
7 437 [5]
4 446 [4]
53 390 [1]
1 448 [2]
8 440 [3]
0 451 [6]
0 445 [6]
9 435 [7]
6 441 [4]
203 248 [1]
3 448 [1]
22 429 [2]
4 443 [5]
2 450 [4]
8 444 [3]
43 408 [1]
9 441 [2]
6 444 [2]
5 448 [3]
126 327 [0]
14 439 [1]
7 441 [5]
5 443 [5]
209 244 [0]
1 446 [6]
1 453 [4]
203 250 [1]
10 444 [1]
10 443 [1]
119 332 [3]
1 447 [6]
29 423 [2]
0 455 [2]
1 450 [4]
198 257 [0]
4 451 [0]
99 356 [1]
2 449 [4]
4 447 [4]
5 445 [5]
8 445 [2]
43 412 [1]
22 433 [7]
27 428 [7]
188 267 [0]
1 455 [5]
0 456 [6]
203 251 [1]
119 335 [3]
5 446 [5]
27 426 [3]
1 449 [6]
114 337 [5]
1 451 [4]
103 353 [2]
16 439 [0]
1 456 [4]
2 455 [1]
9 448 [7]
20 437 [1]
8 447 [2]
10 446 [1]
45 411 [1]
6 447 [0]
2 456 [0]
29 429 [7]
6 452 [2]
45 413 [3]
7 451 [2]
137 320 [1]
9 446 [3]
7 446 [0]
90 368 [6]
0 452 [6]
10 447 [1]
7 448 [3]
51 407 [4]
117 341 [4]
7 447 [0]
2 457 [5]
6 451 [2]
3 455 [1]
28 428 [3]
9 447 [3]
5 454 [5]
5 449 [5]
83 376 [3]
111 347 [0]
6 453 [0]
1 454 [4]
7 452 [2]
129 329 [1]
21 438 [1]
9 443 [7]
2 458 [2]
9 451 [7]
4 454 [0]
202 258 [0]
79 375 [2]
100 357 [1]
219 241 [0]
8 450 [2]
5 450 [5]
51 410 [6]
5 456 [5]
6 455 [7]
8 453 [3]
5 451 [5]
16 442 [0]
16 445 [0]
141 318 [0]
1 461 [6]
28 431 [3]
82 377 [3]
199 263 [0]
3 459 [2]
10 452 [1]
7 453 [2]
4 458 [1]
5 457 [3]
148 308 [6]
9 453 [3]
10 451 [1]
20 441 [1]
39 424 [2]
1 462 [4]
35 428 [3]
8 448 [7]
5 455 [3]
5 453 [5]
2 459 [2]
8 454 [3]
14 450 [0]
32 429 [2]
2 460 [0]
5 458 [1]
27 431 [7]
6 458 [1]
12 446 [7]
6 459 [1]
10 454 [1]
7 458 [3]
124 340 [5]
68 395 [2]
1 460 [4]
0 459 [6]
10 449 [7]
1 465 [4]
204 262 [0]
4 460 [0]
4 455 [3]
147 317 [7]
12 447 [7]
10 456 [1]
27 439 [3]
35 431 [3]
85 381 [1]
0 460 [6]
0 467 [6]
8 456 [3]
7 457 [7]
2 461 [4]
10 450 [7]
25 443 [0]
6 462 [2]
6 460 [2]
16 449 [3]
28 439 [3]
15 453 [6]
9 452 [7]
0 462 [6]
107 361 [0]
11 458 [4]
17 449 [1]
8 460 [3]
1 464 [4]
222 247 [0]
22 444 [1]
8 458 [3]
155 314 [0]
7 455 [7]
122 346 [1]
7 463 [5]
4 464 [0]
1 463 [6]
14 449 [7]
216 255 [0]
9 455 [7]
8 463 [2]
79 392 [0]
8 461 [2]
119 349 [3]
7 462 [2]
0 465 [6]
4 461 [4]
104 365 [6]
6 466 [1]
36 436 [0]
190 282 [0]
82 390 [3]
39 433 [0]
6 464 [2]
9 456 [7]
27 442 [3]
5 462 [5]
8 457 [7]
27 445 [3]
230 242 [0]
129 343 [1]
7 461 [0]
7 466 [1]
8 464 [3]
203 269 [1]
113 357 [2]
9 461 [3]
5 463 [5]
21 451 [1]
21 452 [1]
3 471 [1]
1 473 [6]
3 466 [5]
2 470 [2]
5 464 [5]
10 463 [1]
176 298 [3]
7 465 [2]
1 471 [2]
0 471 [4]
9 459 [7]
183 292 [0]
5 470 [5]
4 466 [5]
2 469 [6]
2 471 [5]
36 440 [0]
7 469 [5]
24 450 [6]
22 454 [0]
7 468 [1]
8 465 [3]
84 391 [5]
101 376 [3]
1 476 [4]
4 468 [5]
0 477 [6]
10 460 [1]
0 475 [2]
8 466 [3]
38 439 [5]
5 467 [5]
7 470 [1]
0 478 [6]
2 472 [4]
145 333 [0]
9 462 [7]
2 473 [6]
5 474 [5]
6 473 [4]
115 362 [2]
10 469 [1]
10 462 [1]
5 471 [3]
3 475 [1]
4 470 [5]
8 468 [3]
167 313 [0]
9 469 [2]
10 470 [1]
221 259 [0]
12 461 [7]
4 474 [0]
22 456 [1]
5 476 [5]
6 469 [4]
13 467 [1]
34 443 [4]
8 470 [3]
4 473 [6]
7 471 [3]
11 468 [0]
4 476 [0]
10 472 [7]
2 480 [0]
12 463 [7]
173 309 [0]
8 472 [2]
2 475 [5]
22 460 [7]
176 299 [3]
10 465 [7]
53 428 [1]
1 477 [4]
6 474 [2]
61 414 [2]
5 478 [5]
8 475 [7]
5 475 [3]
92 387 [3]
66 415 [0]
5 479 [5]
0 484 [6]
180 303 [2]
9 468 [7]
30 453 [1]
10 474 [1]
8 477 [2]
7 473 [5]
2 479 [4]
7 475 [7]
8 474 [3]
1 480 [4]
53 431 [1]
8 476 [3]
6 480 [2]
16 467 [0]
87 398 [1]
23 459 [4]
10 476 [1]
1 483 [2]
9 470 [7]
14 472 [7]
1 481 [4]
1 486 [4]
0 487 [4]
8 479 [2]
5 477 [5]
0 481 [6]
140 347 [0]
107 380 [0]
3 483 [1]
1 482 [4]
4 484 [5]
6 482 [0]
2 484 [2]
106 383 [3]
147 342 [6]
3 485 [1]
69 419 [0]
7 482 [2]
203 285 [1]
21 465 [4]
8 481 [2]
32 454 [2]
183 307 [0]
20 469 [1]
9 474 [7]
5 483 [3]
1 490 [6]
2 489 [2]
0 491 [6]
8 480 [3]
7 484 [1]
5 481 [5]
3 487 [1]
9 482 [7]
3 489 [5]
2 485 [5]
48 440 [4]
8 484 [3]
16 472 [0]
13 478 [1]
14 478 [0]
78 413 [1]
4 489 [5]
1 492 [4]
7 483 [3]
23 468 [0]
85 403 [3]
22 464 [2]
8 485 [7]
5 485 [3]
1 487 [5]
9 484 [7]
16 477 [0]
7 487 [7]
16 478 [0]
5 484 [5]
27 467 [3]
2 487 [1]
6 486 [2]
0 488 [6]
5 490 [5]
0 495 [6]
5 487 [3]
10 478 [7]
4 486 [2]
6 489 [1]
16 479 [0]
10 484 [1]
100 392 [4]
7 485 [7]
56 439 [5]
21 474 [1]
29 460 [1]
7 489 [3]
10 486 [1]
9 480 [7]
33 457 [0]
10 479 [7]
29 464 [7]
73 419 [5]
69 425 [0]
88 405 [0]
8 486 [3]
2 491 [4]
6 492 [0]
10 488 [7]
219 278 [6]
4 490 [4]
5 488 [5]
8 483 [7]
9 490 [3]
32 464 [2]
8 491 [2]
50 445 [1]
0 493 [6]
9 483 [7]
25 470 [0]
145 352 [2]
61 438 [6]
97 396 [6]
5 495 [5]
4 496 [0]
20 473 [7]
0 494 [6]
16 481 [0]
36 458 [6]
0 500 [0]
6 487 [7]
232 268 [0]
8 492 [3]
1 495 [4]
8 490 [2]
8 493 [2]
6 490 [5]
7 494 [2]
10 490 [1]
2 497 [2]
7 492 [2]
173 322 [4]
7 490 [0]
22 480 [7]
6 494 [2]
76 426 [2]
0 496 [6]
0 501 [2]
4 497 [1]
79 421 [2]
6 495 [2]
4 499 [0]
2 501 [5]
133 370 [0]
9 487 [7]
5 493 [5]
22 476 [5]
0 497 [6]
7 497 [3]
3 501 [1]
4 500 [3]
5 499 [5]
6 498 [2]
9 492 [3]
10 494 [1]
51 448 [6]
21 482 [1]
27 477 [3]
1 499 [4]
33 471 [0]
34 470 [4]
93 407 [6]
6 497 [3]
8 497 [3]
3 502 [5]
2 499 [4]
5 500 [3]
119 383 [3]
27 478 [3]
113 392 [4]
27 479 [7]
4 502 [5]
36 466 [0]
7 499 [2]
108 398 [0]
8 498 [3]
1 500 [5]
227 279 [0]
69 434 [0]
2 502 [2]
5 496 [5]
16 491 [0]
8 499 [3]
10 496 [1]
2 505 [4]
6 501 [7]
74 433 [0]
15 492 [6]
195 312 [0]
2 500 [1]
4 504 [0]
6 502 [1]
7 501 [7]
10 491 [7]
5 498 [5]
70 434 [3]
47 461 [1]
9 499 [3]
10 498 [1]
27 481 [3]
2 507 [0]
9 500 [7]
2 503 [4]
1 504 [4]
5 501 [3]
115 395 [2]
2 508 [4]
9 494 [7]
6 504 [0]
8 502 [3]
9 501 [7]
7 502 [3]
28 479 [3]
4 507 [2]
7 504 [2]
8 503 [2]
181 330 [4]
22 486 [1]
32 476 [2]
8 504 [2]
9 496 [7]
1 507 [4]
1 505 [6]
43 465 [3]
10 503 [7]
51 457 [6]
2 509 [2]
5 503 [5]
64 442 [7]
2 510 [2]
1 513 [4]
8 506 [3]
85 423 [3]
9 498 [7]
9 505 [3]
15 499 [6]
178 335 [1]
33 475 [0]
79 435 [2]
5 510 [1]
2 513 [0]
6 509 [1]
48 466 [4]
8 500 [7]
35 479 [3]
8 505 [2]
10 506 [1]
82 431 [3]
99 417 [1]
5 506 [5]
8 501 [7]
2 512 [0]
6 510 [1]
0 517 [2]
1 512 [4]
3 509 [5]
7 509 [3]
7 505 [0]
0 511 [6]
3 514 [1]
8 509 [3]
0 518 [6]
10 508 [7]
4 509 [5]
8 508 [2]
3 510 [5]
8 507 [3]
6 511 [2]
2 517 [5]
5 514 [3]
6 513 [2]
9 510 [7]
241 278 [0]
1 519 [4]
0 520 [6]
7 511 [2]
3 517 [1]
57 459 [5]
7 510 [3]
27 493 [3]
75 445 [7]
6 512 [2]
9 512 [7]
0 521 [6]
10 504 [7]
1 516 [4]
8 510 [3]
7 514 [7]
2 515 [4]
100 421 [4]
2 514 [5]
147 368 [7]
18 504 [6]
69 452 [0]
15 504 [5]
30 492 [7]
9 506 [7]
27 488 [3]
4 516 [0]
109 411 [0]
34 484 [4]
10 513 [1]
8 512 [3]
9 507 [7]
8 513 [3]
16 508 [0]
16 503 [0]
29 495 [7]
2 518 [4]
22 495 [7]
50 467 [7]
12 505 [7]
14 503 [7]
5 520 [5]
9 516 [7]
10 515 [7]
0 523 [2]
8 515 [2]
0 526 [6]
1 525 [2]
3 523 [1]
7 519 [2]
5 516 [5]
8 518 [2]
50 477 [1]
117 410 [4]
9 511 [7]
8 516 [3]
232 296 [5]
6 520 [2]
10 511 [1]
22 500 [0]
8 520 [3]
122 405 [1]
9 519 [7]
4 519 [0]
14 508 [1]
9 520 [7]
0 529 [6]
0 525 [4]
22 507 [7]
38 491 [3]
8 514 [7]
2 525 [2]
213 316 [0]
73 452 [5]
9 513 [7]
36 489 [0]
2 528 [4]
1 529 [4]
27 503 [1]
4 525 [1]
7 522 [1]
0 524 [6]
143 386 [6]
2 526 [0]
99 430 [1]
103 426 [2]
7 517 [7]
5 523 [3]
16 515 [0]
4 522 [5]
1 526 [4]
28 503 [3]
69 462 [0]
9 523 [7]
232 300 [5]
51 475 [6]
50 481 [1]
1 527 [4]
83 446 [3]
8 522 [3]
5 528 [5]
4 527 [0]
7 523 [7]
9 517 [7]
77 454 [2]
3 525 [5]
53 479 [1]
0 534 [6]
5 529 [5]
51 483 [6]
5 524 [5]
6 526 [2]
10 524 [7]
22 512 [7]
33 501 [6]
2 533 [4]
8 527 [3]
0 535 [6]
1 528 [6]
250 285 [0]
7 525 [3]
157 378 [0]
6 527 [2]
4 529 [0]
179 356 [0]
13 521 [1]
86 445 [7]
91 442 [2]
16 518 [0]
51 485 [6]
2 532 [0]
14 518 [1]
2 530 [6]
5 526 [5]
113 421 [6]
6 530 [5]
109 427 [0]
219 317 [6]
1 530 [6]
2 535 [4]
0 537 [6]
127 403 [3]
39 498 [1]
5 527 [5]
1 532 [4]
8 526 [3]
0 531 [6]
10 528 [7]
8 528 [2]
64 467 [7]
16 521 [0]
10 527 [1]
22 513 [1]
42 495 [3]
13 524 [1]
35 503 [1]
0 539 [6]
5 534 [5]
9 530 [2]
129 409 [1]
39 496 [4]
227 311 [0]
2 538 [4]
10 530 [1]
21 519 [1]
10 529 [1]
4 534 [2]
6 532 [2]
5 531 [5]
64 477 [7]
0 541 [6]
10 531 [7]
145 396 [2]
22 516 [7]
4 532 [2]
2 537 [0]
9 525 [7]
100 435 [4]
0 536 [6]
22 520 [7]
12 530 [7]
7 530 [0]
36 502 [4]
9 526 [7]
2 536 [4]
238 304 [0]
6 534 [2]
5 533 [5]
0 543 [6]
16 524 [0]
8 535 [2]
50 493 [4]
208 331 [0]
8 534 [3]
8 533 [2]
0 544 [6]
4 540 [5]
0 538 [6]
188 357 [5]
4 541 [0]
23 522 [0]
6 537 [2]
27 515 [7]
13 531 [1]
36 509 [4]
28 515 [3]
0 546 [6]
5 541 [5]
10 536 [7]
227 319 [0]
16 528 [0]
8 536 [2]
36 510 [4]
109 437 [0]
8 537 [3]
0 547 [6]
16 531 [0]
101 446 [3]
2 543 [0]
28 518 [3]
5 537 [5]
83 463 [0]
27 521 [3]
8 538 [2]
113 435 [6]
245 303 [0]
7 540 [1]
9 532 [7]
14 531 [0]
7 539 [2]
0 542 [6]
39 506 [4]
1 548 [2]
1 544 [4]
8 541 [3]
38 508 [3]
5 539 [5]
199 348 [3]
35 515 [3]
9 534 [7]
2 548 [5]
61 482 [3]
19 525 [6]
8 542 [2]
2 544 [4]
129 420 [1]
6 543 [1]
22 526 [7]
3 548 [5]
1 546 [4]
109 441 [0]
27 524 [3]
7 543 [1]
8 540 [3]
4 545 [0]
233 318 [0]
14 536 [1]
9 543 [7]
4 543 [5]
14 538 [1]
212 340 [0]
10 535 [7]
0 548 [4]
148 401 [6]
1 552 [6]
10 543 [1]
152 401 [5]
6 545 [2]
5 543 [5]
4 548 [1]
16 536 [0]
2 552 [6]
2 550 [0]
80 468 [6]
79 468 [2]
8 544 [2]
7 548 [3]
27 528 [7]
5 545 [5]
173 379 [4]
33 523 [0]
0 550 [6]
10 545 [1]
8 546 [2]
8 545 [3]
2 554 [4]
22 529 [6]
77 476 [6]
5 546 [5]
76 478 [2]
10 539 [7]
16 535 [0]
7 549 [1]
33 517 [0]
9 540 [7]
47 505 [1]
8 549 [3]
2 555 [4]
8 547 [2]
6 551 [1]
14 542 [1]
20 530 [3]
5 547 [5]
9 541 [7]
22 532 [7]
4 554 [4]
7 551 [1]
4 549 [5]
8 550 [3]
6 550 [2]
13 544 [1]
48 510 [6]
154 403 [3]
2 553 [6]
1 558 [4]
8 551 [3]
107 448 [0]
126 432 [7]
22 537 [7]
4 550 [0]
38 518 [5]
75 477 [7]
27 533 [3]
0 560 [6]
1 553 [6]
5 550 [5]
2 557 [0]
6 555 [5]
256 305 [0]
32 529 [2]
39 516 [6]
27 531 [3]
4 553 [6]
1 554 [6]
7 555 [0]
1 561 [6]
4 558 [0]
4 552 [4]
5 557 [5]
1 555 [6]
8 552 [2]
0 556 [6]
39 520 [1]
11 551 [0]
16 546 [0]
178 383 [1]
157 406 [2]
1 562 [4]
5 552 [4]
6 552 [5]
16 544 [0]
3 560 [2]
6 557 [2]
0 557 [6]
9 554 [3]
75 481 [7]
23 540 [0]
35 528 [1]
9 548 [7]
2 562 [0]
1 563 [4]
7 552 [0]
2 560 [2]
268 296 [0]
8 554 [2]
69 494 [0]
101 463 [3]
7 553 [5]
27 538 [3]
2 559 [4]
8 555 [2]
29 529 [7]
143 416 [6]
8 557 [3]
5 561 [5]
6 558 [0]
6 560 [1]
10 556 [7]
16 547 [0]
76 488 [2]
1 559 [6]
8 556 [2]
27 536 [3]
28 538 [3]
60 500 [0]
12 553 [2]
4 563 [2]
9 551 [7]
27 535 [1]
12 552 [7]
9 553 [5]
12 555 [7]
4 559 [4]
10 550 [1]
9 555 [3]
21 545 [1]
233 334 [7]
7 558 [2]
2 561 [4]
0 561 [6]
9 559 [3]
51 517 [6]
0 562 [6]
7 560 [1]
8 558 [2]
8 559 [2]
6 563 [2]
5 564 [5]
0 563 [6]
1 564 [4]
53 515 [1]
9 560 [7]
29 537 [7]
12 554 [7]
28 542 [3]
14 556 [1]
93 471 [6]
27 542 [3]
6 562 [2]
6 559 [5]
5 566 [5]
7 559 [0]
0 565 [6]
51 514 [6]
73 494 [5]
8 561 [2]
9 563 [7]
2 566 [4]
268 300 [6]
9 561 [3]
0 573 [6]
4 569 [0]
5 563 [5]
0 567 [6]
20 553 [7]
4 570 [4]
27 547 [3]
192 382 [0]
56 518 [5]
38 536 [5]
0 568 [6]
8 563 [3]
2 568 [4]
6 569 [2]
1 574 [4]
240 335 [0]
10 564 [1]
184 391 [0]
23 549 [0]
8 565 [2]
141 427 [7]
8 564 [3]
8 566 [2]
83 490 [3]
27 546 [3]
2 574 [4]
39 534 [1]
15 558 [5]
2 570 [6]
124 453 [7]
8 567 [2]
176 394 [3]
50 521 [1]
9 569 [7]
1 577 [4]
5 573 [5]
1 573 [4]
17 561 [1]
117 457 [4]
141 437 [7]
12 559 [7]
7 569 [2]
2 577 [0]
154 423 [0]
5 569 [5]
38 538 [5]
106 473 [0]
51 523 [6]
69 511 [0]
2 578 [2]
0 574 [6]
42 537 [1]
99 480 [1]
38 535 [3]
6 570 [4]
10 570 [0]
39 541 [1]
16 561 [0]
9 568 [3]
85 495 [1]
9 564 [7]
0 575 [6]
4 577 [2]
8 571 [2]
3 578 [5]
6 573 [2]
53 528 [1]
113 468 [6]
1 575 [6]
13 568 [1]
10 565 [7]
14 561 [7]
8 574 [2]
12 570 [2]
14 568 [0]
8 572 [2]
18 558 [7]
1 582 [4]
31 552 [1]
10 573 [1]
16 567 [0]
38 542 [5]
0 581 [2]
6 578 [3]
8 573 [3]
1 579 [4]
188 392 [4]
4 576 [4]
216 366 [7]
5 579 [5]
5 578 [1]
109 469 [0]
16 568 [3]
5 574 [5]
14 571 [7]
43 539 [3]
0 585 [6]
6 577 [2]
10 568 [7]
186 399 [4]
0 579 [6]
9 576 [3]
4 579 [0]
3 581 [1]
5 575 [5]
9 577 [7]
0 586 [6]
8 576 [2]
4 580 [0]
5 581 [3]
9 574 [3]
22 557 [7]
10 576 [1]
5 576 [5]
6 579 [2]
8 579 [3]
6 576 [5]
4 578 [5]
61 519 [7]
23 560 [4]
1 587 [4]
0 582 [6]
73 511 [5]
10 571 [7]
7 576 [0]
287 301 [0]
5 583 [5]
8 577 [3]
22 563 [1]
2 581 [5]
203 385 [3]
2 587 [0]
3 586 [5]
5 584 [5]
8 578 [3]
10 572 [7]
16 571 [0]
9 580 [7]
10 579 [1]
141 441 [7]
240 349 [0]
9 573 [7]
2 584 [4]
21 569 [1]
216 374 [7]
5 580 [5]
2 586 [2]
13 574 [1]
147 436 [7]
1 583 [6]
0 584 [6]
2 589 [4]
5 586 [1]
8 583 [2]
103 488 [1]
14 574 [0]
7 581 [7]
98 493 [1]
10 575 [7]
7 582 [2]
56 536 [5]
60 526 [6]
92 496 [4]
5 582 [5]
90 502 [6]
119 473 [0]
64 521 [7]
143 450 [6]
2 591 [5]
6 587 [2]
10 583 [1]
8 582 [3]
6 586 [3]
0 594 [6]
16 575 [0]
28 565 [3]
0 588 [6]
1 591 [2]
21 573 [1]
273 321 [0]
8 584 [2]
107 483 [4]
9 578 [7]
12 576 [7]
2 593 [2]
3 591 [1]
8 585 [2]
12 583 [7]
17 575 [1]
1 590 [4]
97 498 [0]
0 591 [4]
2 592 [2]
7 586 [3]
296 300 [0]
1 595 [4]
8 588 [2]
4 587 [2]
14 575 [7]
148 444 [6]
27 566 [3]
10 580 [1]
27 567 [3]
20 570 [7]
38 556 [3]
8 586 [3]
74 520 [1]
179 417 [5]
9 581 [7]
50 547 [1]
44 550 [3]
4 593 [1]
117 475 [4]
56 542 [5]
9 582 [7]
8 587 [3]
5 594 [5]
2 597 [5]
56 538 [5]
102 493 [7]
5 593 [1]
7 592 [3]
10 582 [1]
8 589 [2]
14 585 [1]
42 557 [1]
45 553 [1]
0 597 [2]
292 307 [0]
5 591 [3]
5 595 [5]
8 590 [2]
76 524 [2]
4 596 [0]
227 372 [0]
3 592 [5]
7 593 [3]
5 590 [5]
8 592 [3]
10 590 [7]
21 579 [1]
1 596 [4]
3 597 [1]
2 595 [4]
11 586 [4]
4 592 [5]
203 397 [1]
7 591 [3]
272 329 [0]
28 572 [3]
5 597 [3]
22 580 [7]
202 399 [5]
47 555 [1]
10 585 [7]
47 554 [1]
129 472 [1]
38 565 [3]
14 588 [1]
9 587 [7]
219 384 [6]
280 323 [0]
16 588 [0]
5 599 [5]
238 364 [2]
8 594 [2]
6 596 [2]
1 599 [4]
88 512 [6]
0 598 [6]
8 593 [3]
79 522 [0]
14 589 [1]
4 599 [0]
39 564 [4]
8 595 [2]
24 574 [6]
10 588 [7]
2 601 [2]
7 596 [2]
90 509 [6]
2 604 [2]
9 597 [7]
47 559 [1]
77 529 [6]
0 600 [6]
97 506 [4]
117 485 [4]
1 606 [4]
2 605 [6]
5 602 [5]
14 590 [0]
99 507 [1]
1 607 [4]
2 606 [4]
11 593 [4]
7 601 [1]
13 595 [1]
1 603 [4]
0 602 [6]
8 598 [2]
64 544 [7]
9 596 [7]
74 534 [4]
38 571 [3]
188 421 [6]
9 593 [7]
75 533 [1]
16 594 [0]
6 604 [1]
8 599 [3]
10 599 [1]
5 604 [1]
16 589 [0]
6 602 [2]
38 572 [3]
5 600 [5]
4 601 [2]
263 348 [0]
5 601 [5]
27 584 [3]
206 405 [0]
3 608 [1]
8 602 [3]
4 602 [0]
8 603 [2]
10 601 [1]
8 604 [3]
3 609 [1]
14 598 [1]
8 601 [3]
112 496 [3]
56 556 [5]
22 587 [7]
97 516 [6]
4 605 [6]
141 469 [7]
5 603 [5]
13 600 [1]
10 602 [1]
2 607 [4]
40 568 [5]
8 606 [2]
9 605 [5]
24 590 [0]
91 521 [2]
7 604 [3]
16 595 [0]
272 343 [3]
5 610 [5]
9 599 [7]
2 608 [5]
147 466 [2]
230 385 [1]
6 605 [4]
7 609 [7]
6 610 [2]
5 608 [3]
203 412 [1]
7 605 [5]
2 612 [2]
2 609 [5]
124 492 [7]
0 610 [6]
12 605 [2]
1 616 [6]
1 612 [4]
10 606 [7]
0 611 [6]
10 600 [7]
21 596 [1]
27 589 [3]
28 589 [3]
2 613 [2]
5 607 [5]
36 578 [4]
255 363 [0]
9 602 [7]
4 613 [1]
0 612 [6]
7 608 [7]
9 606 [3]
27 588 [3]
199 414 [6]
11 604 [4]
0 613 [6]
8 610 [3]
8 611 [2]
16 598 [0]
16 600 [0]
74 541 [4]
88 532 [6]
33 581 [0]
7 612 [1]
1 619 [4]
6 613 [3]
111 506 [4]
5 615 [5]
10 610 [1]
0 614 [6]
50 567 [4]
10 603 [7]
129 491 [1]
14 603 [0]
75 546 [7]
2 619 [4]
2 615 [0]
3 613 [5]
79 540 [2]
276 345 [0]
27 595 [3]
5 617 [5]
13 606 [1]
7 615 [2]
8 614 [2]
5 612 [5]
100 522 [4]
56 565 [5]
126 497 [7]
8 612 [3]
87 535 [1]
255 366 [7]
14 606 [0]
8 608 [7]
5 614 [5]
2 622 [4]
22 599 [7]
9 615 [3]
8 613 [3]
267 357 [0]
4 615 [0]
4 616 [4]
186 439 [4]
1 624 [4]
6 617 [2]
164 461 [0]
9 609 [7]
5 620 [5]
244 381 [0]
9 616 [3]
14 611 [1]
27 598 [3]
39 580 [0]
159 466 [0]
1 620 [4]
9 617 [7]
10 615 [1]
9 610 [7]
8 618 [3]
8 615 [3]
0 620 [6]
10 616 [1]
7 618 [1]
3 618 [5]
38 585 [3]
28 598 [3]
4 620 [0]
16 607 [0]
10 617 [1]
33 591 [0]
2 621 [4]
230 397 [1]
9 618 [7]
22 602 [7]
97 527 [6]
1 622 [4]
38 589 [5]
56 571 [5]
6 616 [5]
7 616 [0]
5 623 [5]
9 619 [3]
11 613 [4]
1 621 [6]
10 611 [7]
2 624 [0]
7 619 [2]
6 620 [2]
0 629 [6]
10 619 [1]
2 623 [4]
5 619 [5]
8 619 [3]
25 601 [0]
38 588 [5]
255 374 [5]
8 620 [3]
188 435 [6]
56 572 [5]
75 547 [7]
61 569 [6]
1 623 [6]
24 606 [6]
33 597 [0]
27 600 [3]
78 553 [1]
24 603 [0]
8 621 [2]
5 621 [5]
80 551 [6]
103 524 [4]
309 322 [0]
0 625 [6]
10 620 [1]
2 626 [6]
86 546 [7]
0 632 [6]
4 628 [5]
20 605 [0]
2 628 [0]
5 627 [5]
48 578 [6]
8 622 [2]
5 622 [5]
1 627 [4]
6 624 [2]
6 626 [4]
36 592 [4]
174 459 [0]
0 633 [6]
8 623 [2]
2 627 [4]
4 624 [2]
0 627 [6]
2 629 [0]
238 393 [2]
6 628 [1]
167 467 [2]
15 619 [6]
0 628 [6]
122 512 [1]
148 486 [6]
1 629 [4]
10 625 [7]
5 625 [5]
36 593 [6]
12 616 [7]
22 610 [7]
98 533 [7]
16 614 [0]
117 514 [4]
1 635 [6]
7 628 [1]
15 615 [6]
1 631 [4]
2 632 [0]
51 581 [6]
0 637 [6]
6 629 [2]
9 626 [2]
8 627 [2]
10 626 [1]
27 607 [3]
1 632 [4]
9 628 [7]
1 637 [4]
7 626 [5]
10 628 [1]
165 473 [0]
5 628 [5]
8 629 [3]
129 508 [1]
140 498 [4]
1 638 [6]
6 631 [2]
38 598 [5]
13 625 [1]
113 522 [4]
5 629 [5]
100 540 [4]
9 631 [7]
5 635 [5]
5 630 [5]
185 452 [3]
9 624 [7]
2 636 [0]
196 444 [0]
7 631 [2]
2 639 [0]
8 633 [2]
137 504 [1]
8 632 [3]
4 632 [0]
10 631 [7]
16 621 [0]
25 612 [0]
16 623 [0]
27 611 [3]
10 630 [7]
6 634 [1]
1 636 [4]
5 631 [5]
0 642 [6]
75 567 [1]
0 636 [6]
56 585 [5]
4 638 [4]
5 632 [5]
10 632 [1]
75 566 [1]
4 635 [4]
2 641 [4]
4 637 [0]
13 630 [1]
16 627 [0]
4 634 [5]
147 489 [6]
0 644 [6]
1 643 [6]
27 614 [3]
2 642 [2]
233 411 [7]
111 527 [6]
2 638 [6]
6 636 [2]
16 625 [0]
22 620 [4]
94 550 [3]
1 639 [4]
9 636 [7]
1 644 [4]
50 595 [7]
3 642 [5]
4 641 [4]
8 635 [2]
8 634 [3]
7 638 [5]
56 589 [5]
16 630 [0]
140 506 [4]
5 636 [5]
48 592 [6]
50 594 [4]
117 523 [6]
2 640 [4]
49 596 [3]
10 635 [1]
8 637 [3]
2 645 [6]
1 646 [4]
8 636 [3]
6 639 [2]
56 588 [5]
10 637 [1]
12 635 [7]
7 635 [0]
9 635 [3]
85 562 [7]
33 609 [0]
198 449 [3]
1 641 [6]
14 633 [1]
6 638 [4]
22 624 [7]
8 641 [2]
85 557 [1]
6 642 [3]
100 549 [4]
2 643 [4]
2 646 [0]
8 639 [3]
6 644 [2]
8 640 [2]
27 621 [0]
10 640 [7]
9 634 [7]
10 633 [7]
27 623 [0]
22 629 [7]
45 605 [0]
1 647 [4]
5 647 [5]
70 582 [3]
12 638 [2]
318 334 [0]
7 642 [3]
27 622 [3]
2 648 [0]
38 611 [5]
69 582 [0]
6 641 [5]
0 647 [6]
8 642 [3]
2 651 [2]
9 641 [3]
4 649 [4]
5 643 [5]
8 643 [2]
8 644 [3]
294 359 [0]
28 623 [5]
122 532 [1]
0 654 [6]
1 653 [2]
3 651 [5]
51 597 [6]
5 649 [5]
8 646 [3]
0 648 [6]
56 598 [5]
2 653 [5]
1 654 [4]
4 651 [1]
10 644 [1]
6 649 [5]
100 551 [4]
39 610 [6]
6 647 [2]
113 540 [6]
9 647 [7]
36 618 [0]
7 647 [2]
6 648 [2]
39 617 [4]
1 649 [6]
16 640 [0]
147 502 [7]
9 645 [2]
1 656 [4]
1 652 [4]
7 645 [5]
11 642 [4]
5 651 [1]
10 646 [1]
258 399 [0]
3 653 [1]
23 634 [4]
8 648 [3]
5 648 [5]
5 653 [3]
6 652 [2]
6 651 [1]
8 650 [3]
29 629 [7]
179 480 [5]
83 576 [7]
9 650 [7]
6 646 [2]
8 649 [2]
0 660 [6]
9 651 [7]
75 584 [1]
27 633 [3]
12 641 [7]
2 656 [0]
27 630 [3]
87 571 [3]
8 653 [7]
4 657 [0]
2 655 [4]
14 640 [7]
12 649 [7]
2 657 [0]
4 652 [2]
219 436 [6]
9 649 [3]
97 564 [0]
145 516 [2]
4 658 [5]
0 662 [6]
2 658 [2]
0 656 [6]
7 649 [0]
9 646 [7]
8 651 [3]
5 657 [5]
10 652 [1]
99 563 [1]
113 549 [2]
1 657 [4]
7 656 [1]
11 650 [0]
233 427 [7]
0 657 [6]
7 653 [3]
267 392 [4]
41 620 [2]
10 647 [1]
219 440 [6]
51 608 [6]
8 654 [2]
5 654 [5]
2 660 [2]
22 639 [7]
22 637 [6]
3 662 [5]
9 656 [7]
20 638 [7]
2 661 [2]
20 645 [1]
2 659 [4]
4 660 [1]
6 657 [2]
88 577 [6]
8 655 [2]
6 658 [1]
1 659 [6]
2 664 [6]
5 656 [5]
2 662 [2]
22 644 [7]
294 367 [5]
29 637 [7]
64 595 [7]
50 614 [4]
8 657 [3]
83 583 [0]
0 667 [6]
6 660 [3]
8 656 [3]
0 668 [6]
1 663 [4]
5 663 [5]
7 658 [3]
22 646 [1]
98 566 [7]
13 654 [1]
3 660 [5]
203 465 [1]
152 513 [5]
5 659 [5]
6 662 [1]
2 665 [0]
2 667 [4]
10 659 [7]
164 505 [5]
8 658 [3]
7 661 [1]
0 663 [6]
7 662 [1]
75 594 [1]
114 551 [5]
5 666 [5]
42 629 [1]
5 661 [5]
1 664 [6]
0 665 [6]
6 663 [2]
8 660 [3]
64 607 [7]
27 643 [0]
10 661 [1]
56 611 [5]
0 672 [6]
0 666 [6]
4 664 [6]
139 533 [2]
48 618 [6]
10 655 [7]
32 637 [2]
8 661 [3]
50 622 [1]
16 654 [0]
55 618 [0]
6 665 [2]
1 668 [4]
102 567 [7]
233 437 [3]
16 655 [0]
2 672 [0]
4 670 [5]
86 584 [7]
1 667 [6]
8 665 [3]
2 670 [2]
111 564 [6]
23 650 [0]
53 621 [1]
11 660 [4]
5 665 [5]
106 570 [3]
53 623 [1]
2 674 [5]
7 664 [5]
1 671 [6]
4 672 [2]
6 670 [1]
7 669 [1]
14 655 [7]
8 668 [3]
10 666 [7]
6 668 [2]
1 672 [4]
3 674 [1]
8 667 [2]
4 673 [0]
44 632 [7]
2 671 [4]
7 668 [2]
16 659 [0]
5 667 [5]
22 648 [7]
0 671 [6]
22 652 [1]
50 627 [1]
263 414 [6]
1 673 [4]
38 640 [3]
10 668 [1]
12 664 [2]
215 463 [0]
5 668 [5]
9 662 [7]
76 600 [2]
9 664 [5]
0 679 [6]
1 678 [4]
4 675 [0]
5 674 [3]
5 675 [5]
221 459 [3]
13 666 [1]
7 670 [3]
8 669 [3]
1 675 [4]
29 648 [7]
1 676 [4]
0 681 [6]
88 587 [6]
1 680 [4]
8 670 [3]
10 671 [7]
5 671 [5]
199 482 [6]
5 672 [5]
16 666 [0]
27 655 [1]
22 657 [7]
98 584 [7]
183 499 [7]
4 676 [0]
0 676 [6]
185 494 [4]
272 409 [1]
7 673 [2]
11 669 [0]
5 673 [5]
8 675 [3]
16 667 [0]
9 673 [7]
238 443 [2]
196 486 [3]
101 583 [3]
25 656 [0]
0 678 [6]
28 655 [3]
6 677 [1]
8 673 [3]
9 668 [7]
20 664 [7]
335 349 [0]
283 401 [0]
7 674 [7]
128 556 [4]
2 683 [4]
14 671 [1]
23 662 [4]
7 677 [3]
8 676 [3]
3 677 [5]
17 667 [1]
25 661 [0]
64 622 [7]
0 680 [6]
5 676 [5]
6 678 [2]
2 685 [4]
16 671 [0]
36 651 [4]
8 678 [3]
9 675 [7]
8 680 [3]
9 672 [7]
90 592 [6]
5 678 [5]
10 678 [1]
299 389 [0]
14 667 [1]
309 379 [3]
8 677 [3]
8 679 [2]
0 689 [6]
56 633 [5]
4 680 [0]
33 653 [0]
47 641 [1]
6 682 [1]
7 680 [2]
8 674 [7]
27 659 [7]
29 657 [1]
5 685 [5]
42 648 [1]
5 680 [5]
10 673 [7]
7 684 [0]
5 686 [5]
2 689 [0]
179 507 [5]
319 372 [0]
35 655 [1]
10 681 [7]
0 690 [2]
64 627 [7]
135 556 [4]
2 690 [1]
23 669 [0]
29 663 [7]
22 663 [7]
4 684 [4]
158 533 [1]
8 682 [3]
4 689 [5]
9 684 [3]
5 683 [5]
272 420 [3]
2 687 [6]
10 683 [7]
128 565 [4]
8 684 [2]
22 672 [7]
0 694 [2]
1 690 [5]
299 394 [7]
1 687 [6]
21 673 [1]
1 689 [4]
35 659 [1]
1 694 [2]
2 693 [4]
6 684 [5]
1 688 [6]
14 681 [0]
11 682 [0]
13 681 [1]
10 684 [1]
10 686 [1]
9 687 [2]
0 696 [6]
112 580 [3]
137 558 [1]
56 640 [5]
10 679 [7]
2 695 [4]
7 689 [1]
7 690 [7]
53 643 [1]
16 681 [0]
10 680 [7]
75 622 [7]
344 353 [0]
3 694 [1]
8 690 [7]
1 697 [2]
8 688 [2]
5 688 [5]
10 687 [1]
6 691 [1]
36 658 [4]
5 690 [3]
295 403 [0]
7 687 [5]
7 691 [3]
8 691 [3]
9 690 [7]
3 691 [5]
185 511 [4]
16 683 [0]
10 688 [1]
6 692 [1]
129 571 [1]
1 699 [6]
91 607 [2]
0 700 [6]
7 692 [1]
3 690 [1]
1 695 [4]
2 698 [2]
1 693 [6]
26 673 [1]
12 688 [7]
122 577 [6]
8 689 [3]
175 521 [4]
76 625 [2]
6 695 [0]
4 690 [3]
317 384 [0]
2 697 [5]
0 697 [4]
9 692 [7]
2 694 [5]
27 671 [3]
322 379 [0]
4 692 [5]
1 701 [6]
7 695 [2]
260 442 [0]
12 687 [7]
28 671 [3]
8 694 [7]
5 694 [3]
75 627 [7]
22 676 [5]
4 697 [1]
9 686 [7]
2 701 [4]
8 695 [2]
131 571 [1]
8 693 [2]
22 678 [7]
8 692 [3]
69 631 [0]
5 699 [5]
6 698 [1]
7 697 [3]
0 699 [6]
135 565 [4]
7 698 [3]
128 572 [4]
2 699 [4]
9 689 [7]
233 469 [3]
9 697 [7]
2 704 [0]
83 616 [3]
151 554 [5]
8 696 [2]
257 449 [0]
82 621 [3]
3 698 [5]
29 678 [1]
8 699 [2]
103 600 [4]
20 687 [3]
33 674 [0]
23 682 [0]
4 698 [5]
135 572 [0]
2 703 [2]
151 555 [5]
0 702 [6]
27 681 [3]
28 679 [3]
76 630 [2]
105 601 [6]
42 665 [1]
209 495 [3]
2 702 [4]
16 693 [0]
2 707 [2]
8 698 [3]
1 708 [2]
10 699 [7]
45 664 [1]
1 704 [4]
6 704 [2]
15 695 [6]
32 676 [7]
140 564 [6]
0 704 [6]
8 702 [2]
5 700 [5]
142 568 [0]
9 701 [3]
9 694 [7]
36 670 [4]
7 703 [1]
3 708 [5]
276 434 [3]
8 701 [2]
4 701 [4]
50 654 [1]
22 686 [7]
186 518 [7]
88 624 [6]
0 708 [4]
2 706 [6]
8 697 [7]
53 659 [1]
48 658 [6]
2 708 [5]
7 701 [0]
6 707 [1]
126 586 [7]
10 696 [7]
248 465 [0]
27 683 [7]
12 701 [7]
255 458 [0]
5 707 [1]
4 708 [1]
2 712 [4]
97 617 [0]
66 644 [4]
1 709 [4]
3 711 [5]
8 703 [3]
13 700 [1]
9 705 [3]
219 489 [6]
10 703 [1]
7 705 [2]
25 689 [0]
14 699 [1]
4 705 [0]
6 709 [2]
7 708 [3]
355 360 [0]
27 685 [3]
8 705 [2]
0 709 [6]
4 707 [1]
154 562 [7]
69 647 [0]
98 614 [7]
2 710 [6]
38 679 [3]
2 715 [4]
2 713 [2]
10 706 [1]
10 700 [7]
77 637 [6]
17 699 [1]
14 696 [1]
7 707 [3]
14 700 [0]
9 706 [2]
128 585 [4]
36 677 [0]
0 718 [2]
0 714 [4]
2 716 [4]
0 712 [6]
3 714 [1]
164 554 [5]
6 711 [1]
1 713 [4]
7 706 [5]
9 709 [7]
7 709 [2]
295 423 [4]
83 635 [7]
2 714 [5]
80 634 [4]
35 683 [1]
12 706 [7]
16 702 [0]
223 496 [0]
0 713 [6]
7 711 [1]
41 676 [2]
10 702 [7]
79 634 [2]
102 614 [7]
8 711 [3]
0 720 [6]
4 711 [5]
226 494 [0]
10 710 [0]
1 715 [4]
27 693 [7]
8 709 [3]
3 718 [1]
6 710 [4]
227 493 [0]
294 422 [6]
2 720 [0]
5 714 [3]
1 717 [4]
8 712 [2]
11 707 [4]
19 697 [6]
5 713 [5]
4 719 [6]
176 544 [3]
0 723 [6]
6 717 [2]
0 717 [6]
6 715 [0]
14 702 [1]
12 710 [2]
9 708 [7]
7 715 [0]
199 519 [6]
8 713 [3]
7 714 [3]
43 680 [1]
48 670 [6]
48 677 [4]
5 715 [5]
39 686 [1]
204 521 [4]
8 715 [2]
2 718 [5]
64 654 [7]
1 721 [4]
2 724 [4]
359 367 [0]
7 719 [5]
10 715 [7]
8 716 [2]
7 717 [2]
14 712 [1]
30 695 [1]
5 718 [3]
5 716 [5]
2 725 [2]
6 721 [0]
9 718 [7]
27 700 [3]
9 715 [3]
5 717 [5]
94 632 [7]
36 691 [0]
1 722 [4]
2 719 [6]
103 625 [4]
0 728 [6]
82 643 [3]
6 720 [2]
8 717 [3]
7 721 [2]
8 720 [3]
79 650 [2]
111 617 [6]
4 725 [1]
7 722 [2]
117 608 [4]
10 712 [7]
6 719 [4]
80 650 [6]
20 710 [7]
4 721 [0]
1 729 [4]
5 720 [5]
0 724 [6]
6 722 [2]
318 411 [0]
158 566 [0]
1 727 [2]
18 705 [7]
6 725 [1]
8 723 [2]
21 709 [1]
13 715 [1]
51 674 [6]
4 722 [0]
49 675 [3]
8 721 [2]
104 622 [6]
4 728 [0]
87 640 [3]
8 724 [2]
186 542 [4]
1 732 [4]
4 729 [0]
20 706 [7]
16 712 [0]
29 704 [7]
9 717 [7]
1 726 [6]
12 719 [2]
22 704 [7]
143 590 [0]
9 721 [3]
1 728 [4]
0 734 [6]
1 733 [4]
6 728 [2]
83 649 [7]
7 727 [3]
8 726 [2]
10 724 [7]
2 730 [2]
25 703 [0]
38 696 [3]
6 729 [2]
2 733 [0]
35 693 [3]
16 716 [0]
4 731 [5]
8 727 [7]
7 725 [3]
5 727 [3]
0 729 [6]
99 636 [1]
15 721 [5]
0 736 [6]
56 679 [5]
2 734 [0]
9 727 [7]
5 726 [5]
8 725 [3]
188 549 [6]
1 736 [4]
4 733 [2]
8 728 [3]
7 730 [1]
103 630 [4]
53 683 [1]
10 728 [1]
100 634 [4]
14 724 [7]
5 728 [5]
25 713 [0]
99 639 [1]
8 729 [3]
6 731 [1]
0 732 [6]
36 698 [4]
60 672 [1]
276 462 [1]
1 734 [4]
8 731 [3]
0 733 [6]
10 729 [1]
5 729 [5]
147 592 [7]
7 731 [1]
48 691 [4]
70 668 [3]
126 613 [7]
10 730 [1]
366 374 [0]
10 723 [7]
38 702 [3]
11 725 [4]
302 438 [0]
18 721 [6]
2 736 [0]
1 740 [6]
2 739 [4]
109 626 [7]
8 730 [3]
1 741 [4]
0 742 [6]
4 738 [0]
6 734 [2]
7 735 [1]
10 732 [7]
5 732 [5]
8 732 [2]
2 737 [4]
5 738 [5]
1 738 [4]
203 539 [1]
121 616 [7]
4 740 [4]
1 739 [4]
5 739 [5]
8 736 [3]
76 666 [2]
21 722 [1]
9 728 [7]
9 735 [7]
4 735 [5]
272 472 [3]
9 736 [7]
4 741 [0]
334 411 [0]
16 724 [0]
0 739 [6]
318 427 [3]
4 736 [2]
20 719 [0]
27 716 [3]
7 739 [0]
13 732 [1]
145 599 [2]
6 738 [2]
8 735 [3]
53 693 [1]
143 603 [3]
202 542 [0]
8 737 [2]
68 675 [2]
33 714 [0]
42 704 [3]
9 731 [7]
1 747 [4]
2 746 [6]
263 482 [5]
7 741 [2]
178 570 [1]
11 735 [0]
8 738 [3]
357 392 [0]
14 732 [0]
0 743 [6]
36 707 [6]
9 733 [7]
4 746 [4]
2 748 [0]
149 601 [0]
51 694 [6]
9 741 [7]
10 739 [7]
93 653 [4]
100 650 [4]
2 744 [6]
38 712 [3]
22 729 [7]
2 749 [2]
5 741 [5]
36 711 [0]
14 737 [7]
0 745 [6]
341 410 [0]
6 740 [5]
10 740 [1]
13 739 [1]
4 748 [0]
8 741 [3]
5 747 [5]
9 740 [3]
8 742 [2]
211 537 [4]
4 743 [5]
48 698 [6]
56 696 [5]
343 409 [0]
5 742 [5]
28 723 [3]
5 748 [5]
1 752 [6]
5 743 [5]
0 747 [6]
9 744 [2]
4 745 [5]
23 731 [4]
45 706 [3]
109 645 [0]
10 737 [7]
0 748 [6]
10 743 [1]
16 737 [0]
6 749 [1]
5 745 [5]
5 750 [5]
85 663 [1]
1 750 [6]
79 669 [2]
90 658 [7]
22 733 [7]
10 744 [1]
80 669 [6]
7 749 [3]
2 750 [4]
85 665 [1]
9 747 [7]
27 724 [1]
10 745 [1]
10 746 [1]
1 751 [4]
7 744 [5]
6 748 [2]
0 750 [6]
6 746 [4]
3 754 [2]
0 757 [6]
2 751 [4]
2 753 [0]
5 752 [5]
140 617 [6]
28 726 [3]
0 751 [6]
10 747 [1]
119 638 [3]
317 440 [7]
9 746 [2]
10 741 [7]
2 756 [2]
8 747 [3]
56 702 [5]
25 730 [0]
1 753 [4]
7 746 [5]
2 754 [2]
2 752 [4]
4 749 [1]
12 740 [7]
6 753 [2]
9 743 [7]
76 681 [4]
327 432 [0]
2 758 [4]
4 756 [5]
21 738 [1]
8 749 [3]
5 755 [5]
27 726 [7]
8 750 [2]
1 755 [4]
0 754 [6]
8 751 [2]
35 726 [3]
2 759 [5]
8 753 [3]
2 755 [4]
75 685 [1]
0 759 [2]
9 745 [7]
36 725 [6]
79 682 [2]
6 754 [1]
229 533 [0]
21 741 [1]
8 752 [2]
4 753 [0]
6 756 [1]
27 732 [3]
348 414 [0]
5 756 [1]
3 759 [1]
9 754 [7]
5 758 [5]
8 755 [2]
5 753 [5]
272 491 [3]
22 734 [7]
16 742 [0]
5 759 [3]
114 650 [7]
237 527 [0]
38 723 [3]
3 756 [5]
11 749 [4]
10 753 [1]
0 765 [6]
10 748 [1]
1 762 [2]
20 744 [1]
318 441 [2]
181 580 [4]
252 513 [0]
2 761 [0]
20 746 [7]
2 760 [4]
29 734 [7]
343 420 [3]
28 737 [3]
8 758 [2]
3 762 [1]
0 762 [4]
16 750 [0]
2 762 [5]
45 719 [7]
90 670 [7]
0 761 [6]
4 763 [4]
5 762 [3]
27 737 [1]
10 750 [7]
10 757 [7]
377 390 [0]
8 756 [3]
5 757 [5]
39 728 [6]
39 729 [6]
25 743 [0]
2 764 [0]
16 752 [0]
16 751 [0]
105 661 [6]
80 682 [6]
211 557 [4]
50 716 [1]
6 761 [2]
2 767 [4]
3 766 [5]
1 764 [4]
51 714 [6]
51 718 [6]
103 666 [4]
2 763 [6]
8 762 [7]
25 745 [0]
230 539 [1]
8 761 [3]
2 766 [2]
8 760 [2]
141 626 [7]
5 765 [5]
13 757 [1]
325 445 [0]
1 765 [4]
83 688 [0]
26 741 [1]
344 426 [0]
9 756 [7]
9 763 [2]
6 764 [2]
49 722 [3]
0 772 [6]
7 765 [2]
7 762 [3]
8 764 [3]
100 669 [4]
279 493 [0]
1 772 [4]
2 771 [0]
0 767 [6]
10 763 [1]
356 417 [0]
198 575 [2]
2 769 [0]
2 768 [4]
9 765 [7]
16 758 [0]
126 642 [7]
54 713 [7]
1 769 [4]
14 757 [0]
0 768 [6]
16 755 [0]
4 766 [5]
82 693 [3]
2 773 [2]
4 771 [2]
1 770 [4]
9 759 [7]
7 763 [5]
294 474 [7]
76 700 [2]
4 772 [0]
8 765 [3]
131 640 [6]
1 771 [4]
12 763 [7]
0 770 [6]
8 766 [3]
7 770 [2]
0 771 [6]
34 743 [4]
8 767 [2]
10 760 [7]
1 774 [2]
4 769 [2]
28 750 [3]
80 692 [6]
8 768 [2]
3 774 [1]
4 773 [1]
5 768 [5]
2 774 [5]
6 771 [2]
4 770 [0]
27 752 [7]
5 773 [1]
53 726 [1]
353 426 [0]
56 723 [5]
9 771 [7]
9 764 [7]
326 454 [0]
5 770 [5]
56 724 [5]
8 769 [3]
313 467 [0]
1 776 [4]
8 770 [3]
7 772 [2]
23 754 [4]
16 760 [0]
5 771 [5]
10 765 [1]
7 775 [5]
8 774 [7]
5 774 [3]
2 778 [2]
385 397 [0]
221 560 [0]
5 778 [1]
28 752 [3]
51 727 [6]
16 767 [0]
4 775 [6]
34 745 [4]
2 777 [6]
272 508 [5]
22 761 [7]
7 773 [3]
8 772 [3]
69 709 [0]
6 778 [1]
16 768 [0]
27 757 [3]
378 406 [0]
8 773 [3]
0 785 [6]
2 783 [0]
27 758 [0]
173 609 [3]
206 577 [6]
9 769 [7]
6 775 [4]
27 755 [3]
4 782 [1]
2 784 [6]
100 682 [4]
1 781 [4]
5 781 [5]
6 780 [2]
7 779 [1]
9 770 [7]
2 782 [2]
5 776 [5]
8 778 [3]
6 779 [1]
22 764 [7]
8 776 [2]
28 758 [7]
141 645 [7]
8 779 [3]
2 785 [4]
2 781 [4]
70 717 [3]
98 685 [7]
7 780 [2]
6 777 [4]
69 717 [0]
12 775 [2]
73 709 [5]
4 778 [5]
263 519 [5]
103 681 [4]
11 773 [4]
5 782 [1]
1 783 [4]
114 669 [5]
8 781 [2]
1 788 [4]
6 783 [2]
10 777 [0]
6 782 [1]
10 772 [7]
85 704 [1]
9 773 [7]
267 522 [6]
0 790 [6]
10 780 [1]
101 688 [3]
2 786 [0]
87 702 [1]
3 782 [5]
29 761 [7]
20 763 [3]
1 785 [4]
13 776 [1]
9 774 [7]
115 675 [2]
126 660 [7]
22 769 [1]
1 786 [4]
151 641 [5]
0 792 [6]
11 779 [0]
1 787 [4]
75 716 [1]
4 783 [2]
33 759 [0]
10 781 [7]
60 733 [1]
5 788 [5]
22 771 [7]
281 512 [0]
0 787 [6]
8 782 [3]
1 793 [4]
2 792 [2]
227 567 [0]
21 772 [1]
9 778 [7]
50 742 [4]
6 786 [2]
0 788 [6]
45 746 [3]
8 783 [3]
44 748 [3]
0 795 [6]
27 767 [1]
16 776 [0]
2 793 [0]
4 786 [2]
6 789 [1]
14 781 [0]
6 787 [2]
8 785 [2]
9 784 [2]
199 596 [6]
1 795 [4]
28 767 [3]
5 791 [5]
8 787 [3]
2 790 [4]
100 692 [4]
232 558 [6]
36 756 [4]
9 780 [7]
4 788 [0]
2 795 [0]
0 791 [6]
229 566 [0]
3 789 [5]
44 753 [7]
4 792 [1]
7 789 [3]
10 788 [7]
27 768 [3]
5 792 [1]
112 686 [3]
341 457 [0]
10 787 [1]
180 618 [4]
38 760 [3]
6 792 [3]
0 799 [6]
4 795 [2]
8 788 [3]
13 785 [1]
183 615 [7]
9 783 [7]
26 772 [1]
8 790 [2]
2 796 [2]
5 795 [5]
8 789 [3]
3 792 [5]
5 796 [1]
1 800 [4]
8 791 [2]
50 751 [1]
2 797 [0]
6 795 [2]
215 583 [4]
114 682 [5]
7 794 [5]
107 694 [0]
4 796 [1]
9 793 [7]
23 779 [0]
36 766 [4]
20 775 [7]
21 780 [1]
1 797 [4]
7 792 [3]
2 798 [0]
9 786 [7]
6 796 [1]
1 802 [4]
152 646 [5]
6 797 [1]
1 798 [4]
7 796 [3]
42 761 [1]
265 538 [0]
0 797 [6]
20 777 [7]
16 785 [0]
3 801 [5]
1 799 [4]
90 711 [2]
8 793 [3]
0 798 [6]
1 804 [6]
5 800 [5]
121 684 [4]
9 796 [7]
22 783 [7]
20 784 [1]
9 794 [2]
7 797 [1]
4 801 [1]
6 793 [2]
0 806 [6]
4 797 [5]
27 776 [3]
148 652 [6]
0 800 [6]
53 752 [1]
6 798 [2]
1 801 [4]
6 794 [4]
10 795 [1]
24 781 [6]
10 797 [1]
7 800 [2]
5 797 [5]
2 805 [6]
8 799 [3]
11 792 [4]
192 612 [0]
11 796 [4]
10 790 [7]
364 443 [0]
16 791 [0]
14 790 [7]
8 800 [3]
82 726 [3]
400 408 [0]
9 792 [7]
38 767 [3]
5 798 [5]
21 788 [0]
10 799 [1]
22 787 [7]
36 773 [6]
5 799 [5]
86 716 [7]
0 810 [6]
9 801 [7]
48 756 [6]
2 804 [6]
6 802 [0]
6 804 [4]
103 700 [1]
189 621 [0]
155 654 [5]
2 809 [6]
7 802 [2]
7 801 [3]
149 661 [0]
45 763 [3]
9 795 [7]
4 802 [0]
27 785 [3]
7 805 [5]
8 801 [7]
0 811 [4]
128 679 [4]
53 758 [1]
87 724 [1]
85 720 [1]
1 808 [4]
4 805 [4]
2 807 [6]
281 532 [5]
93 714 [6]
1 811 [5]
7 807 [0]
0 814 [6]
2 812 [0]
177 636 [1]
9 802 [7]
284 530 [0]
2 808 [4]
105 703 [6]
20 794 [1]
9 798 [7]
1 807 [6]
64 751 [7]
22 793 [7]
3 811 [1]
130 684 [0]
80 731 [4]
7 803 [5]
343 472 [5]
51 759 [6]
6 803 [4]
2 810 [4]
43 772 [1]
7 804 [5]
8 806 [2]
216 593 [7]
3 813 [1]
9 800 [7]
4 812 [0]
6 808 [0]
10 805 [1]
106 710 [1]
79 731 [2]
9 805 [2]
22 795 [1]
70 747 [3]
147 670 [7]
69 747 [0]
1 812 [4]
0 813 [4]
1 817 [4]
4 814 [0]
51 762 [6]
6 812 [2]
6 807 [5]
36 778 [4]
10 807 [1]
109 706 [0]
0 812 [6]
7 811 [7]
8 808 [2]
2 811 [5]
5 808 [5]
50 768 [1]
98 716 [7]
9 807 [2]
189 623 [7]
179 639 [5]
10 808 [7]
5 811 [3]
259 560 [0]
85 734 [1]
216 604 [7]
48 766 [6]
6 814 [2]
297 523 [0]
1 815 [4]
8 812 [3]
8 810 [2]
45 775 [7]
9 808 [3]
64 755 [7]
10 809 [1]
27 791 [3]
0 821 [6]
6 815 [2]
5 813 [3]
19 801 [6]
7 809 [5]
80 735 [6]
6 809 [4]
1 821 [4]
7 815 [2]
10 812 [1]
227 594 [7]
344 478 [4]
36 782 [4]
12 807 [7]
267 549 [6]
10 806 [7]
83 740 [3]
22 798 [7]
6 816 [1]
7 813 [3]
8 815 [3]
56 767 [5]
0 817 [6]
384 440 [0]
13 808 [1]
20 804 [7]
4 820 [5]
7 817 [2]
5 814 [5]
327 497 [4]
4 815 [0]
20 803 [1]
7 816 [1]
1 824 [4]
9 816 [7]
10 814 [1]
2 821 [0]
14 810 [1]
403 423 [0]
256 565 [0]
7 818 [1]
22 799 [4]
10 815 [1]
49 770 [6]
1 819 [6]
4 818 [5]
6 821 [2]
8 819 [2]
8 816 [3]
11 816 [0]
20 807 [3]
21 802 [1]
4 819 [4]
10 817 [1]
256 572 [0]
2 824 [0]
20 805 [3]
7 820 [1]
8 817 [3]
2 822 [4]
309 517 [2]
341 485 [1]
20 809 [7]
4 825 [5]
9 820 [7]
409 420 [0]
8 818 [3]
8 820 [3]
2 823 [4]
36 789 [0]
1 822 [6]
2 826 [2]
0 830 [6]
9 814 [7]
1 823 [6]
10 819 [1]
51 774 [6]
6 819 [5]
0 824 [6]
5 826 [5]
348 482 [5]
11 820 [0]
9 815 [7]
7 819 [0]
16 810 [0]
38 790 [3]
7 824 [1]
36 796 [6]
2 828 [0]
60 771 [1]
8 822 [2]
4 828 [2]
189 643 [7]
1 829 [2]
48 778 [6]
8 823 [2]
7 826 [1]
0 827 [6]
75 751 [7]
2 827 [4]
9 817 [7]
50 776 [7]
7 825 [1]
1 828 [4]
2 829 [5]
4 823 [4]
3 829 [1]
359 474 [6]
28 806 [3]
6 823 [5]
6 828 [2]
257 575 [2]
344 488 [1]
69 765 [0]
82 752 [3]
100 735 [4]
9 823 [3]
76 757 [2]
8 824 [3]
4 826 [2]
135 696 [4]
0 836 [6]
1 831 [4]
2 830 [4]
8 828 [3]
8 825 [3]
386 450 [0]
22 814 [7]
8 829 [7]
48 789 [4]
0 831 [6]
10 826 [1]
22 812 [7]
21 815 [1]
343 491 [5]
8 826 [3]
68 770 [2]
5 833 [5]
0 832 [6]
107 727 [4]
32 799 [7]
27 810 [3]
1 838 [4]
23 816 [0]
294 545 [6]
10 822 [7]
4 833 [0]
28 810 [3]
82 758 [7]
0 840 [6]
5 835 [5]
64 776 [7]
2 836 [0]
9 824 [7]
16 822 [0]
99 736 [5]
7 831 [2]
1 835 [4]
8 830 [2]
227 614 [7]
1 840 [4]
2 835 [4]
8 833 [3]
0 837 [4]
2 837 [5]
3 837 [1]
322 517 [2]
10 831 [7]
14 827 [1]
6 833 [2]
0 835 [6]
356 480 [6]
129 712 [1]
197 644 [0]
5 837 [3]
7 834 [1]
105 730 [7]
9 833 [7]
8 832 [2]
298 544 [0]
4 834 [5]
41 799 [2]
353 488 [4]
94 748 [7]
137 705 [1]
14 830 [1]
7 837 [3]
9 828 [7]
6 836 [2]
98 742 [7]
4 838 [0]
388 456 [0]
10 833 [1]
102 742 [7]
16 827 [0]
0 838 [6]
361 483 [0]
2 839 [6]
50 791 [1]
8 835 [2]
201 644 [0]
9 829 [7]
347 498 [0]
8 834 [3]
158 685 [0]
14 832 [1]
3 842 [1]
56 790 [5]
6 838 [2]
1 844 [2]
5 842 [3]
0 847 [6]
2 843 [2]
16 830 [0]
171 676 [0]
3 844 [1]
38 806 [3]
5 843 [5]
13 835 [1]
16 832 [0]
5 838 [5]
2 844 [5]
9 840 [7]
1 848 [6]
4 840 [2]
27 822 [7]
6 839 [4]
10 832 [7]
2 842 [5]
0 843 [6]
7 843 [1]
0 850 [6]
69 780 [0]
141 706 [3]
33 811 [6]
22 828 [1]
166 684 [0]
10 841 [1]
196 652 [5]
5 841 [5]
23 825 [0]
94 753 [7]
28 822 [3]
4 841 [4]
2 845 [4]
8 841 [2]
200 651 [0]
4 848 [4]
8 844 [7]
25 826 [0]
33 813 [0]
8 837 [7]
147 698 [7]
7 846 [1]
12 841 [7]
6 846 [1]
7 841 [0]
85 761 [1]
151 701 [5]
25 824 [0]
45 805 [3]
8 845 [2]
39 814 [4]
8 846 [3]
4 850 [0]
10 843 [1]
16 835 [0]
9 838 [7]
172 682 [0]
343 508 [5]
1 849 [4]
347 506 [6]
1 854 [4]
0 855 [6]
4 851 [4]
5 850 [5]
6 849 [2]
1 850 [4]
21 833 [1]
109 746 [0]
10 845 [7]
27 827 [3]
4 849 [0]
149 703 [4]
128 723 [4]
21 831 [4]
421 435 [0]
49 800 [6]
1 856 [4]
73 780 [5]
341 514 [2]
27 830 [3]
4 854 [0]
9 849 [7]
5 853 [5]
6 850 [2]
6 852 [4]
295 562 [1]
9 842 [7]
35 822 [1]
86 768 [7]
8 850 [3]
28 827 [3]
10 848 [1]
22 836 [7]
6 848 [5]
4 855 [2]
137 721 [1]
2 855 [0]
11 846 [0]
5 849 [5]
7 850 [2]
109 744 [0]
0 853 [6]
80 779 [6]
60 798 [1]
13 847 [1]
0 860 [6]
20 839 [1]
7 848 [0]
12 848 [7]
9 844 [7]
22 838 [7]
263 596 [5]
9 848 [3]
93 762 [7]
104 755 [6]
4 852 [6]
27 832 [1]
10 849 [1]
2 852 [6]
147 711 [2]
0 854 [6]
305 556 [0]
9 852 [5]
2 857 [2]
8 851 [2]
233 626 [3]
2 860 [2]
6 851 [5]
6 856 [2]
4 856 [0]
10 851 [1]
8 853 [3]
9 846 [7]
7 854 [2]
211 648 [4]
6 857 [1]
7 851 [0]
265 598 [7]
356 507 [6]
90 766 [6]
56 806 [5]
16 845 [0]
5 857 [1]
2 858 [6]
51 813 [6]
5 854 [5]
6 858 [4]
79 779 [2]
121 740 [7]
99 764 [1]
7 857 [3]
7 858 [5]
0 865 [6]
29 836 [7]
164 701 [5]
0 859 [6]
8 856 [3]
2 859 [4]
22 840 [7]
245 618 [4]
98 768 [7]
75 791 [7]
5 856 [5]
4 857 [1]
51 811 [6]
12 852 [2]
16 847 [0]
198 667 [2]
0 861 [6]
7 860 [3]
6 860 [3]
1 862 [4]
8 859 [2]
410 457 [0]
181 686 [4]
6 862 [0]
2 862 [4]
1 867 [6]
427 441 [0]
348 519 [3]
10 858 [1]
25 843 [0]
68 800 [2]
38 827 [5]
8 861 [2]
260 607 [5]
56 810 [5]
99 769 [1]
8 862 [3]
38 832 [3]
281 587 [5]
2 864 [4]
1 870 [6]
4 867 [4]
8 860 [3]
8 863 [3]
10 854 [7]
9 855 [7]
2 865 [4]
7 863 [1]
9 862 [3]
5 861 [5]
302 569 [3]
47 823 [1]
8 864 [2]
4 868 [0]
21 850 [1]
325 546 [4]
344 524 [4]
10 862 [1]
294 573 [6]
11 857 [4]
5 862 [5]
4 863 [5]
7 866 [5]
8 865 [2]
1 868 [4]
1 866 [6]
2 867 [6]
23 846 [0]
0 874 [6]
28 845 [3]
1 869 [4]
4 866 [4]
21 854 [4]
22 853 [7]
2 869 [4]
197 678 [5]
350 525 [0]
16 859 [0]
27 845 [1]
1 875 [6]
4 872 [1]
6 868 [0]
209 663 [3]
53 822 [1]
2 872 [2]
159 711 [7]
9 868 [3]
8 867 [2]
27 847 [3]
7 868 [2]
8 869 [2]
293 584 [0]
39 838 [4]
87 790 [1]
86 791 [7]
7 871 [1]
0 878 [6]
6 866 [4]
109 763 [0]
43 831 [3]
311 567 [0]
407 471 [0]
15 862 [6]
8 870 [2]
10 866 [0]
8 868 [2]
12 866 [2]
22 856 [2]
5 867 [4]
5 872 [1]
8 871 [3]
2 877 [4]
344 531 [4]
20 852 [7]
7 867 [0]
9 870 [3]
297 581 [5]
10 869 [7]
294 579 [6]
6 872 [1]
2 873 [4]
211 665 [4]
16 864 [0]
22 855 [7]
14 859 [7]
4 870 [4]
88 786 [6]
7 874 [2]
33 842 [0]
16 865 [0]
35 845 [1]
107 774 [4]
34 843 [4]
409 472 [0]
6 870 [5]
357 522 [7]
10 864 [7]
0 876 [6]
277 605 [0]
10 865 [7]
2 876 [4]
12 867 [7]
7 870 [0]
7 872 [3]
16 861 [0]
14 869 [0]
2 881 [2]
0 877 [6]
8 872 [3]
8 873 [2]
100 779 [4]
1 878 [4]
1 876 [6]
233 645 [7]
203 680 [1]
106 777 [1]
8 875 [2]
45 839 [1]
190 692 [0]
5 875 [5]
29 853 [7]
6 879 [5]
14 864 [7]
8 877 [2]
141 744 [7]
51 829 [6]
56 830 [5]
2 884 [2]
18 868 [6]
6 875 [0]
6 878 [2]
20 866 [7]
8 876 [2]
23 863 [0]
56 827 [5]
1 879 [6]
10 875 [1]
69 817 [0]
8 879 [2]
9 875 [3]
7 875 [0]
0 881 [6]
12 875 [7]
11 872 [4]
4 879 [4]
8 878 [3]
9 871 [7]
4 884 [2]
9 879 [3]
0 882 [6]
27 861 [3]
32 856 [7]
337 551 [0]
51 837 [6]
29 856 [7]
6 881 [3]
178 710 [1]
56 832 [5]
6 883 [5]
9 877 [3]
15 868 [7]
129 760 [1]
3 881 [5]
12 870 [7]
2 883 [6]
73 817 [5]
13 877 [1]
10 873 [7]
9 874 [7]
1 883 [6]
4 881 [1]
2 885 [4]
8 883 [2]
305 585 [0]
7 879 [0]
0 885 [6]
14 876 [1]
10 874 [1]
0 892 [6]
1 891 [4]
7 884 [1]
89 801 [2]
4 888 [5]
39 849 [4]
7 880 [5]
30 862 [7]
11 881 [4]
0 886 [6]
16 876 [0]
8 882 [2]
99 793 [1]
27 865 [1]
16 877 [3]
24 869 [6]
114 779 [5]
358 535 [0]
10 876 [7]
9 884 [7]
429 464 [0]
4 883 [4]
28 864 [3]
10 877 [7]
16 873 [0]
6 888 [1]
1 889 [4]
14 877 [0]
5 883 [4]
27 864 [1]
12 883 [7]
51 844 [6]
5 885 [5]
7 883 [0]
8 885 [2]
7 888 [1]
42 853 [1]
5 891 [5]
21 874 [1]
2 890 [4]
410 485 [2]
8 886 [2]
23 871 [0]
6 891 [0]
8 889 [2]
6 889 [0]
50 847 [1]
79 818 [2]
2 891 [4]
43 854 [3]
45 852 [3]
4 894 [1]
8 890 [2]
13 885 [1]
1 893 [4]
2 894 [2]
198 699 [2]
7 889 [2]
31 867 [1]
53 845 [1]
157 739 [2]
51 842 [6]
297 597 [4]
4 889 [0]
49 850 [3]
1 898 [6]
350 548 [0]
36 857 [6]
0 893 [6]
11 888 [0]
8 888 [3]
10 882 [7]
109 784 [0]
3 897 [1]
1 897 [2]
38 859 [3]
2 896 [2]
14 886 [1]
80 820 [6]
0 894 [6]
7 894 [3]
6 894 [3]
10 891 [7]
0 897 [4]
20 880 [1]
79 816 [2]
16 885 [3]
60 840 [1]
8 891 [2]
2 897 [5]
1 896 [4]
1 901 [4]
5 897 [3]
0 896 [6]
80 816 [6]
219 677 [6]
28 873 [3]
95 801 [0]
7 895 [1]
0 903 [6]
27 873 [1]
8 895 [3]
22 878 [7]
14 887 [7]
8 893 [2]
9 891 [3]
136 767 [0]
1 903 [4]
4 895 [5]
4 900 [0]
10 887 [7]
9 888 [7]
28 876 [3]
359 545 [6]
2 898 [6]
6 899 [0]
1 900 [4]
215 688 [4]
16 890 [0]
1 905 [4]
122 783 [1]
14 892 [1]
357 549 [7]
38 865 [3]
192 713 [7]
5 896 [5]
27 876 [3]
8 899 [3]
9 898 [2]
212 695 [7]
276 631 [3]
0 901 [6]
13 891 [1]
10 896 [1]
8 896 [3]
7 899 [2]
8 900 [3]
2 902 [4]
9 899 [3]
16 887 [0]
0 902 [6]
10 898 [1]
35 873 [1]
36 872 [6]
222 686 [6]
109 794 [0]
10 899 [1]
5 899 [5]
16 893 [0]
10 892 [7]
122 786 [1]
2 903 [4]
2 905 [0]
4 906 [0]
1 909 [4]
0 908 [2]
330 580 [0]
5 900 [5]
8 902 [2]
6 898 [5]
10 900 [1]
12 898 [7]
0 904 [6]
7 898 [5]
2 909 [4]
3 908 [1]
79 825 [2]
106 804 [1]
14 890 [7]
253 658 [0]
281 624 [5]
1 906 [4]
64 847 [7]
1 904 [6]
28 882 [3]
8 901 [2]
93 813 [6]
1 911 [4]
8 904 [2]
292 619 [6]
10 901 [7]
45 866 [1]
6 907 [2]
2 911 [0]
5 908 [3]
5 903 [5]
7 906 [2]
8 903 [2]
9 904 [3]
319 594 [7]
6 905 [2]
9 901 [3]
50 861 [4]
109 805 [0]
2 912 [0]
5 909 [5]
27 886 [3]
371 543 [0]
177 736 [1]
18 889 [7]
31 883 [1]
15 899 [6]
426 488 [0]
60 855 [1]
5 904 [5]
209 704 [3]
2 908 [5]
25 884 [0]
79 834 [2]
27 885 [3]
8 906 [2]
8 905 [3]
5 911 [5]
7 907 [2]
9 900 [7]
2 910 [6]
266 650 [0]
4 913 [1]
2 913 [5]
7 910 [5]
28 886 [3]
229 685 [6]
47 870 [1]
13 901 [1]
0 913 [4]
1 917 [4]
20 898 [3]
14 904 [7]
109 803 [0]
2 914 [0]
16 902 [0]
14 901 [0]
4 910 [6]
109 809 [0]
1 918 [6]
8 911 [3]
6 911 [2]
34 884 [3]
1 914 [4]
7 913 [3]
6 912 [2]
2 918 [6]
1 915 [4]
27 893 [3]
147 766 [7]
0 914 [6]
129 790 [1]
14 903 [0]
10 903 [7]
6 910 [4]
199 722 [6]
85 836 [1]
17 904 [1]
2 915 [4]
1 916 [4]
309 609 [3]
3 913 [1]
40 877 [5]
1 921 [4]
0 916 [6]
22 900 [7]
6 914 [2]
259 662 [3]
100 818 [4]
6 917 [2]
119 804 [3]
4 917 [0]
2 919 [0]
9 907 [7]
38 882 [3]
10 912 [1]
8 912 [3]
1 923 [4]
2 922 [5]
7 915 [2]
5 914 [5]
1 919 [4]
276 647 [1]
12 910 [2]
100 820 [4]
0 922 [2]
9 908 [7]
38 886 [5]
5 920 [5]
3 922 [1]
8 915 [3]
8 914 [3]
16 904 [0]
4 916 [0]
7 918 [0]
10 914 [1]
410 514 [2]
436 489 [0]
141 784 [7]
5 915 [5]
24 901 [6]
291 634 [0]
190 735 [0]
25 896 [0]
2 920 [4]
53 873 [1]
7 917 [2]
83 841 [0]
5 922 [3]
2 925 [4]
191 736 [0]
8 916 [3]
5 917 [5]
6 919 [2]
9 911 [7]
9 915 [3]
7 921 [2]
4 924 [5]
9 912 [7]
4 918 [4]
6 920 [0]
38 887 [3]
16 909 [0]
8 918 [2]
38 890 [3]
385 539 [4]
21 907 [1]
7 922 [7]
0 923 [6]
100 825 [4]
8 921 [3]
283 646 [4]
9 917 [7]
4 920 [0]
9 913 [7]
432 497 [0]
7 920 [2]
0 930 [6]
2 928 [0]
5 925 [5]
454 476 [0]
93 837 [7]
4 921 [0]
444 486 [0]
22 905 [7]
10 920 [7]
20 910 [0]
6 923 [2]
8 923 [3]
79 846 [2]
174 754 [3]
114 816 [5]
5 921 [5]
10 921 [7]
92 838 [3]
105 826 [7]
18 906 [7]
113 818 [2]
8 920 [3]
322 609 [6]
7 923 [2]
0 932 [6]
1 927 [4]
10 915 [1]
0 926 [6]
6 926 [2]
9 923 [7]
9 920 [3]
7 924 [1]
6 927 [0]
247 686 [0]
27 903 [3]
83 848 [7]
38 892 [3]
12 918 [7]
5 923 [5]
6 928 [2]
7 927 [2]
8 926 [3]
1 929 [4]
22 912 [1]
100 834 [4]
0 928 [6]
1 934 [2]
15 920 [6]
256 679 [0]
8 924 [3]
30 899 [7]
211 720 [4]
1 935 [4]
2 934 [5]
5 931 [5]
397 539 [0]
1 931 [4]
266 669 [5]
2 930 [4]
10 926 [1]
21 916 [1]
232 705 [6]
33 897 [0]
8 922 [7]
8 927 [2]
1 930 [6]
21 917 [1]
8 929 [3]
5 928 [5]
10 928 [1]
3 934 [1]
19 913 [6]
4 929 [0]
27 909 [3]
6 931 [2]
39 900 [4]
9 927 [3]
22 914 [7]
4 928 [0]
5 929 [5]
0 933 [6]
128 806 [4]
121 819 [6]
8 932 [3]
5 935 [5]
91 847 [2]
9 931 [7]
7 931 [2]
107 829 [4]
5 930 [5]
8 930 [2]
0 941 [6]
141 794 [7]
1 936 [4]
288 653 [0]
7 932 [2]
101 841 [3]
21 921 [1]
56 886 [5]
455 487 [0]
113 825 [2]
5 934 [3]
5 932 [5]
0 936 [6]
45 898 [3]
0 943 [2]
1 942 [4]
69 874 [0]
56 887 [5]
85 853 [1]
179 764 [5]
50 893 [1]
16 925 [0]
66 878 [0]
141 803 [7]
327 613 [4]
344 600 [4]
6 936 [2]
2 940 [0]
7 934 [3]
79 863 [2]
453 492 [0]
18 927 [7]
0 945 [6]
4 937 [6]
1 940 [4]
7 936 [2]
8 935 [2]
0 939 [6]
9 929 [7]
38 902 [3]
2 939 [4]
5 936 [5]
56 890 [5]
209 734 [3]
29 914 [1]
100 846 [4]
26 921 [1]
17 930 [1]
14 933 [1]
6 937 [4]
2 941 [4]
3 943 [1]
73 874 [5]
5 938 [5]
0 948 [6]
10 938 [7]
6 940 [2]
51 897 [6]
10 931 [1]
8 938 [2]
2 944 [2]
31 918 [1]
8 941 [2]
8 939 [2]
16 930 [0]
56 892 [5]
8 934 [7]
97 849 [6]
7 937 [5]
130 819 [7]
10 932 [7]
6 944 [1]
0 950 [6]
3 947 [5]
2 943 [5]
5 945 [5]
1 945 [4]
8 942 [2]
6 942 [0]
109 839 [0]
80 871 [6]
7 942 [2]
12 937 [2]
29 919 [7]
4 945 [0]
4 942 [0]
10 942 [7]
2 950 [4]
256 696 [0]
3 944 [5]
54 896 [7]
9 936 [7]
0 946 [6]
7 944 [1]
87 865 [1]
14 939 [1]
383 570 [0]
22 926 [2]
4 949 [1]
179 769 [5]
141 809 [3]
433 520 [0]
10 936 [7]
4 944 [5]
7 947 [1]
1 949 [4]
6 946 [2]
189 758 [7]
2 948 [4]
22 929 [7]
9 942 [3]
107 844 [4]
1 954 [4]
27 925 [3]
105 843 [7]
7 946 [2]
4 951 [5]
14 938 [0]
2 951 [2]
33 922 [0]
21 932 [3]
8 945 [3]
10 946 [1]
10 939 [7]
178 777 [1]
10 945 [1]
9 940 [7]
5 946 [5]
8 946 [3]
3 949 [5]
7 943 [7]
15 942 [5]
79 871 [2]
32 926 [2]
4 954 [1]
0 952 [6]
477 481 [0]
6 951 [1]
5 948 [5]
8 947 [3]
6 949 [3]
8 951 [3]
98 861 [1]
2 955 [0]
7 949 [3]
3 951 [5]
9 943 [7]
16 939 [0]
1 959 [4]
2 958 [0]
1 955 [4]
1 953 [6]
8 950 [2]
2 956 [2]
111 849 [6]
8 949 [7]
6 955 [2]
176 785 [3]
2 959 [4]
83 875 [7]
9 945 [7]
28 933 [3]
0 955 [6]
4 953 [4]
27 933 [3]
22 940 [7]
1 961 [4]
29 926 [7]
421 540 [0]
355 606 [5]
24 938 [3]
9 946 [7]
8 952 [2]
83 879 [3]
3 954 [5]
6 957 [4]
1 962 [6]
9 954 [7]
10 953 [1]
8 953 [2]
59 904 [0]
6 954 [3]
318 645 [3]
6 956 [1]
9 947 [7]
2 962 [4]
347 617 [6]
20 937 [7]
6 958 [2]
7 954 [3]
3 956 [5]
255 707 [0]
8 956 [3]
64 893 [7]
51 908 [6]
8 954 [7]
114 846 [5]
0 959 [6]
27 935 [3]
7 953 [0]
4 956 [5]
9 953 [3]
16 948 [0]
2 961 [0]
102 861 [7]
4 962 [4]
2 964 [0]
403 562 [1]
7 959 [0]
14 952 [1]
372 594 [0]
461 505 [0]
21 945 [1]
8 959 [2]
7 960 [1]
10 950 [7]
6 959 [0]
0 961 [6]
109 858 [7]
433 534 [0]
9 957 [2]
2 966 [2]
1 967 [6]
185 780 [4]
84 884 [4]
8 960 [3]
9 959 [3]
19 949 [6]
344 625 [4]
10 958 [1]
1 964 [4]
10 959 [1]
4 960 [5]
7 957 [5]
100 863 [4]
6 961 [2]
8 958 [3]
2 963 [4]
332 638 [0]
366 604 [0]
165 804 [1]
2 965 [4]
27 941 [3]
0 965 [6]
14 950 [1]
5 966 [1]
16 950 [0]
100 871 [4]
4 968 [0]
49 916 [6]
6 964 [2]
7 963 [2]
284 687 [1]
80 888 [6]
8 962 [2]
211 761 [4]
4 963 [0]
79 888 [6]
6 966 [1]
171 799 [1]
6 967 [5]
268 705 [6]
121 851 [5]
16 952 [0]
5 963 [5]
27 939 [1]
1 968 [4]
9 962 [3]
6 962 [5]
151 823 [0]
6 968 [0]
2 972 [6]
9 958 [7]
38 933 [3]
282 692 [0]
5 964 [5]
433 541 [0]
344 630 [4]
8 963 [3]
7 962 [0]
6 969 [5]
50 925 [1]
75 893 [7]
8 964 [3]
4 967 [4]
154 821 [5]
44 928 [3]
9 963 [3]
221 754 [3]
5 965 [5]
2 969 [6]
1 970 [4]
13 959 [1]
106 866 [3]
8 968 [2]
0 976 [6]
227 742 [7]
386 590 [3]
43 932 [1]
345 631 [0]
7 969 [0]
9 960 [7]
1 969 [6]
7 966 [3]
121 848 [7]
69 907 [0]
113 863 [6]
12 962 [7]
0 977 [6]
2 973 [2]
2 975 [6]
87 887 [3]
7 970 [2]
8 966 [3]
2 971 [4]
7 968 [2]
10 968 [7]
5 973 [5]
61 917 [6]
6 970 [0]
374 604 [0]
27 948 [3]
10 967 [1]
20 957 [1]
12 967 [7]
1 978 [4]
14 965 [1]
149 826 [4]
9 967 [3]
4 970 [0]
4 972 [6]
64 909 [7]
9 964 [7]
22 958 [1]
73 907 [5]
2 974 [4]
255 725 [0]
27 952 [1]
233 744 [3]
9 968 [3]
10 969 [1]
324 656 [0]
12 969 [7]
7 973 [1]
16 965 [0]
11 966 [4]
8 971 [2]
8 974 [2]
6 972 [4]
256 723 [0]
8 973 [3]
4 973 [2]
23 960 [0]
1 982 [4]
238 743 [2]
2 981 [4]
2 977 [4]
200 782 [0]
9 975 [2]
10 973 [1]
15 968 [6]
68 916 [2]
7 972 [5]
173 811 [3]
130 851 [7]
15 963 [6]
2 983 [4]
14 971 [1]
45 937 [3]
36 947 [2]
238 745 [2]
310 675 [0]
166 819 [6]
423 562 [0]
2 979 [4]
1 979 [6]
18 968 [6]
5 981 [5]
126 860 [7]
2 980 [4]
50 935 [1]
6 975 [4]
10 975 [1]
114 871 [5]
12 972 [2]
0 980 [6]
8 979 [2]
10 977 [7]
16 971 [0]
0 981 [6]
7 975 [5]
272 712 [5]
197 787 [0]
38 950 [3]
2 984 [2]
1 983 [4]
8 978 [2]
4 982 [0]
5 978 [5]
379 609 [0]
386 603 [1]
8 981 [2]
129 859 [1]
5 984 [5]
20 969 [3]
5 979 [5]
8 980 [2]
5 985 [5]
201 787 [5]
6 982 [2]
9 981 [3]
51 934 [6]
263 722 [5]
13 976 [1]
93 897 [7]
8 983 [3]
0 991 [6]
5 986 [5]
7 984 [1]
36 951 [0]
14 977 [1]
2 987 [2]
10 974 [7]
0 985 [6]
327 660 [0]
5 982 [5]
5 987 [5]
1 991 [4]
8 984 [3]
7 983 [2]
203 788 [1]
16 976 [0]
48 944 [4]
2 986 [4]
0 993 [6]
5 983 [5]
4 984 [2]
8 982 [3]
38 952 [3]
29 961 [7]
50 941 [1]
51 943 [6]
479 515 [0]
16 978 [0]
18 970 [7]
382 612 [0]
5 990 [5]
14 974 [7]
27 965 [3]
109 880 [0]
14 981 [7]
100 895 [4]
16 979 [0]
16 974 [0]
356 639 [6]
317 677 [7]
20 975 [7]
48 947 [4]
7 985 [2]
7 987 [1]
9 983 [3]
396 599 [0]
2 989 [6]
56 939 [5]
1 995 [6]
6 990 [2]
3 992 [1]
4 990 [0]
36 956 [0]
28 965 [3]
7 988 [1]
277 719 [7]
4 987 [2]
6 991 [2]
10 987 [1]
69 923 [0]
10 980 [7]
4 988 [5]
15 983 [6]
17 981 [1]
50 948 [1]
407 591 [7]
16 977 [0]
141 858 [3]
20 972 [7]
181 814 [6]
8 988 [3]
7 992 [7]
27 971 [3]
11 988 [0]
10 990 [1]
8 991 [3]
69 931 [0]
5 992 [3]
64 935 [7]
16 981 [1]
10 989 [1]
28 971 [3]
0 994 [6]
121 879 [7]
88 911 [6]
6 995 [5]
14 980 [1]
25 973 [0]
75 925 [1]
7 989 [5]
5 991 [5]
7 995 [0]
16 986 [0]
10 991 [1]
91 909 [2]
10 985 [7]
296 705 [1]
8 995 [2]
8 993 [2]
186 810 [7]
9 994 [7]
38 965 [5]
10 986 [7]
4 994 [5]
2 997 [6]
255 749 [0]
7 997 [0]
9 995 [3]
27 977 [1]
9 988 [7]
0 998 [6]
8 997 [2]
99 905 [1]
85 919 [1]
5 995 [5]
494 511 [0]
10 994 [1]
21 985 [0]
27 976 [3]
5 996 [5]
55 947 [4]
305 696 [0]
12 995 [7]
126 881 [7]
179 828 [6]
438 569 [0]
5 997 [4]
199 802 [6]
8 992 [7]
4 997 [4]
27 978 [3]
4 999 [0]
56 952 [5]
14 993 [1]
36 966 [6]
6 997 [5]
8 998 [2]
12 997 [7]
25 984 [0]
38 971 [5]
130 879 [7]
5 999 [5]
132 874 [4]
478 531 [0]
8 999 [3]
86 925 [7]
502 509 [0]
34 973 [4]
25 987 [0]
188 818 [6]
186 827 [7]
324 689 [1]
14 998 [1]
10 996 [1]
27 979 [7]
35 979 [3]
195 815 [5]
344 666 [4]
317 691 [7]
216 796 [0]
128 882 [4]
22 990 [7]
9 999 [7]
22 991 [7]
27 986 [7]
20 989 [7]
75 935 [7]
38 974 [3]
166 851 [7]
341 674 [2]
129 887 [1]
70 946 [3]
28 986 [3]
75 941 [1]
22 996 [7]
38 980 [3]
410 608 [2]
264 755 [0]
297 718 [4]
474 545 [0]
131 887 [6]
282 735 [2]
128 892 [4]
135 882 [0]
45 972 [3]
141 880 [7]
129 890 [3]
94 928 [7]
161 861 [0]
291 731 [0]
131 890 [1]
35 986 [1]
28 993 [3]
38 977 [3]
290 732 [0]
75 948 [1]
98 925 [7]
233 784 [7]
186 830 [7]
25 994 [0]
22 999 [7]
50 976 [7]
97 929 [6]
137 889 [1]
424 602 [0]
477 547 [0]
126 894 [7]
27 998 [3]
56 971 [5]
233 794 [3]
28 998 [3]
87 939 [1]
31 997 [1]
43 985 [3]
439 589 [0]
481 547 [0]
188 834 [6]
100 924 [4]
39 990 [3]
344 681 [3]
39 991 [6]
129 902 [1]
33 992 [0]
272 760 [5]
34 994 [4]
122 911 [1]
115 916 [2]
56 974 [5]
424 610 [4]
38 993 [3]
203 831 [1]
340 695 [0]
83 953 [3]
233 803 [3]
294 738 [3]
56 980 [5]
87 950 [1]
113 924 [2]
89 949 [2]
450 590 [0]
99 940 [1]
53 986 [1]
90 951 [6]
104 935 [6]
64 976 [7]
39 996 [1]
79 960 [2]
51 992 [6]
117 922 [4]
98 941 [7]
137 906 [1]
39 999 [6]
107 934 [0]
89 954 [0]
233 809 [3]
98 948 [7]
463 583 [0]
127 919 [1]
442 607 [0]
304 745 [0]
83 967 [3]
209 836 [3]
350 697 [0]
204 847 [5]
56 993 [5]
450 603 [1]
85 961 [1]
56 998 [5]
75 978 [7]
95 954 [0]
215 841 [4]
417 639 [0]
277 775 [7]
353 700 [4]
185 874 [4]
384 677 [0]
471 591 [0]
87 977 [1]
211 853 [4]
148 912 [6]
82 979 [3]
137 927 [1]
263 802 [5]
184 884 [4]
256 806 [0]
281 786 [5]
176 885 [7]
87 980 [1]
152 912 [5]
363 707 [0]
377 693 [0]
281 783 [5]
86 978 [7]
154 919 [5]
525 548 [0]
233 839 [7]
150 923 [0]
109 957 [0]
80 988 [6]
243 832 [0]
534 541 [0]
216 857 [0]
427 645 [3]
145 929 [2]
384 691 [2]
190 888 [2]
197 878 [0]
137 942 [1]
201 878 [5]
113 960 [6]
83 995 [7]
121 953 [7]
143 938 [6]
139 941 [0]
130 953 [7]
188 895 [6]
109 975 [0]
299 785 [7]
410 674 [2]
231 853 [0]
248 831 [5]
230 854 [4]
122 964 [1]
125 962 [0]
361 727 [0]
105 984 [6]
179 905 [5]
192 896 [7]
233 858 [3]
267 818 [6]
275 817 [0]
100 988 [4]
139 948 [0]
485 608 [0]
469 626 [0]
383 710 [5]
185 907 [3]
216 872 [0]
444 652 [7]
382 713 [7]
359 738 [7]
105 987 [7]
147 944 [7]
533 566 [0]
133 965 [0]
232 868 [6]
267 834 [7]
318 784 [3]
97 999 [6]
129 974 [1]
147 956 [7]
343 760 [5]
158 941 [0]
112 990 [4]
109 989 [0]
282 820 [2]
354 750 [0]
141 957 [7]
344 757 [4]
147 951 [6]
367 738 [0]
148 958 [6]
317 789 [7]
137 970 [1]
129 980 [1]
154 955 [5]
112 996 [3]
131 974 [6]
188 924 [6]
213 899 [4]
255 857 [0]
117 992 [4]
318 794 [3]
225 890 [0]
295 821 [5]
233 880 [3]
378 739 [3]
141 975 [3]
318 803 [3]
186 933 [7]
325 791 [1]
536 588 [0]
149 973 [4]
407 714 [7]
232 889 [6]
180 947 [4]
277 852 [1]
198 930 [2]
287 843 [4]
141 989 [3]
299 835 [7]
272 859 [5]
202 933 [7]
393 743 [0]
203 932 [1]
266 871 [5]
149 984 [4]
361 774 [0]
565 572 [0]
486 652 [0]
297 842 [4]
149 987 [4]
556 585 [0]
256 882 [0]
145 999 [2]
232 906 [6]
167 976 [2]
536 611 [4]
183 963 [7]
324 824 [2]
348 802 [3]
463 688 [3]
265 886 [7]
356 793 [6]
532 624 [0]
431 726 [0]
503 655 [0]
495 663 [0]
383 777 [5]
318 839 [3]
351 812 [0]
267 895 [7]
232 927 [6]
183 983 [7]
386 781 [1]
536 633 [4]
206 964 [6]
371 797 [4]
181 990 [4]
543 628 [0]
272 902 [3]
357 818 [7]
334 839 [3]
181 996 [4]
581 597 [0]
500 672 [0]
190 988 [2]
437 744 [0]
250 932 [2]
458 725 [0]
186 993 [7]
299 885 [7]
357 825 [2]
186 998 [4]
236 950 [0]
277 910 [3]
528 659 [0]
241 944 [3]
356 828 [6]
524 666 [0]
361 829 [0]
327 860 [4]
258 933 [7]
267 924 [6]
357 834 [7]
290 903 [0]
268 927 [6]
243 952 [4]
359 833 [6]
588 611 [0]
202 998 [0]
412 788 [0]
202 993 [0]
305 892 [0]
318 880 [3]
343 859 [5]
280 926 [5]
233 975 [3]
327 881 [0]
276 931 [1]
292 915 [7]
458 749 [7]
232 970 [6]
297 908 [4]
483 727 [0]
427 784 [3]
528 683 [2]
459 754 [0]
276 936 [1]
236 977 [5]
295 919 [1]
530 687 [0]
553 664 [0]
230 985 [4]
277 937 [3]
222 996 [6]
427 794 [4]
557 665 [0]
560 662 [0]
278 944 [0]
358 865 [5]
588 633 [0]
533 685 [6]
255 966 [0]
389 835 [0]
327 894 [4]
600 625 [0]
407 813 [7]
233 989 [3]
586 642 [0]
403 821 [5]
450 781 [6]
452 780 [0]
600 630 [3]
427 803 [6]
238 994 [2]
525 708 [6]
478 757 [2]
500 733 [0]
503 737 [6]
423 821 [5]
565 679 [6]
611 633 [0]
294 945 [6]
247 996 [2]
480 764 [0]
343 902 [5]
323 926 [0]
295 955 [1]
411 839 [0]
277 972 [1]
258 993 [0]
566 685 [0]
352 900 [0]
284 969 [4]
309 943 [3]
355 901 [5]
548 708 [0]
295 961 [1]
346 911 [0]
357 895 [7]
386 869 [1]
601 661 [0]
333 929 [0]
350 913 [0]
621 643 [0]
322 943 [6]
356 905 [6]
508 760 [0]
480 793 [6]
292 983 [7]
318 957 [3]
391 884 [0]
507 769 [0]
557 720 [7]
473 804 [0]
570 710 [0]
357 924 [7]
294 982 [7]
421 863 [0]
336 949 [0]
469 809 [0]
313 976 [4]
342 951 [0]
361 934 [0]
432 860 [0]
356 940 [6]
465 831 [0]
342 956 [7]
550 748 [0]
581 718 [3]
325 978 [4]
427 880 [6]
601 703 [4]
474 833 [7]
395 916 [0]
407 897 [7]
401 912 [0]
597 718 [0]
596 722 [0]
532 786 [1]
464 856 [0]
330 990 [6]
386 938 [1]
605 719 [0]
450 869 [6]
432 894 [0]
403 919 [3]
469 858 [0]
582 747 [0]
399 933 [0]
601 730 [7]
341 992 [2]
363 966 [7]
530 807 [4]
581 759 [0]
359 982 [7]
659 683 [0]
500 840 [0]
522 825 [0]
582 765 [2]
570 777 [3]
442 909 [1]
367 982 [6]
578 778 [0]
597 759 [0]
614 742 [0]
616 740 [0]
438 917 [4]
497 860 [0]
377 979 [5]
403 955 [1]
592 766 [0]
401 958 [4]
500 855 [0]
452 907 [6]
403 961 [3]
661 703 [0]
593 773 [0]
521 847 [0]
677 691 [0]
405 964 [0]
477 893 [4]
595 776 [0]
385 985 [4]
627 751 [0]
605 775 [3]
423 955 [3]
397 985 [0]
562 821 [0]
423 961 [3]
427 957 [3]
665 720 [0]
421 960 [0]
480 905 [5]
393 994 [3]
655 737 [0]
491 902 [0]
497 894 [5]
450 938 [6]
661 730 [5]
475 922 [0]
441 957 [0]
462 936 [0]
679 723 [0]
540 863 [0]
410 992 [2]
672 733 [0]
552 867 [0]
480 940 [6]
581 842 [0]
538 886 [0]
559 870 [0]
645 784 [0]
644 787 [0]
703 730 [0]
651 782 [0]
525 913 [6]
704 734 [0]
597 842 [0]
467 976 [0]
558 889 [0]
556 892 [5]
565 882 [1]
605 852 [1]
571 887 [0]
517 943 [0]
499 963 [0]
558 906 [3]
641 823 [0]
469 989 [2]
677 789 [6]
479 986 [5]
552 918 [3]
549 924 [0]
725 749 [0]
585 892 [0]
691 789 [0]
550 928 [4]
626 858 [0]
710 777 [0]
679 806 [1]
613 881 [0]
719 775 [0]
530 969 [4]
540 960 [7]
597 908 [0]
672 840 [3]
689 824 [0]
516 999 [0]
607 909 [0]
605 910 [1]
655 864 [5]
644 878 [7]
715 808 [0]
546 978 [0]
714 813 [0]
672 855 [5]
558 970 [3]
619 915 [0]
684 851 [0]
704 836 [5]
542 998 [0]
603 938 [0]
561 981 [0]
605 937 [3]
552 997 [3]
735 820 [0]
622 935 [0]
589 971 [0]
618 947 [0]
763 805 [0]
771 798 [0]
770 800 [0]
734 836 [0]
733 840 [0]
605 972 [1]
647 931 [0]
616 967 [2]
733 855 [5]
794 803 [0]
667 930 [0]
762 837 [0]
737 864 [0]
774 829 [0]
715 891 [6]
668 946 [0]
774 844 [3]
718 908 [0]
719 910 [1]
810 830 [0]
716 925 [0]
649 995 [0]
781 869 [0]
818 834 [0]
741 921 [0]
822 845 [0]
829 844 [0]
794 880 [2]
686 996 [0]
803 880 [0]
780 907 [0]
740 967 [0]
775 937 [0]
818 895 [0]
845 873 [0]
738 982 [0]
729 991 [0]
735 988 [6]
834 895 [0]
793 940 [0]
743 994 [0]
821 955 [0]
832 952 [0]
867 918 [0]
889 906 [0]
809 989 [0]
826 984 [0]
826 987 [7]
889 970 [5]
912 958 [0]
951 956 [0]
