1600
12
41
180
320
353
414
958
1287
1533
800
322
72
196
456
27
83
261
47
150
218
119
224
698
305
169
703
435
101
274
87
135
92
343
380
12
262
30
278
113
5
1312
156
171
515
133
256
277
102
387
129
533
276
713
1320
444
50
327
67
474
170
89
157
650
57
319
429
185
537
70
118
225
1224
104
215
0
95
76
582
212
201
100
249
34
64
989
254
684
547
62
49
452
138
38
8
705
177
16
146
65
402
231
241
1
541
791
9
403
672
121
202
356
287
501
136
128
798
819
405
273
390
203
404
638
592
74
73
660
71
518
337
340
33
21
335
187
93
60
26
48
913
195
897
386
182
167
219
505
357
281
44
538
385
11
24
227
7
107
397
66
333
142
449
754
634
299
497
925
332
35
140
271
55
600
108
953
79
751
725
618
36
510
247
744
378
577
6
973
164
68
144
374
293
85
192
664
303
149
616
159
115
525
173
870
461
147
90
570
80
205
393
289
110
455
88
763
105
181
655
158
132
42
52
408
175
680
111
106
640
486
653
148
373
410
709
434
997
1078
22
145
364
234
602
665
606
825
253
1044
103
1215
239
495
906
1020
409
920
282
344
272
342
459
513
371
860
527
325
530
130
1112
605
1140
552
835
396
535
206
1337
524
810
683
886
313
574
629
681
508
580
389
270
696
338
323
383
236
976
151
631
661
360
1049
485
339
938
2
624
359
186
770
450
1065
59
607
69
566
1486
18
394
1031
857
493
489
54
523
823
887
37
178
882
40
834
471
426
306
562
97
849
242
1103
127
295
641
1406
632
134
644
355
285
123
528
756
208
1246
480
900
659
1076
576
304
587
567
176
777
473
425
391
420
948
692
82
23
771
604
494
609
372
448
230
1141
500
399
685
788
31
1256
822
184
667
614
29
499
345
711
1093
520
112
1388
880
1009
56
346
243
194
300
392
697
122
1351
488
370
160
952
220
13
1165
879
891
469
936
828
296
1077
379
174
223
328
99
586
1245
191
1094
990
1314
216
908
623
710
779
972
1321
445
457
1115
719
682
889
347
481
1052
572
859
575
596
78
39
291
263
418
126
454
238
630
131
45
367
693
193
654
411
590
553
1380
384
75
686
255
314
28
804
1317
197
210
288
617
1155
496
837
63
316
540
563
267
283
862
246
143
1259
58
546
498
381
183
251
478
294
382
783
1110
421
1480
152
125
124
400
43
915
1041
1152
188
221
747
1308
264
179
730
1196
503
237
428
894
1176
460
841
375
416
1262
235
479
645
940
257
266
735
1192
286
162
847
960
543
312
1074
1540
1124
259
1132
213
824
1043
155
161
1485
526
809
812
109
565
1082
10
116
687
851
482
550
228
244
204
165
1010
803
1139
472
198
832
430
439
424
368
838
331
292
957
555
309
1437
1175
642
466
260
626
628
899
153
1304
1195
258
970
137
781
1451
1525
365
438
689
861
350
678
475
1002
695
816
189
302
4
1101
1012
1149
813
91
1219
1135
564
511
548
51
961
729
1120
963
284
775
1281
413
556
815
214
1193
1254
172
334
417
265
398
290
1242
981
1197
675
1418
951
1119
32
594
560
217
476
669
362
268
911
308
352
939
326
996
1180
1114
708
168
229
1005
1035
1204
1057
1154
1390
986
772
330
84
944
269
166
759
96
61
245
120
1018
622
1449
1220
477
621
1345
778
863
534
226
679
15
19
1189
733
1107
1113
869
969
728
643
613
1070
1272
1322
842
852
1022
864
1241
1117
748
561
888
714
433
830
752
817
491
1384
321
975
1042
843
718
1356
280
463
734
1001
608
571
1073
1264
1185
209
1479
919
467
854
1299
795
1335
1419
431
545
611
636
512
1004
1420
1015
462
875
1184
578
663
531
395
468
668
845
826
363
1432
549
1127
591
844
1521
699
649
867
207
750
514
1358
1025
366
222
412
406
865
423
907
516
1309
1257
297
317
792
77
369
785
760
1457
492
802
558
1248
1188
796
581
1338
704
1355
1379
377
1424
232
701
1460
1523
1130
743
671
419
635
3
965
738
1183
878
651
700
539
1329
1198
1258
732
1163
507
559
904
773
1067
946
1410
762
966
603
1297
532
652
1504
1330
757
551
248
1027
275
1148
1332
1453
749
896
677
985
1325
1422
876
1019
717
361
1391
856
673
1104
776
25
1199
94
348
1100
250
354
731
872
846
633
688
1170
1108
720
881
1143
1090
916
820
702
1572
199
1244
988
163
1118
1086
1590
233
1179
544
780
542
805
1136
978
1003
922
979
808
1459
707
1237
898
1099
1305
1098
1360
1585
86
1239
801
599
464
998
971
1594
774
994
1045
1400
569
1016
674
739
648
789
1318
676
836
1268
307
921
1134
1033
1534
1581
1171
529
14
114
1007
1111
1382
1491
910
1402
1577
1063
341
1106
1064
1365
933
1233
840
1203
1333
1263
1225
1597
200
557
487
1463
1286
716
758
982
432
619
765
504
536
853
1373
1293
401
932
1500
20
1456
490
1378
358
522
745
376
657
1006
992
484
1474
1137
987
1079
589
1227
746
1279
909
1051
1228
848
821
1501
46
315
442
1454
336
1381
827
1411
1524
53
901
190
1393
995
794
1307
1483
1519
1518
782
1438
1032
1235
318
427
1291
1339
407
724
1290
1121
1024
1131
1181
1030
139
877
1353
440
1444
1302
415
736
1217
884
453
883
727
1478
858
1208
949
1270
786
81
1222
1050
1564
912
885
955
1344
694
483
1231
1442
753
446
1153
1205
1151
942
1546
388
627
436
1266
1084
1569
1301
1075
1200
1446
1494
1316
1008
1517
931
1346
1210
893
831
1092
1473
637
1157
1186
1477
1284
1392
1232
1503
943
329
1147
1294
1547
1357
903
458
1252
1048
1269
1303
349
1334
1421
1216
1567
1506
871
950
868
806
1490
917
974
1105
993
892
1319
1047
98
465
579
1095
866
1122
1401
1298
1404
839
1046
769
573
1372
1538
1146
1439
1255
977
797
1011
422
1405
1561
1036
1511
1531
298
1194
593
1172
1177
1173
662
141
715
1212
1166
1370
1566
451
1565
502
923
1037
1487
1386
1413
1425
1579
554
1059
945
991
1116
742
929
927
818
595
1326
706
1088
519
1429
761
1435
1174
252
1080
584
1498
1549
764
890
956
1261
1276
1427
1313
874
1354
1445
1397
902
1071
1162
1347
833
1190
1598
1448
829
959
1058
1271
568
601
1426
1223
324
1513
1574
1097
1430
1516
962
1164
517
1580
598
1323
1062
1396
1530
240
610
1021
767
1341
1054
1352
506
967
1466
947
1280
1359
1452
1467
1340
1578
1508
1288
741
1133
1369
937
855
1394
1283
1055
1142
1544
1202
1443
470
926
1462
784
964
1522
1085
1484
740
1495
1550
1482
670
1247
612
984
1529
1249
980
1455
1374
1539
1026
1366
1221
924
1583
1563
1349
1398
1129
1492
1295
690
1562
1507
1289
1461
1450
1497
1362
799
588
1532
1434
1226
1367
1250
721
1213
1159
1331
154
1464
1029
1306
1573
351
1526
1109
1251
1465
787
1273
117
1541
1576
1441
722
211
723
1596
1182
1409
1168
1515
1158
1469
691
1277
1376
1407
1191
1552
1471
656
1556
1399
625
1234
1038
1559
441
1060
1327
17
1509
1275
1267
1599
766
1371
620
597
811
1336
301
1389
1496
1013
1238
1368
983
1403
1592
1476
1586
1377
1571
737
1584
509
968
1440
1145
1229
1207
1570
1415
1575
807
1527
1138
1160
1034
1428
1230
1296
1292
437
583
1588
1348
1040
1408
615
1560
1436
1593
1417
1240
793
1528
954
310
1537
918
1493
1557
1000
1328
1553
1568
1087
1416
1542
1510
666
521
1072
1472
1023
1282
1555
1209
1595
712
1028
1315
1274
585
1554
1150
1499
999
1187
1069
1551
1514
1260
1488
1364
941
1423
1300
1383
873
647
1096
1489
1169
1350
1278
755
1387
934
1363
1053
1061
914
1548
1091
1475
1361
1089
1481
1310
768
1589
1324
1128
1265
1536
658
1412
1211
1545
1206
1458
1582
1447
279
1433
1161
1431
1414
1014
1123
1102
1167
1201
1470
1125
1543
895
1512
1214
1081
1126
790
311
930
814
1017
1502
1311
850
928
1342
1156
1558
1520
1253
1068
1178
1218
1285
1385
1144
1587
1535
1243
1343
1056
447
1591
443
1083
726
905
935
1505
639
1039
1066
1395
1375
1468
646
1236
15 19 [0]
11 24 [0]
8 38 [0]
21 33 [0]
26 48 [0]
38 42 [1]
26 60 [0]
42 52 [0]
0 95 [0]
34 64 [0]
23 82 [0]
27 83 [0]
49 62 [0]
7 107 [0]
39 78 [0]
5 113 [0]
10 116 [0]
14 114 [0]
73 74 [0]
60 93 [0]
61 96 [0]
60 99 [1]
16 146 [0]
22 145 [0]
76 95 [0]
42 132 [0]
35 140 [0]
45 131 [0]
38 138 [0]
70 118 [0]
7 183 [1]
16 177 [0]
47 150 [0]
65 146 [0]
68 144 [0]
0 215 [0]
37 178 [0]
106 111 [0]
38 175 [8]
87 135 [0]
16 208 [1]
92 135 [0]
96 135 [1]
68 164 [0]
13 220 [0]
7 227 [0]
90 147 [0]
1 241 [0]
4 241 [1]
89 157 [0]
124 125 [0]
24 227 [0]
89 170 [0]
128 136 [0]
72 196 [0]
26 246 [1]
12 262 [0]
115 159 [0]
85 192 [0]
125 152 [0]
93 187 [0]
34 249 [0]
80 205 [0]
132 158 [0]
12 279 [1]
137 147 [7]
30 262 [0]
100 201 [0]
27 273 [4]
4 302 [0]
61 245 [0]
47 261 [0]
30 278 [0]
38 268 [7]
155 161 [0]
104 215 [0]
79 241 [1]
121 202 [0]
44 281 [0]
24 291 [10]
132 184 [10]
55 271 [0]
156 171 [0]
113 211 [3]
39 291 [0]
47 286 [1]
15 321 [1]
119 218 [0]
28 314 [0]
119 224 [0]
118 225 [0]
83 261 [0]
167 182 [0]
100 249 [0]
21 335 [0]
111 248 [1]
46 315 [0]
87 274 [0]
120 245 [0]
35 332 [0]
150 218 [0]
165 204 [0]
33 340 [0]
95 273 [6]
101 274 [0]
57 319 [0]
50 327 [0]
85 293 [0]
63 316 [0]
102 277 [0]
100 286 [1]
167 219 [0]
143 246 [0]
62 318 [9]
133 256 [0]
113 278 [0]
12 380 [0]
67 327 [0]
72 322 [0]
156 239 [1]
89 301 [5]
11 385 [0]
174 223 [0]
168 229 [0]
110 289 [0]
66 333 [0]
93 308 [1]
56 346 [0]
183 220 [2]
197 210 [0]
123 285 [0]
188 221 [0]
140 271 [0]
9 403 [0]
18 394 [0]
45 367 [0]
87 325 [1]
201 212 [0]
84 330 [0]
133 282 [1]
60 357 [1]
72 348 [1]
127 295 [0]
131 285 [7]
99 328 [0]
101 321 [7]
72 350 [10]
183 251 [0]
11 417 [7]
92 343 [0]
166 269 [0]
194 243 [0]
94 348 [0]
43 400 [0]
179 264 [0]
80 359 [4]
77 369 [0]
204 244 [0]
162 286 [0]
136 315 [1]
149 303 [0]
187 259 [10]
216 241 [1]
159 292 [7]
75 384 [0]
186 262 [11]
52 408 [0]
223 227 [10]
134 327 [1]
66 397 [0]
158 296 [10]
184 271 [10]
65 402 [0]
113 351 [3]
46 422 [1]
57 412 [1]
231 241 [0]
228 244 [0]
70 392 [11]
169 305 [0]
142 333 [0]
85 396 [1]
27 456 [0]
52 431 [2]
102 387 [0]
30 461 [1]
189 302 [0]
9 476 [7]
194 300 [0]
50 444 [0]
57 439 [1]
197 293 [7]
210 288 [0]
49 452 [0]
107 397 [0]
172 334 [0]
11 497 [1]
33 476 [1]
145 364 [0]
164 345 [1]
136 375 [1]
56 458 [1]
129 387 [0]
144 374 [0]
0 516 [2]
148 373 [0]
187 335 [0]
257 266 [0]
124 400 [0]
87 426 [11]
18 507 [3]
29 499 [0]
160 370 [0]
83 449 [0]
164 369 [1]
256 277 [0]
101 435 [0]
138 399 [1]
182 357 [1]
67 474 [0]
30 502 [9]
1 541 [0]
156 386 [0]
151 380 [11]
88 455 [0]
54 489 [0]
14 529 [0]
126 418 [0]
27 518 [0]
186 359 [0]
36 510 [0]
267 283 [0]
223 328 [0]
174 379 [0]
263 291 [0]
18 528 [10]
201 357 [1]
269 289 [1]
202 356 [0]
152 406 [3]
98 465 [0]
183 381 [0]
170 384 [10]
110 455 [0]
182 386 [0]
255 314 [0]
62 500 [1]
93 475 [7]
54 523 [0]
126 454 [0]
136 444 [0]
44 538 [0]
241 341 [1]
175 408 [0]
6 577 [0]
222 366 [0]
71 518 [0]
243 346 [0]
21 561 [7]
138 452 [0]
49 541 [0]
142 449 [0]
203 390 [0]
167 430 [1]
205 393 [0]
234 364 [0]
211 379 [8]
51 548 [0]
49 543 [10]
71 528 [4]
250 354 [0]
58 546 [0]
268 328 [9]
9 598 [1]
70 537 [0]
203 404 [0]
35 565 [7]
215 393 [1]
147 461 [0]
62 547 [0]
277 335 [0]
232 380 [2]
297 317 [0]
16 587 [11]
272 342 [0]
185 429 [0]
272 344 [0]
236 383 [0]
211 400 [11]
10 613 [1]
292 331 [0]
11 609 [4]
104 514 [7]
32 594 [0]
2 624 [0]
282 344 [0]
27 600 [1]
245 384 [1]
268 362 [0]
15 612 [4]
112 520 [0]
231 402 [0]
222 412 [0]
69 566 [0]
308 328 [1]
52 580 [4]
136 501 [0]
3 635 [0]
85 553 [1]
281 357 [0]
83 547 [8]
250 390 [1]
115 525 [0]
285 355 [0]
177 455 [8]
18 613 [9]
287 356 [0]
29 614 [0]
170 474 [0]
83 559 [2]
289 356 [1]
22 626 [1]
133 515 [0]
69 573 [6]
218 422 [9]
80 570 [0]
202 444 [4]
68 572 [10]
123 528 [0]
295 356 [1]
196 456 [0]
36 618 [0]
55 600 [0]
66 590 [1]
104 552 [1]
76 582 [0]
97 562 [0]
270 389 [0]
130 530 [0]
308 352 [0]
90 570 [0]
323 338 [0]
129 533 [0]
217 435 [10]
273 390 [0]
237 428 [0]
74 592 [0]
59 607 [0]
255 407 [5]
293 374 [0]
198 472 [0]
78 584 [8]
261 399 [11]
202 470 [1]
227 438 [7]
78 596 [0]
109 565 [0]
119 547 [8]
294 382 [0]
69 607 [0]
24 653 [0]
337 340 [0]
273 405 [0]
230 448 [0]
263 418 [0]
22 651 [9]
265 417 [0]
289 393 [0]
99 586 [0]
171 515 [0]
305 370 [11]
325 357 [5]
223 455 [10]
290 398 [0]
164 525 [0]
129 563 [1]
238 454 [0]
300 392 [0]
217 476 [0]
15 679 [0]
87 602 [8]
173 525 [0]
305 390 [4]
63 637 [1]
71 631 [1]
59 644 [1]
82 621 [1]
285 419 [1]
323 383 [0]
21 678 [7]
57 650 [0]
272 433 [2]
108 600 [0]
8 705 [0]
168 545 [1]
235 479 [0]
337 377 [2]
112 600 [10]
185 537 [0]
343 380 [0]
219 505 [0]
164 551 [9]
260 466 [0]
105 618 [5]
7 722 [1]
251 478 [0]
185 542 [2]
274 456 [1]
220 509 [1]
71 660 [0]
306 426 [0]
73 660 [0]
30 701 [2]
239 495 [0]
126 603 [6]
337 399 [1]
141 592 [3]
15 712 [10]
121 606 [11]
212 521 [5]
237 502 [1]
237 503 [0]
322 412 [7]
206 535 [0]
280 463 [0]
176 567 [0]
182 553 [10]
80 663 [2]
318 427 [0]
106 640 [0]
285 460 [2]
319 429 [0]
57 682 [10]
362 388 [1]
334 417 [0]
170 577 [8]
273 483 [1]
338 418 [1]
315 442 [0]
247 510 [0]
362 393 [2]
226 534 [0]
203 554 [3]
123 635 [3]
87 674 [1]
65 689 [7]
217 539 [5]
75 686 [0]
131 630 [0]
126 626 [9]
119 636 [7]
368 390 [7]
149 616 [0]
323 443 [1]
134 632 [0]
47 720 [1]
183 585 [1]
314 456 [1]
335 435 [0]
278 483 [9]
142 622 [7]
294 478 [0]
171 603 [1]
82 692 [0]
289 481 [4]
159 616 [0]
110 658 [8]
94 674 [8]
203 574 [1]
217 560 [0]
228 550 [0]
134 644 [0]
37 743 [1]
307 474 [1]
232 547 [2]
7 768 [6]
52 720 [9]
151 631 [0]
196 585 [2]
373 410 [0]
11 775 [1]
264 520 [2]
287 501 [0]
135 652 [2]
111 680 [0]
375 416 [0]
138 651 [2]
368 424 [0]
121 672 [0]
23 771 [0]
212 582 [0]
148 648 [1]
299 497 [0]
0 790 [6]
69 728 [1]
373 424 [1]
287 510 [1]
278 517 [3]
92 696 [11]
280 514 [5]
248 551 [0]
9 791 [0]
25 776 [0]
148 653 [0]
342 459 [0]
340 450 [11]
116 687 [0]
365 438 [0]
85 712 [6]
141 662 [0]
171 623 [10]
196 610 [1]
237 567 [2]
157 650 [0]
276 533 [0]
281 529 [1]
146 654 [10]
391 420 [0]
151 651 [9]
158 655 [0]
69 745 [1]
182 633 [1]
398 417 [0]
391 425 [0]
131 687 [0]
157 661 [1]
406 412 [0]
66 750 [2]
135 684 [0]
249 570 [1]
122 697 [0]
31 788 [0]
74 735 [10]
354 466 [1]
372 448 [0]
66 747 [7]
172 649 [1]
123 697 [1]
332 481 [10]
164 658 [1]
339 485 [0]
268 548 [11]
56 772 [1]
107 721 [1]
347 481 [0]
72 758 [1]
267 563 [0]
79 751 [0]
28 804 [0]
197 626 [9]
323 503 [7]
0 824 [10]
234 602 [0]
181 655 [0]
183 655 [1]
338 492 [9]
205 637 [1]
140 692 [10]
345 499 [0]
332 506 [6]
193 654 [0]
327 521 [1]
314 535 [1]
344 504 [1]
408 442 [1]
123 718 [9]
240 610 [0]
9 842 [1]
88 763 [0]
184 667 [0]
90 758 [3]
325 527 [0]
277 576 [1]
335 510 [8]
177 677 [1]
325 530 [0]
337 518 [0]
312 543 [0]
96 759 [0]
63 784 [8]
136 717 [2]
175 680 [0]
147 709 [0]
192 664 [0]
316 540 [0]
141 715 [0]
59 799 [1]
370 488 [0]
333 526 [1]
187 666 [6]
190 660 [9]
201 658 [1]
393 457 [10]
357 505 [0]
66 797 [1]
233 630 [1]
424 439 [0]
395 468 [0]
309 555 [0]
159 697 [10]
81 786 [0]
105 763 [0]
99 764 [5]
238 630 [0]
77 792 [0]
430 439 [0]
359 512 [1]
102 766 [3]
169 703 [0]
1 860 [11]
75 787 [11]
263 600 [10]
124 743 [6]
40 834 [0]
80 795 [1]
311 555 [10]
73 794 [9]
168 708 [0]
135 734 [7]
381 498 [0]
11 861 [7]
304 576 [0]
135 736 [9]
358 522 [0]
221 660 [1]
365 516 [1]
134 742 [5]
187 695 [1]
177 705 [0]
371 513 [0]
293 593 [1]
193 693 [0]
260 626 [0]
232 655 [1]
234 653 [0]
313 574 [0]
115 773 [1]
192 691 [6]
304 587 [0]
10 874 [8]
29 858 [5]
193 701 [1]
185 705 [4]
26 867 [2]
47 839 [9]
56 837 [2]
426 471 [0]
263 635 [1]
425 473 [0]
399 500 [0]
63 837 [0]
36 866 [1]
445 457 [0]
91 813 [0]
102 798 [4]
27 868 [9]
226 679 [0]
288 617 [0]
433 471 [2]
249 658 [1]
272 636 [1]
179 730 [0]
271 633 [9]
361 548 [5]
149 765 [3]
137 781 [0]
386 528 [4]
52 868 [1]
109 812 [0]
259 655 [7]
224 698 [0]
40 882 [0]
385 538 [0]
79 842 [2]
37 887 [0]
212 712 [1]
147 774 [3]
166 759 [0]
128 798 [0]
395 531 [0]
222 705 [1]
38 879 [10]
303 614 [10]
124 805 [1]
347 582 [1]
148 771 [10]
119 807 [3]
196 734 [1]
396 535 [0]
211 722 [0]
232 701 [0]
299 634 [0]
241 681 [11]
167 764 [3]
295 641 [0]
131 804 [0]
254 684 [0]
140 796 [2]
113 815 [10]
46 890 [2]
293 643 [2]
238 699 [3]
2 938 [0]
255 686 [0]
323 618 [0]
33 907 [2]
194 749 [1]
181 763 [0]
97 849 [0]
411 530 [7]
455 494 [1]
461 489 [1]
422 525 [3]
45 901 [5]
347 598 [8]
83 863 [7]
176 777 [0]
397 546 [10]
249 695 [10]
53 901 [0]
378 577 [0]
10 946 [1]
186 770 [0]
207 750 [0]
428 530 [1]
43 915 [0]
452 507 [2]
48 913 [0]
397 562 [4]
208 756 [0]
270 696 [0]
334 633 [1]
303 664 [0]
3 965 [0]
221 747 [0]
389 580 [0]
413 556 [0]
310 660 [1]
24 943 [3]
294 671 [6]
128 844 [1]
176 796 [1]
459 513 [0]
186 787 [1]
362 612 [1]
454 511 [9]
10 961 [3]
151 821 [3]
356 609 [10]
72 904 [1]
431 545 [0]
333 639 [4]
43 934 [1]
87 879 [11]
6 973 [0]
372 609 [0]
333 644 [4]
386 586 [10]
489 493 [0]
118 865 [1]
274 709 [0]
359 624 [0]
342 631 [10]
134 850 [1]
131 848 [5]
375 609 [2]
43 944 [1]
48 935 [4]
357 627 [3]
100 888 [1]
426 562 [0]
459 518 [11]
238 746 [5]
276 713 [0]
59 931 [1]
68 923 [1]
247 744 [0]
273 712 [6]
148 845 [1]
67 919 [7]
445 542 [6]
85 907 [2]
468 527 [2]
94 892 [11]
193 804 [0]
489 504 [6]
355 644 [0]
174 816 [9]
393 601 [6]
266 735 [0]
411 590 [0]
62 937 [3]
305 698 [0]
149 847 [7]
433 562 [9]
405 600 [1]
189 816 [0]
184 822 [0]
138 867 [2]
179 829 [1]
49 948 [11]
162 847 [0]
277 726 [6]
337 661 [11]
79 931 [1]
255 747 [9]
51 961 [0]
385 621 [7]
188 818 [8]
411 599 [5]
139 877 [0]
437 580 [1]
505 506 [6]
44 968 [6]
237 782 [1]
142 875 [2]
75 938 [7]
360 661 [0]
23 992 [6]
93 929 [1]
342 680 [1]
101 922 [1]
241 775 [7]
84 944 [0]
435 584 [9]
350 678 [0]
12 1008 [9]
214 815 [0]
227 803 [1]
198 832 [0]
387 632 [11]
186 837 [7]
362 669 [0]
79 953 [0]
164 861 [7]
179 854 [1]
376 657 [0]
432 592 [9]
63 971 [1]
338 696 [0]
387 646 [0]
517 518 [1]
335 700 [2]
213 824 [0]
359 679 [1]
175 860 [5]
151 888 [2]
169 862 [10]
404 638 [0]
173 870 [0]
92 944 [7]
201 843 [1]
487 557 [0]
465 579 [0]
499 543 [2]
471 568 [5]
498 546 [0]
80 959 [6]
68 974 [3]
485 551 [9]
92 955 [1]
168 871 [8]
196 844 [7]
133 906 [8]
196 853 [1]
439 610 [1]
149 891 [10]
432 619 [0]
153 899 [0]
64 989 [0]
419 635 [0]
87 965 [2]
257 787 [11]
219 833 [3]
345 711 [0]
474 583 [1]
505 553 [1]
447 607 [4]
121 938 [1]
284 775 [0]
511 548 [0]
367 693 [0]
178 882 [0]
108 953 [0]
60 1002 [1]
436 627 [0]
464 599 [0]
359 702 [3]
370 693 [2]
411 654 [0]
56 1009 [0]
478 579 [8]
507 559 [0]
346 715 [5]
8 1062 [1]
256 804 [10]
45 1018 [9]
137 927 [8]
379 688 [6]
207 867 [0]
34 1041 [1]
403 672 [0]
511 564 [0]
418 658 [1]
23 1055 [1]
234 837 [7]
361 717 [0]
18 1056 [4]
253 825 [0]
231 848 [1]
44 1032 [3]
80 1000 [1]
389 688 [3]
280 802 [1]
192 888 [2]
123 952 [7]
32 1051 [1]
399 685 [0]
356 729 [1]
354 731 [0]
135 940 [10]
455 631 [1]
134 947 [5]
325 759 [2]
6 1081 [1]
267 812 [9]
297 792 [0]
392 697 [0]
356 724 [9]
474 612 [3]
162 928 [1]
419 671 [0]
190 901 [0]
242 849 [0]
10 1082 [0]
195 897 [0]
510 581 [2]
121 968 [5]
7 1079 [9]
287 811 [1]
477 621 [0]
118 978 [2]
494 604 [0]
22 1078 [0]
215 886 [1]
330 772 [0]
501 600 [1]
540 563 [0]
494 609 [0]
542 560 [1]
4 1101 [0]
164 943 [1]
316 791 [1]
137 970 [0]
342 763 [2]
466 642 [0]
246 862 [0]
195 913 [0]
39 1062 [8]
160 952 [0]
68 1046 [1]
410 705 [1]
350 755 [10]
92 1026 [1]
45 1070 [3]
410 709 [0]
114 1007 [0]
376 745 [0]
101 1011 [9]
164 953 [4]
314 799 [8]
322 800 [0]
378 744 [0]
295 821 [6]
367 749 [6]
399 724 [1]
198 917 [8]
59 1065 [0]
216 908 [0]
296 828 [0]
479 645 [0]
128 997 [1]
486 640 [0]
80 1047 [1]
151 976 [0]
438 689 [0]
518 611 [1]
129 1001 [1]
407 724 [0]
132 990 [10]
10 1119 [3]
333 800 [0]
322 812 [1]
107 1025 [2]
450 680 [4]
109 1017 [10]
468 668 [0]
164 973 [0]
430 701 [6]
473 656 [8]
380 750 [7]
120 1018 [0]
398 739 [1]
435 703 [0]
6 1133 [1]
486 653 [0]
188 940 [11]
106 1030 [3]
99 1041 [1]
251 884 [5]
515 617 [10]
553 590 [0]
177 964 [2]
501 633 [9]
76 1061 [6]
434 709 [0]
114 1030 [1]
164 971 [9]
98 1047 [0]
205 940 [1]
283 862 [0]
160 979 [6]
239 906 [0]
476 669 [0]
81 1065 [1]
103 1044 [0]
433 714 [0]
512 636 [0]
157 982 [9]
452 686 [10]
393 753 [3]
42 1101 [7]
27 1124 [1]
163 988 [0]
412 738 [1]
32 1119 [0]
415 736 [0]
385 758 [9]
475 678 [0]
369 785 [0]
560 594 [0]
567 587 [0]
430 724 [1]
323 830 [2]
185 960 [10]
545 611 [0]
507 650 [1]
454 696 [7]
6 1141 [10]
303 857 [1]
318 837 [5]
261 900 [1]
203 954 [5]
499 653 [10]
328 837 [1]
382 783 [0]
546 620 [1]
247 917 [3]
273 895 [0]
356 812 [1]
500 667 [1]
124 1036 [8]
331 838 [0]
459 710 [1]
139 1030 [0]
568 601 [0]
239 926 [5]
79 1092 [1]
226 945 [1]
575 596 [0]
455 714 [2]
425 747 [1]
220 952 [0]
527 643 [2]
381 784 [8]
49 1125 [1]
165 1010 [0]
249 926 [1]
370 803 [2]
382 795 [1]
433 744 [1]
483 694 [0]
126 1040 [11]
390 788 [1]
444 734 [1]
13 1165 [0]
33 1142 [3]
268 911 [0]
571 608 [0]
16 1165 [1]
532 652 [0]
402 775 [7]
395 782 [8]
378 809 [1]
521 666 [0]
359 829 [1]
508 681 [0]
363 826 [0]
66 1121 [3]
38 1150 [5]
3 1186 [4]
531 663 [0]
390 805 [1]
327 859 [10]
431 761 [4]
172 1014 [10]
463 734 [0]
364 823 [10]
257 940 [0]
192 1000 [6]
155 1043 [0]
104 1095 [1]
313 886 [0]
343 856 [1]
446 753 [0]
485 703 [11]
390 803 [7]
378 818 [6]
384 807 [11]
282 920 [0]
504 692 [6]
449 754 [0]
574 629 [0]
493 707 [3]
234 963 [7]
337 865 [2]
530 670 [5]
92 1103 [11]
368 838 [0]
19 1189 [0]
479 729 [1]
183 1026 [1]
178 1030 [1]
355 845 [9]
146 1064 [1]
106 1094 [10]
293 906 [11]
45 1166 [1]
350 861 [0]
71 1131 [9]
430 776 [5]
236 976 [0]
269 944 [0]
578 636 [1]
385 820 [9]
121 1094 [1]
430 780 [5]
551 661 [3]
140 1076 [1]
179 1032 [5]
148 1062 [6]
375 841 [0]
171 1046 [1]
196 1021 [1]
597 620 [0]
179 1034 [4]
45 1169 [4]
151 1068 [1]
308 911 [0]
313 899 [7]
450 770 [0]
128 1087 [5]
169 1041 [10]
468 753 [1]
562 655 [4]
201 1022 [1]
469 744 [10]
547 669 [7]
25 1199 [0]
246 978 [1]
405 819 [0]
383 843 [1]
258 970 [0]
431 797 [1]
283 938 [7]
307 921 [0]
127 1103 [0]
187 1039 [4]
592 638 [0]
371 860 [0]
498 733 [1]
547 684 [0]
396 835 [0]
0 1222 [9]
598 627 [7]
126 1102 [4]
113 1113 [7]
228 1002 [3]
254 977 [3]
229 1005 [0]
568 661 [5]
198 1032 [5]
347 889 [0]
425 811 [1]
347 884 [5]
36 1193 [7]
378 855 [6]
539 700 [0]
162 1078 [1]
370 866 [5]
578 663 [0]
130 1112 [0]
402 831 [9]
219 1017 [6]
254 989 [0]
158 1086 [1]
537 696 [11]
65 1177 [3]
389 854 [2]
277 966 [2]
48 1199 [1]
611 636 [0]
38 1201 [8]
284 963 [0]
47 1202 [1]
292 957 [0]
15 1235 [1]
473 777 [0]
241 1010 [1]
61 1184 [6]
302 950 [1]
36 1217 [1]
158 1092 [3]
121 1130 [2]
626 628 [0]
501 745 [9]
613 643 [0]
332 925 [0]
308 944 [5]
304 951 [2]
46 1212 [1]
181 1077 [1]
137 1122 [1]
590 669 [1]
599 657 [3]
567 685 [7]
238 1017 [4]
171 1083 [5]
197 1063 [1]
365 895 [1]
580 681 [0]
537 715 [9]
340 922 [1]
474 788 [1]
430 832 [0]
433 830 [0]
310 954 [0]
514 750 [0]
101 1164 [1]
326 939 [0]
522 745 [0]
602 665 [0]
293 965 [9]
18 1251 [1]
504 765 [0]
446 825 [1]
606 665 [0]
580 689 [2]
406 865 [0]
329 943 [0]
591 680 [2]
356 909 [9]
300 975 [1]
599 666 [10]
203 1074 [1]
339 938 [0]
472 801 [5]
389 890 [1]
562 710 [7]
113 1168 [1]
163 1118 [0]
289 992 [1]
614 667 [0]
607 667 [7]
479 803 [1]
499 783 [1]
547 728 [7]
386 897 [0]
528 756 [0]
191 1094 [0]
150 1134 [2]
314 964 [8]
29 1258 [1]
31 1256 [0]
390 886 [11]
423 865 [0]
512 777 [1]
533 756 [1]
444 834 [11]
359 926 [5]
352 939 [0]
57 1235 [1]
256 1036 [1]
631 661 [0]
633 654 [6]
94 1199 [0]
201 1090 [2]
227 1067 [1]
492 802 [0]
630 665 [1]
344 945 [6]
92 1194 [9]
555 737 [4]
144 1143 [9]
472 814 [10]
321 975 [0]
253 1044 [0]
99 1187 [11]
338 961 [1]
15 1274 [10]
593 698 [9]
42 1259 [1]
536 765 [0]
460 841 [0]
275 1027 [0]
223 1070 [9]
124 1168 [11]
498 803 [2]
81 1222 [0]
95 1209 [1]
24 1274 [6]
471 834 [0]
149 1154 [2]
366 932 [8]
141 1166 [1]
537 767 [3]
72 1236 [0]
491 817 [0]
551 757 [0]
380 926 [3]
561 748 [0]
91 1219 [0]
629 681 [0]
576 731 [3]
515 790 [5]
568 741 [1]
59 1252 [1]
503 808 [1]
87 1224 [1]
551 763 [1]
655 659 [1]
254 1051 [9]
577 739 [1]
148 1162 [6]
62 1245 [10]
58 1259 [0]
5 1312 [0]
511 807 [1]
103 1215 [0]
431 889 [1]
627 694 [1]
467 854 [0]
542 780 [0]
428 894 [0]
295 1018 [9]
287 1036 [1]
632 691 [0]
186 1135 [2]
544 780 [0]
71 1254 [0]
86 1239 [0]
224 1102 [0]
507 819 [0]
479 844 [3]
5 1322 [0]
400 922 [5]
498 826 [3]
104 1224 [0]
409 920 [0]
228 1102 [0]
423 907 [0]
346 975 [9]
60 1271 [0]
464 867 [0]
461 870 [0]
60 1272 [0]
228 1104 [0]
229 1095 [8]
541 791 [0]
252 1080 [0]
73 1253 [6]
401 932 [0]
542 791 [0]
629 704 [0]
496 837 [0]
482 851 [0]
524 810 [0]
471 854 [9]
106 1229 [0]
526 809 [0]
500 826 [9]
231 1094 [10]
33 1303 [0]
42 1291 [3]
453 883 [0]
132 1205 [0]
462 875 [0]
453 884 [0]
623 703 [11]
40 1299 [0]
247 1092 [0]
281 1055 [3]
403 937 [0]
188 1152 [0]
634 703 [4]
337 995 [9]
573 769 [0]
343 1000 [0]
500 843 [0]
618 725 [0]
177 1167 [0]
390 954 [0]
17 1327 [0]
543 791 [10]
369 964 [11]
535 810 [0]
671 674 [0]
213 1132 [0]
242 1103 [0]
34 1310 [1]
1 1341 [3]
182 1164 [0]
523 823 [0]
632 703 [11]
473 874 [0]
287 1049 [11]
542 805 [0]
649 699 [0]
218 1121 [9]
93 1252 [3]
86 1261 [2]
488 852 [9]
250 1100 [0]
175 1165 [10]
14 1336 [0]
6 1343 [1]
129 1221 [0]
391 957 [2]
600 748 [2]
503 847 [0]
493 857 [0]
451 897 [3]
2 1344 [6]
334 1019 [0]
100 1250 [3]
66 1282 [6]
382 967 [8]
464 887 [6]
137 1219 [1]
600 758 [0]
558 802 [0]
469 891 [0]
375 986 [0]
458 903 [0]
667 688 [6]
132 1229 [5]
550 813 [3]
335 1033 [0]
390 978 [0]
5 1354 [9]
420 948 [0]
410 948 [10]
430 930 [10]
230 1141 [0]
556 815 [0]
643 728 [0]
147 1225 [0]
313 1052 [7]
333 1034 [6]
296 1077 [0]
418 950 [5]
187 1187 [0]
467 907 [0]
484 889 [1]
152 1223 [0]
666 699 [10]
604 771 [0]
581 796 [0]
619 750 [8]
476 901 [1]
671 705 [2]
596 776 [6]
643 736 [0]
321 1050 [8]
439 938 [2]
480 900 [0]
39 1338 [3]
376 1006 [0]
259 1124 [0]
619 765 [0]
34 1351 [0]
590 795 [0]
593 792 [0]
63 1323 [0]
166 1220 [0]
312 1074 [0]
467 919 [0]
486 900 [0]
608 768 [10]
527 860 [0]
552 835 [0]
648 739 [0]
327 1051 [9]
273 1103 [11]
117 1259 [11]
588 799 [0]
634 754 [0]
140 1239 [9]
125 1253 [10]
288 1101 [0]
536 853 [0]
391 993 [5]
54 1332 [3]
49 1336 [5]
117 1273 [0]
90 1292 [8]
114 1277 [0]
259 1132 [0]
366 1025 [0]
640 743 [9]
543 850 [0]
576 817 [0]
609 784 [0]
383 1007 [3]
465 929 [0]
209 1185 [0]
519 870 [6]
1 1389 [5]
470 926 [0]
378 1017 [1]
332 1065 [0]
534 863 [0]
561 834 [2]
212 1175 [10]
561 828 [9]
162 1238 [0]
238 1162 [0]
599 801 [0]
506 884 [10]
682 719 [0]
550 851 [0]
215 1177 [9]
143 1259 [0]
9 1387 [6]
195 1202 [5]
392 1001 [9]
130 1265 [8]
341 1063 [0]
469 936 [0]
260 1146 [0]
418 980 [8]
214 1193 [0]
647 754 [6]
179 1230 [0]
360 1049 [0]
400 1008 [1]
650 757 [2]
558 849 [3]
34 1375 [0]
166 1244 [1]
233 1179 [0]
192 1217 [3]
284 1129 [0]
595 818 [0]
130 1275 [8]
432 982 [0]
671 743 [0]
78 1330 [6]
193 1218 [4]
387 1020 [8]
97 1317 [2]
374 1043 [0]
489 923 [5]
224 1189 [7]
420 989 [11]
497 925 [0]
216 1197 [9]
516 907 [0]
275 1148 [0]
11 1413 [0]
31 1393 [0]
35 1389 [0]
129 1295 [0]
671 748 [5]
502 923 [0]
394 1031 [0]
159 1256 [10]
626 790 [10]
172 1254 [0]
252 1174 [0]
376 1040 [10]
618 809 [0]
518 901 [9]
524 905 [0]
409 1020 [0]
511 919 [0]
572 859 [0]
606 825 [0]
663 764 [4]
205 1215 [11]
618 814 [0]
422 1011 [0]
345 1089 [0]
575 859 [0]
698 727 [9]
591 844 [0]
517 907 [11]
191 1245 [0]
648 789 [0]
314 1116 [8]
647 792 [0]
546 893 [1]
152 1289 [0]
127 1314 [1]
323 1117 [2]
199 1244 [0]
323 1119 [2]
630 808 [6]
93 1352 [0]
360 1080 [5]
280 1157 [8]
391 1044 [10]
292 1146 [8]
575 872 [0]
619 822 [6]
681 757 [9]
538 905 [4]
547 901 [0]
348 1100 [0]
561 888 [0]
225 1224 [0]
150 1291 [9]
230 1221 [0]
226 1217 [8]
594 852 [5]
42 1410 [0]
241 1204 [7]
425 1018 [9]
59 1394 [0]
258 1195 [0]
0 1444 [9]
97 1357 [0]
208 1246 [0]
239 1215 [0]
158 1293 [3]
537 908 [10]
115 1341 [0]
245 1211 [0]
360 1096 [0]
379 1077 [0]
467 988 [1]
293 1156 [8]
153 1304 [0]
478 980 [0]
461 991 [6]
220 1239 [0]
408 1048 [3]
266 1192 [1]
66 1387 [6]
65 1395 [0]
165 1292 [4]
464 998 [0]
608 855 [0]
33 1427 [3]
559 904 [0]
567 886 [10]
699 761 [4]
54 1411 [0]
113 1352 [0]
530 934 [1]
78 1379 [9]
337 1130 [0]
538 928 [0]
214 1254 [0]
381 1087 [0]
156 1312 [0]
160 1299 [9]
476 993 [0]
28 1442 [0]
195 1275 [0]
385 1087 [0]
101 1368 [3]
506 967 [0]
685 788 [0]
122 1351 [0]
653 813 [7]
104 1363 [6]
101 1373 [0]
134 1340 [0]
716 758 [0]
385 1082 [7]
430 1045 [0]
20 1456 [0]
452 1021 [3]
389 1083 [4]
484 992 [0]
329 1147 [0]
725 751 [0]
475 1002 [0]
462 1015 [0]
274 1204 [0]
307 1171 [0]
286 1192 [0]
633 846 [0]
12 1459 [9]
28 1441 [11]
15 1455 [11]
499 981 [2]
119 1356 [7]
500 981 [2]
413 1067 [5]
238 1245 [2]
732 743 [10]
154 1331 [0]
288 1198 [0]
399 1084 [5]
357 1132 [0]
473 1016 [0]
710 779 [0]
243 1247 [0]
74 1413 [3]
7 1484 [0]
66 1425 [0]
447 1044 [0]
478 1013 [0]
602 890 [0]
523 964 [5]
42 1451 [0]
683 810 [0]
325 1162 [6]
44 1446 [3]
616 878 [0]
185 1306 [3]
452 1033 [9]
72 1413 [9]
70 1425 [0]
403 1091 [1]
568 926 [1]
392 1100 [3]
387 1108 [2]
235 1262 [0]
129 1366 [3]
480 1014 [4]
36 1463 [0]
102 1397 [0]
548 946 [5]
503 995 [1]
112 1388 [0]
239 1260 [1]
259 1238 [4]
403 1095 [3]
58 1438 [5]
402 1097 [3]
346 1151 [5]
157 1346 [0]
541 962 [0]
520 976 [7]
327 1165 [11]
486 1015 [2]
543 960 [0]
18 1486 [0]
379 1126 [0]
160 1346 [0]
123 1384 [0]
217 1290 [0]
642 866 [0]
739 769 [0]
118 1380 [10]
127 1383 [0]
141 1370 [0]
695 816 [0]
24 1482 [5]
250 1262 [0]
57 1453 [2]
555 957 [0]
676 836 [0]
668 845 [0]
197 1317 [0]
450 1065 [0]
567 938 [10]
649 867 [0]
715 801 [0]
512 1004 [0]
428 1080 [8]
340 1177 [0]
173 1346 [0]
20 1500 [0]
274 1244 [2]
424 1085 [11]
503 1015 [3]
702 820 [0]
497 1016 [9]
111 1405 [6]
274 1249 [0]
685 833 [5]
357 1160 [6]
667 857 [0]
672 852 [0]
426 1092 [6]
433 1092 [0]
128 1390 [7]
673 849 [3]
74 1452 [0]
92 1425 [9]
59 1462 [5]
628 899 [0]
327 1199 [2]
673 856 [0]
578 941 [10]
356 1168 [5]
37 1487 [5]
651 878 [0]
344 1186 [0]
606 913 [11]
267 1253 [10]
216 1314 [0]
84 1447 [0]
421 1110 [0]
623 908 [0]
50 1476 [5]
50 1482 [0]
290 1242 [0]
444 1086 [2]
410 1116 [6]
10 1523 [0]
481 1052 [0]
589 938 [6]
281 1253 [0]
688 846 [0]
48 1479 [7]
485 1049 [0]
726 810 [0]
3 1522 [11]
241 1297 [0]
686 846 [6]
687 851 [0]
744 792 [2]
412 1118 [10]
502 1037 [1]
19 1522 [0]
203 1338 [0]
429 1109 [3]
614 920 [8]
57 1479 [7]
206 1337 [0]
67 1478 [0]
760 785 [0]
576 966 [3]
323 1223 [0]
370 1170 [6]
220 1315 [11]
367 1168 [11]
46 1501 [0]
133 1414 [0]
463 1080 [4]
759 784 [4]
324 1223 [0]
721 820 [7]
273 1276 [0]
591 947 [11]
725 821 [3]
524 1017 [8]
665 876 [9]
689 861 [0]
49 1498 [3]
118 1433 [0]
572 968 [11]
567 979 [6]
37 1514 [1]
318 1235 [0]
550 1003 [0]
693 859 [1]
297 1257 [0]
649 899 [6]
205 1351 [0]
205 1350 [1]
244 1314 [0]
754 802 [2]
95 1454 [9]
113 1446 [0]
659 900 [0]
215 1341 [3]
167 1393 [0]
343 1208 [9]
461 1090 [9]
233 1316 [11]
718 843 [0]
266 1297 [0]
305 1253 [5]
231 1331 [2]
304 1257 [3]
55 1500 [9]
534 1025 [5]
143 1413 [8]
178 1387 [0]
541 1024 [0]
598 960 [8]
29 1529 [8]
155 1411 [1]
694 871 [2]
596 973 [0]
179 1390 [0]
439 1130 [0]
535 1034 [0]
683 886 [0]
752 817 [0]
603 966 [0]
208 1362 [0]
290 1280 [0]
582 979 [9]
371 1197 [2]
134 1436 [1]
599 971 [1]
744 819 [8]
66 1506 [0]
264 1308 [0]
457 1115 [0]
52 1517 [3]
474 1099 [0]
677 896 [0]
717 856 [0]
176 1389 [8]
758 815 [1]
575 989 [10]
65 1506 [3]
80 1491 [3]
307 1268 [0]
692 879 [4]
370 1200 [5]
698 878 [0]
647 919 [10]
53 1524 [0]
766 812 [0]
4 1563 [11]
700 878 [0]
93 1479 [7]
551 1027 [0]
548 1027 [5]
475 1100 [5]
11 1567 [3]
392 1178 [11]
752 830 [0]
89 1488 [5]
356 1219 [7]
785 789 [8]
190 1393 [0]
91 1491 [1]
34 1550 [0]
518 1066 [0]
631 953 [0]
344 1237 [3]
645 940 [0]
569 1016 [0]
165 1417 [4]
547 1039 [0]
347 1229 [11]
600 978 [9]
729 857 [2]
247 1342 [0]
291 1299 [0]
95 1492 [3]
20 1571 [0]
698 882 [11]
113 1476 [3]
521 1072 [0]
250 1341 [2]
145 1443 [5]
253 1332 [9]
227 1368 [0]
178 1416 [1]
653 943 [0]
348 1250 [0]
721 878 [0]
446 1153 [0]
484 1110 [5]
359 1239 [3]
720 881 [0]
411 1191 [0]
331 1267 [4]
714 888 [0]
751 848 [3]
480 1123 [2]
731 872 [0]
274 1327 [3]
417 1188 [0]
168 1438 [0]
225 1381 [0]
524 1079 [3]
360 1247 [0]
519 1088 [0]
477 1122 [8]
770 833 [5]
348 1261 [0]
608 1001 [0]
257 1342 [10]
719 889 [1]
679 926 [4]
727 883 [0]
120 1481 [10]
472 1139 [0]
257 1347 [8]
520 1093 [0]
554 1059 [0]
537 1065 [11]
640 967 [6]
113 1497 [3]
202 1412 [0]
637 970 [8]
72 1541 [3]
545 1072 [0]
798 819 [0]
695 923 [0]
710 908 [0]
166 1444 [8]
780 835 [3]
154 1464 [0]
222 1397 [0]
254 1358 [7]
346 1264 [9]
223 1385 [11]
562 1058 [0]
228 1389 [4]
562 1049 [10]
809 812 [0]
297 1325 [0]
562 1060 [0]
611 1011 [0]
642 980 [0]
258 1358 [6]
575 1048 [0]
263 1349 [11]
572 1052 [0]
407 1207 [10]
472 1153 [0]
241 1385 [0]
559 1067 [0]
600 1026 [0]
80 1540 [7]
145 1483 [0]
488 1133 [8]
158 1465 [6]
591 1028 [10]
54 1576 [0]
68 1558 [4]
550 1079 [1]
239 1392 [0]
563 1068 [0]
610 1021 [0]
403 1224 [4]
568 1054 [9]
152 1480 [0]
264 1368 [0]
415 1217 [0]
125 1497 [11]
512 1122 [0]
120 1506 [8]
167 1462 [5]
220 1415 [0]
645 985 [5]
216 1408 [11]
460 1176 [0]
543 1089 [4]
223 1410 [3]
55 1576 [5]
280 1356 [0]
301 1336 [0]
264 1362 [11]
121 1513 [3]
259 1379 [0]
698 931 [9]
61 1568 [10]
459 1174 [6]
548 1084 [8]
692 948 [0]
622 1018 [0]
500 1141 [0]
173 1460 [9]
551 1092 [0]
230 1414 [0]
571 1073 [0]
602 1036 [6]
216 1417 [11]
749 896 [0]
267 1373 [5]
161 1485 [0]
500 1146 [0]
365 1277 [4]
392 1243 [11]
665 978 [3]
304 1343 [0]
182 1456 [9]
565 1082 [0]
424 1216 [8]
282 1358 [9]
592 1056 [0]
687 963 [0]
766 883 [1]
661 984 [5]
223 1424 [3]
410 1237 [3]
446 1205 [0]
496 1155 [0]
499 1147 [5]
173 1479 [0]
186 1461 [5]
349 1303 [0]
576 1076 [0]
192 1461 [0]
164 1484 [6]
290 1358 [6]
402 1253 [0]
239 1416 [1]
232 1424 [0]
496 1161 [0]
669 988 [0]
117 1541 [0]
479 1179 [0]
540 1119 [0]
370 1291 [0]
746 907 [8]
146 1506 [9]
104 1552 [5]
677 985 [0]
591 1064 [8]
455 1202 [6]
94 1562 [7]
763 891 [10]
785 873 [7]
183 1477 [5]
386 1272 [7]
366 1288 [11]
631 1029 [5]
496 1170 [0]
413 1248 [5]
699 956 [11]
171 1487 [9]
339 1325 [3]
589 1079 [0]
118 1540 [10]
331 1338 [0]
189 1470 [10]
821 848 [0]
260 1410 [0]
507 1163 [0]
86 1585 [0]
826 845 [0]
640 1026 [5]
450 1213 [8]
496 1178 [0]
132 1542 [0]
579 1095 [0]
287 1378 [9]
653 1017 [4]
719 947 [8]
505 1166 [3]
806 868 [0]
771 904 [0]
684 982 [9]
153 1512 [10]
199 1469 [7]
291 1385 [0]
549 1127 [0]
817 859 [0]
253 1415 [8]
444 1233 [0]
460 1217 [0]
773 904 [0]
416 1262 [0]
215 1464 [0]
438 1241 [0]
204 1474 [1]
91 1584 [4]
480 1200 [0]
312 1369 [0]
149 1523 [9]
517 1164 [0]
189 1482 [11]
223 1453 [6]
415 1268 [0]
349 1334 [0]
541 1135 [7]
305 1369 [9]
531 1145 [7]
613 1070 [0]
708 970 [6]
192 1485 [7]
142 1535 [8]
655 1031 [0]
525 1155 [7]
468 1209 [10]
209 1479 [0]
203 1486 [0]
157 1532 [0]
385 1301 [3]
534 1155 [0]
786 893 [10]
466 1222 [1]
515 1169 [5]
418 1266 [5]
493 1197 [0]
729 961 [0]
583 1100 [7]
674 1016 [0]
537 1154 [0]
673 1018 [0]
467 1213 [11]
222 1459 [10]
450 1239 [3]
552 1140 [0]
101 1588 [3]
463 1226 [4]
232 1460 [0]
401 1293 [0]
228 1460 [6]
413 1281 [0]
842 852 [0]
409 1286 [0]
477 1220 [0]
695 1002 [0]
402 1286 [9]
728 969 [0]
362 1336 [0]
403 1295 [0]
478 1220 [0]
494 1204 [0]
780 919 [0]
561 1128 [10]
503 1196 [0]
564 1135 [0]
494 1206 [0]
529 1171 [0]
478 1215 [7]
125 1577 [0]
210 1488 [4]
436 1266 [0]
197 1498 [8]
738 965 [0]
153 1551 [0]
561 1143 [0]
321 1384 [0]
343 1363 [0]
709 997 [0]
510 1191 [6]
379 1329 [0]
371 1335 [2]
848 861 [0]
710 993 [6]
136 1568 [5]
817 889 [3]
458 1252 [0]
823 887 [0]
290 1422 [0]
793 919 [0]
198 1506 [8]
650 1063 [0]
343 1367 [3]
203 1511 [0]
401 1313 [0]
454 1260 [0]
483 1231 [0]
515 1199 [0]
548 1167 [0]
776 929 [11]
605 1112 [0]
415 1302 [0]
523 1185 [9]
336 1381 [0]
846 872 [0]
613 1104 [1]
365 1349 [4]
337 1376 [5]
591 1127 [0]
851 864 [3]
287 1430 [3]
768 953 [0]
299 1420 [2]
528 1192 [1]
264 1456 [1]
462 1254 [5]
128 1595 [0]
406 1317 [0]
544 1179 [0]
403 1315 [5]
291 1433 [0]
422 1302 [0]
627 1097 [0]
831 893 [0]
367 1349 [8]
184 1534 [6]
175 1548 [1]
766 953 [6]
359 1363 [4]
480 1246 [0]
279 1447 [0]
800 919 [7]
762 966 [0]
174 1543 [11]
437 1292 [0]
672 1054 [3]
258 1472 [0]
503 1222 [5]
230 1492 [8]
191 1528 [11]
399 1329 [3]
132 1592 [8]
336 1393 [3]
801 929 [2]
384 1349 [0]
684 1050 [0]
177 1558 [0]
734 1001 [0]
659 1076 [0]
717 1019 [0]
820 916 [0]
358 1378 [0]
757 976 [3]
448 1283 [8]
220 1520 [0]
645 1090 [5]
723 1009 [8]
758 982 [0]
281 1455 [5]
276 1456 [9]
734 1008 [0]
618 1121 [3]
647 1096 [0]
629 1109 [5]
493 1241 [9]
195 1549 [0]
236 1508 [0]
428 1316 [0]
605 1140 [0]
818 927 [0]
395 1346 [4]
514 1224 [7]
309 1437 [0]
411 1329 [6]
407 1339 [0]
396 1351 [0]
668 1069 [10]
207 1529 [11]
170 1578 [0]
287 1461 [0]
431 1313 [4]
274 1471 [3]
578 1170 [1]
175 1575 [0]
571 1169 [10]
779 972 [0]
525 1218 [8]
862 884 [5]
361 1391 [0]
347 1397 [8]
293 1457 [2]
643 1103 [9]
405 1347 [3]
377 1379 [0]
232 1523 [1]
739 1016 [1]
600 1150 [6]
402 1356 [0]
463 1295 [0]
584 1174 [0]
772 986 [0]
615 1139 [4]
285 1470 [4]
407 1353 [0]
826 934 [0]
372 1382 [6]
594 1162 [4]
219 1542 [0]
505 1251 [5]
753 1009 [0]
578 1184 [0]
579 1182 [1]
872 891 [0]
181 1576 [6]
476 1288 [0]
828 936 [0]
628 1126 [10]
384 1380 [0]
444 1320 [0]
193 1572 [0]
593 1172 [0]
689 1077 [0]
445 1321 [0]
423 1336 [7]
667 1095 [5]
338 1428 [1]
340 1428 [0]
405 1356 [7]
368 1392 [8]
606 1157 [6]
312 1456 [1]
240 1530 [0]
879 891 [0]
593 1177 [0]
199 1572 [0]
322 1440 [9]
617 1155 [0]
751 1022 [0]
868 900 [5]
797 977 [0]
201 1571 [2]
489 1280 [5]
564 1201 [10]
883 887 [6]
535 1242 [0]
673 1104 [0]
555 1215 [7]
173 1599 [6]
288 1490 [1]
761 1015 [4]
574 1202 [5]
410 1372 [0]
197 1584 [1]
285 1498 [0]
523 1260 [0]
839 938 [6]
834 943 [6]
593 1194 [0]
874 913 [0]
808 979 [0]
767 1021 [0]
649 1131 [8]
192 1597 [0]
471 1318 [0]
794 995 [0]
336 1454 [0]
474 1317 [0]
677 1106 [8]
855 937 [0]
440 1353 [0]
391 1403 [0]
637 1157 [0]
453 1331 [10]
363 1432 [0]
703 1082 [10]
200 1597 [0]
391 1401 [5]
885 912 [0]
233 1554 [10]
564 1230 [4]
750 1049 [0]
683 1114 [2]
556 1240 [4]
234 1564 [3]
377 1424 [0]
512 1290 [0]
577 1220 [7]
711 1093 [0]
605 1194 [6]
473 1333 [0]
558 1248 [0]
744 1062 [0]
527 1280 [0]
847 960 [0]
777 1020 [10]
673 1135 [0]
797 1011 [0]
282 1528 [0]
343 1464 [3]
772 1034 [4]
389 1414 [8]
429 1377 [5]
510 1298 [3]
409 1396 [6]
379 1423 [11]
803 1010 [0]
403 1407 [5]
769 1046 [0]
433 1383 [0]
558 1258 [0]
589 1227 [0]
791 1018 [7]
621 1196 [0]
636 1177 [4]
236 1576 [5]
642 1175 [0]
649 1169 [0]
703 1115 [0]
536 1281 [1]
868 950 [0]
692 1128 [0]
283 1527 [11]
264 1558 [0]
708 1114 [0]
833 989 [0]
689 1132 [1]
398 1414 [10]
523 1293 [6]
687 1131 [5]
229 1594 [0]
676 1141 [6]
233 1590 [0]
418 1400 [5]
456 1365 [2]
224 1597 [2]
473 1344 [6]
474 1350 [0]
848 976 [0]
516 1309 [0]
709 1114 [2]
569 1257 [0]
460 1367 [0]
714 1114 [0]
720 1108 [0]
671 1152 [6]
298 1531 [0]
400 1428 [1]
532 1297 [0]
319 1501 [9]
536 1293 [1]
531 1288 [11]
586 1245 [0]
407 1415 [10]
233 1598 [2]
719 1115 [0]
493 1338 [3]
273 1556 [5]
662 1173 [0]
869 963 [3]
413 1412 [10]
400 1432 [3]
300 1536 [0]
464 1372 [0]
545 1291 [0]
534 1294 [8]
476 1350 [10]
426 1405 [5]
604 1233 [0]
324 1513 [0]
610 1224 [3]
505 1327 [5]
698 1140 [0]
869 969 [0]
632 1200 [6]
417 1418 [3]
629 1209 [1]
568 1271 [0]
488 1351 [0]
285 1553 [1]
905 935 [0]
733 1107 [0]
885 955 [0]
868 974 [0]
268 1570 [4]
269 1574 [0]
453 1389 [1]
455 1387 [1]
507 1326 [11]
461 1383 [1]
890 956 [0]
763 1084 [0]
477 1366 [4]
821 1018 [8]
903 943 [1]
379 1469 [0]
470 1378 [0]
564 1276 [8]
729 1120 [0]
333 1510 [6]
253 1588 [8]
632 1218 [0]
431 1419 [0]
861 985 [5]
308 1544 [0]
634 1219 [0]
708 1145 [0]
867 987 [0]
677 1166 [11]
535 1313 [6]
821 1025 [8]
308 1538 [8]
846 999 [10]
420 1431 [4]
366 1490 [0]
540 1316 [0]
732 1124 [0]
927 929 [0]
462 1387 [7]
541 1313 [3]
688 1170 [0]
742 1116 [0]
303 1554 [1]
813 1037 [8]
506 1352 [0]
612 1247 [0]
625 1234 [0]
585 1274 [0]
524 1337 [0]
672 1184 [7]
924 940 [0]
383 1482 [0]
558 1300 [7]
748 1117 [0]
602 1264 [0]
824 1043 [0]
490 1378 [0]
539 1329 [0]
474 1389 [5]
543 1327 [0]
731 1137 [2]
872 995 [4]
486 1377 [8]
675 1197 [0]
514 1358 [0]
576 1297 [0]
670 1192 [11]
882 983 [8]
743 1130 [0]
624 1250 [0]
852 1022 [0]
741 1133 [0]
550 1316 [8]
491 1384 [0]
667 1208 [0]
822 1048 [5]
626 1250 [0]
525 1350 [1]
583 1292 [0]
351 1526 [0]
815 1060 [4]
776 1104 [0]
673 1203 [4]
332 1546 [3]
692 1178 [11]
501 1379 [2]
420 1458 [4]
818 1065 [0]
788 1090 [6]
839 1046 [0]
703 1182 [0]
705 1180 [0]
843 1042 [0]
892 993 [0]
864 1022 [0]
294 1588 [4]
841 1042 [3]
396 1489 [1]
346 1542 [0]
428 1457 [3]
613 1265 [10]
857 1031 [0]
754 1135 [0]
774 1114 [1]
880 1009 [0]
448 1434 [8]
659 1225 [6]
365 1525 [0]
345 1546 [0]
425 1467 [0]
783 1110 [0]
943 950 [0]
398 1487 [8]
913 971 [9]
732 1163 [0]
835 1055 [5]
581 1308 [6]
876 1019 [0]
442 1454 [0]
497 1399 [0]
382 1510 [4]
586 1308 [2]
299 1598 [0]
828 1067 [3]
420 1473 [5]
603 1297 [0]
394 1507 [0]
421 1480 [0]
922 979 [0]
428 1470 [4]
696 1207 [0]
717 1187 [0]
333 1574 [0]
435 1472 [0]
510 1390 [7]
430 1467 [11]
754 1150 [6]
586 1319 [5]
412 1494 [4]
708 1203 [1]
415 1496 [1]
470 1443 [0]
543 1370 [0]
725 1179 [9]
409 1505 [0]
522 1392 [0]
860 1054 [0]
449 1456 [9]
607 1302 [6]
556 1355 [5]
530 1387 [0]
670 1247 [0]
369 1542 [7]
606 1313 [0]
581 1338 [0]
325 1593 [1]
630 1285 [4]
689 1231 [0]
698 1222 [0]
805 1110 [5]
598 1323 [0]
738 1183 [0]
431 1491 [0]
733 1189 [0]
912 1002 [8]
831 1092 [0]
351 1573 [0]
719 1199 [6]
477 1448 [0]
657 1268 [0]
922 1003 [0]
730 1196 [0]
906 1020 [0]
715 1212 [0]
368 1555 [4]
574 1355 [0]
692 1232 [5]
830 1092 [8]
408 1524 [0]
960 969 [3]
507 1424 [1]
553 1380 [0]
679 1245 [9]
388 1546 [0]
842 1092 [0]
721 1213 [0]
660 1271 [3]
653 1282 [0]
399 1531 [5]
939 996 [0]
674 1262 [0]
479 1458 [0]
596 1341 [0]
943 984 [10]
606 1324 [8]
527 1405 [6]
503 1429 [8]
805 1136 [0]
580 1362 [0]
966 976 [0]
803 1139 [0]
382 1557 [4]
496 1446 [1]
352 1590 [1]
607 1333 [3]
763 1181 [0]
707 1237 [0]
472 1469 [4]
490 1456 [0]
869 1078 [0]
672 1276 [0]
955 982 [11]
686 1259 [3]
478 1462 [8]
822 1127 [0]
492 1457 [0]
487 1463 [0]
466 1479 [6]
610 1340 [1]
848 1092 [11]
870 1082 [0]
828 1118 [6]
605 1345 [2]
417 1536 [0]
466 1484 [4]
734 1216 [4]
862 1089 [4]
915 1041 [0]
754 1195 [7]
684 1263 [9]
380 1567 [9]
453 1497 [7]
911 1044 [2]
372 1578 [8]
971 988 [0]
976 981 [2]
526 1426 [8]
741 1220 [0]
866 1095 [0]
383 1573 [5]
813 1149 [0]
882 1075 [5]
709 1247 [6]
707 1250 [7]
606 1352 [6]
817 1148 [0]
621 1345 [0]
648 1318 [0]
457 1509 [1]
469 1499 [0]
754 1215 [0]
569 1400 [0]
922 1036 [11]
971 998 [0]
721 1250 [0]
506 1466 [0]
832 1141 [0]
746 1227 [0]
902 1071 [0]
698 1276 [0]
865 1099 [10]
416 1554 [4]
700 1268 [8]
801 1168 [7]
551 1426 [0]
659 1318 [0]
765 1212 [0]
650 1325 [2]
786 1192 [1]
785 1195 [0]
626 1353 [1]
549 1432 [0]
978 1003 [0]
601 1378 [2]
900 1075 [6]
953 1029 [0]
869 1113 [0]
988 992 [2]
464 1510 [10]
685 1293 [6]
796 1188 [0]
944 1032 [8]
690 1295 [0]
745 1230 [10]
752 1234 [0]
669 1308 [9]
561 1421 [4]
913 1071 [3]
606 1382 [0]
621 1367 [0]
738 1250 [0]
672 1312 [4]
624 1355 [9]
732 1257 [0]
732 1258 [0]
850 1140 [0]
620 1371 [0]
937 1049 [5]
779 1201 [11]
531 1461 [0]
953 1036 [3]
455 1538 [0]
608 1386 [0]
994 998 [2]
676 1318 [0]
413 1578 [4]
460 1536 [0]
609 1384 [3]
898 1099 [0]
992 1006 [0]
393 1599 [6]
480 1514 [4]
469 1524 [5]
519 1480 [0]
649 1350 [0]
613 1378 [8]
582 1406 [11]
441 1559 [0]
823 1175 [2]
423 1571 [7]
560 1431 [10]
716 1286 [0]
846 1146 [11]
945 1059 [0]
613 1391 [1]
522 1473 [11]
579 1430 [0]
526 1485 [0]
791 1220 [0]
733 1270 [8]
740 1271 [1]
717 1291 [4]
961 1049 [2]
946 1067 [0]
977 1036 [0]
724 1290 [0]
717 1293 [4]
574 1438 [3]
451 1565 [0]
975 1042 [0]
451 1566 [0]
485 1523 [9]
959 1058 [0]
907 1103 [9]
633 1380 [6]
795 1220 [6]
605 1406 [10]
477 1545 [0]
569 1442 [11]
625 1399 [0]
681 1343 [0]
881 1143 [0]
746 1279 [0]
550 1471 [4]
916 1108 [1]
497 1529 [0]
663 1363 [0]
700 1318 [8]
1003 1020 [3]
458 1567 [1]
573 1454 [0]
545 1475 [7]
470 1550 [7]
601 1426 [0]
825 1196 [7]
957 1072 [0]
616 1407 [6]
497 1527 [6]
987 1044 [0]
679 1344 [8]
653 1372 [6]
879 1153 [0]
706 1326 [0]
671 1357 [4]
489 1542 [1]
713 1320 [0]
793 1240 [0]
650 1384 [0]
448 1581 [6]
648 1386 [2]
532 1504 [0]
627 1409 [1]
822 1211 [4]
654 1378 [5]
694 1344 [0]
928 1110 [0]
728 1306 [4]
632 1406 [0]
526 1502 [10]
801 1239 [0]
1005 1035 [0]
624 1418 [0]
552 1489 [1]
704 1338 [0]
786 1250 [7]
840 1203 [0]
551 1493 [0]
879 1165 [0]
998 1045 [2]
738 1308 [0]
893 1152 [1]
929 1116 [1]
861 1177 [8]
936 1103 [7]
487 1560 [0]
641 1406 [0]
638 1410 [0]
757 1292 [0]
927 1114 [8]
772 1273 [4]
454 1596 [0]
582 1459 [9]
851 1200 [0]
991 1059 [0]
566 1486 [0]
939 1114 [1]
618 1430 [6]
950 1105 [0]
747 1308 [0]
913 1135 [7]
921 1134 [0]
775 1281 [0]
786 1270 [0]
841 1211 [4]
680 1370 [6]
704 1355 [0]
875 1184 [0]
861 1195 [3]
545 1511 [4]
489 1570 [1]
857 1204 [0]
878 1183 [0]
463 1589 [10]
961 1102 [0]
729 1333 [1]
808 1254 [1]
696 1358 [9]
780 1274 [10]
758 1296 [10]
862 1203 [0]
542 1519 [4]
973 1091 [1]
858 1208 [0]
987 1079 [0]
502 1565 [0]
977 1082 [8]
594 1474 [0]
496 1574 [0]
510 1560 [0]
523 1547 [0]
894 1176 [0]
658 1412 [0]
951 1119 [0]
622 1449 [0]
892 1179 [0]
705 1367 [0]
669 1399 [4]
569 1497 [7]
840 1233 [0]
718 1356 [0]
885 1189 [0]
949 1124 [1]
634 1441 [0]
679 1396 [0]
997 1078 [0]
485 1591 [0]
882 1194 [0]
957 1119 [0]
848 1228 [0]
882 1193 [2]
798 1272 [7]
763 1308 [7]
822 1256 [0]
547 1531 [3]
832 1244 [5]
579 1500 [2]
599 1472 [10]
898 1184 [0]
498 1573 [11]
592 1487 [3]
972 1103 [7]
704 1379 [0]
710 1373 [0]
963 1120 [0]
990 1094 [0]
523 1562 [0]
919 1166 [0]
907 1179 [0]
757 1330 [0]
528 1551 [8]
886 1195 [7]
622 1458 [10]
522 1570 [0]
798 1294 [0]
986 1096 [10]
964 1117 [11]
642 1451 [0]
675 1418 [0]
978 1114 [1]
509 1584 [0]
795 1299 [0]
754 1332 [9]
803 1291 [1]
699 1392 [4]
664 1432 [0]
529 1557 [10]
517 1580 [0]
749 1338 [10]
569 1529 [0]
841 1257 [0]
993 1105 [0]
908 1188 [3]
660 1433 [6]
516 1576 [7]
884 1217 [0]
566 1530 [5]
781 1321 [0]
893 1210 [0]
836 1268 [0]
864 1241 [0]
524 1576 [5]
914 1184 [7]
611 1490 [4]
572 1526 [8]
991 1116 [0]
671 1434 [2]
624 1484 [0]
645 1463 [0]
744 1364 [0]
767 1341 [0]
998 1111 [0]
637 1473 [0]
1043 1065 [2]
722 1384 [4]
878 1228 [4]
941 1163 [7]
1012 1101 [0]
867 1247 [0]
960 1146 [8]
697 1409 [8]
978 1136 [0]
615 1500 [0]
678 1429 [8]
618 1494 [3]
560 1547 [8]
700 1409 [7]
1007 1111 [0]
906 1213 [0]
805 1315 [0]
804 1317 [0]
986 1135 [0]
569 1542 [10]
903 1217 [2]
778 1345 [0]
607 1512 [4]
970 1142 [11]
899 1214 [10]
987 1137 [0]
952 1164 [8]
551 1572 [1]
882 1242 [2]
656 1471 [0]
1031 1097 [0]
608 1510 [10]
835 1291 [3]
544 1581 [4]
795 1335 [0]
990 1141 [0]
554 1579 [0]
1044 1082 [7]
1052 1078 [4]
1020 1111 [3]
625 1500 [10]
624 1510 [1]
898 1237 [0]
806 1330 [0]
731 1406 [0]
988 1150 [0]
747 1390 [3]
755 1387 [0]
876 1255 [11]
567 1575 [1]
561 1581 [1]
654 1490 [0]
856 1288 [0]
1032 1108 [4]
924 1221 [0]
1024 1121 [0]
811 1336 [0]
829 1318 [0]
609 1537 [1]
951 1187 [10]
906 1243 [0]
574 1572 [3]
951 1197 [1]
925 1222 [3]
759 1392 [0]
890 1261 [0]
670 1482 [0]
785 1360 [8]
854 1299 [0]
557 1597 [0]
1036 1112 [6]
684 1471 [0]
940 1215 [0]
1024 1131 [0]
887 1269 [0]
949 1208 [0]
710 1442 [5]
969 1181 [8]
975 1183 [1]
568 1590 [2]
691 1469 [0]
614 1535 [11]
561 1588 [11]
799 1362 [0]
1012 1149 [0]
692 1470 [0]
819 1344 [0]
722 1441 [0]
842 1322 [0]
751 1414 [0]
723 1441 [0]
707 1459 [0]
933 1233 [0]
1033 1134 [0]
719 1450 [0]
1063 1106 [0]
640 1528 [1]
1064 1106 [0]
759 1413 [0]
762 1410 [0]
704 1469 [0]
1019 1149 [5]
642 1528 [4]
607 1562 [5]
668 1507 [0]
710 1459 [6]
840 1333 [2]
699 1465 [11]
719 1448 [8]
592 1584 [0]
996 1180 [0]
643 1529 [4]
956 1215 [6]
619 1547 [11]
598 1580 [0]
981 1197 [0]
716 1455 [7]
697 1483 [0]
833 1347 [0]
1009 1166 [5]
713 1468 [0]
712 1459 [10]
644 1529 [8]
700 1477 [4]
811 1371 [0]
835 1350 [0]
603 1576 [7]
786 1394 [7]
886 1300 [1]
874 1313 [0]
610 1578 [0]
684 1504 [0]
909 1279 [0]
723 1456 [10]
1064 1117 [8]
761 1429 [0]
984 1208 [0]
802 1383 [7]
1041 1152 [0]
635 1559 [0]
810 1384 [0]
1034 1160 [0]
658 1536 [0]
673 1511 [11]
753 1442 [0]
1055 1142 [0]
751 1441 [5]
765 1430 [2]
713 1477 [9]
614 1586 [1]
749 1453 [0]
1025 1173 [4]
695 1508 [0]
917 1286 [0]
797 1405 [1]
870 1327 [6]
1086 1118 [0]
831 1366 [7]
942 1258 [4]
970 1233 [1]
809 1391 [5]
727 1478 [0]
709 1498 [0]
709 1499 [0]
998 1210 [0]
827 1381 [0]
739 1462 [7]
863 1345 [0]
983 1227 [0]
688 1518 [4]
1057 1154 [0]
1030 1181 [0]
1075 1137 [0]
839 1372 [1]
1020 1186 [6]
1067 1138 [7]
795 1419 [0]
693 1523 [0]
804 1406 [7]
760 1457 [0]
1095 1122 [1]
1054 1165 [0]
949 1270 [0]
1107 1113 [0]
782 1438 [0]
699 1521 [0]
939 1282 [0]
1049 1166 [6]
1007 1208 [7]
981 1242 [0]
740 1484 [0]
907 1317 [0]
1034 1183 [7]
772 1444 [8]
861 1358 [6]
950 1276 [0]
970 1256 [0]
853 1373 [0]
947 1280 [0]
1082 1145 [0]
638 1584 [5]
980 1249 [0]
805 1425 [0]
877 1353 [0]
717 1514 [0]
831 1399 [1]
781 1451 [0]
977 1255 [0]
988 1244 [0]
984 1247 [0]
1020 1213 [0]
1090 1143 [0]
876 1356 [1]
1071 1162 [0]
878 1356 [0]
692 1540 [2]
699 1531 [4]
740 1495 [0]
880 1356 [0]
725 1507 [5]
827 1411 [0]
725 1504 [9]
1035 1204 [0]
891 1341 [8]
643 1598 [0]
1024 1215 [3]
927 1308 [8]
839 1404 [0]
1012 1223 [11]
938 1299 [9]
784 1462 [0]
788 1459 [0]
1111 1136 [0]
689 1559 [0]
1038 1210 [1]
832 1419 [0]
1076 1168 [8]
993 1257 [4]
818 1432 [4]
927 1326 [1]
683 1565 [6]
1123 1132 [0]
883 1371 [1]
1069 1187 [0]
710 1547 [0]
959 1289 [9]
795 1452 [11]
1042 1215 [2]
936 1319 [5]
894 1359 [8]
1057 1204 [0]
707 1550 [7]
729 1536 [0]
843 1420 [3]
673 1594 [0]
1032 1235 [0]
1103 1164 [0]
975 1293 [0]
880 1388 [0]
1042 1220 [6]
676 1593 [0]
788 1470 [11]
1120 1145 [4]
1030 1233 [7]
1050 1222 [0]
772 1496 [4]
765 1501 [7]
938 1332 [3]
728 1536 [10]
702 1572 [0]
744 1531 [0]
1114 1161 [0]
1075 1200 [0]
759 1513 [4]
1108 1157 [11]
829 1448 [0]
931 1346 [0]
747 1520 [10]
1108 1170 [0]
919 1350 [10]
1051 1228 [0]
846 1424 [10]
734 1537 [10]
802 1480 [0]
719 1553 [11]
1107 1173 [4]
983 1302 [0]
763 1523 [0]
755 1521 [10]
1040 1244 [2]
1093 1195 [0]
1051 1230 [10]
944 1339 [8]
897 1392 [3]
972 1321 [0]
707 1588 [0]
1081 1214 [0]
796 1500 [0]
806 1490 [0]
834 1455 [8]
876 1422 [0]
933 1365 [0]
837 1450 [11]
902 1397 [0]
1025 1270 [4]
782 1518 [0]
1048 1252 [0]
1007 1294 [0]
1117 1184 [0]
1137 1162 [2]
995 1307 [0]
1136 1166 [0]
730 1568 [4]
791 1508 [3]
823 1473 [6]
990 1314 [0]
834 1471 [0]
724 1571 [10]
937 1369 [0]
841 1460 [6]
1110 1195 [2]
781 1525 [1]
891 1411 [5]
929 1379 [0]
737 1571 [0]
710 1587 [11]
717 1592 [0]
990 1317 [2]
985 1325 [0]
770 1532 [8]
857 1454 [0]
1131 1181 [0]
707 1595 [10]
910 1402 [0]
764 1549 [0]
936 1377 [0]
953 1358 [2]
713 1595 [5]
870 1444 [3]
1048 1269 [0]
819 1500 [0]
959 1362 [0]
737 1584 [0]
944 1378 [0]
821 1501 [0]
1008 1316 [0]
950 1372 [2]
1032 1291 [0]
985 1340 [0]
1052 1273 [0]
851 1475 [0]
959 1367 [0]
1000 1328 [0]
1107 1211 [10]
845 1484 [0]
1058 1271 [0]
1051 1279 [0]
878 1453 [0]
937 1394 [1]
1136 1186 [11]
807 1527 [0]
845 1489 [0]
991 1337 [6]
1029 1306 [0]
858 1478 [0]
1073 1264 [0]
966 1364 [7]
887 1444 [6]
1055 1283 [0]
860 1473 [6]
901 1428 [10]
948 1384 [9]
951 1391 [0]
1070 1272 [0]
1157 1186 [0]
780 1566 [0]
1106 1240 [0]
989 1358 [0]
1115 1233 [0]
1084 1266 [0]
1173 1177 [0]
1035 1308 [9]
787 1566 [0]
861 1488 [4]
1135 1219 [0]
1151 1205 [0]
786 1563 [7]
946 1410 [0]
915 1440 [1]
780 1574 [2]
1117 1241 [0]
1099 1256 [6]
1006 1356 [0]
1042 1321 [0]
1049 1306 [8]
1002 1362 [0]
844 1521 [0]
999 1356 [10]
867 1494 [4]
908 1458 [0]
1042 1324 [0]
1047 1319 [0]
774 1594 [0]
828 1541 [0]
1168 1197 [4]
940 1424 [6]
1155 1217 [0]
1159 1213 [0]
1010 1363 [0]
1021 1352 [0]
1075 1301 [0]
986 1390 [0]
871 1506 [0]
1123 1254 [0]
924 1453 [2]
1058 1320 [3]
807 1575 [0]
1025 1358 [0]
942 1442 [0]
870 1509 [6]
1062 1323 [0]
963 1423 [0]
822 1565 [0]
1035 1348 [4]
995 1393 [0]
926 1462 [0]
1019 1362 [7]
1150 1242 [0]
1026 1366 [0]
963 1431 [0]
872 1511 [11]
981 1409 [4]
1095 1298 [1]
1139 1256 [0]
1054 1341 [0]
969 1415 [11]
1119 1278 [0]
919 1479 [0]
1127 1261 [11]
910 1491 [0]
1017 1380 [4]
1181 1219 [1]
1098 1305 [0]
882 1522 [0]
960 1444 [0]
1099 1305 [0]
1024 1381 [0]
943 1461 [1]
1141 1253 [11]
917 1490 [0]
959 1448 [0]
968 1440 [0]
844 1557 [7]
1058 1349 [1]
903 1506 [0]
1112 1293 [6]
1121 1290 [0]
889 1512 [11]
947 1466 [0]
969 1445 [0]
1088 1326 [0]
836 1568 [10]
1087 1318 [10]
1053 1363 [0]
1188 1231 [0]
1112 1301 [6]
1175 1240 [4]
1103 1320 [0]
1080 1337 [6]
1004 1420 [0]
1061 1363 [0]
1105 1319 [1]
964 1462 [1]
1064 1365 [0]
967 1453 [11]
1070 1360 [1]
1016 1416 [0]
932 1500 [0]
1077 1347 [8]
929 1501 [2]
1015 1420 [0]
1188 1248 [0]
1206 1220 [10]
1018 1408 [11]
920 1518 [0]
890 1549 [0]
907 1524 [8]
979 1459 [2]
1147 1294 [0]
879 1553 [11]
1045 1400 [0]
1124 1311 [10]
943 1503 [0]
1173 1273 [0]
1209 1237 [0]
931 1517 [0]
1187 1262 [0]
1185 1264 [0]
1089 1361 [0]
1073 1379 [0]
1013 1432 [7]
899 1544 [11]
918 1537 [0]
949 1506 [0]
1151 1302 [2]
954 1491 [10]
1198 1258 [0]
921 1534 [1]
858 1599 [0]
1098 1360 [0]
961 1498 [0]
896 1564 [0]
1100 1359 [2]
1222 1228 [11]
1012 1442 [8]
914 1548 [0]
1213 1251 [0]
869 1594 [1]
1144 1321 [0]
898 1566 [2]
951 1516 [0]
925 1545 [0]
976 1491 [3]
908 1552 [11]
1030 1444 [0]
912 1564 [0]
962 1516 [0]
995 1483 [1]
1148 1332 [0]
1136 1334 [11]
1232 1242 [8]
1076 1408 [0]
1070 1403 [11]
1006 1474 [4]
1208 1275 [1]
902 1583 [0]
1137 1348 [0]
1202 1283 [0]
916 1562 [7]
931 1556 [0]
1242 1244 [1]
975 1513 [0]
1225 1263 [0]
977 1511 [0]
1159 1331 [0]
966 1514 [10]
1223 1259 [8]
1191 1290 [10]
1064 1417 [10]
931 1559 [1]
1173 1314 [5]
1029 1464 [0]
1111 1382 [0]
946 1541 [7]
913 1583 [0]
980 1517 [0]
1028 1459 [10]
1247 1249 [1]
1156 1342 [0]
1118 1370 [11]
1195 1304 [0]
1007 1493 [0]
1095 1404 [1]
1063 1430 [7]
921 1581 [0]
1133 1369 [0]
948 1549 [5]
1041 1465 [0]
1045 1453 [8]
952 1549 [5]
912 1590 [4]
1162 1347 [0]
1013 1496 [0]
1200 1304 [8]
939 1566 [8]
984 1529 [0]
995 1519 [0]
997 1511 [6]
1116 1397 [1]
1197 1318 [1]
1119 1388 [9]
1088 1429 [0]
1127 1382 [8]
1152 1360 [5]
937 1583 [0]
965 1544 [11]
1136 1377 [7]
1075 1446 [1]
1122 1401 [0]
1108 1408 [7]
1112 1403 [8]
1037 1487 [0]
1088 1432 [4]
1036 1480 [8]
1088 1435 [1]
1008 1517 [0]
952 1569 [5]
1230 1296 [0]
1198 1329 [0]
1129 1398 [0]
1097 1430 [0]
1064 1457 [8]
1205 1321 [5]
1110 1419 [3]
1190 1347 [0]
1237 1299 [1]
968 1571 [2]
1267 1275 [0]
1248 1286 [8]
1202 1329 [11]
963 1581 [0]
1154 1390 [0]
972 1576 [0]
1191 1358 [0]
1239 1301 [11]
1032 1518 [1]
1124 1422 [6]
1000 1553 [0]
1263 1291 [0]
1210 1346 [0]
1000 1557 [0]
1192 1363 [4]
1164 1396 [0]
982 1567 [11]
1255 1306 [0]
1225 1337 [0]
1082 1469 [11]
1215 1338 [9]
982 1570 [10]
971 1594 [0]
1026 1539 [0]
1058 1507 [0]
1092 1473 [0]
1257 1309 [0]
1005 1557 [4]
1222 1344 [1]
1269 1303 [0]
1235 1338 [0]
1264 1310 [0]
1105 1469 [1]
1168 1409 [0]
1105 1471 [1]
1160 1410 [7]
1263 1303 [11]
972 1595 [11]
1176 1400 [5]
1103 1471 [8]
1261 1322 [0]
1163 1419 [1]
1245 1331 [8]
1145 1440 [0]
1146 1439 [0]
1221 1366 [0]
1282 1305 [0]
1292 1296 [0]
1117 1469 [4]
1117 1474 [0]
1234 1351 [8]
1215 1371 [8]
1272 1322 [0]
1125 1470 [0]
1263 1333 [0]
1154 1433 [10]
1191 1407 [0]
1055 1544 [0]
1270 1319 [10]
1045 1547 [11]
1276 1326 [1]
1001 1598 [4]
1078 1527 [0]
1073 1524 [8]
1238 1368 [0]
1085 1522 [0]
1174 1435 [0]
1261 1345 [4]
1137 1474 [0]
1051 1550 [10]
1063 1549 [0]
1077 1535 [0]
1175 1437 [0]
1223 1379 [11]
1074 1540 [0]
1050 1564 [0]
1099 1509 [7]
1024 1592 [0]
1032 1575 [10]
1179 1439 [0]
1023 1585 [10]
1060 1559 [0]
1069 1551 [0]
1027 1595 [0]
1163 1459 [0]
1247 1374 [1]
1232 1392 [0]
1297 1330 [0]
1278 1350 [0]
1280 1345 [4]
1291 1339 [0]
1257 1365 [8]
1296 1337 [1]
1194 1441 [0]
1070 1567 [0]
1216 1421 [0]
1091 1548 [0]
1185 1446 [8]
1280 1359 [0]
1063 1577 [0]
1175 1465 [0]
1313 1326 [1]
1106 1528 [10]
1092 1556 [1]
1223 1426 [0]
1140 1511 [0]
1173 1479 [0]
1130 1523 [0]
1277 1376 [0]
1124 1523 [6]
1136 1516 [2]
1181 1476 [0]
1197 1460 [0]
1111 1537 [10]
1226 1434 [0]
1196 1459 [5]
1229 1432 [0]
1312 1349 [0]
1163 1494 [4]
1186 1477 [0]
1124 1540 [0]
1291 1367 [7]
1185 1481 [0]
1076 1585 [6]
1280 1384 [4]
1071 1598 [0]
1220 1449 [0]
1299 1361 [10]
1229 1440 [1]
1097 1574 [0]
1327 1344 [0]
1158 1515 [0]
1174 1498 [1]
1231 1442 [0]
1140 1529 [5]
1284 1392 [0]
1086 1590 [0]
1183 1482 [11]
1283 1394 [0]
1079 1588 [10]
1258 1421 [0]
1204 1471 [4]
1164 1516 [0]
1326 1354 [1]
1111 1563 [7]
1109 1573 [0]
1237 1436 [10]
1098 1585 [0]
1188 1488 [7]
1168 1515 [0]
1146 1538 [0]
1277 1407 [0]
1199 1480 [6]
1197 1490 [8]
1147 1547 [1]
1322 1369 [4]
1250 1448 [0]
1276 1420 [4]
1276 1427 [0]
1139 1566 [0]
1249 1456 [0]
1302 1403 [0]
1249 1455 [1]
1199 1498 [11]
1138 1575 [1]
1293 1424 [0]
1297 1415 [7]
1131 1580 [10]
1165 1558 [0]
1174 1549 [1]
1194 1531 [0]
1283 1443 [0]
1356 1366 [4]
1319 1409 [1]
1280 1452 [0]
1270 1465 [0]
1238 1496 [1]
1160 1575 [1]
1262 1466 [8]
1204 1524 [8]
1257 1478 [4]
1252 1486 [6]
1277 1469 [0]
1302 1444 [0]
1349 1398 [0]
1148 1592 [7]
1325 1422 [0]
1280 1467 [1]
1334 1410 [4]
1286 1463 [0]
1263 1485 [1]
1289 1461 [0]
1247 1503 [1]
1305 1440 [7]
1227 1515 [10]
1257 1489 [7]
1334 1421 [0]
1257 1494 [4]
1263 1486 [6]
1351 1397 [8]
1364 1388 [4]
1183 1574 [0]
1185 1574 [0]
1276 1479 [4]
1284 1473 [2]
1258 1503 [0]
1181 1586 [1]
1260 1514 [0]
1283 1482 [9]
1207 1570 [0]
1270 1509 [1]
1242 1539 [0]
1314 1467 [0]
1256 1527 [0]
1332 1453 [0]
1295 1492 [0]
1284 1503 [1]
1255 1538 [0]
1301 1494 [0]
1337 1458 [0]
1239 1560 [0]
1354 1445 [0]
1227 1563 [10]
1365 1436 [0]
1204 1596 [4]
1379 1423 [7]
1316 1494 [0]
1290 1513 [10]
1298 1518 [2]
1279 1532 [10]
1225 1597 [0]
1242 1578 [4]
1239 1575 [10]
1277 1552 [1]
1266 1569 [0]
1282 1555 [0]
1288 1574 [1]
1397 1465 [1]
1408 1456 [0]
1301 1569 [0]
1284 1579 [7]
1268 1593 [10]
1397 1466 [9]
1382 1491 [0]
1386 1487 [0]
1281 1594 [0]
1306 1573 [0]
1391 1486 [3]
1370 1503 [7]
1352 1530 [0]
1322 1561 [4]
1398 1492 [0]
1362 1532 [0]
1299 1586 [11]
1377 1525 [0]
1357 1547 [0]
1439 1459 [7]
1329 1570 [7]
1345 1553 [10]
1372 1538 [0]
1450 1461 [0]
1330 1578 [11]
1396 1530 [0]
1459 1466 [2]
1356 1576 [0]
1394 1539 [0]
1411 1524 [0]
1370 1566 [0]
1380 1554 [4]
1448 1486 [5]
1411 1531 [2]
1430 1516 [0]
1453 1488 [7]
1461 1497 [1]
1398 1562 [1]
1380 1571 [11]
1377 1586 [0]
1436 1521 [7]
1405 1561 [0]
1434 1532 [0]
1390 1573 [4]
1365 1593 [10]
1413 1565 [0]
1402 1577 [0]
1462 1522 [1]
1442 1546 [1]
1425 1565 [1]
1473 1517 [2]
1454 1529 [10]
1403 1592 [0]
1459 1540 [5]
1485 1508 [11]
1484 1522 [0]
1470 1543 [0]
1449 1564 [8]
1508 1516 [1]
1454 1576 [0]
1441 1596 [0]
1518 1519 [0]
1478 1559 [1]
1458 1582 [0]
1511 1531 [0]
1448 1598 [0]
1499 1572 [10]
1513 1574 [0]
1540 1551 [4]
1541 1576 [0]
1565 1579 [1]
1563 1583 [0]
1572 1593 [0]
