1000
8
500
0
1
2
3
4
5
6
7
8
9
10
12
20
45
78
277
605
719
775
937
910
852
972
413
553
664
106
119
165
473
804
178
240
335
349
383
570
710
777
332
638
338
866
109
141
214
233
318
334
411
839
427
441
957
645
784
794
803
880
437
744
469
626
858
809
989
975
706
746
763
805
898
58
228
246
284
530
687
807
969
402
31
118
552
867
918
997
883
47
125
962
151
164
461
505
554
701
555
641
823
559
870
83
101
215
463
583
688
841
376
446
121
130
166
684
851
819
879
953
616
740
967
848
490
576
635
649
995
875
447
13
14
16
17
59
904
96
198
257
449
575
667
930
699
561
981
27
28
35
53
82
189
621
643
623
758
207
377
390
693
979
431
726
752
146
428
479
515
986
528
659
683
822
845
873
503
655
737
864
38
56
87
108
398
129
131
225
890
571
887
640
974
272
329
343
409
420
472
491
902
508
760
859
712
790
980
162
236
950
977
358
535
865
702
724
939
110
128
135
256
305
556
585
892
696
565
572
679
723
806
882
243
832
952
136
767
169
186
202
258
399
933
993
542
998
439
589
971
518
810
830
827
265
538
886
598
536
588
611
633
133
370
965
205
354
750
671
876
50
64
75
86
98
102
116
123
161
861
227
279
493
311
567
319
372
594
614
742
139
158
229
533
566
685
941
948
293
584
716
925
768
273
321
325
445
546
978
791
104
264
755
365
622
935
477
481
547
893
627
751
91
175
204
262
521
847
260
442
607
909
270
155
314
654
167
313
467
976
176
187
210
217
261
298
544
299
389
835
394
785
885
595
776
76
103
344
353
426
488
700
478
531
757
524
666
600
625
630
681
170
290
732
903
40
142
568
877
63
24
143
306
386
450
590
603
938
781
869
416
355
360
606
901
574
157
378
406
739
239
271
715
808
891
959
15
18
137
232
268
296
300
705
927
558
889
906
970
868
320
504
721
942
404
968
30
124
212
340
695
274
453
492
213
316
899
862
52
183
292
307
619
915
983
499
963
615
920
21
26
43
203
230
242
385
397
539
985
854
248
465
831
250
285
932
251
269
412
788
680
400
408
772
81
673
741
921
49
61
72
199
263
348
414
482
519
802
596
722
302
438
569
917
68
115
156
310
675
362
395
916
134
160
218
770
800
850
69
70
138
276
345
631
434
462
936
647
931
286
582
747
765
668
946
717
73
132
185
226
494
511
452
780
907
874
275
817
369
419
709
150
923
425
195
312
815
224
294
359
367
738
982
474
545
833
422
573
579
945
418
451
22
29
32
41
171
676
799
620
77
326
454
476
529
637
280
323
926
429
464
856
42
85
127
154
295
403
423
562
821
955
961
919
209
244
381
495
663
704
734
836
211
220
231
853
537
557
665
720
648
761
289
373
629
66
197
201
644
787
878
678
415
351
812
460
657
914
39
74
433
520
534
541
92
112
181
222
247
686
996
330
580
990
814
223
496
387
838
97
111
140
347
498
506
617
564
182
237
527
849
145
333
929
352
900
396
599
516
999
424
602
610
728
729
991
44
94
249
550
748
928
632
753
60
88
122
206
405
964
577
281
512
532
624
786
587
783
346
911
526
672
733
840
855
771
798
99
177
191
736
636
179
356
417
639
480
764
793
940
905
507
769
828
430
563
148
152
252
513
283
401
912
958
646
196
444
486
652
308
388
456
795
25
34
84
184
391
884
193
208
235
331
105
149
601
661
703
730
826
984
987
973
254
287
301
843
238
304
745
364
443
393
743
994
470
484
54
192
382
612
713
896
163
234
324
656
689
824
120
168
371
543
628
797
11
23
57
62
174
221
259
560
662
459
754
79
80
100
113
188
267
357
392
522
825
549
924
818
834
895
421
435
540
863
960
468
114
172
682
266
650
669
871
337
551
779
816
846
190
282
692
735
820
988
888
291
634
731
144
153
375
36
48
55
180
245
303
618
947
339
90
147
159
466
711
219
241
278
944
317
384
440
677
691
789
436
489
342
951
956
368
502
509
592
766
670
698
253
658
510
578
778
756
200
651
782
216
255
363
707
966
366
374
604
458
725
749
857
593
773
796
872
37
315
46
126
327
432
497
860
894
613
881
660
586
642
792
19
65
89
95
328
336
949
801
954
350
525
548
708
913
697
33
51
93
288
653
407
471
591
714
813
897
762
837
107
194
361
483
727
774
829
844
934
380
448
694
117
297
523
581
597
718
908
759
842
341
410
457
485
608
514
674
992
475
922
173
309
322
379
609
517
943
811
501
67
71
455
487
690
0 1 [0]
0 2 [1]
1 2 [0]
0 4 [1]
0 5 [1]
2 3 [0]
1 5 [1]
0 3 [3]
1 3 [2]
2 5 [1]
3 4 [0]
2 4 [1]
1 7 [1]
1 4 [3]
0 9 [1]
1 8 [1]
3 6 [1]
4 5 [0]
0 10 [1]
3 7 [1]
1 6 [3]
0 7 [3]
1 10 [1]
4 7 [1]
5 6 [0]
0 8 [3]
2 10 [1]
5 7 [1]
0 11 [1]
2 6 [4]
2 7 [3]
0 13 [1]
4 9 [1]
5 8 [1]
6 7 [0]
3 5 [5]
2 12 [1]
1 13 [1]
3 11 [1]
4 10 [1]
4 6 [4]
6 8 [1]
1 9 [4]
6 9 [1]
7 8 [0]
3 8 [4]
2 9 [4]
5 11 [1]
6 10 [1]
3 9 [4]
4 8 [4]
2 8 [7]
1 12 [4]
4 11 [2]
7 9 [1]
8 9 [0]
8 10 [1]
7 10 [1]
2 11 [5]
0 14 [4]
5 14 [1]
2 17 [1]
4 15 [1]
6 12 [1]
5 13 [1]
9 10 [0]
1 14 [4]
0 19 [1]
8 12 [1]
2 14 [4]
0 16 [4]
6 13 [1]
7 12 [1]
4 12 [4]
0 17 [4]
5 15 [1]
7 14 [1]
1 16 [4]
8 13 [1]
5 9 [7]
5 12 [4]
1 19 [1]
10 12 [0]
3 19 [1]
9 12 [1]
4 18 [1]
5 17 [1]
7 13 [2]
5 16 [1]
1 17 [4]
5 10 [7]
2 13 [7]
9 13 [1]
0 23 [1]
10 13 [1]
6 15 [2]
6 11 [6]
9 11 [3]
1 15 [7]
6 18 [1]
7 15 [2]
1 22 [1]
7 11 [6]
2 15 [7]
2 16 [7]
1 24 [1]
4 21 [1]
0 21 [4]
5 20 [1]
8 11 [6]
8 17 [1]
9 16 [1]
1 20 [4]
2 20 [4]
2 24 [1]
9 17 [1]
1 18 [7]
2 19 [5]
0 22 [4]
8 18 [1]
13 14 [0]
0 27 [1]
1 26 [1]
2 18 [7]
2 25 [1]
10 14 [3]
5 22 [1]
5 21 [1]
1 25 [1]
8 14 [5]
7 18 [2]
4 20 [4]
0 28 [1]
0 24 [4]
4 22 [2]
3 23 [2]
10 15 [3]
8 15 [5]
7 20 [1]
2 27 [1]
6 23 [1]
0 29 [1]
9 14 [6]
4 19 [6]
4 25 [1]
5 24 [0]
4 23 [2]
9 20 [0]
0 25 [4]
1 21 [7]
13 16 [0]
6 21 [2]
8 16 [5]
7 19 [3]
14 16 [0]
2 28 [0]
5 25 [0]
0 26 [4]
7 23 [0]
7 21 [2]
6 20 [4]
8 19 [3]
2 23 [5]
9 15 [6]
9 22 [0]
2 29 [0]
10 21 [0]
9 19 [3]
4 26 [1]
2 22 [7]
10 18 [3]
6 19 [6]
1 29 [1]
12 20 [0]
2 30 [0]
10 22 [0]
10 20 [2]
1 27 [4]
14 17 [1]
5 26 [1]
4 29 [0]
7 26 [0]
2 31 [0]
6 22 [5]
9 18 [6]
5 27 [1]
1 28 [4]
10 16 [7]
16 17 [0]
15 18 [0]
0 34 [0]
10 24 [0]
11 23 [0]
10 17 [7]
1 32 [1]
8 21 [5]
5 28 [1]
0 33 [1]
9 23 [3]
8 22 [5]
8 28 [0]
1 35 [0]
1 33 [2]
1 31 [4]
5 30 [1]
9 21 [6]
5 29 [2]
0 32 [4]
0 37 [0]
5 31 [1]
5 32 [0]
8 24 [5]
8 23 [6]
6 31 [0]
9 25 [3]
4 32 [2]
2 36 [0]
7 25 [6]
4 34 [0]
1 30 [7]
7 31 [0]
3 33 [2]
6 30 [2]
10 25 [3]
9 24 [6]
8 26 [5]
8 25 [6]
7 30 [2]
6 33 [0]
8 31 [0]
10 26 [3]
13 24 [2]
2 33 [5]
8 27 [5]
5 35 [0]
13 27 [0]
6 29 [5]
2 35 [4]
0 41 [0]
1 40 [0]
3 36 [2]
2 34 [5]
9 26 [6]
1 39 [1]
7 34 [0]
8 34 [0]
0 38 [4]
3 37 [2]
1 41 [0]
6 36 [0]
4 31 [7]
4 36 [2]
10 29 [3]
8 29 [5]
10 32 [0]
8 35 [0]
16 27 [0]
6 32 [5]
14 27 [2]
8 30 [5]
0 39 [4]
6 37 [0]
7 33 [3]
9 34 [0]
10 30 [3]
1 42 [1]
10 27 [7]
5 39 [0]
1 43 [0]
0 40 [4]
5 34 [5]
2 37 [5]
8 33 [3]
14 24 [6]
5 33 [6]
8 36 [0]
5 38 [1]
8 37 [0]
9 31 [5]
9 36 [0]
2 42 [1]
10 35 [0]
4 39 [2]
10 28 [7]
9 30 [6]
9 33 [3]
8 32 [5]
0 46 [0]
2 44 [0]
5 41 [0]
1 44 [1]
0 42 [4]
12 31 [3]
4 37 [6]
4 43 [0]
2 45 [0]
2 38 [7]
10 34 [3]
21 26 [0]
5 36 [6]
4 41 [2]
0 43 [4]
7 37 [3]
11 36 [0]
1 47 [0]
0 44 [4]
2 46 [0]
9 39 [0]
0 49 [0]
7 36 [6]
5 43 [1]
9 37 [3]
5 42 [2]
14 35 [0]
14 28 [7]
15 30 [4]
2 40 [7]
11 37 [1]
0 50 [0]
6 44 [0]
6 39 [5]
1 45 [4]
4 44 [2]
16 28 [6]
6 45 [0]
4 47 [0]
8 38 [5]
1 49 [1]
8 43 [0]
16 35 [0]
22 29 [0]
2 50 [0]
1 51 [0]
8 44 [0]
0 51 [1]
7 43 [2]
6 41 [5]
10 42 [0]
14 38 [0]
10 39 [3]
4 46 [2]
13 40 [0]
7 46 [0]
8 40 [5]
4 45 [4]
8 39 [6]
10 40 [3]
10 43 [0]
3 48 [2]
2 47 [4]
6 42 [5]
3 51 [0]
6 47 [1]
4 49 [1]
0 54 [0]
8 41 [5]
5 44 [5]
7 45 [2]
6 48 [0]
10 41 [3]
8 46 [0]
4 48 [2]
9 46 [0]
1 54 [0]
1 50 [4]
5 49 [1]
8 42 [5]
2 48 [5]
22 32 [1]
8 47 [0]
10 45 [0]
27 28 [0]
10 38 [7]
9 40 [6]
5 50 [1]
0 56 [0]
5 51 [0]
7 47 [2]
7 49 [0]
16 40 [0]
9 45 [2]
6 49 [2]
10 44 [3]
4 52 [1]
5 46 [6]
5 53 [0]
6 46 [6]
1 53 [4]
8 50 [0]
2 51 [5]
11 46 [1]
5 52 [1]
1 58 [0]
8 48 [3]
5 54 [0]
5 48 [6]
25 34 [0]
10 50 [0]
1 59 [0]
9 48 [3]
3 55 [2]
6 52 [2]
14 40 [6]
16 38 [6]
2 59 [0]
0 61 [0]
2 52 [7]
7 52 [2]
4 57 [0]
7 48 [6]
0 57 [4]
7 54 [0]
7 51 [3]
9 47 [5]
2 54 [5]
9 52 [0]
4 55 [2]
29 32 [0]
7 55 [0]
1 61 [0]
4 58 [0]
2 55 [5]
8 49 [5]
3 57 [2]
1 60 [1]
2 53 [7]
8 51 [3]
10 52 [0]
12 47 [3]
12 45 [6]
0 63 [0]
9 54 [0]
9 51 [3]
28 35 [0]
5 58 [0]
8 55 [0]
0 59 [4]
10 47 [6]
2 58 [4]
2 57 [5]
0 64 [0]
13 50 [1]
0 60 [4]
9 49 [6]
8 56 [0]
9 55 [0]
5 60 [0]
8 52 [5]
5 59 [1]
20 45 [0]
8 57 [0]
2 56 [7]
27 35 [3]
6 58 [1]
0 66 [0]
1 65 [0]
4 60 [2]
4 62 [0]
21 43 [2]
4 61 [1]
9 57 [0]
0 62 [4]
10 56 [0]
5 55 [6]
8 53 [5]
1 66 [0]
28 38 [1]
5 61 [1]
7 58 [2]
2 60 [5]
3 62 [2]
10 54 [3]
3 65 [0]
8 54 [6]
0 68 [0]
0 67 [1]
27 38 [3]
22 39 [7]
6 61 [2]
6 57 [6]
2 62 [5]
5 63 [1]
0 65 [4]
1 64 [4]
26 43 [0]
22 41 [7]
0 70 [0]
12 58 [0]
14 56 [0]
7 57 [6]
1 68 [1]
10 53 [7]
7 61 [2]
5 64 [1]
15 52 [4]
1 63 [7]
22 42 [7]
6 60 [5]
5 66 [0]
8 63 [0]
1 69 [1]
29 42 [0]
8 64 [0]
1 71 [0]
9 60 [3]
5 67 [0]
1 70 [1]
8 59 [5]
2 65 [5]
16 50 [6]
0 71 [1]
2 63 [7]
16 56 [0]
4 66 [2]
4 68 [1]
0 73 [0]
2 71 [0]
2 64 [7]
22 44 [7]
0 69 [4]
1 67 [5]
32 41 [0]
9 59 [5]
3 71 [0]
10 58 [6]
9 62 [3]
1 72 [1]
8 60 [6]
4 67 [3]
7 65 [3]
4 65 [6]
1 74 [0]
7 62 [6]
16 53 [6]
1 73 [1]
5 68 [2]
2 67 [6]
17 59 [0]
1 75 [0]
7 69 [0]
5 69 [2]
8 62 [6]
0 72 [4]
6 67 [3]
8 68 [0]
3 67 [6]
10 63 [3]
9 67 [0]
8 65 [3]
9 61 [6]
13 64 [0]
16 59 [2]
4 72 [1]
9 65 [3]
7 67 [3]
5 70 [2]
21 49 [7]
6 66 [5]
7 68 [2]
9 68 [0]
6 69 [2]
0 74 [4]
4 74 [0]
6 72 [0]
9 69 [0]
6 70 [2]
13 63 [2]
5 72 [1]
5 71 [3]
5 74 [0]
0 75 [4]
9 70 [0]
10 69 [0]
7 70 [2]
1 77 [1]
27 50 [2]
10 66 [3]
6 71 [3]
6 74 [0]
0 80 [0]
25 54 [1]
23 57 [0]
0 76 [4]
8 66 [6]
14 59 [7]
5 75 [1]
0 81 [0]
4 77 [0]
5 76 [0]
6 73 [2]
20 58 [3]
0 77 [4]
7 71 [3]
3 79 [0]
5 77 [0]
9 73 [0]
21 61 [0]
8 69 [5]
8 71 [3]
22 60 [0]
28 53 [2]
4 79 [0]
1 82 [0]
0 79 [4]
10 73 [0]
27 56 [0]
10 70 [3]
1 78 [4]
8 70 [5]
14 63 [6]
2 78 [4]
8 76 [0]
1 83 [0]
2 82 [0]
36 48 [0]
19 65 [0]
2 75 [7]
1 76 [7]
33 51 [0]
7 73 [5]
6 78 [1]
16 63 [6]
27 53 [5]
6 80 [0]
8 73 [5]
23 62 [1]
4 78 [4]
4 80 [2]
4 81 [1]
16 64 [6]
9 72 [6]
8 79 [0]
9 71 [7]
10 77 [0]
7 78 [2]
1 85 [1]
5 81 [1]
28 56 [4]
2 86 [0]
5 83 [0]
8 74 [6]
35 53 [0]
8 80 [0]
8 75 [5]
22 66 [0]
0 84 [4]
2 85 [1]
8 81 [0]
0 89 [0]
0 85 [4]
10 76 [3]
9 78 [2]
9 74 [6]
8 77 [5]
4 84 [2]
5 85 [0]
8 82 [0]
6 83 [1]
0 86 [4]
1 88 [1]
7 81 [2]
1 86 [4]
6 85 [0]
13 76 [2]
2 84 [5]
7 84 [0]
6 79 [6]
0 87 [4]
9 79 [3]
16 75 [0]
36 55 [0]
2 90 [0]
5 86 [1]
9 80 [3]
7 79 [6]
7 83 [2]
9 84 [0]
27 64 [2]
7 80 [6]
3 89 [2]
1 93 [0]
4 83 [7]
0 93 [1]
38 56 [0]
6 88 [0]
5 84 [5]
1 92 [1]
21 73 [0]
10 81 [3]
4 88 [2]
5 82 [7]
2 88 [5]
1 94 [0]
3 90 [2]
2 93 [0]
12 83 [0]
29 66 [0]
0 91 [4]
1 91 [4]
0 96 [0]
0 92 [4]
2 87 [7]
14 76 [6]
8 83 [5]
4 90 [2]
6 90 [0]
12 78 [6]
9 81 [6]
21 68 [7]
9 83 [5]
1 96 [0]
10 84 [3]
7 90 [0]
21 69 [7]
1 89 [7]
9 88 [0]
11 79 [7]
10 87 [0]
5 91 [1]
0 98 [0]
1 97 [0]
0 94 [4]
1 95 [2]
3 95 [0]
11 80 [7]
5 88 [5]
16 76 [6]
3 93 [2]
8 90 [0]
8 85 [5]
4 92 [2]
22 77 [0]
9 90 [0]
4 95 [0]
5 94 [0]
8 86 [5]
5 92 [2]
7 89 [3]
4 89 [6]
10 83 [6]
21 72 [6]
7 93 [0]
1 99 [0]
6 94 [0]
8 87 [5]
8 89 [3]
2 91 [7]
4 94 [2]
8 93 [0]
9 92 [0]
14 87 [0]
2 94 [5]
9 89 [3]
6 89 [6]
7 95 [0]
8 94 [0]
5 97 [0]
16 86 [0]
5 96 [1]
8 88 [6]
22 74 [6]
4 99 [0]
0 103 [0]
6 92 [5]
0 99 [4]
23 79 [1]
20 78 [5]
6 97 [0]
48 55 [0]
23 80 [0]
4 97 [2]
8 96 [0]
10 94 [0]
13 91 [0]
5 93 [6]
5 98 [1]
27 75 [2]
16 82 [6]
8 97 [0]
9 96 [0]
2 96 [7]
27 76 [2]
10 92 [3]
0 102 [4]
8 95 [3]
4 100 [2]
9 97 [0]
16 87 [3]
29 77 [0]
2 99 [5]
1 101 [4]
22 85 [0]
1 106 [0]
9 95 [3]
2 105 [0]
6 95 [6]
2 98 [7]
5 101 [1]
2 106 [0]
8 100 [0]
9 99 [0]
5 102 [1]
0 107 [1]
21 81 [6]
16 91 [2]
4 105 [0]
0 105 [4]
9 100 [0]
5 99 [5]
19 89 [1]
5 103 [1]
28 82 [0]
49 61 [0]
6 99 [5]
8 102 [0]
22 88 [0]
7 101 [2]
1 107 [2]
5 104 [1]
10 97 [3]
2 109 [0]
2 102 [7]
8 98 [5]
25 84 [2]
7 105 [0]
8 104 [0]
1 104 [7]
0 108 [4]
4 101 [7]
6 100 [6]
1 111 [1]
4 109 [0]
10 96 [7]
7 100 [6]
26 81 [6]
8 99 [6]
6 106 [1]
17 96 [0]
2 104 [7]
39 74 [0]
8 101 [5]
16 96 [2]
27 87 [0]
4 106 [4]
0 110 [4]
2 107 [5]
27 86 [1]
27 82 [5]
50 64 [0]
11 100 [3]
5 107 [3]
4 111 [0]
7 106 [2]
9 101 [5]
5 105 [5]
32 77 [6]
10 103 [3]
0 112 [4]
19 95 [2]
7 109 [0]
8 103 [5]
3 107 [6]
12 101 [3]
6 109 [1]
1 115 [1]
0 117 [0]
10 101 [6]
2 108 [7]
7 107 [3]
10 105 [3]
2 116 [0]
9 109 [0]
12 106 [0]
4 112 [2]
13 103 [2]
8 107 [3]
5 111 [2]
34 84 [0]
0 115 [4]
2 110 [7]
4 113 [2]
8 105 [6]
57 62 [0]
5 112 [2]
9 107 [3]
0 120 [0]
6 112 [2]
1 119 [0]
16 98 [6]
27 91 [2]
22 92 [6]
29 85 [6]
16 104 [0]
49 68 [3]
35 82 [3]
9 111 [0]
4 115 [1]
5 116 [0]
7 114 [0]
1 120 [0]
10 106 [5]
8 113 [0]
9 112 [0]
12 109 [0]
10 108 [3]
8 108 [5]
5 117 [0]
8 114 [0]
10 112 [0]
14 108 [0]
5 115 [2]
6 111 [5]
8 110 [5]
8 115 [0]
45 78 [0]
1 118 [4]
1 122 [0]
5 118 [0]
14 103 [6]
23 100 [0]
10 110 [3]
2 122 [0]
4 120 [0]
2 117 [5]
11 113 [0]
10 111 [3]
2 118 [4]
16 102 [6]
5 120 [0]
38 87 [0]
6 118 [1]
2 119 [4]
9 113 [3]
49 72 [4]
10 109 [6]
16 103 [6]
8 111 [6]
6 114 [6]
36 90 [0]
9 114 [3]
27 98 [1]
50 75 [1]
4 122 [0]
7 119 [0]
22 97 [7]
1 121 [4]
7 113 [6]
8 118 [0]
9 117 [0]
3 117 [6]
6 119 [1]
11 114 [1]
9 118 [0]
20 106 [1]
16 108 [3]
0 123 [4]
42 85 [0]
7 117 [3]
7 118 [2]
2 120 [5]
4 119 [4]
6 121 [1]
0 128 [0]
5 123 [0]
6 122 [0]
8 120 [0]
8 117 [3]
22 99 [7]
33 93 [2]
3 126 [0]
2 127 [0]
1 127 [1]
8 116 [5]
5 124 [0]
10 119 [0]
20 109 [0]
4 126 [0]
27 103 [0]
0 126 [4]
7 121 [2]
9 115 [6]
1 125 [4]
1 130 [0]
6 125 [0]
7 124 [0]
2 125 [4]
8 123 [0]
9 122 [0]
0 127 [4]
27 102 [2]
10 121 [0]
12 119 [0]
6 126 [0]
0 132 [0]
6 124 [2]
7 125 [0]
5 122 [5]
16 110 [6]
16 116 [0]
4 121 [7]
39 92 [1]
1 124 [7]
2 123 [7]
6 120 [6]
0 133 [0]
2 131 [0]
27 104 [2]
2 124 [7]
0 129 [4]
61 72 [0]
6 127 [0]
7 120 [6]
7 126 [0]
12 118 [3]
10 120 [3]
2 126 [5]
0 134 [0]
4 130 [0]
22 112 [0]
8 121 [5]
5 127 [2]
27 108 [0]
53 82 [0]
9 121 [6]
23 113 [0]
8 122 [6]
50 86 [0]
4 125 [7]
12 121 [3]
1 134 [1]
6 130 [1]
7 130 [0]
8 129 [0]
11 126 [0]
8 124 [5]
8 126 [3]
25 105 [7]
5 126 [6]
0 138 [0]
1 137 [0]
44 94 [0]
2 136 [0]
27 110 [1]
8 125 [5]
2 129 [7]
23 114 [1]
16 123 [0]
5 134 [0]
0 139 [0]
69 70 [0]
0 135 [4]
1 138 [0]
9 130 [0]
9 124 [6]
10 129 [0]
5 133 [1]
64 75 [0]
15 124 [0]
48 90 [1]
9 125 [5]
12 125 [3]
10 130 [0]
8 127 [5]
34 105 [1]
28 110 [2]
6 132 [2]
0 136 [4]
8 133 [0]
1 140 [0]
10 131 [0]
50 91 [0]
10 128 [3]
8 128 [5]
8 134 [0]
10 132 [0]
69 73 [0]
2 133 [7]
4 137 [1]
39 97 [7]
7 134 [2]
8 135 [0]
8 130 [5]
21 115 [7]
9 134 [0]
56 87 [0]
51 93 [0]
7 132 [5]
8 131 [5]
5 138 [2]
5 139 [1]
6 137 [2]
14 128 [3]
27 116 [2]
8 132 [5]
6 140 [0]
8 138 [0]
0 142 [4]
14 129 [3]
7 137 [2]
20 119 [7]
6 138 [2]
5 140 [2]
1 146 [0]
2 141 [4]
10 137 [0]
7 138 [2]
16 131 [0]
1 145 [1]
9 132 [6]
0 148 [0]
2 146 [0]
4 144 [0]
7 141 [0]
14 131 [3]
6 141 [1]
0 144 [4]
14 133 [1]
16 129 [3]
2 139 [7]
38 110 [0]
60 88 [0]
10 135 [3]
2 147 [0]
4 145 [0]
14 135 [0]
31 118 [0]
38 108 [3]
5 143 [1]
8 136 [5]
10 136 [3]
39 111 [0]
0 150 [0]
1 148 [1]
8 137 [5]
3 147 [0]
6 144 [0]
16 128 [6]
8 142 [0]
33 117 [0]
10 138 [3]
1 150 [0]
2 142 [7]
2 149 [0]
7 144 [0]
22 122 [7]
9 142 [0]
16 133 [2]
1 143 [7]
1 151 [0]
4 148 [0]
5 145 [2]
27 123 [2]
2 143 [7]
8 139 [5]
39 112 [1]
9 137 [6]
9 144 [0]
1 152 [0]
10 140 [3]
4 149 [0]
21 132 [0]
4 147 [2]
7 147 [0]
30 124 [0]
0 154 [0]
50 98 [6]
5 149 [0]
8 140 [6]
45 106 [3]
10 142 [3]
0 155 [0]
5 150 [0]
21 134 [0]
27 128 [0]
8 147 [0]
10 145 [0]
9 140 [6]
8 144 [3]
11 144 [0]
9 141 [5]
18 137 [0]
64 91 [0]
2 148 [5]
13 143 [0]
1 154 [1]
4 152 [0]
6 150 [0]
10 141 [5]
8 143 [5]
50 104 [2]
10 143 [3]
7 150 [0]
8 149 [0]
45 109 [3]
15 137 [5]
2 151 [4]
2 154 [1]
13 142 [2]
1 157 [0]
16 142 [0]
9 143 [6]
12 141 [5]
6 151 [1]
1 156 [1]
50 102 [6]
16 136 [6]
7 151 [0]
28 128 [2]
79 80 [0]
8 146 [5]
8 145 [6]
6 147 [6]
6 148 [5]
10 149 [0]
4 153 [2]
2 152 [5]
0 160 [0]
2 158 [0]
9 148 [3]
0 156 [4]
9 145 [6]
27 133 [0]
4 156 [1]
8 153 [0]
16 139 [6]
28 133 [0]
5 154 [2]
10 148 [3]
75 86 [0]
5 155 [1]
0 157 [4]
5 157 [0]
27 135 [0]
14 142 [6]
29 127 [6]
10 152 [0]
4 151 [7]
0 158 [4]
16 146 [0]
51 107 [4]
7 149 [6]
8 148 [6]
28 135 [0]
10 150 [3]
14 143 [6]
8 150 [5]
10 146 [7]
1 155 [7]
5 156 [2]
6 152 [5]
7 157 [0]
9 152 [3]
3 159 [2]
8 151 [5]
5 158 [1]
4 159 [2]
5 160 [0]
11 153 [1]
9 153 [3]
8 157 [0]
0 161 [4]
6 153 [6]
9 151 [5]
9 150 [6]
6 154 [5]
1 163 [1]
27 136 [2]
2 157 [7]
12 151 [3]
7 159 [0]
20 141 [5]
7 153 [6]
0 162 [4]
28 136 [2]
8 152 [6]
8 159 [0]
38 129 [0]
24 143 [0]
49 115 [3]
0 163 [4]
5 161 [1]
8 160 [0]
50 116 [2]
56 110 [2]
27 139 [2]
38 128 [2]
8 155 [5]
2 167 [0]
0 169 [0]
4 165 [0]
4 163 [2]
8 161 [0]
7 160 [2]
1 164 [4]
4 166 [0]
8 162 [0]
1 168 [1]
1 165 [4]
10 157 [3]
2 163 [5]
13 155 [2]
2 164 [4]
38 133 [0]
6 159 [6]
14 157 [0]
1 166 [4]
9 156 [6]
2 165 [4]
0 167 [4]
64 104 [3]
8 158 [5]
6 165 [1]
47 125 [0]
2 170 [0]
13 157 [2]
7 165 [0]
51 117 [4]
6 166 [1]
5 163 [5]
27 146 [0]
7 164 [2]
38 135 [0]
1 171 [1]
50 123 [0]
5 167 [1]
42 127 [5]
1 173 [0]
0 174 [0]
0 173 [1]
22 145 [7]
6 168 [0]
38 131 [5]
0 170 [4]
25 149 [0]
38 136 [0]
4 168 [2]
9 160 [6]
2 173 [0]
0 175 [0]
4 164 [7]
9 163 [3]
2 168 [5]
0 171 [4]
10 162 [3]
75 98 [2]
7 166 [2]
14 162 [0]
2 174 [0]
8 168 [0]
5 170 [1]
12 164 [0]
28 146 [2]
7 163 [6]
10 163 [3]
12 165 [0]
0 177 [0]
16 155 [6]
22 148 [7]
1 176 [0]
4 171 [2]
21 156 [0]
8 164 [5]
1 177 [0]
6 172 [0]
2 169 [7]
5 171 [2]
1 170 [7]
5 168 [5]
9 164 [5]
10 169 [0]
3 174 [2]
79 100 [0]
76 103 [0]
75 102 [2]
8 166 [5]
2 178 [0]
1 179 [0]
5 175 [0]
6 174 [0]
80 100 [0]
10 170 [0]
8 167 [5]
0 176 [4]
7 168 [6]
0 181 [0]
22 152 [7]
10 168 [3]
5 176 [0]
5 173 [3]
9 166 [6]
27 155 [0]
4 178 [0]
40 142 [0]
8 169 [5]
75 104 [3]
10 166 [6]
3 173 [6]
13 167 [2]
6 177 [0]
3 180 [0]
68 115 [0]
4 179 [0]
4 177 [2]
8 172 [3]
16 161 [6]
0 179 [4]
7 173 [3]
83 101 [0]
11 172 [1]
2 177 [5]
2 175 [7]
8 171 [5]
8 176 [0]
35 146 [3]
10 171 [3]
39 145 [0]
16 162 [6]
86 98 [0]
1 182 [1]
89 95 [0]
8 177 [0]
0 185 [0]
2 176 [7]
5 180 [0]
7 172 [6]
27 158 [0]
13 170 [2]
6 179 [0]
6 178 [1]
20 165 [0]
9 173 [3]
56 128 [2]
0 186 [0]
4 182 [0]
2 179 [5]
4 180 [2]
49 134 [3]
9 174 [3]
14 169 [3]
39 140 [7]
45 141 [0]
4 183 [0]
36 147 [4]
5 177 [5]
4 181 [2]
7 178 [2]
5 182 [0]
7 174 [6]
6 181 [0]
7 180 [0]
8 179 [0]
8 174 [6]
13 175 [0]
6 182 [0]
5 181 [2]
21 160 [7]
25 163 [0]
9 179 [0]
27 161 [0]
0 184 [4]
13 176 [0]
2 187 [0]
5 184 [0]
9 180 [0]
16 167 [6]
27 162 [0]
29 154 [6]
50 139 [0]
5 183 [1]
9 177 [3]
1 189 [0]
14 170 [6]
4 184 [2]
56 129 [5]
34 149 [7]
8 183 [0]
1 183 [7]
0 187 [4]
16 169 [6]
8 180 [3]
2 184 [5]
7 185 [0]
0 192 [0]
7 183 [2]
16 170 [6]
1 191 [0]
4 188 [0]
5 187 [0]
79 113 [0]
10 182 [0]
2 183 [7]
56 136 [0]
10 183 [0]
2 191 [0]
1 192 [0]
56 135 [2]
56 131 [6]
6 185 [2]
10 178 [5]
2 192 [0]
4 190 [0]
75 116 [3]
10 181 [3]
27 167 [0]
8 187 [0]
4 191 [0]
0 191 [4]
2 186 [7]
87 108 [0]
0 194 [1]
1 187 [7]
5 189 [1]
8 188 [0]
8 182 [6]
9 184 [3]
9 181 [6]
23 172 [1]
80 113 [3]
12 178 [6]
23 174 [0]
1 196 [0]
3 194 [0]
7 184 [6]
9 182 [6]
16 175 [6]
5 192 [0]
1 195 [1]
7 190 [0]
0 193 [4]
15 183 [0]
10 185 [3]
2 189 [7]
16 176 [6]
79 114 [5]
9 183 [6]
1 197 [1]
1 198 [0]
8 186 [5]
7 192 [0]
27 170 [2]
36 159 [4]
28 169 [2]
9 190 [0]
4 193 [2]
13 187 [0]
1 194 [5]
75 123 [2]
47 151 [2]
9 185 [6]
4 196 [0]
22 171 [7]
98 102 [0]
4 195 [1]
2 193 [5]
9 188 [3]
7 188 [6]
7 194 [0]
6 195 [0]
11 190 [0]
22 179 [0]
53 146 [2]
8 190 [3]
69 132 [0]
2 194 [5]
0 197 [4]
1 199 [1]
80 114 [7]
8 194 [0]
9 193 [0]
11 188 [3]
0 198 [4]
6 190 [6]
42 154 [6]
5 197 [0]
8 189 [5]
10 192 [0]
6 191 [5]
48 147 [7]
5 195 [2]
6 197 [0]
3 200 [0]
1 201 [1]
5 198 [0]
0 199 [4]
2 196 [5]
14 186 [3]
8 196 [0]
1 203 [0]
9 195 [0]
4 199 [1]
27 175 [2]
92 112 [0]
5 194 [6]
16 189 [0]
20 178 [7]
27 176 [2]
8 191 [6]
73 132 [0]
6 199 [0]
0 201 [4]
10 195 [0]
10 193 [3]
5 201 [0]
38 162 [6]
9 191 [6]
7 193 [6]
8 192 [6]
8 198 [0]
21 185 [0]
33 173 [0]
0 202 [4]
9 194 [3]
83 121 [2]
4 200 [2]
4 203 [0]
7 195 [5]
2 200 [5]
0 203 [4]
2 198 [7]
32 171 [4]
6 196 [5]
16 186 [6]
70 138 [0]
1 207 [0]
69 138 [1]
49 156 [3]
9 196 [3]
10 198 [0]
1 206 [1]
50 155 [3]
97 111 [0]
0 204 [4]
7 199 [2]
8 195 [5]
10 196 [3]
2 207 [0]
0 209 [0]
68 134 [7]
38 169 [2]
22 181 [6]
16 187 [6]
0 205 [4]
5 203 [1]
50 158 [2]
0 210 [0]
10 197 [3]
88 122 [0]
5 204 [1]
5 200 [6]
8 203 [0]
8 197 [6]
1 209 [1]
10 201 [0]
8 200 [3]
5 205 [1]
50 161 [0]
6 206 [0]
7 203 [2]
4 208 [0]
6 201 [5]
41 171 [0]
14 198 [0]
9 200 [3]
4 206 [2]
23 188 [1]
49 160 [3]
2 209 [1]
6 200 [6]
85 127 [0]
27 186 [0]
100 113 [0]
83 130 [0]
7 200 [6]
2 206 [5]
1 213 [0]
5 209 [0]
8 201 [5]
16 198 [0]
48 159 [7]
9 199 [6]
28 186 [0]
2 211 [1]
75 139 [0]
2 205 [7]
47 164 [4]
17 198 [0]
2 208 [5]
0 211 [4]
8 202 [5]
25 184 [6]
1 215 [0]
2 214 [0]
36 180 [0]
87 129 [0]
5 210 [1]
5 206 [5]
10 203 [3]
9 208 [0]
5 211 [2]
56 162 [0]
102 116 [0]
25 192 [1]
8 210 [0]
10 205 [3]
10 208 [0]
100 114 [4]
16 202 [0]
8 205 [5]
5 208 [5]
8 211 [0]
28 189 [2]
98 116 [5]
13 204 [2]
14 202 [3]
2 210 [7]
22 197 [0]
5 213 [1]
8 212 [0]
0 220 [0]
4 216 [0]
5 215 [0]
14 205 [1]
50 167 [3]
8 207 [5]
87 131 [2]
1 212 [7]
6 212 [2]
7 213 [0]
21 199 [0]
8 206 [6]
39 181 [0]
6 209 [5]
7 214 [0]
27 189 [5]
7 208 [6]
2 212 [7]
0 217 [4]
6 213 [2]
9 206 [6]
7 212 [2]
6 214 [1]
7 215 [0]
2 220 [0]
64 155 [3]
3 219 [0]
4 218 [0]
9 213 [0]
6 211 [5]
0 218 [4]
4 219 [0]
21 195 [7]
2 216 [5]
16 207 [0]
8 215 [0]
13 210 [0]
5 217 [1]
10 214 [0]
21 203 [0]
68 156 [0]
34 184 [6]
6 219 [0]
106 119 [0]
1 217 [7]
22 196 [7]
10 215 [0]
5 218 [2]
25 193 [7]
50 175 [0]
0 221 [4]
38 186 [2]
6 220 [0]
8 213 [5]
102 123 [1]
10 213 [3]
2 217 [7]
4 215 [7]
3 221 [2]
69 150 [7]
2 219 [5]
16 204 [6]
5 216 [6]
8 219 [0]
0 227 [0]
9 212 [6]
56 169 [2]
15 212 [0]
8 216 [3]
5 220 [2]
9 218 [0]
0 223 [4]
7 218 [2]
16 205 [6]
79 144 [4]
5 223 [0]
6 222 [0]
7 221 [0]
9 214 [5]
2 221 [5]
0 224 [4]
6 216 [6]
68 160 [0]
39 182 [7]
9 216 [3]
80 144 [4]
51 173 [4]
4 222 [2]
0 229 [0]
27 202 [0]
48 180 [1]
4 223 [2]
5 222 [2]
7 216 [6]
9 221 [0]
0 226 [4]
4 224 [2]
8 217 [5]
12 215 [3]
22 201 [7]
22 209 [0]
5 224 [2]
8 218 [5]
57 174 [0]
10 222 [0]
5 227 [0]
6 226 [0]
6 224 [2]
29 197 [6]
7 219 [6]
79 153 [0]
13 217 [2]
1 224 [7]
16 210 [6]
28 202 [2]
15 213 [4]
5 228 [0]
8 220 [5]
7 224 [2]
6 221 [6]
80 153 [0]
8 225 [0]
28 205 [0]
27 204 [2]
25 208 [0]
1 228 [4]
4 230 [0]
5 229 [0]
2 231 [1]
2 228 [4]
34 193 [7]
2 225 [7]
6 228 [0]
64 167 [3]
11 216 [7]
27 207 [0]
0 230 [4]
9 226 [0]
28 207 [0]
0 231 [4]
55 180 [0]
1 234 [1]
5 231 [0]
10 226 [0]
10 223 [3]
5 230 [1]
75 158 [3]
9 222 [6]
8 229 [0]
90 147 [0]
4 232 [1]
20 214 [3]
36 200 [1]
10 224 [3]
8 224 [5]
0 234 [4]
2 236 [0]
75 161 [2]
10 225 [3]
10 228 [0]
7 226 [5]
29 209 [0]
9 223 [6]
2 229 [7]
1 230 [7]
8 231 [0]
85 154 [0]
5 234 [0]
1 237 [1]
16 217 [6]
6 233 [0]
2 233 [4]
4 228 [7]
7 230 [2]
38 202 [0]
1 239 [0]
5 235 [0]
0 236 [4]
7 233 [0]
10 230 [0]
4 234 [2]
1 232 [7]
22 211 [7]
64 176 [0]
6 232 [2]
8 227 [5]
7 234 [0]
9 232 [0]
16 225 [0]
4 235 [2]
7 232 [2]
4 238 [0]
0 238 [4]
2 235 [5]
9 233 [0]
64 175 [3]
14 225 [3]
0 243 [0]
2 241 [0]
4 237 [2]
9 234 [0]
0 239 [4]
56 186 [1]
34 208 [1]
0 244 [0]
3 241 [0]
98 139 [7]
53 189 [2]
38 205 [1]
5 237 [2]
4 240 [0]
9 235 [0]
10 234 [0]
22 222 [0]
97 140 [7]
1 244 [0]
8 232 [5]
2 238 [5]
35 207 [3]
10 236 [0]
21 218 [7]
29 211 [6]
97 145 [4]
30 213 [3]
30 212 [4]
0 242 [4]
7 239 [0]
43 203 [0]
2 240 [4]
54 192 [0]
6 240 [1]
7 240 [0]
2 244 [1]
1 246 [0]
4 241 [2]
12 228 [7]
4 242 [1]
9 238 [0]
10 237 [0]
49 199 [0]
6 237 [5]
2 239 [7]
8 234 [6]
5 238 [5]
10 235 [3]
20 228 [0]
10 233 [5]
5 242 [1]
87 162 [0]
1 248 [0]
16 227 [6]
5 244 [0]
22 220 [7]
8 236 [5]
7 242 [0]
8 241 [0]
10 239 [0]
90 159 [0]
1 249 [0]
10 240 [0]
3 245 [2]
1 242 [7]
109 141 [0]
111 140 [0]
22 223 [6]
121 130 [0]
10 238 [3]
23 221 [7]
4 245 [2]
8 237 [6]
8 238 [6]
8 239 [5]
2 246 [4]
0 248 [4]
7 245 [0]
10 242 [0]
15 232 [5]
21 224 [7]
4 248 [1]
7 246 [0]
36 216 [1]
8 245 [0]
14 236 [3]
0 249 [4]
14 239 [0]
6 246 [1]
20 233 [0]
6 241 [6]
5 247 [2]
13 239 [2]
7 241 [6]
5 249 [0]
1 252 [1]
64 187 [3]
9 245 [0]
27 227 [0]
21 230 [3]
0 250 [4]
105 149 [0]
9 239 [6]
5 250 [0]
4 249 [2]
7 248 [0]
5 246 [4]
0 251 [4]
6 244 [5]
42 211 [3]
2 249 [5]
9 247 [0]
98 158 [0]
10 243 [3]
79 172 [5]
4 251 [1]
8 243 [5]
4 253 [0]
2 255 [0]
7 250 [0]
5 251 [1]
50 204 [3]
18 232 [7]
4 246 [7]
12 240 [6]
6 252 [0]
16 236 [6]
6 247 [5]
27 229 [2]
42 209 [7]
1 250 [7]
4 252 [2]
0 254 [4]
10 249 [0]
2 257 [0]
22 231 [6]
1 251 [7]
2 252 [5]
80 172 [7]
36 219 [4]
56 202 [1]
16 243 [0]
0 256 [4]
25 235 [0]
10 247 [3]
129 131 [0]
6 249 [5]
2 253 [5]
4 254 [2]
14 243 [3]
10 251 [0]
1 260 [0]
0 257 [4]
8 248 [5]
73 185 [3]
12 246 [3]
4 255 [2]
2 254 [5]
6 255 [0]
61 199 [0]
10 248 [3]
69 185 [7]
1 257 [4]
8 254 [0]
0 258 [4]
45 214 [3]
39 223 [1]
21 242 [0]
10 250 [3]
128 135 [0]
53 207 [3]
25 238 [0]
0 259 [4]
8 250 [5]
38 225 [0]
66 197 [0]
5 257 [1]
8 251 [5]
27 236 [1]
98 161 [5]
102 161 [1]
5 254 [5]
8 253 [3]
3 259 [2]
0 260 [4]
9 252 [3]
1 264 [0]
6 259 [0]
6 253 [6]
9 253 [3]
1 263 [1]
0 261 [4]
42 220 [3]
10 252 [3]
8 252 [6]
5 261 [0]
7 253 [6]
7 259 [0]
8 258 [0]
0 262 [4]
29 231 [6]
8 255 [3]
91 175 [0]
5 255 [6]
39 222 [5]
25 234 [7]
5 260 [1]
2 259 [5]
2 265 [0]
48 219 [0]
66 201 [0]
10 254 [3]
20 240 [7]
7 254 [6]
64 204 [0]
84 184 [0]
49 218 [1]
4 263 [1]
5 262 [1]
7 255 [6]
10 256 [3]
2 260 [7]
8 261 [0]
8 256 [5]
20 246 [3]
79 190 [0]
1 261 [7]
0 265 [4]
1 269 [0]
7 263 [0]
5 264 [1]
34 235 [1]
2 261 [7]
27 243 [1]
4 267 [0]
9 259 [3]
6 263 [2]
106 165 [0]
115 156 [0]
82 189 [0]
9 263 [0]
0 272 [0]
1 271 [0]
21 248 [3]
79 188 [5]
21 251 [0]
0 273 [0]
2 271 [0]
4 269 [0]
2 264 [7]
4 268 [1]
14 256 [3]
7 266 [0]
11 255 [7]
8 265 [0]
34 238 [1]
0 269 [4]
100 172 [2]
6 268 [0]
2 272 [0]
0 270 [4]
22 252 [0]
64 210 [0]
10 257 [7]
43 230 [1]
13 262 [0]
22 247 [6]
5 269 [1]
0 271 [4]
13 260 [2]
14 258 [3]
14 257 [5]
8 268 [0]
5 271 [0]
1 275 [0]
42 231 [3]
99 177 [0]
1 268 [7]
21 250 [5]
13 261 [2]
16 261 [0]
8 264 [5]
7 268 [2]
17 257 [3]
80 190 [7]
8 266 [3]
5 273 [0]
7 271 [0]
84 193 [1]
1 270 [7]
11 266 [1]
45 233 [0]
99 179 [0]
9 266 [3]
7 269 [2]
1 276 [1]
8 271 [0]
0 279 [0]
0 275 [4]
9 267 [3]
2 270 [7]
14 265 [0]
6 271 [2]
16 257 [6]
29 244 [6]
2 278 [0]
6 274 [0]
8 272 [0]
5 274 [1]
7 267 [6]
0 276 [4]
38 236 [6]
1 280 [0]
127 154 [0]
8 267 [6]
1 273 [7]
1 274 [7]
7 275 [0]
1 281 [0]
4 278 [0]
23 259 [0]
8 269 [5]
2 273 [7]
16 260 [6]
38 243 [2]
3 278 [2]
39 237 [7]
50 227 [6]
6 277 [0]
8 275 [0]
9 274 [0]
7 274 [2]
6 275 [2]
2 277 [4]
9 268 [6]
5 276 [2]
5 279 [0]
28 256 [0]
1 283 [0]
4 280 [0]
0 280 [4]
64 217 [3]
16 262 [6]
6 276 [2]
119 165 [0]
2 283 [0]
0 285 [0]
13 270 [2]
4 281 [0]
9 276 [0]
10 275 [0]
27 258 [0]
7 276 [2]
4 277 [4]
36 245 [4]
57 221 [7]
10 272 [3]
43 242 [0]
0 286 [0]
16 264 [6]
2 284 [0]
6 280 [0]
13 271 [2]
8 273 [5]
114 172 [0]
7 277 [2]
9 277 [0]
28 258 [0]
10 276 [0]
14 272 [0]
9 271 [6]
58 228 [0]
16 270 [0]
0 287 [0]
1 286 [0]
18 268 [1]
16 265 [6]
8 274 [5]
1 285 [1]
56 225 [6]
120 168 [0]
2 281 [5]
4 282 [2]
2 287 [0]
5 284 [0]
27 260 [2]
34 254 [1]
82 207 [0]
121 166 [2]
12 277 [0]
1 284 [4]
1 289 [0]
23 267 [0]
99 191 [0]
6 278 [6]
27 261 [2]
100 188 [2]
106 178 [6]
23 266 [1]
9 275 [6]
5 285 [1]
21 263 [7]
2 289 [0]
5 286 [0]
8 283 [0]
68 218 [5]
16 272 [3]
27 264 [0]
1 288 [2]
6 284 [1]
7 278 [6]
2 290 [0]
27 265 [0]
42 244 [6]
36 255 [1]
6 281 [5]
8 279 [5]
1 292 [0]
0 293 [0]
15 274 [4]
10 280 [3]
8 282 [3]
8 280 [5]
84 208 [1]
39 247 [7]
9 284 [0]
112 181 [0]
36 253 [4]
3 288 [2]
7 284 [2]
0 289 [4]
2 292 [0]
0 294 [0]
7 287 [0]
0 290 [4]
8 286 [0]
10 284 [0]
38 256 [0]
6 286 [2]
9 282 [3]
43 251 [0]
6 283 [5]
100 190 [4]
134 160 [0]
11 282 [1]
6 282 [6]
4 291 [0]
0 295 [0]
2 288 [5]
21 269 [5]
88 206 [1]
48 245 [2]
7 282 [6]
91 204 [0]
8 281 [6]
9 283 [3]
28 265 [2]
8 287 [0]
69 226 [0]
8 288 [0]
10 286 [0]
12 284 [0]
48 241 [7]
38 258 [0]
130 166 [0]
85 209 [2]
9 281 [6]
5 290 [1]
85 211 [0]
44 249 [3]
10 283 [3]
5 289 [2]
2 295 [0]
0 297 [0]
1 296 [0]
5 287 [5]
8 289 [0]
139 158 [0]
111 182 [4]
10 287 [0]
20 277 [0]
119 178 [0]
144 153 [0]
1 295 [1]
43 248 [6]
7 291 [0]
1 290 [7]
10 285 [3]
8 285 [5]
7 286 [5]
5 292 [1]
7 288 [3]
7 292 [0]
73 226 [0]
27 270 [2]
4 294 [1]
43 250 [6]
5 288 [6]
5 293 [1]
10 290 [0]
55 245 [0]
148 152 [0]
83 215 [2]
6 289 [5]
107 194 [0]
1 300 [0]
4 296 [1]
56 243 [2]
5 294 [2]
113 188 [0]
6 294 [2]
5 297 [0]
2 293 [7]
27 273 [2]
10 289 [3]
1 294 [7]
8 291 [3]
48 253 [1]
0 298 [4]
1 302 [0]
6 291 [6]
0 299 [4]
7 296 [0]
9 291 [3]
22 281 [0]
38 265 [0]
8 290 [5]
4 300 [0]
0 304 [0]
5 299 [0]
2 297 [5]
75 229 [0]
10 294 [0]
75 227 [2]
5 298 [1]
30 274 [0]
22 283 [0]
85 220 [0]
13 290 [2]
58 246 [1]
8 292 [5]
0 301 [4]
10 292 [3]
3 303 [0]
5 301 [0]
8 298 [0]
3 297 [6]
6 295 [5]
9 297 [0]
8 293 [5]
147 159 [0]
1 298 [7]
8 299 [0]
1 306 [0]
1 299 [7]
20 284 [3]
4 302 [1]
7 297 [3]
9 292 [6]
8 294 [5]
2 298 [7]
6 302 [0]
7 301 [0]
8 300 [0]
2 301 [5]
2 299 [7]
27 279 [2]
8 296 [5]
7 302 [0]
22 280 [7]
29 280 [0]
5 302 [2]
4 303 [2]
9 294 [6]
0 305 [4]
1 309 [0]
0 309 [1]
4 304 [2]
2 307 [1]
14 290 [6]
2 309 [0]
10 301 [0]
22 289 [0]
15 292 [4]
9 296 [6]
21 285 [5]
56 256 [0]
3 309 [0]
9 303 [0]
13 299 [0]
32 280 [0]
50 262 [0]
1 310 [1]
5 306 [1]
0 308 [4]
13 298 [2]
5 307 [1]
6 308 [0]
10 304 [0]
0 314 [0]
5 304 [5]
4 310 [0]
1 312 [1]
4 308 [2]
8 304 [3]
2 313 [0]
0 311 [4]
9 300 [6]
151 164 [4]
8 301 [6]
1 307 [7]
5 310 [0]
92 223 [0]
56 258 [1]
2 308 [5]
10 306 [0]
4 312 [0]
7 307 [2]
7 303 [6]
8 308 [0]
101 215 [0]
38 272 [6]
9 304 [3]
0 313 [4]
10 307 [0]
9 308 [0]
132 185 [0]
27 290 [0]
49 263 [5]
5 311 [1]
9 302 [6]
3 315 [0]
8 310 [0]
10 305 [3]
43 269 [6]
8 305 [5]
7 309 [3]
13 306 [0]
25 287 [7]
8 306 [5]
8 311 [0]
9 310 [0]
14 305 [0]
5 313 [1]
85 231 [3]
0 315 [4]
84 235 [0]
3 317 [0]
27 293 [0]
8 307 [5]
50 270 [0]
18 296 [6]
18 300 [2]
6 312 [2]
16 298 [6]
9 306 [6]
6 315 [0]
5 316 [0]
10 308 [3]
0 321 [0]
16 299 [6]
23 291 [7]
34 287 [0]
1 321 [0]
6 316 [0]
7 315 [0]
21 294 [7]
56 265 [1]
2 315 [5]
1 314 [7]
9 307 [6]
6 317 [0]
45 277 [1]
8 315 [0]
21 302 [0]
0 322 [1]
33 288 [2]
0 319 [4]
7 317 [0]
2 318 [4]
1 316 [7]
1 323 [0]
2 322 [0]
2 317 [5]
4 320 [0]
6 318 [0]
7 312 [5]
61 263 [0]
87 236 [1]
10 312 [3]
8 312 [5]
8 317 [0]
4 315 [6]
98 227 [0]
9 309 [7]
0 324 [1]
5 319 [1]
7 316 [2]
50 273 [2]
109 214 [2]
1 325 [0]
2 324 [0]
10 316 [0]
1 324 [1]
11 315 [0]
48 278 [0]
14 306 [6]
27 299 [0]
64 260 [3]
0 327 [0]
8 314 [5]
5 321 [1]
7 318 [2]
0 323 [4]
9 312 [6]
4 324 [0]
43 285 [0]
56 272 [0]
122 206 [0]
13 313 [2]
1 320 [7]
1 326 [1]
5 324 [0]
0 329 [0]
1 328 [0]
7 320 [2]
64 262 [3]
25 304 [0]
13 314 [2]
8 316 [5]
102 227 [0]
50 279 [0]
0 325 [4]
8 321 [0]
5 325 [0]
16 314 [0]
4 326 [0]
2 321 [7]
29 295 [6]
10 320 [0]
24 306 [0]
64 264 [3]
6 320 [5]
3 322 [6]
4 327 [0]
5 326 [0]
7 324 [0]
8 323 [0]
85 244 [2]
9 322 [0]
21 310 [0]
7 322 [3]
9 318 [5]
3 327 [2]
8 319 [5]
8 325 [0]
9 324 [0]
3 328 [2]
16 311 [6]
25 301 [7]
6 328 [0]
2 332 [0]
2 327 [5]
98 229 [7]
42 289 [3]
8 326 [0]
64 270 [0]
6 323 [5]
4 331 [0]
7 328 [0]
9 320 [6]
15 316 [4]
16 313 [6]
1 333 [1]
124 212 [0]
8 328 [0]
112 222 [2]
10 326 [0]
112 223 [1]
10 323 [3]
4 330 [2]
8 329 [0]
42 295 [0]
7 327 [3]
22 308 [7]
5 330 [2]
1 332 [4]
33 297 [7]
27 311 [0]
15 320 [3]
2 331 [5]
4 328 [6]
11 327 [0]
8 327 [3]
20 318 [0]
2 329 [7]
97 237 [4]
8 324 [6]
75 264 [0]
7 332 [0]
4 333 [2]
6 327 [6]
51 288 [0]
1 336 [2]
34 304 [1]
6 332 [1]
27 313 [0]
4 332 [4]
5 333 [2]
9 328 [3]
21 312 [7]
2 334 [4]
5 331 [5]
16 319 [6]
6 330 [5]
3 336 [2]
6 334 [1]
2 335 [4]
18 320 [3]
7 335 [0]
9 333 [0]
10 329 [3]
6 335 [1]
0 343 [0]
7 336 [0]
7 334 [2]
36 303 [4]
6 337 [0]
9 331 [3]
10 330 [3]
90 253 [0]
1 338 [4]
94 249 [0]
27 314 [2]
38 305 [0]
4 335 [4]
7 337 [0]
148 196 [0]
109 233 [2]
7 331 [6]
8 336 [0]
2 338 [4]
3 339 [2]
16 329 [0]
0 345 [0]
50 293 [2]
6 338 [1]
9 330 [6]
22 323 [0]
79 266 [0]
4 339 [2]
4 338 [4]
80 266 [0]
2 339 [5]
10 333 [3]
4 336 [6]
8 333 [6]
7 340 [0]
3 342 [2]
7 338 [2]
1 345 [1]
16 325 [6]
10 332 [5]
11 337 [0]
1 340 [7]
27 319 [2]
7 341 [0]
8 340 [0]
2 341 [5]
1 346 [1]
4 342 [2]
9 334 [5]
6 336 [6]
10 338 [0]
6 340 [2]
73 275 [0]
0 344 [4]
8 337 [3]
5 344 [0]
69 276 [4]
9 337 [3]
5 341 [3]
33 309 [7]
2 342 [5]
30 316 [3]
2 340 [7]
8 339 [3]
0 350 [0]
3 341 [6]
27 321 [2]
12 332 [6]
9 341 [0]
70 276 [4]
5 339 [6]
1 348 [1]
79 267 [5]
1 350 [0]
8 343 [0]
48 303 [0]
75 273 [3]
69 275 [7]
49 302 [0]
9 339 [3]
91 260 [0]
20 332 [0]
1 351 [0]
2 350 [0]
5 347 [0]
2 343 [7]
37 315 [0]
51 297 [4]
4 346 [2]
111 237 [4]
5 345 [2]
22 330 [0]
8 341 [3]
27 325 [0]
29 323 [0]
7 339 [6]
3 350 [0]
2 351 [0]
4 349 [0]
6 347 [0]
12 335 [6]
6 345 [2]
36 317 [0]
2 346 [5]
4 348 [1]
8 342 [3]
4 350 [0]
0 354 [0]
1 352 [1]
6 342 [6]
15 340 [0]
0 355 [0]
32 323 [0]
22 326 [7]
33 322 [0]
69 286 [0]
78 277 [0]
2 349 [4]
141 214 [0]
22 333 [0]
7 348 [0]
0 351 [4]
25 331 [0]
7 349 [0]
5 346 [5]
1 355 [0]
6 349 [1]
2 354 [0]
6 348 [2]
19 336 [1]
10 343 [3]
131 225 [0]
12 338 [6]
75 279 [2]
25 324 [7]
6 351 [0]
7 345 [5]
6 346 [5]
0 353 [4]
20 334 [3]
10 344 [3]
4 351 [2]
2 356 [0]
0 358 [0]
91 262 [5]
8 350 [0]
55 303 [0]
4 352 [2]
1 356 [1]
10 345 [3]
9 346 [3]
119 240 [0]
16 343 [0]
1 354 [4]
8 351 [0]
13 344 [2]
5 352 [2]
5 353 [1]
105 254 [0]
132 226 [1]
4 356 [0]
23 337 [0]
2 358 [0]
14 343 [3]
10 347 [3]
8 352 [0]
5 354 [1]
16 344 [0]
7 350 [3]
8 346 [6]
51 309 [0]
9 345 [6]
1 359 [1]
1 360 [0]
129 225 [7]
32 326 [3]
8 347 [6]
29 326 [6]
50 311 [0]
91 270 [0]
9 350 [3]
6 356 [0]
20 335 [7]
9 347 [6]
86 273 [3]
49 310 [3]
56 305 [2]
50 313 [0]
1 362 [0]
4 357 [2]
9 348 [6]
176 187 [0]
70 286 [7]
8 356 [0]
14 344 [6]
0 360 [4]
4 359 [1]
5 359 [0]
1 361 [2]
10 351 [3]
2 355 [7]
10 354 [0]
6 359 [0]
8 357 [0]
9 356 [0]
48 317 [0]
10 352 [3]
64 298 [3]
0 362 [4]
4 362 [0]
34 331 [1]
45 318 [3]
1 365 [0]
80 282 [4]
61 302 [3]
10 353 [3]
112 247 [7]
9 352 [6]
5 362 [0]
38 329 [0]
12 349 [6]
8 354 [5]
50 314 [3]
147 219 [1]
104 264 [0]
8 355 [5]
1 367 [0]
0 364 [4]
177 191 [0]
9 359 [0]
2 361 [5]
139 229 [0]
13 353 [2]
10 355 [3]
2 360 [7]
4 363 [2]
8 361 [0]
10 359 [0]
137 232 [0]
19 350 [0]
50 319 [0]
0 370 [0]
7 357 [6]
9 355 [6]
3 361 [6]
13 355 [2]
30 340 [0]
2 363 [5]
8 362 [0]
4 364 [2]
10 360 [0]
100 266 [4]
8 358 [5]
0 371 [0]
5 366 [0]
50 321 [0]
75 293 [3]
5 365 [1]
128 243 [0]
10 358 [3]
7 361 [3]
4 366 [2]
8 359 [5]
5 361 [6]
5 367 [0]
6 366 [0]
100 267 [5]
2 371 [0]
6 367 [0]
14 353 [6]
9 364 [0]
3 368 [2]
88 281 [4]
13 360 [0]
27 344 [2]
8 360 [5]
4 367 [2]
22 351 [0]
51 322 [0]
1 371 [1]
0 369 [4]
2 366 [5]
9 361 [3]
6 368 [0]
1 373 [0]
5 363 [6]
2 365 [7]
5 364 [5]
16 358 [0]
8 363 [3]
79 291 [4]
4 368 [2]
36 339 [0]
2 368 [5]
141 233 [1]
14 355 [6]
6 363 [6]
80 291 [4]
16 354 [6]
7 369 [0]
5 370 [1]
0 372 [4]
7 363 [6]
20 349 [7]
21 348 [7]
2 373 [1]
39 330 [7]
1 376 [0]
6 371 [0]
10 364 [3]
4 371 [2]
6 369 [2]
0 373 [4]
50 325 [2]
8 366 [3]
8 364 [6]
7 371 [0]
3 375 [0]
64 314 [0]
5 372 [1]
8 365 [5]
2 377 [0]
2 370 [7]
1 378 [0]
10 369 [0]
0 375 [4]
8 368 [3]
7 366 [6]
175 204 [0]
86 293 [0]
29 351 [0]
64 313 [3]
10 367 [3]
8 367 [5]
0 379 [1]
98 279 [3]
9 371 [0]
21 359 [0]
113 267 [0]
14 360 [6]
5 373 [2]
2 379 [0]
5 376 [0]
93 288 [0]
22 352 [7]
27 354 [0]
24 355 [2]
8 373 [0]
10 371 [0]
11 363 [7]
4 375 [2]
5 371 [5]
2 374 [5]
0 380 [1]
102 279 [0]
33 341 [7]
45 334 [3]
8 369 [5]
1 381 [0]
2 380 [0]
27 353 [2]
1 377 [4]
0 378 [4]
28 354 [0]
1 382 [0]
2 381 [0]
8 370 [5]
68 310 [5]
3 380 [0]
5 378 [0]
1 380 [2]
7 376 [0]
8 375 [0]
10 373 [0]
21 362 [0]
45 338 [0]
24 360 [0]
11 366 [7]
9 369 [6]
36 342 [7]
128 256 [1]
14 370 [1]
114 266 [5]
8 372 [5]
22 356 [7]
5 374 [6]
8 374 [3]
0 381 [4]
56 329 [0]
5 381 [0]
39 347 [0]
6 374 [6]
0 382 [4]
100 282 [4]
27 358 [1]
0 387 [0]
3 384 [0]
176 210 [1]
23 357 [7]
6 375 [6]
11 375 [1]
85 295 [7]
9 375 [3]
158 229 [0]
7 378 [2]
2 378 [7]
16 365 [6]
7 374 [6]
4 376 [7]
38 343 [6]
7 375 [6]
2 386 [0]
1 387 [0]
9 379 [0]
186 202 [0]
12 376 [0]
3 379 [6]
75 311 [2]
7 379 [3]
0 389 [0]
1 388 [0]
147 241 [1]
2 383 [4]
2 382 [5]
9 380 [0]
8 376 [5]
5 377 [7]
0 385 [4]
8 377 [5]
6 383 [1]
4 385 [1]
0 391 [0]
1 390 [0]
9 376 [6]
4 383 [4]
5 385 [1]
4 387 [0]
5 386 [0]
5 380 [6]
2 384 [5]
8 380 [3]
10 378 [3]
135 256 [0]
14 378 [0]
8 384 [0]
2 390 [0]
5 382 [5]
6 381 [5]
11 374 [7]
27 365 [0]
0 388 [4]
105 287 [0]
0 393 [0]
2 391 [0]
6 387 [0]
10 383 [0]
16 377 [0]
13 378 [2]
6 388 [0]
55 339 [0]
16 372 [6]
7 385 [2]
1 386 [7]
2 388 [5]
4 391 [0]
7 382 [6]
9 386 [0]
176 217 [2]
5 389 [1]
174 221 [0]
100 291 [4]
21 367 [7]
12 383 [0]
22 373 [0]
75 321 [0]
8 382 [6]
1 395 [0]
25 364 [7]
51 341 [4]
6 384 [6]
5 390 [1]
9 387 [0]
38 358 [0]
48 342 [7]
0 397 [0]
1 396 [0]
1 389 [7]
10 387 [0]
75 319 [3]
27 370 [0]
7 384 [6]
21 369 [7]
187 210 [0]
8 390 [0]
10 388 [0]
0 394 [4]
39 352 [7]
197 201 [0]
98 293 [7]
4 392 [2]
10 385 [3]
5 388 [5]
2 389 [7]
4 395 [0]
27 372 [0]
8 386 [5]
0 395 [4]
34 364 [1]
10 386 [3]
4 393 [2]
4 396 [0]
0 400 [0]
8 392 [0]
28 370 [2]
9 391 [0]
36 363 [1]
9 388 [3]
124 274 [3]
1 394 [7]
5 397 [0]
8 388 [6]
5 395 [2]
8 394 [0]
129 272 [1]
0 398 [4]
8 389 [5]
122 281 [0]
5 393 [5]
0 399 [4]
77 326 [0]
2 401 [0]
5 396 [2]
181 222 [0]
75 325 [3]
20 383 [0]
2 394 [7]
7 391 [6]
4 400 [0]
152 252 [0]
13 389 [2]
2 403 [0]
5 400 [0]
9 396 [0]
9 393 [3]
7 392 [6]
1 403 [1]
21 385 [0]
1 405 [0]
7 397 [2]
137 268 [1]
10 393 [3]
14 386 [6]
105 301 [0]
10 397 [0]
1 406 [0]
2 405 [0]
8 393 [6]
6 401 [0]
1 402 [4]
0 403 [4]
25 382 [0]
2 398 [7]
1 407 [0]
2 406 [0]
29 373 [6]
8 395 [5]
1 400 [7]
27 377 [4]
2 402 [4]
0 407 [2]
10 396 [3]
38 370 [1]
6 402 [1]
13 394 [2]
10 400 [0]
22 388 [0]
5 405 [0]
6 404 [0]
9 401 [0]
8 396 [6]
0 406 [4]
1 408 [1]
185 226 [0]
6 405 [0]
10 401 [0]
10 398 [3]
36 368 [7]
9 402 [0]
16 389 [6]
7 402 [2]
49 362 [0]
1 404 [7]
5 407 [0]
4 408 [0]
3 407 [2]
16 390 [6]
8 404 [0]
61 348 [3]
5 406 [1]
10 402 [0]
0 408 [4]
33 379 [0]
8 399 [5]
35 377 [0]
3 410 [0]
8 405 [0]
0 409 [4]
2 404 [7]
8 400 [5]
7 404 [2]
4 402 [7]
6 403 [5]
7 407 [0]
117 297 [0]
86 325 [3]
10 404 [0]
1 412 [1]
24 386 [4]
69 345 [0]
102 311 [1]
2 407 [5]
5 410 [0]
84 331 [0]
14 398 [3]
8 401 [6]
22 387 [6]
10 406 [0]
27 389 [0]
1 414 [1]
56 358 [2]
29 381 [6]
21 395 [0]
0 412 [4]
14 399 [3]
16 394 [6]
2 410 [5]
2 411 [4]
4 412 [1]
48 368 [1]
1 415 [1]
16 398 [3]
7 410 [0]
12 402 [3]
8 409 [0]
27 390 [0]
42 373 [3]
1 417 [0]
5 412 [1]
2 409 [7]
8 410 [0]
6 411 [1]
1 413 [4]
89 328 [1]
178 240 [0]
0 415 [4]
13 406 [0]
1 418 [0]
2 417 [0]
6 413 [0]
9 404 [6]
2 413 [4]
51 361 [7]
7 411 [2]
36 384 [0]
9 405 [6]
98 319 [3]
21 397 [3]
4 413 [4]
1 419 [1]
4 415 [2]
10 408 [3]
8 408 [5]
4 418 [0]
0 422 [0]
7 413 [2]
5 415 [2]
5 416 [1]
9 413 [0]
0 418 [4]
10 409 [3]
6 414 [2]
20 402 [0]
25 391 [6]
15 404 [4]
95 328 [0]
9 414 [0]
0 419 [4]
27 394 [2]
7 414 [2]
1 422 [1]
6 418 [0]
0 424 [0]
1 423 [0]
0 420 [4]
76 344 [4]
127 295 [2]
1 416 [7]
80 337 [7]
50 372 [2]
8 417 [0]
2 423 [0]
180 245 [0]
22 396 [7]
2 416 [7]
9 416 [0]
25 393 [7]
8 412 [5]
10 412 [3]
5 418 [2]
14 406 [6]
1 425 [0]
89 336 [1]
147 278 [1]
18 404 [4]
8 418 [0]
6 415 [5]
14 409 [3]
10 416 [0]
9 418 [0]
8 419 [0]
39 387 [1]
34 393 [0]
6 419 [2]
4 421 [2]
0 423 [4]
8 420 [0]
6 422 [0]
4 424 [0]
27 398 [3]
6 417 [5]
21 400 [7]
4 422 [2]
27 399 [2]
6 423 [0]
1 428 [0]
9 417 [3]
5 424 [0]
76 353 [0]
0 425 [4]
2 420 [7]
181 247 [1]
8 415 [6]
109 318 [2]
5 422 [2]
28 399 [2]
7 418 [5]
0 430 [0]
2 428 [0]
68 362 [0]
0 426 [4]
42 381 [7]
115 310 [5]
53 377 [0]
22 401 [7]
95 336 [0]
12 413 [6]
51 380 [0]
13 416 [2]
7 419 [5]
16 409 [6]
211 220 [0]
1 429 [1]
26 400 [6]
0 432 [0]
8 421 [3]
1 430 [1]
10 419 [3]
64 365 [3]
34 391 [7]
5 426 [1]
9 421 [3]
203 230 [0]
10 420 [3]
90 342 [1]
6 425 [2]
0 429 [4]
21 412 [0]
2 427 [4]
7 421 [6]
7 427 [0]
4 430 [0]
20 411 [3]
26 408 [0]
5 428 [1]
9 419 [6]
6 427 [1]
97 333 [4]
174 259 [1]
43 385 [6]
8 422 [5]
3 432 [0]
21 408 [6]
10 422 [3]
21 414 [0]
148 283 [4]
128 305 [2]
6 424 [5]
4 429 [2]
6 430 [0]
5 431 [0]
9 427 [0]
10 426 [0]
14 416 [6]
5 429 [2]
1 431 [4]
1 434 [1]
79 357 [0]
137 296 [3]
2 430 [5]
4 433 [0]
9 422 [6]
100 337 [0]
0 433 [4]
14 420 [3]
88 346 [3]
152 283 [2]
7 425 [5]
10 424 [3]
54 382 [2]
5 433 [0]
8 430 [0]
8 424 [6]
10 425 [3]
8 425 [5]
176 261 [1]
29 403 [6]
0 434 [4]
2 432 [5]
9 430 [0]
21 418 [0]
38 399 [2]
9 424 [6]
48 384 [7]
6 429 [5]
2 431 [7]
8 432 [0]
38 398 [4]
5 430 [5]
24 416 [0]
137 300 [3]
1 438 [1]
33 407 [0]
9 425 [6]
8 428 [5]
3 436 [2]
4 435 [2]
5 434 [2]
6 436 [0]
2 440 [0]
73 369 [0]
135 305 [2]
4 436 [2]
175 262 [5]
7 432 [3]
112 330 [0]
6 434 [2]
8 429 [5]
4 432 [6]
43 400 [0]
1 442 [0]
6 437 [0]
4 438 [1]
7 436 [0]
2 437 [4]
211 231 [1]
109 334 [0]
75 365 [3]
208 235 [0]
2 436 [5]
6 432 [6]
6 438 [0]
49 395 [0]
106 338 [0]
8 431 [5]
10 434 [0]
16 428 [0]
6 433 [5]
22 415 [7]
0 445 [0]
87 358 [0]
5 438 [2]
69 369 [7]
23 421 [1]
3 440 [2]
14 426 [6]
22 424 [0]
2 444 [0]
0 442 [4]
22 417 [7]
7 437 [2]
8 435 [3]
43 397 [6]
1 444 [1]
7 434 [5]
9 438 [0]
6 441 [0]
103 344 [0]
7 438 [2]
10 437 [0]
0 443 [4]
8 433 [6]
75 372 [0]
8 436 [3]
2 441 [4]
9 435 [3]
7 441 [0]
1 447 [0]
5 443 [0]
7 435 [6]
5 442 [1]
9 433 [6]
2 439 [7]
154 295 [0]
143 306 [0]
4 443 [2]
97 347 [5]
53 390 [6]
5 445 [0]
6 444 [0]
1 449 [0]
29 415 [6]
20 427 [3]
33 410 [7]
0 448 [2]
4 444 [2]
203 248 [0]
3 448 [0]
2 449 [0]
9 437 [5]
186 258 [7]
2 442 [7]
1 448 [2]
5 446 [0]
8 440 [3]
43 408 [0]
1 446 [4]
0 452 [0]
8 444 [0]
29 423 [0]
8 439 [5]
6 440 [6]
114 337 [2]
7 446 [0]
126 327 [0]
209 244 [0]
8 445 [0]
21 425 [7]
203 250 [0]
203 251 [0]
6 447 [1]
119 332 [3]
0 455 [0]
1 454 [0]
5 449 [1]
4 451 [0]
8 447 [0]
0 451 [4]
198 257 [0]
188 267 [0]
27 428 [0]
9 443 [3]
99 356 [0]
9 441 [5]
27 426 [2]
0 456 [0]
103 353 [0]
2 447 [7]
5 450 [1]
14 439 [3]
5 451 [0]
8 448 [0]
119 335 [2]
10 443 [3]
7 447 [2]
45 411 [0]
2 455 [0]
6 451 [0]
4 446 [7]
10 444 [3]
7 451 [0]
2 456 [0]
12 446 [0]
1 456 [1]
7 448 [3]
28 428 [2]
29 429 [0]
111 347 [0]
27 431 [0]
129 329 [0]
22 429 [7]
8 450 [0]
4 447 [7]
1 450 [7]
90 368 [1]
1 451 [7]
28 431 [0]
51 407 [1]
79 375 [5]
2 450 [7]
5 453 [1]
45 413 [1]
5 448 [6]
148 308 [4]
219 241 [0]
202 258 [0]
9 448 [3]
6 452 [2]
82 377 [1]
0 460 [0]
10 447 [3]
117 341 [2]
20 437 [3]
4 454 [2]
10 450 [0]
141 318 [1]
16 439 [6]
5 456 [0]
8 453 [0]
5 454 [2]
51 410 [0]
1 455 [5]
22 433 [6]
9 452 [0]
10 451 [0]
32 429 [0]
1 453 [7]
137 320 [4]
9 446 [6]
43 412 [6]
6 453 [2]
7 453 [2]
1 460 [1]
0 462 [0]
12 447 [3]
5 457 [0]
9 447 [6]
10 446 [6]
4 455 [3]
199 263 [0]
1 462 [0]
39 424 [0]
5 455 [3]
0 459 [4]
2 460 [1]
3 455 [6]
147 317 [0]
1 463 [0]
4 460 [0]
6 455 [3]
35 428 [1]
7 452 [5]
10 454 [0]
100 357 [7]
3 459 [2]
4 458 [2]
16 442 [6]
2 457 [5]
20 441 [3]
0 465 [0]
1 464 [0]
10 452 [3]
124 340 [1]
2 458 [5]
7 455 [3]
22 444 [0]
6 460 [0]
2 459 [5]
83 376 [7]
1 461 [4]
8 458 [0]
9 451 [6]
10 456 [0]
10 449 [7]
21 438 [7]
85 381 [0]
204 262 [0]
2 461 [4]
7 457 [3]
8 454 [5]
16 445 [6]
9 455 [3]
4 464 [0]
9 459 [0]
9 456 [3]
5 463 [0]
14 449 [5]
68 395 [5]
27 439 [2]
9 453 [6]
7 458 [3]
8 460 [0]
8 457 [3]
155 314 [0]
3 466 [0]
5 458 [6]
222 247 [0]
8 461 [0]
5 462 [2]
11 458 [0]
104 365 [0]
35 431 [3]
17 449 [3]
28 439 [2]
6 464 [0]
7 463 [0]
14 450 [6]
119 349 [2]
8 456 [6]
6 462 [2]
107 361 [2]
6 458 [6]
7 461 [2]
122 346 [3]
216 255 [0]
16 449 [6]
8 463 [0]
6 459 [6]
27 442 [2]
79 392 [0]
5 464 [2]
0 467 [4]
6 466 [0]
1 471 [0]
0 471 [1]
15 453 [4]
5 467 [0]
230 242 [0]
4 461 [7]
82 390 [0]
7 465 [0]
190 282 [0]
8 464 [0]
203 269 [0]
129 343 [0]
4 466 [2]
8 465 [0]
7 466 [0]
39 433 [1]
21 452 [0]
10 460 [3]
1 465 [7]
27 445 [2]
3 471 [0]
7 462 [5]
4 468 [2]
36 436 [2]
84 391 [0]
10 462 [3]
6 469 [0]
25 443 [7]
2 469 [4]
183 292 [0]
9 461 [5]
176 298 [1]
7 469 [0]
36 440 [0]
12 461 [3]
4 470 [2]
0 475 [1]
4 473 [0]
0 477 [0]
2 470 [5]
9 462 [6]
34 443 [0]
113 357 [7]
115 362 [0]
38 439 [0]
8 466 [3]
24 450 [4]
1 477 [0]
1 473 [4]
10 465 [3]
61 414 [3]
7 471 [0]
145 333 [0]
2 472 [4]
2 471 [5]
12 463 [3]
1 476 [1]
9 469 [0]
22 456 [0]
6 473 [0]
9 470 [0]
4 474 [1]
8 468 [3]
5 474 [0]
10 463 [6]
2 473 [4]
21 451 [7]
92 387 [0]
8 472 [0]
5 475 [0]
5 470 [5]
7 473 [0]
11 468 [1]
176 299 [5]
9 468 [3]
167 313 [0]
221 259 [0]
0 481 [0]
1 480 [0]
101 376 [4]
7 468 [6]
23 459 [0]
13 467 [2]
5 471 [6]
173 309 [0]
4 476 [2]
53 428 [1]
0 478 [4]
2 475 [5]
30 453 [0]
180 303 [0]
66 415 [2]
7 470 [6]
5 476 [2]
5 478 [0]
22 454 [7]
9 474 [0]
10 470 [3]
5 477 [1]
8 470 [6]
3 475 [6]
1 482 [1]
87 398 [0]
22 460 [3]
10 472 [3]
16 467 [2]
6 474 [5]
7 475 [3]
5 479 [1]
10 469 [6]
2 484 [0]
21 465 [0]
8 475 [3]
53 431 [2]
1 486 [0]
2 485 [0]
140 347 [0]
22 464 [1]
32 454 [1]
8 474 [5]
2 480 [5]
10 474 [3]
5 481 [1]
2 479 [7]
1 487 [0]
203 285 [0]
0 484 [4]
0 487 [1]
2 487 [0]
10 479 [0]
1 481 [7]
14 472 [3]
9 480 [0]
20 469 [0]
8 476 [5]
10 476 [3]
1 483 [5]
8 477 [5]
7 483 [0]
4 484 [2]
33 457 [0]
147 342 [1]
6 482 [2]
8 483 [0]
6 480 [5]
0 491 [0]
10 478 [3]
183 307 [1]
7 482 [2]
7 484 [0]
106 383 [2]
107 380 [4]
9 482 [0]
5 487 [0]
100 392 [0]
3 489 [0]
85 403 [4]
4 486 [2]
0 488 [4]
23 468 [1]
73 419 [0]
3 483 [6]
8 479 [5]
8 485 [0]
20 473 [0]
13 478 [2]
97 396 [0]
3 485 [6]
8 480 [6]
4 490 [0]
5 488 [1]
16 472 [6]
8 486 [0]
5 483 [6]
5 484 [5]
8 481 [5]
36 458 [1]
48 440 [7]
69 419 [7]
9 483 [3]
1 490 [4]
29 460 [6]
7 485 [3]
4 489 [2]
5 485 [6]
10 486 [0]
3 487 [6]
5 490 [1]
6 487 [3]
9 484 [3]
56 439 [1]
27 467 [2]
2 489 [5]
7 487 [3]
16 481 [0]
88 405 [4]
145 352 [0]
10 484 [3]
50 445 [2]
6 486 [5]
1 495 [1]
6 490 [1]
0 493 [4]
10 488 [0]
5 493 [0]
8 490 [0]
8 484 [6]
14 478 [6]
0 494 [4]
78 413 [7]
219 278 [1]
7 490 [2]
2 497 [0]
7 492 [0]
0 495 [4]
173 322 [4]
16 477 [6]
29 464 [6]
6 494 [0]
0 500 [0]
2 491 [7]
0 496 [4]
232 268 [0]
16 478 [6]
1 492 [7]
93 407 [0]
16 479 [6]
10 491 [0]
0 497 [4]
6 489 [6]
69 425 [7]
6 495 [0]
0 501 [1]
2 500 [0]
21 474 [7]
61 438 [3]
2 499 [1]
25 470 [7]
4 496 [2]
7 489 [6]
32 464 [6]
5 495 [2]
2 501 [0]
69 434 [0]
10 490 [3]
5 498 [0]
9 487 [7]
133 370 [0]
6 497 [0]
21 482 [0]
5 496 [2]
51 448 [4]
10 494 [0]
2 502 [0]
6 492 [6]
4 499 [1]
7 497 [0]
70 434 [0]
8 491 [5]
33 471 [0]
113 392 [0]
1 504 [0]
8 492 [5]
2 503 [0]
22 476 [7]
8 497 [0]
9 496 [0]
9 490 [6]
79 421 [5]
34 470 [1]
5 499 [1]
5 501 [0]
4 502 [0]
27 477 [2]
7 494 [5]
8 493 [5]
36 466 [4]
7 499 [0]
108 398 [0]
1 500 [5]
227 279 [0]
4 500 [3]
1 499 [7]
2 505 [0]
74 433 [0]
3 502 [2]
28 479 [0]
9 492 [6]
195 312 [0]
27 478 [2]
119 383 [5]
4 497 [6]
85 423 [0]
32 476 [0]
43 465 [0]
8 500 [0]
5 500 [3]
9 500 [0]
1 507 [1]
9 494 [6]
6 498 [5]
27 479 [3]
76 426 [7]
5 503 [1]
64 442 [3]
22 480 [7]
4 504 [1]
10 496 [3]
2 508 [0]
6 501 [3]
8 502 [0]
1 505 [4]
9 501 [0]
27 481 [2]
3 501 [6]
7 504 [0]
0 511 [0]
10 498 [3]
15 492 [4]
181 330 [0]
7 501 [3]
3 509 [0]
8 504 [0]
51 457 [4]
8 501 [3]
6 504 [2]
8 498 [6]
8 499 [5]
3 510 [0]
4 509 [0]
178 335 [0]
9 498 [6]
16 491 [6]
4 507 [2]
5 506 [2]
47 461 [6]
6 502 [6]
9 499 [6]
2 507 [5]
1 513 [0]
9 505 [0]
1 512 [1]
82 431 [1]
7 505 [2]
6 509 [0]
2 513 [0]
9 506 [0]
147 368 [0]
7 502 [6]
22 486 [7]
33 475 [7]
2 514 [0]
7 509 [0]
99 417 [0]
2 509 [5]
8 503 [5]
10 503 [3]
1 516 [0]
0 517 [0]
2 510 [5]
10 504 [3]
115 395 [7]
27 488 [2]
35 479 [3]
12 505 [0]
0 518 [0]
7 511 [0]
10 508 [0]
8 505 [5]
15 499 [4]
16 503 [0]
5 514 [0]
34 484 [1]
9 507 [3]
2 512 [5]
79 435 [5]
57 459 [3]
10 506 [3]
241 278 [0]
6 511 [2]
8 509 [3]
109 411 [0]
0 520 [0]
4 516 [0]
50 467 [3]
8 512 [0]
14 503 [3]
8 506 [6]
8 507 [6]
0 521 [0]
10 511 [0]
5 510 [6]
1 519 [1]
8 510 [3]
8 508 [5]
48 466 [7]
14 508 [0]
30 492 [0]
6 510 [6]
9 510 [3]
100 421 [1]
15 504 [3]
27 493 [2]
75 445 [3]
8 515 [0]
5 516 [2]
7 510 [6]
6 512 [5]
3 514 [6]
29 495 [0]
7 514 [3]
22 495 [7]
6 513 [5]
2 515 [7]
2 517 [5]
0 523 [1]
4 519 [1]
9 516 [0]
73 452 [0]
8 514 [3]
9 513 [3]
8 518 [0]
18 504 [4]
6 520 [0]
9 517 [0]
10 513 [3]
3 517 [6]
9 511 [6]
117 410 [0]
5 520 [2]
8 513 [6]
9 512 [6]
2 518 [7]
7 517 [3]
232 296 [0]
5 523 [0]
2 526 [0]
7 519 [2]
1 525 [2]
1 526 [1]
10 515 [3]
0 524 [4]
4 522 [2]
69 452 [7]
1 528 [0]
4 525 [0]
213 316 [0]
1 527 [1]
0 525 [4]
5 524 [0]
50 477 [2]
103 426 [0]
9 520 [0]
22 507 [0]
122 405 [2]
38 491 [0]
83 446 [0]
22 500 [7]
16 508 [6]
2 528 [0]
7 523 [0]
0 526 [4]
8 522 [0]
27 503 [0]
8 516 [6]
51 475 [4]
3 525 [2]
143 386 [1]
77 454 [0]
4 527 [0]
127 403 [1]
1 529 [1]
99 430 [2]
50 481 [0]
86 445 [0]
5 527 [0]
7 525 [0]
9 523 [0]
36 489 [7]
3 523 [6]
2 525 [5]
53 479 [0]
1 532 [0]
91 442 [0]
28 503 [2]
0 529 [4]
16 518 [0]
9 519 [6]
2 532 [0]
232 300 [2]
8 520 [6]
51 483 [0]
64 467 [3]
9 526 [0]
157 378 [0]
8 527 [0]
1 530 [4]
250 285 [0]
69 462 [4]
0 531 [4]
14 518 [3]
4 529 [2]
7 522 [6]
179 356 [0]
100 435 [1]
0 536 [0]
5 526 [5]
4 532 [0]
8 528 [0]
13 521 [2]
2 530 [4]
39 496 [1]
5 529 [2]
10 527 [0]
0 537 [0]
9 525 [3]
113 421 [3]
6 530 [1]
7 530 [0]
16 515 [6]
6 526 [5]
5 531 [1]
42 495 [0]
10 524 [3]
129 409 [0]
4 534 [0]
33 501 [4]
2 536 [0]
10 528 [0]
6 527 [5]
0 534 [4]
22 516 [0]
35 503 [0]
5 534 [0]
0 539 [0]
219 317 [3]
2 537 [0]
13 524 [2]
9 530 [0]
0 535 [4]
208 331 [0]
5 533 [1]
109 427 [3]
8 526 [6]
5 528 [7]
51 485 [4]
0 541 [0]
8 533 [0]
9 532 [0]
10 531 [0]
145 396 [0]
22 512 [7]
227 311 [3]
238 304 [0]
8 534 [0]
5 537 [0]
27 515 [0]
2 533 [7]
0 538 [4]
10 529 [3]
22 513 [7]
8 535 [0]
61 482 [0]
6 532 [5]
16 521 [6]
8 536 [0]
39 498 [7]
2 535 [7]
16 528 [0]
64 477 [3]
23 522 [0]
28 515 [2]
36 502 [7]
50 493 [2]
36 509 [0]
39 506 [0]
188 357 [0]
5 539 [1]
12 530 [3]
6 534 [5]
13 531 [2]
0 546 [0]
0 542 [4]
4 540 [2]
10 530 [6]
227 319 [0]
16 524 [6]
79 468 [0]
7 540 [0]
101 446 [0]
2 538 [7]
21 519 [7]
0 543 [4]
4 541 [2]
83 463 [2]
0 548 [0]
0 544 [4]
80 468 [0]
7 539 [2]
22 520 [6]
6 537 [5]
19 525 [4]
10 535 [3]
245 303 [0]
5 541 [2]
28 518 [2]
1 548 [0]
6 543 [0]
10 536 [3]
199 348 [2]
10 539 [0]
9 534 [6]
4 543 [2]
129 420 [1]
109 441 [0]
0 550 [0]
36 510 [4]
2 548 [0]
9 541 [0]
27 521 [2]
8 537 [5]
2 543 [5]
33 517 [0]
14 531 [6]
14 536 [1]
27 524 [0]
8 538 [5]
4 545 [2]
233 318 [0]
0 547 [4]
47 505 [0]
2 550 [0]
9 540 [3]
5 545 [2]
8 544 [0]
109 437 [6]
1 544 [7]
212 340 [0]
5 546 [1]
113 435 [4]
38 508 [6]
16 531 [6]
10 543 [0]
3 548 [2]
35 515 [3]
20 530 [3]
5 543 [5]
148 401 [4]
5 547 [1]
152 401 [0]
2 544 [7]
2 552 [0]
22 532 [0]
76 478 [0]
173 379 [2]
8 540 [6]
77 476 [1]
1 546 [7]
2 553 [0]
7 548 [0]
8 542 [5]
8 547 [0]
10 545 [0]
8 541 [6]
4 549 [2]
9 543 [3]
75 477 [3]
27 528 [0]
22 526 [7]
14 538 [3]
33 523 [0]
2 554 [0]
0 556 [0]
6 545 [5]
7 543 [6]
4 550 [2]
13 544 [0]
0 557 [0]
16 535 [6]
6 551 [0]
1 552 [4]
8 549 [0]
9 548 [0]
5 552 [1]
27 531 [0]
4 554 [0]
16 536 [6]
8 545 [5]
1 553 [4]
22 529 [7]
154 403 [1]
29 529 [0]
4 548 [6]
8 546 [5]
2 557 [0]
126 432 [1]
14 542 [3]
6 552 [1]
107 448 [4]
1 554 [4]
75 481 [3]
48 510 [1]
16 544 [0]
0 560 [0]
1 555 [4]
1 559 [0]
10 550 [0]
5 550 [5]
4 553 [4]
32 529 [0]
7 552 [2]
2 555 [4]
143 416 [2]
39 520 [2]
256 305 [0]
6 550 [5]
0 562 [0]
39 516 [7]
8 551 [3]
5 557 [0]
7 553 [2]
7 555 [0]
16 546 [0]
27 533 [2]
7 549 [6]
8 554 [0]
9 553 [0]
6 555 [1]
69 494 [0]
0 563 [0]
4 558 [1]
38 518 [7]
11 551 [1]
157 406 [0]
9 551 [3]
4 552 [7]
8 555 [0]
9 555 [0]
178 383 [3]
268 296 [0]
35 528 [1]
8 556 [0]
7 551 [6]
23 540 [1]
8 550 [6]
1 562 [1]
1 564 [0]
0 565 [0]
27 536 [2]
6 559 [0]
22 537 [6]
2 562 [1]
0 561 [4]
8 552 [5]
8 557 [0]
3 560 [2]
27 538 [0]
2 559 [4]
1 563 [1]
29 537 [0]
8 558 [0]
28 538 [0]
6 558 [2]
27 535 [4]
1 558 [7]
1 561 [4]
233 334 [0]
7 560 [0]
8 559 [0]
2 560 [5]
12 555 [0]
60 500 [7]
7 558 [2]
5 561 [1]
12 552 [3]
268 300 [0]
5 563 [0]
73 494 [1]
6 562 [0]
7 559 [2]
9 559 [0]
76 488 [4]
9 554 [5]
6 557 [5]
27 542 [0]
16 547 [6]
51 514 [4]
10 556 [3]
4 563 [2]
12 554 [3]
101 463 [5]
28 542 [0]
4 559 [7]
2 561 [7]
53 515 [2]
0 567 [4]
5 564 [2]
12 553 [6]
93 471 [7]
176 394 [1]
8 564 [0]
6 560 [6]
5 566 [1]
9 560 [3]
0 568 [4]
51 517 [4]
83 490 [0]
23 549 [1]
21 545 [7]
14 556 [3]
8 566 [0]
117 457 [0]
12 559 [3]
4 570 [0]
8 561 [5]
39 534 [1]
4 569 [1]
6 563 [5]
51 523 [0]
56 518 [0]
50 521 [3]
141 427 [6]
192 382 [0]
184 391 [0]
0 575 [0]
27 546 [2]
2 566 [7]
1 573 [1]
240 335 [0]
9 561 [5]
38 536 [1]
14 561 [0]
9 563 [3]
1 575 [0]
2 574 [0]
7 569 [0]
38 538 [0]
27 547 [2]
2 570 [4]
5 569 [2]
2 568 [7]
9 568 [0]
154 423 [0]
6 569 [2]
15 558 [4]
8 563 [6]
0 573 [4]
10 564 [3]
6 570 [1]
5 573 [0]
10 568 [0]
0 574 [4]
20 553 [5]
10 565 [3]
8 565 [5]
17 561 [1]
2 577 [0]
9 564 [6]
16 561 [2]
18 558 [3]
5 574 [0]
1 577 [1]
38 535 [6]
6 573 [0]
2 578 [0]
39 541 [0]
5 575 [0]
8 572 [0]
106 473 [1]
8 567 [5]
38 542 [0]
124 453 [3]
3 578 [0]
0 581 [0]
10 571 [0]
13 568 [0]
53 528 [0]
99 480 [2]
188 392 [1]
12 570 [0]
10 572 [0]
6 576 [0]
8 574 [0]
5 576 [1]
141 441 [0]
42 537 [3]
1 574 [7]
85 495 [2]
31 552 [0]
2 581 [0]
4 577 [2]
0 579 [4]
5 578 [0]
61 519 [3]
23 560 [0]
1 583 [0]
3 581 [0]
147 436 [1]
5 579 [0]
9 569 [6]
4 578 [2]
1 582 [1]
8 571 [5]
109 469 [6]
16 568 [0]
10 570 [5]
73 511 [1]
7 576 [2]
141 437 [7]
4 579 [2]
113 468 [4]
14 571 [0]
22 557 [6]
10 576 [0]
0 582 [4]
4 580 [2]
60 526 [0]
10 573 [3]
8 573 [5]
9 578 [0]
13 574 [0]
4 576 [7]
69 511 [7]
0 586 [1]
5 580 [2]
1 579 [7]
0 588 [0]
14 568 [6]
9 573 [6]
43 539 [6]
0 584 [4]
7 581 [0]
287 301 [0]
64 521 [3]
92 496 [0]
6 577 [5]
7 582 [0]
2 587 [0]
216 366 [7]
5 583 [1]
9 574 [6]
5 582 [2]
3 586 [0]
10 579 [0]
8 576 [5]
14 575 [0]
1 587 [1]
8 578 [3]
0 585 [4]
16 567 [6]
216 374 [0]
6 579 [5]
186 399 [5]
5 584 [1]
6 578 [6]
203 385 [2]
240 349 [1]
9 576 [6]
8 577 [6]
0 591 [0]
4 587 [0]
103 488 [0]
5 586 [0]
9 582 [0]
16 575 [0]
12 576 [3]
107 483 [1]
8 579 [5]
10 575 [7]
9 577 [6]
22 563 [7]
5 581 [6]
56 536 [1]
2 591 [0]
90 502 [1]
16 571 [6]
2 584 [7]
2 586 [5]
10 580 [3]
27 566 [0]
9 581 [3]
14 574 [6]
8 586 [0]
119 473 [2]
98 493 [3]
273 321 [0]
27 567 [0]
1 591 [2]
74 520 [0]
148 444 [2]
117 475 [2]
44 550 [0]
8 582 [5]
8 587 [0]
3 592 [0]
2 593 [0]
10 582 [3]
143 450 [2]
9 580 [6]
28 565 [2]
17 575 [3]
56 538 [1]
8 583 [5]
5 591 [0]
1 595 [0]
5 590 [1]
102 493 [1]
7 586 [3]
38 556 [2]
97 498 [1]
9 587 [0]
296 300 [0]
0 597 [0]
21 569 [7]
8 584 [5]
20 570 [7]
5 593 [0]
12 583 [3]
2 589 [7]
45 553 [0]
11 586 [1]
56 542 [0]
8 585 [5]
1 590 [7]
10 585 [3]
0 594 [4]
1 596 [1]
6 586 [6]
6 587 [5]
4 592 [2]
5 594 [0]
7 592 [0]
90 509 [0]
292 307 [0]
179 417 [3]
2 592 [5]
10 583 [6]
4 593 [2]
4 596 [0]
0 600 [0]
1 599 [0]
5 595 [0]
203 397 [0]
3 591 [6]
79 522 [0]
47 554 [0]
272 329 [0]
10 588 [3]
8 588 [5]
7 591 [3]
21 573 [7]
50 547 [4]
0 598 [4]
42 557 [3]
14 585 [3]
8 589 [5]
129 472 [1]
24 574 [4]
28 572 [2]
14 588 [0]
47 555 [0]
14 589 [0]
38 565 [0]
2 601 [0]
10 590 [3]
8 595 [0]
202 399 [2]
8 592 [3]
8 590 [5]
7 593 [3]
280 323 [0]
117 485 [2]
8 593 [3]
6 596 [2]
2 597 [5]
88 512 [4]
2 595 [7]
7 596 [2]
4 601 [0]
5 600 [0]
9 596 [0]
16 589 [0]
11 593 [1]
4 599 [2]
9 593 [3]
77 529 [0]
8 598 [0]
238 364 [4]
3 597 [6]
227 372 [7]
0 602 [4]
219 384 [3]
99 507 [0]
5 599 [2]
2 605 [0]
8 594 [5]
76 524 [7]
21 579 [7]
112 496 [0]
1 607 [0]
6 602 [0]
7 601 [0]
5 597 [6]
75 533 [0]
97 506 [5]
4 602 [2]
40 568 [0]
22 580 [6]
22 587 [0]
8 601 [0]
5 602 [2]
5 603 [1]
9 597 [3]
6 604 [0]
8 602 [0]
14 590 [6]
13 595 [2]
16 588 [6]
39 564 [7]
64 544 [3]
27 584 [0]
2 609 [0]
3 608 [0]
2 604 [5]
263 348 [0]
5 601 [5]
8 603 [0]
9 602 [0]
74 534 [3]
206 405 [0]
1 603 [7]
3 609 [0]
10 599 [3]
91 521 [0]
6 605 [1]
38 572 [2]
47 559 [6]
13 600 [0]
10 600 [3]
4 605 [4]
10 603 [0]
5 607 [1]
8 599 [6]
147 466 [0]
188 421 [4]
2 612 [0]
56 556 [2]
0 610 [4]
16 598 [0]
1 612 [1]
7 605 [2]
33 581 [0]
9 599 [6]
1 606 [7]
36 578 [0]
10 601 [3]
8 604 [3]
272 343 [0]
9 606 [0]
199 414 [2]
10 602 [3]
5 604 [6]
2 606 [7]
0 611 [4]
38 571 [6]
230 385 [0]
14 598 [3]
2 608 [5]
8 608 [0]
2 607 [7]
10 606 [0]
5 608 [3]
16 594 [6]
24 590 [2]
9 605 [2]
0 612 [4]
141 469 [7]
14 603 [0]
5 610 [2]
27 588 [2]
0 613 [4]
50 567 [0]
97 516 [4]
16 595 [6]
7 604 [6]
2 615 [1]
0 614 [4]
27 589 [2]
111 506 [1]
3 613 [2]
7 608 [3]
255 363 [0]
74 541 [3]
8 606 [5]
8 611 [0]
4 615 [0]
7 609 [3]
28 589 [2]
124 492 [3]
7 612 [0]
9 610 [0]
39 580 [0]
5 615 [0]
1 619 [0]
2 613 [5]
0 620 [0]
5 614 [1]
4 616 [0]
88 532 [0]
13 606 [2]
1 620 [0]
22 599 [0]
129 491 [1]
9 609 [3]
276 345 [0]
1 616 [4]
6 610 [5]
6 616 [0]
203 412 [7]
5 612 [5]
7 615 [0]
11 604 [7]
27 595 [0]
87 535 [0]
16 600 [6]
1 622 [0]
16 607 [0]
56 565 [2]
10 610 [3]
3 618 [2]
126 497 [0]
12 605 [6]
4 613 [6]
1 623 [0]
8 610 [6]
5 617 [2]
10 611 [3]
21 596 [7]
79 540 [5]
8 613 [3]
267 357 [0]
75 546 [3]
9 615 [0]
75 547 [3]
164 461 [0]
7 616 [2]
6 613 [6]
255 366 [4]
244 381 [0]
159 466 [0]
5 619 [1]
38 585 [2]
11 613 [1]
8 612 [6]
28 598 [0]
6 620 [0]
7 619 [0]
14 606 [6]
8 618 [0]
1 621 [4]
14 611 [1]
10 616 [0]
4 620 [2]
1 624 [1]
10 617 [0]
103 524 [0]
38 588 [1]
48 578 [1]
24 603 [0]
5 621 [1]
8 614 [5]
5 620 [2]
27 598 [2]
188 435 [4]
1 627 [0]
2 626 [0]
6 617 [5]
38 589 [1]
2 619 [7]
10 615 [3]
97 527 [4]
8 615 [5]
12 616 [0]
27 600 [1]
36 592 [0]
5 622 [1]
8 621 [0]
100 522 [7]
5 623 [1]
56 572 [1]
0 625 [4]
230 397 [3]
4 624 [2]
36 593 [1]
6 624 [0]
9 618 [3]
8 622 [0]
20 605 [5]
61 569 [0]
2 621 [7]
309 322 [0]
78 553 [0]
9 616 [6]
186 439 [6]
5 625 [1]
2 622 [7]
33 591 [7]
1 629 [1]
22 602 [7]
117 514 [0]
2 624 [5]
7 618 [6]
0 627 [4]
1 631 [0]
0 628 [4]
238 393 [1]
5 627 [0]
24 606 [2]
10 619 [3]
51 581 [0]
8 619 [5]
86 546 [0]
2 623 [7]
2 629 [1]
9 617 [6]
5 628 [0]
174 459 [0]
0 629 [4]
10 620 [3]
8 620 [5]
255 374 [4]
6 626 [1]
56 571 [6]
25 601 [7]
1 632 [1]
15 619 [0]
167 467 [0]
2 632 [0]
148 486 [0]
98 533 [3]
4 628 [2]
9 619 [6]
15 615 [4]
6 629 [0]
7 628 [0]
8 627 [0]
10 625 [0]
7 626 [2]
2 628 [5]
10 626 [0]
1 635 [0]
16 614 [6]
4 632 [0]
113 522 [1]
5 630 [1]
27 607 [2]
8 623 [5]
5 629 [2]
0 632 [4]
147 489 [0]
2 627 [7]
25 612 [0]
8 629 [0]
33 597 [7]
16 621 [0]
38 598 [1]
122 512 [3]
0 633 [4]
129 508 [0]
7 631 [0]
1 637 [0]
2 636 [0]
165 473 [0]
1 636 [1]
13 625 [0]
80 551 [7]
27 611 [0]
111 527 [0]
5 631 [2]
6 631 [2]
1 638 [0]
4 635 [0]
185 452 [2]
140 498 [1]
22 610 [7]
9 624 [6]
8 632 [0]
2 638 [0]
0 636 [4]
9 626 [5]
9 631 [0]
10 630 [0]
4 634 [2]
196 444 [0]
6 628 [6]
100 540 [0]
9 628 [3]
2 639 [0]
4 637 [0]
5 636 [0]
5 635 [1]
1 639 [1]
10 631 [0]
27 614 [0]
10 628 [3]
56 585 [0]
48 592 [1]
0 637 [4]
75 566 [0]
137 504 [0]
117 523 [1]
85 557 [0]
0 642 [0]
1 641 [0]
2 640 [0]
6 636 [0]
33 609 [0]
10 632 [0]
5 632 [5]
2 641 [0]
9 634 [0]
0 644 [0]
6 638 [0]
7 635 [2]
50 594 [0]
75 567 [2]
56 588 [1]
4 641 [0]
8 634 [3]
1 644 [0]
2 643 [0]
7 638 [0]
16 623 [6]
49 596 [0]
13 630 [2]
56 589 [0]
94 550 [1]
140 506 [0]
8 633 [5]
4 638 [4]
6 634 [6]
10 633 [3]
2 645 [0]
8 639 [0]
14 633 [0]
16 625 [6]
3 642 [2]
9 636 [3]
0 648 [0]
8 635 [5]
5 643 [0]
10 635 [3]
6 641 [1]
1 643 [4]
27 621 [0]
1 646 [1]
50 595 [3]
198 449 [1]
1 647 [1]
7 642 [0]
39 610 [0]
2 642 [5]
22 620 [7]
100 549 [0]
16 627 [6]
147 502 [0]
9 641 [0]
1 649 [0]
2 648 [0]
233 411 [6]
12 638 [0]
6 639 [5]
27 623 [0]
9 635 [6]
8 636 [6]
38 611 [1]
8 637 [5]
12 635 [3]
10 637 [3]
8 643 [0]
22 629 [0]
0 647 [4]
27 622 [2]
7 645 [0]
8 644 [0]
70 582 [0]
318 334 [0]
16 630 [6]
51 597 [4]
113 540 [0]
12 641 [0]
28 623 [2]
8 640 [5]
45 605 [3]
2 651 [0]
294 359 [0]
10 640 [3]
4 649 [0]
8 642 [3]
22 624 [7]
2 646 [5]
122 532 [0]
5 647 [2]
36 618 [0]
8 641 [5]
6 642 [6]
1 652 [1]
85 562 [7]
4 651 [0]
2 653 [0]
5 648 [2]
6 649 [0]
9 646 [0]
5 649 [1]
6 647 [2]
56 598 [1]
6 644 [5]
100 551 [4]
3 653 [0]
5 651 [0]
1 653 [2]
8 648 [0]
9 647 [0]
3 651 [2]
16 640 [0]
1 656 [0]
0 657 [0]
10 644 [3]
6 646 [5]
2 655 [0]
8 649 [0]
14 640 [3]
258 399 [0]
27 630 [0]
69 582 [7]
2 656 [0]
4 652 [2]
8 650 [0]
0 654 [4]
7 649 [2]
87 571 [0]
83 576 [0]
9 650 [0]
1 657 [1]
6 648 [5]
10 646 [3]
9 645 [5]
51 608 [0]
64 595 [0]
7 647 [5]
219 436 [4]
219 440 [0]
75 584 [0]
2 658 [0]
1 659 [0]
7 653 [0]
11 642 [7]
8 646 [6]
5 654 [1]
267 392 [1]
0 656 [4]
4 657 [0]
5 656 [0]
2 659 [0]
11 650 [0]
41 620 [0]
97 564 [0]
145 516 [0]
99 563 [0]
2 660 [0]
0 662 [0]
1 654 [7]
5 657 [0]
113 549 [0]
8 651 [3]
179 480 [3]
27 633 [2]
10 647 [6]
3 660 [0]
39 617 [7]
0 663 [0]
2 661 [0]
6 652 [5]
9 651 [3]
6 651 [6]
233 427 [4]
1 663 [0]
4 658 [2]
8 656 [0]
12 649 [3]
2 657 [5]
98 566 [0]
9 649 [6]
294 367 [3]
5 653 [6]
29 629 [6]
23 634 [7]
8 653 [3]
0 660 [4]
5 659 [1]
0 665 [0]
10 652 [3]
1 664 [0]
20 645 [0]
20 638 [7]
88 577 [0]
83 583 [0]
6 660 [0]
8 658 [0]
50 614 [2]
22 637 [7]
2 665 [0]
13 654 [0]
3 662 [2]
8 654 [5]
8 655 [5]
0 668 [0]
10 655 [3]
56 611 [1]
6 657 [5]
9 656 [3]
22 639 [7]
6 662 [0]
7 661 [0]
8 660 [0]
6 663 [0]
8 661 [0]
114 551 [4]
2 662 [5]
7 656 [6]
32 637 [0]
152 513 [4]
164 505 [0]
22 648 [0]
27 643 [0]
0 666 [4]
86 584 [0]
1 668 [1]
102 567 [1]
6 658 [6]
2 664 [4]
5 663 [2]
4 660 [6]
0 667 [4]
42 629 [0]
8 657 [6]
5 661 [5]
0 671 [0]
7 658 [6]
7 664 [0]
9 662 [0]
139 533 [0]
50 622 [0]
29 637 [6]
5 665 [2]
5 666 [1]
75 594 [3]
14 655 [3]
1 667 [4]
11 660 [1]
16 654 [2]
4 664 [4]
2 671 [0]
5 667 [1]
22 644 [7]
203 465 [5]
48 618 [7]
10 661 [3]
23 650 [1]
1 672 [1]
6 668 [0]
64 607 [3]
53 621 [0]
9 664 [1]
7 668 [0]
5 668 [2]
7 662 [6]
1 673 [1]
22 646 [7]
6 670 [0]
8 668 [0]
10 659 [7]
0 676 [0]
6 665 [5]
2 667 [7]
44 632 [0]
5 671 [0]
4 670 [2]
55 618 [3]
0 672 [4]
1 671 [4]
16 655 [6]
4 673 [0]
1 675 [1]
2 670 [5]
233 437 [7]
29 648 [0]
0 678 [0]
38 640 [0]
215 463 [0]
8 665 [5]
1 676 [1]
4 672 [2]
53 623 [2]
4 675 [0]
1 678 [0]
10 666 [3]
88 587 [4]
2 672 [5]
111 564 [4]
13 666 [0]
22 657 [0]
5 673 [1]
221 459 [0]
50 627 [3]
8 669 [3]
8 667 [5]
263 414 [3]
238 443 [0]
7 674 [0]
199 482 [0]
16 659 [6]
2 674 [5]
10 668 [3]
22 652 [7]
185 494 [2]
106 570 [5]
10 671 [0]
272 409 [0]
11 669 [1]
8 670 [3]
25 656 [0]
12 664 [6]
3 677 [2]
16 666 [0]
5 674 [3]
90 592 [0]
7 669 [6]
4 676 [2]
5 675 [2]
7 673 [2]
5 672 [5]
98 584 [1]
6 677 [0]
5 678 [0]
7 670 [6]
9 668 [6]
3 674 [6]
5 676 [2]
0 679 [4]
76 600 [7]
4 680 [0]
283 401 [0]
28 655 [1]
0 680 [4]
335 349 [0]
9 672 [3]
128 556 [0]
183 499 [2]
5 680 [0]
2 683 [0]
8 677 [0]
27 655 [3]
20 664 [1]
8 674 [3]
196 486 [3]
101 583 [1]
17 667 [1]
16 667 [2]
0 681 [4]
25 661 [0]
33 653 [0]
64 622 [0]
14 667 [5]
8 673 [5]
10 673 [3]
7 680 [0]
8 679 [0]
16 671 [0]
299 389 [0]
36 651 [1]
1 680 [7]
4 684 [0]
5 683 [0]
8 675 [5]
9 673 [6]
1 688 [0]
6 678 [5]
8 676 [5]
27 659 [3]
6 684 [0]
42 648 [0]
56 633 [1]
309 379 [2]
179 507 [4]
9 675 [6]
7 677 [6]
35 655 [0]
5 685 [1]
14 671 [6]
1 690 [0]
8 678 [5]
1 689 [1]
319 372 [0]
135 556 [0]
0 690 [1]
158 533 [0]
10 678 [3]
112 580 [0]
10 679 [3]
22 663 [7]
29 657 [6]
23 662 [7]
1 687 [4]
8 680 [5]
3 690 [0]
10 680 [3]
2 687 [4]
272 420 [1]
8 682 [3]
0 689 [4]
9 684 [0]
23 669 [1]
5 686 [2]
10 683 [0]
7 684 [2]
128 565 [0]
299 394 [1]
3 691 [0]
2 685 [7]
11 682 [1]
47 641 [6]
36 658 [0]
5 688 [1]
6 682 [6]
21 673 [0]
22 672 [0]
64 627 [3]
10 681 [3]
2 693 [0]
4 689 [2]
35 659 [1]
53 643 [0]
1 695 [0]
8 688 [0]
7 687 [2]
13 681 [2]
2 689 [5]
0 694 [2]
8 684 [5]
2 695 [0]
344 353 [0]
8 689 [0]
4 690 [3]
1 694 [2]
9 689 [0]
1 697 [0]
0 697 [1]
7 691 [0]
5 690 [3]
185 511 [2]
4 692 [2]
137 558 [3]
2 690 [6]
1 693 [4]
29 663 [6]
56 640 [2]
91 607 [0]
295 403 [0]
10 686 [3]
12 687 [0]
5 694 [0]
122 577 [0]
135 565 [0]
69 631 [0]
7 690 [3]
83 616 [1]
10 684 [6]
27 671 [2]
22 678 [0]
0 696 [4]
75 622 [3]
128 572 [0]
175 521 [4]
2 694 [5]
14 681 [6]
322 379 [0]
9 686 [6]
317 384 [0]
9 687 [5]
8 690 [3]
28 671 [2]
129 571 [1]
0 702 [0]
9 690 [3]
131 571 [0]
7 689 [6]
8 691 [3]
260 442 [0]
8 692 [3]
82 621 [0]
3 694 [6]
16 681 [6]
0 699 [4]
3 698 [2]
6 695 [2]
10 687 [6]
12 688 [3]
6 691 [6]
10 688 [6]
2 697 [5]
1 699 [4]
0 700 [4]
7 695 [2]
6 692 [6]
209 495 [0]
9 692 [3]
4 698 [2]
186 518 [0]
23 682 [0]
1 704 [0]
2 703 [0]
8 694 [3]
2 698 [5]
7 692 [6]
5 700 [0]
16 683 [6]
26 673 [6]
75 627 [3]
22 676 [7]
2 699 [4]
5 699 [1]
151 555 [0]
151 554 [1]
8 693 [5]
9 694 [3]
257 449 [0]
105 601 [0]
1 701 [4]
50 654 [3]
29 678 [0]
33 674 [0]
7 697 [3]
140 564 [3]
48 658 [1]
4 697 [6]
2 701 [4]
2 704 [1]
135 572 [0]
32 676 [0]
22 686 [0]
0 704 [4]
8 695 [5]
8 697 [3]
103 600 [5]
76 625 [7]
8 698 [3]
0 709 [0]
10 699 [0]
10 696 [3]
28 679 [2]
233 469 [7]
8 696 [5]
9 697 [3]
1 709 [0]
6 704 [0]
2 708 [0]
4 705 [1]
42 665 [3]
27 681 [2]
20 687 [3]
27 683 [0]
276 434 [0]
142 568 [0]
7 701 [2]
6 698 [6]
66 644 [0]
15 695 [0]
36 670 [4]
3 708 [0]
2 702 [7]
7 698 [6]
1 708 [2]
2 706 [4]
4 708 [0]
8 699 [5]
0 708 [4]
219 489 [4]
4 701 [7]
53 659 [0]
45 664 [3]
10 703 [0]
0 713 [0]
10 700 [3]
255 458 [0]
76 630 [7]
4 707 [2]
248 465 [0]
14 696 [3]
7 706 [0]
2 707 [5]
1 713 [0]
8 701 [5]
14 699 [1]
80 634 [0]
7 705 [2]
27 685 [2]
97 617 [1]
6 709 [0]
9 701 [5]
8 702 [5]
355 360 [0]
16 693 [6]
13 700 [2]
10 702 [3]
0 712 [4]
1 715 [0]
6 710 [0]
88 624 [4]
7 709 [0]
10 706 [0]
294 422 [0]
19 697 [0]
7 703 [6]
2 710 [4]
12 701 [3]
3 711 [2]
154 562 [0]
0 714 [2]
6 711 [0]
38 679 [0]
8 703 [6]
79 634 [4]
41 676 [0]
4 711 [2]
8 705 [5]
0 718 [0]
77 637 [4]
35 683 [0]
48 670 [0]
7 708 [3]
5 707 [6]
295 423 [0]
199 519 [0]
12 706 [0]
16 702 [0]
1 717 [1]
164 554 [1]
6 707 [6]
223 496 [0]
17 699 [3]
126 586 [7]
98 614 [7]
14 702 [3]
36 677 [7]
69 647 [4]
128 585 [7]
14 700 [6]
8 712 [0]
27 693 [0]
9 708 [3]
176 544 [0]
2 713 [5]
7 707 [6]
9 706 [5]
9 705 [6]
226 494 [0]
227 493 [1]
2 719 [0]
6 715 [0]
8 713 [0]
2 714 [5]
0 717 [4]
2 712 [7]
64 654 [3]
5 715 [1]
25 689 [7]
5 717 [0]
10 712 [0]
8 711 [3]
83 635 [4]
8 709 [5]
5 716 [1]
102 614 [7]
18 705 [0]
5 713 [5]
3 714 [6]
8 715 [0]
43 680 [0]
2 720 [1]
8 716 [0]
0 724 [0]
7 717 [0]
7 711 [6]
158 566 [0]
2 715 [7]
0 720 [4]
7 714 [3]
9 709 [6]
7 715 [2]
1 722 [1]
39 686 [0]
6 717 [2]
82 643 [0]
204 521 [0]
6 719 [0]
5 714 [6]
2 716 [7]
10 710 [5]
2 718 [5]
11 707 [7]
359 367 [0]
6 720 [0]
9 717 [0]
30 695 [1]
4 721 [1]
117 608 [2]
9 718 [0]
1 726 [0]
27 700 [0]
49 675 [3]
3 718 [6]
4 719 [4]
94 632 [1]
0 723 [4]
4 722 [1]
5 720 [2]
0 728 [0]
16 712 [0]
25 703 [0]
12 710 [6]
35 693 [0]
7 719 [2]
10 715 [3]
8 721 [0]
1 728 [0]
14 712 [3]
1 721 [7]
79 650 [0]
111 617 [1]
5 718 [6]
6 721 [2]
87 640 [2]
51 674 [4]
1 727 [2]
20 710 [0]
7 721 [2]
13 715 [2]
104 622 [4]
8 717 [5]
9 715 [6]
6 722 [2]
6 725 [0]
8 723 [0]
7 722 [2]
1 729 [1]
4 725 [2]
16 716 [0]
0 732 [0]
2 730 [0]
5 727 [0]
7 725 [0]
5 726 [1]
8 724 [0]
2 725 [5]
318 411 [3]
48 677 [7]
2 724 [7]
1 732 [0]
20 706 [7]
22 704 [7]
103 625 [5]
8 720 [5]
8 725 [0]
10 723 [0]
103 630 [0]
0 729 [4]
7 727 [0]
5 729 [0]
100 634 [0]
36 691 [7]
6 728 [0]
186 542 [6]
4 728 [2]
2 733 [0]
1 734 [0]
1 733 [1]
4 731 [0]
4 729 [2]
5 728 [2]
143 590 [2]
99 636 [0]
9 721 [6]
0 736 [0]
2 734 [0]
9 727 [0]
15 721 [0]
53 683 [0]
83 649 [4]
56 679 [1]
60 672 [4]
38 696 [2]
121 616 [0]
80 650 [7]
12 719 [6]
9 728 [0]
0 733 [4]
21 709 [7]
10 724 [3]
10 728 [0]
8 727 [3]
36 698 [4]
25 713 [0]
99 639 [0]
188 549 [1]
0 734 [4]
5 732 [1]
1 736 [1]
29 704 [6]
0 739 [0]
8 731 [0]
8 726 [5]
4 733 [2]
126 613 [0]
10 729 [0]
20 719 [0]
302 438 [0]
1 739 [0]
4 736 [0]
6 729 [5]
10 730 [0]
366 374 [0]
1 738 [1]
2 739 [0]
4 735 [2]
109 626 [6]
14 724 [3]
76 666 [0]
1 741 [0]
4 738 [0]
7 735 [0]
276 462 [4]
9 733 [0]
38 702 [2]
8 728 [6]
203 539 [0]
36 707 [0]
0 743 [0]
2 736 [5]
8 735 [0]
147 592 [4]
18 721 [4]
27 716 [0]
9 731 [3]
6 731 [6]
7 730 [6]
8 729 [6]
11 725 [7]
4 740 [0]
8 736 [0]
272 472 [0]
7 731 [6]
8 730 [6]
5 738 [2]
0 745 [0]
263 482 [0]
6 734 [5]
70 668 [7]
5 739 [1]
8 732 [5]
1 740 [4]
10 732 [3]
334 411 [0]
318 427 [1]
5 741 [0]
2 737 [7]
16 724 [6]
4 741 [1]
0 742 [4]
48 691 [7]
42 704 [0]
13 732 [2]
5 742 [0]
11 735 [1]
48 698 [1]
33 714 [0]
9 735 [3]
93 653 [1]
6 740 [1]
85 663 [0]
178 570 [0]
9 736 [3]
7 739 [2]
143 603 [2]
68 675 [5]
8 741 [0]
9 740 [0]
211 537 [1]
80 669 [0]
51 694 [4]
357 392 [0]
90 658 [1]
1 747 [1]
145 599 [5]
6 738 [5]
4 743 [2]
8 742 [0]
8 737 [5]
10 737 [3]
5 745 [0]
7 741 [2]
149 601 [0]
21 722 [7]
2 744 [4]
100 650 [0]
202 542 [6]
14 737 [0]
2 749 [0]
341 410 [0]
45 706 [0]
0 747 [4]
4 745 [2]
36 711 [4]
22 729 [0]
8 738 [5]
85 665 [2]
1 751 [0]
343 409 [0]
53 693 [6]
2 746 [4]
6 746 [0]
0 748 [4]
14 732 [6]
56 696 [0]
10 739 [3]
10 740 [3]
5 748 [0]
1 752 [0]
5 743 [5]
4 749 [0]
16 737 [0]
79 669 [5]
28 723 [2]
7 744 [2]
27 726 [0]
6 748 [0]
0 750 [4]
10 741 [3]
9 745 [0]
13 739 [2]
5 747 [2]
4 748 [2]
28 726 [0]
2 753 [0]
12 740 [3]
1 753 [1]
0 751 [4]
9 743 [3]
27 724 [4]
7 746 [2]
2 748 [5]
25 730 [0]
1 750 [4]
5 750 [1]
38 712 [6]
9 741 [6]
10 743 [3]
5 752 [0]
0 757 [0]
4 746 [7]
2 755 [0]
22 734 [1]
10 745 [3]
2 756 [0]
9 744 [5]
0 754 [4]
5 753 [0]
317 440 [1]
0 759 [0]
7 749 [3]
3 754 [2]
8 751 [0]
2 750 [7]
318 441 [0]
327 432 [0]
4 753 [2]
119 638 [3]
5 755 [0]
10 747 [3]
56 702 [2]
8 747 [5]
8 752 [0]
2 751 [7]
10 744 [6]
109 645 [6]
8 749 [3]
10 750 [0]
11 749 [0]
9 746 [5]
90 670 [1]
0 761 [0]
23 731 [7]
2 752 [7]
8 753 [0]
10 748 [3]
6 749 [6]
38 723 [0]
79 682 [0]
2 754 [5]
3 756 [2]
140 617 [4]
27 732 [2]
80 682 [0]
348 414 [0]
0 762 [0]
3 759 [0]
5 757 [0]
10 746 [6]
6 756 [0]
21 741 [0]
9 747 [6]
36 725 [1]
4 756 [2]
229 533 [0]
22 733 [7]
8 755 [0]
29 734 [0]
1 755 [7]
75 685 [3]
8 750 [5]
5 758 [1]
45 719 [0]
6 753 [5]
5 759 [0]
2 762 [0]
35 726 [3]
16 742 [6]
76 681 [7]
237 527 [0]
343 420 [1]
2 761 [1]
9 756 [0]
1 762 [2]
252 513 [0]
181 580 [4]
6 754 [6]
2 764 [0]
2 759 [5]
16 750 [0]
21 738 [7]
1 764 [1]
51 714 [1]
9 754 [3]
50 716 [0]
10 753 [3]
2 758 [7]
4 763 [0]
27 737 [3]
105 661 [1]
20 744 [3]
1 765 [1]
8 756 [3]
141 626 [0]
26 741 [0]
28 737 [2]
5 756 [6]
377 390 [0]
2 766 [0]
272 491 [5]
126 642 [0]
211 557 [1]
7 762 [0]
8 761 [0]
114 650 [5]
100 669 [0]
2 763 [4]
54 713 [2]
2 760 [7]
0 765 [4]
230 539 [0]
20 746 [3]
7 763 [0]
4 766 [0]
10 757 [3]
103 666 [1]
5 765 [0]
325 445 [0]
3 766 [2]
0 771 [0]
1 769 [1]
49 722 [0]
83 688 [0]
294 474 [3]
3 762 [6]
0 767 [4]
8 758 [5]
9 759 [3]
7 765 [0]
0 768 [4]
13 757 [2]
6 761 [5]
1 770 [1]
279 493 [0]
1 772 [0]
2 771 [0]
5 762 [6]
8 762 [3]
4 769 [0]
1 771 [1]
9 764 [0]
51 718 [4]
10 760 [3]
10 763 [0]
356 417 [0]
16 751 [6]
8 760 [5]
344 426 [3]
9 765 [0]
0 770 [4]
39 728 [7]
16 752 [6]
5 768 [1]
39 729 [7]
6 764 [5]
2 773 [0]
4 770 [1]
131 640 [4]
198 575 [2]
25 743 [7]
82 693 [0]
5 771 [0]
8 768 [0]
0 772 [4]
2 769 [5]
2 767 [7]
3 774 [0]
1 776 [0]
2 768 [7]
5 770 [2]
4 773 [0]
14 757 [6]
8 769 [0]
1 774 [2]
16 755 [6]
8 766 [3]
4 772 [1]
34 743 [0]
9 763 [5]
4 771 [2]
25 745 [7]
5 773 [0]
23 754 [1]
8 770 [0]
28 750 [0]
10 765 [3]
8 765 [5]
8 764 [6]
7 772 [0]
7 770 [2]
353 426 [0]
80 692 [7]
8 772 [0]
56 724 [0]
34 745 [1]
326 454 [0]
8 767 [5]
56 723 [1]
16 758 [6]
313 467 [0]
8 773 [0]
221 560 [0]
2 774 [5]
9 769 [3]
53 726 [2]
10 772 [0]
1 781 [0]
8 774 [0]
6 775 [1]
9 773 [0]
5 776 [1]
16 760 [6]
385 397 [0]
28 752 [2]
73 709 [0]
12 763 [7]
27 752 [3]
6 771 [5]
2 781 [0]
6 777 [0]
9 771 [3]
4 775 [4]
7 773 [3]
76 700 [7]
2 777 [4]
27 755 [2]
27 757 [0]
7 775 [2]
1 783 [0]
173 609 [2]
4 778 [2]
378 406 [0]
0 785 [0]
2 783 [0]
51 727 [7]
5 774 [6]
2 778 [5]
272 508 [5]
6 779 [0]
9 770 [6]
11 773 [1]
69 709 [7]
1 785 [0]
141 645 [0]
20 763 [3]
100 682 [4]
206 577 [3]
8 778 [0]
9 774 [3]
3 782 [2]
2 785 [0]
0 787 [0]
70 717 [0]
1 786 [0]
4 783 [0]
7 780 [0]
263 519 [5]
9 778 [0]
10 777 [0]
5 781 [1]
0 788 [0]
2 786 [0]
6 780 [2]
4 782 [2]
114 669 [5]
28 758 [2]
8 781 [0]
6 783 [0]
103 681 [5]
16 767 [6]
8 776 [5]
1 787 [1]
5 778 [6]
2 782 [5]
87 702 [0]
267 522 [0]
1 788 [1]
8 782 [0]
6 778 [6]
22 761 [7]
4 786 [0]
27 758 [5]
8 779 [3]
2 784 [4]
101 688 [1]
16 768 [6]
98 685 [7]
0 791 [0]
85 704 [2]
13 776 [2]
11 779 [1]
100 692 [0]
7 779 [6]
6 786 [0]
44 748 [0]
36 756 [0]
10 780 [3]
22 771 [0]
6 787 [0]
22 764 [7]
0 792 [1]
12 775 [6]
29 761 [3]
9 784 [0]
69 717 [7]
4 788 [1]
5 782 [6]
126 660 [7]
281 512 [0]
151 641 [2]
1 793 [0]
10 781 [3]
50 742 [2]
0 790 [4]
3 789 [2]
27 767 [0]
5 788 [1]
232 558 [4]
45 746 [3]
6 782 [6]
75 716 [3]
9 786 [0]
6 789 [0]
9 780 [6]
14 781 [0]
4 792 [0]
7 789 [0]
3 792 [2]
8 783 [6]
60 733 [4]
27 768 [2]
0 797 [0]
1 795 [1]
115 675 [7]
8 789 [0]
44 753 [0]
114 682 [0]
28 767 [2]
5 791 [1]
22 769 [7]
180 618 [0]
6 792 [0]
16 776 [6]
152 646 [0]
8 785 [5]
9 783 [6]
0 799 [0]
1 798 [0]
4 795 [0]
112 686 [1]
341 457 [1]
2 790 [7]
199 596 [4]
20 775 [4]
33 759 [7]
2 792 [5]
229 566 [4]
0 795 [4]
1 797 [1]
21 772 [6]
215 583 [1]
1 799 [0]
2 798 [0]
6 794 [0]
13 785 [2]
10 790 [0]
2 793 [5]
10 787 [3]
183 615 [2]
148 652 [0]
16 785 [0]
4 797 [0]
5 796 [0]
6 795 [0]
8 787 [6]
8 793 [0]
227 567 [7]
50 751 [0]
10 788 [3]
8 788 [5]
9 793 [0]
5 797 [0]
1 800 [1]
4 796 [2]
0 798 [4]
2 795 [5]
86 716 [0]
7 792 [3]
2 796 [5]
7 796 [0]
5 792 [6]
23 779 [1]
7 794 [2]
265 538 [0]
8 790 [5]
3 801 [0]
6 798 [0]
9 795 [0]
0 800 [4]
14 790 [0]
20 784 [0]
6 793 [5]
9 792 [3]
1 802 [1]
38 760 [6]
2 797 [5]
20 777 [7]
8 791 [5]
1 801 [2]
26 772 [6]
22 783 [0]
1 804 [0]
192 612 [1]
4 801 [0]
48 756 [1]
5 795 [5]
9 796 [0]
107 694 [4]
27 776 [2]
10 795 [0]
85 720 [0]
24 781 [0]
38 767 [0]
5 799 [2]
53 752 [1]
90 711 [5]
121 684 [1]
42 761 [3]
10 797 [0]
4 802 [1]
11 796 [0]
16 791 [0]
5 800 [2]
93 714 [0]
128 679 [0]
364 443 [0]
9 794 [5]
7 801 [0]
8 800 [0]
6 796 [6]
82 726 [0]
400 408 [0]
5 798 [5]
21 780 [7]
36 766 [7]
6 803 [0]
105 703 [1]
103 700 [6]
6 797 [6]
9 800 [0]
7 800 [2]
22 787 [0]
155 654 [0]
189 621 [0]
6 802 [2]
2 804 [4]
6 804 [0]
51 759 [0]
0 806 [4]
7 797 [6]
11 792 [7]
9 798 [3]
53 758 [0]
87 724 [0]
0 811 [0]
7 804 [0]
2 805 [4]
7 802 [2]
9 802 [0]
149 661 [1]
80 731 [0]
45 763 [3]
21 788 [2]
7 803 [2]
1 807 [4]
1 811 [0]
8 799 [5]
7 805 [0]
189 623 [0]
10 799 [3]
8 801 [3]
281 532 [0]
0 813 [0]
1 812 [0]
2 807 [4]
36 773 [4]
216 593 [4]
9 801 [3]
8 806 [0]
284 530 [0]
177 636 [1]
0 810 [4]
6 807 [1]
48 766 [0]
27 785 [2]
51 762 [1]
5 808 [1]
10 805 [0]
130 684 [1]
64 751 [0]
2 812 [1]
79 731 [5]
2 809 [4]
6 808 [2]
4 812 [0]
2 810 [4]
5 811 [0]
7 807 [2]
267 549 [0]
0 812 [4]
1 808 [7]
6 809 [1]
106 710 [0]
4 805 [7]
69 747 [0]
0 817 [0]
10 807 [0]
22 795 [0]
343 472 [2]
1 815 [1]
2 808 [7]
98 716 [3]
20 794 [3]
36 782 [0]
36 778 [4]
50 768 [0]
6 812 [0]
7 811 [0]
0 814 [4]
179 639 [0]
7 809 [2]
2 811 [5]
5 814 [0]
9 805 [5]
10 806 [3]
12 807 [0]
1 817 [1]
64 755 [0]
259 560 [0]
8 812 [0]
1 819 [0]
4 815 [1]
27 791 [2]
70 747 [3]
3 811 [6]
216 604 [0]
4 814 [2]
297 523 [0]
19 801 [1]
0 821 [0]
22 799 [0]
147 670 [4]
43 772 [6]
9 807 [5]
8 808 [5]
10 808 [3]
3 813 [6]
6 816 [0]
85 734 [3]
109 706 [7]
80 735 [7]
22 793 [7]
344 478 [0]
49 770 [3]
256 565 [1]
56 767 [0]
21 802 [0]
7 813 [3]
2 821 [0]
45 775 [3]
1 821 [1]
4 819 [0]
6 815 [2]
9 808 [6]
13 808 [2]
8 810 [5]
8 815 [0]
8 816 [0]
0 824 [0]
83 740 [1]
2 822 [0]
4 818 [2]
327 497 [0]
7 817 [0]
9 815 [0]
384 440 [0]
5 813 [6]
6 819 [0]
10 809 [6]
6 814 [5]
10 812 [3]
20 805 [0]
51 774 [1]
8 818 [0]
403 423 [0]
16 810 [0]
20 803 [3]
4 820 [2]
1 824 [1]
4 823 [0]
0 827 [0]
6 821 [0]
10 814 [3]
22 798 [7]
341 485 [1]
14 810 [3]
11 816 [0]
7 815 [5]
48 778 [1]
1 822 [4]
8 820 [0]
256 572 [0]
9 816 [3]
7 819 [2]
10 815 [3]
1 823 [4]
227 594 [7]
20 809 [0]
409 420 [0]
9 820 [0]
2 823 [4]
10 819 [0]
50 776 [3]
9 814 [6]
75 751 [3]
7 816 [6]
1 828 [1]
8 822 [0]
1 829 [0]
8 817 [5]
2 828 [0]
20 807 [3]
348 482 [0]
6 823 [1]
10 817 [3]
7 818 [6]
0 831 [0]
4 825 [2]
8 823 [0]
2 824 [5]
60 771 [0]
309 517 [5]
20 804 [7]
8 819 [5]
189 643 [0]
0 832 [0]
36 789 [7]
11 820 [1]
9 817 [6]
8 824 [0]
4 826 [2]
76 757 [0]
1 831 [1]
7 820 [6]
2 826 [5]
22 812 [0]
6 828 [0]
38 790 [6]
28 806 [0]
343 491 [0]
4 828 [2]
0 830 [4]
257 575 [2]
100 735 [0]
82 752 [1]
0 836 [0]
1 835 [0]
8 828 [0]
5 826 [5]
2 827 [7]
105 730 [1]
2 829 [5]
22 814 [0]
356 480 [0]
386 450 [0]
9 824 [3]
36 796 [4]
99 736 [2]
4 833 [0]
7 824 [6]
359 474 [4]
135 696 [6]
32 799 [6]
344 488 [5]
9 828 [0]
9 823 [5]
107 727 [4]
3 829 [6]
0 838 [0]
5 833 [0]
0 837 [1]
68 770 [0]
7 825 [6]
7 831 [0]
8 825 [6]
1 838 [0]
2 837 [0]
27 810 [2]
6 833 [0]
23 816 [0]
7 826 [6]
10 826 [3]
10 822 [7]
0 835 [4]
2 830 [7]
2 836 [1]
82 758 [0]
4 834 [2]
8 829 [3]
64 776 [0]
28 810 [2]
98 742 [0]
8 826 [6]
9 829 [3]
1 840 [0]
41 799 [1]
69 765 [7]
353 488 [0]
50 791 [0]
5 835 [1]
197 644 [0]
10 832 [0]
94 748 [0]
298 544 [0]
129 712 [1]
0 843 [0]
8 835 [0]
10 833 [0]
8 830 [5]
322 517 [4]
294 545 [4]
21 815 [7]
16 822 [6]
33 811 [0]
14 830 [0]
2 835 [7]
10 831 [3]
48 789 [7]
0 840 [4]
4 838 [2]
388 456 [0]
361 483 [0]
147 698 [0]
2 843 [0]
2 839 [4]
3 842 [0]
347 498 [0]
8 837 [0]
158 685 [2]
137 705 [3]
102 742 [1]
5 838 [2]
201 644 [0]
8 832 [5]
8 833 [5]
38 806 [2]
16 830 [0]
6 839 [1]
4 840 [2]
3 837 [6]
14 827 [6]
3 844 [0]
7 837 [3]
7 834 [6]
1 844 [2]
9 838 [0]
141 706 [0]
171 676 [0]
5 841 [1]
6 836 [5]
227 614 [7]
13 835 [0]
56 790 [2]
5 843 [0]
8 834 [6]
5 837 [6]
9 833 [6]
9 840 [0]
1 848 [0]
69 780 [0]
85 761 [3]
2 842 [5]
6 838 [5]
23 825 [1]
14 832 [3]
16 827 [6]
7 841 [2]
1 849 [0]
7 843 [0]
28 822 [0]
166 684 [0]
1 850 [0]
25 826 [0]
200 651 [0]
0 847 [4]
2 844 [5]
8 844 [0]
6 846 [0]
21 831 [0]
49 800 [3]
4 841 [7]
196 652 [4]
128 723 [1]
27 822 [3]
33 813 [7]
9 844 [0]
8 845 [0]
5 842 [6]
151 701 [1]
10 843 [0]
12 841 [0]
45 805 [3]
343 508 [2]
4 850 [0]
6 848 [0]
16 832 [6]
0 850 [4]
172 682 [0]
73 780 [1]
149 703 [2]
27 827 [0]
8 841 [5]
9 842 [3]
2 845 [7]
94 753 [7]
28 827 [0]
341 514 [0]
4 849 [2]
7 848 [0]
109 746 [0]
347 506 [2]
6 850 [0]
5 849 [2]
25 824 [7]
421 435 [0]
16 835 [6]
90 766 [1]
11 846 [0]
22 828 [7]
8 846 [3]
10 841 [6]
27 830 [0]
86 768 [3]
5 850 [2]
0 853 [4]
2 852 [4]
1 856 [1]
0 854 [4]
35 822 [1]
9 846 [3]
137 721 [0]
6 851 [1]
2 857 [0]
93 762 [4]
147 711 [1]
0 855 [4]
4 854 [1]
4 848 [7]
7 846 [6]
7 850 [2]
233 626 [0]
109 744 [6]
5 854 [1]
0 860 [0]
2 858 [0]
12 848 [0]
13 847 [0]
211 648 [1]
22 838 [0]
39 814 [7]
6 849 [5]
4 852 [4]
7 851 [2]
5 853 [2]
121 740 [0]
4 857 [0]
21 833 [7]
27 832 [2]
5 856 [0]
10 848 [3]
8 853 [0]
305 556 [0]
9 852 [0]
104 755 [2]
60 798 [3]
4 855 [2]
10 845 [7]
10 849 [3]
20 839 [3]
5 857 [0]
51 811 [0]
56 806 [0]
4 851 [7]
6 852 [4]
4 856 [2]
1 854 [7]
2 855 [5]
6 857 [0]
79 779 [5]
16 847 [0]
265 598 [0]
356 507 [0]
7 854 [2]
8 850 [5]
9 848 [6]
263 596 [4]
0 859 [4]
7 857 [0]
6 858 [0]
8 851 [5]
245 618 [1]
2 862 [0]
9 855 [0]
295 562 [7]
12 852 [0]
9 849 [6]
2 859 [4]
29 836 [0]
22 836 [7]
7 858 [0]
38 827 [0]
164 701 [0]
0 861 [4]
51 813 [1]
6 860 [0]
75 791 [0]
98 768 [0]
99 764 [3]
80 779 [7]
1 866 [0]
2 865 [0]
5 861 [1]
8 859 [0]
2 860 [5]
6 856 [5]
348 519 [0]
16 845 [6]
56 810 [1]
10 854 [3]
198 667 [2]
10 851 [6]
410 457 [0]
294 573 [0]
99 769 [0]
11 857 [0]
427 441 [0]
5 862 [1]
181 686 [1]
68 800 [0]
281 587 [0]
2 867 [0]
23 846 [0]
22 840 [7]
8 856 [5]
0 865 [4]
4 863 [2]
8 862 [0]
1 869 [0]
6 862 [2]
7 860 [3]
260 607 [3]
1 862 [7]
9 862 [0]
4 867 [0]
302 569 [0]
8 860 [3]
159 711 [1]
38 832 [2]
109 763 [0]
209 663 [0]
1 867 [4]
325 546 [1]
2 864 [7]
344 524 [5]
6 866 [1]
5 867 [1]
4 868 [1]
10 858 [6]
8 861 [5]
2 872 [0]
7 867 [0]
10 864 [0]
8 863 [3]
43 831 [0]
21 854 [0]
7 868 [0]
27 845 [3]
10 865 [0]
22 853 [0]
25 843 [7]
1 870 [4]
350 525 [0]
33 842 [0]
10 862 [3]
28 845 [2]
7 866 [2]
53 822 [0]
27 847 [2]
4 872 [0]
10 866 [0]
14 859 [3]
47 823 [6]
7 863 [6]
6 868 [2]
1 868 [7]
86 791 [0]
20 852 [5]
293 584 [0]
4 866 [7]
8 869 [0]
8 864 [5]
6 870 [1]
16 861 [0]
294 579 [4]
211 665 [1]
39 838 [0]
22 855 [0]
197 678 [2]
1 875 [1]
34 843 [0]
14 864 [0]
0 878 [0]
7 871 [0]
8 865 [5]
8 870 [0]
0 874 [4]
311 567 [0]
2 869 [7]
407 471 [0]
21 850 [7]
88 786 [4]
87 790 [1]
7 872 [0]
7 870 [2]
8 871 [0]
16 864 [0]
1 878 [1]
8 867 [5]
297 581 [2]
344 531 [5]
0 876 [4]
7 874 [0]
15 862 [4]
4 870 [7]
35 845 [1]
16 859 [6]
16 865 [0]
8 868 [5]
107 774 [0]
409 472 [0]
1 876 [4]
357 522 [2]
0 877 [4]
5 875 [1]
12 867 [3]
0 882 [0]
7 875 [0]
12 870 [0]
6 875 [1]
277 605 [0]
10 869 [3]
2 873 [7]
203 680 [0]
9 874 [0]
5 872 [6]
10 873 [0]
100 779 [4]
9 868 [6]
9 871 [3]
8 872 [3]
106 777 [0]
56 827 [0]
1 879 [4]
9 875 [0]
45 839 [0]
190 692 [2]
6 872 [6]
12 866 [6]
11 872 [1]
9 870 [5]
0 885 [0]
4 881 [0]
233 645 [7]
8 877 [0]
2 876 [7]
0 881 [4]
22 856 [7]
6 879 [1]
2 884 [0]
8 878 [0]
2 877 [7]
56 830 [0]
9 877 [0]
8 873 [5]
15 868 [3]
3 881 [2]
2 885 [0]
10 877 [0]
51 829 [7]
23 863 [1]
10 874 [3]
7 879 [2]
4 884 [0]
1 883 [4]
10 875 [3]
27 861 [0]
32 856 [0]
51 837 [0]
2 881 [5]
8 875 [5]
337 551 [0]
29 853 [6]
7 880 [2]
6 883 [0]
8 876 [5]
2 883 [4]
10 876 [3]
6 878 [5]
56 832 [1]
18 868 [3]
14 869 [6]
5 883 [1]
5 885 [0]
14 876 [0]
7 883 [0]
12 875 [3]
0 886 [4]
4 879 [7]
13 877 [0]
129 760 [1]
14 877 [0]
73 817 [1]
29 856 [6]
178 710 [3]
305 585 [1]
4 888 [0]
1 891 [0]
0 892 [0]
141 744 [7]
10 882 [0]
28 864 [0]
8 879 [5]
4 889 [0]
2 891 [0]
114 779 [0]
429 464 [0]
8 885 [0]
69 817 [7]
16 877 [0]
6 881 [6]
20 866 [7]
24 869 [0]
358 535 [0]
11 881 [1]
8 886 [0]
23 871 [0]
89 801 [4]
4 883 [7]
9 879 [6]
36 857 [1]
27 864 [3]
99 793 [2]
12 883 [0]
39 849 [7]
30 862 [3]
42 853 [0]
16 873 [6]
8 882 [5]
0 896 [0]
95 801 [0]
157 739 [0]
9 884 [3]
297 597 [2]
8 883 [5]
27 865 [4]
7 884 [6]
0 897 [0]
10 887 [0]
38 859 [0]
0 893 [4]
1 889 [7]
5 891 [1]
6 889 [2]
198 699 [0]
51 842 [4]
50 847 [0]
410 485 [2]
16 876 [6]
1 896 [1]
0 894 [4]
45 852 [1]
7 889 [2]
350 548 [0]
6 891 [2]
1 898 [0]
4 895 [0]
2 890 [7]
11 888 [0]
109 784 [6]
8 888 [3]
219 677 [3]
9 888 [3]
3 897 [0]
1 897 [2]
13 885 [2]
79 816 [5]
6 894 [0]
53 845 [2]
6 888 [6]
60 840 [0]
10 891 [0]
0 901 [0]
31 867 [3]
1 900 [0]
5 896 [0]
2 894 [5]
1 893 [7]
7 888 [6]
0 902 [0]
8 889 [5]
49 850 [3]
79 818 [5]
51 844 [7]
21 874 [7]
8 890 [5]
43 854 [6]
80 816 [7]
2 896 [5]
20 880 [3]
27 873 [3]
27 876 [0]
28 873 [2]
136 767 [0]
8 896 [0]
2 902 [0]
7 894 [3]
79 825 [0]
2 897 [5]
359 545 [0]
5 899 [0]
6 898 [0]
14 887 [3]
2 898 [4]
4 894 [6]
28 876 [0]
8 891 [5]
14 890 [0]
1 904 [0]
192 713 [0]
10 892 [3]
14 886 [6]
93 813 [0]
4 900 [2]
8 893 [5]
16 887 [3]
14 892 [0]
13 891 [2]
16 890 [0]
357 549 [0]
9 891 [6]
8 895 [3]
1 905 [1]
9 898 [0]
7 898 [2]
22 878 [7]
16 885 [6]
0 903 [4]
5 900 [2]
80 820 [7]
215 688 [4]
6 899 [2]
281 624 [2]
0 904 [4]
222 686 [0]
7 899 [2]
7 895 [6]
5 897 [6]
122 783 [3]
36 872 [0]
38 865 [5]
276 631 [1]
10 899 [0]
35 873 [1]
1 901 [7]
5 903 [1]
109 794 [6]
10 896 [3]
0 908 [1]
18 889 [3]
5 904 [1]
8 902 [0]
1 909 [0]
9 901 [0]
212 695 [3]
330 580 [0]
12 898 [0]
1 903 [7]
6 905 [0]
106 804 [1]
4 906 [1]
292 619 [0]
50 861 [0]
253 658 [0]
122 786 [3]
2 910 [0]
8 904 [0]
8 899 [5]
2 903 [7]
2 905 [5]
28 882 [2]
10 903 [0]
6 907 [0]
1 911 [1]
7 906 [0]
147 766 [0]
9 904 [0]
25 884 [4]
10 900 [3]
27 886 [0]
229 685 [0]
4 910 [0]
5 909 [0]
7 907 [0]
8 906 [0]
8 900 [6]
27 885 [2]
10 898 [6]
64 847 [3]
426 488 [0]
31 883 [0]
109 805 [0]
9 899 [6]
15 899 [0]
1 906 [7]
45 866 [3]
371 543 [0]
177 736 [1]
8 901 [5]
10 901 [3]
14 901 [0]
9 900 [6]
2 908 [5]
16 893 [6]
266 650 [0]
8 903 [5]
209 704 [3]
5 911 [0]
28 886 [2]
1 914 [1]
319 594 [3]
13 901 [2]
6 910 [0]
4 913 [0]
47 870 [0]
0 913 [4]
3 908 [6]
14 904 [0]
2 911 [5]
1 916 [1]
3 913 [2]
20 898 [0]
0 914 [4]
60 855 [3]
2 909 [7]
79 834 [5]
109 803 [6]
40 877 [1]
129 790 [0]
8 911 [0]
1 917 [1]
5 914 [0]
5 908 [6]
8 905 [6]
7 910 [2]
2 912 [5]
2 918 [0]
38 882 [0]
0 916 [4]
9 908 [3]
4 916 [0]
5 915 [0]
100 820 [0]
2 913 [5]
4 917 [0]
2 914 [5]
1 919 [1]
199 722 [0]
9 913 [0]
1 921 [0]
22 900 [0]
2 920 [0]
4 918 [0]
7 915 [0]
6 911 [5]
27 893 [2]
9 907 [6]
259 662 [1]
16 904 [2]
12 910 [0]
17 904 [1]
2 919 [1]
0 923 [0]
9 911 [3]
14 903 [6]
309 609 [5]
6 912 [5]
7 913 [3]
1 918 [4]
1 915 [7]
0 922 [1]
8 916 [0]
109 809 [6]
85 836 [3]
16 902 [6]
2 915 [7]
5 917 [2]
410 514 [0]
10 914 [0]
18 906 [0]
9 912 [3]
38 886 [0]
291 634 [0]
5 920 [0]
141 784 [0]
4 920 [1]
436 489 [0]
6 914 [5]
6 917 [2]
10 912 [3]
119 804 [2]
34 884 [7]
38 887 [0]
385 539 [1]
1 923 [1]
100 818 [7]
6 920 [0]
8 912 [6]
9 917 [0]
53 873 [0]
7 917 [2]
4 921 [1]
5 922 [0]
7 920 [0]
22 905 [0]
191 736 [0]
5 921 [1]
7 918 [2]
1 927 [0]
25 896 [7]
8 914 [6]
4 924 [0]
21 907 [0]
8 915 [5]
10 915 [3]
8 921 [0]
9 920 [0]
174 754 [1]
2 922 [5]
432 497 [0]
24 901 [4]
0 926 [4]
5 925 [0]
5 923 [2]
276 647 [7]
10 920 [0]
33 897 [0]
12 918 [0]
454 476 [0]
190 735 [5]
93 837 [0]
283 646 [1]
114 816 [0]
6 919 [5]
7 921 [2]
9 915 [6]
79 846 [5]
444 486 [0]
3 922 [6]
1 929 [1]
6 923 [2]
10 921 [0]
8 918 [5]
113 818 [0]
211 720 [0]
16 909 [6]
83 841 [7]
0 932 [0]
1 931 [0]
105 826 [1]
0 928 [4]
27 903 [2]
2 930 [0]
4 928 [0]
100 825 [7]
7 922 [3]
30 899 [3]
38 892 [2]
8 924 [0]
19 913 [0]
4 929 [0]
247 686 [0]
38 890 [5]
8 920 [5]
8 922 [3]
5 929 [0]
6 928 [0]
322 609 [3]
0 930 [4]
2 925 [7]
1 934 [0]
256 679 [0]
5 930 [0]
1 930 [4]
20 910 [5]
2 928 [5]
15 920 [0]
7 923 [5]
100 834 [1]
6 927 [2]
9 927 [0]
0 936 [0]
7 927 [2]
1 935 [0]
397 539 [0]
8 923 [5]
7 924 [6]
3 934 [0]
6 926 [5]
266 669 [2]
6 931 [0]
0 933 [4]
92 838 [7]
27 909 [2]
1 936 [1]
9 923 [6]
5 928 [5]
85 853 [0]
83 848 [7]
113 825 [0]
5 931 [2]
5 932 [1]
39 900 [0]
8 926 [5]
10 926 [3]
232 705 [2]
9 931 [0]
107 829 [4]
8 927 [5]
5 936 [0]
22 912 [7]
121 819 [1]
1 940 [0]
4 937 [0]
128 806 [7]
10 928 [3]
2 934 [5]
7 932 [2]
141 794 [6]
7 934 [0]
10 931 [0]
5 935 [1]
288 653 [0]
8 934 [0]
21 921 [0]
56 886 [0]
455 487 [0]
327 613 [2]
22 914 [6]
2 941 [0]
5 938 [0]
7 936 [0]
69 874 [0]
8 929 [6]
7 931 [5]
56 887 [0]
101 841 [1]
91 847 [5]
0 939 [4]
8 930 [5]
29 914 [0]
7 937 [0]
344 600 [0]
21 916 [7]
6 936 [2]
9 929 [6]
6 937 [1]
0 943 [1]
10 932 [3]
9 936 [0]
0 941 [4]
50 893 [2]
8 932 [5]
453 492 [0]
21 917 [7]
5 934 [6]
97 849 [0]
1 945 [0]
4 942 [0]
45 898 [3]
179 764 [3]
56 890 [0]
38 902 [6]
66 878 [2]
209 734 [3]
100 846 [0]
8 939 [0]
17 930 [0]
189 758 [0]
16 925 [6]
79 863 [5]
2 940 [5]
56 892 [0]
22 926 [0]
8 935 [5]
2 939 [7]
73 874 [1]
16 930 [2]
10 936 [3]
0 945 [4]
8 941 [0]
51 897 [1]
105 843 [1]
3 944 [2]
0 950 [0]
2 948 [0]
5 945 [0]
6 944 [0]
0 946 [4]
14 933 [3]
2 943 [5]
1 942 [7]
8 942 [0]
54 896 [0]
4 944 [2]
141 803 [6]
8 938 [5]
5 946 [0]
7 944 [0]
6 940 [5]
107 844 [0]
109 839 [3]
2 944 [5]
10 938 [3]
7 942 [2]
4 945 [2]
87 865 [0]
2 950 [0]
130 819 [3]
31 918 [3]
14 938 [0]
3 947 [2]
10 939 [3]
27 925 [0]
9 940 [3]
18 927 [7]
3 943 [6]
0 948 [4]
179 769 [4]
1 949 [2]
7 943 [3]
433 520 [0]
5 948 [0]
7 946 [0]
26 921 [6]
383 570 [0]
6 942 [5]
256 696 [1]
3 951 [0]
29 919 [6]
3 949 [2]
6 946 [2]
79 871 [5]
0 955 [0]
8 947 [0]
12 937 [6]
9 943 [3]
10 942 [3]
7 949 [0]
14 939 [3]
0 952 [4]
3 954 [0]
1 955 [1]
6 951 [0]
2 955 [0]
4 951 [2]
141 809 [7]
20 937 [0]
1 954 [2]
9 942 [6]
2 951 [5]
8 950 [0]
8 945 [5]
32 926 [0]
80 871 [7]
83 875 [0]
10 945 [3]
477 481 [0]
178 777 [3]
1 953 [4]
22 929 [7]
0 959 [0]
98 861 [0]
9 947 [3]
4 949 [6]
10 946 [3]
8 946 [5]
6 954 [0]
2 958 [0]
64 893 [3]
15 942 [3]
9 945 [6]
27 933 [0]
8 949 [3]
21 932 [7]
7 947 [6]
29 926 [6]
8 953 [0]
0 961 [0]
16 939 [6]
3 956 [2]
9 946 [6]
6 949 [6]
22 940 [0]
1 961 [0]
8 954 [0]
114 846 [2]
355 606 [1]
4 956 [2]
83 879 [0]
7 953 [2]
33 922 [7]
255 707 [0]
8 951 [3]
421 540 [0]
1 962 [0]
2 956 [5]
9 954 [0]
10 950 [3]
59 904 [0]
102 861 [0]
51 908 [4]
28 933 [2]
4 954 [6]
24 938 [2]
7 957 [0]
7 954 [3]
347 617 [0]
4 953 [7]
6 957 [1]
27 935 [2]
2 961 [1]
0 965 [0]
49 916 [0]
185 780 [0]
318 645 [2]
111 849 [5]
8 952 [5]
4 962 [0]
6 955 [5]
9 957 [0]
1 964 [1]
4 960 [2]
176 785 [5]
403 562 [1]
2 963 [1]
16 950 [0]
461 505 [0]
372 594 [0]
14 950 [3]
8 959 [0]
8 956 [3]
4 963 [0]
1 959 [7]
100 863 [4]
6 959 [2]
9 958 [0]
1 967 [0]
84 884 [0]
9 953 [6]
2 962 [4]
6 956 [6]
8 960 [0]
7 959 [2]
9 959 [0]
2 959 [7]
10 958 [0]
433 534 [1]
27 941 [0]
10 959 [0]
5 964 [0]
19 949 [1]
14 952 [3]
6 958 [5]
121 848 [0]
165 804 [0]
5 963 [1]
344 625 [0]
6 962 [1]
10 953 [6]
6 964 [0]
1 969 [0]
16 948 [6]
366 604 [0]
332 638 [0]
7 962 [2]
5 965 [1]
2 969 [0]
5 966 [0]
171 799 [1]
75 893 [3]
284 687 [0]
2 964 [5]
80 888 [4]
9 960 [3]
9 963 [0]
6 966 [0]
27 939 [6]
8 958 [6]
13 959 [0]
106 866 [0]
6 961 [5]
79 888 [5]
7 963 [2]
121 851 [0]
7 960 [6]
38 933 [2]
2 966 [5]
109 858 [6]
211 761 [1]
4 968 [1]
21 945 [7]
4 970 [0]
282 692 [0]
433 541 [0]
344 630 [0]
2 965 [7]
16 952 [6]
6 967 [1]
8 962 [5]
44 928 [3]
100 871 [4]
151 823 [1]
221 754 [0]
345 631 [0]
6 970 [0]
227 742 [7]
9 962 [5]
1 968 [7]
8 963 [5]
8 968 [0]
9 967 [0]
6 968 [2]
87 887 [2]
64 909 [3]
6 969 [1]
386 590 [0]
50 925 [2]
20 957 [0]
12 962 [3]
8 966 [3]
4 973 [0]
27 948 [2]
7 968 [2]
9 968 [0]
268 705 [4]
149 826 [2]
11 966 [0]
1 970 [7]
10 968 [0]
4 967 [7]
15 963 [0]
374 604 [0]
2 972 [4]
7 969 [2]
8 964 [6]
154 821 [3]
8 971 [0]
1 978 [0]
10 969 [0]
12 967 [0]
9 964 [6]
6 972 [1]
7 966 [6]
7 970 [2]
4 972 [4]
256 723 [1]
324 656 [0]
0 976 [4]
22 958 [0]
2 973 [5]
10 967 [3]
14 965 [1]
113 863 [4]
2 971 [7]
61 917 [3]
8 973 [0]
27 952 [2]
2 975 [4]
12 969 [0]
16 965 [0]
130 851 [0]
7 972 [2]
43 932 [6]
73 907 [1]
0 977 [4]
2 980 [0]
7 975 [0]
200 782 [0]
6 975 [1]
10 973 [0]
5 978 [0]
23 960 [0]
36 947 [0]
5 973 [5]
2 974 [7]
69 907 [7]
10 974 [0]
233 744 [7]
255 725 [4]
12 972 [0]
1 979 [4]
238 745 [1]
68 916 [0]
1 982 [1]
0 980 [4]
10 975 [0]
423 562 [0]
5 979 [1]
0 981 [4]
238 743 [4]
51 934 [0]
310 675 [0]
114 871 [0]
45 937 [3]
166 819 [0]
263 722 [0]
8 978 [0]
5 981 [0]
272 712 [2]
197 787 [2]
173 811 [2]
2 977 [7]
7 973 [6]
8 974 [5]
16 971 [0]
15 968 [4]
327 660 [0]
126 860 [1]
14 971 [3]
4 984 [0]
379 609 [0]
2 979 [7]
4 982 [2]
5 982 [2]
5 984 [0]
8 981 [0]
109 880 [0]
386 603 [0]
129 859 [1]
9 975 [5]
201 787 [1]
0 985 [4]
5 983 [1]
50 935 [4]
16 974 [0]
9 981 [0]
2 981 [7]
5 985 [0]
7 983 [0]
10 980 [0]
18 968 [4]
10 977 [3]
38 952 [0]
14 977 [0]
2 989 [0]
13 976 [2]
2 984 [5]
5 986 [0]
14 974 [3]
50 941 [0]
18 970 [3]
203 788 [0]
1 983 [7]
1 991 [0]
69 923 [0]
36 956 [0]
20 969 [3]
48 944 [0]
9 983 [0]
8 979 [5]
2 983 [7]
16 977 [0]
28 965 [0]
6 982 [5]
4 987 [2]
8 980 [5]
2 987 [5]
4 990 [0]
4 988 [2]
14 980 [0]
93 897 [4]
38 950 [6]
317 677 [0]
382 612 [0]
7 985 [2]
479 515 [0]
36 951 [7]
16 976 [2]
27 965 [2]
10 985 [0]
181 814 [0]
0 991 [4]
396 599 [0]
100 895 [0]
56 939 [0]
2 986 [7]
8 982 [5]
186 810 [0]
6 990 [0]
48 947 [1]
8 983 [5]
1 995 [0]
29 961 [6]
356 639 [1]
6 991 [0]
5 992 [0]
7 984 [6]
20 972 [5]
10 987 [0]
5 990 [2]
5 987 [5]
0 993 [4]
277 719 [1]
14 981 [2]
0 998 [0]
5 991 [2]
7 989 [2]
8 984 [6]
0 994 [4]
51 943 [4]
8 988 [3]
28 971 [0]
64 935 [0]
16 981 [2]
69 931 [0]
5 995 [0]
9 988 [3]
7 987 [6]
16 978 [6]
27 971 [2]
141 858 [1]
11 988 [1]
50 948 [2]
407 591 [2]
4 994 [2]
199 802 [0]
7 988 [6]
16 979 [6]
3 992 [6]
17 981 [3]
88 911 [3]
55 947 [0]
305 696 [1]
296 705 [1]
6 995 [1]
15 983 [4]
7 992 [3]
20 975 [7]
10 990 [3]
8 992 [3]
36 966 [1]
5 996 [2]
10 986 [7]
75 925 [3]
5 997 [1]
2 997 [4]
255 749 [0]
10 994 [0]
5 999 [0]
6 997 [1]
10 991 [3]
27 977 [0]
38 965 [1]
7 995 [2]
10 989 [6]
494 511 [0]
25 973 [7]
27 976 [2]
4 999 [2]
91 909 [5]
8 991 [6]
8 998 [0]
9 994 [3]
7 997 [2]
8 993 [5]
99 905 [2]
8 999 [0]
12 995 [0]
27 978 [2]
121 879 [7]
85 919 [3]
438 569 [0]
9 999 [0]
56 952 [0]
188 818 [2]
34 973 [1]
8 995 [5]
16 986 [6]
4 997 [7]
12 997 [0]
317 691 [1]
10 996 [3]
27 979 [3]
21 985 [3]
478 531 [0]
195 815 [0]
9 995 [6]
8 997 [5]
14 993 [3]
132 874 [4]
86 925 [0]
344 666 [1]
38 971 [2]
179 828 [4]
502 509 [0]
25 987 [0]
216 796 [0]
130 879 [3]
22 991 [0]
25 984 [4]
75 935 [3]
126 881 [7]
297 718 [0]
341 674 [0]
324 689 [2]
14 998 [3]
70 946 [0]
129 887 [0]
128 882 [6]
28 986 [2]
27 986 [3]
20 989 [7]
166 851 [0]
282 735 [0]
35 979 [3]
38 980 [0]
45 972 [1]
22 990 [6]
38 974 [6]
474 545 [0]
264 755 [0]
75 941 [3]
186 827 [6]
131 887 [2]
38 977 [5]
129 890 [1]
22 999 [0]
141 880 [0]
126 894 [1]
131 890 [1]
290 732 [0]
186 830 [6]
161 861 [0]
28 993 [2]
291 731 [1]
94 928 [1]
135 882 [6]
22 996 [6]
233 784 [7]
35 986 [3]
344 681 [0]
410 608 [7]
28 998 [0]
75 948 [3]
25 994 [7]
424 602 [0]
188 834 [4]
56 971 [0]
233 794 [0]
27 998 [2]
128 892 [7]
87 939 [1]
481 547 [0]
439 589 [0]
477 547 [4]
50 976 [3]
34 994 [1]
137 889 [3]
56 974 [0]
97 929 [4]
98 925 [7]
38 993 [0]
100 924 [7]
272 760 [0]
129 902 [1]
33 992 [7]
294 738 [1]
424 610 [0]
43 985 [6]
31 997 [6]
39 996 [0]
340 695 [0]
122 911 [3]
39 990 [7]
87 950 [0]
83 953 [1]
39 991 [7]
113 924 [1]
56 980 [2]
115 916 [7]
53 986 [0]
99 940 [0]
203 831 [5]
98 941 [1]
450 590 [0]
90 951 [0]
117 922 [2]
233 809 [0]
89 949 [4]
51 992 [0]
137 906 [0]
107 934 [2]
233 803 [7]
104 935 [4]
64 976 [3]
79 960 [5]
39 999 [7]
85 961 [0]
463 583 [0]
89 954 [4]
350 697 [1]
209 836 [3]
95 954 [0]
442 607 [0]
304 745 [0]
98 948 [3]
127 919 [3]
56 993 [1]
277 775 [0]
353 700 [0]
204 847 [2]
83 967 [4]
56 998 [1]
417 639 [0]
75 978 [3]
450 603 [4]
148 912 [0]
215 841 [4]
185 874 [2]
176 885 [1]
471 591 [0]
82 979 [1]
87 977 [0]
281 783 [0]
384 677 [3]
211 853 [1]
109 957 [0]
263 802 [1]
152 912 [2]
281 786 [0]
86 978 [3]
137 927 [3]
184 884 [0]
87 980 [1]
256 806 [6]
363 707 [0]
377 693 [1]
80 988 [4]
154 919 [0]
216 857 [0]
150 923 [0]
427 645 [1]
525 548 [0]
121 953 [0]
145 929 [0]
197 878 [0]
243 832 [0]
534 541 [0]
113 960 [4]
233 839 [6]
83 995 [1]
384 691 [4]
248 831 [1]
143 938 [1]
139 941 [2]
137 942 [4]
190 888 [5]
201 878 [4]
109 975 [0]
179 905 [0]
231 853 [0]
299 785 [0]
122 964 [0]
130 953 [3]
188 895 [3]
125 962 [0]
139 948 [0]
216 872 [0]
361 727 [0]
105 984 [0]
192 896 [1]
267 818 [4]
230 854 [5]
233 858 [0]
410 674 [7]
105 987 [0]
185 907 [0]
147 944 [1]
275 817 [0]
100 988 [4]
383 710 [0]
485 608 [0]
469 626 [0]
97 999 [0]
359 738 [0]
382 713 [2]
444 652 [1]
158 941 [0]
147 951 [1]
533 566 [0]
232 868 [0]
133 965 [3]
112 990 [1]
282 820 [1]
318 784 [2]
129 974 [1]
354 750 [0]
141 957 [6]
147 956 [1]
367 738 [0]
267 834 [4]
109 989 [7]
343 760 [2]
344 757 [5]
317 789 [1]
148 958 [2]
117 992 [0]
131 974 [4]
112 996 [1]
137 970 [3]
129 980 [1]
213 899 [0]
154 955 [3]
233 880 [0]
225 890 [0]
255 857 [4]
188 924 [4]
378 739 [1]
186 933 [0]
295 821 [3]
318 794 [7]
325 791 [4]
149 973 [0]
407 714 [2]
141 975 [7]
536 588 [0]
232 889 [4]
198 930 [0]
180 947 [1]
318 803 [7]
141 989 [0]
272 859 [0]
287 843 [1]
149 984 [0]
361 774 [0]
299 835 [1]
277 852 [7]
393 743 [0]
266 871 [0]
565 572 [0]
202 933 [2]
486 652 [0]
149 987 [2]
203 932 [5]
556 585 [0]
297 842 [2]
232 906 [4]
256 882 [5]
167 976 [1]
536 611 [0]
183 963 [2]
145 999 [5]
463 688 [0]
324 824 [3]
356 793 [4]
265 886 [2]
348 802 [4]
532 624 [0]
318 839 [0]
431 726 [0]
503 655 [0]
495 663 [0]
232 927 [0]
383 777 [0]
351 812 [0]
267 895 [3]
386 781 [0]
371 797 [0]
183 983 [2]
181 990 [0]
543 628 [0]
206 964 [1]
334 839 [1]
536 633 [7]
181 996 [0]
190 988 [0]
357 818 [3]
581 597 [0]
272 902 [5]
500 672 [7]
437 744 [0]
458 725 [0]
250 932 [2]
241 944 [0]
357 825 [3]
356 828 [2]
236 950 [0]
186 993 [7]
327 860 [0]
528 659 [0]
299 885 [3]
361 829 [0]
186 998 [6]
524 666 [0]
258 933 [0]
267 924 [0]
357 834 [0]
277 910 [7]
202 993 [0]
243 952 [1]
305 892 [0]
290 903 [4]
318 880 [0]
359 833 [6]
588 611 [0]
268 927 [4]
412 788 [0]
202 998 [3]
343 859 [2]
232 970 [4]
276 931 [0]
458 749 [0]
280 926 [1]
297 908 [2]
233 975 [0]
327 881 [0]
483 727 [0]
528 683 [0]
292 915 [4]
276 936 [0]
236 977 [0]
459 754 [0]
295 919 [0]
427 784 [3]
230 985 [1]
530 687 [0]
553 664 [0]
533 685 [2]
277 937 [7]
588 633 [1]
255 966 [1]
560 662 [0]
278 944 [0]
222 996 [4]
557 665 [0]
327 894 [2]
389 835 [0]
427 794 [3]
358 865 [1]
407 813 [4]
600 625 [0]
403 821 [3]
586 642 [0]
233 989 [7]
600 630 [0]
238 994 [0]
452 780 [0]
427 803 [3]
525 708 [1]
450 781 [4]
478 757 [2]
294 945 [0]
500 733 [7]
503 737 [2]
247 996 [0]
423 821 [0]
480 764 [0]
565 679 [0]
611 633 [0]
343 902 [0]
277 972 [0]
323 926 [0]
295 955 [0]
411 839 [0]
566 685 [0]
309 943 [0]
352 900 [0]
284 969 [0]
357 895 [3]
258 993 [4]
295 961 [0]
548 708 [0]
355 901 [1]
346 911 [0]
386 869 [4]
333 929 [0]
601 661 [0]
356 905 [2]
350 913 [1]
621 643 [0]
508 760 [0]
322 943 [7]
480 793 [0]
391 884 [0]
294 982 [0]
507 769 [0]
318 957 [2]
473 804 [0]
292 983 [4]
557 720 [3]
570 710 [0]
357 924 [0]
469 809 [3]
336 949 [0]
421 863 [2]
313 976 [1]
432 860 [0]
342 951 [0]
361 934 [0]
465 831 [0]
342 956 [0]
550 748 [0]
581 718 [0]
356 940 [4]
325 978 [0]
601 703 [0]
427 880 [0]
474 833 [1]
407 897 [4]
395 916 [0]
401 912 [0]
597 718 [0]
596 722 [0]
532 786 [1]
330 990 [0]
464 856 [0]
403 919 [0]
450 869 [4]
386 938 [0]
605 719 [0]
432 894 [0]
469 858 [1]
582 747 [0]
363 966 [1]
601 730 [0]
399 933 [0]
341 992 [1]
530 807 [1]
500 840 [0]
581 759 [1]
659 683 [0]
359 982 [2]
570 777 [0]
582 765 [0]
522 825 [0]
367 982 [0]
442 909 [1]
578 778 [0]
597 759 [0]
614 742 [0]
616 740 [0]
497 860 [0]
377 979 [1]
438 917 [3]
592 766 [0]
401 958 [0]
500 855 [7]
403 955 [4]
452 907 [4]
661 703 [0]
593 773 [0]
403 961 [2]
521 847 [0]
677 691 [0]
405 964 [0]
385 985 [0]
595 776 [0]
477 893 [1]
423 955 [0]
627 751 [0]
421 960 [0]
397 985 [0]
562 821 [0]
427 957 [0]
605 775 [4]
665 720 [0]
423 961 [2]
480 905 [1]
393 994 [0]
450 938 [1]
497 894 [0]
661 730 [0]
655 737 [0]
491 902 [0]
475 922 [0]
441 957 [0]
462 936 [0]
410 992 [0]
679 723 [0]
540 863 [0]
672 733 [0]
552 867 [0]
480 940 [0]
581 842 [1]
538 886 [0]
645 784 [0]
559 870 [0]
644 787 [0]
703 730 [0]
651 782 [0]
704 734 [0]
525 913 [1]
467 976 [0]
597 842 [4]
558 889 [0]
556 892 [4]
565 882 [5]
469 989 [0]
571 887 [0]
517 943 [0]
605 852 [5]
499 963 [0]
558 906 [0]
641 823 [0]
479 986 [0]
677 789 [2]
552 918 [2]
549 924 [0]
725 749 [0]
585 892 [0]
550 928 [1]
691 789 [0]
626 858 [0]
679 806 [0]
710 777 [0]
613 881 [0]
719 775 [0]
530 969 [0]
540 960 [0]
597 908 [0]
672 840 [0]
689 824 [0]
516 999 [0]
607 909 [0]
655 864 [1]
605 910 [5]
644 878 [0]
715 808 [0]
546 978 [0]
714 813 [0]
672 855 [3]
558 970 [6]
619 915 [0]
684 851 [0]
542 998 [0]
704 836 [0]
603 938 [0]
561 981 [0]
605 937 [5]
552 997 [2]
735 820 [0]
622 935 [0]
589 971 [0]
618 947 [0]
763 805 [0]
771 798 [0]
770 800 [0]
734 836 [0]
733 840 [0]
605 972 [0]
647 931 [0]
616 967 [2]
733 855 [1]
667 930 [0]
794 803 [0]
762 837 [0]
737 864 [0]
774 829 [0]
715 891 [0]
668 946 [0]
774 844 [0]
718 908 [0]
719 910 [1]
810 830 [0]
716 925 [0]
649 995 [0]
781 869 [0]
818 834 [0]
741 921 [0]
822 845 [0]
829 844 [0]
794 880 [1]
686 996 [0]
803 880 [0]
780 907 [0]
740 967 [0]
775 937 [0]
818 895 [3]
845 873 [0]
729 991 [0]
738 982 [0]
735 988 [3]
834 895 [0]
793 940 [0]
743 994 [0]
821 955 [0]
832 952 [0]
867 918 [0]
889 906 [0]
809 989 [0]
826 984 [0]
826 987 [0]
889 970 [0]
912 958 [0]
951 956 [0]
