32
3
24
2
17
13
26
5
28
9
19
14
7
8
0
11
16
15
6
29
1
25
22
31
27
18
20
12
3
23
30
21
10
4
0 5 [1]
2 10 [0]
5 8 [1]
1 15 [1]
6 11 [2]
5 13 [1]
9 12 [2]
8 11 [2]
6 16 [0]
8 12 [2]
8 14 [0]
5 17 [2]
11 13 [1]
9 14 [2]
4 21 [1]
1 25 [1]
11 15 [2]
11 16 [1]
4 24 [1]
10 17 [0]
2 28 [2]
14 16 [0]
8 20 [2]
15 16 [1]
10 21 [1]
9 23 [0]
1 29 [1]
14 19 [0]
10 24 [0]
13 21 [0]
6 29 [0]
7 28 [1]
16 19 [0]
6 27 [2]
12 24 [2]
4 30 [2]
8 27 [2]
18 20 [1]
12 27 [0]
13 26 [2]
11 27 [2]
17 24 [1]
20 23 [1]
18 27 [2]
21 25 [1]
19 28 [1]
16 30 [1]
19 31 [0]
20 30 [1]
23 28 [0]
20 31 [1]
22 31 [0]
23 30 [0]
21 30 [1]
25 29 [0]
23 31 [0]
25 31 [0]
27 31 [0]
