500
2
250
17
180
181
52
156
175
116
66
30
117
157
189
19
420
61
178
60
192
241
42
271
219
90
102
193
119
84
118
237
91
18
151
62
150
279
106
276
405
21
277
125
263
23
209
134
194
208
107
124
195
228
342
304
72
172
229
7
22
63
12
73
92
299
37
1
36
93
199
375
132
265
0
10
80
76
28
50
29
51
74
300
283
301
88
89
6
3
14
287
286
354
395
4
8
53
58
56
69
13
131
59
188
54
16
44
140
33
103
39
114
48
27
65
153
338
123
98
34
5
256
111
100
26
94
396
196
316
317
115
38
222
285
137
41
95
99
136
197
164
110
9
167
86
335
128
464
40
334
200
87
166
465
309
201
35
135
49
154
20
252
253
129
25
46
146
280
64
101
47
239
302
281
112
142
303
355
329
337
173
202
160
203
31
480
294
185
233
385
97
184
161
384
232
295
416
417
481
411
433
345
96
344
71
282
120
452
453
455
432
454
410
485
328
458
336
459
498
499
305
369
484
448
457
461
376
437
223
143
165
255
145
182
254
227
183
226
258
113
358
359
236
210
177
261
144
176
211
55
15
204
179
240
105
341
270
24
221
109
138
205
315
399
314
398
430
325
370
104
190
371
415
191
220
414
324
126
78
330
435
331
108
45
43
434
372
217
412
321
387
242
79
127
216
386
442
67
443
243
440
373
413
438
362
168
174
472
473
326
441
421
85
139
320
439
490
491
346
340
347
431
260
310
428
218
429
259
366
141
152
367
379
378
409
262
388
311
389
238
467
466
147
489
496
365
155
364
488
377
308
353
451
450
401
352
400
460
284
497
333
332
408
486
487
397
339
483
122
482
257
163
422
246
186
213
68
212
244
247
245
475
474
380
187
130
381
478
479
423
158
148
57
273
360
235
272
159
361
463
234
462
477
198
149
476
162
11
2
133
81
170
77
82
215
225
266
446
291
293
171
32
214
224
274
296
248
350
289
297
290
207
249
349
306
307
374
264
312
206
83
275
449
313
393
348
392
470
471
426
427
351
288
403
267
407
356
357
402
418
406
424
425
419
292
495
494
447
394
469
70
75
121
468
298
382
436
456
444
445
391
368
343
383
390
493
492
404
322
323
278
269
268
319
327
169
231
251
230
363
318
0 1 [0]
0 4 [1]
3 6 [0]
0 8 [1]
4 8 [0]
2 11 [0]
4 11 [1]
3 14 [0]
6 14 [1]
7 22 [0]
1 36 [0]
0 36 [0]
5 34 [0]
10 37 [0]
0 59 [0]
16 44 [0]
8 53 [0]
0 69 [1]
16 54 [0]
15 55 [0]
25 46 [0]
27 48 [0]
4 70 [1]
12 63 [0]
28 50 [0]
29 50 [0]
29 51 [0]
13 69 [0]
12 73 [0]
22 63 [0]
43 45 [0]
10 80 [0]
27 65 [0]
1 93 [1]
6 89 [0]
47 48 [0]
30 66 [0]
44 54 [1]
38 65 [0]
12 92 [0]
28 76 [0]
29 75 [1]
18 91 [0]
53 58 [0]
28 83 [1]
48 65 [0]
47 65 [0]
56 58 [0]
37 80 [0]
9 110 [0]
26 94 [0]
4 121 [1]
51 74 [0]
56 69 [0]
50 75 [1]
36 93 [0]
0 131 [0]
1 132 [1]
50 83 [1]
31 103 [0]
2 133 [0]
41 95 [0]
38 100 [0]
41 99 [0]
16 126 [0]
39 103 [0]
31 112 [1]
11 133 [1]
13 131 [0]
70 75 [0]
34 111 [0]
30 117 [0]
47 101 [0]
0 149 [1]
66 85 [0]
29 121 [1]
39 114 [0]
45 108 [0]
39 115 [0]
25 129 [0]
63 92 [0]
76 80 [0]
8 149 [1]
49 110 [0]
77 82 [0]
48 112 [0]
48 114 [0]
38 123 [0]
64 101 [0]
73 92 [0]
54 112 [0]
65 101 [0]
73 93 [1]
18 151 [0]
35 135 [0]
31 140 [0]
51 121 [1]
31 142 [1]
20 154 [0]
46 129 [1]
9 167 [0]
88 89 [0]
41 137 [0]
41 136 [1]
6 173 [0]
66 116 [0]
66 117 [1]
44 140 [0]
49 135 [0]
50 133 [1]
79 108 [0]
65 122 [1]
34 155 [1]
65 123 [0]
59 131 [0]
70 121 [0]
90 102 [0]
46 146 [0]
46 147 [1]
54 140 [1]
95 99 [0]
75 121 [0]
17 180 [0]
31 165 [1]
17 181 [0]
0 198 [1]
69 131 [0]
0 199 [0]
18 182 [0]
84 118 [0]
32 171 [0]
84 119 [0]
49 154 [0]
78 126 [0]
57 148 [0]
79 127 [0]
52 156 [0]
19 189 [0]
31 177 [1]
52 157 [1]
62 150 [0]
98 114 [0]
62 151 [0]
81 133 [0]
0 215 [1]
82 133 [1]
103 112 [0]
1 215 [1]
53 163 [1]
83 133 [1]
53 162 [1]
103 114 [1]
103 115 [0]
15 204 [0]
56 163 [1]
56 162 [1]
30 189 [0]
58 162 [1]
16 205 [0]
58 163 [1]
66 157 [1]
100 123 [0]
52 175 [0]
112 114 [0]
69 158 [1]
69 159 [1]
69 162 [1]
107 124 [0]
69 163 [1]
95 136 [1]
23 209 [0]
52 181 [0]
111 122 [1]
111 123 [0]
36 199 [0]
99 136 [0]
28 206 [1]
7 229 [0]
33 203 [0]
99 137 [0]
35 201 [0]
118 119 [1]
60 178 [0]
61 178 [0]
52 189 [1]
54 188 [0]
53 188 [0]
91 151 [1]
18 226 [0]
72 172 [0]
24 221 [0]
32 214 [0]
103 143 [0]
103 142 [0]
110 135 [0]
122 123 [1]
109 138 [0]
59 188 [0]
77 170 [0]
88 161 [0]
89 160 [0]
88 160 [0]
81 170 [0]
82 170 [0]
60 192 [0]
112 140 [0]
86 167 [0]
87 166 [0]
83 171 [1]
112 142 [0]
44 211 [0]
103 153 [0]
13 246 [1]
55 204 [0]
5 256 [0]
89 173 [0]
110 154 [0]
25 239 [0]
55 211 [0]
17 250 [0]
69 198 [1]
115 153 [0]
103 165 [0]
30 242 [0]
135 137 [0]
20 252 [0]
91 183 [0]
117 157 [0]
20 253 [1]
38 238 [1]
68 212 [0]
97 184 [0]
68 213 [0]
42 241 [0]
129 154 [0]
23 262 [0]
27 257 [1]
23 263 [0]
31 255 [1]
47 239 [0]
87 200 [0]
34 253 [0]
3 286 [0]
87 201 [1]
83 206 [0]
34 256 [0]
3 287 [0]
116 175 [0]
116 174 [0]
89 202 [0]
77 215 [1]
93 199 [0]
88 203 [0]
6 286 [0]
34 257 [1]
141 152 [0]
24 270 [0]
104 190 [0]
102 193 [0]
99 197 [0]
18 277 [0]
32 264 [1]
79 216 [1]
18 278 [1]
82 215 [0]
21 277 [0]
0 299 [0]
60 241 [0]
137 164 [0]
14 287 [0]
37 265 [0]
64 238 [1]
147 155 [0]
65 238 [1]
133 170 [1]
107 195 [0]
44 260 [0]
61 243 [0]
133 171 [1]
7 298 [1]
25 280 [0]
148 158 [0]
117 189 [0]
90 218 [0]
143 164 [1]
143 165 [0]
66 242 [0]
90 219 [0]
110 201 [0]
102 210 [0]
119 193 [0]
68 244 [0]
42 271 [0]
68 245 [0]
107 208 [0]
68 247 [1]
130 187 [0]
91 226 [0]
38 280 [0]
131 188 [1]
34 284 [1]
144 176 [0]
34 285 [0]
158 162 [0]
102 218 [0]
22 298 [1]
79 242 [0]
84 237 [0]
32 288 [0]
32 290 [1]
22 299 [1]
102 219 [1]
103 222 [0]
108 216 [0]
85 242 [1]
91 236 [0]
145 182 [0]
41 285 [0]
46 280 [0]
25 302 [0]
91 237 [0]
134 194 [0]
145 183 [0]
32 297 [1]
60 269 [1]
60 268 [1]
48 281 [0]
15 315 [1]
109 221 [0]
57 273 [0]
156 175 [0]
51 283 [0]
17 318 [1]
91 243 [0]
6 329 [0]
17 319 [0]
156 181 [1]
107 229 [1]
135 201 [0]
157 181 [1]
101 238 [1]
101 239 [1]
12 328 [0]
16 324 [0]
26 316 [0]
31 311 [1]
168 174 [0]
69 272 [1]
138 205 [0]
127 216 [0]
134 209 [0]
6 337 [0]
32 312 [1]
64 280 [0]
130 213 [0]
14 329 [0]
26 317 [0]
17 327 [0]
105 240 [0]
161 184 [0]
5 339 [1]
157 189 [0]
149 198 [0]
24 325 [0]
37 313 [1]
47 302 [1]
49 302 [0]
48 302 [0]
51 300 [0]
124 228 [0]
163 188 [1]
71 282 [0]
124 229 [1]
51 301 [1]
49 303 [0]
98 256 [0]
144 211 [0]
118 237 [0]
119 237 [1]
39 317 [0]
54 303 [0]
83 275 [0]
26 333 [1]
59 299 [0]
137 223 [1]
180 181 [0]
63 299 [0]
119 243 [0]
160 202 [0]
118 243 [0]
9 352 [1]
110 252 [0]
144 218 [1]
42 320 [0]
160 203 [0]
8 355 [0]
26 338 [0]
166 200 [0]
143 223 [0]
34 333 [1]
67 299 [0]
14 355 [0]
127 242 [0]
14 354 [1]
55 314 [1]
178 193 [1]
113 258 [0]
178 192 [0]
73 299 [1]
145 227 [0]
29 345 [0]
40 334 [0]
88 286 [1]
81 292 [0]
74 300 [0]
152 223 [1]
81 293 [1]
173 202 [0]
153 222 [0]
89 286 [1]
186 188 [1]
1 375 [1]
74 301 [1]
7 369 [0]
72 304 [0]
18 359 [0]
72 305 [0]
52 326 [0]
101 280 [0]
95 285 [0]
12 368 [1]
145 236 [1]
106 276 [0]
129 253 [0]
179 204 [0]
148 234 [1]
61 321 [0]
42 341 [0]
18 366 [0]
99 285 [0]
66 319 [1]
106 279 [0]
20 364 [1]
164 222 [0]
62 323 [1]
176 211 [0]
156 230 [1]
177 210 [0]
35 353 [1]
125 263 [0]
164 223 [1]
76 313 [1]
88 301 [0]
42 346 [0]
22 369 [0]
92 299 [0]
63 328 [0]
158 235 [0]
112 281 [0]
93 299 [1]
0 394 [1]
24 370 [0]
80 313 [1]
41 352 [1]
66 327 [1]
176 219 [0]
176 218 [1]
110 285 [0]
51 345 [0]
87 309 [1]
134 262 [0]
171 224 [0]
10 385 [0]
111 284 [1]
132 265 [0]
145 254 [0]
186 213 [0]
4 395 [0]
4 394 [1]
187 213 [0]
169 231 [0]
145 255 [0]
172 229 [0]
140 260 [0]
73 328 [0]
120 282 [0]
125 277 [0]
194 208 [0]
18 383 [1]
55 347 [1]
16 386 [0]
193 210 [0]
8 395 [0]
144 260 [1]
49 355 [0]
145 259 [1]
106 298 [1]
202 203 [1]
144 261 [0]
32 374 [1]
11 394 [0]
154 252 [0]
53 355 [0]
155 253 [1]
156 251 [1]
78 330 [0]
54 355 [0]
183 226 [0]
78 331 [0]
180 230 [1]
183 227 [0]
14 395 [1]
72 337 [0]
9 400 [1]
21 390 [1]
181 230 [1]
190 221 [0]
191 220 [0]
9 401 [1]
35 377 [1]
193 219 [1]
37 374 [1]
15 398 [1]
21 391 [1]
15 399 [1]
29 385 [0]
112 303 [1]
25 389 [1]
71 344 [0]
16 399 [0]
57 360 [1]
30 386 [0]
41 377 [1]
57 361 [1]
185 233 [0]
169 250 [0]
171 248 [1]
178 241 [0]
183 236 [0]
110 309 [0]
179 240 [0]
165 255 [0]
169 251 [0]
148 273 [0]
86 335 [0]
121 301 [1]
178 243 [0]
195 228 [0]
26 396 [1]
132 291 [1]
112 311 [1]
21 405 [0]
146 280 [0]
133 293 [1]
66 362 [0]
150 279 [0]
193 236 [0]
151 279 [0]
151 278 [1]
193 237 [1]
66 363 [1]
99 332 [1]
159 272 [0]
69 361 [1]
180 250 [1]
63 369 [0]
94 338 [0]
147 284 [0]
186 246 [0]
63 368 [1]
115 317 [0]
192 241 [0]
177 255 [1]
188 245 [1]
186 247 [1]
109 324 [1]
50 385 [0]
188 247 [1]
182 254 [0]
13 422 [1]
98 338 [0]
39 397 [1]
13 423 [1]
193 243 [0]
218 219 [0]
24 414 [0]
98 339 [1]
214 224 [0]
177 261 [0]
49 388 [1]
19 420 [0]
24 415 [0]
108 331 [0]
132 306 [1]
49 389 [1]
155 284 [0]
215 225 [0]
132 307 [1]
96 344 [0]
96 345 [0]
183 258 [1]
54 386 [0]
87 353 [1]
41 401 [1]
116 327 [1]
204 240 [1]
44 399 [0]
171 274 [1]
210 236 [0]
171 275 [1]
105 341 [0]
85 362 [0]
178 269 [1]
1 447 [1]
115 332 [1]
179 270 [0]
61 387 [0]
115 333 [1]
73 375 [1]
151 299 [0]
107 342 [0]
126 324 [0]
105 346 [1]
107 343 [1]
140 310 [0]
79 373 [1]
140 311 [1]
114 338 [0]
105 347 [1]
55 398 [1]
55 399 [1]
126 330 [0]
207 249 [0]
212 244 [0]
212 245 [0]
228 229 [1]
126 331 [0]
19 440 [0]
31 428 [1]
171 288 [0]
213 246 [0]
127 331 [0]
139 320 [0]
23 437 [0]
92 368 [1]
212 247 [1]
191 270 [0]
19 441 [0]
213 247 [1]
192 268 [1]
29 433 [0]
7 456 [1]
128 335 [0]
170 292 [0]
193 269 [1]
161 301 [0]
138 324 [1]
138 325 [0]
171 293 [0]
21 444 [1]
210 255 [1]
62 404 [1]
124 343 [1]
93 375 [1]
23 445 [1]
198 272 [0]
2 469 [0]
209 262 [0]
211 260 [1]
2 468 [0]
113 358 [0]
4 468 [1]
88 384 [0]
150 323 [1]
113 359 [1]
236 237 [0]
104 370 [0]
4 469 [1]
9 465 [0]
151 322 [1]
151 323 [1]
28 448 [0]
82 394 [0]
157 319 [1]
172 304 [1]
104 371 [1]
21 456 [1]
43 434 [0]
116 362 [0]
28 449 [1]
172 305 [0]
11 468 [0]
109 370 [0]
185 294 [0]
42 438 [0]
237 243 [0]
116 363 [1]
230 250 [0]
109 371 [0]
227 254 [0]
108 373 [1]
206 275 [0]
230 251 [0]
61 420 [0]
97 385 [0]
197 285 [0]
231 250 [0]
42 439 [0]
215 266 [1]
109 372 [1]
171 312 [1]
156 327 [1]
226 258 [0]
227 258 [1]
8 476 [1]
227 259 [1]
55 431 [1]
184 301 [0]
219 269 [1]
5 483 [1]
135 355 [0]
220 270 [0]
134 355 [0]
219 271 [0]
94 396 [0]
94 397 [1]
236 255 [0]
244 247 [0]
225 266 [0]
69 422 [1]
221 270 [1]
245 247 [0]
52 441 [0]
129 364 [1]
10 484 [0]
10 485 [0]
169 327 [0]
207 290 [0]
224 274 [0]
180 318 [1]
126 372 [0]
199 299 [0]
7 493 [1]
112 388 [1]
61 438 [0]
223 277 [0]
181 319 [0]
61 440 [0]
173 328 [1]
250 251 [0]
167 335 [0]
175 327 [0]
175 326 [0]
214 288 [0]
59 443 [0]
71 432 [0]
40 464 [0]
252 253 [0]
85 420 [0]
132 374 [1]
40 465 [0]
38 467 [1]
85 421 [1]
132 375 [0]
67 440 [1]
141 366 [0]
235 272 [0]
138 370 [0]
148 360 [0]
99 408 [1]
67 442 [0]
20 488 [1]
110 400 [1]
27 483 [1]
27 482 [1]
67 443 [1]
241 268 [1]
173 337 [0]
201 309 [0]
241 269 [1]
143 367 [1]
135 376 [1]
145 366 [1]
134 376 [0]
214 297 [1]
130 381 [0]
103 409 [1]
126 386 [0]
147 365 [0]
241 271 [1]
196 316 [0]
114 397 [1]
78 435 [1]
26 487 [1]
97 416 [1]
224 288 [0]
28 484 [0]
33 480 [0]
135 377 [1]
46 466 [1]
137 377 [1]
137 376 [1]
127 386 [1]
254 259 [1]
33 481 [0]
97 417 [1]
34 482 [1]
121 395 [1]
176 340 [1]
129 389 [1]
158 360 [0]
206 312 [0]
34 483 [1]
204 315 [1]
239 280 [0]
238 280 [1]
152 367 [0]
155 365 [0]
159 361 [0]
50 469 [1]
141 378 [0]
205 315 [0]
141 379 [0]
179 341 [0]
57 463 [1]
171 351 [0]
37 485 [0]
176 347 [1]
115 408 [1]
76 448 [0]
71 454 [0]
76 449 [1]
71 455 [0]
133 394 [0]
232 295 [0]
80 448 [0]
96 432 [0]
233 294 [0]
205 324 [1]
152 378 [0]
53 476 [1]
197 332 [1]
204 325 [1]
168 362 [0]
97 433 [1]
205 325 [0]
152 379 [0]
197 333 [1]
69 463 [1]
165 367 [1]
165 366 [1]
102 429 [0]
91 440 [0]
228 304 [1]
48 483 [1]
151 382 [1]
229 304 [1]
43 491 [1]
200 334 [0]
229 305 [0]
43 490 [1]
50 484 [0]
45 490 [1]
46 489 [1]
40 497 [1]
40 496 [1]
45 491 [1]
252 285 [0]
195 342 [0]
86 450 [1]
87 451 [1]
86 451 [1]
195 343 [1]
253 285 [0]
70 469 [0]
239 302 [0]
248 293 [1]
269 271 [1]
182 359 [1]
154 389 [1]
108 434 [0]
188 355 [0]
68 475 [0]
248 296 [0]
161 384 [0]
75 469 [1]
69 477 [1]
137 408 [1]
65 482 [1]
216 331 [0]
182 366 [1]
96 453 [1]
96 452 [1]
86 464 [1]
96 454 [0]
87 464 [0]
208 342 [0]
96 455 [1]
143 409 [1]
87 465 [1]
150 404 [1]
201 353 [1]
276 279 [0]
151 404 [1]
131 423 [1]
207 349 [1]
85 473 [1]
211 347 [1]
231 327 [1]
267 292 [0]
190 370 [0]
219 340 [0]
125 436 [1]
153 408 [1]
190 371 [0]
126 434 [0]
63 499 [0]
126 435 [1]
125 437 [0]
80 484 [0]
107 456 [1]
100 467 [1]
187 380 [0]
250 318 [0]
184 384 [1]
88 481 [0]
167 401 [1]
140 428 [1]
260 310 [0]
125 444 [1]
274 296 [0]
77 494 [0]
134 437 [0]
228 342 [0]
228 343 [1]
120 452 [0]
144 428 [1]
120 453 [0]
144 429 [1]
164 409 [1]
164 408 [1]
286 287 [0]
137 437 [1]
188 386 [0]
110 465 [0]
264 312 [0]
189 386 [0]
264 313 [0]
139 438 [0]
250 327 [0]
132 446 [1]
279 298 [1]
111 466 [1]
251 327 [1]
139 439 [0]
111 467 [1]
134 444 [1]
279 299 [0]
132 447 [1]
240 341 [0]
98 483 [1]
281 302 [0]
283 300 [0]
290 293 [1]
226 358 [0]
291 293 [0]
283 301 [0]
292 293 [0]
163 422 [0]
289 297 [0]
98 487 [1]
226 359 [0]
240 347 [1]
275 312 [0]
227 359 [1]
290 297 [0]
286 301 [1]
116 473 [0]
256 333 [1]
116 472 [0]
217 372 [0]
223 367 [1]
151 440 [0]
123 467 [1]
134 456 [1]
196 396 [0]
221 370 [0]
134 457 [0]
221 371 [0]
128 464 [0]
196 397 [1]
221 372 [0]
213 380 [0]
128 465 [0]
111 482 [1]
185 410 [1]
235 360 [0]
179 415 [0]
135 461 [1]
256 339 [1]
135 460 [1]
134 461 [0]
235 361 [0]
114 483 [1]
290 307 [1]
229 369 [0]
291 306 [1]
298 299 [1]
249 349 [0]
108 490 [1]
248 350 [0]
137 460 [1]
106 493 [1]
293 306 [1]
108 491 [1]
184 416 [1]
248 351 [0]
207 392 [0]
223 378 [1]
279 323 [1]
133 469 [0]
300 301 [1]
122 482 [0]
177 428 [1]
205 399 [0]
191 415 [0]
177 429 [1]
191 414 [1]
130 478 [0]
130 479 [0]
186 423 [1]
215 394 [0]
148 463 [1]
188 423 [1]
271 340 [0]
270 341 [0]
148 462 [1]
211 399 [1]
147 466 [0]
306 307 [0]
146 466 [1]
254 359 [1]
146 467 [1]
242 373 [1]
258 358 [0]
232 384 [0]
129 488 [1]
184 433 [0]
253 364 [1]
271 346 [0]
178 438 [0]
167 450 [1]
258 359 [1]
233 385 [0]
204 415 [0]
129 489 [1]
285 333 [1]
215 403 [0]
253 365 [1]
255 366 [1]
215 407 [0]
149 476 [0]
312 313 [0]
274 351 [0]
148 477 [1]
246 380 [0]
282 344 [1]
242 386 [1]
283 345 [0]
225 403 [0]
189 440 [0]
242 387 [0]
217 412 [0]
189 441 [0]
217 413 [1]
173 458 [1]
188 443 [0]
222 409 [1]
188 442 [0]
222 408 [1]
166 465 [0]
167 465 [0]
189 442 [0]
273 360 [0]
272 361 [0]
304 329 [0]
316 317 [0]
220 414 [0]
158 476 [0]
158 477 [0]
204 431 [1]
205 430 [0]
204 430 [1]
147 489 [0]
163 474 [0]
285 352 [1]
162 476 [0]
264 374 [0]
265 374 [1]
290 349 [1]
210 429 [1]
289 350 [0]
286 354 [0]
168 472 [1]
249 392 [0]
304 337 [0]
265 375 [0]
214 426 [0]
168 473 [1]
290 350 [1]
270 372 [0]
287 354 [1]
277 366 [0]
293 349 [1]
150 492 [1]
154 488 [1]
305 337 [1]
293 350 [1]
233 410 [1]
233 411 [1]
174 472 [0]
296 350 [0]
319 327 [0]
304 342 [0]
209 436 [1]
174 473 [0]
297 350 [1]
218 429 [0]
291 357 [0]
296 351 [0]
232 416 [0]
232 417 [0]
175 473 [0]
224 426 [0]
194 456 [1]
317 333 [1]
224 427 [0]
194 457 [0]
209 444 [1]
206 449 [0]
209 445 [1]
306 349 [0]
277 378 [0]
242 413 [1]
303 355 [0]
173 485 [1]
277 383 [1]
278 382 [0]
223 437 [0]
308 353 [0]
278 383 [0]
321 341 [0]
215 447 [0]
166 496 [1]
188 474 [1]
242 421 [1]
290 374 [1]
188 475 [1]
200 464 [0]
170 494 [0]
187 478 [0]
208 457 [0]
208 456 [1]
332 333 [0]
329 337 [0]
277 390 [1]
246 422 [0]
246 423 [0]
281 388 [1]
225 446 [0]
173 498 [1]
240 431 [1]
329 342 [0]
267 407 [0]
198 476 [0]
241 438 [0]
276 405 [0]
307 374 [0]
286 395 [0]
290 392 [0]
202 480 [1]
203 480 [0]
243 440 [0]
203 481 [0]
329 355 [0]
197 486 [1]
270 414 [0]
229 456 [1]
308 377 [0]
270 415 [0]
267 419 [0]
285 400 [1]
340 346 [0]
313 374 [0]
340 347 [0]
341 346 [1]
213 475 [0]
260 428 [1]
202 485 [1]
261 428 [1]
302 389 [1]
303 388 [1]
327 363 [1]
261 429 [1]
302 388 [1]
213 479 [0]
291 402 [0]
346 347 [1]
321 372 [0]
293 402 [0]
325 370 [0]
292 402 [1]
200 496 [1]
234 462 [0]
234 463 [0]
324 372 [0]
301 395 [1]
200 497 [1]
262 437 [1]
263 436 [1]
274 427 [0]
263 437 [0]
307 393 [0]
328 375 [0]
294 410 [1]
322 382 [0]
294 411 [1]
322 383 [0]
263 445 [1]
321 387 [0]
215 494 [0]
308 401 [0]
295 416 [0]
235 476 [0]
266 446 [0]
314 398 [0]
292 419 [1]
316 397 [1]
295 417 [1]
316 396 [0]
356 357 [0]
314 399 [0]
341 372 [0]
315 399 [0]
233 481 [1]
266 447 [0]
317 397 [1]
277 437 [0]
289 427 [0]
289 426 [0]
358 359 [0]
331 386 [0]
292 425 [1]
245 475 [0]
249 471 [0]
360 361 [1]
277 444 [1]
297 426 [0]
296 427 [0]
322 404 [0]
322 405 [1]
229 499 [0]
353 377 [1]
321 412 [0]
321 413 [1]
301 433 [0]
366 367 [1]
282 453 [0]
282 452 [1]
283 453 [0]
338 397 [1]
282 455 [0]
291 446 [0]
310 428 [0]
257 482 [0]
299 440 [0]
257 483 [0]
325 415 [1]
332 408 [0]
348 392 [0]
348 393 [0]
253 489 [1]
370 371 [1]
299 443 [0]
256 487 [1]
315 430 [0]
366 378 [0]
366 379 [0]
372 373 [1]
367 379 [0]
280 467 [1]
272 476 [0]
354 395 [0]
265 485 [0]
355 395 [0]
284 466 [0]
352 400 [0]
352 401 [0]
301 453 [0]
325 430 [0]
308 451 [0]
321 438 [1]
320 439 [0]
308 450 [0]
320 438 [1]
357 402 [0]
321 439 [1]
267 494 [1]
312 449 [0]
357 403 [1]
290 470 [0]
313 449 [0]
356 407 [0]
382 383 [0]
330 435 [0]
331 435 [0]
326 441 [0]
276 492 [1]
276 493 [1]
279 492 [1]
294 480 [0]
309 465 [0]
356 418 [0]
383 390 [0]
357 418 [0]
356 419 [0]
345 433 [0]
350 427 [0]
306 471 [0]
347 431 [0]
377 401 [0]
307 470 [0]
307 471 [0]
294 485 [1]
356 424 [0]
341 439 [1]
356 425 [1]
372 412 [0]
372 413 [1]
373 413 [0]
328 458 [0]
292 494 [1]
329 457 [1]
383 405 [1]
298 493 [0]
396 397 [1]
336 458 [0]
336 459 [0]
390 405 [1]
391 405 [1]
385 410 [1]
344 452 [1]
344 454 [0]
398 399 [0]
335 464 [1]
342 457 [0]
345 453 [1]
326 473 [0]
335 465 [0]
384 416 [0]
384 417 [0]
387 413 [1]
345 455 [1]
380 422 [0]
385 417 [1]
305 499 [0]
353 451 [0]
357 446 [0]
372 434 [0]
373 434 [1]
387 420 [0]
387 421 [1]
403 407 [0]
404 405 [1]
355 457 [1]
376 437 [0]
328 485 [0]
355 461 [1]
332 486 [0]
348 470 [1]
385 433 [1]
333 486 [0]
348 471 [1]
402 418 [0]
333 487 [0]
349 471 [0]
331 491 [1]
339 483 [0]
361 463 [0]
406 418 [0]
338 487 [1]
412 413 [1]
407 419 [0]
328 499 [0]
402 425 [1]
386 442 [0]
414 415 [1]
406 424 [0]
406 425 [0]
334 496 [1]
334 497 [1]
416 417 [0]
336 498 [0]
362 473 [1]
362 472 [1]
337 498 [1]
377 460 [0]
376 461 [0]
337 499 [1]
420 421 [0]
418 424 [1]
419 425 [0]
418 425 [1]
391 456 [0]
424 425 [0]
403 446 [0]
401 450 [0]
357 495 [1]
364 488 [0]
356 495 [1]
426 427 [0]
380 474 [0]
365 489 [0]
381 474 [1]
380 478 [1]
381 478 [0]
420 441 [0]
381 479 [1]
375 485 [0]
420 440 [0]
392 470 [0]
392 471 [0]
393 471 [1]
393 470 [1]
384 481 [0]
385 481 [1]
369 499 [1]
385 485 [1]
385 484 [1]
434 435 [0]
438 439 [1]
436 444 [0]
436 445 [0]
440 442 [1]
391 493 [0]
442 443 [1]
432 454 [0]
432 455 [0]
433 453 [1]
433 455 [1]
411 481 [0]
411 480 [1]
420 473 [0]
446 447 [0]
410 485 [0]
404 492 [0]
422 474 [0]
405 492 [1]
403 495 [0]
417 481 [0]
405 493 [1]
444 456 [0]
407 494 [1]
450 451 [0]
407 495 [1]
452 453 [0]
453 455 [0]
441 473 [1]
451 464 [1]
458 459 [1]
434 490 [1]
462 463 [0]
434 491 [1]
435 491 [1]
464 465 [0]
448 484 [0]
466 467 [0]
468 469 [0]
462 477 [0]
463 477 [0]
474 475 [0]
456 493 [0]
474 478 [1]
474 479 [1]
475 479 [1]
459 498 [0]
458 498 [1]
458 499 [0]
459 499 [0]
464 497 [1]
480 481 [0]
465 496 [1]
480 485 [1]
498 499 [0]
