1600
12
41
180
320
353
414
958
1287
1533
800
322
72
196
456
27
83
261
47
150
218
119
224
698
305
169
703
435
101
274
87
135
92
343
380
12
262
30
278
113
5
1312
156
171
515
133
256
277
102
387
129
533
276
713
1320
444
50
327
67
474
170
89
157
650
57
319
429
185
537
70
118
225
1224
104
215
0
95
76
582
212
201
100
249
34
64
989
254
684
547
62
49
452
138
38
8
705
177
16
146
65
402
231
241
1
541
791
9
403
672
121
202
356
287
501
136
128
798
819
405
273
390
203
404
638
592
74
73
660
71
518
337
340
33
21
335
187
93
60
26
48
913
195
897
386
182
167
219
505
357
281
44
538
385
11
24
227
7
107
397
66
333
142
449
754
634
299
497
925
332
35
140
271
55
600
108
953
79
751
725
618
36
510
247
744
378
577
6
973
164
68
144
374
293
85
192
664
303
149
616
159
115
525
173
870
461
147
90
570
80
205
393
289
110
455
88
763
105
181
655
158
132
42
52
408
175
680
111
106
640
486
653
148
373
410
709
434
997
1078
22
145
364
234
602
665
606
825
253
1044
103
1215
239
495
906
1020
409
920
282
344
272
342
459
513
371
860
527
325
530
130
1112
605
1140
552
835
396
535
206
1337
524
810
683
886
313
574
629
681
508
580
389
270
696
338
323
383
236
976
151
631
661
360
1049
485
339
938
2
624
359
186
770
450
1065
59
607
69
566
1486
18
394
1031
857
493
489
54
523
823
887
37
178
882
40
834
471
426
306
562
97
849
242
1103
127
295
641
1406
632
134
644
355
285
123
528
756
208
1246
480
900
659
1076
576
304
587
567
176
777
473
425
391
420
948
692
82
23
771
604
494
609
372
448
230
1141
500
399
685
788
31
1256
822
184
667
614
29
499
345
711
1093
520
112
1388
880
1009
56
346
243
194
300
392
697
122
1351
488
370
160
952
220
13
1165
879
891
469
936
828
296
1077
379
174
223
328
99
586
1245
191
1094
990
1314
216
908
623
710
779
972
1321
445
457
1115
719
682
889
347
481
1052
572
859
575
596
78
39
291
263
418
126
454
238
630
131
45
367
693
193
654
411
590
553
1380
384
75
686
255
314
28
804
1317
197
210
288
617
1155
496
837
63
316
540
563
267
283
862
246
143
1259
58
546
498
381
183
251
478
294
382
783
1110
421
1480
152
125
124
400
43
915
1041
1152
188
221
747
1308
264
179
730
1196
503
237
428
894
1176
460
841
375
416
1262
235
479
645
940
257
266
735
1192
286
162
847
960
543
312
1074
1540
1124
259
1132
213
824
1043
155
161
1485
526
809
812
109
565
1082
10
116
687
851
482
550
228
244
204
165
1010
803
1139
472
198
832
430
439
424
368
838
331
292
957
555
309
1437
1175
642
466
260
626
628
899
153
1304
1195
258
970
137
781
1451
1525
365
438
689
861
350
678
475
1002
695
816
189
302
4
1101
1012
1149
813
91
1219
1135
564
511
548
51
961
729
1120
963
284
775
1281
413
556
815
214
1193
1254
172
334
417
265
398
290
1242
981
1197
675
1418
951
1119
32
594
560
217
476
669
362
268
911
308
352
939
326
996
1180
1114
708
168
229
1005
1035
1204
1057
1154
1390
986
772
330
84
944
269
166
759
96
61
245
120
1018
622
1449
1220
477
621
1345
778
863
534
226
679
15
19
1189
733
1107
1113
869
969
728
643
613
1070
1272
1322
842
852
1022
864
1241
1117
748
561
888
714
433
830
752
817
491
1384
321
975
1042
843
718
1356
280
463
734
1001
608
571
1073
1264
1185
209
1479
919
467
854
1299
795
1335
1419
431
545
611
636
512
1004
1420
1015
462
875
1184
578
663
531
395
468
668
845
826
363
1432
549
1127
591
844
1521
699
649
867
207
750
514
1358
1025
366
222
412
406
865
423
907
516
1309
1257
297
317
792
77
369
785
760
1457
492
802
558
1248
1188
796
581
1338
704
1355
1379
377
1424
232
701
1460
1523
1130
743
671
419
635
3
965
738
1183
878
651
700
539
1329
1198
1258
732
1163
507
559
904
773
1067
946
1410
762
966
603
1297
532
652
1504
1330
757
551
248
1027
275
1148
1332
1453
749
896
677
985
1325
1422
876
1019
717
361
1391
856
673
1104
776
25
1199
94
348
1100
250
354
731
872
846
633
688
1170
1108
720
881
1143
1090
916
820
702
1572
199
1244
988
163
1118
1086
1590
233
1179
544
780
542
805
1136
978
1003
922
979
808
1459
707
1237
898
1099
1305
1098
1360
1585
86
1239
801
599
464
998
971
1594
774
994
1045
1400
569
1016
674
739
648
789
1318
676
836
1268
307
921
1134
1033
1534
1581
1171
529
14
114
1007
1111
1382
1491
910
1402
1577
1063
341
1106
1064
1365
933
1233
840
1203
1333
1263
1225
1597
200
557
487
1463
1286
716
758
982
432
619
765
504
536
853
1373
1293
401
932
1500
20
1456
490
1378
358
522
745
376
657
1006
992
484
1474
1137
987
1079
589
1227
746
1279
909
1051
1228
848
821
1501
46
315
442
1454
336
1381
827
1411
1524
53
901
190
1393
995
794
1307
1483
1519
1518
782
1438
1032
1235
318
427
1291
1339
407
724
1290
1121
1024
1131
1181
1030
139
877
1353
440
1444
1302
415
736
1217
884
453
883
727
1478
858
1208
949
1270
786
81
1222
1050
1564
912
885
955
1344
694
483
1231
1442
753
446
1153
1205
1151
942
1546
388
627
436
1266
1084
1569
1301
1075
1200
1446
1494
1316
1008
1517
931
1346
1210
893
831
1092
1473
637
1157
1186
1477
1284
1392
1232
1503
943
329
1147
1294
1547
1357
903
458
1252
1048
1269
1303
349
1334
1421
1216
1567
1506
871
950
868
806
1490
917
974
1105
993
892
1319
1047
98
465
579
1095
866
1122
1401
1298
1404
839
1046
769
573
1372
1538
1146
1439
1255
977
797
1011
422
1405
1561
1036
1511
1531
298
1194
593
1172
1177
1173
662
141
715
1212
1166
1370
1566
451
1565
502
923
1037
1487
1386
1413
1425
1579
554
1059
945
991
1116
742
929
927
818
595
1326
706
1088
519
1429
761
1435
1174
252
1080
584
1498
1549
764
890
956
1261
1276
1427
1313
874
1354
1445
1397
902
1071
1162
1347
833
1190
1598
1448
829
959
1058
1271
568
601
1426
1223
324
1513
1574
1097
1430
1516
962
1164
517
1580
598
1323
1062
1396
1530
240
610
1021
767
1341
1054
1352
506
967
1466
947
1280
1359
1452
1467
1340
1578
1508
1288
741
1133
1369
937
855
1394
1283
1055
1142
1544
1202
1443
470
926
1462
784
964
1522
1085
1484
740
1495
1550
1482
670
1247
612
984
1529
1249
980
1455
1374
1539
1026
1366
1221
924
1583
1563
1349
1398
1129
1492
1295
690
1562
1507
1289
1461
1450
1497
1362
799
588
1532
1434
1226
1367
1250
721
1213
1159
1331
154
1464
1029
1306
1573
351
1526
1109
1251
1465
787
1273
117
1541
1576
1441
722
211
723
1596
1182
1409
1168
1515
1158
1469
691
1277
1376
1407
1191
1552
1471
656
1556
1399
625
1234
1038
1559
441
1060
1327
17
1509
1275
1267
1599
766
1371
620
597
811
1336
301
1389
1496
1013
1238
1368
983
1403
1592
1476
1586
1377
1571
737
1584
509
968
1440
1145
1229
1207
1570
1415
1575
807
1527
1138
1160
1034
1428
1230
1296
1292
437
583
1588
1348
1040
1408
615
1560
1436
1593
1417
1240
793
1528
954
310
1537
918
1493
1557
1000
1328
1553
1568
1087
1416
1542
1510
666
521
1072
1472
1023
1282
1555
1209
1595
712
1028
1315
1274
585
1554
1150
1499
999
1187
1069
1551
1514
1260
1488
1364
941
1423
1300
1383
873
647
1096
1489
1169
1350
1278
755
1387
934
1363
1053
1061
914
1548
1091
1475
1361
1089
1481
1310
768
1589
1324
1128
1265
1536
658
1412
1211
1545
1206
1458
1582
1447
279
1433
1161
1431
1414
1014
1123
1102
1167
1201
1470
1125
1543
895
1512
1214
1081
1126
790
311
930
814
1017
1502
1311
850
928
1342
1156
1558
1520
1253
1068
1178
1218
1285
1385
1144
1587
1535
1243
1343
1056
447
1591
443
1083
726
905
935
1505
639
1039
1066
1395
1375
1468
646
1236
15 19 [0]
11 24 [0]
8 38 [0]
21 33 [0]
26 48 [0]
26 60 [0]
38 42 [7]
42 52 [0]
0 95 [0]
34 64 [0]
23 82 [0]
27 83 [0]
49 62 [0]
7 107 [0]
39 78 [0]
5 113 [0]
10 116 [0]
14 114 [0]
73 74 [0]
60 93 [0]
61 96 [0]
60 99 [1]
16 146 [0]
22 145 [0]
76 95 [0]
42 132 [0]
35 140 [0]
45 131 [0]
38 138 [0]
70 118 [0]
16 177 [0]
47 150 [0]
7 183 [10]
65 146 [0]
68 144 [0]
0 215 [0]
37 178 [0]
106 111 [0]
38 175 [7]
87 135 [0]
16 208 [1]
92 135 [0]
96 135 [1]
68 164 [0]
13 220 [0]
7 227 [0]
90 147 [0]
1 241 [0]
89 157 [0]
124 125 [0]
24 227 [0]
4 241 [11]
89 170 [0]
128 136 [0]
72 196 [0]
12 262 [0]
115 159 [0]
125 152 [0]
85 192 [0]
93 187 [0]
26 246 [10]
34 249 [0]
137 147 [1]
80 205 [0]
132 158 [0]
30 262 [0]
12 279 [8]
100 201 [0]
27 273 [5]
38 268 [1]
4 302 [0]
61 245 [0]
47 261 [0]
30 278 [0]
155 161 [0]
104 215 [0]
121 202 [0]
113 211 [1]
24 291 [10]
44 281 [0]
55 271 [0]
132 184 [10]
156 171 [0]
79 241 [7]
39 291 [0]
47 286 [1]
119 218 [0]
15 321 [3]
28 314 [0]
118 225 [0]
119 224 [0]
83 261 [0]
100 249 [0]
167 182 [0]
21 335 [0]
111 248 [1]
87 274 [0]
46 315 [0]
120 245 [0]
35 332 [0]
150 218 [0]
165 204 [0]
33 340 [0]
95 273 [6]
101 274 [0]
57 319 [0]
50 327 [0]
85 293 [0]
63 316 [0]
102 277 [0]
62 318 [3]
167 219 [0]
133 256 [0]
143 246 [0]
89 301 [1]
113 278 [0]
12 380 [0]
72 322 [0]
67 327 [0]
100 286 [10]
11 385 [0]
174 223 [0]
168 229 [0]
66 333 [0]
110 289 [0]
156 239 [7]
56 346 [0]
183 220 [1]
197 210 [0]
123 285 [0]
188 221 [0]
140 271 [0]
18 394 [0]
45 367 [0]
87 325 [0]
93 308 [11]
9 403 [0]
201 212 [0]
84 330 [0]
60 357 [0]
72 348 [1]
72 350 [1]
127 295 [0]
133 282 [7]
131 285 [11]
99 328 [0]
101 321 [11]
183 251 [0]
92 343 [0]
166 269 [0]
194 243 [0]
11 417 [11]
80 359 [2]
94 348 [0]
179 264 [0]
43 400 [0]
77 369 [0]
186 262 [1]
162 286 [0]
204 244 [0]
136 315 [1]
159 292 [1]
149 303 [0]
158 296 [1]
187 259 [10]
216 241 [2]
75 384 [0]
52 408 [0]
223 227 [10]
66 397 [0]
70 392 [2]
113 351 [1]
184 271 [10]
65 402 [0]
46 422 [1]
134 327 [7]
231 241 [0]
228 244 [0]
169 305 [0]
142 333 [0]
57 412 [11]
85 396 [1]
52 431 [1]
27 456 [0]
102 387 [0]
189 302 [0]
50 444 [0]
194 300 [0]
9 476 [11]
30 461 [6]
210 288 [0]
197 293 [10]
49 452 [0]
107 397 [0]
172 334 [0]
57 439 [10]
145 364 [0]
11 497 [4]
87 426 [1]
56 458 [1]
129 387 [0]
144 374 [0]
164 345 [10]
33 476 [11]
148 373 [0]
136 375 [10]
187 335 [0]
257 266 [0]
124 400 [0]
0 516 [11]
29 499 [0]
18 507 [4]
160 370 [0]
256 277 [0]
164 369 [1]
30 502 [3]
101 435 [0]
138 399 [1]
83 449 [6]
151 380 [7]
182 357 [0]
67 474 [0]
156 386 [1]
1 541 [0]
14 529 [0]
54 489 [0]
88 455 [0]
126 418 [0]
186 359 [0]
36 510 [0]
18 528 [3]
267 283 [0]
27 518 [6]
223 328 [0]
174 379 [0]
263 291 [0]
170 384 [2]
152 406 [1]
202 356 [0]
98 465 [0]
183 381 [0]
62 500 [2]
201 357 [6]
110 455 [0]
93 475 [1]
182 386 [0]
269 289 [11]
255 314 [0]
54 523 [0]
126 454 [0]
136 444 [1]
21 561 [1]
44 538 [0]
241 341 [1]
6 577 [0]
175 408 [0]
222 366 [0]
71 518 [0]
243 346 [0]
138 452 [0]
142 449 [0]
49 543 [1]
203 390 [0]
211 379 [5]
49 541 [6]
205 393 [0]
234 364 [0]
71 528 [1]
51 548 [0]
35 565 [1]
268 328 [4]
16 587 [1]
58 546 [0]
250 354 [0]
70 537 [0]
203 404 [0]
147 461 [0]
9 598 [1]
167 430 [11]
62 547 [0]
211 400 [2]
297 317 [0]
272 342 [0]
185 429 [0]
215 393 [7]
272 344 [0]
277 335 [6]
236 383 [0]
11 609 [2]
10 613 [1]
232 380 [11]
292 331 [0]
2 624 [0]
282 344 [0]
32 594 [0]
15 612 [1]
27 600 [1]
104 514 [11]
268 362 [0]
112 520 [0]
18 613 [1]
231 402 [0]
222 412 [0]
52 580 [2]
69 566 [0]
83 547 [5]
308 328 [1]
245 384 [8]
136 501 [0]
3 635 [0]
281 357 [0]
177 455 [7]
115 525 [0]
285 355 [0]
29 614 [0]
287 356 [0]
170 474 [0]
250 390 [4]
218 422 [4]
22 626 [1]
85 553 [10]
133 515 [0]
69 573 [8]
80 570 [0]
68 572 [10]
123 528 [0]
196 456 [0]
289 356 [7]
202 444 [6]
83 559 [11]
295 356 [2]
36 618 [0]
55 600 [0]
76 582 [0]
97 562 [0]
270 389 [0]
130 530 [0]
308 352 [0]
90 570 [0]
323 338 [0]
129 533 [0]
217 435 [10]
104 552 [7]
273 390 [0]
227 438 [1]
255 407 [3]
237 428 [0]
74 592 [0]
119 547 [1]
59 607 [0]
66 590 [10]
261 399 [7]
293 374 [0]
198 472 [0]
78 584 [9]
109 565 [0]
78 596 [0]
22 651 [1]
305 370 [1]
294 382 [0]
69 607 [0]
337 340 [0]
223 455 [1]
273 405 [0]
230 448 [0]
202 470 [8]
263 418 [0]
289 393 [0]
265 417 [0]
24 653 [7]
99 586 [0]
171 515 [0]
290 398 [0]
87 602 [0]
325 357 [7]
238 454 [0]
300 392 [0]
217 476 [0]
164 525 [4]
15 679 [0]
305 390 [1]
173 525 [0]
21 678 [1]
71 631 [1]
129 563 [10]
272 433 [1]
323 383 [0]
57 650 [0]
82 621 [4]
108 600 [0]
63 637 [9]
285 419 [8]
8 705 [0]
59 644 [10]
235 479 [0]
164 551 [1]
337 377 [4]
168 545 [6]
185 537 [0]
112 600 [10]
343 380 [0]
219 505 [0]
260 466 [0]
15 712 [1]
121 606 [0]
105 618 [4]
251 478 [0]
71 660 [0]
185 542 [4]
126 603 [3]
306 426 [0]
274 456 [2]
73 660 [0]
239 495 [0]
141 592 [1]
220 509 [5]
337 399 [2]
7 722 [9]
57 682 [1]
237 503 [0]
206 535 [0]
212 521 [8]
237 502 [2]
30 701 [11]
176 567 [0]
280 463 [0]
80 663 [1]
318 427 [0]
322 412 [11]
182 553 [10]
106 640 [0]
319 429 [0]
362 388 [1]
334 417 [0]
170 577 [6]
217 539 [1]
273 483 [1]
338 418 [1]
126 626 [4]
285 460 [11]
315 442 [0]
247 510 [0]
368 390 [1]
226 534 [0]
75 686 [0]
131 630 [0]
278 483 [1]
123 635 [4]
65 689 [10]
149 616 [0]
203 554 [8]
87 674 [4]
323 443 [0]
119 636 [11]
134 632 [0]
362 393 [11]
110 658 [1]
289 481 [1]
94 674 [2]
183 585 [2]
314 456 [2]
294 478 [0]
82 692 [0]
52 720 [3]
142 622 [11]
159 616 [0]
335 435 [6]
217 560 [0]
134 644 [0]
47 720 [11]
228 550 [0]
203 574 [2]
7 768 [5]
307 474 [1]
151 631 [0]
196 585 [1]
373 410 [0]
264 520 [1]
37 743 [4]
171 603 [11]
287 501 [0]
340 450 [1]
232 547 [11]
111 680 [0]
375 416 [0]
368 424 [0]
121 672 [0]
171 623 [1]
212 582 [0]
23 771 [0]
278 517 [1]
92 696 [7]
299 497 [0]
11 775 [11]
69 728 [1]
135 652 [11]
0 790 [9]
248 551 [0]
148 648 [3]
138 651 [11]
9 791 [0]
280 514 [6]
148 653 [0]
342 459 [0]
25 776 [0]
85 712 [5]
141 662 [0]
365 438 [0]
116 687 [0]
287 510 [7]
237 567 [1]
151 651 [4]
196 610 [1]
157 650 [0]
373 424 [11]
74 735 [1]
276 533 [0]
146 654 [10]
391 420 [0]
66 747 [1]
158 655 [0]
281 529 [3]
69 745 [1]
398 417 [0]
391 425 [0]
131 687 [1]
406 412 [0]
249 570 [0]
182 633 [4]
122 697 [0]
31 788 [0]
123 697 [1]
372 448 [0]
66 750 [4]
172 649 [1]
164 658 [1]
332 481 [10]
268 548 [8]
339 485 [0]
135 684 [5]
157 661 [7]
323 503 [1]
354 466 [6]
197 626 [4]
347 481 [0]
79 751 [0]
338 492 [1]
267 563 [0]
56 772 [4]
28 804 [0]
0 824 [10]
72 758 [4]
140 692 [2]
234 602 [0]
181 655 [0]
107 721 [9]
183 655 [1]
123 718 [1]
345 499 [0]
332 506 [8]
193 654 [0]
90 758 [1]
327 521 [1]
335 510 [3]
314 535 [1]
63 784 [2]
240 610 [0]
393 457 [1]
205 637 [8]
9 842 [1]
88 763 [0]
184 667 [0]
408 442 [1]
325 527 [0]
190 660 [3]
177 677 [1]
312 543 [0]
175 680 [0]
325 530 [0]
96 759 [0]
337 518 [0]
147 709 [0]
192 664 [0]
316 540 [0]
344 504 [8]
141 715 [0]
136 717 [4]
59 799 [1]
370 488 [0]
333 526 [1]
277 576 [7]
1 860 [0]
357 505 [0]
187 666 [9]
424 439 [0]
395 468 [0]
309 555 [0]
75 787 [2]
66 797 [1]
311 555 [1]
159 697 [10]
233 630 [3]
73 794 [1]
81 786 [0]
238 630 [0]
105 763 [0]
201 658 [9]
430 439 [0]
102 766 [1]
77 792 [0]
124 743 [3]
135 736 [1]
169 703 [0]
99 764 [9]
263 600 [10]
40 834 [0]
359 512 [4]
168 708 [0]
80 795 [1]
381 498 [0]
358 522 [0]
304 576 [0]
135 734 [11]
177 705 [0]
134 742 [6]
11 861 [11]
371 513 [0]
47 839 [1]
260 626 [0]
10 874 [2]
193 693 [0]
29 858 [1]
234 653 [1]
365 516 [6]
313 574 [0]
115 773 [1]
232 655 [1]
185 705 [1]
221 660 [10]
304 587 [0]
192 691 [9]
26 867 [1]
187 695 [11]
56 837 [1]
293 593 [8]
426 471 [0]
193 701 [3]
263 635 [1]
425 473 [0]
27 868 [4]
399 500 [0]
102 798 [1]
63 837 [0]
36 866 [1]
445 457 [0]
91 813 [0]
271 633 [1]
226 679 [0]
288 617 [0]
272 636 [1]
433 471 [4]
179 730 [0]
361 548 [1]
259 655 [1]
386 528 [1]
249 658 [9]
149 765 [3]
137 781 [0]
38 879 [2]
52 868 [1]
79 842 [1]
109 812 [0]
224 698 [0]
40 882 [0]
385 538 [0]
37 887 [0]
147 774 [3]
166 759 [0]
119 807 [1]
395 531 [0]
128 798 [0]
222 705 [1]
303 614 [10]
124 805 [1]
241 681 [7]
148 771 [10]
196 734 [1]
396 535 [0]
347 582 [2]
212 712 [8]
211 722 [0]
232 701 [0]
299 634 [0]
295 641 [0]
238 699 [1]
254 684 [0]
113 815 [10]
167 764 [8]
140 796 [4]
2 938 [0]
255 686 [0]
131 804 [7]
397 546 [1]
323 618 [2]
46 890 [7]
249 695 [1]
33 907 [4]
347 598 [1]
181 763 [1]
45 901 [1]
83 863 [1]
97 849 [0]
293 643 [11]
194 749 [8]
411 530 [10]
461 489 [2]
176 777 [0]
53 901 [0]
378 577 [0]
422 525 [8]
186 770 [0]
207 750 [0]
43 915 [0]
428 530 [1]
397 562 [1]
452 507 [1]
455 494 [10]
48 913 [0]
10 946 [6]
208 756 [0]
294 671 [1]
270 696 [0]
303 664 [0]
356 609 [2]
3 965 [0]
221 747 [0]
24 943 [1]
413 556 [0]
389 580 [0]
454 511 [4]
310 660 [1]
10 961 [1]
128 844 [1]
151 821 [1]
176 796 [1]
333 639 [0]
459 513 [0]
87 879 [7]
386 586 [2]
72 904 [1]
431 545 [0]
334 633 [9]
43 934 [1]
333 644 [1]
131 848 [1]
362 612 [5]
6 973 [0]
186 787 [6]
372 609 [0]
489 493 [0]
274 709 [0]
359 624 [0]
342 631 [10]
375 609 [1]
459 518 [7]
273 712 [1]
357 627 [1]
43 944 [1]
445 542 [1]
100 888 [1]
426 562 [0]
48 935 [6]
276 713 [0]
238 746 [6]
247 744 [0]
94 892 [5]
134 850 [7]
85 907 [1]
393 601 [1]
118 865 [11]
174 816 [4]
148 845 [1]
468 527 [1]
149 847 [1]
67 919 [11]
193 804 [1]
59 931 [8]
62 937 [1]
49 948 [2]
355 644 [0]
68 923 [8]
433 562 [4]
337 661 [2]
266 735 [0]
411 590 [0]
489 504 [8]
255 747 [1]
277 726 [0]
305 698 [0]
189 816 [0]
184 822 [0]
179 829 [1]
188 818 [2]
162 847 [0]
411 599 [1]
505 506 [1]
79 931 [1]
51 961 [0]
405 600 [7]
138 867 [11]
139 877 [0]
142 875 [1]
437 580 [1]
385 621 [11]
237 782 [1]
435 584 [1]
360 661 [0]
44 968 [9]
23 992 [6]
93 929 [1]
342 680 [1]
101 922 [1]
186 837 [1]
75 938 [11]
12 1008 [4]
387 632 [7]
432 592 [3]
241 775 [11]
350 678 [0]
84 944 [0]
214 815 [0]
198 832 [0]
227 803 [1]
169 862 [1]
362 669 [0]
79 953 [0]
376 657 [0]
63 971 [1]
338 696 [0]
175 860 [1]
164 861 [11]
179 854 [3]
213 824 [0]
80 959 [1]
133 906 [0]
151 888 [1]
168 871 [1]
359 679 [1]
335 700 [4]
485 551 [4]
68 974 [1]
404 638 [0]
387 646 [9]
517 518 [8]
173 870 [0]
499 543 [1]
201 843 [1]
257 787 [1]
487 557 [0]
465 579 [0]
498 546 [0]
471 568 [6]
92 944 [10]
149 891 [10]
432 619 [0]
439 610 [2]
196 844 [11]
92 955 [4]
219 833 [1]
153 899 [0]
196 853 [4]
64 989 [0]
447 607 [0]
419 635 [0]
345 711 [0]
511 548 [0]
284 775 [0]
474 583 [3]
367 693 [0]
178 882 [0]
121 938 [2]
108 953 [0]
60 1002 [1]
45 1018 [1]
370 693 [1]
436 627 [0]
464 599 [0]
87 965 [11]
137 927 [1]
56 1009 [0]
411 654 [0]
359 702 [4]
478 579 [9]
507 559 [0]
505 553 [10]
8 1062 [1]
346 715 [9]
256 804 [10]
379 688 [6]
18 1056 [0]
207 867 [0]
511 564 [0]
403 672 [0]
389 688 [1]
44 1032 [1]
418 658 [2]
361 717 [0]
253 825 [0]
267 812 [1]
192 888 [1]
280 802 [1]
231 848 [3]
234 837 [11]
356 724 [3]
399 685 [0]
356 729 [1]
80 1000 [5]
354 731 [0]
34 1041 [10]
325 759 [1]
135 940 [10]
123 952 [11]
23 1055 [9]
7 1079 [1]
474 612 [1]
455 631 [2]
121 968 [1]
297 792 [0]
392 697 [0]
419 671 [0]
134 947 [9]
190 901 [0]
242 849 [0]
195 897 [0]
10 1082 [0]
32 1051 [9]
510 581 [1]
6 1081 [6]
162 928 [7]
494 604 [0]
477 621 [0]
22 1078 [0]
118 978 [4]
215 886 [1]
330 772 [0]
542 560 [1]
540 563 [0]
494 609 [0]
350 755 [1]
4 1101 [0]
287 811 [8]
164 943 [1]
342 763 [2]
137 970 [0]
195 913 [0]
246 862 [0]
466 642 [0]
501 600 [7]
39 1062 [9]
160 952 [0]
68 1046 [1]
45 1070 [1]
101 1011 [4]
198 917 [2]
316 791 [10]
92 1026 [1]
314 799 [5]
164 953 [2]
367 749 [3]
410 709 [0]
114 1007 [0]
376 745 [0]
378 744 [0]
322 800 [0]
410 705 [7]
479 645 [0]
59 1065 [0]
295 821 [8]
296 828 [0]
216 908 [0]
128 997 [0]
132 990 [3]
486 640 [0]
438 689 [0]
151 976 [0]
188 940 [1]
10 1119 [1]
518 611 [1]
399 724 [6]
407 724 [0]
515 617 [1]
109 1017 [7]
473 656 [5]
164 971 [1]
80 1047 [8]
106 1030 [1]
107 1025 [4]
468 668 [0]
398 739 [1]
430 701 [6]
164 973 [0]
120 1018 [0]
501 633 [4]
435 703 [0]
160 979 [0]
486 653 [0]
333 800 [6]
99 1041 [0]
450 680 [10]
177 964 [0]
380 750 [11]
129 1001 [11]
42 1101 [0]
385 758 [0]
553 590 [0]
434 709 [0]
157 982 [4]
322 812 [10]
251 884 [9]
98 1047 [0]
476 669 [0]
239 906 [0]
283 862 [0]
76 1061 [8]
393 753 [0]
6 1141 [0]
103 1044 [0]
433 714 [0]
6 1133 [8]
452 686 [10]
512 636 [0]
114 1030 [5]
412 738 [0]
32 1119 [0]
415 736 [0]
163 988 [0]
323 830 [0]
475 678 [0]
560 594 [0]
369 785 [0]
81 1065 [8]
567 587 [0]
318 837 [0]
499 653 [3]
185 960 [10]
545 611 [0]
205 940 [11]
507 650 [0]
124 1036 [0]
261 900 [0]
27 1124 [10]
454 696 [11]
303 857 [2]
430 724 [9]
381 784 [0]
382 783 [0]
247 917 [1]
546 620 [0]
203 954 [9]
273 895 [0]
126 1040 [2]
331 838 [0]
568 601 [0]
139 1030 [0]
455 714 [1]
500 667 [3]
79 1092 [0]
575 596 [0]
220 952 [0]
459 710 [3]
328 837 [7]
226 945 [2]
49 1125 [0]
527 643 [4]
239 926 [9]
370 803 [1]
33 1142 [0]
165 1010 [0]
249 926 [1]
382 795 [0]
483 694 [0]
356 812 [10]
13 1165 [0]
571 608 [0]
395 782 [2]
268 911 [0]
390 788 [2]
16 1165 [2]
425 747 [11]
532 652 [0]
521 666 [0]
402 775 [10]
485 703 [0]
66 1121 [1]
433 744 [11]
327 859 [2]
3 1186 [0]
363 826 [0]
444 734 [11]
508 681 [0]
384 807 [0]
172 1014 [7]
531 663 [0]
359 829 [6]
257 940 [0]
431 761 [5]
364 823 [10]
38 1150 [9]
192 1000 [5]
463 734 [0]
155 1043 [0]
378 809 [11]
293 906 [0]
446 753 [0]
313 886 [0]
390 805 [4]
106 1094 [0]
104 1095 [1]
71 1131 [0]
282 920 [0]
337 865 [0]
504 692 [6]
92 1103 [7]
574 629 [0]
390 803 [10]
449 754 [0]
355 845 [4]
378 818 [8]
385 820 [0]
368 838 [0]
19 1189 [0]
493 707 [8]
234 963 [11]
530 670 [9]
169 1041 [0]
343 856 [11]
179 1032 [0]
350 861 [0]
479 729 [3]
183 1026 [2]
551 661 [0]
236 976 [0]
430 776 [6]
269 944 [0]
45 1169 [0]
578 636 [0]
146 1064 [4]
121 1094 [0]
179 1034 [2]
375 841 [0]
430 780 [6]
178 1030 [8]
171 1046 [0]
597 620 [0]
140 1076 [2]
196 1021 [1]
151 1068 [0]
148 1062 [9]
308 911 [0]
450 770 [0]
45 1166 [9]
468 753 [0]
283 938 [1]
313 899 [11]
469 744 [10]
25 1199 [0]
405 819 [0]
128 1087 [9]
598 627 [0]
0 1222 [3]
187 1039 [0]
562 655 [9]
246 978 [3]
383 843 [1]
547 669 [11]
126 1102 [0]
258 970 [0]
307 921 [0]
431 797 [0]
228 1002 [0]
592 638 [0]
127 1103 [0]
254 977 [0]
347 884 [0]
371 860 [0]
396 835 [0]
498 733 [0]
547 684 [0]
402 831 [0]
229 1005 [0]
201 1022 [11]
568 661 [6]
347 889 [0]
113 1113 [11]
539 700 [0]
198 1032 [9]
537 696 [7]
36 1193 [11]
578 663 [0]
425 811 [5]
378 855 [8]
219 1017 [6]
130 1112 [0]
254 989 [0]
277 966 [0]
389 854 [0]
65 1177 [1]
158 1086 [1]
370 866 [9]
501 745 [0]
48 1199 [0]
284 963 [0]
611 636 [0]
38 1201 [9]
47 1202 [0]
292 957 [0]
473 777 [0]
121 1130 [0]
241 1010 [0]
162 1078 [11]
61 1184 [6]
15 1235 [2]
537 715 [1]
626 628 [0]
36 1217 [1]
302 950 [2]
613 643 [0]
567 685 [5]
332 925 [0]
308 944 [5]
46 1212 [0]
158 1092 [8]
304 951 [4]
293 965 [1]
580 681 [0]
137 1122 [2]
181 1077 [3]
430 832 [0]
238 1017 [7]
197 1063 [3]
433 830 [0]
171 1083 [9]
590 669 [4]
514 750 [0]
474 788 [2]
310 954 [0]
356 909 [0]
326 939 [0]
340 922 [4]
101 1164 [1]
599 657 [10]
522 745 [0]
602 665 [0]
365 895 [7]
504 765 [0]
580 689 [1]
591 680 [0]
406 865 [0]
606 665 [0]
329 943 [0]
300 975 [0]
599 666 [11]
203 1074 [0]
339 938 [0]
607 667 [3]
18 1251 [9]
389 890 [0]
472 801 [6]
446 825 [8]
113 1168 [0]
289 992 [0]
163 1118 [0]
614 667 [0]
562 710 [11]
386 897 [0]
390 886 [7]
499 783 [1]
314 964 [5]
528 756 [0]
444 834 [7]
479 803 [3]
191 1094 [0]
99 1187 [0]
547 728 [11]
29 1258 [0]
144 1143 [0]
31 1256 [0]
423 865 [0]
150 1134 [4]
512 777 [0]
533 756 [0]
92 1194 [4]
352 939 [0]
359 926 [6]
124 1168 [0]
631 661 [0]
633 654 [6]
472 814 [7]
94 1199 [0]
492 802 [0]
630 665 [0]
201 1090 [4]
57 1235 [3]
593 698 [4]
256 1036 [4]
321 975 [0]
15 1274 [7]
253 1044 [0]
555 737 [5]
344 945 [8]
223 1070 [4]
227 1067 [4]
338 961 [1]
366 932 [2]
42 1259 [0]
498 803 [0]
536 765 [0]
460 841 [0]
275 1027 [0]
24 1274 [5]
81 1222 [0]
537 767 [0]
471 834 [0]
141 1166 [0]
380 926 [1]
491 817 [0]
254 1051 [3]
551 757 [0]
62 1245 [2]
561 748 [0]
148 1162 [0]
629 681 [0]
72 1236 [2]
91 1219 [0]
95 1209 [8]
515 790 [8]
568 741 [4]
149 1154 [11]
551 763 [1]
576 731 [8]
87 1224 [5]
503 808 [6]
577 739 [1]
295 1018 [4]
5 1312 [0]
58 1259 [0]
103 1215 [0]
59 1252 [8]
186 1135 [0]
467 854 [0]
400 922 [0]
627 694 [1]
542 780 [0]
428 894 [0]
229 1095 [0]
498 826 [0]
287 1036 [1]
544 780 [0]
655 659 [10]
71 1254 [0]
86 1239 [0]
346 975 [4]
73 1253 [0]
507 819 [0]
623 703 [0]
479 844 [3]
5 1322 [0]
231 1094 [2]
431 889 [8]
632 691 [5]
511 807 [10]
104 1224 [0]
409 920 [0]
224 1102 [3]
471 854 [4]
500 826 [4]
423 907 [0]
461 870 [0]
464 867 [0]
252 1080 [0]
60 1271 [1]
541 791 [0]
482 851 [0]
496 837 [0]
401 932 [0]
42 1291 [1]
524 810 [0]
629 704 [1]
106 1229 [0]
337 995 [3]
526 809 [0]
33 1303 [0]
287 1049 [0]
453 883 [0]
462 875 [0]
634 703 [0]
228 1102 [7]
453 884 [0]
542 791 [4]
228 1104 [6]
40 1299 [0]
218 1121 [0]
247 1092 [1]
188 1152 [0]
573 769 [0]
632 703 [7]
343 1000 [0]
618 725 [0]
60 1272 [11]
175 1165 [3]
1 1341 [1]
369 964 [10]
17 1327 [0]
177 1167 [0]
543 791 [10]
281 1055 [8]
488 852 [4]
93 1252 [0]
213 1132 [0]
132 1205 [8]
242 1103 [0]
182 1164 [0]
523 823 [0]
535 810 [1]
86 1261 [0]
473 874 [0]
542 805 [0]
500 843 [4]
671 674 [2]
600 748 [0]
649 699 [0]
403 937 [8]
382 967 [0]
451 897 [1]
391 957 [1]
493 857 [0]
250 1100 [0]
464 887 [0]
129 1221 [1]
34 1310 [8]
390 954 [9]
66 1282 [5]
503 847 [4]
2 1344 [8]
6 1343 [6]
137 1219 [1]
410 948 [0]
100 1250 [8]
334 1019 [6]
558 802 [0]
5 1354 [1]
469 891 [0]
132 1229 [0]
458 903 [0]
600 758 [3]
14 1336 [11]
667 688 [8]
375 986 [3]
666 699 [0]
550 813 [3]
333 1034 [0]
430 930 [7]
390 978 [0]
420 948 [0]
230 1141 [0]
643 728 [0]
619 750 [2]
556 815 [0]
335 1033 [3]
596 776 [0]
296 1077 [0]
321 1050 [2]
467 907 [0]
147 1225 [3]
604 771 [0]
608 768 [0]
671 705 [0]
313 1052 [11]
39 1338 [0]
581 796 [0]
418 950 [9]
152 1223 [2]
439 938 [1]
273 1103 [2]
643 736 [0]
187 1187 [5]
484 889 [6]
140 1239 [1]
480 900 [0]
117 1259 [5]
376 1006 [0]
327 1051 [4]
259 1124 [0]
391 993 [0]
640 743 [1]
619 765 [0]
34 1351 [0]
125 1253 [7]
312 1074 [0]
467 919 [0]
476 901 [9]
588 799 [0]
648 739 [0]
527 860 [0]
552 835 [0]
90 1292 [5]
634 754 [0]
486 900 [2]
288 1101 [0]
536 853 [0]
166 1220 [3]
383 1007 [0]
593 792 [5]
54 1332 [4]
117 1273 [0]
366 1025 [0]
259 1132 [0]
561 828 [4]
590 795 [8]
215 1177 [1]
49 1336 [8]
465 929 [0]
209 1185 [0]
63 1323 [9]
470 926 [0]
212 1175 [10]
519 870 [8]
506 884 [7]
576 817 [4]
534 863 [0]
1 1389 [8]
332 1065 [2]
561 834 [4]
238 1162 [0]
599 801 [1]
543 850 [7]
647 754 [0]
682 719 [0]
392 1001 [8]
378 1017 [6]
130 1265 [6]
550 851 [0]
162 1238 [2]
114 1277 [11]
143 1259 [0]
609 784 [9]
418 980 [5]
341 1063 [0]
469 936 [0]
9 1387 [9]
195 1202 [8]
214 1193 [0]
650 757 [0]
78 1330 [0]
260 1146 [2]
34 1375 [0]
360 1049 [0]
166 1244 [0]
192 1217 [1]
193 1218 [0]
558 849 [4]
420 989 [2]
130 1275 [6]
233 1179 [0]
595 818 [0]
97 1317 [0]
179 1230 [5]
387 1020 [7]
432 982 [0]
671 743 [0]
376 1040 [0]
216 1197 [4]
400 1008 [9]
489 923 [6]
284 1129 [5]
497 925 [0]
518 901 [3]
275 1148 [0]
626 790 [7]
224 1189 [10]
516 907 [0]
35 1389 [0]
517 907 [0]
394 1031 [0]
502 923 [0]
159 1256 [10]
671 748 [6]
129 1295 [1]
252 1174 [0]
205 1215 [6]
172 1254 [0]
698 727 [3]
374 1043 [11]
524 905 [0]
409 1020 [0]
31 1393 [6]
572 859 [0]
606 825 [0]
663 764 [5]
11 1413 [8]
422 1011 [0]
511 919 [3]
575 859 [0]
591 844 [0]
191 1245 [0]
345 1089 [2]
280 1157 [0]
648 789 [0]
618 809 [10]
292 1146 [0]
618 814 [6]
314 1116 [9]
127 1314 [0]
150 1291 [0]
152 1289 [0]
619 822 [0]
323 1117 [1]
323 1119 [0]
681 757 [4]
199 1244 [0]
538 905 [0]
630 808 [6]
226 1217 [2]
391 1044 [10]
594 852 [0]
360 1080 [6]
575 872 [0]
537 908 [2]
0 1444 [3]
425 1018 [4]
348 1100 [0]
546 893 [9]
225 1224 [0]
561 888 [0]
647 792 [11]
158 1293 [0]
230 1221 [0]
547 901 [3]
461 991 [0]
258 1195 [0]
567 886 [0]
93 1352 [8]
42 1410 [1]
208 1246 [0]
239 1215 [0]
293 1156 [6]
360 1096 [0]
379 1077 [0]
241 1204 [11]
153 1304 [0]
66 1387 [5]
266 1192 [0]
699 761 [0]
478 980 [2]
97 1357 [6]
33 1427 [1]
464 998 [0]
59 1394 [9]
559 904 [0]
245 1211 [7]
408 1048 [8]
115 1341 [8]
467 988 [9]
113 1352 [0]
65 1395 [5]
220 1239 [6]
78 1379 [8]
653 813 [0]
104 1363 [0]
160 1299 [8]
165 1292 [10]
156 1312 [0]
101 1368 [0]
15 1455 [0]
381 1087 [2]
214 1254 [2]
530 934 [6]
28 1441 [2]
538 928 [5]
476 993 [2]
452 1021 [0]
506 967 [0]
685 788 [0]
608 855 [10]
122 1351 [0]
54 1411 [8]
716 758 [0]
12 1459 [4]
484 992 [0]
329 1147 [0]
725 751 [0]
732 743 [1]
20 1456 [0]
462 1015 [0]
385 1082 [10]
475 1002 [0]
286 1192 [0]
337 1130 [11]
101 1373 [4]
633 846 [0]
307 1171 [1]
195 1275 [9]
389 1083 [7]
28 1442 [9]
413 1067 [0]
499 981 [0]
500 981 [0]
385 1087 [9]
134 1340 [9]
430 1045 [9]
154 1331 [0]
288 1198 [0]
119 1356 [11]
74 1413 [0]
274 1204 [10]
710 779 [0]
72 1413 [4]
399 1084 [6]
452 1033 [4]
44 1446 [0]
238 1245 [7]
66 1425 [0]
185 1306 [0]
447 1044 [0]
602 890 [0]
42 1451 [0]
523 964 [6]
478 1013 [2]
683 810 [0]
480 1014 [0]
548 946 [0]
568 926 [0]
616 878 [0]
327 1165 [2]
387 1108 [0]
58 1438 [0]
520 976 [0]
325 1162 [9]
129 1366 [1]
70 1425 [1]
346 1151 [0]
473 1016 [8]
235 1262 [0]
36 1463 [0]
259 1238 [2]
7 1484 [8]
357 1132 [10]
243 1247 [9]
403 1095 [1]
112 1388 [0]
392 1100 [8]
102 1397 [1]
402 1097 [1]
118 1380 [2]
486 1015 [0]
403 1091 [9]
543 960 [0]
18 1486 [0]
541 962 [1]
239 1260 [6]
157 1346 [3]
503 995 [9]
642 866 [0]
567 938 [3]
428 1080 [2]
695 816 [0]
123 1384 [4]
555 957 [0]
160 1346 [6]
676 836 [0]
379 1126 [7]
668 845 [0]
141 1370 [2]
739 769 [5]
197 1317 [0]
24 1482 [8]
424 1085 [5]
497 1016 [1]
57 1453 [4]
450 1065 [0]
127 1383 [5]
111 1405 [0]
512 1004 [0]
649 867 [0]
217 1290 [9]
274 1244 [0]
250 1262 [6]
340 1177 [1]
267 1253 [0]
173 1346 [1]
20 1500 [0]
92 1425 [4]
503 1015 [3]
702 820 [0]
274 1249 [0]
37 1487 [0]
672 852 [0]
327 1199 [0]
426 1092 [8]
606 913 [7]
578 941 [7]
357 1160 [9]
589 938 [0]
628 899 [0]
715 801 [11]
59 1462 [6]
685 833 [9]
667 857 [3]
433 1092 [2]
673 856 [0]
50 1476 [3]
128 1390 [11]
651 878 [0]
344 1186 [0]
673 849 [8]
216 1314 [0]
421 1110 [0]
623 908 [0]
356 1168 [8]
290 1242 [0]
481 1052 [0]
50 1482 [1]
614 920 [0]
485 1049 [0]
74 1452 [8]
444 1086 [4]
410 1116 [8]
367 1168 [0]
3 1522 [10]
688 846 [0]
686 846 [3]
744 792 [0]
220 1315 [2]
241 1297 [0]
48 1479 [11]
687 851 [0]
502 1037 [0]
412 1118 [9]
429 1109 [1]
281 1253 [5]
10 1523 [6]
370 1170 [0]
19 1522 [0]
203 1338 [0]
524 1017 [0]
665 876 [0]
721 820 [0]
84 1447 [10]
726 810 [6]
572 968 [2]
206 1337 [0]
760 785 [0]
49 1498 [0]
324 1223 [0]
46 1501 [0]
57 1479 [11]
591 947 [10]
463 1080 [5]
759 784 [5]
67 1478 [3]
95 1454 [0]
273 1276 [0]
725 821 [3]
689 861 [0]
576 966 [8]
343 1208 [0]
323 1223 [6]
693 859 [1]
318 1235 [0]
297 1257 [0]
567 979 [8]
649 899 [6]
461 1090 [3]
205 1350 [0]
133 1414 [8]
754 802 [0]
37 1514 [6]
215 1341 [1]
55 1500 [3]
113 1446 [0]
534 1025 [0]
659 900 [0]
118 1433 [8]
233 1316 [10]
550 1003 [6]
167 1393 [0]
598 960 [2]
304 1257 [0]
718 843 [0]
231 1331 [0]
244 1314 [4]
744 819 [0]
694 871 [0]
143 1413 [9]
582 979 [4]
305 1253 [8]
575 989 [2]
205 1351 [10]
29 1529 [9]
541 1024 [3]
752 817 [0]
371 1197 [1]
266 1297 [6]
603 966 [0]
683 886 [0]
134 1436 [0]
290 1280 [0]
370 1200 [0]
52 1517 [1]
178 1387 [5]
692 879 [0]
176 1389 [6]
599 971 [1]
93 1479 [0]
179 1390 [3]
65 1506 [1]
457 1115 [0]
596 973 [3]
80 1491 [1]
264 1308 [0]
4 1563 [5]
677 896 [0]
647 919 [7]
66 1506 [1]
717 856 [1]
475 1100 [0]
155 1411 [9]
439 1130 [6]
208 1362 [5]
535 1034 [6]
307 1268 [0]
698 878 [0]
785 789 [2]
53 1524 [0]
474 1099 [4]
392 1178 [7]
11 1567 [0]
700 878 [0]
347 1229 [2]
551 1027 [0]
698 882 [0]
548 1027 [6]
600 978 [3]
752 830 [0]
758 815 [9]
190 1393 [0]
766 812 [5]
518 1066 [0]
344 1237 [4]
569 1016 [0]
89 1488 [8]
645 940 [0]
356 1219 [11]
631 953 [2]
729 857 [1]
113 1476 [0]
253 1332 [4]
547 1039 [5]
91 1491 [9]
165 1417 [10]
34 1550 [8]
521 1072 [0]
247 1342 [6]
95 1492 [8]
653 943 [0]
145 1443 [9]
348 1250 [0]
359 1239 [0]
291 1299 [8]
257 1342 [0]
721 878 [0]
751 848 [0]
446 1153 [0]
178 1416 [6]
484 1110 [6]
120 1481 [0]
720 881 [0]
477 1122 [2]
250 1341 [11]
20 1571 [11]
714 888 [0]
274 1327 [1]
731 872 [0]
331 1267 [5]
257 1347 [0]
411 1191 [2]
227 1368 [9]
417 1188 [0]
480 1123 [2]
360 1247 [0]
637 970 [0]
519 1088 [0]
223 1385 [0]
719 889 [0]
225 1381 [3]
537 1065 [7]
608 1001 [0]
770 833 [6]
166 1444 [0]
727 883 [0]
679 926 [5]
524 1079 [8]
472 1139 [0]
113 1497 [1]
254 1358 [0]
263 1349 [0]
520 1093 [0]
554 1059 [0]
407 1207 [0]
348 1261 [5]
346 1264 [4]
72 1541 [1]
168 1438 [9]
258 1358 [0]
640 967 [9]
798 819 [0]
154 1464 [0]
202 1412 [5]
780 835 [4]
228 1389 [2]
710 908 [1]
80 1540 [0]
562 1058 [0]
695 923 [2]
809 812 [0]
125 1497 [0]
568 1054 [0]
642 980 [0]
562 1049 [11]
158 1465 [0]
216 1408 [0]
545 1072 [7]
572 1052 [0]
68 1558 [0]
120 1506 [0]
264 1362 [0]
591 1028 [7]
403 1224 [0]
562 1060 [5]
559 1067 [0]
222 1397 [10]
488 1133 [9]
297 1325 [9]
610 1021 [0]
241 1385 [5]
548 1084 [0]
152 1480 [0]
611 1011 [10]
575 1048 [9]
173 1460 [0]
216 1417 [0]
459 1174 [0]
698 931 [4]
415 1217 [1]
121 1513 [0]
512 1122 [0]
264 1368 [2]
472 1153 [9]
54 1576 [5]
600 1026 [9]
280 1356 [0]
61 1568 [7]
460 1176 [0]
645 985 [6]
145 1483 [8]
301 1336 [0]
167 1462 [8]
182 1456 [0]
259 1379 [0]
602 1036 [0]
563 1068 [7]
550 1079 [9]
239 1392 [8]
543 1089 [7]
267 1373 [0]
622 1018 [0]
692 948 [0]
220 1415 [5]
55 1576 [9]
282 1358 [1]
500 1141 [0]
223 1410 [8]
424 1216 [2]
392 1243 [7]
551 1092 [0]
230 1414 [0]
571 1073 [0]
749 896 [0]
161 1485 [0]
665 978 [4]
565 1082 [0]
365 1277 [5]
410 1237 [1]
687 963 [0]
446 1205 [0]
496 1155 [0]
661 984 [6]
576 1076 [0]
349 1303 [0]
499 1147 [6]
766 883 [3]
146 1506 [1]
186 1461 [6]
592 1056 [5]
173 1479 [1]
366 1288 [0]
500 1146 [8]
290 1358 [6]
304 1343 [7]
239 1416 [0]
591 1064 [0]
746 907 [2]
223 1424 [8]
104 1552 [0]
232 1424 [0]
164 1484 [9]
117 1541 [0]
171 1487 [1]
699 956 [5]
402 1253 [5]
677 985 [0]
192 1461 [9]
450 1213 [0]
540 1119 [4]
94 1562 [7]
479 1179 [6]
496 1161 [7]
763 891 [10]
455 1202 [8]
189 1470 [7]
631 1029 [6]
669 988 [9]
370 1291 [6]
413 1248 [6]
253 1415 [0]
287 1378 [3]
339 1325 [4]
118 1540 [10]
589 1079 [0]
331 1338 [0]
821 848 [0]
386 1272 [11]
785 873 [11]
496 1170 [3]
183 1477 [9]
260 1410 [0]
507 1163 [0]
684 982 [4]
86 1585 [0]
826 845 [0]
149 1523 [0]
505 1166 [1]
153 1512 [7]
496 1178 [0]
579 1095 [0]
806 868 [0]
771 904 [0]
199 1469 [7]
640 1026 [9]
719 947 [9]
305 1369 [1]
291 1385 [0]
549 1127 [0]
817 859 [0]
189 1482 [5]
653 1017 [6]
142 1535 [0]
192 1485 [0]
444 1233 [0]
468 1209 [0]
773 904 [0]
204 1474 [0]
416 1262 [0]
215 1464 [0]
786 893 [0]
132 1542 [5]
525 1155 [0]
312 1369 [0]
517 1164 [0]
613 1070 [0]
349 1334 [0]
531 1145 [7]
418 1266 [0]
223 1453 [8]
91 1584 [10]
385 1301 [0]
708 970 [8]
541 1135 [10]
480 1200 [6]
460 1217 [9]
438 1241 [8]
515 1169 [3]
209 1479 [0]
228 1460 [0]
415 1268 [5]
101 1588 [0]
157 1532 [0]
203 1486 [0]
463 1226 [0]
674 1016 [0]
729 961 [0]
222 1459 [9]
467 1213 [10]
583 1100 [7]
537 1154 [0]
402 1286 [3]
493 1197 [1]
552 1140 [0]
232 1460 [1]
401 1293 [0]
842 852 [0]
478 1215 [1]
413 1281 [0]
561 1128 [7]
655 1031 [10]
695 1002 [0]
728 969 [0]
197 1498 [2]
477 1220 [0]
450 1239 [8]
466 1222 [9]
534 1155 [8]
403 1295 [0]
478 1220 [0]
409 1286 [3]
503 1196 [0]
564 1135 [0]
210 1488 [2]
529 1171 [0]
673 1018 [9]
510 1191 [0]
125 1577 [0]
494 1204 [4]
436 1266 [0]
494 1206 [2]
738 965 [0]
321 1384 [0]
371 1335 [0]
198 1506 [2]
709 997 [0]
523 1185 [0]
362 1336 [10]
780 919 [9]
343 1363 [3]
343 1367 [0]
776 929 [5]
458 1252 [0]
823 887 [0]
153 1551 [7]
290 1422 [0]
793 919 [0]
136 1568 [8]
710 993 [9]
650 1063 [0]
561 1143 [9]
203 1511 [0]
454 1260 [0]
515 1199 [0]
817 889 [8]
483 1231 [0]
367 1349 [0]
379 1329 [8]
174 1543 [0]
287 1430 [0]
336 1381 [0]
605 1112 [0]
415 1302 [0]
591 1127 [0]
848 861 [9]
846 872 [0]
299 1420 [0]
800 919 [0]
365 1349 [5]
191 1528 [2]
528 1192 [1]
401 1313 [7]
337 1376 [8]
548 1167 [7]
462 1254 [6]
406 1317 [0]
851 864 [8]
544 1179 [0]
422 1302 [0]
831 893 [0]
184 1534 [6]
503 1222 [0]
279 1447 [0]
768 953 [5]
480 1246 [0]
264 1456 [6]
613 1104 [9]
291 1433 [2]
403 1315 [9]
672 1054 [1]
399 1329 [0]
762 966 [0]
359 1363 [6]
766 953 [9]
336 1393 [0]
437 1292 [0]
132 1592 [5]
175 1548 [6]
448 1283 [0]
230 1492 [9]
128 1595 [9]
384 1349 [0]
493 1241 [0]
684 1050 [0]
645 1090 [0]
659 1076 [0]
734 1001 [0]
627 1097 [11]
207 1529 [0]
358 1378 [0]
820 916 [0]
717 1019 [0]
276 1456 [4]
258 1472 [7]
723 1009 [5]
757 976 [4]
514 1224 [0]
618 1121 [1]
758 982 [0]
801 929 [11]
647 1096 [0]
395 1346 [2]
411 1329 [3]
236 1508 [0]
428 1316 [0]
281 1455 [8]
177 1558 [9]
668 1069 [7]
629 1109 [6]
605 1140 [0]
818 927 [0]
195 1549 [1]
407 1339 [0]
643 1103 [0]
734 1008 [4]
309 1437 [0]
274 1471 [1]
571 1169 [7]
220 1520 [7]
525 1218 [6]
170 1578 [1]
431 1313 [5]
175 1575 [0]
396 1351 [3]
779 972 [0]
293 1457 [1]
361 1391 [0]
347 1397 [9]
372 1382 [0]
628 1126 [0]
285 1470 [0]
739 1016 [0]
862 884 [9]
600 1150 [5]
594 1162 [0]
287 1461 [8]
377 1379 [0]
232 1523 [1]
578 1170 [9]
463 1295 [0]
584 1174 [0]
772 986 [0]
423 1336 [0]
368 1392 [0]
826 934 [0]
405 1347 [8]
405 1356 [0]
578 1184 [0]
322 1440 [1]
828 936 [0]
505 1251 [8]
615 1139 [10]
444 1320 [0]
407 1353 [4]
384 1380 [0]
593 1172 [0]
579 1182 [4]
338 1428 [0]
445 1321 [0]
181 1576 [9]
312 1456 [0]
340 1428 [0]
667 1095 [6]
193 1572 [3]
753 1009 [6]
489 1280 [0]
476 1288 [5]
402 1356 [11]
240 1530 [0]
555 1215 [0]
883 887 [0]
219 1542 [9]
879 891 [0]
593 1177 [0]
689 1077 [4]
606 1157 [8]
872 891 [8]
199 1572 [0]
201 1571 [0]
617 1155 [0]
564 1201 [7]
797 977 [0]
868 900 [6]
535 1242 [0]
673 1104 [0]
197 1584 [0]
173 1599 [9]
761 1015 [5]
649 1131 [2]
523 1260 [0]
834 943 [6]
751 1022 [11]
574 1202 [9]
839 938 [8]
233 1554 [0]
808 979 [0]
593 1194 [0]
288 1490 [9]
453 1331 [3]
767 1021 [0]
794 995 [0]
285 1498 [6]
336 1454 [0]
410 1372 [8]
855 937 [0]
192 1597 [3]
440 1353 [0]
677 1106 [10]
391 1403 [0]
637 1157 [0]
363 1432 [0]
703 1082 [10]
874 913 [8]
200 1597 [0]
471 1318 [8]
885 912 [0]
391 1401 [6]
377 1424 [0]
474 1317 [10]
389 1414 [0]
750 1049 [4]
379 1423 [2]
711 1093 [0]
512 1290 [2]
564 1230 [10]
409 1396 [0]
744 1062 [0]
772 1034 [0]
558 1248 [0]
234 1564 [8]
556 1240 [10]
527 1280 [0]
777 1020 [10]
847 960 [0]
605 1194 [8]
797 1011 [0]
683 1114 [11]
343 1464 [1]
577 1220 [11]
282 1528 [0]
283 1527 [0]
236 1576 [0]
473 1333 [6]
803 1010 [0]
429 1377 [8]
673 1135 [6]
769 1046 [0]
558 1258 [0]
589 1227 [0]
510 1298 [8]
642 1175 [0]
703 1115 [0]
403 1407 [8]
636 1177 [5]
868 950 [0]
398 1414 [7]
692 1128 [0]
621 1196 [3]
791 1018 [11]
224 1597 [0]
407 1415 [0]
708 1114 [0]
319 1501 [3]
676 1141 [6]
473 1344 [6]
233 1590 [0]
433 1383 [7]
833 989 [1]
474 1350 [0]
848 976 [0]
523 1293 [8]
709 1114 [1]
689 1132 [3]
418 1400 [6]
413 1412 [0]
456 1365 [4]
516 1309 [0]
671 1152 [3]
536 1281 [9]
460 1367 [0]
687 1131 [9]
720 1108 [0]
649 1169 [10]
569 1257 [2]
536 1293 [0]
532 1297 [0]
531 1288 [10]
298 1531 [0]
264 1558 [7]
400 1428 [2]
534 1294 [2]
233 1598 [0]
426 1405 [0]
586 1245 [0]
869 963 [0]
229 1594 [9]
507 1326 [0]
476 1350 [7]
719 1115 [0]
714 1114 [6]
417 1418 [0]
662 1173 [0]
493 1338 [4]
400 1432 [3]
610 1224 [1]
324 1513 [0]
604 1233 [0]
273 1556 [8]
268 1570 [0]
629 1209 [0]
632 1200 [6]
869 969 [0]
545 1291 [2]
300 1536 [2]
568 1271 [0]
488 1351 [0]
733 1107 [0]
905 935 [0]
885 955 [0]
505 1327 [9]
464 1372 [5]
453 1389 [0]
455 1387 [0]
868 974 [0]
564 1276 [2]
285 1553 [6]
846 999 [0]
698 1140 [7]
308 1538 [0]
821 1025 [0]
903 943 [0]
253 1588 [5]
890 956 [0]
269 1574 [5]
470 1378 [0]
535 1313 [0]
333 1510 [5]
477 1366 [5]
677 1166 [5]
763 1084 [1]
821 1018 [9]
462 1387 [0]
729 1120 [0]
431 1419 [0]
813 1037 [0]
461 1383 [6]
308 1544 [0]
861 985 [6]
708 1145 [0]
379 1469 [5]
541 1313 [1]
366 1490 [0]
672 1184 [0]
927 929 [0]
867 987 [2]
303 1554 [0]
632 1218 [7]
506 1352 [0]
558 1300 [0]
742 1116 [0]
688 1170 [0]
625 1234 [0]
585 1274 [0]
612 1247 [0]
420 1431 [9]
524 1337 [0]
732 1124 [6]
634 1219 [11]
383 1482 [0]
540 1316 [9]
748 1117 [0]
550 1316 [0]
474 1389 [3]
872 995 [0]
824 1043 [0]
602 1264 [1]
670 1192 [5]
539 1329 [0]
731 1137 [0]
486 1377 [5]
490 1378 [0]
924 940 [5]
692 1178 [0]
882 983 [5]
514 1358 [0]
675 1197 [0]
543 1327 [2]
743 1130 [0]
624 1250 [0]
852 1022 [0]
741 1133 [0]
815 1060 [0]
491 1384 [0]
673 1203 [0]
822 1048 [6]
583 1292 [0]
351 1526 [0]
332 1546 [0]
420 1458 [2]
776 1104 [0]
576 1297 [8]
525 1350 [6]
626 1250 [5]
667 1208 [6]
501 1379 [4]
294 1588 [2]
396 1489 [0]
843 1042 [0]
398 1487 [0]
703 1182 [0]
839 1046 [0]
892 993 [0]
788 1090 [8]
864 1022 [0]
913 971 [3]
448 1434 [5]
346 1542 [0]
613 1265 [10]
857 1031 [0]
818 1065 [6]
880 1009 [0]
365 1525 [0]
345 1546 [0]
841 1042 [8]
382 1510 [0]
425 1467 [0]
581 1308 [3]
659 1225 [8]
428 1457 [8]
783 1110 [0]
732 1163 [0]
876 1019 [0]
586 1308 [1]
442 1454 [0]
705 1180 [11]
943 950 [3]
299 1598 [0]
774 1114 [9]
428 1470 [0]
835 1055 [8]
420 1473 [6]
430 1467 [2]
603 1297 [0]
754 1135 [11]
421 1480 [0]
922 979 [0]
696 1207 [0]
828 1067 [8]
725 1179 [0]
497 1399 [9]
394 1507 [5]
449 1456 [1]
754 1150 [5]
435 1472 [3]
510 1390 [11]
470 1443 [0]
522 1392 [0]
860 1054 [0]
415 1496 [3]
586 1319 [9]
630 1285 [0]
717 1187 [11]
543 1370 [2]
333 1574 [8]
912 1002 [2]
412 1494 [10]
670 1247 [0]
607 1302 [8]
556 1355 [6]
325 1593 [0]
805 1110 [3]
369 1542 [7]
606 1313 [0]
581 1338 [0]
689 1231 [0]
698 1222 [0]
409 1505 [6]
708 1203 [9]
598 1323 [0]
719 1199 [3]
738 1183 [0]
733 1189 [0]
830 1092 [0]
530 1387 [6]
831 1092 [0]
351 1573 [0]
922 1003 [0]
906 1020 [0]
730 1196 [0]
657 1268 [1]
715 1212 [0]
943 984 [0]
679 1245 [4]
574 1355 [0]
399 1531 [0]
477 1448 [5]
692 1232 [6]
507 1424 [0]
660 1271 [0]
431 1491 [9]
553 1380 [0]
368 1555 [10]
408 1524 [1]
388 1546 [0]
503 1429 [2]
721 1213 [0]
939 996 [0]
674 1262 [0]
842 1092 [2]
606 1324 [6]
479 1458 [0]
596 1341 [0]
955 982 [0]
960 969 [8]
382 1557 [0]
527 1405 [8]
653 1282 [5]
805 1136 [0]
496 1446 [0]
478 1462 [2]
803 1139 [0]
472 1469 [2]
763 1181 [0]
707 1237 [0]
466 1479 [0]
490 1456 [0]
966 976 [4]
684 1263 [0]
869 1078 [0]
580 1362 [5]
607 1333 [8]
822 1127 [0]
672 1276 [1]
492 1457 [0]
828 1118 [3]
453 1497 [0]
487 1463 [0]
605 1345 [0]
610 1340 [0]
734 1216 [0]
686 1259 [5]
380 1567 [4]
848 1092 [11]
352 1590 [9]
417 1536 [0]
526 1426 [2]
911 1044 [0]
466 1484 [5]
383 1573 [0]
915 1041 [0]
976 981 [1]
372 1578 [9]
754 1195 [11]
862 1089 [10]
866 1095 [0]
813 1149 [0]
922 1036 [5]
882 1075 [6]
870 1082 [11]
865 1099 [0]
707 1250 [7]
709 1247 [9]
648 1318 [0]
621 1345 [0]
971 988 [7]
741 1220 [5]
606 1352 [9]
469 1499 [0]
700 1268 [0]
457 1509 [2]
754 1215 [0]
801 1168 [0]
569 1400 [0]
971 998 [0]
721 1250 [0]
416 1554 [2]
832 1141 [0]
902 1071 [0]
506 1466 [1]
746 1227 [0]
817 1148 [9]
650 1325 [0]
659 1318 [0]
765 1212 [0]
944 1032 [2]
698 1276 [4]
601 1378 [0]
624 1355 [0]
779 1201 [0]
669 1308 [3]
978 1003 [0]
900 1075 [6]
549 1432 [0]
869 1113 [0]
953 1029 [0]
672 1312 [0]
796 1188 [0]
551 1426 [7]
561 1421 [2]
690 1295 [0]
464 1510 [11]
785 1195 [6]
685 1293 [8]
745 1230 [11]
786 1192 [9]
738 1250 [0]
626 1353 [9]
606 1382 [1]
850 1140 [0]
988 992 [10]
732 1258 [0]
413 1578 [0]
620 1371 [0]
846 1146 [0]
994 998 [0]
913 1071 [8]
937 1049 [6]
469 1524 [0]
609 1384 [0]
613 1378 [2]
676 1318 [0]
522 1473 [0]
582 1406 [7]
460 1536 [0]
752 1234 [10]
898 1099 [0]
953 1036 [8]
992 1006 [0]
560 1431 [7]
621 1367 [10]
732 1257 [9]
480 1514 [5]
608 1386 [5]
823 1175 [1]
441 1559 [0]
455 1538 [8]
423 1571 [7]
393 1599 [9]
531 1461 [10]
716 1286 [0]
733 1270 [0]
613 1391 [0]
945 1059 [0]
717 1291 [0]
519 1480 [9]
907 1103 [0]
649 1350 [11]
526 1485 [0]
961 1049 [1]
574 1438 [0]
485 1523 [4]
717 1293 [2]
579 1430 [3]
946 1067 [0]
740 1271 [3]
977 1036 [1]
724 1290 [0]
795 1220 [0]
451 1565 [0]
569 1442 [5]
633 1380 [3]
451 1566 [0]
959 1058 [0]
975 1042 [0]
605 1406 [9]
700 1318 [2]
550 1471 [0]
825 1196 [0]
477 1545 [0]
791 1220 [11]
679 1344 [0]
497 1527 [0]
681 1343 [0]
881 1143 [0]
470 1550 [4]
625 1399 [0]
458 1567 [0]
746 1279 [0]
916 1108 [1]
497 1529 [0]
663 1363 [0]
1003 1020 [3]
545 1475 [7]
601 1426 [0]
526 1502 [0]
616 1407 [5]
987 1044 [0]
706 1326 [0]
879 1153 [0]
822 1211 [0]
653 1372 [8]
793 1240 [0]
713 1320 [0]
728 1306 [0]
573 1454 [7]
532 1504 [0]
489 1542 [6]
448 1581 [8]
694 1344 [0]
671 1357 [10]
654 1378 [6]
632 1406 [0]
936 1103 [0]
786 1250 [3]
957 1072 [10]
1005 1035 [0]
801 1239 [0]
861 1177 [2]
927 1114 [0]
648 1386 [7]
624 1418 [0]
704 1338 [0]
840 1203 [0]
998 1045 [0]
551 1493 [0]
879 1165 [0]
772 1273 [0]
893 1152 [0]
929 1116 [0]
650 1384 [11]
928 1110 [7]
582 1459 [4]
738 1308 [0]
627 1409 [10]
487 1560 [0]
552 1489 [6]
641 1406 [0]
618 1430 [0]
638 1410 [0]
913 1135 [0]
757 1292 [0]
991 1059 [0]
851 1200 [0]
454 1596 [2]
566 1486 [0]
939 1114 [0]
921 1134 [0]
696 1358 [1]
747 1308 [0]
950 1105 [0]
786 1270 [0]
775 1281 [0]
680 1370 [8]
489 1570 [0]
704 1355 [0]
875 1184 [0]
463 1589 [7]
841 1211 [7]
878 1183 [0]
977 1082 [2]
545 1511 [5]
857 1204 [1]
758 1296 [11]
780 1274 [11]
858 1208 [0]
987 1079 [0]
502 1565 [0]
861 1195 [11]
862 1203 [3]
894 1176 [0]
496 1574 [0]
523 1547 [0]
658 1412 [0]
951 1119 [0]
973 1091 [6]
961 1102 [7]
498 1573 [0]
599 1472 [0]
808 1254 [9]
729 1333 [9]
542 1519 [10]
622 1449 [0]
840 1233 [0]
569 1497 [7]
718 1356 [0]
669 1399 [7]
997 1078 [0]
510 1560 [5]
832 1244 [0]
972 1103 [1]
892 1179 [5]
848 1228 [0]
882 1193 [1]
885 1189 [2]
594 1474 [9]
547 1531 [0]
822 1256 [0]
528 1551 [0]
592 1487 [0]
957 1119 [3]
705 1367 [8]
679 1396 [5]
798 1272 [11]
898 1184 [0]
949 1124 [9]
763 1308 [11]
882 1194 [6]
963 1120 [0]
485 1591 [7]
990 1094 [0]
704 1379 [1]
634 1441 [9]
919 1166 [0]
529 1557 [0]
754 1332 [0]
907 1179 [0]
964 1117 [5]
579 1500 [7]
757 1330 [0]
986 1096 [7]
749 1338 [2]
710 1373 [6]
622 1458 [10]
699 1392 [0]
522 1570 [0]
978 1114 [0]
886 1195 [11]
675 1418 [0]
798 1294 [1]
509 1584 [0]
795 1299 [0]
523 1562 [9]
664 1432 [0]
642 1451 [3]
517 1580 [0]
569 1529 [0]
660 1433 [5]
993 1105 [0]
516 1576 [7]
884 1217 [0]
781 1321 [0]
566 1530 [6]
893 1210 [0]
572 1526 [5]
803 1291 [9]
836 1268 [0]
941 1163 [0]
908 1188 [8]
671 1434 [0]
864 1241 [0]
524 1576 [5]
914 1184 [7]
697 1409 [0]
960 1146 [0]
841 1257 [8]
560 1547 [0]
991 1116 [0]
645 1463 [0]
767 1341 [0]
700 1409 [0]
678 1429 [2]
637 1473 [0]
569 1542 [0]
611 1490 [10]
618 1494 [0]
970 1142 [0]
744 1364 [5]
1012 1101 [0]
978 1136 [0]
624 1484 [6]
952 1164 [0]
722 1384 [10]
878 1228 [10]
1007 1111 [0]
607 1512 [0]
998 1111 [10]
1043 1065 [11]
899 1214 [7]
804 1317 [0]
986 1135 [2]
778 1345 [0]
987 1137 [0]
867 1247 [10]
551 1572 [1]
882 1242 [1]
608 1510 [7]
615 1500 [11]
544 1581 [2]
903 1217 [7]
656 1471 [0]
906 1213 [9]
795 1335 [0]
876 1255 [0]
990 1141 [0]
805 1315 [11]
554 1579 [0]
1052 1078 [3]
1031 1097 [6]
835 1291 [8]
1020 1111 [3]
898 1237 [0]
806 1330 [0]
625 1500 [11]
1044 1082 [11]
747 1390 [3]
624 1510 [6]
567 1575 [0]
755 1387 [0]
856 1288 [0]
1024 1121 [0]
951 1187 [7]
731 1406 [8]
924 1221 [0]
811 1336 [0]
785 1360 [2]
951 1197 [0]
1036 1112 [0]
925 1222 [1]
988 1150 [11]
574 1572 [4]
1032 1108 [10]
890 1261 [0]
561 1581 [9]
710 1442 [0]
670 1482 [0]
969 1181 [2]
854 1299 [0]
654 1490 [9]
759 1392 [2]
829 1318 [7]
557 1597 [0]
1024 1131 [0]
609 1537 [9]
887 1269 [0]
614 1535 [7]
906 1243 [7]
949 1208 [0]
975 1183 [0]
561 1588 [10]
691 1469 [0]
799 1362 [0]
1012 1149 [0]
692 1470 [0]
722 1441 [0]
684 1471 [8]
699 1465 [0]
842 1322 [0]
819 1344 [1]
723 1441 [0]
619 1547 [0]
707 1459 [0]
933 1233 [0]
940 1215 [11]
1033 1134 [0]
568 1590 [10]
607 1562 [0]
1063 1106 [0]
751 1414 [5]
1064 1106 [0]
716 1455 [0]
643 1529 [0]
759 1413 [0]
762 1410 [0]
644 1529 [0]
640 1528 [5]
1019 1149 [6]
719 1450 [5]
840 1333 [1]
710 1459 [6]
719 1448 [9]
996 1180 [0]
598 1580 [0]
981 1197 [0]
723 1456 [0]
956 1215 [8]
833 1347 [0]
642 1528 [10]
704 1469 [7]
713 1468 [0]
811 1371 [0]
712 1459 [11]
786 1394 [3]
1009 1166 [9]
668 1507 [10]
592 1584 [9]
697 1483 [6]
603 1576 [7]
874 1313 [0]
700 1477 [10]
684 1504 [0]
909 1279 [0]
673 1511 [5]
761 1429 [0]
1064 1117 [9]
835 1350 [6]
886 1300 [6]
610 1578 [4]
1041 1152 [0]
635 1559 [0]
810 1384 [0]
1034 1160 [0]
713 1477 [4]
658 1536 [0]
753 1442 [0]
984 1208 [3]
802 1383 [11]
831 1366 [0]
1055 1142 [0]
1025 1173 [0]
614 1586 [0]
751 1441 [9]
749 1453 [0]
870 1327 [5]
765 1430 [7]
797 1405 [1]
1086 1118 [0]
1067 1138 [0]
727 1478 [0]
688 1518 [0]
809 1391 [6]
709 1498 [0]
863 1345 [0]
827 1381 [0]
739 1462 [7]
695 1508 [5]
804 1406 [0]
942 1258 [10]
839 1372 [0]
1057 1154 [0]
1030 1181 [0]
970 1233 [9]
998 1210 [5]
795 1419 [0]
917 1286 [11]
1020 1186 [8]
709 1499 [6]
693 1523 [0]
1075 1137 [4]
1095 1122 [0]
760 1457 [0]
772 1444 [2]
861 1358 [0]
949 1270 [0]
782 1438 [0]
1007 1208 [5]
1107 1113 [0]
699 1521 [0]
939 1282 [0]
983 1227 [11]
981 1242 [0]
1049 1166 [8]
740 1484 [0]
1034 1183 [7]
853 1373 [0]
970 1256 [1]
947 1280 [0]
907 1317 [3]
1054 1165 [9]
980 1249 [0]
1082 1145 [2]
699 1531 [0]
805 1425 [0]
877 1353 [0]
725 1504 [1]
638 1584 [9]
876 1356 [0]
988 1244 [0]
781 1451 [0]
977 1255 [0]
1090 1143 [0]
692 1540 [1]
1071 1162 [0]
984 1247 [2]
831 1399 [4]
927 1308 [0]
740 1495 [0]
950 1276 [10]
827 1411 [0]
938 1299 [1]
1035 1204 [0]
1012 1223 [5]
891 1341 [9]
725 1507 [9]
717 1514 [11]
1020 1213 [9]
878 1356 [9]
839 1404 [0]
1076 1168 [0]
880 1356 [8]
784 1462 [0]
643 1598 [5]
795 1452 [0]
1024 1215 [8]
959 1289 [0]
1038 1210 [0]
818 1432 [0]
993 1257 [0]
832 1419 [0]
883 1371 [0]
927 1326 [1]
936 1319 [0]
1123 1132 [0]
894 1359 [2]
788 1459 [8]
1069 1187 [0]
683 1565 [8]
707 1550 [0]
1111 1136 [10]
689 1559 [10]
1042 1215 [1]
788 1470 [2]
1057 1204 [0]
1042 1220 [0]
1030 1233 [0]
843 1420 [1]
710 1547 [9]
1032 1235 [0]
1103 1164 [0]
880 1388 [0]
919 1350 [0]
673 1594 [2]
846 1424 [0]
938 1332 [0]
975 1293 [2]
734 1537 [0]
765 1501 [5]
728 1536 [7]
719 1553 [0]
1050 1222 [0]
729 1536 [7]
702 1572 [0]
747 1520 [7]
744 1531 [0]
1108 1157 [10]
1120 1145 [10]
1075 1200 [0]
829 1448 [0]
931 1346 [0]
759 1513 [5]
1108 1170 [0]
772 1496 [10]
1051 1228 [0]
1107 1173 [0]
676 1593 [11]
802 1480 [0]
1114 1161 [7]
1040 1244 [0]
944 1339 [2]
763 1523 [1]
755 1521 [11]
1093 1195 [0]
983 1302 [3]
837 1450 [2]
897 1392 [1]
1051 1230 [11]
972 1321 [0]
707 1588 [0]
724 1571 [0]
1081 1214 [0]
806 1490 [0]
710 1587 [0]
1025 1270 [2]
730 1568 [0]
876 1422 [0]
933 1365 [0]
796 1500 [2]
834 1455 [9]
902 1397 [0]
1048 1252 [0]
782 1518 [0]
841 1460 [0]
1117 1184 [0]
707 1595 [0]
995 1307 [0]
823 1473 [6]
990 1314 [0]
1007 1294 [5]
937 1369 [0]
1137 1162 [7]
990 1317 [0]
1136 1166 [5]
781 1525 [1]
713 1595 [0]
737 1571 [0]
791 1508 [9]
891 1411 [6]
770 1532 [6]
1110 1195 [4]
985 1325 [0]
834 1471 [5]
857 1454 [0]
1131 1181 [0]
910 1402 [0]
929 1379 [5]
764 1549 [0]
870 1444 [1]
717 1592 [7]
1048 1269 [0]
1107 1211 [0]
936 1377 [5]
737 1584 [0]
950 1372 [0]
1136 1186 [0]
953 1358 [11]
819 1500 [3]
821 1501 [0]
1032 1291 [0]
1008 1316 [0]
1052 1273 [0]
959 1362 [4]
991 1337 [0]
1000 1328 [0]
845 1484 [0]
1058 1271 [0]
959 1367 [4]
878 1453 [0]
937 1394 [0]
944 1378 [9]
1051 1279 [1]
985 1340 [7]
845 1489 [0]
807 1527 [0]
1029 1306 [0]
851 1475 [10]
948 1384 [4]
858 1478 [0]
1073 1264 [0]
1055 1283 [0]
887 1444 [8]
901 1428 [11]
966 1364 [11]
860 1473 [8]
951 1391 [0]
1070 1272 [0]
1035 1308 [0]
1157 1186 [0]
1115 1233 [0]
861 1488 [0]
1084 1266 [0]
1173 1177 [0]
780 1566 [5]
786 1563 [3]
1135 1219 [0]
946 1410 [0]
1151 1205 [0]
915 1440 [2]
1106 1240 [11]
787 1566 [4]
989 1358 [11]
1117 1241 [0]
1099 1256 [6]
1049 1306 [6]
780 1574 [7]
1006 1356 [0]
999 1356 [7]
1168 1197 [0]
844 1521 [0]
1047 1319 [0]
774 1594 [0]
908 1458 [2]
1002 1362 [5]
1042 1321 [8]
867 1494 [10]
1159 1213 [0]
940 1424 [8]
1021 1352 [0]
1042 1324 [7]
828 1541 [5]
1075 1301 [0]
986 1390 [0]
871 1506 [0]
1058 1320 [0]
1010 1363 [7]
1155 1217 [9]
807 1575 [0]
1025 1358 [0]
942 1442 [0]
870 1509 [5]
1123 1254 [7]
1062 1323 [0]
1127 1261 [0]
924 1453 [11]
926 1462 [0]
872 1511 [5]
1019 1362 [7]
995 1393 [0]
981 1409 [0]
1035 1348 [7]
1150 1242 [0]
1026 1366 [0]
1095 1298 [0]
963 1423 [7]
963 1431 [0]
969 1415 [10]
1139 1256 [0]
1054 1341 [0]
822 1565 [9]
1017 1380 [0]
1119 1278 [0]
919 1479 [0]
1181 1219 [0]
889 1512 [0]
910 1491 [0]
1141 1253 [7]
1098 1305 [0]
882 1522 [0]
1099 1305 [0]
1024 1381 [0]
1087 1318 [0]
959 1448 [0]
1058 1349 [0]
943 1461 [3]
917 1490 [0]
968 1440 [0]
844 1557 [7]
903 1506 [0]
1121 1290 [0]
947 1466 [0]
1112 1301 [0]
960 1444 [9]
1112 1293 [8]
1088 1326 [0]
836 1568 [11]
1053 1363 [0]
969 1445 [5]
967 1453 [0]
1103 1320 [0]
1004 1420 [0]
1077 1347 [0]
1061 1363 [0]
1175 1240 [10]
1105 1319 [1]
964 1462 [0]
1080 1337 [9]
1188 1231 [10]
1064 1365 [0]
1070 1360 [0]
932 1500 [0]
1016 1416 [0]
907 1524 [2]
879 1553 [2]
1015 1420 [0]
1188 1248 [0]
1018 1408 [10]
1206 1220 [10]
929 1501 [7]
920 1518 [0]
979 1459 [0]
890 1549 [0]
1147 1294 [0]
1124 1311 [7]
954 1491 [0]
1045 1400 [0]
943 1503 [0]
931 1517 [0]
899 1544 [5]
1187 1262 [0]
1185 1264 [0]
1089 1361 [0]
1173 1273 [4]
1222 1228 [1]
1013 1432 [7]
1151 1302 [0]
918 1537 [0]
921 1534 [0]
1198 1258 [0]
1012 1442 [2]
1209 1237 [11]
1098 1360 [0]
1073 1379 [6]
858 1599 [3]
961 1498 [2]
908 1552 [2]
914 1548 [0]
949 1506 [7]
1144 1321 [0]
1100 1359 [7]
1213 1251 [2]
896 1564 [10]
898 1566 [7]
869 1594 [9]
951 1516 [5]
1030 1444 [1]
1136 1334 [5]
925 1545 [5]
976 1491 [8]
912 1564 [0]
1232 1242 [2]
916 1562 [0]
962 1516 [0]
995 1483 [0]
966 1514 [0]
1006 1474 [0]
1148 1332 [0]
1191 1290 [0]
1223 1259 [0]
1208 1275 [0]
1070 1403 [10]
1076 1408 [0]
1137 1348 [0]
1242 1244 [0]
1202 1283 [1]
931 1556 [0]
946 1541 [0]
1173 1314 [0]
977 1511 [0]
1225 1263 [0]
902 1583 [4]
1159 1331 [0]
1064 1417 [11]
1063 1430 [0]
1111 1382 [0]
1118 1370 [5]
975 1513 [5]
1029 1464 [0]
931 1559 [3]
1247 1249 [0]
1045 1453 [0]
1156 1342 [0]
1028 1459 [11]
1195 1304 [0]
1007 1493 [0]
980 1517 [3]
1095 1404 [1]
952 1549 [0]
912 1590 [0]
1133 1369 [0]
921 1581 [1]
948 1549 [6]
1200 1304 [0]
913 1583 [8]
939 1566 [2]
1127 1382 [0]
1162 1347 [0]
1013 1496 [0]
1119 1388 [4]
1041 1465 [5]
984 1529 [0]
1197 1318 [0]
995 1519 [0]
1036 1480 [0]
1108 1408 [0]
997 1511 [8]
1116 1397 [3]
1088 1429 [1]
1152 1360 [6]
965 1544 [10]
1136 1377 [7]
1112 1403 [5]
952 1569 [0]
1075 1446 [1]
1088 1435 [0]
1122 1401 [0]
1064 1457 [2]
1037 1487 [0]
937 1583 [4]
1088 1432 [5]
1008 1517 [0]
1205 1321 [0]
1230 1296 [0]
1129 1398 [0]
1198 1329 [0]
1097 1430 [0]
1202 1329 [0]
1110 1419 [3]
1248 1286 [0]
1237 1299 [0]
1190 1347 [2]
968 1571 [1]
1267 1275 [0]
1154 1390 [0]
1239 1301 [5]
1124 1422 [0]
982 1567 [0]
1191 1358 [0]
1032 1518 [0]
1082 1469 [0]
963 1581 [9]
1000 1553 [0]
972 1576 [5]
1215 1338 [1]
1210 1346 [0]
1000 1557 [0]
1263 1291 [5]
1164 1396 [2]
1192 1363 [7]
982 1570 [11]
1026 1539 [0]
971 1594 [0]
1225 1337 [3]
1092 1473 [0]
1257 1309 [0]
1222 1344 [1]
1058 1507 [4]
1005 1557 [7]
972 1595 [2]
1263 1303 [5]
1269 1303 [0]
1255 1306 [11]
1105 1471 [0]
1168 1409 [0]
1160 1410 [7]
1103 1471 [5]
1245 1331 [5]
1264 1310 [7]
1176 1400 [6]
1235 1338 [10]
1146 1439 [0]
1234 1351 [0]
1105 1469 [11]
1145 1440 [0]
1215 1371 [0]
1282 1305 [0]
1221 1366 [0]
1292 1296 [0]
1261 1322 [5]
1163 1419 [9]
1117 1474 [2]
1154 1433 [7]
1272 1322 [0]
1125 1470 [0]
1263 1333 [0]
1117 1469 [10]
1270 1319 [7]
1073 1524 [0]
1045 1547 [5]
1191 1407 [0]
1055 1544 [1]
1223 1379 [0]
1276 1326 [0]
1001 1598 [5]
1261 1345 [0]
1238 1368 [0]
1032 1575 [0]
1085 1522 [0]
1099 1509 [0]
1174 1435 [0]
1078 1527 [5]
1137 1474 [0]
1175 1437 [0]
1051 1550 [11]
1050 1564 [0]
1074 1540 [0]
1024 1592 [0]
1023 1585 [11]
1077 1535 [7]
1063 1549 [7]
1060 1559 [0]
1069 1551 [0]
1247 1374 [0]
1257 1365 [0]
1179 1439 [5]
1163 1459 [1]
1232 1392 [0]
1280 1345 [0]
1297 1330 [0]
1278 1350 [0]
1291 1339 [0]
1185 1446 [0]
1027 1595 [11]
1106 1528 [0]
1216 1421 [0]
1296 1337 [5]
1091 1548 [0]
1194 1441 [4]
1070 1567 [2]
1280 1359 [0]
1063 1577 [0]
1313 1326 [3]
1175 1465 [5]
1092 1556 [0]
1223 1426 [0]
1140 1511 [0]
1130 1523 [0]
1124 1523 [6]
1277 1376 [0]
1163 1494 [0]
1197 1460 [0]
1173 1479 [5]
1291 1367 [0]
1111 1537 [11]
1136 1516 [7]
1299 1361 [0]
1226 1434 [0]
1181 1476 [3]
1229 1432 [0]
1196 1459 [6]
1312 1349 [1]
1186 1477 [0]
1124 1540 [0]
1183 1482 [0]
1079 1588 [0]
1071 1598 [0]
1140 1529 [0]
1220 1449 [0]
1229 1440 [0]
1280 1384 [5]
1076 1585 [8]
1097 1574 [0]
1158 1515 [0]
1231 1442 [0]
1185 1481 [7]
1174 1498 [0]
1111 1563 [0]
1327 1344 [3]
1204 1471 [0]
1284 1392 [0]
1086 1590 [0]
1283 1394 [0]
1199 1480 [0]
1164 1516 [0]
1098 1585 [0]
1168 1515 [0]
1109 1573 [0]
1326 1354 [3]
1146 1538 [0]
1237 1436 [11]
1277 1407 [1]
1188 1488 [11]
1258 1421 [10]
1197 1490 [2]
1276 1420 [0]
1147 1547 [0]
1322 1369 [5]
1199 1498 [0]
1250 1448 [0]
1276 1427 [0]
1139 1566 [0]
1249 1455 [1]
1302 1403 [3]
1131 1580 [0]
1138 1575 [0]
1249 1456 [11]
1293 1424 [0]
1297 1415 [7]
1174 1549 [0]
1194 1531 [0]
1283 1443 [1]
1204 1524 [0]
1319 1409 [0]
1165 1558 [7]
1262 1466 [2]
1356 1366 [10]
1280 1452 [0]
1238 1496 [0]
1160 1575 [0]
1270 1465 [0]
1227 1515 [0]
1305 1440 [0]
1257 1478 [10]
1252 1486 [8]
1302 1444 [0]
1349 1398 [0]
1325 1422 [0]
1277 1469 [1]
1148 1592 [7]
1263 1485 [0]
1351 1397 [0]
1280 1467 [1]
1263 1486 [0]
1286 1463 [0]
1289 1461 [0]
1247 1503 [3]
1364 1388 [2]
1334 1410 [10]
1334 1421 [0]
1257 1489 [11]
1284 1473 [1]
1276 1479 [5]
1257 1494 [10]
1185 1574 [5]
1183 1574 [10]
1283 1482 [4]
1181 1586 [3]
1258 1503 [10]
1260 1514 [0]
1207 1570 [0]
1314 1467 [0]
1270 1509 [3]
1332 1453 [0]
1242 1539 [5]
1295 1492 [0]
1284 1503 [1]
1256 1527 [5]
1255 1538 [1]
1301 1494 [1]
1227 1563 [7]
1354 1445 [0]
1204 1596 [0]
1365 1436 [0]
1337 1458 [6]
1239 1560 [11]
1316 1494 [0]
1279 1532 [0]
1379 1423 [11]
1290 1513 [11]
1298 1518 [0]
1225 1597 [0]
1239 1575 [11]
1242 1578 [5]
1277 1552 [0]
1266 1569 [0]
1282 1555 [0]
1268 1593 [0]
1397 1465 [0]
1288 1574 [3]
1408 1456 [4]
1301 1569 [0]
1382 1491 [0]
1386 1487 [0]
1397 1466 [10]
1284 1579 [11]
1281 1594 [0]
1370 1503 [3]
1306 1573 [0]
1391 1486 [3]
1352 1530 [3]
1322 1561 [2]
1398 1492 [0]
1299 1586 [10]
1362 1532 [0]
1345 1553 [0]
1329 1570 [0]
1439 1459 [5]
1357 1547 [0]
1330 1578 [0]
1372 1538 [0]
1450 1461 [0]
1377 1525 [10]
1459 1466 [0]
1396 1530 [0]
1394 1539 [0]
1380 1554 [0]
1411 1524 [0]
1370 1566 [0]
1448 1486 [6]
1411 1531 [0]
1356 1576 [10]
1430 1516 [0]
1380 1571 [0]
1453 1488 [11]
1365 1593 [0]
1461 1497 [0]
1398 1562 [0]
1377 1586 [0]
1436 1521 [7]
1405 1561 [0]
1434 1532 [0]
1390 1573 [10]
1402 1577 [0]
1413 1565 [4]
1454 1529 [0]
1462 1522 [1]
1442 1546 [0]
1425 1565 [0]
1403 1592 [0]
1485 1508 [2]
1473 1517 [5]
1459 1540 [6]
1484 1522 [0]
1470 1543 [1]
1449 1564 [2]
1508 1516 [3]
1454 1576 [0]
1478 1559 [0]
1518 1519 [0]
1441 1596 [1]
1458 1582 [0]
1511 1531 [0]
1448 1598 [0]
1499 1572 [11]
1513 1574 [0]
1540 1551 [0]
1541 1576 [0]
1563 1583 [0]
1565 1579 [10]
1572 1593 [0]
