1000
8
500
0
1
2
3
4
5
6
7
8
9
10
12
20
45
78
277
605
719
775
937
910
852
972
413
553
664
106
119
165
473
804
178
240
335
349
383
570
710
777
332
638
338
866
109
141
214
233
318
334
411
839
427
441
957
645
784
794
803
880
437
744
469
626
858
809
989
975
706
746
763
805
898
58
228
246
284
530
687
807
969
402
31
118
552
867
918
997
883
47
125
962
151
164
461
505
554
701
555
641
823
559
870
83
101
215
463
583
688
841
376
446
121
130
166
684
851
819
879
953
616
740
967
848
490
576
635
649
995
875
447
13
14
16
17
59
904
96
198
257
449
575
667
930
699
561
981
27
28
35
53
82
189
621
643
623
758
207
377
390
693
979
431
726
752
146
428
479
515
986
528
659
683
822
845
873
503
655
737
864
38
56
87
108
398
129
131
225
890
571
887
640
974
272
329
343
409
420
472
491
902
508
760
859
712
790
980
162
236
950
977
358
535
865
702
724
939
110
128
135
256
305
556
585
892
696
565
572
679
723
806
882
243
832
952
136
767
169
186
202
258
399
933
993
542
998
439
589
971
518
810
830
827
265
538
886
598
536
588
611
633
133
370
965
205
354
750
671
876
50
64
75
86
98
102
116
123
161
861
227
279
493
311
567
319
372
594
614
742
139
158
229
533
566
685
941
948
293
584
716
925
768
273
321
325
445
546
978
791
104
264
755
365
622
935
477
481
547
893
627
751
91
175
204
262
521
847
260
442
607
909
270
155
314
654
167
313
467
976
176
187
210
217
261
298
544
299
389
835
394
785
885
595
776
76
103
344
353
426
488
700
478
531
757
524
666
600
625
630
681
170
290
732
903
40
142
568
877
63
24
143
306
386
450
590
603
938
781
869
416
355
360
606
901
574
157
378
406
739
239
271
715
808
891
959
15
18
137
232
268
296
300
705
927
558
889
906
970
868
320
504
721
942
404
968
30
124
212
340
695
274
453
492
213
316
899
862
52
183
292
307
619
915
983
499
963
615
920
21
26
43
203
230
242
385
397
539
985
854
248
465
831
250
285
932
251
269
412
788
680
400
408
772
81
673
741
921
49
61
72
199
263
348
414
482
519
802
596
722
302
438
569
917
68
115
156
310
675
362
395
916
134
160
218
770
800
850
69
70
138
276
345
631
434
462
936
647
931
286
582
747
765
668
946
717
73
132
185
226
494
511
452
780
907
874
275
817
369
419
709
150
923
425
195
312
815
224
294
359
367
738
982
474
545
833
422
573
579
945
418
451
22
29
32
41
171
676
799
620
77
326
454
476
529
637
280
323
926
429
464
856
42
85
127
154
295
403
423
562
821
955
961
919
209
244
381
495
663
704
734
836
211
220
231
853
537
557
665
720
648
761
289
373
629
66
197
201
644
787
878
678
415
351
812
460
657
914
39
74
433
520
534
541
92
112
181
222
247
686
996
330
580
990
814
223
496
387
838
97
111
140
347
498
506
617
564
182
237
527
849
145
333
929
352
900
396
599
516
999
424
602
610
728
729
991
44
94
249
550
748
928
632
753
60
88
122
206
405
964
577
281
512
532
624
786
587
783
346
911
526
672
733
840
855
771
798
99
177
191
736
636
179
356
417
639
480
764
793
940
905
507
769
828
430
563
148
152
252
513
283
401
912
958
646
196
444
486
652
308
388
456
795
25
34
84
184
391
884
193
208
235
331
105
149
601
661
703
730
826
984
987
973
254
287
301
843
238
304
745
364
443
393
743
994
470
484
54
192
382
612
713
896
163
234
324
656
689
824
120
168
371
543
628
797
11
23
57
62
174
221
259
560
662
459
754
79
80
100
113
188
267
357
392
522
825
549
924
818
834
895
421
435
540
863
960
468
114
172
682
266
650
669
871
337
551
779
816
846
190
282
692
735
820
988
888
291
634
731
144
153
375
36
48
55
180
245
303
618
947
339
90
147
159
466
711
219
241
278
944
317
384
440
677
691
789
436
489
342
951
956
368
502
509
592
766
670
698
253
658
510
578
778
756
200
651
782
216
255
363
707
966
366
374
604
458
725
749
857
593
773
796
872
37
315
46
126
327
432
497
860
894
613
881
660
586
642
792
19
65
89
95
328
336
949
801
954
350
525
548
708
913
697
33
51
93
288
653
407
471
591
714
813
897
762
837
107
194
361
483
727
774
829
844
934
380
448
694
117
297
523
581
597
718
908
759
842
341
410
457
485
608
514
674
992
475
922
173
309
322
379
609
517
943
811
501
67
71
455
487
690
0 1 [0]
0 3 [1]
1 2 [0]
1 4 [1]
2 3 [0]
1 3 [1]
0 7 [1]
3 4 [0]
2 6 [1]
0 4 [4]
4 5 [0]
0 5 [4]
2 4 [3]
0 2 [7]
1 9 [1]
2 8 [1]
3 7 [1]
1 5 [4]
2 9 [1]
4 7 [1]
5 6 [0]
1 6 [4]
2 5 [4]
3 9 [1]
4 8 [1]
3 5 [4]
0 8 [4]
1 7 [4]
0 11 [1]
0 13 [1]
2 11 [1]
3 6 [4]
1 8 [4]
0 9 [4]
2 7 [4]
6 7 [0]
2 12 [1]
3 11 [1]
5 9 [1]
1 14 [1]
2 13 [1]
7 8 [0]
0 10 [5]
0 16 [1]
6 10 [1]
3 8 [5]
1 10 [5]
7 10 [1]
2 15 [1]
0 17 [1]
1 16 [1]
5 12 [1]
8 9 [0]
4 6 [7]
2 10 [5]
1 15 [1]
2 16 [1]
5 13 [1]
7 11 [1]
8 10 [1]
5 8 [5]
4 9 [5]
1 12 [5]
1 13 [5]
0 19 [1]
0 14 [5]
6 8 [5]
9 10 [0]
5 7 [7]
4 10 [5]
8 12 [1]
5 15 [1]
1 19 [1]
6 9 [5]
2 18 [1]
4 15 [1]
1 18 [1]
6 11 [3]
5 10 [5]
1 20 [1]
8 13 [1]
8 11 [2]
4 11 [6]
4 12 [5]
7 14 [1]
0 22 [1]
4 18 [1]
5 11 [6]
2 20 [1]
5 17 [1]
7 9 [6]
10 12 [0]
7 15 [1]
6 15 [1]
9 12 [1]
8 14 [1]
9 13 [1]
6 12 [5]
1 17 [5]
1 21 [1]
2 14 [7]
0 23 [1]
8 16 [1]
0 24 [1]
9 11 [4]
2 22 [1]
4 20 [1]
6 18 [1]
10 14 [1]
1 22 [1]
4 21 [1]
6 19 [1]
1 24 [1]
10 13 [2]
5 14 [6]
8 17 [1]
9 16 [1]
7 12 [6]
4 22 [1]
0 25 [1]
2 24 [1]
5 21 [1]
2 17 [7]
0 21 [5]
7 18 [1]
8 15 [3]
6 20 [1]
6 13 [7]
4 19 [3]
10 17 [0]
5 16 [6]
10 15 [2]
7 13 [7]
1 26 [0]
9 18 [0]
13 14 [0]
9 14 [4]
0 28 [0]
6 22 [0]
9 19 [0]
6 21 [1]
3 19 [6]
2 19 [7]
9 15 [4]
1 25 [3]
8 18 [3]
10 16 [3]
6 23 [0]
9 20 [0]
2 28 [0]
7 19 [4]
9 17 [4]
10 18 [2]
9 21 [0]
14 16 [0]
5 20 [5]
1 29 [1]
5 26 [0]
7 21 [3]
4 26 [1]
10 21 [0]
14 17 [0]
8 19 [4]
0 26 [5]
9 23 [0]
2 30 [0]
1 30 [1]
5 27 [0]
0 27 [5]
8 22 [2]
8 21 [3]
2 23 [7]
7 23 [2]
13 16 [3]
12 20 [0]
3 23 [6]
16 17 [0]
1 32 [0]
8 23 [2]
4 29 [0]
15 18 [0]
5 22 [6]
4 23 [6]
8 25 [0]
1 27 [5]
10 20 [3]
7 20 [6]
2 25 [7]
5 29 [0]
0 34 [0]
7 25 [2]
1 33 [0]
10 24 [0]
1 28 [5]
11 23 [0]
10 22 [2]
0 29 [5]
0 33 [1]
5 24 [6]
6 29 [0]
2 33 [0]
8 24 [3]
9 22 [4]
9 26 [0]
4 25 [6]
5 31 [0]
2 34 [0]
5 25 [6]
7 26 [3]
2 27 [7]
6 31 [0]
0 37 [0]
6 30 [1]
8 26 [3]
4 32 [1]
5 32 [0]
8 29 [0]
1 31 [5]
10 25 [2]
13 24 [0]
0 32 [5]
9 24 [4]
8 27 [3]
2 29 [7]
2 31 [5]
10 26 [2]
9 25 [4]
7 30 [1]
8 31 [0]
8 28 [3]
5 28 [6]
10 30 [0]
13 27 [0]
0 39 [1]
5 33 [2]
0 41 [0]
1 35 [5]
10 27 [4]
6 32 [3]
9 31 [1]
5 30 [6]
1 39 [1]
10 29 [2]
6 33 [2]
10 28 [3]
8 30 [3]
3 33 [6]
14 24 [4]
2 40 [0]
8 34 [0]
4 31 [7]
9 33 [0]
8 32 [2]
9 34 [0]
0 43 [0]
7 34 [2]
1 42 [0]
9 30 [4]
1 41 [1]
0 38 [5]
10 34 [0]
7 33 [4]
5 39 [0]
16 27 [1]
4 37 [3]
2 35 [7]
6 36 [2]
4 34 [6]
10 32 [2]
10 35 [0]
6 39 [0]
1 43 [1]
12 31 [2]
0 44 [1]
2 36 [7]
7 31 [7]
0 40 [5]
5 34 [6]
7 36 [2]
9 36 [0]
6 37 [2]
16 28 [1]
8 33 [4]
3 36 [6]
2 37 [7]
0 46 [0]
4 36 [6]
1 40 [5]
4 39 [3]
4 41 [1]
5 41 [0]
8 35 [3]
9 37 [0]
5 35 [6]
3 37 [6]
7 37 [2]
1 44 [1]
2 45 [0]
4 43 [0]
2 38 [7]
5 36 [6]
6 41 [0]
21 26 [0]
8 39 [0]
11 36 [0]
0 42 [5]
4 44 [0]
6 42 [0]
10 38 [0]
8 36 [4]
14 27 [7]
11 37 [0]
4 45 [0]
0 49 [0]
14 35 [0]
8 37 [4]
8 38 [3]
14 28 [7]
5 38 [6]
8 42 [0]
15 30 [5]
10 40 [0]
5 46 [0]
0 51 [0]
3 48 [0]
8 40 [3]
1 49 [1]
10 39 [2]
4 47 [0]
22 29 [0]
6 45 [0]
2 42 [7]
8 41 [2]
1 45 [5]
9 39 [4]
1 51 [0]
4 48 [0]
6 46 [0]
16 35 [1]
8 44 [0]
2 51 [0]
14 38 [1]
6 47 [0]
10 43 [0]
13 40 [0]
2 44 [7]
7 43 [3]
5 42 [6]
9 40 [4]
6 44 [3]
1 47 [5]
10 41 [2]
5 43 [6]
6 48 [0]
8 43 [3]
10 42 [2]
7 47 [0]
2 47 [5]
9 45 [0]
4 49 [1]
22 32 [0]
1 54 [0]
7 46 [2]
5 44 [6]
16 38 [1]
0 54 [1]
0 50 [5]
9 46 [0]
10 45 [0]
2 46 [7]
27 28 [0]
8 47 [1]
0 56 [0]
1 50 [5]
9 47 [0]
10 44 [2]
4 46 [6]
5 52 [0]
8 49 [0]
4 52 [1]
12 45 [0]
7 48 [2]
2 48 [7]
2 56 [0]
7 45 [6]
0 57 [1]
6 52 [0]
5 51 [2]
14 40 [4]
8 46 [4]
6 49 [3]
7 51 [0]
1 53 [5]
5 54 [0]
1 58 [0]
25 34 [0]
2 50 [7]
2 57 [0]
8 51 [0]
5 48 [6]
7 49 [3]
7 52 [1]
3 51 [6]
16 40 [4]
10 47 [3]
8 48 [4]
3 57 [0]
5 49 [6]
5 55 [0]
2 52 [7]
7 54 [0]
2 59 [0]
0 61 [0]
8 50 [3]
9 48 [4]
0 60 [1]
8 53 [0]
12 47 [2]
22 39 [0]
29 32 [0]
5 50 [6]
2 60 [0]
1 61 [0]
10 50 [2]
9 49 [4]
11 46 [5]
1 60 [1]
2 53 [7]
27 35 [0]
13 50 [0]
5 58 [0]
6 57 [0]
0 62 [1]
8 55 [0]
9 54 [0]
10 53 [0]
8 52 [3]
2 54 [7]
28 35 [0]
1 63 [0]
5 53 [6]
4 60 [0]
5 59 [0]
0 59 [5]
9 51 [4]
8 54 [2]
3 55 [6]
10 52 [2]
7 55 [2]
22 42 [0]
2 55 [7]
8 56 [0]
4 61 [0]
3 62 [0]
9 52 [4]
2 58 [5]
4 55 [6]
8 57 [0]
1 59 [5]
20 45 [0]
0 66 [0]
2 64 [0]
5 61 [0]
0 65 [1]
22 41 [3]
7 57 [2]
10 54 [2]
28 38 [0]
1 66 [0]
8 59 [0]
27 38 [2]
4 57 [6]
5 63 [0]
16 50 [2]
0 67 [1]
21 43 [4]
0 63 [5]
9 55 [4]
26 43 [0]
0 69 [0]
4 65 [0]
6 60 [3]
0 64 [5]
5 64 [0]
7 62 [0]
9 60 [0]
1 65 [3]
4 58 [7]
10 56 [3]
1 69 [0]
8 60 [2]
6 61 [3]
1 64 [5]
3 67 [0]
6 58 [6]
4 66 [0]
9 57 [4]
16 53 [1]
1 68 [1]
9 61 [0]
9 62 [0]
2 67 [2]
22 44 [5]
2 62 [7]
7 61 [3]
14 56 [1]
10 58 [3]
5 60 [6]
6 66 [0]
9 59 [4]
4 62 [6]
7 58 [7]
15 52 [5]
8 64 [0]
2 63 [7]
0 71 [1]
8 62 [2]
1 70 [1]
16 56 [0]
0 73 [0]
1 72 [0]
4 68 [1]
32 41 [0]
4 67 [2]
14 59 [0]
0 68 [5]
1 67 [6]
3 71 [0]
8 63 [3]
2 65 [7]
21 49 [4]
12 58 [4]
3 65 [6]
2 71 [2]
0 74 [1]
1 73 [1]
10 63 [2]
29 42 [4]
0 70 [5]
8 66 [2]
1 75 [0]
1 74 [1]
5 67 [4]
17 59 [0]
7 65 [4]
8 68 [0]
10 66 [0]
9 68 [0]
27 50 [0]
16 59 [2]
5 66 [6]
6 67 [4]
6 71 [0]
0 72 [5]
4 72 [1]
13 64 [0]
8 65 [4]
14 63 [0]
13 63 [1]
9 65 [4]
7 67 [4]
6 72 [0]
8 70 [0]
7 68 [3]
6 69 [3]
1 71 [6]
20 58 [0]
7 69 [3]
8 71 [0]
5 68 [6]
1 78 [0]
1 77 [1]
6 73 [0]
6 70 [3]
9 70 [0]
10 70 [0]
2 78 [0]
27 53 [0]
6 74 [0]
5 69 [6]
9 67 [4]
8 69 [3]
0 75 [5]
5 71 [4]
0 79 [1]
23 57 [0]
7 70 [3]
10 69 [2]
5 70 [6]
4 74 [3]
0 80 [1]
0 76 [5]
4 78 [0]
3 79 [0]
0 77 [5]
9 69 [4]
5 77 [0]
9 73 [0]
21 61 [0]
22 60 [0]
1 76 [5]
25 54 [3]
7 71 [4]
1 82 [0]
4 79 [0]
10 73 [0]
16 63 [4]
7 73 [3]
5 72 [6]
2 82 [0]
0 84 [0]
8 73 [3]
1 83 [0]
9 71 [4]
33 51 [0]
6 78 [0]
8 76 [0]
19 65 [0]
2 75 [7]
8 74 [2]
36 48 [0]
4 77 [3]
6 79 [0]
23 62 [0]
9 72 [4]
5 74 [6]
27 56 [2]
2 84 [0]
0 86 [0]
6 80 [0]
8 75 [3]
7 79 [0]
10 76 [0]
5 75 [6]
4 81 [1]
16 64 [6]
0 85 [1]
28 56 [2]
0 81 [5]
1 85 [1]
1 86 [0]
2 85 [0]
5 82 [0]
5 76 [6]
9 74 [4]
8 77 [2]
28 53 [6]
5 83 [0]
7 81 [0]
9 79 [0]
35 53 [0]
13 76 [0]
0 89 [0]
1 88 [0]
2 87 [0]
5 84 [0]
9 80 [0]
8 79 [2]
10 77 [2]
7 80 [2]
21 69 [0]
1 89 [0]
2 88 [0]
7 78 [5]
8 80 [2]
8 82 [0]
4 80 [6]
11 79 [0]
6 85 [0]
36 55 [0]
10 81 [0]
27 64 [0]
4 88 [0]
8 81 [3]
1 91 [0]
22 66 [4]
14 76 [2]
0 87 [5]
2 90 [0]
16 76 [0]
8 83 [1]
9 78 [5]
5 81 [6]
1 92 [0]
9 83 [1]
0 92 [1]
7 84 [2]
4 90 [0]
1 93 [0]
4 84 [6]
9 81 [4]
11 80 [3]
8 86 [0]
10 84 [0]
38 56 [0]
4 83 [7]
2 93 [0]
6 89 [0]
12 83 [0]
2 86 [7]
6 83 [6]
0 94 [1]
2 94 [0]
0 96 [0]
1 94 [1]
10 83 [3]
8 85 [3]
12 78 [6]
4 89 [3]
0 91 [5]
21 68 [7]
7 89 [0]
5 85 [6]
5 86 [6]
1 96 [0]
5 92 [0]
9 84 [4]
21 72 [4]
16 75 [6]
8 89 [0]
9 88 [0]
7 83 [7]
6 88 [3]
5 93 [0]
0 98 [0]
1 97 [0]
2 96 [0]
8 87 [3]
8 88 [2]
3 89 [6]
6 90 [2]
0 99 [0]
4 92 [3]
1 95 [3]
3 90 [6]
16 82 [1]
7 90 [2]
5 88 [6]
6 94 [0]
2 98 [0]
22 74 [4]
2 91 [7]
0 93 [7]
10 87 [3]
29 66 [5]
8 93 [0]
6 92 [3]
4 94 [3]
4 95 [2]
21 73 [7]
7 95 [0]
1 101 [0]
22 77 [3]
14 87 [1]
8 94 [0]
16 86 [0]
8 90 [4]
23 79 [0]
5 91 [6]
3 93 [6]
9 89 [4]
8 95 [0]
6 95 [2]
4 99 [0]
5 98 [0]
1 99 [3]
20 78 [5]
16 87 [0]
27 76 [0]
9 90 [4]
48 55 [0]
8 96 [0]
4 100 [0]
10 94 [0]
13 91 [0]
10 92 [2]
4 97 [3]
3 95 [6]
7 93 [4]
1 104 [0]
6 99 [0]
9 92 [4]
5 94 [6]
2 104 [0]
5 101 [0]
29 77 [0]
23 80 [3]
6 97 [3]
27 75 [4]
21 81 [4]
2 105 [0]
8 97 [2]
0 102 [5]
1 106 [0]
5 102 [0]
5 96 [6]
8 99 [0]
10 97 [0]
22 85 [0]
0 103 [5]
2 99 [7]
6 100 [2]
9 95 [4]
7 101 [0]
5 97 [6]
5 104 [0]
4 105 [0]
8 98 [3]
16 91 [2]
9 96 [4]
25 84 [0]
7 100 [2]
27 82 [0]
10 96 [3]
19 89 [1]
5 99 [6]
0 105 [5]
9 101 [0]
8 101 [1]
9 97 [4]
28 82 [0]
49 61 [0]
8 100 [2]
2 109 [0]
8 103 [0]
1 107 [3]
2 102 [7]
5 107 [0]
4 101 [7]
9 99 [4]
27 86 [0]
8 102 [3]
0 108 [5]
2 106 [5]
9 100 [4]
32 77 [4]
0 112 [1]
39 74 [0]
1 111 [1]
0 107 [7]
16 98 [0]
29 85 [0]
10 101 [3]
50 64 [0]
16 96 [2]
17 96 [1]
7 105 [2]
5 103 [6]
11 100 [3]
26 81 [7]
2 107 [6]
10 105 [0]
19 95 [1]
4 106 [5]
12 101 [2]
0 110 [5]
22 88 [5]
10 103 [2]
8 105 [2]
8 104 [3]
8 108 [0]
7 109 [0]
27 87 [2]
9 107 [0]
5 105 [6]
3 107 [6]
4 113 [0]
6 111 [0]
2 108 [7]
1 115 [1]
12 106 [0]
10 108 [0]
13 103 [2]
34 84 [0]
4 111 [3]
4 109 [5]
6 106 [6]
7 107 [4]
27 91 [0]
22 92 [4]
49 68 [2]
57 62 [0]
9 109 [1]
1 118 [0]
14 103 [2]
7 106 [6]
2 110 [7]
8 107 [4]
4 112 [3]
9 111 [0]
1 119 [0]
2 118 [0]
3 117 [0]
7 113 [0]
0 115 [5]
4 115 [1]
35 82 [3]
22 99 [0]
8 113 [0]
8 111 [2]
6 112 [3]
7 114 [0]
8 110 [3]
0 120 [1]
6 109 [6]
16 103 [2]
2 120 [0]
1 121 [0]
8 114 [0]
6 114 [2]
9 113 [0]
12 109 [1]
10 112 [0]
14 108 [0]
5 111 [6]
16 104 [2]
4 119 [0]
0 123 [0]
10 110 [3]
5 112 [6]
1 122 [0]
10 106 [7]
45 78 [0]
8 115 [0]
22 97 [4]
10 111 [2]
0 117 [7]
1 120 [3]
5 117 [2]
16 102 [6]
2 123 [0]
1 124 [0]
4 121 [0]
6 119 [0]
9 112 [4]
2 117 [6]
50 75 [0]
2 116 [7]
16 108 [1]
49 72 [4]
11 114 [0]
27 98 [0]
0 126 [0]
1 125 [0]
2 124 [0]
4 122 [0]
20 106 [0]
10 109 [7]
6 120 [0]
5 115 [6]
23 100 [3]
2 119 [5]
7 119 [0]
8 118 [0]
16 110 [0]
5 116 [6]
42 85 [0]
8 116 [3]
9 114 [4]
11 113 [3]
36 90 [1]
9 118 [1]
7 117 [4]
7 121 [0]
0 127 [1]
8 120 [0]
9 115 [4]
5 118 [6]
3 126 [0]
2 127 [0]
1 127 [1]
7 120 [2]
20 109 [0]
8 117 [4]
33 93 [3]
27 102 [0]
4 126 [0]
6 124 [0]
6 118 [6]
10 120 [0]
4 120 [6]
8 121 [1]
12 118 [0]
38 87 [5]
9 117 [4]
9 121 [1]
1 130 [0]
6 122 [3]
39 92 [0]
9 122 [0]
25 105 [1]
10 121 [0]
5 120 [6]
2 122 [7]
7 124 [1]
7 125 [0]
5 127 [0]
7 118 [7]
8 124 [0]
2 125 [5]
8 122 [2]
6 127 [0]
5 126 [2]
5 122 [6]
6 121 [6]
61 72 [0]
0 128 [5]
8 123 [3]
6 126 [2]
8 125 [1]
27 103 [4]
5 123 [6]
0 129 [5]
2 126 [7]
0 135 [0]
1 134 [0]
2 133 [0]
8 127 [0]
12 121 [2]
9 125 [1]
5 124 [6]
7 126 [2]
53 82 [0]
27 104 [4]
6 130 [0]
50 86 [0]
4 125 [7]
10 119 [7]
7 130 [0]
27 108 [2]
0 132 [5]
6 125 [6]
9 124 [4]
10 128 [0]
2 136 [0]
5 133 [0]
8 130 [0]
16 116 [6]
12 119 [7]
28 110 [0]
8 126 [4]
44 94 [0]
2 129 [7]
22 112 [4]
0 133 [5]
0 134 [5]
69 70 [0]
20 119 [0]
8 131 [0]
64 75 [0]
15 124 [0]
1 137 [1]
8 128 [3]
10 130 [0]
9 130 [1]
8 129 [3]
1 138 [1]
2 131 [7]
8 133 [0]
4 137 [0]
4 130 [7]
12 125 [4]
7 134 [0]
9 132 [0]
39 97 [5]
48 90 [3]
6 132 [3]
0 136 [5]
23 113 [6]
0 142 [0]
11 126 [5]
10 129 [3]
1 140 [1]
50 91 [1]
23 114 [5]
34 105 [3]
14 128 [0]
7 132 [3]
27 110 [5]
2 141 [0]
9 134 [0]
0 138 [5]
8 132 [3]
21 115 [7]
56 87 [0]
6 137 [1]
10 131 [3]
7 137 [0]
51 93 [0]
16 128 [0]
10 132 [2]
14 129 [1]
22 122 [0]
0 139 [5]
8 137 [0]
2 143 [0]
10 135 [0]
14 131 [0]
5 134 [6]
16 123 [6]
0 144 [1]
8 134 [3]
1 145 [0]
8 138 [0]
38 108 [0]
8 135 [3]
16 129 [1]
1 146 [0]
6 141 [0]
8 139 [0]
16 131 [0]
8 136 [3]
27 116 [4]
6 138 [3]
60 88 [0]
4 144 [0]
2 146 [0]
7 138 [3]
14 133 [1]
38 110 [0]
50 98 [0]
2 139 [7]
9 140 [0]
14 135 [0]
4 145 [0]
16 133 [0]
10 136 [3]
0 148 [1]
69 73 [7]
1 143 [5]
31 118 [0]
6 140 [3]
10 137 [2]
5 138 [6]
3 147 [0]
39 111 [0]
10 138 [2]
10 140 [0]
5 139 [6]
9 137 [4]
8 140 [2]
5 140 [6]
10 141 [0]
2 142 [7]
9 141 [1]
33 117 [1]
9 143 [0]
1 150 [1]
6 144 [2]
1 148 [3]
1 152 [0]
21 132 [0]
45 106 [2]
8 142 [3]
7 144 [2]
50 102 [1]
9 145 [0]
5 149 [0]
30 124 [0]
5 143 [6]
16 136 [2]
10 142 [2]
12 141 [1]
27 123 [4]
8 143 [3]
27 128 [0]
10 143 [2]
21 134 [0]
7 141 [7]
8 145 [2]
6 147 [2]
50 104 [1]
0 150 [5]
8 147 [0]
0 154 [1]
18 137 [0]
9 142 [4]
2 154 [0]
28 128 [0]
14 142 [0]
8 144 [4]
1 154 [1]
2 147 [7]
39 112 [5]
6 150 [0]
7 147 [2]
5 145 [6]
13 142 [1]
64 91 [2]
45 109 [3]
13 143 [1]
1 151 [5]
4 147 [6]
9 144 [4]
8 146 [3]
10 145 [2]
6 148 [3]
2 148 [7]
8 149 [0]
14 143 [0]
0 158 [0]
6 152 [0]
7 151 [0]
2 149 [7]
8 148 [2]
8 150 [0]
2 151 [5]
1 156 [1]
4 148 [6]
16 142 [0]
7 149 [2]
10 146 [3]
6 153 [0]
15 137 [7]
9 150 [0]
10 149 [0]
51 107 [1]
79 80 [0]
4 149 [6]
9 151 [0]
4 156 [0]
7 150 [3]
10 148 [2]
8 151 [1]
29 127 [4]
11 144 [5]
0 155 [5]
8 153 [0]
5 156 [0]
0 161 [0]
1 155 [5]
2 152 [7]
16 139 [6]
0 156 [5]
9 148 [4]
75 86 [0]
5 150 [6]
5 157 [0]
7 153 [2]
4 151 [7]
4 152 [6]
8 152 [2]
10 150 [2]
10 152 [0]
0 157 [5]
6 154 [3]
27 136 [0]
0 163 [0]
4 159 [0]
8 155 [0]
1 157 [5]
4 153 [6]
16 146 [1]
6 151 [6]
1 163 [0]
7 157 [0]
49 115 [0]
27 133 [4]
6 159 [0]
2 163 [0]
9 152 [4]
0 160 [5]
5 154 [6]
8 157 [0]
28 133 [4]
20 141 [4]
9 156 [0]
28 135 [2]
2 157 [7]
5 161 [0]
7 159 [0]
5 155 [6]
9 153 [4]
27 139 [0]
2 158 [7]
10 157 [0]
4 163 [0]
50 116 [1]
12 151 [4]
38 129 [0]
0 162 [5]
24 143 [0]
27 135 [5]
28 136 [4]
3 159 [6]
51 117 [1]
1 168 [0]
2 167 [0]
8 158 [3]
13 155 [1]
5 158 [6]
11 153 [5]
13 157 [0]
2 168 [0]
38 128 [4]
7 160 [3]
1 164 [5]
64 104 [2]
38 133 [0]
42 127 [2]
8 160 [3]
2 169 [0]
1 165 [5]
14 157 [0]
16 155 [0]
5 160 [6]
8 159 [4]
2 164 [5]
56 110 [6]
8 164 [0]
47 125 [0]
22 145 [5]
5 167 [0]
2 165 [5]
8 161 [3]
0 167 [5]
7 163 [2]
1 166 [5]
10 162 [0]
27 146 [0]
5 168 [0]
10 163 [0]
8 162 [3]
9 160 [4]
1 171 [1]
50 123 [0]
8 166 [0]
0 174 [0]
75 98 [1]
1 173 [0]
0 169 [5]
22 152 [0]
38 131 [5]
25 149 [0]
5 163 [6]
9 164 [1]
28 146 [0]
4 165 [5]
38 136 [0]
0 170 [5]
5 170 [0]
4 164 [7]
22 148 [5]
2 174 [0]
0 176 [0]
5 171 [0]
10 166 [0]
9 166 [1]
1 170 [5]
9 163 [4]
12 164 [0]
4 171 [1]
6 168 [2]
0 171 [5]
21 156 [0]
75 102 [0]
14 162 [1]
3 174 [0]
7 168 [2]
38 135 [4]
16 161 [0]
6 165 [6]
4 166 [7]
5 173 [0]
1 177 [0]
0 177 [1]
3 173 [2]
6 166 [6]
8 168 [2]
8 167 [3]
7 165 [6]
4 168 [6]
7 164 [7]
79 100 [0]
2 177 [0]
76 103 [0]
0 173 [6]
2 170 [7]
16 162 [1]
7 166 [7]
5 175 [0]
1 179 [0]
2 178 [0]
80 100 [0]
0 179 [1]
0 175 [5]
10 170 [0]
6 172 [2]
8 169 [3]
0 181 [0]
4 177 [0]
2 173 [6]
75 104 [2]
10 169 [2]
8 171 [2]
7 172 [2]
13 167 [1]
4 178 [0]
9 173 [0]
40 142 [0]
6 174 [2]
10 168 [4]
1 176 [5]
1 182 [0]
3 180 [0]
10 171 [2]
35 146 [2]
4 179 [0]
6 177 [0]
9 174 [0]
7 174 [2]
68 115 [0]
0 184 [0]
4 180 [0]
2 175 [7]
12 165 [7]
86 98 [0]
13 170 [1]
89 95 [0]
39 145 [0]
7 173 [4]
56 128 [0]
8 172 [4]
83 101 [0]
8 174 [2]
14 169 [1]
2 176 [7]
16 167 [2]
27 158 [0]
1 183 [1]
16 169 [0]
49 134 [2]
5 181 [0]
9 177 [0]
27 155 [4]
39 140 [7]
56 129 [1]
34 149 [3]
0 187 [0]
5 182 [0]
8 177 [2]
5 176 [6]
29 154 [4]
8 176 [3]
20 165 [2]
2 179 [7]
6 182 [0]
4 181 [3]
36 147 [5]
14 170 [4]
9 179 [0]
6 179 [3]
5 177 [6]
21 160 [7]
4 183 [1]
11 172 [5]
2 187 [0]
9 180 [0]
5 184 [0]
7 180 [2]
45 141 [3]
27 162 [0]
8 179 [2]
4 182 [3]
13 175 [1]
12 178 [0]
7 183 [0]
6 178 [6]
9 181 [0]
16 170 [4]
0 185 [5]
50 139 [1]
13 176 [1]
56 131 [3]
6 181 [3]
0 186 [5]
6 185 [0]
7 178 [6]
5 180 [6]
16 175 [0]
25 163 [3]
2 183 [7]
4 188 [0]
0 192 [0]
7 185 [0]
8 180 [4]
56 136 [0]
27 161 [4]
0 191 [1]
8 182 [2]
75 116 [1]
9 184 [0]
2 191 [0]
1 187 [5]
10 181 [2]
2 184 [7]
7 184 [2]
9 185 [0]
5 189 [0]
8 183 [3]
16 176 [2]
4 184 [6]
10 182 [2]
5 183 [6]
10 183 [2]
7 188 [0]
1 194 [0]
1 191 [3]
80 114 [1]
48 147 [0]
2 186 [7]
9 182 [4]
87 108 [0]
10 178 [7]
1 189 [5]
6 190 [0]
42 154 [0]
1 192 [3]
9 183 [4]
0 197 [0]
1 196 [0]
56 135 [6]
4 193 [0]
1 195 [1]
10 185 [2]
4 190 [3]
27 170 [0]
8 186 [3]
9 188 [0]
79 113 [5]
15 183 [0]
8 187 [3]
8 188 [2]
2 189 [7]
79 114 [5]
5 187 [6]
27 167 [4]
80 113 [5]
0 193 [5]
4 191 [3]
7 192 [0]
0 199 [0]
4 195 [0]
7 190 [2]
8 191 [0]
1 197 [1]
23 174 [2]
22 171 [6]
1 199 [0]
5 195 [0]
36 159 [5]
98 102 [0]
47 151 [2]
8 189 [3]
20 178 [2]
13 187 [0]
23 172 [5]
6 191 [3]
69 132 [0]
7 194 [0]
0 201 [0]
11 190 [0]
28 169 [4]
14 186 [1]
53 146 [2]
2 192 [7]
0 194 [7]
5 194 [2]
11 188 [2]
2 193 [7]
27 175 [0]
8 190 [4]
8 192 [2]
68 134 [0]
6 196 [0]
7 193 [2]
38 162 [2]
2 194 [6]
16 186 [0]
1 201 [1]
4 199 [0]
5 198 [0]
6 197 [0]
9 190 [4]
0 198 [5]
75 123 [5]
3 194 [6]
5 192 [6]
9 191 [4]
8 196 [0]
9 195 [0]
92 112 [0]
6 195 [3]
1 198 [5]
10 192 [2]
9 196 [0]
10 195 [0]
10 193 [2]
7 195 [3]
16 187 [2]
73 132 [0]
2 198 [5]
2 196 [7]
50 155 [0]
1 203 [1]
5 201 [0]
8 198 [0]
4 196 [6]
22 179 [5]
9 193 [4]
8 194 [4]
16 189 [1]
8 195 [3]
10 197 [0]
1 206 [0]
4 200 [3]
33 173 [1]
7 200 [0]
32 171 [4]
0 202 [5]
27 176 [4]
49 156 [2]
22 181 [4]
48 159 [0]
9 194 [4]
5 200 [2]
69 138 [0]
8 197 [2]
1 207 [0]
10 196 [2]
4 203 [1]
83 121 [4]
9 199 [0]
70 138 [0]
6 199 [3]
6 200 [2]
97 111 [0]
5 197 [6]
0 203 [5]
49 160 [0]
8 201 [0]
3 200 [6]
0 204 [5]
9 200 [0]
2 200 [7]
50 158 [1]
7 199 [3]
2 208 [0]
5 205 [0]
88 122 [0]
0 205 [5]
6 201 [3]
0 209 [1]
8 202 [0]
25 184 [1]
1 209 [1]
0 211 [0]
47 164 [0]
38 169 [4]
10 198 [3]
4 208 [0]
6 206 [0]
14 198 [0]
41 171 [0]
85 127 [0]
8 200 [4]
50 161 [1]
5 208 [0]
10 201 [2]
83 130 [0]
4 206 [3]
21 185 [7]
100 113 [0]
7 203 [3]
98 116 [0]
2 212 [0]
16 198 [0]
1 212 [1]
28 186 [0]
8 203 [3]
2 205 [7]
5 203 [6]
100 114 [0]
6 209 [0]
10 203 [2]
10 205 [0]
1 213 [1]
2 206 [7]
0 210 [5]
27 186 [2]
5 204 [6]
17 198 [1]
87 129 [0]
8 206 [2]
8 205 [3]
2 207 [7]
0 217 [0]
6 211 [0]
9 208 [0]
13 204 [0]
25 192 [0]
7 208 [2]
5 206 [6]
14 202 [1]
27 189 [1]
50 167 [0]
23 188 [6]
1 217 [0]
2 216 [0]
5 213 [0]
2 209 [7]
8 207 [3]
102 116 [0]
16 202 [0]
34 184 [1]
7 212 [0]
9 206 [4]
8 211 [0]
2 210 [7]
64 155 [0]
6 212 [1]
25 193 [1]
16 204 [0]
4 216 [0]
0 220 [0]
10 208 [2]
56 162 [2]
14 205 [1]
2 211 [7]
5 209 [6]
28 189 [3]
39 181 [0]
6 213 [1]
0 221 [0]
16 205 [0]
36 180 [5]
5 210 [6]
7 214 [0]
8 210 [3]
8 213 [0]
2 214 [5]
1 215 [5]
75 139 [7]
7 213 [1]
2 220 [0]
3 219 [0]
6 216 [0]
5 211 [6]
8 215 [0]
7 216 [0]
0 223 [0]
0 218 [5]
5 216 [2]
21 199 [3]
21 195 [7]
22 197 [4]
4 218 [1]
8 212 [3]
22 196 [5]
8 216 [0]
3 221 [0]
10 214 [0]
38 186 [0]
13 210 [1]
87 131 [6]
16 207 [1]
80 144 [0]
102 123 [0]
106 119 [0]
6 219 [0]
9 212 [4]
7 218 [0]
10 215 [0]
68 156 [1]
10 213 [2]
56 169 [0]
4 222 [0]
6 220 [0]
1 224 [1]
50 175 [1]
8 218 [0]
5 215 [6]
6 214 [6]
9 213 [4]
69 150 [7]
29 197 [0]
4 215 [7]
2 217 [7]
5 222 [0]
22 201 [4]
4 223 [0]
9 218 [0]
12 215 [0]
16 210 [2]
2 219 [7]
39 182 [7]
21 203 [4]
8 217 [3]
7 221 [0]
5 217 [6]
8 220 [0]
7 219 [2]
7 215 [7]
1 228 [0]
4 224 [1]
4 219 [6]
0 224 [5]
48 180 [1]
6 221 [2]
51 173 [5]
9 216 [4]
5 218 [6]
28 202 [0]
2 228 [0]
9 221 [0]
34 193 [3]
9 214 [7]
79 144 [7]
2 221 [7]
9 222 [0]
68 160 [3]
5 220 [6]
13 217 [1]
27 202 [2]
6 222 [3]
0 226 [5]
8 219 [4]
0 231 [1]
8 224 [0]
11 216 [5]
1 230 [1]
57 174 [1]
0 227 [5]
15 212 [5]
64 167 [2]
7 226 [0]
15 213 [5]
16 217 [0]
6 224 [3]
6 228 [0]
5 229 [0]
2 225 [7]
10 222 [2]
0 234 [0]
1 232 [1]
7 224 [3]
10 224 [0]
25 208 [1]
5 223 [6]
0 229 [5]
4 230 [1]
1 234 [0]
10 223 [2]
0 230 [5]
55 180 [0]
22 209 [4]
9 226 [0]
5 224 [6]
10 225 [0]
27 204 [4]
6 226 [3]
0 236 [0]
5 231 [0]
36 200 [0]
9 223 [4]
8 225 [3]
4 228 [5]
90 147 [0]
4 232 [1]
28 205 [4]
75 161 [1]
20 214 [3]
22 211 [4]
2 229 [7]
2 236 [0]
10 226 [2]
10 228 [0]
5 227 [6]
8 227 [3]
85 154 [0]
6 232 [1]
4 235 [0]
79 153 [7]
5 234 [0]
1 237 [1]
0 238 [1]
27 207 [5]
98 139 [2]
8 231 [0]
5 228 [6]
64 176 [0]
2 233 [5]
80 153 [7]
7 230 [3]
7 232 [1]
2 231 [7]
29 211 [0]
75 158 [7]
8 229 [3]
2 239 [0]
9 232 [0]
28 207 [6]
97 140 [4]
64 175 [2]
1 239 [1]
5 230 [6]
34 208 [0]
29 209 [4]
2 240 [0]
10 230 [2]
53 189 [0]
35 207 [0]
16 225 [1]
30 213 [0]
5 238 [0]
9 234 [0]
97 145 [1]
16 227 [0]
7 234 [2]
8 232 [3]
8 236 [0]
0 239 [5]
2 235 [7]
4 237 [3]
12 228 [4]
1 242 [1]
8 234 [2]
3 241 [0]
4 240 [0]
22 222 [0]
38 202 [4]
4 234 [6]
10 235 [0]
8 237 [0]
0 244 [1]
22 223 [0]
30 212 [3]
6 233 [6]
6 240 [0]
14 225 [7]
6 237 [3]
4 242 [0]
8 238 [0]
21 218 [7]
22 220 [4]
10 234 [2]
43 203 [0]
5 235 [6]
54 192 [0]
1 244 [1]
7 233 [7]
7 240 [0]
7 239 [1]
0 242 [5]
2 238 [7]
23 221 [3]
15 232 [1]
5 237 [6]
2 246 [0]
0 243 [5]
49 199 [0]
4 238 [6]
56 186 [6]
9 235 [4]
38 205 [6]
0 249 [0]
5 244 [0]
10 236 [3]
10 239 [0]
9 233 [7]
10 237 [2]
6 241 [2]
2 241 [7]
20 228 [2]
7 241 [2]
109 141 [0]
1 248 [1]
10 233 [7]
8 239 [3]
10 238 [2]
2 249 [0]
0 251 [0]
121 130 [0]
4 241 [6]
1 249 [1]
18 232 [1]
9 238 [4]
42 209 [0]
64 187 [0]
111 140 [0]
80 172 [0]
36 216 [0]
1 250 [1]
1 246 [5]
90 159 [3]
10 242 [0]
21 224 [7]
12 240 [0]
9 239 [4]
14 236 [2]
16 236 [0]
7 242 [3]
87 162 [4]
6 247 [0]
4 248 [1]
13 239 [1]
5 242 [6]
2 244 [7]
6 244 [3]
22 231 [0]
8 241 [4]
1 251 [1]
0 248 [5]
105 149 [0]
0 254 [0]
8 243 [3]
7 245 [2]
9 245 [0]
3 245 [6]
5 250 [0]
0 250 [5]
6 249 [0]
4 245 [6]
21 230 [4]
7 248 [0]
42 211 [2]
50 204 [1]
98 158 [0]
4 251 [1]
4 249 [3]
20 233 [3]
10 243 [3]
79 172 [5]
1 252 [3]
14 239 [4]
5 246 [6]
10 240 [7]
4 246 [7]
8 245 [4]
8 250 [0]
1 257 [0]
6 246 [6]
4 254 [0]
27 227 [4]
5 247 [6]
10 248 [0]
14 243 [1]
5 254 [0]
0 259 [0]
4 255 [0]
8 248 [3]
10 247 [2]
8 251 [0]
10 249 [0]
45 214 [0]
25 234 [0]
61 199 [0]
12 246 [2]
9 247 [4]
16 243 [1]
5 255 [0]
36 219 [5]
7 246 [7]
27 229 [4]
5 249 [6]
7 250 [3]
129 131 [0]
53 207 [0]
25 235 [1]
1 260 [0]
0 256 [5]
69 185 [7]
2 252 [7]
6 253 [2]
2 259 [0]
7 254 [0]
6 252 [3]
0 257 [5]
20 240 [2]
7 253 [2]
10 250 [2]
4 252 [6]
5 251 [6]
3 259 [0]
7 255 [0]
2 253 [7]
73 185 [4]
10 252 [0]
8 252 [2]
2 261 [0]
2 254 [7]
98 161 [4]
4 253 [6]
10 251 [2]
21 242 [0]
6 255 [2]
66 197 [0]
0 258 [5]
128 135 [0]
8 256 [0]
1 263 [0]
10 254 [0]
2 255 [7]
29 231 [4]
8 254 [2]
42 220 [2]
25 238 [1]
56 202 [6]
1 264 [0]
9 252 [4]
27 236 [2]
102 161 [2]
8 253 [4]
0 260 [5]
2 257 [7]
7 259 [0]
10 256 [0]
39 222 [5]
11 255 [0]
91 175 [0]
0 261 [5]
9 253 [4]
49 218 [0]
4 263 [0]
1 261 [5]
48 219 [0]
0 262 [5]
39 223 [5]
66 201 [0]
6 259 [2]
8 255 [4]
5 257 [6]
20 246 [2]
84 184 [0]
38 225 [5]
0 269 [0]
5 264 [0]
1 268 [0]
8 258 [3]
6 263 [0]
21 248 [0]
2 260 [7]
79 190 [0]
80 190 [0]
1 269 [0]
0 270 [0]
27 243 [0]
0 265 [5]
8 261 [1]
64 204 [2]
10 257 [3]
14 257 [0]
115 156 [0]
14 256 [1]
82 189 [0]
5 260 [6]
100 172 [0]
1 271 [0]
2 270 [0]
9 259 [4]
34 235 [3]
79 188 [5]
5 261 [6]
16 257 [0]
43 230 [0]
2 264 [7]
14 258 [1]
22 247 [4]
13 260 [0]
106 165 [2]
7 263 [3]
4 268 [1]
5 262 [6]
2 272 [0]
64 210 [0]
2 265 [7]
4 269 [1]
38 236 [0]
22 252 [0]
1 274 [0]
17 257 [1]
21 250 [4]
8 264 [3]
13 261 [1]
6 268 [1]
34 238 [3]
7 266 [2]
42 231 [2]
1 275 [0]
7 269 [0]
7 268 [1]
8 268 [0]
9 267 [0]
13 262 [1]
99 177 [0]
9 263 [4]
8 265 [3]
1 270 [5]
39 237 [0]
21 251 [4]
0 271 [5]
7 267 [2]
8 269 [0]
8 267 [2]
11 266 [0]
4 267 [6]
29 244 [4]
16 261 [0]
50 227 [0]
0 272 [5]
5 273 [0]
16 262 [0]
8 266 [4]
0 273 [5]
6 271 [1]
1 276 [1]
16 260 [2]
14 265 [0]
8 271 [0]
99 179 [1]
84 193 [2]
7 271 [1]
9 266 [4]
1 273 [5]
9 271 [0]
16 264 [0]
5 269 [6]
2 271 [7]
0 275 [5]
56 225 [0]
8 273 [0]
3 278 [0]
9 268 [4]
45 233 [3]
0 276 [5]
6 274 [1]
6 275 [0]
57 221 [3]
127 154 [0]
1 280 [1]
10 272 [0]
5 271 [6]
2 273 [7]
7 276 [0]
13 270 [0]
64 217 [2]
16 265 [2]
8 272 [3]
119 165 [0]
5 279 [0]
7 274 [3]
2 277 [5]
4 280 [0]
13 271 [0]
21 263 [0]
0 279 [5]
28 256 [0]
6 276 [3]
23 259 [3]
7 275 [3]
7 278 [0]
5 274 [6]
38 243 [4]
0 280 [5]
8 274 [3]
1 281 [3]
10 275 [0]
4 277 [5]
0 286 [0]
9 277 [0]
106 178 [2]
114 172 [0]
8 275 [3]
36 245 [5]
58 228 [0]
16 270 [0]
6 278 [2]
27 260 [0]
5 276 [6]
1 285 [1]
27 258 [2]
1 283 [3]
14 272 [1]
2 278 [7]
9 274 [4]
10 276 [2]
42 244 [2]
8 280 [0]
1 286 [1]
9 275 [4]
120 168 [0]
6 277 [5]
4 278 [6]
4 281 [3]
16 272 [0]
27 261 [0]
68 218 [3]
2 287 [0]
48 241 [0]
9 276 [4]
6 283 [0]
6 280 [3]
7 282 [0]
1 289 [0]
5 285 [0]
100 188 [2]
7 277 [6]
6 284 [0]
0 289 [1]
28 258 [4]
1 284 [5]
6 281 [3]
6 282 [2]
2 281 [7]
8 279 [3]
0 285 [5]
18 268 [4]
121 166 [3]
3 288 [0]
1 290 [0]
8 281 [2]
2 284 [5]
82 207 [2]
2 289 [0]
7 284 [0]
34 254 [3]
43 248 [0]
36 255 [0]
39 247 [5]
43 242 [6]
4 282 [6]
0 287 [5]
2 283 [7]
2 290 [0]
1 288 [3]
10 280 [2]
8 285 [0]
1 292 [0]
8 283 [2]
7 286 [0]
112 181 [0]
99 191 [3]
36 253 [5]
9 281 [4]
27 265 [2]
21 269 [4]
15 274 [5]
9 284 [1]
23 266 [5]
134 160 [0]
48 245 [1]
88 206 [0]
8 282 [4]
43 251 [0]
85 209 [0]
5 288 [2]
27 264 [4]
1 294 [0]
12 277 [6]
44 249 [2]
10 283 [2]
91 204 [0]
5 284 [6]
9 282 [4]
0 290 [5]
6 286 [3]
7 287 [2]
9 283 [4]
1 295 [0]
8 288 [0]
0 295 [1]
23 267 [6]
11 282 [3]
130 166 [0]
84 208 [4]
6 291 [0]
28 265 [4]
100 190 [7]
2 288 [7]
8 287 [2]
8 286 [3]
139 158 [0]
10 285 [2]
5 286 [6]
144 153 [0]
10 284 [3]
5 293 [0]
7 291 [0]
38 256 [4]
10 286 [2]
8 290 [0]
5 287 [6]
119 178 [1]
0 293 [5]
20 277 [1]
111 182 [5]
1 296 [1]
6 289 [3]
0 299 [0]
7 292 [0]
8 291 [0]
8 289 [2]
56 243 [0]
10 287 [2]
0 294 [5]
7 288 [4]
55 245 [0]
148 152 [0]
73 226 [1]
3 297 [0]
4 296 [0]
43 250 [7]
38 258 [4]
12 284 [4]
9 291 [0]
5 289 [6]
10 290 [0]
9 292 [0]
0 301 [0]
5 290 [6]
10 289 [2]
27 270 [4]
113 188 [0]
2 292 [7]
107 194 [0]
4 294 [3]
4 291 [6]
48 253 [0]
85 211 [5]
10 292 [0]
2 293 [7]
69 226 [7]
83 215 [4]
1 300 [1]
38 265 [0]
1 302 [0]
2 301 [0]
7 296 [0]
5 292 [6]
6 294 [3]
8 292 [3]
0 298 [5]
13 290 [0]
7 297 [0]
0 304 [0]
8 294 [2]
5 297 [2]
2 295 [7]
6 295 [3]
27 273 [4]
8 293 [3]
1 298 [5]
5 299 [0]
8 296 [0]
75 229 [0]
58 246 [0]
0 297 [7]
0 305 [0]
1 299 [5]
4 300 [1]
2 297 [6]
5 294 [6]
21 285 [0]
8 298 [0]
147 159 [0]
27 279 [0]
20 284 [2]
10 294 [2]
30 274 [2]
1 306 [0]
9 294 [4]
2 298 [7]
4 302 [1]
75 227 [5]
7 301 [0]
1 307 [0]
4 304 [0]
14 290 [4]
22 281 [5]
2 299 [7]
2 307 [0]
7 302 [0]
0 308 [1]
5 298 [6]
22 280 [7]
9 296 [4]
38 272 [0]
22 283 [5]
9 297 [4]
8 299 [3]
85 220 [5]
6 302 [3]
13 298 [0]
22 289 [0]
8 301 [2]
8 300 [3]
1 310 [1]
3 309 [0]
5 307 [0]
3 303 [6]
15 292 [5]
8 304 [0]
13 299 [0]
5 301 [6]
7 303 [2]
32 280 [0]
0 309 [3]
56 256 [0]
9 304 [0]
8 305 [0]
4 303 [6]
10 301 [2]
1 309 [3]
9 300 [4]
25 287 [1]
50 262 [1]
5 302 [6]
18 296 [0]
6 308 [0]
1 312 [1]
8 306 [0]
16 298 [0]
56 258 [0]
49 263 [2]
7 307 [1]
9 306 [0]
4 308 [3]
23 291 [1]
5 304 [6]
9 302 [4]
4 310 [1]
10 305 [0]
151 164 [0]
9 307 [0]
4 312 [0]
9 303 [4]
0 311 [5]
29 280 [7]
0 315 [1]
101 215 [0]
1 316 [0]
2 308 [7]
2 309 [6]
9 308 [0]
132 185 [0]
85 231 [1]
5 306 [6]
16 299 [2]
3 315 [0]
0 313 [5]
6 312 [0]
8 310 [0]
10 304 [4]
10 306 [2]
10 308 [0]
8 307 [3]
8 308 [2]
18 300 [0]
0 319 [0]
10 307 [2]
0 314 [5]
43 269 [7]
2 318 [0]
13 306 [1]
7 309 [4]
14 305 [1]
1 314 [5]
0 321 [0]
1 320 [0]
5 310 [6]
27 290 [4]
6 315 [0]
33 288 [0]
1 321 [0]
6 316 [0]
92 223 [7]
5 311 [6]
7 312 [3]
2 313 [7]
8 311 [3]
84 235 [3]
21 294 [7]
8 314 [0]
50 270 [2]
9 309 [4]
109 214 [0]
2 321 [0]
7 316 [0]
9 310 [4]
45 277 [1]
8 315 [0]
8 312 [3]
27 293 [4]
10 312 [2]
34 287 [3]
4 320 [0]
0 324 [0]
50 273 [1]
8 316 [0]
5 313 [6]
64 260 [0]
2 315 [7]
0 323 [1]
14 306 [4]
1 324 [0]
1 323 [1]
0 322 [3]
4 315 [6]
6 317 [2]
9 312 [4]
61 263 [2]
48 278 [0]
13 313 [0]
7 317 [2]
2 317 [7]
3 317 [6]
7 315 [4]
16 311 [0]
0 327 [0]
5 316 [6]
3 322 [2]
6 320 [1]
87 236 [4]
25 301 [1]
56 265 [6]
56 272 [0]
64 264 [0]
7 320 [1]
13 314 [1]
64 262 [2]
29 295 [4]
1 326 [1]
122 206 [0]
10 316 [2]
16 313 [0]
8 317 [4]
98 229 [2]
5 325 [0]
16 314 [0]
4 326 [0]
50 279 [1]
6 318 [6]
8 319 [3]
21 302 [7]
27 299 [4]
2 322 [6]
0 325 [5]
33 297 [0]
5 319 [6]
5 326 [0]
1 325 [5]
102 227 [2]
8 323 [0]
9 322 [0]
42 289 [0]
11 315 [5]
10 320 [2]
4 328 [0]
7 318 [7]
5 321 [6]
6 323 [3]
98 227 [7]
25 304 [3]
8 321 [3]
1 328 [3]
8 325 [0]
6 327 [0]
21 312 [0]
7 322 [4]
2 324 [7]
7 324 [2]
9 320 [4]
0 329 [5]
1 333 [0]
9 318 [7]
4 324 [6]
4 327 [3]
24 306 [4]
8 324 [2]
7 327 [0]
64 270 [0]
85 244 [5]
8 327 [0]
5 330 [0]
112 223 [0]
22 308 [5]
112 222 [1]
43 285 [7]
5 324 [6]
10 323 [2]
124 212 [0]
10 326 [0]
6 330 [0]
8 328 [0]
3 327 [6]
8 326 [2]
2 327 [7]
6 328 [2]
15 316 [5]
2 335 [0]
4 333 [0]
8 329 [0]
9 324 [4]
4 330 [3]
3 328 [6]
27 311 [0]
2 329 [7]
21 310 [7]
1 332 [5]
97 237 [5]
51 288 [0]
3 336 [0]
42 295 [2]
7 328 [4]
2 332 [5]
4 336 [0]
6 334 [0]
36 303 [1]
7 331 [2]
1 336 [3]
2 331 [7]
2 339 [0]
1 340 [0]
9 328 [4]
34 304 [3]
4 332 [5]
7 334 [0]
2 334 [5]
75 264 [2]
20 318 [3]
4 331 [6]
16 319 [6]
15 320 [7]
3 339 [0]
5 331 [6]
9 333 [0]
10 329 [3]
109 233 [0]
10 330 [2]
11 327 [5]
8 333 [2]
6 337 [0]
33 309 [1]
90 253 [0]
9 330 [4]
94 249 [0]
50 293 [0]
6 338 [0]
0 344 [0]
6 332 [6]
6 336 [2]
2 342 [0]
1 338 [5]
4 335 [5]
3 341 [0]
18 320 [6]
27 313 [4]
9 331 [4]
8 336 [0]
5 333 [6]
148 196 [1]
27 314 [4]
2 338 [5]
12 332 [1]
7 338 [0]
10 333 [2]
22 323 [0]
79 266 [0]
4 342 [0]
7 332 [7]
7 339 [0]
79 267 [0]
16 329 [1]
7 337 [2]
1 345 [1]
1 346 [0]
69 276 [2]
38 305 [4]
16 325 [6]
80 266 [1]
6 335 [6]
7 336 [4]
4 338 [5]
6 340 [1]
30 316 [2]
73 275 [0]
70 276 [2]
5 341 [2]
111 237 [0]
10 338 [0]
11 337 [0]
7 335 [6]
0 343 [5]
22 326 [0]
7 340 [1]
1 348 [0]
8 337 [4]
2 341 [6]
2 340 [7]
10 332 [7]
4 339 [6]
9 337 [4]
0 350 [0]
4 346 [0]
75 273 [2]
9 341 [0]
6 342 [2]
9 334 [7]
27 319 [4]
0 345 [5]
5 339 [6]
3 342 [6]
6 345 [0]
12 338 [1]
8 340 [3]
69 275 [7]
8 339 [4]
29 323 [0]
2 343 [7]
48 303 [1]
37 315 [0]
6 346 [0]
91 260 [1]
7 341 [4]
25 324 [3]
9 339 [4]
27 321 [4]
0 351 [1]
3 350 [0]
0 353 [0]
51 297 [5]
10 343 [0]
49 302 [2]
1 351 [1]
4 348 [1]
91 262 [0]
8 341 [4]
1 352 [1]
9 345 [0]
0 354 [0]
1 350 [3]
8 343 [3]
8 342 [4]
20 332 [2]
12 335 [7]
75 279 [0]
0 355 [0]
19 336 [0]
69 286 [0]
4 351 [0]
32 323 [0]
5 344 [6]
6 349 [0]
141 214 [0]
78 277 [0]
7 348 [0]
8 347 [0]
7 345 [3]
9 346 [0]
2 346 [7]
10 345 [0]
29 326 [0]
27 325 [4]
129 225 [2]
8 346 [2]
22 330 [4]
4 350 [2]
10 344 [2]
6 347 [3]
2 349 [5]
33 322 [1]
131 225 [0]
5 345 [6]
20 334 [3]
2 355 [0]
5 346 [6]
13 344 [0]
14 343 [0]
25 331 [1]
20 335 [2]
6 348 [3]
1 355 [1]
36 317 [5]
5 353 [0]
55 303 [0]
4 349 [5]
5 347 [6]
16 343 [0]
5 354 [0]
2 350 [7]
9 350 [0]
10 347 [2]
4 352 [3]
49 310 [0]
132 226 [1]
119 240 [0]
2 358 [0]
15 340 [5]
1 356 [3]
1 359 [0]
22 333 [5]
9 347 [4]
6 351 [3]
2 351 [7]
112 247 [1]
8 352 [0]
23 337 [0]
14 344 [2]
1 354 [5]
91 270 [0]
1 360 [0]
10 351 [0]
56 305 [0]
86 273 [2]
8 351 [2]
7 350 [4]
9 348 [4]
10 352 [0]
8 350 [4]
8 354 [0]
7 349 [6]
16 344 [2]
80 282 [0]
50 311 [1]
0 358 [5]
4 359 [0]
1 362 [0]
5 352 [6]
70 286 [7]
2 354 [7]
45 318 [0]
176 187 [0]
105 254 [4]
8 356 [0]
5 359 [0]
50 313 [1]
50 314 [0]
64 298 [2]
51 309 [5]
6 359 [0]
32 326 [7]
9 356 [0]
10 353 [2]
10 355 [0]
6 356 [3]
2 356 [7]
0 360 [5]
0 364 [1]
1 361 [3]
9 352 [4]
147 219 [0]
10 354 [2]
8 358 [0]
4 356 [6]
100 266 [0]
8 355 [3]
7 357 [2]
8 357 [2]
2 365 [0]
4 357 [6]
4 362 [1]
100 267 [0]
13 353 [1]
0 362 [5]
8 360 [0]
2 366 [0]
1 367 [0]
4 364 [0]
12 349 [7]
7 361 [0]
139 229 [0]
5 361 [2]
34 331 [3]
104 264 [0]
9 359 [0]
9 355 [4]
48 317 [3]
177 191 [0]
61 302 [6]
0 369 [0]
6 363 [0]
8 359 [2]
2 360 [7]
39 330 [0]
137 232 [0]
2 361 [6]
19 350 [0]
14 353 [2]
88 281 [0]
8 362 [0]
4 366 [0]
13 355 [2]
3 361 [6]
79 291 [0]
5 363 [2]
10 360 [0]
50 319 [1]
16 354 [0]
3 368 [0]
4 367 [0]
10 358 [3]
8 363 [0]
20 349 [2]
27 344 [0]
10 359 [2]
1 365 [5]
50 321 [0]
8 364 [0]
0 371 [1]
2 363 [7]
38 329 [5]
30 340 [2]
6 367 [0]
5 362 [6]
0 373 [0]
7 366 [0]
14 355 [4]
4 363 [6]
8 361 [4]
5 366 [2]
22 352 [0]
16 358 [0]
11 363 [0]
13 360 [1]
9 361 [4]
6 366 [2]
5 370 [0]
4 371 [0]
6 369 [0]
1 373 [1]
141 233 [1]
5 364 [6]
36 339 [0]
1 371 [3]
33 341 [1]
0 370 [5]
75 293 [7]
5 365 [6]
2 374 [0]
6 368 [2]
8 365 [3]
50 325 [1]
0 375 [1]
10 364 [2]
21 348 [7]
7 363 [7]
0 372 [5]
8 369 [0]
8 367 [2]
5 372 [0]
9 364 [4]
22 351 [4]
2 368 [7]
10 367 [0]
11 366 [0]
22 356 [0]
3 375 [0]
51 322 [5]
80 291 [7]
8 366 [4]
128 243 [7]
5 367 [6]
68 310 [0]
9 369 [0]
14 360 [4]
4 368 [6]
4 375 [0]
0 379 [0]
1 378 [0]
2 370 [7]
7 369 [3]
45 334 [0]
6 371 [2]
64 313 [2]
175 204 [0]
21 359 [0]
64 314 [2]
7 371 [2]
8 368 [4]
2 371 [7]
98 279 [4]
0 381 [0]
5 376 [0]
38 343 [0]
10 369 [2]
113 267 [1]
5 374 [2]
16 365 [0]
93 288 [0]
86 293 [2]
8 370 [3]
0 382 [0]
5 371 [6]
2 373 [7]
3 379 [0]
24 355 [3]
7 375 [0]
6 374 [2]
1 376 [5]
7 376 [0]
36 342 [5]
1 381 [1]
102 279 [2]
7 374 [2]
6 375 [2]
114 266 [3]
10 371 [2]
8 372 [3]
10 373 [0]
21 362 [0]
0 378 [5]
45 338 [0]
1 377 [5]
8 373 [2]
8 376 [0]
9 371 [4]
24 360 [0]
5 373 [6]
27 353 [4]
1 380 [3]
128 256 [1]
29 351 [5]
7 378 [0]
14 370 [1]
27 354 [4]
11 374 [0]
75 311 [0]
7 379 [0]
1 382 [3]
5 381 [0]
8 374 [4]
23 357 [6]
28 354 [4]
2 377 [7]
9 376 [1]
158 229 [0]
5 382 [0]
0 380 [7]
2 378 [7]
4 376 [7]
27 358 [2]
2 379 [6]
5 380 [2]
8 375 [4]
176 210 [1]
85 295 [7]
2 386 [0]
0 388 [0]
186 202 [0]
0 387 [1]
8 380 [0]
5 377 [6]
56 329 [3]
9 375 [4]
8 377 [3]
2 380 [6]
21 367 [0]
1 387 [1]
7 382 [0]
147 241 [1]
1 388 [0]
0 389 [0]
6 383 [0]
5 378 [6]
9 380 [0]
100 282 [7]
3 380 [6]
25 364 [1]
1 389 [0]
0 385 [5]
2 381 [7]
6 381 [3]
2 383 [5]
10 378 [2]
12 376 [2]
5 385 [0]
4 385 [1]
1 390 [0]
2 382 [7]
11 375 [5]
5 386 [0]
13 378 [0]
135 256 [0]
2 390 [0]
105 287 [0]
8 384 [0]
6 384 [2]
9 379 [4]
14 378 [0]
27 365 [0]
1 386 [5]
8 382 [2]
4 383 [5]
48 342 [3]
16 377 [0]
2 391 [0]
2 384 [7]
39 347 [7]
98 293 [2]
3 384 [6]
7 384 [2]
0 394 [0]
8 386 [0]
55 339 [0]
75 319 [0]
0 393 [1]
16 372 [6]
4 387 [3]
174 221 [0]
9 386 [0]
7 385 [3]
10 385 [0]
22 373 [0]
75 321 [0]
9 387 [0]
10 386 [0]
6 387 [3]
0 391 [5]
39 352 [5]
51 341 [5]
1 395 [1]
176 217 [4]
6 388 [3]
9 388 [0]
27 370 [0]
2 388 [7]
187 210 [0]
21 369 [7]
7 391 [0]
0 398 [0]
1 396 [1]
197 201 [0]
8 388 [2]
100 291 [7]
2 389 [7]
7 392 [0]
27 372 [0]
10 387 [2]
5 388 [6]
4 395 [1]
0 400 [0]
38 358 [4]
0 395 [5]
10 383 [7]
4 396 [0]
8 389 [3]
5 389 [6]
1 394 [5]
10 388 [2]
1 400 [0]
8 393 [0]
5 390 [6]
8 390 [3]
34 364 [3]
4 391 [6]
4 392 [6]
13 389 [0]
29 373 [0]
28 370 [4]
124 274 [4]
12 383 [7]
8 392 [2]
75 325 [2]
0 397 [5]
8 395 [0]
2 401 [0]
0 403 [0]
77 326 [0]
4 393 [6]
122 281 [0]
2 394 [7]
8 394 [1]
181 222 [0]
1 403 [0]
27 377 [0]
0 399 [5]
2 402 [0]
14 386 [4]
9 391 [4]
152 252 [0]
5 393 [6]
36 363 [5]
10 393 [2]
137 268 [0]
16 389 [0]
4 400 [1]
20 383 [2]
129 272 [4]
8 396 [2]
1 405 [0]
9 393 [4]
2 404 [0]
105 301 [0]
5 395 [6]
1 404 [1]
2 405 [0]
13 394 [0]
25 382 [0]
2 398 [7]
5 396 [6]
7 397 [3]
16 390 [1]
0 408 [0]
1 407 [0]
5 397 [6]
1 406 [1]
10 396 [2]
1 402 [5]
2 407 [0]
6 403 [0]
9 396 [4]
10 397 [2]
7 402 [0]
8 401 [0]
22 387 [0]
36 368 [5]
8 399 [3]
1 408 [1]
6 401 [3]
21 385 [4]
9 402 [0]
185 226 [0]
0 406 [5]
10 398 [3]
5 400 [6]
8 400 [3]
6 404 [1]
14 398 [0]
35 377 [0]
2 403 [7]
10 400 [2]
10 402 [0]
24 386 [2]
7 404 [1]
16 394 [2]
33 379 [0]
10 401 [2]
2 411 [0]
3 410 [0]
9 404 [0]
4 402 [7]
49 362 [2]
4 408 [1]
86 325 [2]
51 361 [1]
7 407 [0]
1 413 [0]
14 399 [1]
10 404 [0]
5 407 [2]
56 358 [0]
117 297 [0]
6 402 [6]
0 409 [5]
29 381 [4]
38 370 [6]
9 401 [4]
6 405 [3]
1 412 [1]
0 407 [7]
102 311 [2]
2 413 [0]
0 415 [0]
42 373 [0]
84 331 [0]
16 398 [1]
8 405 [2]
8 404 [3]
22 388 [5]
2 406 [7]
25 391 [0]
1 415 [0]
12 402 [2]
1 414 [1]
5 405 [6]
61 348 [7]
48 368 [0]
3 407 [6]
6 411 [0]
4 413 [0]
4 412 [1]
27 390 [0]
0 412 [5]
5 410 [2]
5 406 [6]
80 337 [0]
10 406 [2]
7 411 [0]
2 416 [0]
9 405 [4]
1 417 [0]
178 240 [0]
2 409 [7]
2 410 [6]
69 345 [4]
1 416 [1]
2 417 [0]
6 413 [0]
1 418 [0]
4 415 [0]
15 404 [0]
25 393 [1]
98 319 [2]
8 408 [3]
8 409 [3]
10 408 [2]
0 420 [0]
13 406 [1]
27 389 [4]
6 415 [0]
7 410 [4]
76 344 [1]
1 419 [1]
4 418 [0]
21 397 [4]
8 410 [4]
10 409 [3]
89 328 [5]
22 401 [0]
6 417 [0]
95 328 [0]
5 412 [6]
0 418 [5]
21 395 [7]
8 415 [0]
50 372 [1]
8 412 [3]
22 396 [5]
42 381 [0]
127 295 [1]
6 414 [3]
14 409 [1]
7 414 [3]
0 419 [5]
20 402 [2]
14 406 [4]
10 412 [2]
0 423 [1]
1 422 [1]
9 416 [0]
21 400 [4]
27 394 [4]
2 423 [0]
89 336 [0]
115 310 [0]
4 421 [0]
36 384 [5]
0 424 [1]
27 398 [0]
34 391 [0]
180 245 [0]
7 418 [0]
1 423 [1]
16 409 [0]
0 426 [0]
10 416 [0]
5 415 [6]
147 278 [1]
7 413 [6]
6 418 [3]
5 416 [6]
5 422 [0]
8 419 [0]
28 399 [0]
9 414 [4]
8 417 [2]
1 425 [1]
18 404 [5]
0 422 [5]
4 422 [1]
8 420 [0]
43 385 [0]
6 422 [0]
8 418 [2]
7 421 [0]
27 399 [2]
6 419 [3]
9 413 [6]
109 318 [2]
1 428 [0]
5 418 [6]
2 420 [7]
6 423 [0]
76 353 [0]
8 421 [0]
7 419 [3]
21 408 [0]
34 393 [3]
2 428 [0]
9 417 [4]
9 421 [0]
10 420 [0]
13 416 [1]
0 425 [5]
20 411 [0]
1 430 [0]
4 424 [3]
64 365 [2]
0 430 [1]
9 418 [4]
10 419 [2]
211 220 [0]
1 429 [1]
39 387 [5]
12 413 [6]
181 247 [4]
48 384 [0]
68 362 [2]
8 422 [2]
9 419 [4]
95 336 [1]
51 380 [1]
2 430 [0]
53 377 [2]
8 424 [0]
5 428 [0]
4 429 [0]
0 433 [0]
0 432 [1]
2 431 [0]
26 400 [7]
8 425 [0]
90 342 [1]
9 424 [0]
6 424 [3]
203 230 [0]
137 296 [0]
0 429 [5]
6 425 [3]
2 432 [0]
174 259 [1]
14 416 [4]
2 427 [5]
10 424 [0]
10 422 [2]
88 346 [0]
3 432 [0]
21 414 [0]
5 424 [6]
7 425 [3]
97 333 [5]
9 422 [4]
14 420 [1]
152 283 [1]
54 382 [0]
4 432 [0]
29 403 [4]
5 431 [0]
148 283 [5]
1 434 [1]
38 398 [0]
26 408 [2]
79 357 [0]
22 415 [0]
38 399 [0]
175 262 [0]
21 412 [4]
5 426 [6]
176 261 [0]
128 305 [4]
1 431 [5]
10 425 [2]
6 432 [0]
8 430 [0]
6 429 [3]
10 426 [2]
9 425 [4]
21 418 [0]
1 438 [0]
6 427 [6]
137 300 [2]
22 417 [0]
8 429 [2]
0 434 [5]
9 430 [0]
8 428 [3]
6 430 [3]
4 433 [3]
6 434 [0]
5 429 [6]
135 305 [0]
4 430 [6]
7 434 [0]
7 427 [7]
24 416 [1]
5 430 [6]
6 436 [0]
0 442 [0]
6 433 [3]
14 426 [2]
75 365 [2]
4 438 [0]
43 397 [2]
7 435 [0]
8 431 [3]
73 369 [0]
7 436 [0]
1 442 [0]
0 443 [0]
208 235 [0]
8 433 [2]
112 330 [1]
211 231 [1]
69 369 [5]
9 427 [7]
33 410 [0]
7 432 [4]
2 442 [0]
6 438 [0]
7 437 [0]
8 432 [4]
100 337 [7]
9 435 [0]
10 434 [0]
97 347 [0]
2 437 [5]
5 433 [6]
29 415 [0]
2 436 [7]
109 334 [2]
4 435 [6]
53 390 [2]
8 435 [2]
3 436 [6]
16 428 [1]
5 434 [6]
9 433 [4]
2 444 [0]
186 258 [2]
49 395 [2]
4 436 [6]
33 407 [6]
9 437 [1]
1 446 [0]
103 344 [0]
106 338 [3]
20 427 [0]
4 444 [0]
1 447 [0]
5 443 [0]
2 439 [7]
8 436 [4]
2 441 [5]
7 438 [3]
1 444 [3]
6 440 [2]
143 306 [0]
154 295 [0]
23 421 [5]
3 440 [6]
5 438 [6]
2 440 [7]
6 437 [6]
87 358 [4]
4 446 [0]
43 400 [7]
8 439 [3]
6 444 [0]
9 441 [0]
10 437 [3]
0 445 [5]
4 447 [0]
0 451 [0]
1 450 [0]
203 248 [0]
9 438 [4]
3 448 [0]
5 446 [0]
114 337 [0]
22 424 [5]
0 452 [0]
119 332 [1]
1 448 [3]
8 440 [4]
4 443 [6]
7 446 [0]
14 439 [0]
6 447 [0]
21 425 [7]
27 426 [0]
5 442 [6]
0 448 [5]
209 244 [0]
203 250 [0]
6 441 [6]
126 327 [0]
1 451 [1]
10 444 [0]
7 447 [0]
119 335 [0]
203 251 [0]
75 372 [7]
8 444 [2]
8 447 [0]
1 454 [0]
4 451 [0]
188 267 [0]
198 257 [0]
10 443 [2]
1 449 [5]
43 412 [0]
7 441 [7]
1 453 [1]
7 448 [0]
9 446 [0]
5 448 [2]
22 433 [0]
5 451 [0]
0 456 [0]
9 443 [4]
28 428 [0]
8 445 [3]
2 447 [7]
5 445 [6]
29 423 [4]
0 455 [1]
6 451 [0]
9 448 [0]
20 437 [0]
148 308 [1]
100 357 [0]
16 439 [2]
137 320 [0]
111 347 [0]
7 451 [0]
2 456 [0]
117 341 [0]
5 453 [0]
43 408 [7]
51 407 [0]
2 449 [7]
22 429 [7]
90 368 [0]
4 455 [0]
82 377 [0]
2 457 [0]
6 453 [0]
10 446 [3]
2 455 [2]
2 450 [7]
45 411 [3]
10 447 [2]
5 449 [6]
9 451 [0]
103 353 [4]
3 455 [2]
1 456 [3]
12 446 [2]
2 458 [0]
9 447 [4]
202 258 [0]
0 459 [1]
219 241 [0]
8 448 [4]
99 356 [5]
16 442 [2]
27 428 [6]
20 441 [0]
51 410 [0]
4 454 [3]
8 453 [0]
6 452 [3]
9 452 [0]
79 375 [7]
45 413 [3]
8 450 [3]
16 445 [0]
12 447 [2]
141 318 [2]
5 450 [6]
0 460 [1]
1 460 [1]
5 457 [0]
2 460 [0]
29 429 [4]
10 452 [0]
10 449 [3]
1 455 [6]
7 452 [3]
8 454 [0]
129 329 [4]
10 450 [2]
199 263 [0]
1 462 [0]
2 461 [0]
5 458 [0]
10 451 [2]
83 376 [4]
27 431 [5]
7 453 [3]
28 431 [4]
4 460 [0]
6 458 [0]
7 457 [0]
9 455 [0]
10 454 [0]
5 455 [4]
147 317 [0]
6 455 [4]
5 454 [6]
16 449 [0]
35 428 [2]
32 429 [4]
10 456 [0]
1 465 [0]
68 395 [3]
8 456 [2]
204 262 [0]
9 453 [4]
21 438 [7]
85 381 [0]
7 455 [4]
124 340 [2]
1 464 [1]
0 467 [0]
28 439 [0]
5 456 [6]
6 459 [2]
7 458 [2]
1 461 [5]
0 462 [5]
17 449 [1]
4 464 [0]
14 450 [4]
2 459 [7]
4 458 [6]
7 461 [0]
27 439 [2]
3 459 [6]
25 443 [0]
122 346 [0]
3 466 [0]
8 461 [0]
7 462 [0]
107 361 [1]
222 247 [0]
6 460 [3]
8 457 [4]
9 456 [4]
155 314 [0]
1 463 [5]
9 461 [0]
4 466 [0]
39 424 [7]
8 460 [2]
7 463 [0]
8 458 [4]
0 465 [5]
14 449 [7]
10 460 [0]
104 365 [1]
113 357 [0]
35 431 [4]
119 349 [3]
216 255 [0]
6 462 [3]
22 444 [5]
1 471 [0]
5 467 [0]
7 465 [0]
36 436 [0]
190 282 [0]
4 461 [7]
8 463 [1]
9 459 [4]
230 242 [0]
82 390 [0]
8 465 [0]
2 471 [0]
6 464 [3]
10 463 [0]
12 461 [0]
27 442 [4]
15 453 [5]
5 462 [6]
176 298 [0]
5 463 [6]
11 458 [5]
6 466 [2]
8 464 [2]
203 269 [2]
10 462 [2]
7 466 [2]
0 475 [0]
5 464 [6]
39 433 [3]
176 299 [0]
183 292 [0]
9 462 [4]
12 463 [0]
24 450 [2]
79 392 [5]
27 445 [4]
129 343 [4]
2 469 [5]
115 362 [0]
0 477 [0]
4 473 [0]
34 443 [0]
10 465 [2]
7 468 [2]
0 471 [7]
8 468 [2]
8 470 [0]
5 471 [2]
101 376 [1]
1 476 [1]
84 391 [3]
22 456 [0]
4 468 [6]
8 466 [4]
145 333 [0]
9 469 [1]
1 473 [5]
11 468 [0]
2 470 [7]
21 451 [7]
7 470 [2]
4 474 [1]
167 313 [0]
21 452 [7]
221 259 [0]
2 473 [5]
4 470 [6]
3 471 [6]
3 475 [2]
61 414 [6]
0 481 [0]
36 440 [5]
6 469 [6]
9 468 [4]
2 479 [0]
5 470 [6]
5 476 [0]
2 472 [7]
38 439 [4]
13 467 [1]
7 475 [0]
5 477 [0]
1 481 [0]
173 309 [0]
22 454 [6]
5 475 [2]
10 469 [3]
23 459 [0]
7 471 [4]
10 470 [2]
180 303 [0]
5 478 [0]
8 472 [3]
0 478 [5]
9 474 [0]
4 476 [3]
7 469 [7]
9 470 [4]
53 428 [2]
6 474 [3]
2 475 [6]
1 477 [5]
1 483 [0]
5 479 [0]
8 476 [0]
53 431 [0]
1 482 [1]
8 474 [2]
1 480 [3]
10 472 [3]
6 473 [6]
30 453 [2]
5 474 [6]
16 467 [2]
0 484 [1]
5 481 [0]
32 454 [0]
87 398 [1]
22 460 [4]
92 387 [7]
7 473 [6]
66 415 [5]
10 474 [2]
1 486 [0]
2 485 [0]
140 347 [0]
8 475 [4]
14 472 [1]
4 484 [0]
1 487 [0]
0 488 [0]
8 477 [3]
85 403 [0]
10 476 [2]
6 482 [0]
16 472 [0]
0 487 [1]
7 482 [0]
147 342 [0]
6 480 [3]
2 480 [7]
29 460 [0]
33 457 [0]
4 486 [0]
7 483 [0]
21 465 [4]
183 307 [0]
10 478 [2]
8 479 [3]
5 483 [2]
8 480 [2]
3 485 [2]
23 468 [0]
8 483 [0]
48 440 [3]
2 487 [2]
8 481 [3]
8 484 [0]
20 469 [3]
3 483 [6]
10 479 [3]
69 419 [4]
3 487 [2]
13 478 [1]
73 419 [0]
107 380 [5]
106 383 [3]
100 392 [0]
5 485 [2]
2 491 [0]
20 473 [0]
9 480 [4]
4 489 [0]
7 484 [2]
78 413 [2]
8 485 [0]
22 464 [7]
2 484 [7]
9 484 [0]
36 458 [0]
0 494 [0]
1 492 [1]
14 478 [2]
69 425 [0]
6 486 [3]
0 495 [0]
5 490 [0]
16 477 [2]
25 470 [0]
5 484 [6]
203 285 [7]
9 482 [4]
56 439 [0]
8 486 [2]
1 495 [0]
50 445 [1]
16 479 [1]
7 489 [0]
32 464 [0]
0 491 [5]
9 483 [4]
1 490 [5]
88 405 [3]
5 487 [4]
7 485 [4]
10 484 [2]
0 496 [1]
6 487 [4]
173 322 [2]
6 489 [2]
7 490 [0]
29 464 [4]
0 497 [1]
6 492 [0]
7 487 [4]
16 478 [4]
145 352 [1]
3 489 [6]
0 493 [5]
27 467 [4]
10 486 [2]
2 489 [7]
51 448 [0]
2 497 [0]
7 492 [0]
9 490 [0]
5 488 [6]
8 490 [1]
16 481 [2]
10 488 [2]
4 496 [0]
232 268 [0]
9 487 [4]
219 278 [3]
10 490 [0]
97 396 [7]
0 500 [0]
93 407 [0]
4 497 [0]
1 499 [1]
4 490 [7]
36 466 [0]
8 491 [3]
0 501 [1]
6 490 [6]
21 474 [7]
8 492 [3]
6 494 [3]
1 500 [2]
133 370 [0]
76 426 [1]
6 498 [0]
7 494 [3]
3 501 [0]
4 500 [0]
5 493 [6]
2 500 [2]
22 476 [6]
4 499 [1]
8 493 [3]
6 495 [3]
70 434 [0]
10 491 [3]
5 500 [0]
9 492 [4]
8 497 [0]
79 421 [5]
119 383 [3]
61 438 [6]
27 478 [0]
6 497 [2]
113 392 [0]
27 479 [0]
5 501 [0]
10 494 [2]
1 504 [1]
64 442 [0]
5 495 [6]
227 279 [0]
33 471 [2]
108 398 [0]
74 433 [0]
34 470 [3]
195 312 [0]
9 494 [4]
22 480 [5]
69 434 [4]
5 496 [6]
2 499 [7]
32 476 [0]
27 477 [4]
16 491 [1]
43 465 [0]
47 461 [0]
8 498 [2]
7 501 [0]
8 500 [0]
10 496 [2]
9 499 [0]
7 497 [4]
2 507 [0]
9 500 [0]
7 499 [3]
9 496 [4]
33 475 [1]
5 498 [6]
2 501 [6]
4 504 [1]
6 502 [2]
21 482 [7]
5 499 [6]
10 498 [2]
8 499 [3]
181 330 [0]
2 509 [0]
7 504 [0]
1 507 [3]
2 502 [7]
6 504 [1]
7 502 [2]
1 505 [5]
9 498 [4]
3 502 [6]
28 479 [4]
6 501 [4]
8 504 [0]
4 502 [6]
15 492 [5]
2 503 [7]
2 505 [5]
27 481 [4]
8 505 [0]
10 503 [0]
8 501 [4]
51 457 [5]
22 486 [5]
85 423 [5]
5 503 [6]
9 501 [4]
8 502 [4]
8 503 [3]
4 507 [3]
178 335 [1]
2 513 [0]
5 510 [0]
9 506 [0]
9 505 [1]
147 368 [1]
2 514 [0]
9 507 [0]
8 506 [2]
57 459 [0]
0 511 [5]
35 479 [2]
1 512 [3]
10 504 [2]
50 467 [0]
8 507 [2]
82 431 [4]
115 395 [7]
1 513 [3]
2 508 [7]
48 466 [3]
5 506 [6]
6 509 [2]
34 484 [0]
3 509 [6]
7 509 [2]
6 510 [2]
10 506 [2]
1 516 [1]
14 503 [1]
5 514 [0]
2 517 [0]
9 510 [0]
27 488 [4]
4 509 [6]
2 510 [7]
7 510 [2]
7 505 [7]
3 510 [6]
3 514 [2]
15 504 [0]
15 499 [5]
241 278 [0]
79 435 [5]
8 508 [3]
75 445 [0]
8 512 [0]
4 516 [0]
9 511 [0]
109 411 [0]
16 503 [1]
0 517 [3]
6 511 [3]
1 519 [1]
8 513 [0]
12 505 [4]
7 511 [3]
9 512 [0]
8 509 [4]
10 511 [0]
6 512 [3]
2 512 [7]
0 520 [1]
100 421 [0]
99 417 [5]
10 508 [3]
22 495 [4]
8 514 [0]
14 508 [0]
8 510 [4]
3 517 [2]
6 513 [3]
4 519 [0]
0 518 [5]
30 492 [2]
2 515 [7]
27 493 [4]
10 515 [0]
16 508 [1]
7 514 [4]
10 513 [2]
73 452 [1]
4 522 [0]
9 513 [4]
0 521 [5]
8 516 [2]
8 515 [3]
0 525 [1]
2 525 [0]
0 526 [1]
5 516 [6]
2 518 [7]
22 500 [5]
7 517 [4]
50 477 [1]
18 504 [6]
69 452 [7]
29 495 [4]
122 405 [1]
0 529 [0]
1 528 [0]
9 520 [0]
0 524 [5]
22 507 [0]
103 426 [0]
213 316 [0]
7 519 [3]
1 527 [1]
8 518 [3]
6 520 [3]
9 516 [4]
1 525 [3]
117 410 [3]
7 523 [0]
8 522 [0]
27 503 [0]
1 526 [3]
9 517 [4]
232 296 [2]
36 489 [5]
8 520 [2]
5 523 [2]
143 386 [1]
0 523 [7]
5 526 [0]
1 529 [1]
51 475 [5]
4 525 [2]
7 522 [2]
16 515 [0]
5 520 [6]
127 403 [1]
64 467 [0]
2 530 [0]
232 300 [0]
7 525 [0]
53 479 [0]
3 523 [6]
50 481 [1]
9 519 [4]
5 528 [0]
6 527 [0]
14 518 [1]
83 446 [4]
86 445 [2]
113 421 [0]
3 525 [6]
99 430 [5]
38 491 [5]
4 527 [3]
77 454 [3]
9 525 [0]
10 524 [0]
0 535 [0]
2 533 [0]
2 526 [7]
69 462 [4]
0 534 [1]
6 526 [3]
179 356 [0]
22 513 [0]
33 501 [1]
250 285 [0]
39 496 [0]
51 483 [1]
28 503 [4]
157 378 [0]
13 521 [1]
5 524 [6]
8 528 [0]
4 532 [0]
1 532 [3]
51 485 [0]
91 442 [3]
16 518 [2]
1 530 [5]
8 526 [2]
109 427 [0]
9 523 [4]
219 317 [0]
4 529 [3]
0 531 [5]
7 530 [0]
2 528 [7]
8 527 [2]
35 503 [0]
0 538 [0]
0 537 [1]
5 527 [6]
6 532 [0]
13 524 [1]
22 516 [0]
129 409 [0]
22 512 [5]
0 539 [0]
2 537 [0]
10 527 [2]
5 534 [0]
16 521 [2]
42 495 [2]
9 526 [4]
2 538 [0]
6 534 [0]
5 529 [6]
9 530 [1]
0 541 [0]
9 532 [0]
10 528 [3]
4 534 [3]
10 529 [2]
145 396 [0]
2 532 [7]
0 536 [5]
208 331 [2]
8 534 [0]
0 542 [0]
238 304 [0]
5 531 [6]
6 530 [6]
5 537 [0]
100 435 [7]
9 534 [0]
50 493 [0]
61 482 [0]
64 477 [2]
36 502 [5]
10 530 [3]
10 531 [2]
8 533 [3]
0 544 [0]
4 540 [0]
16 524 [4]
39 498 [7]
0 543 [1]
8 536 [0]
2 535 [7]
5 533 [6]
27 515 [2]
19 525 [1]
8 537 [0]
13 531 [1]
2 536 [7]
16 528 [1]
36 509 [0]
39 506 [0]
227 311 [7]
0 546 [0]
2 544 [0]
5 541 [0]
22 520 [4]
12 530 [4]
6 537 [3]
28 518 [0]
109 437 [0]
36 510 [0]
8 535 [3]
188 357 [2]
4 543 [0]
21 519 [7]
0 547 [0]
14 531 [2]
28 515 [4]
22 526 [0]
0 548 [0]
27 521 [0]
101 446 [1]
80 468 [0]
10 536 [2]
113 435 [0]
245 303 [0]
4 541 [3]
199 348 [1]
10 535 [3]
23 522 [4]
7 540 [2]
8 538 [3]
10 539 [0]
129 420 [0]
7 539 [3]
83 463 [4]
20 530 [0]
148 401 [1]
4 545 [1]
5 539 [6]
1 544 [5]
16 531 [4]
14 536 [1]
5 546 [0]
16 535 [0]
8 541 [2]
22 529 [0]
233 318 [0]
6 543 [2]
33 517 [1]
38 508 [5]
0 550 [1]
35 515 [2]
14 538 [0]
212 340 [0]
2 543 [7]
7 543 [2]
1 546 [5]
109 441 [2]
47 505 [0]
8 540 [4]
1 548 [3]
79 468 [5]
77 476 [0]
9 540 [4]
8 542 [3]
227 319 [7]
22 532 [0]
1 553 [0]
4 550 [0]
152 401 [1]
6 545 [3]
16 536 [2]
4 548 [2]
5 543 [6]
9 541 [4]
75 477 [2]
7 548 [0]
107 448 [0]
5 550 [0]
8 545 [2]
8 544 [3]
76 478 [1]
39 516 [0]
27 524 [4]
1 555 [0]
5 545 [6]
7 549 [0]
33 523 [0]
9 543 [4]
154 403 [0]
2 555 [0]
3 548 [6]
27 528 [2]
14 542 [1]
4 553 [0]
10 545 [2]
9 548 [0]
8 546 [3]
10 543 [4]
2 548 [7]
13 544 [1]
75 481 [2]
7 551 [0]
8 550 [0]
5 547 [6]
1 552 [5]
0 557 [1]
8 547 [3]
7 552 [0]
1 558 [0]
173 379 [7]
2 557 [0]
6 550 [3]
4 549 [6]
22 537 [0]
39 520 [0]
6 551 [2]
2 550 [7]
29 529 [1]
2 552 [5]
1 559 [0]
0 560 [0]
7 553 [0]
38 518 [4]
126 432 [2]
9 551 [0]
1 554 [5]
2 553 [5]
0 556 [5]
2 559 [0]
6 555 [0]
256 305 [0]
2 554 [5]
48 510 [3]
8 549 [4]
8 552 [1]
1 561 [0]
16 546 [0]
0 562 [0]
143 416 [3]
10 550 [2]
5 557 [0]
16 544 [2]
178 383 [1]
27 531 [4]
27 535 [0]
16 547 [0]
8 555 [0]
3 560 [0]
9 554 [0]
8 554 [1]
9 553 [1]
4 558 [1]
8 551 [4]
5 552 [6]
4 552 [7]
12 552 [0]
0 563 [1]
6 558 [0]
6 552 [6]
157 406 [1]
1 562 [1]
9 555 [0]
27 533 [4]
268 296 [0]
93 471 [0]
101 463 [0]
27 538 [0]
12 553 [0]
7 558 [0]
32 529 [4]
60 500 [5]
4 554 [7]
76 488 [1]
35 528 [2]
6 560 [0]
8 558 [0]
29 537 [0]
0 561 [5]
1 564 [1]
6 557 [3]
8 556 [3]
11 551 [5]
12 555 [0]
8 557 [2]
1 563 [3]
27 536 [4]
73 494 [1]
2 566 [0]
23 540 [5]
8 559 [1]
5 563 [0]
51 517 [0]
6 563 [0]
5 564 [0]
9 560 [0]
9 559 [1]
10 556 [3]
27 542 [0]
7 560 [2]
7 555 [7]
141 427 [1]
2 560 [7]
268 300 [1]
4 559 [7]
51 514 [5]
53 515 [2]
2 561 [7]
69 494 [7]
12 554 [4]
176 394 [0]
28 538 [4]
0 565 [5]
12 559 [0]
50 521 [0]
14 556 [1]
6 559 [6]
2 562 [7]
6 562 [3]
2 570 [0]
23 549 [0]
5 561 [6]
8 561 [3]
0 567 [5]
233 334 [5]
21 545 [7]
20 553 [0]
8 563 [2]
4 563 [6]
0 568 [5]
83 490 [0]
39 534 [0]
7 559 [7]
1 573 [0]
10 564 [0]
192 382 [0]
4 570 [0]
8 566 [0]
8 564 [2]
38 536 [0]
9 561 [4]
51 523 [0]
28 542 [4]
4 569 [1]
1 574 [0]
8 567 [0]
184 391 [0]
240 335 [0]
1 575 [0]
56 518 [2]
8 565 [3]
9 563 [4]
154 423 [0]
9 564 [4]
2 568 [7]
38 535 [4]
117 457 [3]
5 566 [6]
27 546 [4]
10 565 [3]
1 577 [0]
17 561 [0]
109 469 [0]
6 569 [3]
16 561 [1]
27 547 [4]
18 558 [2]
0 573 [5]
22 557 [0]
5 574 [0]
0 574 [5]
8 571 [0]
141 437 [1]
106 473 [0]
7 569 [3]
10 568 [2]
5 569 [6]
5 575 [0]
10 570 [0]
61 519 [0]
0 575 [5]
15 558 [7]
4 577 [0]
8 573 [0]
10 571 [0]
42 537 [2]
9 568 [4]
124 453 [4]
1 579 [1]
14 561 [7]
0 582 [0]
4 578 [0]
8 574 [0]
38 538 [6]
13 568 [1]
6 573 [3]
6 570 [6]
9 569 [4]
43 539 [0]
141 441 [1]
4 579 [0]
2 574 [7]
8 572 [3]
7 576 [0]
53 528 [2]
16 567 [0]
12 570 [1]
0 584 [0]
3 581 [0]
5 573 [6]
1 582 [1]
38 542 [4]
147 436 [1]
31 552 [1]
113 468 [3]
188 392 [4]
0 579 [5]
8 576 [0]
16 568 [0]
99 480 [5]
10 575 [0]
10 572 [3]
73 511 [1]
85 495 [5]
5 578 [2]
39 541 [5]
10 573 [2]
9 576 [0]
14 571 [0]
64 521 [0]
14 568 [4]
2 577 [7]
2 584 [0]
60 526 [0]
6 578 [2]
23 560 [3]
6 577 [3]
216 366 [4]
9 573 [4]
13 574 [0]
9 574 [4]
5 582 [0]
4 576 [7]
8 577 [2]
4 580 [3]
69 511 [7]
8 579 [0]
5 576 [6]
2 578 [7]
0 586 [1]
3 578 [6]
1 587 [0]
14 574 [0]
16 571 [1]
5 581 [2]
6 579 [3]
287 301 [0]
7 581 [0]
12 576 [0]
6 576 [6]
186 399 [3]
0 581 [7]
9 580 [0]
92 496 [1]
1 583 [5]
14 575 [0]
2 581 [6]
0 585 [5]
9 581 [0]
8 578 [4]
10 580 [0]
22 563 [5]
9 577 [4]
5 579 [6]
10 576 [4]
98 493 [0]
9 582 [0]
103 488 [0]
5 586 [0]
203 385 [3]
9 578 [4]
5 580 [6]
107 483 [1]
216 374 [1]
8 583 [0]
10 579 [2]
17 575 [0]
10 582 [0]
1 591 [0]
240 349 [3]
20 570 [2]
7 582 [3]
148 444 [0]
16 575 [1]
90 502 [0]
2 591 [0]
8 582 [3]
0 588 [5]
119 473 [1]
3 591 [0]
273 321 [0]
4 587 [3]
5 583 [6]
6 586 [2]
12 583 [0]
2 593 [0]
3 592 [0]
3 586 [6]
8 584 [3]
8 587 [0]
117 475 [3]
2 586 [7]
5 584 [6]
28 565 [2]
1 590 [5]
9 587 [0]
1 595 [0]
5 591 [0]
74 520 [2]
10 583 [3]
296 300 [0]
2 587 [7]
8 585 [3]
44 550 [2]
6 587 [3]
27 566 [4]
97 498 [2]
50 547 [0]
21 569 [7]
7 586 [4]
102 493 [2]
8 586 [4]
0 598 [0]
5 593 [0]
0 591 [7]
56 536 [6]
179 417 [2]
1 596 [1]
8 590 [0]
38 556 [4]
2 589 [7]
27 567 [4]
10 585 [3]
56 542 [0]
8 588 [3]
2 597 [0]
292 307 [0]
90 509 [0]
0 594 [5]
28 572 [0]
1 599 [0]
10 588 [2]
8 589 [3]
14 585 [1]
143 450 [7]
10 590 [0]
56 538 [6]
45 553 [2]
42 557 [2]
47 554 [0]
21 573 [7]
4 596 [1]
129 472 [0]
202 399 [0]
2 592 [7]
272 329 [0]
76 524 [1]
5 590 [6]
7 592 [2]
0 602 [0]
8 594 [0]
4 592 [6]
7 591 [4]
11 586 [5]
280 323 [0]
14 589 [0]
39 564 [0]
14 588 [1]
4 593 [6]
7 593 [4]
5 599 [0]
1 603 [0]
11 593 [0]
5 597 [2]
8 592 [4]
2 595 [7]
0 597 [7]
47 555 [2]
117 485 [3]
6 596 [3]
5 594 [6]
79 522 [4]
8 593 [4]
0 600 [5]
88 512 [5]
24 574 [7]
227 372 [7]
9 597 [0]
4 602 [0]
3 597 [6]
4 599 [3]
16 588 [2]
7 596 [3]
8 595 [3]
219 384 [3]
5 595 [6]
22 580 [4]
47 559 [0]
9 593 [4]
5 602 [0]
203 397 [7]
38 565 [4]
21 579 [7]
97 506 [4]
16 589 [2]
5 603 [0]
112 496 [0]
6 602 [0]
14 590 [4]
9 599 [0]
40 568 [0]
74 534 [0]
4 605 [0]
5 604 [0]
8 601 [0]
188 421 [0]
238 364 [7]
13 595 [1]
8 599 [2]
8 598 [3]
9 596 [4]
10 600 [0]
7 601 [2]
2 601 [7]
141 469 [0]
77 529 [4]
64 544 [2]
206 405 [0]
2 609 [0]
99 507 [5]
0 610 [1]
4 601 [6]
10 599 [2]
263 348 [0]
5 600 [6]
9 602 [0]
10 601 [0]
27 584 [0]
7 605 [0]
0 612 [0]
6 604 [2]
10 602 [0]
2 605 [5]
8 602 [2]
56 556 [0]
91 521 [0]
1 606 [5]
5 601 [6]
199 414 [0]
16 595 [2]
3 608 [2]
97 516 [0]
2 604 [7]
1 607 [5]
147 466 [0]
7 604 [2]
14 598 [1]
0 613 [1]
3 609 [2]
2 612 [0]
8 603 [3]
38 572 [4]
22 587 [5]
8 606 [0]
38 571 [5]
13 600 [1]
2 606 [7]
2 613 [0]
5 610 [0]
33 581 [1]
7 608 [0]
5 608 [2]
36 578 [1]
75 533 [7]
11 604 [0]
203 412 [0]
230 385 [0]
10 603 [2]
16 600 [0]
27 589 [0]
6 610 [0]
16 598 [2]
2 608 [6]
1 612 [3]
7 609 [0]
8 608 [0]
0 611 [5]
272 343 [1]
16 594 [6]
6 605 [5]
2 607 [7]
8 604 [4]
4 613 [0]
1 616 [0]
12 605 [0]
21 596 [0]
8 610 [0]
10 606 [2]
5 607 [6]
255 363 [0]
8 611 [0]
9 605 [5]
24 590 [5]
0 614 [5]
9 606 [4]
27 588 [4]
0 620 [0]
124 492 [4]
4 615 [1]
74 541 [5]
10 610 [0]
50 567 [3]
14 606 [0]
1 619 [1]
7 612 [2]
14 603 [4]
28 589 [4]
276 345 [0]
13 606 [2]
6 613 [2]
1 620 [1]
88 532 [2]
255 366 [1]
9 609 [4]
8 612 [2]
111 506 [5]
3 613 [6]
16 607 [0]
7 616 [0]
9 610 [4]
38 585 [0]
10 611 [2]
5 612 [6]
75 546 [2]
2 622 [0]
1 623 [0]
79 540 [5]
39 580 [5]
5 619 [0]
2 615 [7]
126 497 [1]
75 547 [2]
11 613 [0]
267 357 [0]
129 491 [4]
0 625 [0]
2 623 [0]
5 620 [0]
159 466 [0]
7 615 [3]
244 381 [0]
186 439 [0]
8 614 [3]
56 565 [4]
164 461 [0]
5 614 [6]
27 598 [0]
20 605 [0]
4 620 [1]
8 613 [4]
8 615 [3]
48 578 [0]
22 599 [5]
33 591 [2]
14 611 [1]
8 618 [0]
5 615 [6]
6 617 [3]
100 522 [4]
9 617 [0]
38 588 [0]
25 601 [0]
87 535 [4]
27 595 [4]
9 618 [0]
1 621 [5]
10 615 [2]
3 618 [6]
4 616 [7]
7 618 [2]
56 571 [0]
1 627 [0]
5 623 [0]
24 603 [1]
2 619 [7]
6 616 [6]
9 615 [4]
9 619 [0]
5 617 [6]
1 624 [3]
12 616 [0]
56 572 [0]
1 622 [5]
36 593 [0]
10 616 [3]
230 397 [2]
22 602 [5]
6 620 [3]
0 628 [1]
7 619 [3]
10 617 [2]
97 527 [5]
9 616 [4]
8 619 [3]
24 606 [0]
8 620 [2]
5 625 [0]
33 597 [0]
188 435 [7]
2 621 [7]
255 374 [1]
15 615 [0]
61 569 [0]
16 614 [0]
28 598 [4]
0 629 [1]
1 629 [1]
27 600 [4]
309 322 [0]
238 393 [0]
10 619 [2]
38 589 [4]
4 624 [3]
10 620 [2]
1 631 [0]
8 621 [3]
5 621 [6]
0 627 [5]
0 633 [0]
1 632 [0]
5 628 [0]
2 624 [7]
78 553 [2]
5 622 [6]
7 626 [0]
8 622 [3]
6 624 [3]
36 592 [5]
98 533 [2]
0 632 [1]
2 626 [5]
174 459 [1]
167 467 [0]
117 514 [3]
86 546 [2]
8 623 [3]
103 524 [7]
80 551 [3]
6 629 [0]
8 627 [0]
113 522 [0]
148 486 [1]
10 626 [0]
1 635 [0]
6 628 [2]
38 598 [0]
2 627 [7]
9 626 [1]
6 631 [0]
147 489 [1]
2 628 [7]
0 636 [1]
10 625 [2]
7 628 [2]
8 629 [0]
9 624 [4]
22 610 [5]
25 612 [0]
51 581 [5]
27 611 [0]
27 607 [4]
6 626 [6]
2 636 [0]
2 629 [7]
16 621 [1]
4 628 [6]
10 628 [0]
165 473 [0]
5 627 [6]
13 625 [0]
4 632 [3]
1 638 [0]
4 635 [0]
111 527 [1]
140 498 [1]
122 512 [5]
15 619 [5]
1 637 [1]
1 639 [0]
6 634 [0]
117 523 [0]
48 592 [0]
1 636 [3]
16 623 [1]
196 444 [0]
5 629 [6]
100 540 [0]
137 504 [0]
8 633 [0]
2 632 [7]
129 508 [4]
10 631 [0]
9 628 [4]
7 631 [3]
5 630 [5]
33 609 [0]
7 635 [0]
2 640 [0]
4 637 [1]
5 631 [6]
10 630 [2]
0 637 [5]
8 634 [0]
22 620 [0]
8 632 [2]
8 635 [0]
13 630 [0]
185 452 [6]
5 632 [6]
0 642 [1]
75 567 [1]
10 632 [2]
4 634 [6]
9 631 [4]
9 635 [0]
94 550 [0]
233 411 [0]
16 625 [4]
2 643 [0]
2 638 [5]
6 636 [3]
10 633 [2]
3 642 [0]
56 589 [0]
4 641 [0]
6 639 [0]
27 614 [4]
7 638 [0]
0 644 [1]
50 594 [1]
10 635 [0]
16 630 [0]
22 624 [0]
5 635 [6]
1 644 [1]
8 636 [2]
10 637 [0]
6 641 [0]
140 506 [1]
0 647 [0]
1 641 [5]
50 595 [2]
4 638 [5]
1 646 [0]
2 645 [0]
49 596 [2]
5 636 [6]
85 557 [5]
14 633 [0]
8 637 [2]
56 585 [6]
85 562 [0]
198 449 [0]
16 627 [4]
9 634 [4]
8 640 [0]
2 639 [7]
75 566 [7]
8 639 [2]
7 642 [0]
1 643 [5]
39 610 [0]
100 549 [0]
12 635 [2]
0 648 [1]
9 636 [4]
1 647 [1]
9 641 [0]
2 641 [7]
8 641 [1]
147 502 [1]
6 642 [2]
6 638 [6]
12 638 [0]
27 623 [0]
56 588 [6]
8 643 [0]
22 629 [0]
69 582 [0]
2 642 [7]
8 644 [0]
318 334 [0]
12 641 [0]
1 652 [0]
4 649 [0]
45 605 [3]
27 621 [5]
6 644 [3]
10 640 [3]
27 622 [4]
113 540 [0]
294 359 [0]
51 597 [5]
10 644 [0]
5 649 [0]
14 640 [0]
100 551 [3]
5 643 [6]
7 647 [0]
8 642 [4]
6 649 [0]
2 646 [7]
38 611 [6]
9 646 [0]
219 436 [0]
9 645 [1]
122 532 [1]
6 646 [3]
1 649 [5]
36 618 [1]
8 648 [0]
39 617 [0]
6 647 [3]
16 640 [0]
8 646 [2]
6 648 [3]
8 649 [0]
2 655 [0]
6 651 [0]
27 630 [0]
28 623 [6]
7 649 [1]
258 399 [0]
0 656 [1]
1 653 [3]
2 648 [7]
11 642 [5]
10 646 [2]
9 649 [0]
5 651 [2]
29 629 [0]
87 571 [0]
4 651 [3]
0 657 [1]
5 647 [6]
1 657 [1]
7 645 [7]
70 582 [7]
5 648 [6]
267 392 [0]
4 652 [3]
0 654 [5]
9 650 [0]
22 637 [0]
179 480 [0]
51 608 [0]
75 584 [0]
219 440 [0]
10 647 [2]
83 576 [0]
1 659 [0]
0 660 [0]
2 658 [0]
9 647 [4]
3 651 [6]
233 427 [0]
20 638 [2]
1 654 [5]
1 656 [3]
56 598 [6]
5 653 [2]
2 651 [7]
5 656 [0]
294 367 [0]
22 639 [0]
64 595 [2]
41 620 [0]
6 652 [3]
97 564 [0]
8 654 [0]
0 662 [0]
5 657 [0]
27 633 [2]
23 634 [5]
2 653 [7]
3 653 [6]
8 650 [4]
6 657 [0]
7 656 [0]
8 655 [0]
8 651 [4]
12 649 [2]
4 660 [0]
0 663 [1]
7 653 [4]
10 652 [2]
4 657 [3]
9 651 [4]
114 551 [0]
113 549 [3]
152 513 [0]
8 653 [4]
2 656 [7]
1 663 [1]
50 614 [1]
5 654 [6]
0 666 [0]
2 664 [0]
5 661 [0]
98 566 [2]
6 660 [0]
8 658 [0]
22 644 [0]
2 657 [7]
0 665 [1]
8 656 [2]
6 658 [2]
11 650 [5]
13 654 [0]
8 657 [2]
7 658 [2]
99 563 [5]
48 618 [1]
4 658 [6]
0 668 [0]
4 664 [0]
2 659 [7]
20 645 [3]
10 655 [3]
145 516 [7]
7 661 [0]
102 567 [0]
75 594 [0]
32 637 [0]
88 577 [4]
2 660 [7]
3 660 [6]
9 656 [4]
1 664 [5]
83 583 [4]
164 505 [1]
6 662 [2]
86 584 [0]
14 655 [1]
2 662 [6]
5 659 [6]
1 668 [1]
2 661 [7]
3 662 [6]
6 665 [0]
7 664 [0]
8 661 [2]
7 662 [2]
16 655 [0]
5 667 [0]
2 670 [0]
50 622 [0]
0 667 [5]
8 660 [4]
6 663 [3]
16 654 [2]
10 659 [3]
64 607 [2]
1 672 [0]
27 643 [3]
2 671 [0]
56 611 [6]
1 667 [5]
10 661 [2]
0 672 [1]
55 618 [0]
22 646 [5]
29 637 [7]
53 621 [0]
1 673 [0]
139 533 [2]
4 670 [0]
233 437 [4]
22 648 [4]
2 665 [7]
9 664 [1]
5 663 [6]
16 659 [0]
88 587 [0]
8 665 [2]
203 465 [7]
9 662 [4]
5 665 [6]
8 668 [0]
42 629 [5]
106 570 [0]
2 674 [0]
2 667 [7]
5 671 [0]
0 671 [5]
11 660 [5]
7 669 [0]
5 666 [6]
3 674 [0]
5 672 [0]
263 414 [0]
1 671 [5]
6 668 [3]
1 675 [1]
76 600 [1]
50 627 [0]
4 673 [1]
5 673 [0]
215 463 [0]
10 666 [2]
6 670 [2]
1 676 [1]
8 667 [3]
23 650 [5]
53 623 [2]
7 668 [3]
1 678 [0]
0 679 [0]
0 678 [1]
185 494 [0]
5 668 [6]
7 670 [2]
22 652 [5]
4 672 [3]
221 459 [0]
10 668 [2]
13 666 [1]
111 564 [5]
4 675 [1]
10 671 [0]
1 680 [0]
7 674 [0]
8 673 [0]
9 672 [0]
29 648 [4]
4 676 [1]
2 672 [7]
8 669 [4]
9 668 [4]
5 674 [2]
44 632 [5]
0 676 [5]
8 674 [0]
27 655 [0]
98 584 [0]
183 499 [0]
8 670 [4]
196 486 [1]
10 673 [0]
38 640 [5]
272 409 [2]
7 673 [3]
90 592 [1]
12 664 [7]
22 657 [4]
9 675 [0]
335 349 [0]
283 401 [0]
16 667 [1]
25 656 [3]
14 671 [0]
2 683 [0]
5 680 [0]
8 677 [0]
17 667 [1]
11 669 [5]
4 680 [1]
0 680 [5]
6 677 [2]
20 664 [1]
23 662 [0]
25 661 [0]
7 677 [2]
29 657 [0]
199 482 [5]
5 675 [6]
8 676 [2]
33 653 [0]
16 666 [4]
0 681 [5]
8 675 [3]
3 677 [6]
9 673 [4]
8 679 [0]
16 671 [0]
6 678 [3]
28 655 [4]
101 583 [3]
5 676 [6]
128 556 [3]
179 507 [1]
238 443 [7]
309 379 [0]
36 651 [1]
299 389 [0]
27 659 [2]
64 622 [2]
8 678 [2]
14 667 [7]
2 687 [0]
5 678 [6]
22 663 [4]
10 678 [2]
0 690 [0]
0 689 [1]
5 685 [0]
35 655 [0]
42 648 [0]
47 641 [2]
7 680 [3]
6 682 [2]
2 689 [0]
8 680 [3]
10 681 [0]
158 533 [0]
319 372 [0]
272 420 [0]
10 680 [2]
10 679 [3]
1 689 [3]
5 688 [0]
23 669 [1]
4 689 [0]
1 687 [5]
1 690 [2]
112 580 [1]
8 684 [1]
64 627 [2]
135 556 [2]
11 682 [0]
299 394 [1]
0 694 [0]
3 691 [0]
1 688 [5]
2 690 [2]
8 682 [4]
4 690 [0]
7 687 [0]
9 684 [1]
2 685 [7]
5 683 [6]
10 684 [0]
36 658 [0]
2 693 [0]
9 686 [0]
13 681 [1]
128 565 [2]
56 633 [6]
4 684 [7]
3 690 [2]
0 696 [0]
7 689 [0]
8 688 [0]
29 663 [4]
9 687 [0]
10 686 [0]
10 683 [3]
6 684 [6]
53 643 [0]
35 659 [2]
344 353 [0]
2 695 [0]
3 694 [0]
7 690 [0]
5 686 [6]
137 558 [2]
1 695 [1]
75 622 [0]
6 692 [0]
1 694 [3]
0 697 [1]
7 684 [7]
295 403 [0]
21 673 [4]
14 681 [4]
7 692 [0]
175 521 [3]
6 691 [2]
26 673 [0]
8 689 [2]
1 693 [5]
5 690 [4]
22 672 [5]
185 511 [4]
8 692 [0]
16 683 [1]
122 577 [1]
7 691 [2]
10 687 [3]
128 572 [0]
322 379 [0]
91 607 [3]
6 695 [0]
5 694 [2]
16 681 [4]
317 384 [0]
10 688 [3]
1 697 [3]
1 701 [0]
27 671 [4]
9 689 [4]
75 627 [0]
12 688 [2]
129 571 [2]
4 692 [6]
135 565 [2]
2 694 [6]
131 571 [0]
8 690 [4]
56 640 [6]
260 442 [0]
103 600 [0]
2 701 [0]
8 691 [4]
4 697 [2]
28 671 [4]
9 690 [4]
12 687 [4]
83 616 [4]
5 699 [0]
0 699 [5]
69 631 [4]
22 678 [4]
8 696 [0]
8 693 [3]
22 676 [6]
209 495 [1]
1 704 [0]
82 621 [2]
5 700 [0]
9 692 [4]
50 654 [1]
1 699 [5]
7 695 [3]
23 682 [0]
0 700 [5]
0 704 [1]
140 564 [1]
105 601 [0]
2 704 [0]
233 469 [4]
8 698 [0]
9 697 [0]
257 449 [0]
36 670 [0]
8 695 [3]
6 698 [2]
2 697 [7]
8 694 [4]
29 678 [0]
8 699 [0]
2 698 [7]
28 679 [0]
3 698 [6]
0 702 [5]
9 694 [4]
33 674 [0]
42 665 [0]
7 698 [2]
151 555 [1]
151 554 [2]
76 630 [1]
0 708 [0]
22 686 [0]
219 489 [0]
76 625 [7]
2 699 [7]
4 698 [6]
7 697 [4]
4 705 [0]
16 693 [0]
8 697 [4]
10 699 [0]
10 696 [3]
48 658 [3]
20 687 [2]
6 704 [0]
186 518 [6]
27 683 [0]
10 700 [0]
142 568 [0]
8 701 [1]
45 664 [2]
14 696 [1]
1 709 [1]
2 702 [7]
98 614 [0]
5 707 [0]
4 708 [0]
2 710 [0]
7 703 [2]
1 708 [3]
7 705 [0]
27 681 [4]
135 572 [5]
32 676 [4]
27 685 [0]
276 434 [2]
2 703 [7]
4 701 [7]
2 706 [5]
7 706 [0]
128 585 [0]
255 458 [0]
248 465 [0]
13 700 [0]
8 703 [2]
8 702 [3]
14 700 [0]
0 713 [1]
1 713 [0]
9 705 [0]
77 637 [0]
9 701 [4]
53 659 [2]
126 586 [2]
0 709 [5]
6 709 [0]
2 713 [0]
10 703 [2]
66 644 [5]
15 695 [5]
355 360 [0]
7 701 [7]
6 707 [2]
10 702 [3]
1 715 [0]
2 714 [0]
14 699 [3]
7 709 [0]
9 706 [1]
2 707 [7]
294 422 [0]
17 699 [0]
19 697 [0]
69 647 [0]
8 705 [3]
7 707 [2]
6 711 [0]
41 676 [0]
3 708 [6]
0 712 [5]
88 624 [5]
12 701 [4]
25 689 [3]
8 709 [0]
9 708 [0]
2 708 [7]
14 702 [1]
4 707 [6]
9 709 [0]
0 718 [0]
1 717 [0]
83 635 [0]
102 614 [2]
164 554 [0]
7 711 [0]
36 677 [5]
48 670 [0]
97 617 [4]
16 702 [1]
10 706 [3]
223 496 [0]
7 708 [4]
2 718 [0]
5 715 [0]
79 634 [7]
3 711 [6]
64 654 [2]
176 544 [0]
226 494 [0]
227 493 [0]
35 683 [2]
2 712 [7]
154 562 [5]
0 720 [1]
80 634 [7]
295 423 [3]
5 714 [2]
38 679 [4]
4 711 [6]
0 714 [7]
1 721 [0]
10 712 [0]
6 710 [6]
12 706 [4]
6 715 [1]
0 717 [5]
43 680 [0]
3 718 [2]
8 712 [3]
199 519 [5]
11 707 [5]
3 714 [6]
7 715 [1]
8 711 [4]
18 705 [0]
8 713 [2]
0 724 [0]
1 722 [1]
2 715 [7]
5 713 [6]
10 715 [0]
5 720 [0]
2 716 [7]
5 718 [2]
82 643 [0]
27 693 [5]
48 677 [0]
204 521 [0]
7 714 [4]
158 566 [1]
2 724 [0]
4 722 [0]
359 367 [0]
2 719 [5]
30 695 [1]
14 712 [0]
20 706 [0]
104 622 [0]
22 704 [0]
4 721 [1]
8 715 [3]
49 675 [2]
6 717 [3]
10 710 [7]
2 725 [0]
6 721 [0]
9 718 [0]
27 700 [0]
36 691 [0]
87 640 [0]
7 717 [3]
8 716 [3]
5 716 [6]
5 717 [6]
35 693 [0]
16 712 [0]
4 719 [5]
9 715 [4]
8 717 [3]
117 608 [3]
1 727 [0]
0 723 [5]
111 617 [0]
8 721 [0]
318 411 [0]
1 728 [0]
7 722 [0]
0 728 [1]
13 715 [1]
12 710 [7]
2 720 [7]
6 722 [1]
6 720 [3]
25 703 [1]
7 721 [1]
0 729 [1]
80 650 [0]
1 729 [0]
9 717 [4]
39 686 [5]
79 650 [1]
51 674 [5]
8 720 [2]
6 719 [5]
94 632 [4]
5 726 [0]
6 725 [0]
12 719 [0]
8 724 [0]
20 710 [2]
7 719 [6]
4 728 [0]
16 716 [0]
1 726 [5]
0 733 [0]
4 729 [0]
10 723 [0]
60 672 [1]
5 727 [2]
100 634 [0]
143 590 [1]
8 726 [0]
7 725 [2]
10 724 [0]
9 721 [4]
38 696 [0]
8 723 [3]
56 679 [0]
83 649 [3]
0 734 [1]
186 542 [7]
4 725 [6]
103 625 [7]
15 721 [0]
0 736 [0]
2 734 [0]
11 725 [0]
1 734 [1]
103 630 [3]
99 636 [1]
5 732 [0]
9 728 [0]
21 709 [7]
29 704 [4]
4 733 [0]
1 733 [3]
6 728 [3]
109 626 [2]
0 732 [5]
8 725 [4]
53 683 [2]
2 736 [0]
8 730 [0]
8 728 [2]
7 727 [4]
10 728 [0]
25 713 [0]
99 639 [0]
6 729 [3]
1 732 [5]
7 730 [2]
2 737 [0]
1 738 [0]
5 728 [6]
14 724 [1]
8 727 [4]
121 616 [2]
10 729 [0]
36 698 [5]
6 731 [2]
2 730 [7]
8 729 [2]
366 374 [0]
4 736 [0]
302 438 [0]
9 727 [4]
147 592 [1]
188 549 [3]
276 462 [2]
1 736 [3]
7 731 [2]
5 729 [6]
1 740 [0]
16 724 [1]
4 731 [6]
1 739 [1]
126 613 [2]
1 741 [0]
2 733 [7]
10 730 [2]
203 539 [0]
48 691 [3]
8 731 [4]
36 707 [0]
6 734 [3]
21 722 [0]
68 675 [0]
76 666 [1]
8 732 [3]
4 738 [1]
272 472 [0]
202 542 [0]
6 738 [0]
145 599 [0]
10 732 [2]
18 721 [5]
0 743 [1]
9 731 [4]
7 735 [2]
0 739 [5]
38 702 [4]
9 736 [0]
51 694 [0]
70 668 [7]
4 735 [6]
334 411 [0]
42 704 [0]
53 693 [0]
9 733 [4]
318 427 [1]
8 736 [2]
4 741 [1]
11 735 [0]
20 719 [7]
13 732 [1]
36 711 [0]
263 482 [2]
143 603 [1]
93 653 [1]
5 742 [0]
10 737 [0]
7 739 [1]
8 735 [4]
27 716 [4]
0 742 [5]
2 739 [7]
5 743 [0]
7 741 [0]
8 737 [3]
9 735 [4]
8 738 [2]
9 740 [0]
4 745 [0]
5 738 [6]
48 698 [3]
90 658 [1]
79 669 [1]
1 747 [1]
0 748 [1]
178 570 [1]
357 392 [0]
5 745 [0]
149 601 [0]
33 714 [3]
8 742 [0]
9 741 [0]
10 740 [0]
80 669 [1]
0 745 [5]
14 732 [4]
5 739 [6]
38 712 [0]
85 665 [0]
100 650 [0]
4 740 [7]
14 737 [0]
341 410 [0]
10 739 [2]
2 744 [5]
211 537 [3]
6 746 [0]
6 740 [6]
13 739 [0]
343 409 [0]
0 747 [5]
8 741 [3]
5 741 [6]
5 748 [0]
85 663 [5]
10 741 [2]
9 744 [0]
2 746 [5]
4 743 [6]
27 724 [2]
109 645 [0]
0 754 [0]
1 753 [0]
6 748 [0]
9 745 [0]
23 731 [0]
16 737 [1]
5 750 [0]
0 750 [5]
45 706 [4]
4 748 [3]
10 743 [2]
28 723 [4]
1 755 [0]
9 743 [4]
9 746 [1]
0 751 [5]
22 729 [5]
25 730 [1]
12 740 [4]
1 750 [5]
0 757 [0]
10 744 [3]
4 753 [0]
10 747 [0]
10 745 [2]
2 748 [7]
4 746 [7]
6 749 [2]
1 751 [5]
76 681 [1]
140 617 [1]
8 750 [0]
10 748 [0]
56 696 [6]
56 702 [0]
8 747 [3]
7 744 [7]
317 440 [1]
28 726 [4]
5 747 [6]
27 726 [5]
7 749 [2]
2 749 [7]
1 752 [5]
22 733 [4]
21 738 [0]
2 750 [7]
6 753 [0]
4 749 [6]
327 432 [0]
10 746 [3]
6 754 [0]
5 755 [0]
22 734 [4]
7 746 [7]
9 747 [4]
2 751 [7]
5 756 [0]
35 726 [0]
90 670 [1]
36 725 [0]
8 749 [4]
2 752 [7]
119 638 [4]
3 759 [0]
10 750 [2]
348 414 [0]
8 751 [3]
229 533 [0]
79 682 [1]
2 753 [7]
0 761 [1]
8 753 [2]
3 754 [6]
80 682 [1]
2 761 [0]
318 441 [4]
8 752 [3]
10 753 [0]
27 732 [4]
272 491 [0]
5 752 [6]
2 754 [7]
2 762 [0]
5 753 [6]
8 756 [0]
16 742 [6]
237 527 [0]
2 755 [7]
6 756 [2]
11 749 [5]
0 765 [0]
75 685 [5]
3 762 [0]
38 723 [4]
252 513 [0]
2 756 [7]
28 737 [0]
51 714 [0]
3 756 [6]
20 746 [0]
1 765 [0]
8 755 [3]
0 759 [7]
4 756 [6]
16 750 [0]
20 744 [2]
105 661 [0]
21 741 [4]
5 759 [2]
27 737 [2]
1 762 [3]
377 390 [0]
5 762 [0]
50 716 [1]
29 734 [4]
2 759 [6]
26 741 [0]
181 580 [6]
2 758 [7]
9 754 [4]
114 650 [3]
343 420 [4]
45 719 [3]
2 766 [0]
5 757 [6]
1 764 [3]
126 642 [0]
54 713 [1]
294 474 [0]
2 760 [7]
2 767 [0]
16 751 [2]
9 756 [4]
8 758 [3]
0 762 [7]
3 766 [0]
100 669 [0]
10 757 [2]
5 758 [6]
103 666 [0]
230 539 [0]
16 752 [1]
325 445 [0]
2 768 [0]
5 765 [0]
344 426 [0]
7 763 [0]
6 761 [3]
2 763 [5]
131 640 [0]
49 722 [0]
14 757 [0]
8 761 [2]
13 757 [1]
25 745 [1]
83 688 [0]
25 743 [3]
211 557 [3]
8 760 [3]
0 771 [1]
8 764 [0]
0 772 [0]
7 765 [0]
1 770 [1]
80 692 [0]
0 767 [5]
9 759 [4]
279 493 [0]
141 626 [6]
10 763 [0]
1 772 [0]
7 762 [4]
6 764 [3]
2 764 [7]
16 755 [2]
9 763 [1]
198 575 [0]
10 760 [3]
356 417 [0]
1 769 [3]
0 768 [5]
4 770 [0]
8 766 [0]
51 718 [5]
4 763 [7]
8 762 [4]
39 728 [7]
12 763 [0]
4 771 [0]
2 773 [0]
39 729 [7]
0 770 [5]
1 774 [0]
1 771 [3]
16 758 [1]
8 767 [0]
82 693 [0]
4 772 [0]
2 774 [0]
5 771 [0]
4 769 [3]
8 768 [0]
8 765 [3]
4 766 [6]
1 776 [0]
8 769 [0]
9 764 [4]
10 765 [2]
16 760 [1]
76 700 [1]
28 750 [0]
69 709 [0]
2 769 [7]
9 765 [4]
51 727 [1]
353 426 [0]
34 745 [0]
5 768 [6]
53 726 [0]
56 724 [0]
7 770 [3]
2 771 [7]
34 743 [3]
326 454 [0]
5 773 [2]
23 754 [3]
6 771 [3]
4 773 [3]
313 467 [0]
5 776 [0]
5 770 [6]
8 770 [3]
5 774 [2]
272 508 [2]
1 781 [0]
9 769 [4]
9 773 [0]
7 772 [3]
385 397 [0]
7 773 [2]
6 777 [0]
2 781 [0]
9 774 [0]
16 767 [0]
8 772 [3]
100 682 [1]
9 770 [4]
114 669 [0]
221 560 [2]
56 723 [4]
3 774 [6]
2 777 [5]
4 775 [5]
263 519 [2]
378 406 [0]
6 778 [0]
16 768 [0]
28 752 [4]
10 772 [2]
9 771 [4]
6 779 [0]
0 785 [0]
27 758 [0]
5 778 [2]
98 685 [2]
27 752 [6]
8 773 [4]
8 774 [4]
27 755 [4]
5 781 [0]
141 645 [0]
6 780 [0]
22 764 [0]
8 779 [0]
0 787 [0]
126 660 [1]
8 776 [3]
103 681 [3]
4 783 [0]
7 780 [0]
6 775 [6]
20 763 [4]
2 778 [7]
22 761 [4]
1 783 [3]
0 788 [0]
73 709 [6]
27 757 [4]
7 779 [2]
7 775 [6]
206 577 [5]
4 778 [6]
173 609 [7]
5 782 [2]
6 783 [0]
4 782 [3]
8 781 [0]
1 787 [1]
11 773 [5]
1 786 [3]
0 790 [0]
28 758 [4]
29 761 [0]
13 776 [1]
8 778 [4]
267 522 [1]
6 782 [2]
1 788 [1]
2 782 [7]
75 716 [0]
1 785 [5]
45 746 [0]
9 778 [4]
2 784 [5]
3 782 [6]
4 788 [0]
44 748 [0]
2 783 [7]
10 780 [2]
101 688 [3]
50 742 [0]
100 692 [0]
6 787 [0]
5 788 [0]
8 785 [0]
8 783 [2]
9 780 [4]
4 786 [3]
33 759 [1]
232 558 [3]
115 675 [3]
87 702 [4]
281 512 [0]
22 771 [0]
36 756 [1]
69 717 [7]
60 733 [0]
12 775 [6]
10 781 [2]
0 792 [1]
70 717 [7]
227 567 [0]
10 777 [7]
2 785 [7]
85 704 [5]
16 776 [2]
9 784 [1]
8 782 [4]
0 795 [0]
27 768 [0]
11 779 [5]
6 786 [3]
151 641 [3]
3 792 [0]
9 786 [0]
2 786 [7]
229 566 [0]
5 791 [0]
4 792 [0]
7 789 [0]
0 791 [5]
8 788 [0]
9 783 [4]
20 775 [1]
27 767 [2]
22 769 [5]
2 795 [0]
20 777 [0]
21 772 [4]
6 789 [2]
114 682 [1]
1 793 [3]
8 787 [2]
152 646 [0]
0 797 [1]
1 797 [0]
3 789 [6]
13 785 [0]
180 618 [0]
341 457 [0]
2 797 [0]
8 791 [0]
0 798 [1]
1 798 [0]
1 795 [3]
112 686 [1]
2 790 [7]
10 787 [2]
28 767 [4]
14 781 [4]
5 792 [2]
215 583 [1]
199 596 [5]
5 795 [0]
10 788 [2]
6 794 [0]
6 792 [2]
10 790 [0]
183 615 [2]
1 800 [0]
9 792 [0]
1 799 [1]
7 794 [0]
8 793 [0]
2 792 [7]
8 789 [4]
107 694 [0]
148 652 [1]
8 790 [3]
44 753 [4]
5 797 [0]
6 796 [0]
9 793 [0]
23 779 [0]
2 793 [7]
50 751 [1]
6 793 [3]
42 761 [0]
38 760 [5]
6 797 [0]
5 796 [2]
265 538 [0]
27 776 [0]
7 792 [4]
16 785 [2]
9 795 [0]
6 798 [0]
2 796 [6]
9 794 [1]
6 795 [3]
1 802 [1]
0 799 [5]
48 756 [0]
90 711 [3]
86 716 [2]
38 767 [0]
22 783 [0]
1 801 [3]
26 772 [7]
14 790 [1]
0 800 [5]
4 795 [6]
53 752 [0]
4 802 [0]
4 796 [6]
24 781 [1]
7 797 [2]
7 800 [0]
2 805 [0]
20 784 [3]
4 797 [6]
10 797 [0]
7 796 [4]
10 795 [2]
2 798 [7]
11 796 [0]
364 443 [0]
36 766 [5]
128 679 [0]
4 801 [2]
105 703 [0]
6 802 [0]
11 792 [5]
121 684 [3]
93 714 [1]
400 408 [0]
82 726 [0]
192 612 [4]
21 780 [7]
103 700 [5]
9 800 [0]
4 805 [0]
1 808 [0]
16 791 [2]
5 798 [6]
8 799 [2]
9 796 [4]
149 661 [0]
0 810 [0]
3 801 [6]
2 808 [0]
5 799 [6]
36 773 [1]
85 720 [5]
1 804 [5]
9 801 [0]
216 593 [1]
189 621 [0]
8 800 [3]
5 800 [6]
53 758 [0]
0 806 [5]
10 799 [2]
155 654 [2]
9 798 [4]
2 804 [5]
7 805 [0]
2 810 [0]
45 763 [4]
7 801 [4]
7 802 [3]
1 812 [0]
22 787 [4]
1 807 [5]
8 801 [4]
21 788 [4]
0 812 [1]
9 805 [0]
0 814 [0]
51 762 [1]
177 636 [1]
8 806 [0]
48 766 [0]
284 530 [0]
2 807 [5]
281 532 [1]
0 811 [3]
43 772 [0]
22 793 [0]
80 735 [0]
6 803 [6]
130 684 [1]
9 802 [4]
2 811 [2]
6 808 [1]
36 778 [1]
51 759 [5]
69 747 [0]
10 806 [0]
3 813 [0]
1 815 [0]
4 812 [0]
2 809 [5]
3 811 [2]
189 623 [4]
98 716 [2]
7 809 [0]
267 549 [0]
27 785 [4]
6 804 [6]
8 808 [1]
20 794 [3]
10 807 [0]
22 795 [0]
64 751 [2]
70 747 [0]
87 724 [6]
7 803 [7]
147 670 [0]
7 804 [6]
109 706 [2]
9 807 [1]
79 731 [7]
7 811 [0]
1 817 [0]
50 768 [0]
27 791 [0]
1 811 [6]
36 782 [0]
80 731 [7]
10 805 [3]
5 811 [2]
5 814 [0]
259 560 [0]
10 809 [0]
5 808 [6]
12 807 [0]
49 770 [0]
6 807 [6]
85 734 [0]
343 472 [4]
4 815 [1]
106 710 [4]
8 812 [0]
10 808 [2]
5 813 [2]
179 639 [2]
297 523 [0]
45 775 [0]
0 813 [7]
4 814 [3]
13 808 [0]
6 812 [3]
216 604 [1]
6 809 [6]
8 810 [3]
9 808 [4]
64 755 [2]
2 812 [7]
7 807 [7]
4 818 [0]
344 478 [0]
256 565 [1]
0 821 [1]
0 817 [5]
20 803 [0]
4 819 [0]
6 814 [3]
1 821 [1]
384 440 [0]
0 824 [0]
10 812 [2]
6 816 [2]
7 813 [4]
20 804 [0]
4 820 [0]
22 799 [3]
6 815 [3]
7 817 [0]
9 815 [0]
1 824 [0]
2 823 [0]
6 819 [0]
8 817 [0]
327 497 [1]
9 816 [0]
7 816 [2]
14 810 [1]
1 819 [5]
19 801 [5]
22 798 [5]
20 805 [0]
7 815 [3]
8 815 [2]
2 824 [0]
7 819 [0]
8 818 [0]
9 817 [0]
10 814 [2]
16 810 [0]
403 423 [0]
75 751 [0]
51 774 [1]
309 517 [0]
341 485 [0]
7 820 [0]
0 827 [0]
20 807 [0]
83 740 [4]
7 818 [2]
10 815 [2]
9 814 [4]
2 826 [0]
256 572 [0]
8 819 [1]
50 776 [2]
8 816 [4]
227 594 [7]
1 822 [5]
10 817 [2]
6 823 [0]
48 778 [3]
1 823 [5]
20 809 [0]
409 420 [0]
56 767 [6]
4 826 [0]
8 822 [0]
21 802 [7]
36 789 [5]
2 821 [7]
6 821 [3]
11 816 [3]
32 799 [0]
2 829 [0]
135 696 [0]
2 822 [7]
4 828 [0]
0 832 [0]
1 828 [3]
8 823 [1]
257 575 [0]
189 643 [0]
348 482 [2]
10 819 [3]
8 820 [4]
60 771 [1]
9 823 [0]
36 796 [1]
76 757 [0]
8 825 [0]
9 820 [4]
1 829 [3]
7 824 [2]
38 790 [5]
1 831 [1]
22 812 [0]
6 828 [0]
28 806 [0]
11 820 [3]
69 765 [0]
7 825 [2]
4 823 [7]
8 824 [2]
99 736 [0]
10 822 [3]
4 825 [6]
343 491 [1]
7 826 [2]
344 488 [3]
0 830 [5]
22 814 [0]
1 835 [0]
8 826 [2]
21 815 [0]
2 827 [7]
82 752 [2]
0 831 [5]
386 450 [0]
359 474 [3]
2 835 [0]
0 836 [1]
4 833 [0]
9 828 [0]
356 480 [1]
5 826 [6]
107 727 [3]
2 828 [7]
9 824 [4]
16 822 [0]
10 826 [2]
28 810 [0]
8 828 [2]
3 829 [6]
1 838 [0]
6 833 [0]
322 517 [0]
105 730 [4]
2 830 [7]
27 810 [2]
0 838 [1]
0 835 [5]
8 832 [0]
48 789 [3]
41 799 [0]
82 758 [0]
98 742 [0]
7 834 [0]
8 830 [3]
0 840 [1]
8 829 [4]
7 831 [3]
227 614 [1]
64 776 [2]
50 791 [1]
14 827 [1]
294 545 [3]
137 705 [0]
9 829 [4]
100 735 [7]
23 816 [3]
298 544 [0]
8 835 [0]
16 827 [0]
158 685 [0]
68 770 [5]
10 831 [2]
8 833 [2]
2 842 [0]
6 838 [0]
0 837 [7]
5 837 [2]
5 833 [6]
388 456 [0]
361 483 [0]
14 830 [0]
353 488 [3]
1 840 [3]
38 806 [0]
0 843 [1]
4 834 [6]
8 837 [0]
201 644 [0]
129 712 [4]
4 841 [0]
6 839 [0]
10 832 [3]
2 836 [7]
347 498 [0]
6 836 [3]
10 833 [2]
33 811 [1]
4 838 [3]
2 839 [5]
3 837 [6]
2 837 [7]
94 748 [4]
197 644 [5]
8 834 [4]
147 698 [1]
9 833 [4]
102 742 [2]
5 835 [6]
0 847 [0]
2 845 [0]
3 844 [0]
3 842 [2]
4 840 [3]
14 832 [1]
141 706 [0]
171 676 [0]
16 830 [2]
7 837 [4]
1 844 [3]
8 841 [0]
49 800 [0]
16 832 [1]
1 848 [0]
9 840 [0]
5 838 [6]
5 842 [2]
33 813 [3]
13 835 [1]
0 850 [0]
1 849 [0]
22 828 [0]
45 805 [0]
166 684 [0]
94 753 [4]
200 651 [0]
9 842 [0]
16 835 [0]
9 838 [4]
85 761 [5]
128 723 [0]
27 822 [2]
23 825 [4]
25 824 [3]
56 790 [6]
2 844 [6]
7 843 [2]
5 841 [6]
2 843 [7]
1 850 [1]
196 652 [4]
25 826 [1]
7 846 [0]
0 853 [0]
347 506 [0]
10 843 [0]
73 780 [0]
172 682 [0]
2 852 [0]
0 854 [0]
28 822 [4]
5 843 [6]
4 850 [0]
6 848 [0]
151 701 [2]
6 846 [2]
10 841 [3]
10 845 [0]
1 854 [0]
0 855 [0]
7 841 [7]
149 703 [3]
12 841 [2]
6 849 [0]
109 744 [2]
421 435 [0]
8 845 [3]
93 762 [1]
86 768 [2]
21 831 [4]
8 844 [4]
4 849 [3]
69 780 [7]
27 827 [2]
9 848 [0]
6 851 [0]
9 844 [4]
90 766 [1]
343 508 [6]
109 746 [2]
79 779 [0]
8 846 [4]
1 856 [1]
39 814 [5]
4 855 [0]
7 851 [1]
60 798 [1]
9 846 [4]
4 854 [1]
10 849 [0]
147 711 [1]
233 626 [0]
6 850 [3]
35 822 [2]
27 830 [2]
80 779 [0]
4 848 [7]
28 827 [4]
295 562 [3]
0 860 [0]
104 755 [1]
5 849 [6]
22 838 [0]
7 850 [3]
11 846 [3]
8 851 [1]
7 854 [0]
27 832 [2]
5 850 [6]
4 852 [5]
305 556 [0]
21 833 [7]
8 853 [0]
263 596 [2]
10 851 [0]
16 845 [0]
8 850 [3]
13 847 [1]
10 848 [3]
56 806 [0]
5 857 [0]
4 851 [7]
20 839 [3]
22 836 [4]
22 840 [0]
9 849 [4]
341 514 [7]
7 848 [7]
12 848 [2]
16 847 [0]
245 618 [0]
265 598 [0]
4 856 [3]
121 740 [2]
137 721 [5]
7 857 [0]
51 813 [0]
6 858 [0]
4 857 [3]
6 852 [6]
9 855 [0]
0 859 [5]
5 853 [6]
1 862 [1]
2 855 [7]
0 865 [0]
7 858 [0]
29 836 [0]
6 856 [3]
5 854 [6]
6 857 [2]
211 648 [6]
2 858 [5]
0 861 [5]
6 860 [0]
10 854 [2]
2 857 [7]
8 856 [2]
8 859 [0]
1 866 [0]
9 852 [6]
51 811 [5]
181 686 [0]
5 856 [6]
198 667 [2]
410 457 [0]
11 857 [0]
1 867 [0]
8 860 [0]
348 519 [1]
99 764 [5]
164 701 [3]
68 800 [0]
2 859 [7]
427 441 [0]
281 587 [0]
98 768 [2]
75 791 [2]
2 867 [0]
8 861 [0]
23 846 [0]
260 607 [2]
6 862 [1]
2 860 [7]
356 507 [6]
25 843 [1]
8 862 [0]
1 868 [1]
1 870 [0]
302 569 [0]
12 852 [7]
2 862 [7]
38 827 [6]
10 858 [3]
7 860 [4]
344 524 [3]
1 869 [1]
159 711 [1]
5 861 [6]
4 868 [0]
5 867 [0]
7 863 [2]
325 546 [1]
56 810 [6]
294 573 [5]
47 823 [2]
8 864 [0]
20 852 [0]
2 864 [7]
7 866 [0]
294 579 [0]
5 862 [6]
99 769 [5]
4 863 [6]
7 867 [0]
2 872 [0]
2 865 [7]
14 859 [1]
27 845 [2]
10 862 [2]
109 763 [2]
38 832 [4]
88 786 [0]
33 842 [0]
53 822 [0]
4 866 [5]
8 863 [4]
2 873 [0]
6 868 [1]
350 525 [0]
9 862 [4]
6 870 [0]
211 665 [0]
8 865 [3]
7 868 [1]
16 859 [1]
8 867 [1]
5 872 [0]
9 868 [0]
28 845 [4]
8 869 [0]
293 584 [0]
10 864 [3]
7 871 [0]
2 876 [0]
0 878 [0]
344 531 [3]
197 678 [3]
407 471 [0]
27 847 [4]
209 663 [6]
2 869 [7]
21 850 [7]
10 865 [3]
6 866 [6]
4 867 [7]
311 567 [0]
2 877 [0]
8 870 [1]
8 868 [3]
87 790 [2]
233 645 [1]
297 581 [1]
21 854 [4]
9 870 [0]
10 869 [0]
0 874 [5]
12 866 [1]
12 867 [0]
14 864 [1]
86 791 [2]
22 853 [4]
8 872 [0]
9 871 [0]
6 872 [2]
1 878 [1]
34 843 [3]
357 522 [1]
7 874 [0]
0 881 [0]
0 876 [5]
16 865 [0]
51 829 [1]
7 872 [2]
4 870 [7]
16 864 [1]
1 875 [5]
43 831 [7]
39 838 [5]
0 882 [0]
35 845 [2]
4 872 [6]
0 877 [5]
15 862 [5]
190 692 [0]
277 605 [0]
22 855 [5]
1 876 [5]
100 779 [3]
409 472 [1]
14 869 [0]
4 879 [0]
9 874 [0]
16 861 [6]
7 875 [1]
8 871 [4]
10 866 [7]
7 870 [7]
6 878 [0]
12 870 [2]
8 875 [1]
107 774 [3]
8 873 [3]
9 875 [1]
22 856 [7]
29 856 [0]
1 879 [5]
29 853 [4]
2 884 [0]
10 874 [2]
106 777 [3]
7 879 [0]
5 875 [6]
10 873 [3]
45 839 [3]
4 883 [0]
10 877 [0]
8 876 [3]
12 875 [0]
6 875 [6]
5 883 [0]
4 884 [0]
8 878 [2]
8 879 [1]
10 876 [2]
51 837 [0]
8 877 [3]
11 872 [5]
56 832 [0]
20 866 [2]
337 551 [0]
178 710 [1]
6 883 [0]
16 873 [0]
6 881 [2]
141 744 [4]
1 883 [5]
56 827 [6]
10 875 [4]
9 879 [1]
5 885 [0]
1 889 [0]
203 680 [7]
9 877 [4]
15 868 [7]
2 881 [7]
2 883 [5]
3 881 [6]
73 817 [0]
0 885 [5]
305 585 [0]
14 877 [0]
7 884 [0]
14 876 [1]
27 864 [0]
23 863 [5]
4 881 [6]
13 877 [1]
6 879 [6]
0 886 [5]
27 865 [0]
16 876 [0]
18 868 [6]
27 861 [4]
32 856 [4]
11 881 [0]
56 830 [6]
8 883 [1]
28 864 [0]
24 869 [0]
0 893 [0]
129 760 [4]
69 817 [7]
114 779 [0]
358 535 [0]
39 849 [5]
1 891 [1]
8 882 [3]
429 464 [0]
8 885 [1]
36 857 [1]
1 893 [0]
7 880 [7]
23 871 [0]
4 889 [1]
2 885 [7]
21 874 [0]
6 889 [0]
0 894 [1]
10 882 [3]
89 801 [5]
51 844 [0]
109 784 [2]
2 894 [0]
0 896 [0]
6 888 [2]
79 816 [1]
410 485 [1]
95 801 [0]
219 677 [0]
79 818 [0]
0 897 [0]
7 888 [2]
9 884 [4]
8 889 [0]
99 793 [5]
297 597 [3]
9 888 [0]
10 887 [0]
7 889 [1]
42 853 [2]
198 699 [0]
0 892 [5]
157 739 [1]
7 883 [7]
12 883 [2]
8 886 [3]
16 877 [4]
53 845 [0]
4 888 [6]
51 842 [5]
6 891 [1]
13 885 [0]
50 847 [1]
2 890 [7]
8 891 [0]
80 816 [3]
30 862 [7]
9 891 [0]
45 852 [3]
8 888 [4]
2 891 [7]
1 896 [3]
350 548 [2]
49 850 [2]
0 901 [0]
1 897 [3]
10 891 [0]
14 886 [1]
31 867 [3]
8 890 [3]
60 840 [1]
14 887 [0]
0 902 [0]
5 891 [6]
27 873 [2]
1 900 [1]
38 859 [5]
11 888 [3]
6 894 [2]
136 767 [0]
16 887 [0]
43 854 [6]
16 885 [2]
20 880 [3]
1 901 [1]
7 895 [2]
5 897 [2]
1 898 [5]
8 893 [3]
22 878 [4]
4 894 [6]
8 895 [2]
6 899 [0]
2 896 [7]
28 873 [4]
13 891 [1]
4 895 [6]
7 894 [4]
215 688 [2]
10 892 [3]
2 898 [5]
109 794 [2]
14 890 [1]
281 624 [0]
1 905 [0]
122 783 [1]
14 892 [0]
192 713 [1]
2 897 [7]
16 890 [0]
93 813 [0]
8 896 [2]
3 897 [6]
9 898 [0]
1 906 [0]
4 900 [3]
359 545 [3]
38 865 [4]
7 899 [1]
212 695 [0]
80 820 [7]
27 876 [4]
5 896 [6]
122 786 [0]
9 899 [0]
0 903 [5]
28 876 [4]
276 631 [1]
10 896 [2]
10 899 [0]
79 825 [5]
36 872 [1]
0 904 [5]
1 903 [5]
5 899 [6]
12 898 [0]
2 908 [0]
4 906 [0]
35 873 [2]
8 900 [2]
6 898 [6]
330 580 [0]
10 900 [0]
1 904 [5]
25 884 [1]
8 899 [3]
6 905 [0]
2 909 [0]
8 903 [0]
16 893 [2]
253 658 [0]
45 866 [0]
50 861 [0]
222 686 [3]
292 619 [0]
5 900 [6]
10 898 [3]
64 847 [0]
2 902 [7]
2 910 [0]
7 898 [7]
8 901 [3]
2 903 [7]
106 804 [2]
5 908 [0]
0 913 [0]
357 549 [7]
3 908 [2]
8 902 [3]
18 889 [6]
10 901 [2]
177 736 [0]
9 900 [4]
209 704 [0]
7 907 [0]
5 909 [0]
2 905 [7]
28 882 [4]
109 803 [2]
371 543 [0]
9 901 [4]
13 901 [0]
7 906 [1]
5 903 [6]
426 488 [0]
147 766 [1]
27 886 [2]
0 908 [7]
14 901 [0]
31 883 [1]
319 594 [2]
8 904 [3]
1 909 [5]
8 905 [2]
5 904 [6]
1 911 [3]
0 914 [1]
10 903 [2]
3 913 [0]
6 907 [3]
1 914 [1]
266 650 [0]
60 855 [1]
9 907 [0]
27 885 [4]
109 805 [2]
4 913 [0]
1 916 [0]
2 915 [0]
6 911 [0]
1 915 [1]
9 904 [4]
8 906 [3]
1 917 [0]
79 834 [5]
14 904 [0]
34 884 [0]
309 609 [0]
28 886 [4]
8 911 [0]
4 910 [5]
16 902 [1]
229 685 [5]
15 899 [5]
100 818 [1]
47 870 [2]
2 918 [0]
109 809 [2]
2 911 [7]
7 913 [0]
20 898 [2]
100 820 [0]
8 912 [0]
16 904 [0]
40 877 [3]
2 912 [7]
17 904 [0]
0 916 [5]
14 903 [4]
9 908 [4]
9 912 [0]
1 919 [1]
85 836 [0]
6 912 [3]
4 916 [1]
1 921 [0]
6 910 [6]
4 917 [1]
259 662 [1]
2 920 [0]
199 722 [1]
2 913 [7]
5 911 [6]
276 647 [0]
8 915 [0]
2 914 [7]
119 804 [0]
7 915 [1]
129 790 [4]
7 910 [6]
6 914 [3]
8 916 [0]
2 922 [0]
27 893 [4]
9 911 [4]
1 918 [5]
38 882 [4]
8 914 [2]
385 539 [0]
25 896 [3]
10 912 [2]
410 514 [0]
38 886 [0]
38 887 [0]
3 922 [0]
4 920 [1]
436 489 [0]
4 921 [0]
7 918 [0]
1 923 [1]
5 914 [6]
10 915 [0]
100 825 [0]
16 909 [0]
291 634 [0]
6 917 [3]
5 921 [0]
9 917 [0]
5 915 [6]
22 900 [4]
10 914 [2]
9 913 [4]
141 784 [1]
79 846 [1]
0 926 [1]
7 917 [3]
191 736 [0]
190 735 [2]
6 920 [1]
0 923 [5]
0 928 [0]
1 927 [0]
5 917 [6]
83 841 [4]
24 901 [3]
4 924 [0]
6 919 [3]
5 923 [0]
2 919 [7]
9 915 [4]
21 907 [0]
8 918 [3]
30 899 [0]
432 497 [0]
5 922 [2]
12 910 [7]
0 922 [7]
4 918 [7]
7 923 [0]
7 920 [3]
454 476 [0]
2 928 [0]
5 925 [0]
53 873 [4]
33 897 [0]
18 906 [6]
444 486 [0]
93 837 [0]
114 816 [0]
92 838 [0]
8 920 [3]
20 910 [1]
5 920 [6]
7 921 [3]
8 923 [0]
1 929 [1]
4 928 [0]
8 924 [0]
12 918 [2]
322 609 [1]
8 921 [3]
113 818 [1]
6 926 [0]
22 905 [5]
10 920 [2]
9 923 [0]
6 923 [3]
4 929 [0]
0 933 [0]
1 931 [1]
247 686 [0]
38 890 [5]
7 924 [2]
9 920 [4]
19 913 [1]
10 921 [2]
7 922 [4]
174 754 [5]
27 903 [4]
5 929 [0]
2 925 [7]
8 922 [4]
6 927 [1]
38 892 [4]
211 720 [3]
105 826 [4]
8 927 [0]
256 679 [0]
7 927 [1]
83 848 [4]
283 646 [6]
0 930 [5]
100 834 [1]
0 936 [0]
8 926 [2]
5 931 [0]
107 829 [0]
397 539 [0]
1 930 [5]
141 794 [1]
3 934 [0]
232 705 [0]
266 669 [2]
6 928 [3]
0 932 [5]
10 926 [2]
8 930 [0]
1 936 [1]
1 934 [3]
7 932 [0]
8 929 [2]
2 930 [7]
5 928 [6]
22 912 [5]
27 909 [4]
327 613 [0]
38 902 [0]
6 931 [3]
9 927 [4]
8 932 [0]
22 914 [4]
121 819 [0]
15 920 [5]
10 928 [2]
4 937 [0]
288 653 [0]
91 847 [3]
7 931 [3]
7 934 [0]
10 931 [0]
1 935 [5]
128 806 [7]
5 930 [6]
5 934 [2]
16 925 [0]
113 825 [3]
10 932 [0]
8 934 [0]
21 921 [0]
9 929 [4]
56 886 [0]
455 487 [0]
2 934 [6]
45 898 [0]
6 937 [0]
85 853 [5]
5 932 [6]
50 893 [0]
1 940 [3]
7 937 [0]
141 803 [0]
344 600 [0]
56 887 [1]
39 900 [5]
1 942 [1]
21 916 [7]
9 931 [4]
0 939 [5]
18 927 [0]
21 917 [7]
453 492 [0]
6 936 [3]
101 841 [3]
2 944 [0]
0 946 [0]
0 941 [5]
8 935 [3]
0 945 [1]
0 943 [3]
1 945 [0]
7 936 [3]
97 849 [0]
8 938 [0]
5 935 [6]
56 890 [0]
3 944 [0]
73 874 [0]
4 942 [1]
179 764 [4]
16 930 [1]
5 936 [6]
79 863 [5]
51 897 [0]
10 936 [2]
14 933 [1]
6 942 [0]
29 914 [5]
56 892 [0]
3 943 [2]
2 939 [7]
105 843 [0]
5 938 [6]
7 942 [0]
4 945 [0]
8 941 [0]
209 734 [6]
9 940 [0]
2 940 [7]
12 937 [0]
6 940 [3]
9 936 [4]
66 878 [5]
130 819 [0]
179 769 [1]
0 950 [0]
8 942 [0]
1 949 [0]
31 918 [1]
10 938 [2]
54 896 [0]
109 839 [2]
69 874 [7]
8 939 [3]
2 941 [7]
7 944 [0]
80 871 [0]
79 871 [1]
2 943 [6]
189 758 [4]
3 949 [0]
6 946 [0]
9 943 [0]
10 939 [3]
10 942 [0]
29 919 [4]
27 925 [0]
6 944 [2]
2 951 [0]
4 949 [0]
21 932 [0]
383 570 [0]
100 846 [7]
433 520 [0]
0 948 [5]
141 809 [4]
1 953 [0]
9 945 [0]
26 921 [7]
7 943 [4]
17 930 [7]
4 944 [6]
14 939 [1]
0 955 [0]
33 922 [0]
9 942 [4]
22 926 [7]
8 945 [2]
3 947 [6]
1 955 [0]
7 947 [2]
87 865 [4]
5 945 [6]
7 946 [3]
14 938 [4]
16 939 [1]
22 929 [5]
178 777 [1]
107 844 [5]
6 951 [0]
5 946 [6]
15 942 [0]
8 946 [3]
4 953 [0]
64 893 [0]
6 949 [2]
10 945 [2]
2 948 [7]
0 952 [5]
2 956 [0]
1 954 [3]
477 481 [0]
10 946 [2]
20 937 [1]
51 908 [0]
9 946 [4]
5 948 [6]
8 947 [4]
256 696 [7]
2 950 [7]
7 949 [4]
4 954 [2]
3 951 [6]
111 849 [0]
9 947 [4]
4 951 [6]
8 953 [0]
7 954 [0]
1 959 [1]
176 785 [0]
8 949 [4]
8 950 [3]
1 961 [0]
6 954 [2]
29 926 [7]
22 940 [0]
24 938 [0]
83 875 [4]
421 540 [1]
27 933 [2]
83 879 [0]
0 961 [1]
255 707 [0]
32 926 [4]
318 645 [0]
8 951 [4]
59 904 [0]
10 950 [3]
9 953 [1]
355 606 [2]
3 954 [6]
10 953 [0]
8 952 [3]
0 959 [5]
100 863 [1]
7 957 [0]
8 956 [0]
6 956 [2]
14 950 [0]
2 955 [7]
6 955 [3]
1 964 [0]
185 780 [0]
403 562 [0]
28 933 [4]
102 861 [2]
3 956 [6]
9 957 [0]
4 962 [0]
27 935 [4]
372 594 [0]
8 954 [4]
6 959 [1]
16 950 [0]
461 505 [0]
98 861 [7]
114 846 [6]
27 939 [0]
4 956 [6]
79 888 [0]
7 953 [7]
7 959 [1]
9 954 [4]
347 617 [3]
6 958 [3]
2 958 [7]
8 959 [0]
109 858 [0]
433 534 [0]
49 916 [2]
14 952 [1]
80 888 [0]
2 959 [7]
27 941 [0]
10 958 [0]
16 952 [0]
1 962 [5]
19 949 [0]
4 963 [1]
8 958 [2]
2 962 [5]
1 968 [0]
5 964 [0]
7 960 [2]
6 957 [6]
16 948 [6]
2 961 [7]
8 962 [0]
332 638 [0]
4 960 [6]
75 893 [2]
0 965 [5]
6 961 [3]
8 960 [2]
121 848 [2]
1 970 [0]
171 799 [0]
165 804 [2]
9 958 [4]
84 884 [3]
10 959 [2]
284 687 [0]
211 761 [0]
344 625 [3]
8 964 [0]
44 928 [0]
9 962 [1]
106 866 [0]
9 959 [4]
2 963 [7]
5 966 [2]
2 971 [0]
6 964 [3]
6 967 [0]
4 968 [1]
268 705 [0]
9 960 [4]
1 967 [5]
7 963 [3]
21 945 [7]
121 851 [1]
2 964 [7]
366 604 [3]
13 959 [1]
6 966 [2]
2 972 [0]
6 962 [6]
282 692 [0]
5 963 [6]
100 871 [3]
2 965 [7]
8 963 [3]
154 821 [0]
2 973 [0]
433 541 [1]
6 968 [1]
6 969 [0]
4 970 [1]
43 932 [0]
149 826 [0]
38 933 [4]
64 909 [2]
2 966 [7]
1 969 [5]
221 754 [0]
7 966 [2]
7 962 [7]
50 925 [1]
7 968 [1]
5 965 [6]
2 969 [5]
6 970 [0]
8 968 [0]
345 631 [0]
9 963 [4]
227 742 [7]
2 975 [0]
344 630 [3]
386 590 [1]
113 863 [1]
4 973 [0]
9 968 [0]
151 823 [3]
9 964 [4]
15 963 [0]
374 604 [0]
7 970 [1]
12 962 [4]
8 966 [4]
4 967 [7]
10 969 [0]
27 952 [0]
256 723 [0]
27 948 [4]
324 656 [0]
0 980 [0]
7 973 [0]
9 967 [4]
10 968 [2]
73 907 [0]
87 887 [6]
10 967 [3]
14 965 [1]
20 957 [3]
0 976 [5]
69 907 [5]
6 975 [0]
4 972 [5]
12 969 [0]
12 967 [2]
233 744 [4]
130 851 [1]
2 980 [0]
0 977 [5]
8 971 [3]
11 966 [5]
2 974 [7]
10 973 [0]
7 969 [7]
8 973 [2]
23 960 [0]
61 917 [5]
16 965 [2]
12 972 [0]
68 916 [0]
238 745 [1]
1 982 [1]
1 978 [5]
5 973 [6]
272 712 [0]
36 947 [1]
6 972 [6]
114 871 [0]
0 985 [0]
2 983 [0]
1 983 [1]
8 974 [3]
14 971 [0]
50 935 [0]
9 975 [1]
45 937 [3]
51 934 [0]
200 782 [3]
423 562 [0]
7 972 [6]
310 675 [0]
255 725 [5]
22 958 [5]
1 979 [5]
2 984 [0]
8 978 [0]
18 968 [0]
2 977 [7]
0 981 [5]
36 951 [0]
4 982 [1]
10 974 [3]
126 860 [1]
263 722 [2]
166 819 [2]
10 975 [3]
5 983 [0]
4 984 [0]
6 982 [0]
379 609 [0]
238 743 [7]
2 979 [7]
129 859 [0]
15 968 [5]
16 971 [2]
20 969 [0]
5 978 [6]
109 880 [0]
173 811 [5]
7 975 [7]
14 974 [1]
2 981 [7]
93 897 [0]
7 983 [0]
5 979 [6]
10 980 [0]
197 787 [6]
10 977 [3]
8 979 [3]
13 976 [1]
7 984 [0]
327 660 [4]
201 787 [3]
16 974 [1]
8 980 [3]
5 987 [0]
27 965 [0]
386 603 [3]
50 941 [1]
8 981 [3]
48 944 [0]
14 977 [1]
5 981 [6]
0 991 [1]
8 982 [2]
38 950 [5]
20 972 [1]
5 982 [6]
1 991 [1]
4 990 [0]
38 952 [4]
18 970 [6]
8 983 [3]
16 976 [2]
382 612 [0]
16 977 [1]
479 515 [0]
8 984 [2]
51 943 [0]
9 981 [4]
29 961 [4]
396 599 [0]
7 988 [0]
5 990 [0]
7 985 [3]
14 980 [1]
317 677 [1]
0 994 [1]
100 895 [0]
2 986 [7]
5 984 [6]
1 995 [0]
16 979 [1]
5 985 [6]
356 639 [1]
5 991 [0]
10 986 [0]
9 983 [4]
7 987 [2]
16 978 [2]
2 989 [5]
2 987 [7]
6 991 [0]
10 985 [2]
28 965 [4]
36 956 [5]
5 986 [6]
4 987 [6]
3 992 [2]
17 981 [0]
15 983 [0]
16 981 [1]
203 788 [7]
48 947 [3]
4 988 [6]
0 993 [5]
10 987 [2]
69 923 [7]
6 990 [3]
25 973 [1]
20 975 [4]
407 591 [1]
5 992 [2]
50 948 [1]
5 995 [0]
8 992 [0]
27 971 [2]
10 990 [0]
69 931 [0]
8 988 [4]
91 909 [0]
121 879 [0]
277 719 [4]
88 911 [1]
5 996 [0]
4 997 [0]
8 991 [2]
10 991 [0]
56 939 [6]
199 802 [0]
9 988 [4]
64 935 [2]
296 705 [0]
10 989 [3]
16 986 [0]
75 925 [2]
55 947 [0]
186 810 [6]
14 981 [7]
11 988 [3]
181 814 [7]
7 992 [4]
6 997 [0]
141 858 [4]
7 995 [1]
9 994 [0]
0 998 [5]
7 989 [7]
27 976 [0]
38 965 [0]
28 971 [4]
85 919 [0]
7 997 [0]
2 997 [5]
9 995 [0]
8 993 [3]
4 994 [6]
8 995 [1]
8 997 [0]
494 511 [0]
10 996 [0]
132 874 [0]
188 818 [0]
27 977 [2]
10 994 [2]
4 999 [3]
179 828 [0]
438 569 [0]
36 966 [5]
6 995 [6]
255 749 [3]
9 999 [0]
317 691 [0]
5 997 [6]
14 993 [1]
305 696 [7]
478 531 [0]
27 978 [4]
12 995 [2]
25 984 [0]
8 998 [3]
27 979 [3]
99 905 [5]
8 999 [2]
75 935 [0]
128 882 [0]
195 815 [0]
5 999 [6]
34 973 [3]
21 985 [4]
20 989 [2]
130 879 [2]
12 997 [2]
502 509 [0]
126 881 [5]
27 986 [0]
38 971 [4]
25 987 [1]
14 998 [1]
344 666 [3]
86 925 [2]
28 986 [0]
324 689 [1]
56 952 [6]
75 941 [0]
22 990 [4]
45 972 [0]
135 882 [0]
166 851 [0]
282 735 [0]
38 977 [2]
38 974 [5]
38 980 [0]
216 796 [6]
35 979 [4]
22 991 [5]
129 887 [2]
474 545 [0]
297 718 [4]
410 608 [1]
186 827 [6]
264 755 [0]
35 986 [0]
131 890 [0]
141 880 [0]
129 890 [2]
126 894 [1]
233 784 [4]
22 996 [4]
161 861 [0]
188 834 [0]
128 892 [2]
341 674 [7]
290 732 [0]
131 887 [4]
186 830 [6]
25 994 [3]
75 948 [0]
70 946 [7]
291 731 [1]
100 924 [0]
28 993 [4]
28 998 [0]
33 992 [1]
94 928 [4]
22 999 [5]
424 602 [0]
56 971 [0]
233 794 [0]
98 925 [4]
27 998 [2]
50 976 [1]
31 997 [0]
34 994 [0]
439 589 [0]
481 547 [0]
344 681 [3]
477 547 [5]
56 974 [0]
87 939 [4]
115 916 [0]
129 902 [0]
137 889 [5]
97 929 [5]
294 738 [1]
122 911 [1]
43 985 [6]
272 760 [2]
39 990 [5]
39 996 [0]
340 695 [0]
424 610 [1]
38 993 [4]
39 991 [7]
89 949 [0]
56 980 [2]
104 935 [0]
117 922 [0]
450 590 [0]
83 953 [4]
233 803 [4]
113 924 [3]
90 951 [0]
87 950 [4]
203 831 [7]
98 941 [2]
53 986 [2]
64 976 [2]
51 992 [0]
89 954 [0]
137 906 [0]
99 940 [5]
79 960 [5]
209 836 [0]
39 999 [7]
98 948 [0]
463 583 [0]
107 934 [5]
233 809 [4]
127 919 [2]
56 993 [0]
304 745 [0]
350 697 [2]
442 607 [0]
95 954 [1]
85 961 [5]
353 700 [0]
450 603 [0]
277 775 [1]
56 998 [0]
83 967 [4]
75 978 [2]
204 847 [4]
417 639 [0]
185 874 [0]
148 912 [1]
471 591 [0]
384 677 [2]
215 841 [7]
87 977 [0]
176 885 [3]
263 802 [0]
152 912 [1]
82 979 [4]
109 957 [0]
137 927 [2]
86 978 [2]
87 980 [0]
211 853 [3]
184 884 [0]
281 786 [1]
256 806 [7]
363 707 [0]
281 783 [6]
233 839 [0]
377 693 [2]
154 919 [0]
525 548 [0]
150 923 [0]
427 645 [1]
216 857 [1]
243 832 [0]
384 691 [0]
534 541 [0]
145 929 [1]
80 988 [7]
121 953 [2]
113 960 [3]
137 942 [0]
190 888 [1]
248 831 [1]
143 938 [0]
139 941 [1]
197 878 [6]
201 878 [3]
83 995 [4]
109 975 [0]
231 853 [0]
410 674 [0]
130 953 [2]
179 905 [1]
230 854 [1]
122 964 [0]
267 818 [1]
299 785 [2]
125 962 [0]
139 948 [1]
105 984 [0]
188 895 [7]
147 944 [0]
216 872 [3]
361 727 [3]
185 907 [0]
192 896 [4]
275 817 [0]
383 710 [0]
485 608 [0]
105 987 [1]
469 626 [0]
100 988 [7]
233 858 [4]
382 713 [1]
141 957 [0]
147 951 [0]
359 738 [1]
533 566 [0]
158 941 [1]
444 652 [4]
133 965 [2]
109 989 [2]
267 834 [0]
344 757 [0]
112 990 [0]
147 956 [0]
282 820 [1]
232 868 [3]
97 999 [7]
354 750 [0]
367 738 [0]
129 974 [2]
317 789 [0]
318 784 [4]
137 970 [0]
148 958 [1]
129 980 [0]
112 996 [1]
343 760 [6]
131 974 [4]
188 924 [0]
117 992 [3]
213 899 [1]
225 890 [0]
255 857 [3]
154 955 [6]
325 791 [0]
318 794 [4]
233 880 [4]
378 739 [0]
186 933 [0]
295 821 [3]
141 975 [4]
232 889 [0]
318 803 [0]
407 714 [0]
149 973 [0]
536 588 [0]
198 930 [0]
141 989 [0]
180 947 [3]
287 843 [1]
277 852 [2]
149 984 [0]
272 859 [2]
299 835 [0]
361 774 [0]
393 743 [0]
565 572 [0]
232 906 [0]
486 652 [0]
297 842 [0]
256 882 [1]
149 987 [3]
266 871 [2]
556 585 [0]
202 933 [6]
203 932 [7]
145 999 [0]
167 976 [3]
536 611 [0]
324 824 [0]
183 963 [2]
356 793 [0]
265 886 [0]
463 688 [2]
532 624 [0]
348 802 [6]
431 726 [0]
495 663 [0]
318 839 [1]
503 655 [0]
267 895 [0]
232 927 [3]
383 777 [3]
351 812 [0]
183 983 [0]
371 797 [0]
536 633 [0]
206 964 [0]
386 781 [3]
543 628 [0]
334 839 [1]
357 818 [0]
272 902 [2]
500 672 [5]
190 988 [0]
181 990 [7]
581 597 [0]
186 993 [0]
181 996 [4]
437 744 [0]
250 932 [0]
458 725 [0]
357 825 [3]
236 950 [0]
277 910 [0]
299 885 [3]
528 659 [0]
241 944 [2]
524 666 [0]
327 860 [3]
356 828 [6]
267 924 [0]
357 834 [0]
186 998 [7]
290 903 [0]
202 993 [0]
243 952 [0]
268 927 [0]
361 829 [5]
258 933 [4]
359 833 [4]
305 892 [0]
588 611 [0]
412 788 [0]
232 970 [0]
343 859 [0]
318 880 [4]
202 998 [6]
292 915 [0]
233 975 [0]
327 881 [0]
458 749 [1]
280 926 [2]
276 931 [2]
297 908 [4]
483 727 [0]
528 683 [1]
459 754 [0]
427 784 [2]
295 919 [0]
236 977 [1]
230 985 [0]
530 687 [0]
553 664 [0]
277 937 [4]
276 936 [7]
255 966 [0]
327 894 [0]
427 794 [0]
533 685 [3]
222 996 [3]
233 989 [0]
278 944 [0]
557 665 [0]
588 633 [1]
560 662 [0]
407 813 [3]
358 865 [1]
389 835 [0]
600 625 [0]
403 821 [2]
586 642 [0]
427 803 [0]
600 630 [0]
452 780 [0]
525 708 [0]
478 757 [0]
450 781 [7]
500 733 [5]
238 994 [7]
503 737 [2]
247 996 [0]
423 821 [0]
480 764 [0]
611 633 [0]
294 945 [5]
565 679 [1]
277 972 [0]
323 926 [0]
411 839 [0]
566 685 [0]
343 902 [6]
295 955 [2]
352 900 [0]
386 869 [0]
284 969 [2]
295 961 [0]
355 901 [0]
548 708 [0]
309 943 [5]
346 911 [0]
258 993 [7]
357 895 [7]
601 661 [0]
333 929 [0]
350 913 [0]
621 643 [0]
356 905 [3]
508 760 [0]
322 943 [5]
480 793 [1]
318 957 [0]
391 884 [0]
507 769 [0]
557 720 [0]
473 804 [0]
294 982 [1]
292 983 [4]
469 809 [1]
570 710 [0]
336 949 [0]
421 863 [1]
357 924 [7]
313 976 [0]
342 951 [0]
432 860 [3]
465 831 [0]
356 940 [1]
550 748 [0]
342 956 [1]
581 718 [1]
361 934 [5]
407 897 [0]
325 978 [1]
474 833 [0]
601 703 [3]
395 916 [0]
427 880 [5]
401 912 [0]
597 718 [0]
532 786 [0]
596 722 [0]
464 856 [0]
330 990 [2]
605 719 [0]
403 919 [4]
450 869 [7]
469 858 [0]
363 966 [0]
582 747 [0]
386 938 [6]
601 730 [0]
432 894 [5]
399 933 [0]
341 992 [1]
530 807 [1]
359 982 [0]
581 759 [1]
659 683 [0]
500 840 [5]
522 825 [0]
570 777 [0]
582 765 [2]
367 982 [2]
442 909 [1]
377 979 [0]
614 742 [0]
616 740 [0]
578 778 [0]
497 860 [0]
438 917 [2]
592 766 [0]
452 907 [0]
597 759 [3]
500 855 [5]
403 955 [2]
401 958 [3]
403 961 [0]
661 703 [0]
593 773 [0]
677 691 [0]
521 847 [0]
405 964 [0]
595 776 [0]
385 985 [1]
477 893 [5]
423 955 [0]
627 751 [0]
421 960 [0]
605 775 [1]
562 821 [0]
397 985 [1]
423 961 [0]
427 957 [0]
480 905 [0]
665 720 [0]
393 994 [0]
450 938 [2]
661 730 [1]
497 894 [1]
655 737 [0]
491 902 [0]
475 922 [0]
462 936 [0]
441 957 [0]
679 723 [0]
540 863 [0]
410 992 [1]
672 733 [0]
552 867 [0]
480 940 [1]
581 842 [0]
538 886 [0]
645 784 [0]
559 870 [0]
644 787 [0]
651 782 [0]
703 730 [0]
525 913 [0]
704 734 [0]
597 842 [3]
467 976 [0]
558 889 [0]
565 882 [1]
556 892 [2]
469 989 [0]
571 887 [0]
605 852 [2]
517 943 [0]
499 963 [0]
641 823 [0]
677 789 [0]
479 986 [1]
558 906 [2]
552 918 [2]
549 924 [0]
725 749 [0]
585 892 [0]
550 928 [2]
691 789 [0]
626 858 [0]
679 806 [1]
710 777 [0]
719 775 [0]
613 881 [0]
530 969 [2]
540 960 [0]
597 908 [0]
672 840 [0]
689 824 [0]
516 999 [0]
607 909 [0]
605 910 [2]
655 864 [1]
644 878 [0]
715 808 [0]
546 978 [0]
714 813 [0]
558 970 [0]
672 855 [2]
619 915 [0]
684 851 [0]
542 998 [0]
603 938 [0]
704 836 [1]
561 981 [0]
605 937 [2]
552 997 [4]
735 820 [0]
622 935 [0]
589 971 [0]
618 947 [0]
763 805 [0]
771 798 [0]
770 800 [0]
734 836 [0]
733 840 [0]
605 972 [0]
647 931 [0]
616 967 [1]
733 855 [2]
794 803 [0]
667 930 [0]
762 837 [0]
737 864 [0]
774 829 [0]
715 891 [0]
668 946 [0]
774 844 [0]
718 908 [0]
719 910 [0]
810 830 [0]
716 925 [0]
649 995 [0]
781 869 [0]
818 834 [0]
741 921 [0]
822 845 [0]
829 844 [0]
794 880 [0]
686 996 [0]
803 880 [0]
780 907 [0]
740 967 [0]
775 937 [0]
818 895 [1]
845 873 [0]
729 991 [0]
738 982 [0]
735 988 [2]
834 895 [0]
793 940 [0]
743 994 [0]
821 955 [0]
832 952 [0]
867 918 [0]
889 906 [0]
809 989 [0]
826 984 [0]
826 987 [1]
889 970 [0]
912 958 [0]
951 956 [0]
