32
3
3
4
30
21
5
12
7
22
19
14
28
8
0
13
11
6
15
26
16
1
29
31
27
18
20
23
2
9
24
17
10
25
0 5 [1]
2 10 [1]
5 8 [1]
1 15 [2]
6 11 [0]
5 13 [1]
8 11 [0]
9 12 [2]
6 16 [0]
8 14 [0]
8 12 [1]
5 17 [2]
11 13 [0]
9 14 [2]
4 21 [2]
1 25 [1]
10 17 [2]
11 16 [0]
11 15 [1]
8 20 [2]
4 24 [0]
2 28 [2]
15 16 [0]
1 29 [0]
14 16 [0]
10 21 [2]
9 23 [0]
6 27 [2]
14 19 [0]
4 30 [0]
13 21 [1]
16 19 [0]
7 28 [1]
10 24 [0]
6 29 [2]
8 27 [2]
11 27 [2]
18 20 [0]
12 24 [2]
12 27 [0]
13 26 [1]
17 24 [2]
20 23 [1]
18 27 [0]
21 25 [2]
19 28 [1]
16 30 [1]
19 31 [0]
23 28 [2]
20 31 [1]
20 30 [0]
21 30 [1]
23 30 [0]
25 29 [1]
22 31 [0]
23 31 [1]
25 31 [1]
27 31 [0]
