30
2
20
28
7
27
22
21
8
5
26
17
15
10
4
3
0
6
9
11
18
16
23
13
25
19
29
2
12
1
14
24
0 2 [0]
0 3 [0]
1 2 [1]
2 3 [0]
2 5 [0]
3 4 [0]
2 4 [0]
3 6 [1]
4 5 [1]
2 7 [0]
4 6 [1]
5 8 [1]
5 7 [1]
2 12 [0]
4 9 [1]
4 10 [1]
5 10 [0]
6 9 [1]
2 14 [1]
7 8 [1]
6 11 [0]
4 15 [1]
6 13 [0]
9 11 [0]
7 12 [0]
5 15 [1]
7 14 [0]
5 17 [1]
6 16 [0]
2 21 [0]
2 22 [0]
11 13 [1]
5 21 [0]
7 20 [1]
9 19 [1]
2 27 [0]
13 16 [0]
7 24 [0]
11 19 [1]
5 26 [1]
15 17 [0]
13 18 [1]
14 20 [1]
16 18 [1]
7 28 [0]
7 29 [1]
13 23 [0]
11 25 [1]
14 24 [1]
13 25 [1]
16 23 [0]
15 26 [0]
21 22 [0]
20 28 [1]
20 29 [1]
21 27 [1]
