1600
12
41
180
320
353
414
958
1287
1533
800
322
72
196
456
27
83
261
47
150
218
119
224
698
305
169
703
435
101
274
87
135
92
343
380
12
262
30
278
113
5
1312
156
171
515
133
256
277
102
387
129
533
276
713
1320
444
50
327
67
474
170
89
157
650
57
319
429
185
537
70
118
225
1224
104
215
0
95
76
582
212
201
100
249
34
64
989
254
684
547
62
49
452
138
38
8
705
177
16
146
65
402
231
241
1
541
791
9
403
672
121
202
356
287
501
136
128
798
819
405
273
390
203
404
638
592
74
73
660
71
518
337
340
33
21
335
187
93
60
26
48
913
195
897
386
182
167
219
505
357
281
44
538
385
11
24
227
7
107
397
66
333
142
449
754
634
299
497
925
332
35
140
271
55
600
108
953
79
751
725
618
36
510
247
744
378
577
6
973
164
68
144
374
293
85
192
664
303
149
616
159
115
525
173
870
461
147
90
570
80
205
393
289
110
455
88
763
105
181
655
158
132
42
52
408
175
680
111
106
640
486
653
148
373
410
709
434
997
1078
22
145
364
234
602
665
606
825
253
1044
103
1215
239
495
906
1020
409
920
282
344
272
342
459
513
371
860
527
325
530
130
1112
605
1140
552
835
396
535
206
1337
524
810
683
886
313
574
629
681
508
580
389
270
696
338
323
383
236
976
151
631
661
360
1049
485
339
938
2
624
359
186
770
450
1065
59
607
69
566
1486
18
394
1031
857
493
489
54
523
823
887
37
178
882
40
834
471
426
306
562
97
849
242
1103
127
295
641
1406
632
134
644
355
285
123
528
756
208
1246
480
900
659
1076
576
304
587
567
176
777
473
425
391
420
948
692
82
23
771
604
494
609
372
448
230
1141
500
399
685
788
31
1256
822
184
667
614
29
499
345
711
1093
520
112
1388
880
1009
56
346
243
194
300
392
697
122
1351
488
370
160
952
220
13
1165
879
891
469
936
828
296
1077
379
174
223
328
99
586
1245
191
1094
990
1314
216
908
623
710
779
972
1321
445
457
1115
719
682
889
347
481
1052
572
859
575
596
78
39
291
263
418
126
454
238
630
131
45
367
693
193
654
411
590
553
1380
384
75
686
255
314
28
804
1317
197
210
288
617
1155
496
837
63
316
540
563
267
283
862
246
143
1259
58
546
498
381
183
251
478
294
382
783
1110
421
1480
152
125
124
400
43
915
1041
1152
188
221
747
1308
264
179
730
1196
503
237
428
894
1176
460
841
375
416
1262
235
479
645
940
257
266
735
1192
286
162
847
960
543
312
1074
1540
1124
259
1132
213
824
1043
155
161
1485
526
809
812
109
565
1082
10
116
687
851
482
550
228
244
204
165
1010
803
1139
472
198
832
430
439
424
368
838
331
292
957
555
309
1437
1175
642
466
260
626
628
899
153
1304
1195
258
970
137
781
1451
1525
365
438
689
861
350
678
475
1002
695
816
189
302
4
1101
1012
1149
813
91
1219
1135
564
511
548
51
961
729
1120
963
284
775
1281
413
556
815
214
1193
1254
172
334
417
265
398
290
1242
981
1197
675
1418
951
1119
32
594
560
217
476
669
362
268
911
308
352
939
326
996
1180
1114
708
168
229
1005
1035
1204
1057
1154
1390
986
772
330
84
944
269
166
759
96
61
245
120
1018
622
1449
1220
477
621
1345
778
863
534
226
679
15
19
1189
733
1107
1113
869
969
728
643
613
1070
1272
1322
842
852
1022
864
1241
1117
748
561
888
714
433
830
752
817
491
1384
321
975
1042
843
718
1356
280
463
734
1001
608
571
1073
1264
1185
209
1479
919
467
854
1299
795
1335
1419
431
545
611
636
512
1004
1420
1015
462
875
1184
578
663
531
395
468
668
845
826
363
1432
549
1127
591
844
1521
699
649
867
207
750
514
1358
1025
366
222
412
406
865
423
907
516
1309
1257
297
317
792
77
369
785
760
1457
492
802
558
1248
1188
796
581
1338
704
1355
1379
377
1424
232
701
1460
1523
1130
743
671
419
635
3
965
738
1183
878
651
700
539
1329
1198
1258
732
1163
507
559
904
773
1067
946
1410
762
966
603
1297
532
652
1504
1330
757
551
248
1027
275
1148
1332
1453
749
896
677
985
1325
1422
876
1019
717
361
1391
856
673
1104
776
25
1199
94
348
1100
250
354
731
872
846
633
688
1170
1108
720
881
1143
1090
916
820
702
1572
199
1244
988
163
1118
1086
1590
233
1179
544
780
542
805
1136
978
1003
922
979
808
1459
707
1237
898
1099
1305
1098
1360
1585
86
1239
801
599
464
998
971
1594
774
994
1045
1400
569
1016
674
739
648
789
1318
676
836
1268
307
921
1134
1033
1534
1581
1171
529
14
114
1007
1111
1382
1491
910
1402
1577
1063
341
1106
1064
1365
933
1233
840
1203
1333
1263
1225
1597
200
557
487
1463
1286
716
758
982
432
619
765
504
536
853
1373
1293
401
932
1500
20
1456
490
1378
358
522
745
376
657
1006
992
484
1474
1137
987
1079
589
1227
746
1279
909
1051
1228
848
821
1501
46
315
442
1454
336
1381
827
1411
1524
53
901
190
1393
995
794
1307
1483
1519
1518
782
1438
1032
1235
318
427
1291
1339
407
724
1290
1121
1024
1131
1181
1030
139
877
1353
440
1444
1302
415
736
1217
884
453
883
727
1478
858
1208
949
1270
786
81
1222
1050
1564
912
885
955
1344
694
483
1231
1442
753
446
1153
1205
1151
942
1546
388
627
436
1266
1084
1569
1301
1075
1200
1446
1494
1316
1008
1517
931
1346
1210
893
831
1092
1473
637
1157
1186
1477
1284
1392
1232
1503
943
329
1147
1294
1547
1357
903
458
1252
1048
1269
1303
349
1334
1421
1216
1567
1506
871
950
868
806
1490
917
974
1105
993
892
1319
1047
98
465
579
1095
866
1122
1401
1298
1404
839
1046
769
573
1372
1538
1146
1439
1255
977
797
1011
422
1405
1561
1036
1511
1531
298
1194
593
1172
1177
1173
662
141
715
1212
1166
1370
1566
451
1565
502
923
1037
1487
1386
1413
1425
1579
554
1059
945
991
1116
742
929
927
818
595
1326
706
1088
519
1429
761
1435
1174
252
1080
584
1498
1549
764
890
956
1261
1276
1427
1313
874
1354
1445
1397
902
1071
1162
1347
833
1190
1598
1448
829
959
1058
1271
568
601
1426
1223
324
1513
1574
1097
1430
1516
962
1164
517
1580
598
1323
1062
1396
1530
240
610
1021
767
1341
1054
1352
506
967
1466
947
1280
1359
1452
1467
1340
1578
1508
1288
741
1133
1369
937
855
1394
1283
1055
1142
1544
1202
1443
470
926
1462
784
964
1522
1085
1484
740
1495
1550
1482
670
1247
612
984
1529
1249
980
1455
1374
1539
1026
1366
1221
924
1583
1563
1349
1398
1129
1492
1295
690
1562
1507
1289
1461
1450
1497
1362
799
588
1532
1434
1226
1367
1250
721
1213
1159
1331
154
1464
1029
1306
1573
351
1526
1109
1251
1465
787
1273
117
1541
1576
1441
722
211
723
1596
1182
1409
1168
1515
1158
1469
691
1277
1376
1407
1191
1552
1471
656
1556
1399
625
1234
1038
1559
441
1060
1327
17
1509
1275
1267
1599
766
1371
620
597
811
1336
301
1389
1496
1013
1238
1368
983
1403
1592
1476
1586
1377
1571
737
1584
509
968
1440
1145
1229
1207
1570
1415
1575
807
1527
1138
1160
1034
1428
1230
1296
1292
437
583
1588
1348
1040
1408
615
1560
1436
1593
1417
1240
793
1528
954
310
1537
918
1493
1557
1000
1328
1553
1568
1087
1416
1542
1510
666
521
1072
1472
1023
1282
1555
1209
1595
712
1028
1315
1274
585
1554
1150
1499
999
1187
1069
1551
1514
1260
1488
1364
941
1423
1300
1383
873
647
1096
1489
1169
1350
1278
755
1387
934
1363
1053
1061
914
1548
1091
1475
1361
1089
1481
1310
768
1589
1324
1128
1265
1536
658
1412
1211
1545
1206
1458
1582
1447
279
1433
1161
1431
1414
1014
1123
1102
1167
1201
1470
1125
1543
895
1512
1214
1081
1126
790
311
930
814
1017
1502
1311
850
928
1342
1156
1558
1520
1253
1068
1178
1218
1285
1385
1144
1587
1535
1243
1343
1056
447
1591
443
1083
726
905
935
1505
639
1039
1066
1395
1375
1468
646
1236
15 19 [0]
11 24 [0]
8 38 [0]
21 33 [0]
26 48 [0]
26 60 [0]
38 42 [9]
42 52 [0]
0 95 [0]
34 64 [0]
23 82 [0]
27 83 [0]
49 62 [0]
7 107 [0]
39 78 [0]
5 113 [0]
10 116 [0]
14 114 [0]
73 74 [0]
60 93 [0]
61 96 [0]
16 146 [0]
60 99 [8]
22 145 [0]
76 95 [0]
42 132 [0]
35 140 [0]
38 138 [0]
45 131 [0]
70 118 [0]
7 183 [1]
16 177 [0]
47 150 [0]
65 146 [0]
68 144 [0]
0 215 [0]
37 178 [0]
106 111 [0]
87 135 [0]
38 175 [11]
92 135 [0]
16 208 [4]
68 164 [0]
13 220 [0]
7 227 [0]
90 147 [0]
96 135 [10]
1 241 [0]
4 241 [1]
89 157 [0]
124 125 [0]
24 227 [0]
89 170 [0]
128 136 [0]
72 196 [0]
26 246 [1]
12 262 [0]
115 159 [0]
125 152 [0]
85 192 [0]
93 187 [0]
34 249 [0]
80 205 [0]
137 147 [2]
132 158 [0]
12 279 [1]
30 262 [0]
27 273 [1]
100 201 [0]
4 302 [0]
61 245 [0]
47 261 [0]
30 278 [0]
155 161 [0]
38 268 [10]
104 215 [0]
121 202 [0]
44 281 [0]
24 291 [10]
55 271 [0]
132 184 [10]
156 171 [0]
113 211 [3]
39 291 [0]
79 241 [11]
47 286 [1]
15 321 [1]
119 218 [0]
28 314 [0]
118 225 [0]
119 224 [0]
83 261 [0]
167 182 [0]
100 249 [0]
21 335 [0]
111 248 [1]
46 315 [0]
87 274 [0]
120 245 [0]
35 332 [0]
150 218 [0]
95 273 [1]
165 204 [0]
33 340 [0]
101 274 [0]
57 319 [0]
50 327 [0]
85 293 [0]
63 316 [0]
102 277 [0]
167 219 [0]
62 318 [7]
133 256 [0]
143 246 [0]
100 286 [4]
113 278 [0]
12 380 [0]
89 301 [3]
67 327 [0]
72 322 [0]
11 385 [0]
168 229 [0]
174 223 [0]
66 333 [0]
110 289 [0]
93 308 [1]
56 346 [0]
183 220 [1]
156 239 [9]
197 210 [0]
123 285 [0]
188 221 [0]
140 271 [0]
9 403 [0]
18 394 [0]
87 325 [1]
45 367 [0]
201 212 [0]
84 330 [0]
131 285 [1]
127 295 [0]
72 348 [2]
133 282 [9]
72 350 [4]
99 328 [0]
60 357 [11]
11 417 [2]
101 321 [10]
183 251 [0]
92 343 [0]
166 269 [0]
194 243 [0]
94 348 [0]
43 400 [0]
179 264 [0]
77 369 [0]
80 359 [7]
162 286 [0]
204 244 [0]
223 227 [1]
159 292 [1]
149 303 [0]
187 259 [10]
186 262 [9]
136 315 [7]
75 384 [0]
52 408 [0]
66 397 [0]
184 271 [8]
158 296 [10]
134 327 [4]
216 241 [8]
70 392 [4]
65 402 [0]
113 351 [3]
46 422 [1]
57 412 [2]
231 241 [0]
228 244 [0]
169 305 [0]
142 333 [0]
52 431 [1]
27 456 [0]
85 396 [4]
102 387 [0]
197 293 [1]
30 461 [1]
189 302 [0]
194 300 [0]
50 444 [0]
9 476 [10]
210 288 [0]
49 452 [0]
107 397 [0]
172 334 [0]
57 439 [10]
11 497 [0]
33 476 [1]
145 364 [0]
136 375 [1]
87 426 [1]
56 458 [1]
129 387 [0]
164 345 [8]
144 374 [0]
0 516 [2]
148 373 [0]
187 335 [0]
257 266 [0]
124 400 [0]
18 507 [1]
29 499 [0]
160 370 [0]
30 502 [1]
83 449 [1]
164 369 [1]
256 277 [0]
101 435 [0]
138 399 [1]
151 380 [9]
182 357 [0]
67 474 [0]
1 541 [0]
54 489 [0]
88 455 [0]
14 529 [0]
126 418 [0]
186 359 [0]
18 528 [1]
27 518 [1]
36 510 [0]
267 283 [0]
156 386 [9]
223 328 [0]
174 379 [0]
170 384 [1]
263 291 [0]
201 357 [1]
202 356 [0]
269 289 [1]
98 465 [0]
183 381 [0]
152 406 [6]
110 455 [0]
62 500 [4]
93 475 [1]
182 386 [0]
255 314 [0]
54 523 [0]
126 454 [0]
136 444 [1]
241 341 [1]
44 538 [0]
6 577 [0]
175 408 [0]
21 561 [2]
222 366 [0]
71 518 [0]
243 346 [0]
138 452 [0]
49 541 [0]
142 449 [0]
203 390 [0]
205 393 [0]
234 364 [0]
51 548 [0]
71 528 [1]
49 543 [8]
211 379 [11]
35 565 [2]
268 328 [7]
58 546 [0]
250 354 [0]
9 598 [1]
70 537 [0]
203 404 [0]
16 587 [4]
167 430 [10]
147 461 [0]
62 547 [0]
211 400 [1]
232 380 [1]
277 335 [1]
185 429 [0]
272 342 [0]
297 317 [0]
272 344 [0]
215 393 [11]
236 383 [0]
104 514 [2]
292 331 [0]
2 624 [0]
32 594 [0]
282 344 [0]
15 612 [1]
11 609 [8]
10 613 [6]
83 547 [1]
268 362 [0]
245 384 [1]
112 520 [0]
231 402 [0]
222 412 [0]
18 613 [3]
69 566 [0]
136 501 [0]
3 635 [0]
281 357 [0]
27 600 [11]
52 580 [7]
218 422 [1]
285 355 [0]
115 525 [0]
69 573 [1]
83 559 [1]
177 455 [11]
287 356 [0]
29 614 [0]
308 328 [7]
170 474 [0]
202 444 [1]
250 390 [7]
22 626 [1]
85 553 [10]
133 515 [0]
80 570 [0]
68 572 [10]
295 356 [1]
123 528 [0]
217 435 [1]
196 456 [0]
36 618 [0]
55 600 [0]
289 356 [11]
76 582 [0]
97 562 [0]
270 389 [0]
130 530 [0]
261 399 [1]
308 352 [0]
90 570 [0]
323 338 [0]
129 533 [0]
273 390 [0]
237 428 [0]
104 552 [9]
59 607 [0]
74 592 [0]
66 590 [10]
293 374 [0]
227 438 [2]
198 472 [0]
255 407 [11]
78 584 [11]
119 547 [8]
78 596 [0]
109 565 [0]
69 607 [0]
22 651 [3]
294 382 [0]
202 470 [5]
337 340 [0]
230 448 [0]
273 405 [0]
263 418 [0]
289 393 [0]
265 417 [0]
305 370 [8]
99 586 [0]
171 515 [0]
24 653 [9]
290 398 [0]
223 455 [10]
164 525 [0]
325 357 [9]
238 454 [0]
300 392 [0]
217 476 [0]
15 679 [0]
305 390 [1]
129 563 [4]
173 525 [0]
87 602 [11]
71 631 [1]
285 419 [1]
323 383 [0]
57 650 [0]
108 600 [0]
272 433 [3]
21 678 [10]
82 621 [7]
63 637 [11]
112 600 [1]
8 705 [0]
168 545 [1]
59 644 [10]
235 479 [0]
337 377 [1]
164 551 [1]
185 537 [0]
343 380 [0]
219 505 [0]
260 466 [0]
121 606 [0]
105 618 [4]
7 722 [1]
251 478 [0]
274 456 [0]
71 660 [0]
15 712 [4]
306 426 [0]
73 660 [0]
141 592 [1]
239 495 [0]
185 542 [7]
126 603 [6]
322 412 [2]
30 701 [7]
212 521 [5]
57 682 [1]
237 502 [1]
237 503 [0]
220 509 [11]
206 535 [0]
176 567 [0]
280 463 [0]
337 399 [8]
285 460 [1]
318 427 [0]
182 553 [10]
106 640 [0]
319 429 [0]
362 388 [1]
80 663 [7]
334 417 [0]
126 626 [3]
217 539 [1]
338 418 [1]
247 510 [0]
362 393 [2]
315 442 [0]
170 577 [11]
273 483 [3]
123 635 [1]
226 534 [0]
203 554 [3]
131 630 [0]
278 483 [1]
75 686 [0]
87 674 [2]
65 689 [10]
119 636 [10]
149 616 [0]
134 632 [0]
142 622 [2]
47 720 [1]
368 390 [10]
314 456 [1]
335 435 [1]
52 720 [1]
294 478 [0]
82 692 [0]
159 616 [0]
323 443 [9]
7 768 [1]
183 585 [8]
171 603 [2]
217 560 [0]
94 674 [9]
228 550 [0]
134 644 [0]
110 658 [11]
37 743 [1]
289 481 [10]
151 631 [0]
373 410 [0]
264 520 [1]
232 547 [7]
203 574 [9]
92 696 [1]
196 585 [7]
307 474 [7]
11 775 [2]
287 501 [0]
135 652 [2]
111 680 [0]
375 416 [0]
138 651 [2]
368 424 [0]
121 672 [0]
280 514 [1]
23 771 [0]
212 582 [0]
340 450 [4]
299 497 [0]
0 790 [6]
287 510 [0]
373 424 [1]
85 712 [1]
171 623 [4]
278 517 [3]
148 648 [3]
248 551 [0]
9 791 [0]
342 459 [0]
25 776 [0]
148 653 [0]
365 438 [0]
116 687 [0]
141 662 [0]
69 728 [7]
151 651 [3]
237 567 [2]
157 650 [0]
146 654 [8]
276 533 [0]
281 529 [1]
391 420 [0]
332 481 [1]
158 655 [0]
196 610 [7]
398 417 [0]
69 745 [1]
391 425 [0]
131 687 [1]
157 661 [1]
406 412 [0]
135 684 [1]
74 735 [10]
31 788 [0]
122 697 [0]
354 466 [1]
372 448 [0]
172 649 [1]
164 658 [1]
268 548 [6]
182 633 [7]
123 697 [3]
66 750 [7]
66 747 [10]
339 485 [0]
323 503 [1]
107 721 [1]
347 481 [0]
267 563 [0]
249 570 [11]
79 751 [0]
197 626 [7]
28 804 [0]
0 824 [10]
56 772 [7]
234 602 [0]
181 655 [0]
338 492 [7]
72 758 [7]
183 655 [2]
140 692 [8]
332 506 [5]
345 499 [0]
63 784 [1]
193 654 [0]
205 637 [5]
327 521 [1]
344 504 [1]
123 718 [7]
240 610 [0]
393 457 [1]
9 842 [1]
184 667 [0]
90 758 [3]
88 763 [0]
314 535 [2]
325 527 [0]
136 717 [1]
187 666 [1]
190 660 [3]
408 442 [3]
335 510 [9]
175 680 [0]
337 518 [0]
312 543 [0]
325 530 [0]
96 759 [0]
316 540 [0]
192 664 [0]
141 715 [0]
277 576 [4]
370 488 [0]
201 658 [1]
147 709 [4]
1 860 [0]
177 677 [7]
75 787 [1]
357 505 [0]
395 468 [0]
424 439 [0]
309 555 [0]
59 799 [6]
311 555 [1]
159 697 [10]
66 797 [3]
81 786 [0]
124 743 [1]
238 630 [0]
105 763 [0]
135 734 [1]
430 439 [0]
99 764 [6]
333 526 [10]
233 630 [6]
77 792 [0]
73 794 [3]
135 736 [1]
169 703 [0]
102 766 [5]
263 600 [10]
40 834 [0]
11 861 [2]
168 708 [0]
359 512 [7]
381 498 [0]
304 576 [0]
358 522 [0]
365 516 [1]
134 742 [6]
80 795 [7]
177 705 [0]
10 874 [1]
371 513 [0]
193 693 [0]
260 626 [0]
29 858 [1]
232 655 [1]
234 653 [0]
313 574 [0]
192 691 [6]
185 705 [1]
221 660 [10]
304 587 [0]
115 773 [3]
293 593 [5]
187 695 [10]
47 839 [7]
193 701 [1]
56 837 [2]
26 867 [2]
426 471 [0]
425 473 [0]
399 500 [0]
263 635 [1]
63 837 [0]
27 868 [7]
445 457 [0]
91 813 [0]
271 633 [1]
226 679 [0]
288 617 [0]
249 658 [1]
36 866 [5]
179 730 [0]
361 548 [1]
102 798 [9]
272 636 [3]
433 471 [7]
259 655 [2]
149 765 [3]
137 781 [0]
386 528 [4]
109 812 [0]
241 681 [1]
224 698 [0]
40 882 [0]
385 538 [0]
79 842 [2]
37 887 [0]
147 774 [3]
303 614 [8]
52 868 [5]
38 879 [8]
166 759 [0]
119 807 [1]
395 531 [0]
128 798 [0]
148 771 [8]
124 805 [1]
347 582 [1]
212 712 [5]
222 705 [2]
196 734 [1]
396 535 [0]
232 701 [0]
211 722 [0]
299 634 [0]
46 890 [1]
293 643 [1]
167 764 [5]
295 641 [0]
254 684 [0]
131 804 [3]
238 699 [1]
113 815 [10]
2 938 [0]
255 686 [0]
33 907 [2]
194 749 [1]
140 796 [7]
181 763 [0]
249 695 [1]
347 598 [1]
323 618 [4]
83 863 [1]
97 849 [0]
422 525 [1]
455 494 [1]
461 489 [0]
411 530 [10]
45 901 [6]
397 546 [10]
176 777 [0]
53 901 [0]
378 577 [0]
186 770 [0]
207 750 [0]
43 915 [0]
48 913 [0]
428 530 [3]
10 946 [5]
452 507 [2]
397 562 [4]
208 756 [0]
270 696 [0]
303 664 [0]
221 747 [0]
3 965 [0]
413 556 [0]
389 580 [0]
310 660 [1]
87 879 [4]
24 943 [3]
294 671 [6]
151 821 [1]
459 513 [0]
454 511 [7]
10 961 [1]
342 631 [1]
176 796 [1]
356 609 [8]
333 639 [1]
128 844 [2]
334 633 [8]
431 545 [0]
459 518 [0]
72 904 [2]
6 973 [0]
186 787 [6]
386 586 [8]
333 644 [4]
372 609 [0]
489 493 [0]
274 709 [1]
362 612 [9]
359 624 [0]
238 746 [1]
131 848 [5]
48 935 [1]
118 865 [2]
43 934 [9]
357 627 [3]
375 609 [3]
100 888 [1]
43 944 [1]
426 562 [0]
276 713 [0]
94 892 [4]
273 712 [6]
247 744 [0]
85 907 [1]
148 845 [1]
174 816 [3]
445 542 [6]
134 850 [9]
393 601 [1]
433 562 [1]
59 931 [5]
67 919 [10]
68 923 [5]
489 504 [5]
149 847 [2]
468 527 [3]
355 644 [0]
193 804 [3]
266 735 [0]
49 948 [4]
411 590 [0]
337 661 [4]
62 937 [3]
305 698 [0]
189 816 [0]
188 818 [1]
184 822 [0]
138 867 [2]
385 621 [2]
162 847 [0]
277 726 [6]
79 931 [1]
255 747 [9]
44 968 [1]
51 961 [0]
75 938 [1]
411 599 [5]
241 775 [1]
505 506 [5]
405 600 [11]
179 829 [8]
139 877 [0]
435 584 [1]
142 875 [2]
23 992 [5]
360 661 [0]
101 922 [1]
432 592 [1]
93 929 [3]
186 837 [3]
164 861 [2]
12 1008 [7]
350 678 [0]
437 580 [11]
387 632 [9]
84 944 [0]
214 815 [0]
342 680 [7]
198 832 [0]
237 782 [11]
362 669 [0]
79 953 [0]
227 803 [2]
179 854 [1]
387 646 [0]
376 657 [0]
63 971 [1]
338 696 [0]
175 860 [0]
517 518 [1]
169 862 [4]
485 551 [1]
213 824 [0]
359 679 [1]
151 888 [1]
168 871 [1]
471 568 [1]
149 891 [1]
499 543 [1]
404 638 [0]
196 844 [2]
335 700 [7]
173 870 [0]
201 843 [1]
498 546 [0]
80 959 [5]
487 557 [0]
465 579 [0]
68 974 [3]
92 944 [10]
196 853 [1]
133 906 [11]
432 619 [0]
87 965 [1]
219 833 [1]
257 787 [8]
153 899 [0]
64 989 [0]
92 955 [7]
419 635 [0]
345 711 [0]
474 583 [1]
478 579 [1]
439 610 [8]
505 553 [1]
284 775 [0]
511 548 [0]
178 882 [0]
367 693 [0]
108 953 [0]
359 702 [1]
447 607 [9]
436 627 [0]
121 938 [4]
464 599 [0]
137 927 [1]
45 1018 [1]
256 804 [4]
411 654 [0]
56 1009 [0]
370 693 [2]
507 559 [0]
346 715 [6]
379 688 [1]
234 837 [1]
60 1002 [10]
8 1062 [3]
207 867 [0]
135 940 [1]
403 672 [0]
511 564 [0]
418 658 [1]
123 952 [3]
361 717 [0]
389 688 [1]
253 825 [0]
267 812 [1]
44 1032 [3]
34 1041 [4]
80 1000 [1]
192 888 [1]
32 1051 [1]
18 1056 [9]
280 802 [1]
399 685 [0]
23 1055 [6]
354 731 [0]
356 729 [1]
7 1079 [1]
231 848 [7]
325 759 [3]
356 724 [7]
134 947 [6]
6 1081 [1]
297 792 [0]
392 697 [0]
474 612 [3]
419 671 [0]
242 849 [0]
190 901 [0]
195 897 [0]
10 1082 [0]
455 631 [7]
121 968 [5]
162 928 [4]
118 978 [1]
477 621 [0]
494 604 [0]
510 581 [7]
22 1078 [0]
330 772 [0]
494 609 [0]
540 563 [0]
287 811 [5]
342 763 [0]
4 1101 [0]
137 970 [0]
316 791 [1]
246 862 [0]
466 642 [0]
195 913 [0]
350 755 [4]
542 560 [8]
215 886 [9]
160 952 [0]
164 943 [5]
501 600 [11]
39 1062 [11]
68 1046 [1]
45 1070 [1]
410 705 [1]
92 1026 [1]
410 709 [0]
101 1011 [7]
376 745 [0]
295 821 [5]
114 1007 [0]
322 800 [0]
378 744 [0]
367 749 [6]
296 828 [0]
479 645 [0]
314 799 [11]
59 1065 [0]
216 908 [0]
109 1017 [1]
486 640 [0]
198 917 [11]
151 976 [0]
438 689 [0]
164 953 [10]
399 724 [5]
518 611 [1]
129 1001 [1]
10 1119 [1]
407 724 [0]
107 1025 [1]
80 1047 [5]
132 990 [10]
333 800 [1]
322 812 [1]
501 633 [1]
128 997 [9]
251 884 [1]
188 940 [7]
106 1030 [1]
515 617 [4]
468 668 [0]
430 701 [5]
164 973 [0]
450 680 [7]
435 703 [0]
164 971 [3]
120 1018 [0]
160 979 [1]
486 653 [0]
380 750 [10]
473 656 [11]
99 1041 [2]
76 1061 [5]
42 1101 [1]
434 709 [0]
553 590 [0]
114 1030 [1]
6 1133 [5]
239 906 [0]
283 862 [0]
98 1047 [0]
398 739 [8]
476 669 [0]
81 1065 [1]
385 758 [3]
177 964 [5]
452 686 [8]
157 982 [7]
6 1141 [1]
433 714 [0]
103 1044 [0]
205 940 [2]
512 636 [0]
185 960 [4]
393 753 [3]
454 696 [1]
27 1124 [1]
163 988 [0]
32 1119 [0]
415 736 [0]
499 653 [1]
412 738 [3]
475 678 [0]
567 587 [0]
560 594 [0]
369 785 [0]
545 611 [0]
323 830 [3]
203 954 [1]
507 650 [2]
303 857 [1]
318 837 [5]
430 724 [8]
239 926 [1]
382 783 [0]
500 667 [0]
273 895 [1]
331 838 [0]
568 601 [0]
247 917 [5]
139 1030 [0]
527 643 [1]
261 900 [9]
328 837 [5]
226 945 [1]
124 1036 [11]
459 710 [2]
575 596 [0]
220 952 [0]
370 803 [1]
425 747 [2]
79 1092 [3]
165 1010 [0]
546 620 [9]
126 1040 [9]
381 784 [11]
455 714 [7]
402 775 [1]
483 694 [0]
444 734 [1]
13 1165 [0]
356 812 [10]
249 926 [3]
382 795 [1]
571 608 [0]
268 911 [0]
33 1142 [5]
49 1125 [6]
433 744 [7]
532 652 [0]
16 1165 [4]
172 1014 [1]
390 788 [8]
395 782 [9]
66 1121 [1]
364 823 [1]
521 666 [0]
359 829 [1]
363 826 [0]
508 681 [0]
378 809 [2]
327 859 [4]
3 1186 [4]
192 1000 [1]
531 663 [0]
38 1150 [6]
431 761 [4]
234 963 [1]
257 940 [0]
485 703 [9]
463 734 [0]
155 1043 [0]
293 906 [0]
313 886 [0]
446 753 [0]
106 1094 [1]
384 807 [9]
504 692 [5]
493 707 [1]
378 818 [5]
343 856 [2]
337 865 [1]
390 805 [7]
282 920 [0]
449 754 [0]
574 629 [0]
390 803 [10]
92 1103 [9]
71 1131 [3]
368 838 [0]
530 670 [6]
104 1095 [7]
355 845 [7]
19 1189 [0]
183 1026 [1]
479 729 [1]
146 1064 [1]
148 1062 [1]
350 861 [0]
430 776 [5]
236 976 [0]
385 820 [7]
269 944 [0]
551 661 [1]
178 1030 [5]
45 1169 [1]
578 636 [1]
169 1041 [4]
121 1094 [1]
313 899 [3]
430 780 [5]
140 1076 [1]
375 841 [0]
171 1046 [1]
597 620 [0]
179 1032 [6]
308 911 [0]
450 770 [0]
283 938 [1]
468 753 [1]
179 1034 [8]
128 1087 [6]
469 744 [8]
45 1166 [11]
201 1022 [1]
196 1021 [7]
405 819 [0]
25 1199 [0]
598 627 [1]
562 655 [8]
113 1113 [1]
547 669 [10]
187 1039 [1]
258 970 [0]
307 921 [0]
431 797 [1]
151 1068 [9]
246 978 [5]
0 1222 [7]
383 843 [3]
127 1103 [0]
198 1032 [1]
592 638 [0]
547 684 [0]
254 977 [1]
371 860 [0]
228 1002 [1]
396 835 [0]
36 1193 [2]
498 733 [1]
402 831 [1]
537 696 [1]
229 1005 [0]
568 661 [6]
219 1017 [1]
370 866 [0]
425 811 [0]
347 889 [0]
126 1102 [9]
347 884 [6]
378 855 [5]
539 700 [0]
578 663 [0]
162 1078 [2]
130 1112 [0]
389 854 [0]
254 989 [0]
158 1086 [0]
65 1177 [3]
38 1201 [6]
277 966 [2]
501 745 [0]
611 636 [0]
284 963 [0]
47 1202 [0]
292 957 [0]
158 1092 [0]
473 777 [0]
61 1184 [5]
537 715 [0]
121 1130 [2]
171 1083 [0]
626 628 [0]
48 1199 [7]
613 643 [0]
36 1217 [3]
308 944 [5]
332 925 [0]
46 1212 [0]
293 965 [0]
137 1122 [0]
197 1063 [0]
590 669 [1]
15 1235 [11]
580 681 [0]
241 1010 [10]
340 922 [0]
474 788 [0]
599 657 [6]
430 832 [0]
304 951 [7]
567 685 [10]
238 1017 [8]
433 830 [0]
302 950 [11]
514 750 [0]
365 895 [4]
310 954 [0]
101 1164 [0]
599 666 [0]
326 939 [0]
522 745 [0]
602 665 [0]
181 1077 [10]
504 765 [0]
580 689 [0]
606 665 [0]
406 865 [0]
329 943 [0]
562 710 [0]
356 909 [7]
472 801 [0]
607 667 [0]
591 680 [3]
300 975 [0]
547 728 [0]
18 1251 [6]
390 886 [0]
446 825 [5]
339 938 [0]
444 834 [0]
163 1118 [0]
289 992 [0]
614 667 [0]
479 803 [0]
386 897 [0]
528 756 [0]
499 783 [2]
113 1168 [3]
359 926 [0]
389 890 [6]
191 1094 [0]
150 1134 [2]
29 1258 [0]
633 654 [0]
203 1074 [10]
31 1256 [0]
423 865 [0]
15 1274 [0]
512 777 [0]
533 756 [0]
314 964 [11]
472 814 [4]
144 1143 [3]
344 945 [1]
352 939 [0]
555 737 [0]
631 661 [0]
223 1070 [0]
92 1194 [7]
94 1199 [0]
492 802 [0]
630 665 [0]
99 1187 [9]
321 975 [0]
253 1044 [0]
366 932 [0]
593 698 [7]
201 1090 [7]
338 961 [0]
57 1235 [7]
256 1036 [7]
24 1274 [1]
124 1168 [8]
460 841 [0]
498 803 [0]
536 765 [0]
227 1067 [7]
275 1027 [0]
149 1154 [0]
81 1222 [0]
42 1259 [2]
254 1051 [0]
515 790 [0]
471 834 [0]
576 731 [0]
537 767 [3]
551 757 [0]
141 1166 [1]
491 817 [0]
95 1209 [5]
561 748 [0]
72 1236 [0]
380 926 [3]
91 1219 [0]
629 681 [0]
503 808 [0]
568 741 [2]
148 1162 [5]
62 1245 [8]
59 1252 [5]
5 1312 [0]
58 1259 [0]
87 1224 [6]
551 763 [3]
103 1215 [0]
577 739 [3]
431 889 [0]
295 1018 [7]
186 1135 [0]
627 694 [0]
467 854 [0]
428 894 [0]
542 780 [0]
511 807 [4]
655 659 [8]
632 691 [0]
544 780 [0]
86 1239 [0]
498 826 [1]
73 1253 [0]
500 826 [0]
623 703 [0]
287 1036 [3]
400 922 [5]
104 1224 [0]
346 975 [7]
479 844 [6]
409 920 [0]
423 907 [0]
60 1271 [0]
461 870 [0]
224 1102 [5]
60 1272 [0]
252 1080 [0]
471 854 [7]
541 791 [0]
542 791 [0]
401 932 [0]
629 704 [0]
496 837 [0]
231 1094 [8]
229 1095 [9]
482 851 [0]
507 819 [7]
524 810 [0]
228 1102 [4]
632 703 [0]
526 809 [0]
337 995 [3]
71 1254 [10]
33 1303 [0]
453 883 [0]
106 1229 [1]
5 1322 [10]
453 884 [0]
462 875 [0]
228 1104 [5]
42 1291 [5]
40 1299 [0]
218 1121 [0]
188 1152 [0]
132 1205 [3]
287 1049 [4]
281 1055 [5]
573 769 [0]
247 1092 [3]
464 867 [11]
369 964 [10]
618 725 [0]
177 1167 [0]
543 791 [10]
17 1327 [0]
671 674 [0]
213 1132 [0]
403 937 [5]
1 1341 [3]
242 1103 [0]
343 1000 [3]
523 823 [0]
542 805 [0]
488 852 [7]
535 810 [2]
66 1282 [0]
600 748 [0]
649 699 [0]
634 703 [11]
93 1252 [3]
6 1343 [0]
382 967 [0]
493 857 [0]
503 847 [0]
34 1310 [6]
175 1165 [10]
250 1100 [0]
390 954 [6]
500 843 [7]
464 887 [0]
391 957 [3]
451 897 [3]
2 1344 [5]
182 1164 [5]
14 1336 [2]
129 1221 [3]
473 874 [6]
667 688 [0]
100 1250 [5]
86 1261 [10]
600 758 [0]
334 1019 [5]
469 891 [0]
558 802 [0]
375 986 [0]
458 903 [0]
132 1229 [1]
550 813 [0]
430 930 [4]
313 1052 [0]
5 1354 [7]
410 948 [8]
137 1219 [11]
335 1033 [0]
420 948 [0]
321 1050 [0]
643 728 [0]
230 1141 [0]
556 815 [0]
333 1034 [6]
296 1077 [0]
418 950 [6]
467 907 [1]
604 771 [0]
147 1225 [3]
390 978 [7]
666 699 [10]
671 705 [0]
476 901 [0]
581 796 [0]
327 1051 [0]
484 889 [5]
596 776 [6]
39 1338 [1]
643 736 [0]
480 900 [6]
187 1187 [6]
439 938 [3]
619 750 [11]
273 1103 [4]
376 1006 [0]
125 1253 [4]
640 743 [0]
259 1124 [0]
90 1292 [1]
391 993 [0]
619 765 [0]
117 1259 [8]
140 1239 [7]
166 1220 [0]
312 1074 [0]
467 919 [0]
486 900 [0]
608 768 [10]
152 1223 [11]
590 795 [1]
588 799 [0]
648 739 [0]
54 1332 [1]
552 835 [0]
527 860 [0]
634 754 [0]
561 828 [0]
34 1351 [4]
593 792 [4]
536 853 [0]
1 1389 [0]
117 1273 [0]
383 1007 [0]
506 884 [0]
49 1336 [5]
366 1025 [0]
259 1132 [0]
215 1177 [0]
576 817 [0]
114 1277 [2]
209 1185 [0]
465 929 [0]
519 870 [5]
561 834 [0]
9 1387 [0]
470 926 [0]
378 1017 [1]
288 1101 [7]
63 1323 [11]
534 863 [0]
543 850 [4]
212 1175 [10]
418 980 [0]
609 784 [6]
392 1001 [7]
599 801 [0]
550 851 [0]
682 719 [0]
332 1065 [4]
647 754 [1]
143 1259 [0]
195 1202 [5]
341 1063 [0]
469 936 [0]
130 1265 [11]
214 1193 [0]
179 1230 [0]
78 1330 [1]
360 1049 [0]
162 1238 [9]
650 757 [2]
130 1275 [6]
238 1162 [11]
233 1179 [0]
192 1217 [3]
216 1197 [0]
420 989 [4]
595 818 [0]
97 1317 [0]
432 982 [0]
558 849 [7]
671 743 [0]
34 1375 [6]
387 1020 [9]
374 1043 [0]
260 1146 [11]
166 1244 [8]
489 923 [6]
376 1040 [2]
671 748 [0]
400 1008 [11]
193 1218 [8]
205 1215 [0]
626 790 [4]
284 1129 [9]
497 925 [0]
518 901 [3]
159 1256 [8]
275 1148 [0]
516 907 [0]
224 1189 [10]
11 1413 [0]
129 1295 [0]
517 907 [0]
394 1031 [0]
502 923 [0]
172 1254 [0]
252 1174 [0]
618 809 [0]
31 1393 [5]
409 1020 [0]
511 919 [0]
35 1389 [6]
606 825 [0]
572 859 [0]
663 764 [4]
618 814 [0]
698 727 [7]
422 1011 [0]
575 859 [0]
591 844 [0]
314 1116 [6]
191 1245 [0]
280 1157 [0]
648 789 [0]
630 808 [0]
681 757 [0]
524 905 [9]
647 792 [0]
323 1117 [0]
150 1291 [0]
199 1244 [0]
425 1018 [0]
538 905 [0]
391 1044 [8]
345 1089 [9]
0 1444 [0]
127 1314 [3]
546 893 [6]
323 1119 [3]
594 852 [0]
360 1080 [6]
619 822 [5]
575 872 [0]
348 1100 [0]
293 1156 [0]
152 1289 [8]
561 888 [0]
225 1224 [0]
537 908 [4]
292 1146 [11]
93 1352 [5]
66 1387 [0]
258 1195 [0]
567 886 [0]
97 1357 [0]
208 1246 [0]
239 1215 [0]
226 1217 [11]
158 1293 [3]
467 988 [0]
547 901 [7]
42 1410 [3]
241 1204 [10]
115 1341 [0]
360 1096 [0]
379 1077 [0]
165 1292 [0]
153 1304 [0]
461 991 [5]
266 1192 [0]
78 1379 [1]
160 1299 [0]
220 1239 [0]
59 1394 [6]
408 1048 [5]
65 1395 [0]
464 998 [0]
230 1221 [11]
559 904 [0]
608 855 [0]
33 1427 [3]
530 934 [0]
699 761 [4]
653 813 [0]
245 1211 [10]
478 980 [8]
104 1363 [0]
385 1082 [0]
538 928 [1]
113 1352 [3]
156 1312 [0]
476 993 [0]
214 1254 [1]
28 1442 [0]
54 1411 [5]
385 1087 [0]
101 1368 [3]
506 967 [0]
12 1459 [2]
122 1351 [0]
685 788 [0]
134 1340 [0]
716 758 [0]
15 1455 [4]
337 1130 [7]
381 1087 [8]
452 1021 [3]
725 751 [0]
20 1456 [0]
195 1275 [6]
484 992 [0]
329 1147 [0]
475 1002 [0]
28 1441 [8]
462 1015 [0]
274 1204 [0]
286 1192 [0]
633 846 [0]
307 1171 [1]
499 981 [0]
389 1083 [9]
101 1373 [7]
430 1045 [8]
732 743 [8]
238 1245 [2]
154 1331 [0]
413 1067 [5]
119 1356 [10]
288 1198 [0]
325 1162 [0]
523 964 [0]
399 1084 [5]
500 981 [7]
710 779 [0]
473 1016 [1]
74 1413 [3]
7 1484 [0]
185 1306 [0]
452 1033 [7]
72 1413 [7]
44 1446 [3]
602 890 [1]
392 1100 [1]
683 810 [0]
403 1091 [0]
480 1014 [0]
568 926 [0]
387 1108 [0]
42 1451 [2]
327 1165 [4]
66 1425 [5]
235 1262 [0]
403 1095 [0]
503 995 [0]
70 1425 [3]
129 1366 [3]
36 1463 [0]
357 1132 [10]
478 1013 [8]
548 946 [5]
112 1388 [0]
486 1015 [0]
616 878 [7]
243 1247 [11]
346 1151 [5]
58 1438 [6]
102 1397 [3]
402 1097 [3]
447 1044 [11]
543 960 [0]
18 1486 [0]
24 1482 [0]
259 1238 [9]
118 1380 [8]
520 976 [10]
541 962 [3]
123 1384 [0]
217 1290 [0]
428 1080 [0]
127 1383 [0]
239 1260 [11]
157 1346 [7]
141 1370 [0]
695 816 [0]
250 1262 [0]
676 836 [0]
160 1346 [6]
57 1453 [2]
555 957 [0]
668 845 [0]
197 1317 [0]
379 1126 [9]
450 1065 [0]
567 938 [10]
649 867 [0]
497 1016 [3]
512 1004 [0]
357 1160 [0]
424 1085 [8]
503 1015 [0]
685 833 [0]
739 769 [10]
173 1346 [0]
578 941 [0]
642 866 [11]
20 1500 [0]
128 1390 [2]
340 1177 [3]
274 1244 [2]
111 1405 [5]
673 849 [0]
702 820 [0]
426 1092 [5]
356 1168 [0]
92 1425 [7]
433 1092 [0]
410 1116 [0]
274 1249 [3]
715 801 [10]
667 857 [2]
672 852 [2]
59 1462 [6]
628 899 [0]
267 1253 [8]
589 938 [1]
606 913 [9]
327 1199 [2]
651 878 [0]
673 856 [0]
48 1479 [2]
216 1314 [0]
37 1487 [6]
421 1110 [0]
623 908 [0]
74 1452 [5]
50 1476 [5]
50 1482 [0]
290 1242 [0]
10 1523 [0]
481 1052 [0]
688 846 [0]
485 1049 [0]
3 1522 [10]
281 1253 [1]
344 1186 [5]
726 810 [0]
614 920 [2]
444 1086 [7]
241 1297 [0]
429 1109 [0]
687 851 [0]
686 846 [6]
502 1037 [0]
524 1017 [0]
721 820 [0]
370 1170 [1]
84 1447 [10]
412 1118 [11]
591 947 [4]
463 1080 [0]
759 784 [0]
744 792 [7]
206 1337 [0]
576 966 [1]
665 876 [3]
220 1315 [9]
760 785 [0]
19 1522 [4]
367 1168 [11]
57 1479 [10]
46 1501 [0]
49 1498 [0]
324 1223 [0]
567 979 [1]
649 899 [0]
203 1338 [7]
572 968 [9]
725 821 [3]
689 861 [0]
343 1208 [0]
461 1090 [0]
273 1276 [3]
133 1414 [5]
67 1478 [7]
323 1223 [6]
550 1003 [0]
318 1235 [0]
233 1316 [4]
297 1257 [0]
205 1350 [1]
118 1433 [5]
95 1454 [7]
693 859 [4]
305 1253 [0]
598 960 [0]
55 1500 [3]
659 900 [0]
215 1341 [3]
205 1351 [4]
718 843 [0]
244 1314 [3]
37 1514 [11]
744 819 [0]
167 1393 [3]
754 802 [7]
575 989 [0]
178 1387 [0]
541 1024 [0]
694 871 [0]
534 1025 [6]
155 1411 [0]
113 1446 [7]
4 1563 [0]
143 1413 [11]
231 1331 [5]
371 1197 [0]
266 1297 [5]
304 1257 [7]
582 979 [7]
683 886 [0]
535 1034 [0]
29 1529 [11]
596 973 [0]
603 966 [0]
752 817 [0]
134 1436 [0]
290 1280 [0]
392 1178 [0]
599 971 [0]
179 1390 [1]
80 1491 [0]
692 879 [0]
457 1115 [0]
264 1308 [0]
474 1099 [0]
677 896 [0]
717 856 [0]
785 789 [0]
52 1517 [5]
439 1130 [5]
93 1479 [2]
65 1506 [3]
475 1100 [0]
66 1506 [3]
307 1268 [0]
698 878 [0]
176 1389 [11]
370 1200 [6]
647 919 [10]
53 1524 [0]
11 1567 [0]
700 878 [0]
766 812 [0]
551 1027 [0]
548 1027 [5]
758 815 [8]
208 1362 [11]
752 830 [0]
89 1488 [5]
190 1393 [0]
34 1550 [0]
344 1237 [3]
569 1016 [0]
518 1066 [1]
356 1219 [10]
600 978 [7]
347 1229 [9]
645 940 [0]
547 1039 [0]
729 857 [0]
253 1332 [3]
631 953 [4]
698 882 [9]
145 1443 [1]
291 1299 [0]
95 1492 [3]
91 1491 [8]
165 1417 [9]
113 1476 [3]
521 1072 [0]
20 1571 [2]
178 1416 [0]
653 943 [0]
348 1250 [0]
257 1342 [0]
446 1153 [0]
751 848 [0]
359 1239 [1]
247 1342 [11]
484 1110 [6]
720 881 [0]
227 1368 [6]
250 1341 [10]
714 888 [0]
731 872 [0]
770 833 [0]
524 1079 [1]
274 1327 [3]
417 1188 [0]
679 926 [0]
168 1438 [0]
519 1088 [0]
637 970 [0]
640 967 [0]
331 1267 [9]
719 889 [0]
477 1122 [9]
608 1001 [0]
721 878 [10]
113 1497 [0]
727 883 [0]
411 1191 [8]
537 1065 [9]
472 1139 [0]
120 1481 [10]
263 1349 [0]
562 1049 [1]
257 1347 [8]
480 1123 [9]
360 1247 [6]
520 1093 [0]
554 1059 [0]
225 1381 [7]
254 1358 [2]
407 1207 [1]
780 835 [1]
798 819 [0]
346 1264 [7]
223 1385 [9]
154 1464 [0]
710 908 [1]
348 1261 [10]
202 1412 [6]
72 1541 [7]
166 1444 [11]
809 812 [0]
258 1358 [5]
562 1060 [0]
80 1540 [2]
222 1397 [4]
216 1408 [0]
572 1052 [0]
68 1558 [0]
120 1506 [0]
559 1067 [0]
568 1054 [4]
228 1389 [9]
695 923 [8]
562 1058 [6]
403 1224 [0]
488 1133 [6]
545 1072 [10]
145 1483 [0]
61 1568 [0]
698 931 [0]
591 1028 [10]
158 1465 [6]
575 1048 [6]
645 985 [0]
297 1325 [8]
125 1497 [8]
563 1068 [0]
600 1026 [5]
610 1021 [0]
611 1011 [9]
642 980 [9]
152 1480 [0]
264 1368 [0]
415 1217 [0]
543 1089 [0]
548 1084 [0]
241 1385 [6]
216 1417 [0]
223 1410 [0]
459 1174 [0]
472 1153 [8]
121 1513 [0]
264 1362 [8]
167 1462 [5]
392 1243 [0]
280 1356 [0]
460 1176 [0]
239 1392 [5]
55 1576 [6]
301 1336 [0]
550 1079 [8]
182 1456 [0]
424 1216 [0]
622 1018 [0]
692 948 [0]
173 1460 [7]
500 1141 [0]
54 1576 [11]
551 1092 [0]
602 1036 [5]
282 1358 [3]
512 1122 [9]
259 1379 [6]
571 1073 [0]
749 896 [0]
267 1373 [5]
161 1485 [0]
500 1146 [0]
665 978 [3]
220 1415 [11]
186 1461 [0]
223 1424 [0]
304 1343 [0]
565 1082 [0]
592 1056 [0]
687 963 [0]
410 1237 [3]
766 883 [1]
496 1155 [0]
365 1277 [9]
661 984 [6]
173 1479 [0]
349 1303 [0]
576 1076 [0]
446 1205 [1]
499 1147 [6]
746 907 [0]
290 1358 [5]
164 1484 [5]
230 1414 [9]
402 1253 [0]
699 956 [0]
146 1506 [3]
232 1424 [0]
239 1416 [1]
118 1540 [0]
171 1487 [0]
479 1179 [0]
785 873 [0]
117 1541 [0]
455 1202 [1]
366 1288 [4]
189 1470 [0]
192 1461 [6]
386 1272 [2]
413 1248 [0]
104 1552 [5]
677 985 [0]
763 891 [10]
339 1325 [1]
669 988 [8]
496 1161 [8]
719 947 [0]
183 1477 [6]
540 1119 [7]
631 1029 [6]
370 1291 [5]
94 1562 [10]
591 1064 [11]
253 1415 [0]
589 1079 [0]
331 1338 [0]
821 848 [0]
153 1512 [4]
450 1213 [6]
507 1163 [0]
826 845 [0]
86 1585 [0]
496 1170 [6]
640 1026 [6]
287 1378 [7]
684 982 [7]
132 1542 [0]
305 1369 [0]
579 1095 [0]
806 868 [0]
771 904 [0]
260 1410 [5]
223 1453 [0]
291 1385 [0]
531 1145 [0]
505 1166 [5]
549 1127 [0]
142 1535 [0]
192 1485 [0]
460 1217 [0]
468 1209 [0]
773 904 [0]
817 859 [1]
199 1469 [10]
496 1178 [4]
416 1262 [0]
438 1241 [0]
149 1523 [7]
467 1213 [0]
189 1482 [9]
222 1459 [0]
312 1369 [0]
786 893 [2]
517 1164 [0]
653 1017 [11]
215 1464 [3]
349 1334 [0]
613 1070 [0]
444 1233 [7]
91 1584 [9]
708 970 [6]
480 1200 [5]
583 1100 [2]
204 1474 [8]
541 1135 [10]
415 1268 [4]
228 1460 [0]
209 1479 [0]
101 1588 [0]
203 1486 [0]
463 1226 [0]
534 1155 [0]
515 1169 [5]
385 1301 [3]
674 1016 [0]
450 1239 [1]
729 961 [0]
418 1266 [6]
525 1155 [10]
673 1018 [0]
157 1532 [3]
552 1140 [0]
655 1031 [7]
493 1197 [3]
232 1460 [0]
401 1293 [0]
413 1281 [0]
842 852 [0]
197 1498 [0]
409 1286 [0]
402 1286 [7]
478 1215 [2]
466 1222 [8]
695 1002 [0]
728 969 [0]
477 1220 [0]
403 1295 [0]
478 1220 [0]
494 1204 [0]
503 1196 [0]
564 1135 [0]
561 1128 [10]
529 1171 [0]
537 1154 [10]
362 1336 [4]
436 1266 [0]
738 965 [0]
776 929 [0]
321 1384 [0]
210 1488 [8]
709 997 [0]
780 919 [8]
510 1191 [6]
125 1577 [5]
817 889 [1]
153 1551 [4]
379 1329 [1]
494 1206 [9]
371 1335 [3]
710 993 [6]
343 1367 [0]
823 887 [0]
458 1252 [0]
136 1568 [6]
343 1363 [5]
290 1422 [0]
793 919 [0]
561 1143 [8]
198 1506 [8]
483 1231 [0]
851 864 [0]
523 1185 [7]
515 1199 [2]
287 1430 [0]
613 1104 [0]
415 1302 [0]
605 1112 [0]
848 861 [8]
336 1381 [0]
203 1511 [3]
403 1315 [0]
591 1127 [0]
337 1376 [5]
846 872 [0]
191 1528 [0]
299 1420 [0]
800 919 [0]
548 1167 [4]
264 1456 [0]
650 1063 [7]
462 1254 [5]
230 1492 [0]
528 1192 [2]
768 953 [1]
128 1595 [0]
406 1317 [0]
544 1179 [0]
184 1534 [5]
454 1260 [9]
365 1349 [9]
291 1433 [0]
422 1302 [0]
627 1097 [0]
831 893 [0]
401 1313 [10]
766 953 [6]
279 1447 [0]
480 1246 [0]
174 1543 [9]
367 1349 [11]
762 966 [0]
336 1393 [0]
437 1292 [0]
399 1329 [1]
672 1054 [3]
132 1592 [6]
276 1456 [0]
359 1363 [11]
684 1050 [0]
757 976 [1]
258 1472 [4]
175 1548 [11]
659 1076 [0]
734 1001 [0]
207 1529 [0]
281 1455 [0]
820 916 [0]
717 1019 [0]
358 1378 [0]
503 1222 [11]
448 1283 [6]
618 1121 [0]
411 1329 [0]
514 1224 [2]
801 929 [10]
645 1090 [5]
758 982 [0]
493 1241 [7]
525 1218 [0]
647 1096 [0]
723 1009 [11]
195 1549 [0]
428 1316 [0]
431 1313 [0]
384 1349 [11]
629 1109 [6]
605 1140 [0]
818 927 [0]
309 1437 [0]
407 1339 [0]
177 1558 [11]
643 1103 [1]
668 1069 [10]
170 1578 [0]
578 1170 [0]
274 1471 [3]
220 1520 [9]
175 1575 [0]
293 1457 [0]
600 1150 [0]
571 1169 [10]
395 1346 [9]
236 1508 [6]
779 972 [0]
734 1008 [9]
405 1347 [0]
862 884 [6]
361 1391 [0]
287 1461 [5]
615 1139 [0]
285 1470 [0]
739 1016 [0]
347 1397 [11]
594 1162 [0]
377 1379 [0]
232 1523 [1]
396 1351 [10]
772 986 [0]
628 1126 [4]
584 1174 [1]
372 1382 [5]
368 1392 [0]
407 1353 [0]
402 1356 [2]
405 1356 [0]
505 1251 [5]
753 1009 [0]
579 1182 [1]
463 1295 [4]
578 1184 [0]
181 1576 [6]
444 1320 [0]
828 936 [0]
384 1380 [0]
872 891 [1]
564 1201 [0]
322 1440 [3]
593 1172 [0]
445 1321 [0]
219 1542 [6]
606 1157 [5]
667 1095 [6]
489 1280 [0]
423 1336 [10]
879 891 [0]
883 887 [0]
593 1177 [0]
240 1530 [0]
826 934 [10]
193 1572 [6]
199 1572 [0]
173 1599 [0]
201 1571 [0]
617 1155 [0]
555 1215 [2]
476 1288 [9]
689 1077 [7]
797 977 [0]
868 900 [6]
340 1428 [6]
751 1022 [2]
834 943 [0]
673 1104 [0]
338 1428 [11]
312 1456 [11]
535 1242 [3]
761 1015 [4]
839 938 [5]
574 1202 [6]
523 1260 [0]
677 1106 [0]
453 1331 [0]
808 979 [0]
874 913 [0]
410 1372 [5]
593 1194 [0]
767 1021 [0]
794 995 [0]
649 1131 [9]
285 1498 [6]
703 1082 [4]
288 1490 [11]
233 1554 [2]
336 1454 [0]
197 1584 [9]
471 1318 [1]
855 937 [0]
192 1597 [3]
440 1353 [0]
637 1157 [0]
363 1432 [0]
200 1597 [0]
577 1220 [0]
885 912 [0]
391 1401 [6]
564 1230 [4]
750 1049 [0]
474 1317 [8]
683 1114 [3]
556 1240 [4]
605 1194 [1]
377 1424 [0]
379 1423 [0]
389 1414 [0]
234 1564 [5]
711 1093 [0]
777 1020 [8]
391 1403 [11]
429 1377 [0]
558 1248 [0]
744 1062 [0]
409 1396 [1]
343 1464 [0]
527 1280 [0]
847 960 [0]
797 1011 [0]
282 1528 [0]
772 1034 [4]
473 1333 [5]
512 1290 [9]
803 1010 [0]
510 1298 [5]
673 1135 [5]
403 1407 [5]
769 1046 [0]
433 1383 [0]
523 1293 [0]
398 1414 [4]
589 1227 [0]
536 1281 [0]
621 1196 [0]
642 1175 [0]
676 1141 [0]
418 1400 [0]
687 1131 [0]
868 950 [0]
283 1527 [8]
236 1576 [6]
791 1018 [10]
558 1258 [4]
689 1132 [0]
407 1415 [0]
708 1114 [0]
833 989 [0]
636 1177 [9]
703 1115 [4]
473 1344 [5]
671 1152 [0]
233 1590 [0]
456 1365 [2]
531 1288 [4]
848 976 [0]
516 1309 [0]
569 1257 [0]
709 1114 [3]
264 1558 [4]
460 1367 [0]
319 1501 [7]
534 1294 [0]
714 1114 [0]
720 1108 [0]
224 1597 [7]
649 1169 [10]
298 1531 [0]
532 1297 [0]
413 1412 [4]
692 1128 [9]
474 1350 [5]
536 1293 [0]
476 1350 [4]
586 1245 [0]
229 1594 [8]
632 1200 [0]
507 1326 [0]
273 1556 [5]
719 1115 [0]
417 1418 [0]
662 1173 [0]
300 1536 [0]
545 1291 [0]
400 1428 [8]
426 1405 [6]
324 1513 [0]
610 1224 [3]
400 1432 [6]
869 969 [0]
505 1327 [6]
493 1338 [7]
869 963 [6]
568 1271 [0]
488 1351 [0]
885 955 [0]
733 1107 [0]
905 935 [0]
233 1598 [10]
253 1588 [1]
604 1233 [5]
268 1570 [4]
333 1510 [0]
453 1389 [1]
455 1387 [1]
868 974 [1]
461 1383 [0]
890 956 [0]
464 1372 [10]
763 1084 [0]
477 1366 [4]
903 943 [1]
677 1166 [4]
698 1140 [9]
846 999 [2]
379 1469 [0]
470 1378 [0]
285 1553 [11]
564 1276 [9]
629 1209 [11]
535 1313 [1]
729 1120 [0]
431 1419 [0]
821 1018 [11]
420 1431 [0]
861 985 [6]
269 1574 [9]
634 1219 [0]
541 1313 [0]
308 1538 [9]
821 1025 [9]
366 1490 [0]
540 1316 [0]
732 1124 [0]
927 929 [0]
708 1145 [4]
558 1300 [0]
506 1352 [0]
688 1170 [0]
742 1116 [0]
303 1554 [1]
672 1184 [2]
612 1247 [0]
632 1218 [9]
462 1387 [10]
625 1234 [0]
585 1274 [0]
813 1037 [9]
524 1337 [0]
308 1544 [9]
670 1192 [0]
867 987 [9]
486 1377 [1]
383 1482 [0]
748 1117 [0]
550 1316 [0]
602 1264 [0]
474 1389 [3]
872 995 [0]
824 1043 [0]
731 1137 [0]
539 1329 [0]
490 1378 [0]
514 1358 [0]
924 940 [8]
675 1197 [0]
743 1130 [0]
741 1133 [0]
576 1297 [1]
852 1022 [0]
491 1384 [0]
583 1292 [0]
667 1208 [0]
815 1060 [0]
822 1048 [6]
882 983 [11]
525 1350 [1]
351 1526 [0]
613 1265 [0]
788 1090 [0]
692 1178 [9]
543 1327 [9]
776 1104 [0]
624 1250 [6]
332 1546 [3]
659 1225 [0]
843 1042 [0]
396 1489 [0]
892 993 [0]
839 1046 [0]
673 1203 [9]
428 1457 [0]
626 1250 [9]
864 1022 [0]
501 1379 [7]
420 1458 [9]
703 1182 [3]
857 1031 [0]
754 1135 [0]
880 1009 [0]
841 1042 [6]
818 1065 [6]
365 1525 [0]
294 1588 [8]
345 1546 [0]
913 971 [7]
425 1467 [0]
448 1434 [11]
783 1110 [0]
398 1487 [9]
828 1067 [0]
876 1019 [0]
581 1308 [6]
943 950 [2]
732 1163 [0]
705 1180 [10]
442 1454 [0]
497 1399 [0]
774 1114 [8]
835 1055 [6]
430 1467 [0]
586 1308 [3]
428 1470 [0]
420 1473 [6]
346 1542 [11]
382 1510 [8]
603 1297 [0]
421 1480 [0]
922 979 [0]
510 1390 [2]
299 1598 [5]
696 1207 [0]
725 1179 [0]
449 1456 [0]
754 1150 [1]
717 1187 [2]
435 1472 [0]
394 1507 [6]
556 1355 [0]
586 1319 [6]
333 1574 [5]
415 1496 [1]
543 1370 [0]
470 1443 [0]
912 1002 [0]
607 1302 [5]
630 1285 [0]
412 1494 [9]
670 1247 [0]
719 1199 [0]
606 1313 [0]
325 1593 [1]
581 1338 [0]
805 1110 [5]
860 1054 [6]
738 1183 [0]
598 1323 [0]
369 1542 [10]
733 1189 [0]
708 1203 [11]
831 1092 [0]
351 1573 [0]
692 1232 [0]
522 1392 [10]
679 1245 [1]
922 1003 [0]
409 1505 [11]
730 1196 [0]
906 1020 [0]
698 1222 [7]
715 1212 [0]
689 1231 [8]
530 1387 [11]
960 969 [0]
943 984 [2]
606 1324 [0]
574 1355 [1]
507 1424 [0]
657 1268 [6]
830 1092 [9]
503 1429 [0]
527 1405 [0]
368 1555 [9]
553 1380 [0]
431 1491 [11]
721 1213 [0]
388 1546 [0]
660 1271 [3]
477 1448 [9]
939 996 [0]
408 1524 [3]
653 1282 [1]
399 1531 [6]
479 1458 [0]
955 982 [0]
607 1333 [0]
674 1262 [5]
805 1136 [0]
352 1590 [0]
803 1139 [0]
966 976 [0]
842 1092 [9]
707 1237 [0]
848 1092 [4]
466 1479 [0]
490 1456 [0]
686 1259 [1]
684 1263 [0]
382 1557 [8]
828 1118 [1]
763 1181 [3]
596 1341 [11]
496 1446 [6]
580 1362 [6]
492 1457 [0]
453 1497 [0]
822 1127 [1]
869 1078 [3]
472 1469 [9]
487 1463 [0]
610 1340 [1]
672 1276 [3]
478 1462 [11]
754 1195 [2]
605 1345 [3]
380 1567 [7]
870 1082 [2]
911 1044 [0]
915 1041 [0]
372 1578 [6]
417 1536 [4]
466 1484 [9]
606 1352 [1]
734 1216 [9]
862 1089 [8]
971 988 [1]
976 981 [3]
526 1426 [8]
866 1095 [0]
813 1149 [0]
383 1573 [6]
882 1075 [5]
922 1036 [4]
709 1247 [6]
817 1148 [0]
621 1345 [0]
648 1318 [1]
707 1250 [10]
469 1499 [0]
971 998 [0]
569 1400 [0]
741 1220 [9]
801 1168 [2]
721 1250 [0]
506 1466 [0]
746 1227 [0]
902 1071 [0]
754 1215 [4]
745 1230 [0]
900 1075 [0]
865 1099 [11]
944 1032 [0]
464 1510 [2]
832 1141 [3]
551 1426 [0]
659 1318 [0]
669 1308 [0]
765 1212 [0]
650 1325 [2]
457 1509 [11]
624 1355 [0]
700 1268 [11]
416 1554 [9]
549 1432 [0]
698 1276 [7]
978 1003 [0]
561 1421 [0]
869 1113 [0]
685 1293 [5]
672 1312 [0]
796 1188 [0]
913 1071 [0]
785 1195 [5]
690 1295 [0]
988 992 [6]
626 1353 [8]
621 1367 [0]
953 1029 [6]
732 1257 [0]
601 1378 [10]
779 1201 [9]
786 1192 [11]
752 1234 [4]
732 1258 [0]
413 1578 [0]
620 1371 [0]
606 1382 [3]
393 1599 [0]
531 1461 [0]
937 1049 [6]
582 1406 [4]
609 1384 [0]
676 1318 [0]
994 998 [2]
953 1036 [5]
522 1473 [0]
560 1431 [4]
846 1146 [4]
898 1099 [0]
823 1175 [0]
738 1250 [10]
455 1538 [5]
469 1524 [5]
992 1006 [0]
649 1350 [0]
441 1559 [0]
850 1140 [11]
716 1286 [0]
613 1378 [11]
608 1386 [9]
423 1571 [10]
945 1059 [0]
480 1514 [11]
460 1536 [9]
485 1523 [0]
579 1430 [0]
717 1293 [0]
519 1480 [11]
526 1485 [0]
574 1438 [0]
733 1270 [9]
613 1391 [8]
791 1220 [2]
946 1067 [0]
961 1049 [3]
717 1291 [6]
977 1036 [0]
724 1290 [0]
569 1442 [4]
451 1565 [0]
975 1042 [0]
907 1103 [7]
451 1566 [0]
959 1058 [0]
740 1271 [7]
633 1380 [6]
605 1406 [8]
545 1475 [0]
795 1220 [5]
470 1550 [1]
616 1407 [0]
679 1344 [0]
825 1196 [2]
497 1527 [0]
881 1143 [0]
625 1399 [0]
653 1372 [0]
916 1108 [1]
746 1279 [0]
663 1363 [0]
458 1567 [1]
1003 1020 [3]
601 1426 [0]
671 1357 [0]
448 1581 [0]
700 1318 [11]
550 1471 [9]
489 1542 [0]
497 1529 [5]
879 1153 [0]
477 1545 [10]
706 1326 [0]
526 1502 [4]
987 1044 [1]
793 1240 [0]
681 1343 [9]
713 1320 [0]
650 1384 [0]
728 1306 [0]
532 1504 [0]
627 1409 [0]
573 1454 [10]
654 1378 [5]
694 1344 [0]
861 1177 [0]
928 1110 [0]
632 1406 [0]
957 1072 [9]
786 1250 [2]
801 1239 [0]
1005 1035 [0]
582 1459 [0]
927 1114 [0]
704 1338 [0]
936 1103 [3]
822 1211 [9]
998 1045 [0]
840 1203 [0]
551 1493 [0]
879 1165 [0]
648 1386 [10]
772 1273 [0]
929 1116 [0]
624 1418 [3]
641 1406 [0]
487 1560 [2]
680 1370 [0]
913 1135 [2]
738 1308 [5]
991 1059 [0]
463 1589 [0]
552 1489 [11]
566 1486 [0]
939 1114 [0]
618 1430 [5]
696 1358 [0]
780 1274 [0]
921 1134 [0]
747 1308 [0]
638 1410 [7]
786 1270 [0]
775 1281 [0]
758 1296 [2]
950 1105 [1]
893 1152 [11]
861 1195 [1]
489 1570 [0]
851 1200 [8]
875 1184 [0]
704 1355 [0]
757 1292 [10]
542 1519 [0]
857 1204 [0]
878 1183 [0]
841 1211 [9]
454 1596 [11]
729 1333 [0]
973 1091 [0]
545 1511 [9]
987 1079 [0]
858 1208 [0]
502 1565 [0]
977 1082 [8]
961 1102 [4]
594 1474 [0]
669 1399 [0]
951 1119 [0]
496 1574 [0]
894 1176 [0]
658 1412 [0]
862 1203 [5]
808 1254 [8]
599 1472 [0]
622 1449 [0]
892 1179 [0]
510 1560 [1]
798 1272 [2]
949 1124 [0]
763 1308 [2]
840 1233 [0]
885 1189 [0]
718 1356 [0]
634 1441 [0]
679 1396 [0]
972 1103 [0]
997 1078 [0]
523 1547 [5]
882 1194 [0]
848 1228 [0]
569 1497 [10]
957 1119 [1]
705 1367 [5]
547 1531 [0]
822 1256 [0]
882 1193 [3]
498 1573 [8]
832 1244 [5]
986 1096 [0]
592 1487 [3]
963 1120 [0]
886 1195 [3]
990 1094 [0]
919 1166 [0]
704 1379 [2]
964 1117 [4]
485 1591 [9]
754 1332 [0]
757 1330 [0]
710 1373 [5]
529 1557 [2]
579 1500 [10]
898 1184 [8]
528 1551 [11]
622 1458 [10]
523 1562 [6]
642 1451 [0]
660 1433 [0]
509 1584 [0]
675 1418 [0]
907 1179 [8]
522 1570 [2]
795 1299 [0]
749 1338 [8]
798 1294 [3]
517 1580 [0]
908 1188 [1]
569 1529 [0]
993 1105 [0]
699 1392 [9]
978 1114 [8]
611 1490 [0]
884 1217 [0]
516 1576 [10]
566 1530 [6]
803 1291 [8]
893 1210 [0]
664 1432 [7]
836 1268 [0]
841 1257 [6]
671 1434 [0]
864 1241 [0]
941 1163 [2]
524 1576 [6]
678 1429 [0]
991 1116 [0]
645 1463 [0]
744 1364 [0]
914 1184 [10]
767 1341 [0]
998 1111 [0]
572 1526 [11]
781 1321 [7]
1043 1065 [2]
637 1473 [0]
722 1384 [4]
569 1542 [0]
1012 1101 [0]
867 1247 [0]
978 1136 [0]
624 1484 [6]
615 1500 [0]
878 1228 [9]
618 1494 [3]
952 1164 [0]
899 1214 [4]
697 1409 [11]
960 1146 [11]
608 1510 [0]
560 1547 [11]
1007 1111 [0]
906 1213 [0]
700 1409 [10]
805 1315 [0]
804 1317 [0]
986 1135 [0]
903 1217 [1]
970 1142 [9]
778 1345 [0]
882 1242 [0]
987 1137 [0]
835 1291 [0]
656 1471 [0]
625 1500 [2]
1031 1097 [0]
1044 1082 [2]
607 1512 [9]
795 1335 [0]
990 1141 [0]
1020 1111 [1]
554 1579 [0]
551 1572 [10]
624 1510 [0]
544 1581 [9]
898 1237 [0]
876 1255 [4]
806 1330 [0]
951 1187 [0]
1052 1078 [8]
731 1406 [1]
747 1390 [1]
1032 1108 [0]
988 1150 [2]
561 1581 [0]
567 1575 [0]
755 1387 [0]
654 1490 [0]
856 1288 [0]
1024 1121 [0]
924 1221 [0]
925 1222 [0]
811 1336 [0]
574 1572 [1]
951 1197 [0]
1036 1112 [0]
614 1535 [0]
890 1261 [0]
670 1482 [0]
854 1299 [0]
557 1597 [0]
1024 1131 [0]
887 1269 [0]
785 1360 [11]
949 1208 [0]
609 1537 [11]
829 1318 [10]
940 1215 [2]
975 1183 [0]
710 1442 [6]
561 1588 [10]
684 1471 [5]
691 1469 [0]
759 1392 [9]
906 1243 [11]
1012 1149 [0]
799 1362 [0]
969 1181 [11]
722 1441 [0]
842 1322 [0]
751 1414 [0]
723 1441 [0]
933 1233 [0]
707 1459 [0]
819 1344 [3]
1033 1134 [0]
568 1590 [10]
607 1562 [0]
710 1459 [0]
640 1528 [1]
1064 1106 [0]
619 1547 [4]
1063 1106 [0]
692 1470 [9]
762 1410 [0]
704 1469 [0]
712 1459 [2]
1019 1149 [5]
716 1455 [2]
840 1333 [0]
699 1465 [10]
956 1215 [5]
996 1180 [0]
643 1529 [4]
700 1477 [0]
598 1580 [0]
719 1448 [11]
981 1197 [0]
644 1529 [6]
668 1507 [4]
642 1528 [9]
697 1483 [0]
833 1347 [0]
719 1450 [11]
1009 1166 [6]
723 1456 [2]
759 1413 [9]
811 1371 [0]
786 1394 [2]
592 1584 [6]
713 1468 [0]
886 1300 [0]
802 1383 [2]
874 1313 [0]
684 1504 [0]
909 1279 [0]
673 1511 [4]
603 1576 [10]
610 1578 [1]
761 1429 [0]
751 1441 [0]
1064 1117 [11]
1041 1152 [0]
635 1559 [0]
1034 1160 [0]
984 1208 [2]
658 1536 [0]
713 1477 [5]
753 1442 [0]
835 1350 [11]
870 1327 [0]
1055 1142 [0]
810 1384 [3]
831 1366 [2]
739 1462 [0]
1025 1173 [4]
749 1453 [0]
917 1286 [0]
797 1405 [0]
1086 1118 [0]
809 1391 [5]
727 1478 [0]
765 1430 [10]
1020 1186 [0]
709 1498 [0]
709 1499 [0]
863 1345 [0]
998 1210 [0]
827 1381 [0]
942 1258 [9]
804 1406 [0]
1057 1154 [0]
1030 1181 [0]
970 1233 [8]
614 1586 [11]
983 1227 [2]
839 1372 [0]
688 1518 [6]
695 1508 [9]
795 1419 [0]
1049 1166 [0]
1067 1138 [10]
1095 1122 [0]
760 1457 [0]
693 1523 [1]
1007 1208 [4]
949 1270 [0]
782 1438 [0]
1107 1113 [0]
699 1521 [0]
638 1584 [0]
1075 1137 [10]
981 1242 [0]
740 1484 [0]
861 1358 [5]
939 1282 [4]
853 1373 [0]
947 1280 [0]
772 1444 [11]
1034 1183 [10]
950 1276 [2]
980 1249 [0]
877 1353 [0]
1054 1165 [11]
907 1317 [7]
831 1399 [1]
988 1244 [0]
692 1540 [0]
876 1356 [0]
891 1341 [0]
977 1255 [0]
984 1247 [0]
781 1451 [0]
1071 1162 [0]
717 1514 [2]
1090 1143 [0]
970 1256 [7]
878 1356 [0]
699 1531 [4]
740 1495 [0]
927 1308 [0]
880 1356 [0]
1082 1145 [9]
725 1504 [7]
938 1299 [0]
725 1507 [5]
827 1411 [0]
1035 1204 [0]
1020 1213 [6]
805 1425 [10]
1024 1215 [1]
839 1404 [0]
1076 1168 [0]
1012 1223 [9]
643 1598 [4]
784 1462 [0]
683 1565 [0]
1038 1210 [0]
959 1289 [1]
795 1452 [4]
788 1459 [5]
894 1359 [0]
1111 1136 [6]
818 1432 [4]
927 1326 [0]
993 1257 [4]
1069 1187 [0]
883 1371 [2]
707 1550 [0]
689 1559 [9]
832 1419 [6]
1042 1215 [3]
936 1319 [6]
1057 1204 [0]
1123 1132 [8]
710 1547 [6]
728 1536 [0]
765 1501 [0]
843 1420 [3]
747 1520 [0]
1032 1235 [0]
1103 1164 [0]
1030 1233 [4]
788 1470 [9]
1042 1220 [5]
880 1388 [0]
676 1593 [0]
1120 1145 [4]
1108 1157 [4]
729 1536 [4]
846 1424 [0]
938 1332 [0]
759 1513 [0]
1050 1222 [0]
772 1496 [4]
702 1572 [0]
1075 1200 [0]
755 1521 [0]
673 1594 [9]
931 1346 [0]
829 1448 [0]
1108 1170 [0]
975 1293 [11]
1051 1228 [0]
919 1350 [10]
744 1531 [5]
1051 1230 [0]
719 1553 [9]
734 1537 [10]
802 1480 [0]
1040 1244 [0]
1114 1161 [10]
763 1523 [0]
983 1302 [1]
1107 1173 [9]
897 1392 [3]
972 1321 [0]
944 1339 [11]
1093 1195 [7]
834 1455 [6]
1081 1214 [0]
806 1490 [0]
823 1473 [0]
724 1571 [1]
707 1588 [2]
730 1568 [0]
837 1450 [11]
876 1422 [0]
933 1365 [0]
791 1508 [0]
902 1397 [0]
1137 1162 [0]
782 1518 [0]
1048 1252 [0]
841 1460 [0]
1007 1294 [0]
1117 1184 [0]
995 1307 [0]
1136 1166 [0]
990 1314 [0]
1025 1270 [9]
707 1595 [2]
834 1471 [0]
1110 1195 [0]
796 1500 [9]
710 1587 [8]
781 1525 [0]
937 1369 [0]
891 1411 [5]
929 1379 [0]
770 1532 [6]
737 1571 [0]
985 1325 [0]
990 1317 [3]
953 1358 [0]
717 1592 [2]
1131 1181 [0]
910 1402 [0]
713 1595 [5]
764 1549 [0]
857 1454 [5]
1048 1269 [0]
870 1444 [3]
1107 1211 [0]
819 1500 [0]
737 1584 [0]
944 1378 [0]
821 1501 [0]
959 1362 [1]
1008 1316 [0]
950 1372 [2]
1032 1291 [1]
936 1377 [11]
985 1340 [0]
851 1475 [0]
959 1367 [0]
1136 1186 [4]
991 1337 [0]
1000 1328 [0]
1058 1271 [0]
1051 1279 [0]
901 1428 [1]
948 1384 [0]
937 1394 [1]
966 1364 [2]
860 1473 [0]
845 1484 [4]
807 1527 [0]
1029 1306 [0]
1052 1273 [11]
887 1444 [5]
858 1478 [0]
878 1453 [6]
1073 1264 [0]
1055 1283 [0]
1070 1272 [0]
1157 1186 [0]
1035 1308 [1]
845 1489 [10]
780 1566 [0]
1115 1233 [0]
1106 1240 [2]
989 1358 [2]
951 1391 [8]
1173 1177 [0]
1084 1266 [0]
786 1563 [2]
787 1566 [0]
861 1488 [4]
1135 1219 [0]
915 1440 [0]
1049 1306 [0]
1151 1205 [0]
946 1410 [0]
1099 1256 [1]
1117 1241 [0]
867 1494 [0]
1042 1321 [1]
780 1574 [10]
844 1521 [0]
999 1356 [10]
1042 1324 [0]
1047 1319 [0]
774 1594 [0]
1168 1197 [4]
940 1424 [6]
1159 1213 [0]
1006 1356 [11]
1002 1362 [9]
1021 1352 [1]
908 1458 [9]
1075 1301 [0]
986 1390 [0]
871 1506 [0]
1155 1217 [6]
870 1509 [0]
828 1541 [11]
1058 1320 [3]
1123 1254 [4]
1010 1363 [9]
807 1575 [0]
1025 1358 [0]
942 1442 [0]
969 1415 [0]
1062 1323 [0]
963 1423 [0]
1035 1348 [4]
872 1511 [4]
924 1453 [10]
1127 1261 [0]
926 1462 [0]
995 1393 [0]
1019 1362 [10]
1150 1242 [0]
1026 1366 [0]
1095 1298 [0]
822 1565 [6]
981 1409 [4]
1139 1256 [0]
1054 1341 [0]
963 1431 [4]
919 1479 [0]
1181 1219 [0]
910 1491 [0]
1119 1278 [4]
1098 1305 [0]
1141 1253 [9]
943 1461 [0]
960 1444 [0]
1099 1305 [0]
1017 1380 [8]
836 1568 [2]
1112 1293 [1]
1087 1318 [2]
1024 1381 [2]
917 1490 [0]
968 1440 [0]
959 1448 [0]
889 1512 [8]
903 1506 [1]
882 1522 [6]
844 1557 [10]
1121 1290 [0]
947 1466 [0]
1088 1326 [0]
1058 1349 [7]
1175 1240 [0]
1053 1363 [0]
1112 1301 [5]
1080 1337 [1]
967 1453 [0]
1103 1320 [0]
969 1445 [9]
1061 1363 [0]
1004 1420 [0]
1105 1319 [1]
964 1462 [1]
1188 1231 [9]
1064 1365 [0]
1077 1347 [6]
1018 1408 [4]
879 1553 [0]
1016 1416 [0]
932 1500 [0]
1015 1420 [0]
1188 1248 [0]
1206 1220 [10]
979 1459 [0]
1070 1360 [8]
920 1518 [1]
890 1549 [0]
1124 1311 [4]
929 1501 [10]
907 1524 [9]
1147 1294 [0]
1045 1400 [0]
1209 1237 [0]
943 1503 [0]
1173 1273 [1]
954 1491 [2]
931 1517 [0]
1185 1264 [0]
1187 1262 [0]
1222 1228 [0]
1089 1361 [0]
899 1544 [9]
918 1537 [0]
921 1534 [0]
1013 1432 [10]
1198 1258 [0]
858 1599 [0]
1098 1360 [0]
1100 1359 [0]
908 1552 [0]
1073 1379 [8]
1151 1302 [9]
914 1548 [0]
898 1566 [0]
1213 1251 [0]
1144 1321 [0]
949 1506 [10]
1012 1442 [11]
951 1516 [0]
976 1491 [1]
961 1498 [9]
896 1564 [9]
925 1545 [1]
869 1594 [8]
1136 1334 [4]
1030 1444 [1]
912 1564 [0]
1070 1403 [4]
962 1516 [0]
995 1483 [0]
966 1514 [0]
1006 1474 [0]
1148 1332 [0]
1223 1259 [0]
1064 1417 [2]
1191 1290 [2]
1208 1275 [1]
1232 1242 [11]
1202 1283 [1]
931 1556 [0]
1028 1459 [0]
1137 1348 [2]
975 1513 [0]
1118 1370 [0]
1225 1263 [0]
916 1562 [10]
977 1511 [1]
1159 1331 [0]
931 1559 [1]
902 1583 [7]
1063 1430 [0]
1029 1464 [0]
1111 1382 [0]
1173 1314 [6]
1242 1244 [8]
1076 1408 [11]
913 1583 [0]
946 1541 [10]
1247 1249 [1]
1156 1342 [0]
1195 1304 [0]
980 1517 [2]
1095 1404 [1]
1045 1453 [3]
912 1590 [0]
1007 1493 [2]
1133 1369 [0]
921 1581 [1]
948 1549 [6]
952 1549 [6]
965 1544 [0]
1013 1496 [0]
1162 1347 [0]
1136 1377 [0]
997 1511 [5]
984 1529 [0]
1116 1397 [1]
1041 1465 [8]
1119 1388 [7]
939 1566 [9]
1197 1318 [0]
1200 1304 [11]
995 1519 [1]
1036 1480 [0]
1108 1408 [0]
1112 1403 [1]
1152 1360 [5]
1088 1429 [1]
937 1583 [0]
1127 1382 [11]
1064 1457 [0]
1075 1446 [1]
1088 1435 [0]
1122 1401 [0]
1037 1487 [0]
1088 1432 [4]
1008 1517 [0]
1205 1321 [0]
1230 1296 [0]
1097 1430 [0]
1198 1329 [0]
1129 1398 [0]
952 1569 [6]
1110 1419 [1]
1248 1286 [0]
1190 1347 [0]
968 1571 [1]
1202 1329 [10]
1267 1275 [0]
1154 1390 [0]
1239 1301 [4]
1237 1299 [11]
1032 1518 [1]
1124 1422 [5]
963 1581 [8]
1000 1553 [0]
982 1570 [1]
1215 1338 [3]
1210 1346 [0]
1000 1557 [0]
1263 1291 [4]
982 1567 [10]
972 1576 [11]
1191 1358 [10]
1082 1469 [9]
1164 1396 [2]
1225 1337 [1]
1192 1363 [9]
971 1594 [0]
1026 1539 [0]
1092 1473 [0]
1005 1557 [4]
1257 1309 [0]
972 1595 [0]
1222 1344 [1]
1255 1306 [7]
1160 1410 [0]
1269 1303 [0]
1058 1507 [7]
1235 1338 [0]
1264 1310 [0]
1105 1469 [1]
1105 1471 [0]
1263 1303 [10]
1168 1409 [0]
1176 1400 [5]
1103 1471 [11]
1146 1439 [0]
1145 1440 [0]
1154 1433 [0]
1221 1366 [0]
1282 1305 [0]
1261 1322 [4]
1245 1331 [11]
1292 1296 [0]
1163 1419 [8]
1270 1319 [1]
1117 1469 [4]
1117 1474 [0]
1215 1371 [6]
1272 1322 [0]
1125 1470 [0]
1234 1351 [11]
1045 1547 [4]
1263 1333 [0]
1073 1524 [0]
1191 1407 [0]
1001 1598 [0]
1055 1544 [0]
1051 1550 [0]
1276 1326 [1]
1238 1368 [0]
1223 1379 [4]
1078 1527 [1]
1085 1522 [0]
1099 1509 [0]
1032 1575 [1]
1174 1435 [0]
1023 1585 [2]
1137 1474 [0]
1063 1549 [0]
1077 1535 [0]
1175 1437 [0]
1050 1564 [0]
1074 1540 [0]
1261 1345 [9]
1024 1592 [0]
1179 1439 [0]
1060 1559 [0]
1069 1551 [0]
1247 1374 [1]
1232 1392 [0]
1027 1595 [2]
1278 1350 [0]
1297 1330 [1]
1291 1339 [0]
1163 1459 [11]
1257 1365 [11]
1280 1345 [9]
1106 1528 [2]
1070 1567 [0]
1216 1421 [0]
1091 1548 [0]
1313 1326 [0]
1280 1359 [0]
1185 1446 [9]
1063 1577 [0]
1194 1441 [7]
1296 1337 [11]
1092 1556 [0]
1175 1465 [9]
1223 1426 [0]
1111 1537 [2]
1136 1516 [0]
1140 1511 [1]
1277 1376 [0]
1130 1523 [0]
1124 1523 [6]
1173 1479 [4]
1181 1476 [0]
1197 1460 [0]
1291 1367 [0]
1226 1434 [0]
1299 1361 [0]
1196 1459 [5]
1076 1585 [0]
1186 1477 [0]
1280 1384 [0]
1124 1540 [0]
1312 1349 [3]
1185 1481 [0]
1163 1494 [9]
1079 1588 [0]
1220 1449 [0]
1071 1598 [1]
1229 1440 [1]
1097 1574 [0]
1229 1432 [10]
1327 1344 [1]
1158 1515 [0]
1231 1442 [0]
1174 1498 [1]
1111 1563 [0]
1204 1471 [0]
1140 1529 [6]
1237 1436 [2]
1183 1482 [10]
1188 1488 [0]
1284 1392 [0]
1086 1590 [0]
1283 1394 [0]
1164 1516 [0]
1326 1354 [0]
1109 1573 [0]
1098 1585 [0]
1168 1515 [0]
1258 1421 [4]
1146 1538 [0]
1199 1480 [6]
1277 1407 [1]
1322 1369 [0]
1147 1547 [1]
1199 1498 [0]
1197 1490 [11]
1276 1420 [4]
1276 1427 [0]
1249 1455 [0]
1139 1566 [0]
1250 1448 [7]
1302 1403 [1]
1249 1456 [2]
1297 1415 [0]
1138 1575 [0]
1131 1580 [8]
1165 1558 [0]
1174 1549 [0]
1194 1531 [0]
1293 1424 [9]
1356 1366 [4]
1319 1409 [0]
1283 1443 [2]
1280 1452 [0]
1238 1496 [0]
1257 1478 [0]
1270 1465 [0]
1262 1466 [8]
1160 1575 [2]
1204 1524 [11]
1148 1592 [0]
1252 1486 [5]
1227 1515 [2]
1305 1440 [0]
1302 1444 [0]
1325 1422 [0]
1349 1398 [0]
1277 1469 [1]
1351 1397 [0]
1257 1489 [2]
1280 1467 [1]
1334 1410 [4]
1286 1463 [0]
1247 1503 [0]
1289 1461 [0]
1263 1486 [1]
1257 1494 [0]
1334 1421 [0]
1263 1485 [8]
1284 1473 [1]
1276 1479 [4]
1364 1388 [11]
1185 1574 [4]
1258 1503 [4]
1181 1586 [0]
1283 1482 [2]
1183 1574 [10]
1260 1514 [0]
1207 1570 [0]
1270 1509 [0]
1242 1539 [0]
1332 1453 [0]
1295 1492 [0]
1284 1503 [1]
1314 1467 [11]
1227 1563 [2]
1255 1538 [1]
1256 1527 [11]
1337 1458 [0]
1301 1494 [1]
1239 1560 [0]
1354 1445 [0]
1365 1436 [0]
1379 1423 [0]
1204 1596 [4]
1316 1494 [0]
1290 1513 [10]
1279 1532 [2]
1239 1575 [2]
1225 1597 [0]
1298 1518 [10]
1277 1552 [0]
1242 1578 [9]
1266 1569 [1]
1282 1555 [0]
1268 1593 [0]
1288 1574 [0]
1284 1579 [0]
1408 1456 [0]
1397 1466 [2]
1397 1465 [7]
1301 1569 [0]
1382 1491 [0]
1386 1487 [0]
1370 1503 [2]
1391 1486 [1]
1306 1573 [0]
1322 1561 [0]
1281 1594 [8]
1352 1530 [2]
1398 1492 [0]
1362 1532 [0]
1299 1586 [10]
1345 1553 [0]
1439 1459 [4]
1357 1547 [0]
1377 1525 [4]
1330 1578 [0]
1329 1570 [10]
1372 1538 [0]
1450 1461 [0]
1396 1530 [0]
1394 1539 [0]
1411 1524 [0]
1459 1466 [10]
1356 1576 [4]
1370 1566 [0]
1448 1486 [6]
1453 1488 [0]
1380 1554 [8]
1430 1516 [0]
1411 1531 [10]
1436 1521 [0]
1365 1593 [0]
1461 1497 [0]
1398 1562 [1]
1380 1571 [11]
1390 1573 [0]
1377 1586 [0]
1434 1532 [0]
1405 1561 [0]
1413 1565 [0]
1402 1577 [0]
1454 1529 [2]
1462 1522 [1]
1442 1546 [1]
1425 1565 [0]
1473 1517 [1]
1403 1592 [0]
1485 1508 [8]
1459 1540 [5]
1484 1522 [1]
1449 1564 [0]
1470 1543 [0]
1454 1576 [2]
1508 1516 [10]
1441 1596 [0]
1518 1519 [0]
1478 1559 [2]
1458 1582 [0]
1511 1531 [0]
1448 1598 [0]
1499 1572 [0]
1513 1574 [0]
1540 1551 [9]
1541 1576 [0]
1565 1579 [1]
1563 1583 [0]
1572 1593 [2]
