32
3
3
21
10
24
0
17
28
9
19
14
8
5
26
13
11
6
15
1
29
25
16
31
27
18
20
12
22
23
30
7
4
2
0 5 [2]
2 10 [0]
5 8 [0]
1 15 [0]
6 11 [0]
5 13 [0]
8 11 [0]
9 12 [1]
8 12 [1]
8 14 [0]
6 16 [0]
11 13 [0]
9 14 [1]
5 17 [2]
4 21 [2]
1 25 [2]
11 16 [0]
11 15 [2]
10 17 [0]
4 24 [1]
8 20 [1]
1 29 [1]
14 16 [0]
2 28 [0]
15 16 [0]
9 23 [0]
14 19 [2]
10 21 [0]
10 24 [0]
6 27 [1]
8 27 [1]
4 30 [2]
7 28 [0]
16 19 [0]
6 29 [1]
13 21 [2]
12 24 [1]
11 27 [1]
18 20 [0]
12 27 [0]
17 24 [1]
13 26 [2]
20 23 [2]
18 27 [0]
19 28 [2]
16 30 [2]
21 25 [2]
19 31 [0]
23 28 [0]
20 31 [2]
21 30 [2]
20 30 [2]
22 31 [0]
23 30 [0]
23 31 [0]
25 29 [2]
27 31 [0]
25 31 [1]
