1600
12
41
180
320
353
414
958
1287
1533
800
322
72
196
456
27
83
261
47
150
218
119
224
698
305
169
703
435
101
274
87
135
92
343
380
12
262
30
278
113
5
1312
156
171
515
133
256
277
102
387
129
533
276
713
1320
444
50
327
67
474
170
89
157
650
57
319
429
185
537
70
118
225
1224
104
215
0
95
76
582
212
201
100
249
34
64
989
254
684
547
62
49
452
138
38
8
705
177
16
146
65
402
231
241
1
541
791
9
403
672
121
202
356
287
501
136
128
798
819
405
273
390
203
404
638
592
74
73
660
71
518
337
340
33
21
335
187
93
60
26
48
913
195
897
386
182
167
219
505
357
281
44
538
385
11
24
227
7
107
397
66
333
142
449
754
634
299
497
925
332
35
140
271
55
600
108
953
79
751
725
618
36
510
247
744
378
577
6
973
164
68
144
374
293
85
192
664
303
149
616
159
115
525
173
870
461
147
90
570
80
205
393
289
110
455
88
763
105
181
655
158
132
42
52
408
175
680
111
106
640
486
653
148
373
410
709
434
997
1078
22
145
364
234
602
665
606
825
253
1044
103
1215
239
495
906
1020
409
920
282
344
272
342
459
513
371
860
527
325
530
130
1112
605
1140
552
835
396
535
206
1337
524
810
683
886
313
574
629
681
508
580
389
270
696
338
323
383
236
976
151
631
661
360
1049
485
339
938
2
624
359
186
770
450
1065
59
607
69
566
1486
18
394
1031
857
493
489
54
523
823
887
37
178
882
40
834
471
426
306
562
97
849
242
1103
127
295
641
1406
632
134
644
355
285
123
528
756
208
1246
480
900
659
1076
576
304
587
567
176
777
473
425
391
420
948
692
82
23
771
604
494
609
372
448
230
1141
500
399
685
788
31
1256
822
184
667
614
29
499
345
711
1093
520
112
1388
880
1009
56
346
243
194
300
392
697
122
1351
488
370
160
952
220
13
1165
879
891
469
936
828
296
1077
379
174
223
328
99
586
1245
191
1094
990
1314
216
908
623
710
779
972
1321
445
457
1115
719
682
889
347
481
1052
572
859
575
596
78
39
291
263
418
126
454
238
630
131
45
367
693
193
654
411
590
553
1380
384
75
686
255
314
28
804
1317
197
210
288
617
1155
496
837
63
316
540
563
267
283
862
246
143
1259
58
546
498
381
183
251
478
294
382
783
1110
421
1480
152
125
124
400
43
915
1041
1152
188
221
747
1308
264
179
730
1196
503
237
428
894
1176
460
841
375
416
1262
235
479
645
940
257
266
735
1192
286
162
847
960
543
312
1074
1540
1124
259
1132
213
824
1043
155
161
1485
526
809
812
109
565
1082
10
116
687
851
482
550
228
244
204
165
1010
803
1139
472
198
832
430
439
424
368
838
331
292
957
555
309
1437
1175
642
466
260
626
628
899
153
1304
1195
258
970
137
781
1451
1525
365
438
689
861
350
678
475
1002
695
816
189
302
4
1101
1012
1149
813
91
1219
1135
564
511
548
51
961
729
1120
963
284
775
1281
413
556
815
214
1193
1254
172
334
417
265
398
290
1242
981
1197
675
1418
951
1119
32
594
560
217
476
669
362
268
911
308
352
939
326
996
1180
1114
708
168
229
1005
1035
1204
1057
1154
1390
986
772
330
84
944
269
166
759
96
61
245
120
1018
622
1449
1220
477
621
1345
778
863
534
226
679
15
19
1189
733
1107
1113
869
969
728
643
613
1070
1272
1322
842
852
1022
864
1241
1117
748
561
888
714
433
830
752
817
491
1384
321
975
1042
843
718
1356
280
463
734
1001
608
571
1073
1264
1185
209
1479
919
467
854
1299
795
1335
1419
431
545
611
636
512
1004
1420
1015
462
875
1184
578
663
531
395
468
668
845
826
363
1432
549
1127
591
844
1521
699
649
867
207
750
514
1358
1025
366
222
412
406
865
423
907
516
1309
1257
297
317
792
77
369
785
760
1457
492
802
558
1248
1188
796
581
1338
704
1355
1379
377
1424
232
701
1460
1523
1130
743
671
419
635
3
965
738
1183
878
651
700
539
1329
1198
1258
732
1163
507
559
904
773
1067
946
1410
762
966
603
1297
532
652
1504
1330
757
551
248
1027
275
1148
1332
1453
749
896
677
985
1325
1422
876
1019
717
361
1391
856
673
1104
776
25
1199
94
348
1100
250
354
731
872
846
633
688
1170
1108
720
881
1143
1090
916
820
702
1572
199
1244
988
163
1118
1086
1590
233
1179
544
780
542
805
1136
978
1003
922
979
808
1459
707
1237
898
1099
1305
1098
1360
1585
86
1239
801
599
464
998
971
1594
774
994
1045
1400
569
1016
674
739
648
789
1318
676
836
1268
307
921
1134
1033
1534
1581
1171
529
14
114
1007
1111
1382
1491
910
1402
1577
1063
341
1106
1064
1365
933
1233
840
1203
1333
1263
1225
1597
200
557
487
1463
1286
716
758
982
432
619
765
504
536
853
1373
1293
401
932
1500
20
1456
490
1378
358
522
745
376
657
1006
992
484
1474
1137
987
1079
589
1227
746
1279
909
1051
1228
848
821
1501
46
315
442
1454
336
1381
827
1411
1524
53
901
190
1393
995
794
1307
1483
1519
1518
782
1438
1032
1235
318
427
1291
1339
407
724
1290
1121
1024
1131
1181
1030
139
877
1353
440
1444
1302
415
736
1217
884
453
883
727
1478
858
1208
949
1270
786
81
1222
1050
1564
912
885
955
1344
694
483
1231
1442
753
446
1153
1205
1151
942
1546
388
627
436
1266
1084
1569
1301
1075
1200
1446
1494
1316
1008
1517
931
1346
1210
893
831
1092
1473
637
1157
1186
1477
1284
1392
1232
1503
943
329
1147
1294
1547
1357
903
458
1252
1048
1269
1303
349
1334
1421
1216
1567
1506
871
950
868
806
1490
917
974
1105
993
892
1319
1047
98
465
579
1095
866
1122
1401
1298
1404
839
1046
769
573
1372
1538
1146
1439
1255
977
797
1011
422
1405
1561
1036
1511
1531
298
1194
593
1172
1177
1173
662
141
715
1212
1166
1370
1566
451
1565
502
923
1037
1487
1386
1413
1425
1579
554
1059
945
991
1116
742
929
927
818
595
1326
706
1088
519
1429
761
1435
1174
252
1080
584
1498
1549
764
890
956
1261
1276
1427
1313
874
1354
1445
1397
902
1071
1162
1347
833
1190
1598
1448
829
959
1058
1271
568
601
1426
1223
324
1513
1574
1097
1430
1516
962
1164
517
1580
598
1323
1062
1396
1530
240
610
1021
767
1341
1054
1352
506
967
1466
947
1280
1359
1452
1467
1340
1578
1508
1288
741
1133
1369
937
855
1394
1283
1055
1142
1544
1202
1443
470
926
1462
784
964
1522
1085
1484
740
1495
1550
1482
670
1247
612
984
1529
1249
980
1455
1374
1539
1026
1366
1221
924
1583
1563
1349
1398
1129
1492
1295
690
1562
1507
1289
1461
1450
1497
1362
799
588
1532
1434
1226
1367
1250
721
1213
1159
1331
154
1464
1029
1306
1573
351
1526
1109
1251
1465
787
1273
117
1541
1576
1441
722
211
723
1596
1182
1409
1168
1515
1158
1469
691
1277
1376
1407
1191
1552
1471
656
1556
1399
625
1234
1038
1559
441
1060
1327
17
1509
1275
1267
1599
766
1371
620
597
811
1336
301
1389
1496
1013
1238
1368
983
1403
1592
1476
1586
1377
1571
737
1584
509
968
1440
1145
1229
1207
1570
1415
1575
807
1527
1138
1160
1034
1428
1230
1296
1292
437
583
1588
1348
1040
1408
615
1560
1436
1593
1417
1240
793
1528
954
310
1537
918
1493
1557
1000
1328
1553
1568
1087
1416
1542
1510
666
521
1072
1472
1023
1282
1555
1209
1595
712
1028
1315
1274
585
1554
1150
1499
999
1187
1069
1551
1514
1260
1488
1364
941
1423
1300
1383
873
647
1096
1489
1169
1350
1278
755
1387
934
1363
1053
1061
914
1548
1091
1475
1361
1089
1481
1310
768
1589
1324
1128
1265
1536
658
1412
1211
1545
1206
1458
1582
1447
279
1433
1161
1431
1414
1014
1123
1102
1167
1201
1470
1125
1543
895
1512
1214
1081
1126
790
311
930
814
1017
1502
1311
850
928
1342
1156
1558
1520
1253
1068
1178
1218
1285
1385
1144
1587
1535
1243
1343
1056
447
1591
443
1083
726
905
935
1505
639
1039
1066
1395
1375
1468
646
1236
15 19 [0]
11 24 [0]
8 38 [0]
21 33 [0]
26 48 [0]
26 60 [0]
38 42 [10]
42 52 [0]
0 95 [0]
34 64 [0]
23 82 [0]
27 83 [0]
49 62 [0]
7 107 [0]
39 78 [0]
5 113 [0]
10 116 [0]
14 114 [0]
73 74 [0]
60 93 [0]
61 96 [0]
16 146 [0]
60 99 [4]
22 145 [0]
76 95 [0]
42 132 [0]
35 140 [0]
38 138 [0]
45 131 [0]
70 118 [0]
16 177 [0]
7 183 [3]
47 150 [0]
65 146 [0]
68 144 [0]
0 215 [0]
37 178 [0]
106 111 [0]
87 135 [0]
38 175 [10]
16 208 [1]
92 135 [0]
68 164 [0]
13 220 [0]
7 227 [0]
96 135 [3]
90 147 [0]
1 241 [0]
4 241 [1]
89 157 [0]
124 125 [0]
24 227 [0]
89 170 [0]
128 136 [0]
72 196 [0]
12 262 [0]
115 159 [0]
26 246 [3]
125 152 [0]
85 192 [0]
93 187 [0]
34 249 [0]
137 147 [1]
80 205 [0]
132 158 [0]
30 262 [0]
12 279 [8]
100 201 [0]
27 273 [2]
61 245 [0]
4 302 [0]
47 261 [0]
30 278 [0]
38 268 [3]
132 184 [1]
155 161 [0]
24 291 [4]
104 215 [0]
79 241 [1]
121 202 [0]
44 281 [0]
55 271 [0]
156 171 [0]
39 291 [0]
113 211 [6]
47 286 [1]
119 218 [0]
15 321 [3]
28 314 [0]
118 225 [0]
119 224 [0]
83 261 [0]
100 249 [0]
167 182 [0]
21 335 [0]
111 248 [1]
46 315 [0]
87 274 [0]
120 245 [0]
35 332 [0]
150 218 [0]
165 204 [0]
33 340 [0]
101 274 [0]
95 273 [7]
57 319 [0]
50 327 [0]
85 293 [0]
102 277 [0]
63 316 [0]
62 318 [4]
167 219 [0]
143 246 [0]
133 256 [0]
89 301 [1]
100 286 [4]
113 278 [0]
12 380 [0]
72 322 [0]
67 327 [0]
11 385 [0]
168 229 [0]
174 223 [0]
66 333 [0]
110 289 [0]
93 308 [1]
56 346 [0]
156 239 [10]
197 210 [0]
123 285 [0]
188 221 [0]
183 220 [6]
140 271 [0]
18 394 [0]
45 367 [0]
9 403 [0]
201 212 [0]
84 330 [0]
131 285 [1]
60 357 [2]
72 350 [1]
101 321 [1]
87 325 [10]
127 295 [0]
72 348 [3]
133 282 [10]
99 328 [0]
11 417 [3]
183 251 [0]
92 343 [0]
166 269 [0]
194 243 [0]
80 359 [1]
94 348 [0]
179 264 [0]
43 400 [0]
77 369 [0]
186 262 [1]
162 286 [0]
204 244 [0]
187 259 [3]
223 227 [1]
149 303 [0]
184 271 [1]
216 241 [1]
136 315 [6]
158 296 [4]
159 292 [8]
75 384 [0]
52 408 [0]
134 327 [1]
66 397 [0]
70 392 [1]
65 402 [0]
57 412 [1]
113 351 [6]
228 244 [0]
231 241 [0]
169 305 [0]
142 333 [0]
46 422 [8]
85 396 [1]
27 456 [0]
52 431 [1]
9 476 [3]
102 387 [0]
197 293 [1]
189 302 [0]
50 444 [0]
194 300 [0]
57 439 [1]
210 288 [0]
30 461 [9]
49 452 [0]
107 397 [0]
172 334 [0]
33 476 [1]
164 345 [1]
11 497 [1]
145 364 [0]
136 375 [4]
129 387 [0]
144 374 [0]
56 458 [5]
0 516 [3]
148 373 [0]
187 335 [0]
257 266 [0]
87 426 [10]
124 400 [0]
18 507 [1]
29 499 [0]
160 370 [0]
151 380 [1]
30 502 [1]
256 277 [0]
101 435 [0]
138 399 [1]
83 449 [7]
182 357 [1]
67 474 [0]
164 369 [8]
1 541 [0]
54 489 [0]
88 455 [0]
14 529 [0]
126 418 [0]
186 359 [0]
36 510 [0]
27 518 [2]
18 528 [4]
267 283 [0]
156 386 [9]
223 328 [0]
174 379 [0]
263 291 [0]
269 289 [1]
202 356 [0]
170 384 [4]
62 500 [1]
98 465 [0]
183 381 [0]
201 357 [7]
110 455 [0]
182 386 [0]
255 314 [0]
152 406 [11]
93 475 [3]
54 523 [0]
126 454 [0]
44 538 [0]
136 444 [2]
6 577 [0]
175 408 [0]
21 561 [3]
241 341 [4]
222 366 [0]
243 346 [0]
71 518 [0]
211 379 [1]
138 452 [0]
49 541 [1]
142 449 [0]
49 543 [1]
203 390 [0]
167 430 [1]
205 393 [0]
234 364 [0]
268 328 [2]
71 528 [1]
51 548 [0]
35 565 [3]
58 546 [0]
250 354 [0]
16 587 [1]
9 598 [1]
203 404 [0]
70 537 [0]
147 461 [0]
62 547 [0]
297 317 [0]
185 429 [0]
272 342 [0]
277 335 [2]
215 393 [7]
232 380 [3]
272 344 [0]
236 383 [0]
211 400 [10]
11 609 [1]
104 514 [3]
292 331 [0]
32 594 [0]
2 624 [0]
282 344 [0]
83 547 [1]
268 362 [0]
245 384 [2]
112 520 [0]
231 402 [0]
18 613 [2]
222 412 [0]
27 600 [7]
10 613 [11]
69 566 [0]
52 580 [1]
15 612 [10]
136 501 [0]
281 357 [0]
3 635 [0]
250 390 [1]
115 525 [0]
285 355 [0]
85 553 [3]
83 559 [1]
177 455 [10]
29 614 [0]
287 356 [0]
68 572 [4]
170 474 [0]
218 422 [4]
202 444 [1]
308 328 [11]
69 573 [5]
22 626 [1]
133 515 [0]
80 570 [0]
123 528 [0]
217 435 [1]
196 456 [0]
295 356 [1]
36 618 [0]
55 600 [0]
289 356 [10]
76 582 [0]
270 389 [0]
97 562 [0]
308 352 [0]
130 530 [0]
66 590 [4]
90 570 [0]
323 338 [0]
129 533 [0]
255 407 [1]
273 390 [0]
227 438 [1]
237 428 [0]
59 607 [0]
74 592 [0]
104 552 [10]
78 584 [5]
293 374 [0]
261 399 [10]
198 472 [0]
119 547 [5]
22 651 [1]
78 596 [0]
109 565 [0]
305 370 [1]
294 382 [0]
69 607 [0]
24 653 [1]
337 340 [0]
273 405 [0]
230 448 [0]
263 418 [0]
265 417 [0]
289 393 [0]
223 455 [4]
202 470 [11]
325 357 [1]
99 586 [0]
171 515 [0]
290 398 [0]
87 602 [1]
238 454 [0]
300 392 [0]
129 563 [1]
217 476 [0]
15 679 [0]
305 390 [2]
173 525 [0]
164 525 [9]
21 678 [3]
59 644 [1]
71 631 [1]
285 419 [1]
63 637 [4]
323 383 [0]
57 650 [0]
272 433 [2]
108 600 [0]
82 621 [6]
112 600 [1]
8 705 [0]
235 479 [0]
164 551 [1]
168 545 [7]
185 537 [0]
337 377 [8]
105 618 [1]
343 380 [0]
219 505 [0]
260 466 [0]
15 712 [1]
121 606 [1]
185 542 [1]
220 509 [1]
251 478 [0]
71 660 [0]
306 426 [0]
73 660 [0]
239 495 [0]
30 701 [3]
7 722 [5]
182 553 [1]
274 456 [5]
337 399 [1]
322 412 [2]
141 592 [6]
237 503 [0]
126 603 [11]
57 682 [1]
206 535 [0]
212 521 [8]
176 567 [0]
280 463 [0]
318 427 [0]
80 663 [2]
106 640 [0]
319 429 [0]
237 502 [9]
334 417 [0]
126 626 [1]
285 460 [8]
170 577 [7]
273 483 [1]
315 442 [0]
65 689 [3]
247 510 [0]
119 636 [3]
362 388 [9]
226 534 [0]
217 539 [4]
368 390 [3]
75 686 [0]
131 630 [0]
362 393 [8]
123 635 [6]
338 418 [8]
87 674 [3]
149 616 [0]
278 483 [4]
134 632 [0]
47 720 [1]
203 554 [11]
314 456 [1]
142 622 [8]
294 478 [0]
82 692 [0]
289 481 [4]
159 616 [0]
94 674 [7]
323 443 [10]
203 574 [1]
110 658 [9]
171 603 [3]
335 435 [7]
217 560 [0]
134 644 [0]
52 720 [6]
228 550 [0]
183 585 [10]
37 743 [1]
307 474 [1]
151 631 [0]
232 547 [3]
373 410 [0]
7 768 [9]
11 775 [1]
135 652 [1]
92 696 [1]
287 501 [0]
196 585 [8]
340 450 [1]
264 520 [6]
111 680 [0]
375 416 [0]
138 651 [3]
368 424 [0]
121 672 [0]
212 582 [0]
23 771 [0]
171 623 [1]
0 790 [5]
299 497 [0]
85 712 [1]
248 551 [0]
69 728 [2]
278 517 [4]
9 791 [0]
148 653 [0]
342 459 [0]
25 776 [0]
148 648 [6]
116 687 [0]
141 662 [0]
365 438 [0]
146 654 [4]
373 424 [8]
280 514 [11]
196 610 [1]
287 510 [10]
157 650 [0]
151 651 [6]
276 533 [0]
391 420 [0]
74 735 [3]
237 567 [8]
66 747 [1]
158 655 [0]
182 633 [1]
398 417 [0]
281 529 [6]
391 425 [0]
332 481 [4]
406 412 [0]
135 684 [1]
249 570 [1]
122 697 [0]
31 788 [0]
123 697 [1]
372 448 [0]
172 649 [1]
164 658 [1]
197 626 [1]
131 687 [6]
66 750 [8]
339 485 [0]
354 466 [5]
69 745 [11]
323 503 [1]
268 548 [11]
56 772 [1]
107 721 [1]
347 481 [0]
157 661 [10]
0 824 [4]
267 563 [0]
79 751 [0]
140 692 [1]
28 804 [0]
72 758 [3]
234 602 [0]
338 492 [6]
181 655 [0]
183 655 [1]
205 637 [1]
123 718 [2]
345 499 [0]
63 784 [1]
193 654 [0]
344 504 [1]
314 535 [1]
332 506 [11]
190 660 [1]
240 610 [0]
9 842 [1]
184 667 [0]
88 763 [0]
325 527 [0]
136 717 [1]
393 457 [4]
90 758 [6]
96 759 [0]
325 530 [0]
312 543 [0]
335 510 [10]
337 518 [0]
175 680 [0]
192 664 [0]
327 521 [8]
316 540 [0]
141 715 [0]
59 799 [1]
370 488 [0]
187 666 [5]
147 709 [3]
159 697 [4]
1 860 [1]
408 442 [11]
333 526 [3]
177 677 [8]
357 505 [0]
99 764 [1]
424 439 [0]
277 576 [10]
395 468 [0]
309 555 [0]
201 658 [5]
311 555 [1]
263 600 [4]
81 786 [0]
102 766 [1]
105 763 [0]
238 630 [0]
233 630 [5]
77 792 [0]
135 734 [1]
430 439 [0]
359 512 [1]
75 787 [9]
169 703 [0]
73 794 [6]
40 834 [0]
66 797 [11]
80 795 [1]
135 736 [4]
11 861 [3]
134 742 [1]
168 708 [0]
124 743 [11]
381 498 [0]
358 522 [0]
304 576 [0]
365 516 [1]
187 695 [1]
177 705 [0]
10 874 [1]
371 513 [0]
221 660 [4]
47 839 [1]
260 626 [0]
193 693 [0]
29 858 [1]
232 655 [1]
313 574 [0]
115 773 [1]
234 653 [1]
192 691 [5]
304 587 [0]
193 701 [1]
426 471 [0]
293 593 [11]
263 635 [1]
425 473 [0]
399 500 [0]
27 868 [4]
56 837 [6]
185 705 [9]
63 837 [0]
26 867 [8]
36 866 [1]
102 798 [2]
445 457 [0]
271 633 [1]
433 471 [1]
91 813 [0]
226 679 [0]
288 617 [0]
249 658 [1]
361 548 [1]
179 730 [0]
272 636 [2]
259 655 [1]
386 528 [1]
137 781 [0]
38 879 [1]
52 868 [1]
149 765 [6]
109 812 [0]
303 614 [4]
224 698 [0]
40 882 [0]
385 538 [0]
148 771 [4]
37 887 [0]
166 759 [0]
128 798 [0]
395 531 [0]
147 774 [6]
124 805 [1]
79 842 [8]
222 705 [3]
347 582 [1]
113 815 [3]
396 535 [0]
196 734 [2]
119 807 [6]
241 681 [10]
212 712 [8]
299 634 [0]
211 722 [0]
232 701 [0]
293 643 [1]
131 804 [1]
295 641 [0]
238 699 [1]
254 684 [0]
46 890 [3]
33 907 [1]
2 938 [0]
411 530 [1]
255 686 [0]
323 618 [1]
167 764 [11]
249 695 [1]
140 796 [8]
347 598 [1]
181 763 [0]
83 863 [1]
97 849 [0]
397 546 [3]
422 525 [1]
455 494 [1]
45 901 [5]
461 489 [1]
176 777 [0]
53 901 [0]
194 749 [11]
378 577 [0]
186 770 [0]
207 750 [0]
428 530 [1]
43 915 [0]
10 946 [4]
397 562 [1]
48 913 [0]
208 756 [0]
294 671 [1]
454 511 [1]
270 696 [0]
356 609 [1]
24 943 [1]
303 664 [0]
334 633 [1]
87 879 [1]
452 507 [8]
221 747 [0]
3 965 [0]
389 580 [0]
413 556 [0]
128 844 [1]
151 821 [1]
386 586 [1]
459 513 [0]
186 787 [1]
10 961 [2]
333 639 [2]
310 660 [5]
431 545 [0]
342 631 [3]
459 518 [1]
176 796 [6]
72 904 [3]
6 973 [0]
333 644 [3]
372 609 [0]
489 493 [0]
48 935 [1]
359 624 [0]
238 746 [1]
131 848 [5]
362 612 [10]
94 892 [1]
118 865 [3]
445 542 [1]
375 609 [3]
43 934 [10]
100 888 [1]
426 562 [0]
276 713 [0]
67 919 [3]
43 944 [2]
59 931 [1]
174 816 [1]
273 712 [5]
357 627 [6]
68 923 [1]
247 744 [0]
274 709 [9]
134 850 [10]
468 527 [2]
193 804 [1]
49 948 [1]
62 937 [1]
355 644 [0]
149 847 [3]
337 661 [1]
393 601 [5]
85 907 [8]
266 735 [0]
433 562 [6]
411 590 [0]
148 845 [8]
305 698 [0]
489 504 [11]
405 600 [1]
189 816 [0]
184 822 [0]
179 829 [1]
138 867 [3]
277 726 [5]
162 847 [0]
79 931 [1]
255 747 [8]
51 961 [0]
385 621 [8]
23 992 [1]
188 818 [9]
411 599 [5]
241 775 [1]
139 877 [0]
437 580 [1]
44 968 [5]
435 584 [1]
12 1008 [1]
360 661 [0]
75 938 [8]
505 506 [11]
186 837 [1]
342 680 [1]
237 782 [4]
164 861 [1]
142 875 [8]
101 922 [3]
84 944 [0]
350 678 [0]
214 815 [0]
387 632 [10]
227 803 [1]
198 832 [0]
432 592 [6]
362 669 [0]
79 953 [0]
169 862 [1]
376 657 [0]
387 646 [0]
93 929 [11]
338 696 [0]
175 860 [1]
213 824 [0]
179 854 [5]
133 906 [1]
92 944 [3]
63 971 [5]
151 888 [2]
68 974 [1]
485 551 [6]
404 638 [0]
335 700 [8]
173 870 [0]
201 843 [1]
465 579 [0]
359 679 [6]
149 891 [4]
487 557 [0]
471 568 [5]
498 546 [0]
517 518 [11]
168 871 [9]
196 844 [8]
499 543 [6]
80 959 [11]
432 619 [0]
92 955 [4]
153 899 [0]
196 853 [3]
64 989 [0]
257 787 [10]
419 635 [0]
87 965 [3]
345 711 [0]
439 610 [7]
478 579 [1]
121 938 [1]
511 548 [0]
284 775 [0]
178 882 [0]
367 693 [0]
108 953 [0]
505 553 [4]
464 599 [0]
219 833 [11]
436 627 [0]
447 607 [10]
256 804 [4]
60 1002 [3]
45 1018 [2]
411 654 [0]
56 1009 [0]
507 559 [0]
346 715 [5]
370 693 [3]
379 688 [1]
359 702 [6]
474 583 [11]
234 837 [1]
137 927 [9]
18 1056 [1]
207 867 [0]
403 672 [0]
511 564 [0]
44 1032 [1]
135 940 [1]
23 1055 [1]
361 717 [0]
253 825 [0]
231 848 [1]
34 1041 [4]
8 1062 [11]
280 802 [1]
389 688 [6]
123 952 [8]
399 685 [0]
354 731 [0]
267 812 [6]
474 612 [1]
356 724 [6]
418 658 [10]
455 631 [1]
80 1000 [7]
356 729 [3]
192 888 [8]
134 947 [7]
121 968 [1]
392 697 [0]
297 792 [0]
32 1051 [7]
419 671 [0]
242 849 [0]
162 928 [1]
190 901 [0]
195 897 [0]
325 759 [8]
10 1082 [0]
7 1079 [8]
6 1081 [7]
477 621 [0]
494 604 [0]
510 581 [8]
22 1078 [0]
330 772 [0]
540 563 [0]
494 609 [0]
118 978 [8]
4 1101 [0]
342 763 [1]
287 811 [8]
542 560 [4]
350 755 [1]
316 791 [1]
137 970 [0]
246 862 [0]
466 642 [0]
195 913 [0]
39 1062 [9]
215 886 [10]
501 600 [10]
101 1011 [1]
160 952 [0]
367 749 [1]
92 1026 [1]
164 943 [11]
410 709 [0]
164 953 [2]
114 1007 [0]
376 745 [0]
378 744 [0]
322 800 [0]
314 799 [9]
198 917 [7]
399 724 [1]
479 645 [0]
216 908 [0]
296 828 [0]
59 1065 [0]
410 705 [10]
68 1046 [11]
486 640 [0]
45 1070 [11]
132 990 [4]
438 689 [0]
151 976 [0]
295 821 [11]
109 1017 [1]
129 1001 [1]
407 724 [0]
430 701 [1]
10 1119 [2]
380 750 [3]
450 680 [3]
322 812 [1]
188 940 [6]
164 971 [1]
251 884 [1]
128 997 [10]
333 800 [2]
468 668 [0]
515 617 [4]
76 1061 [1]
164 973 [0]
518 611 [8]
120 1018 [0]
80 1047 [11]
473 656 [9]
435 703 [0]
6 1133 [1]
157 982 [1]
486 653 [0]
99 1041 [1]
107 1025 [8]
177 964 [1]
398 739 [4]
501 633 [8]
452 686 [4]
42 1101 [1]
553 590 [0]
434 709 [0]
114 1030 [1]
98 1047 [0]
185 960 [1]
205 940 [1]
239 906 [0]
476 669 [0]
283 862 [0]
6 1141 [0]
433 714 [0]
103 1044 [0]
106 1030 [11]
512 636 [0]
385 758 [6]
160 979 [11]
415 736 [0]
32 1119 [0]
412 738 [1]
163 988 [0]
499 653 [0]
27 1124 [1]
454 696 [3]
475 678 [0]
369 785 [0]
560 594 [0]
567 587 [0]
323 830 [2]
545 611 [0]
393 753 [11]
81 1065 [11]
318 837 [4]
507 650 [3]
261 900 [0]
430 724 [7]
303 857 [2]
203 954 [5]
247 917 [0]
239 926 [0]
382 783 [0]
500 667 [0]
124 1036 [7]
273 895 [0]
356 812 [0]
139 1030 [0]
455 714 [0]
459 710 [0]
568 601 [0]
331 838 [0]
575 596 [0]
328 837 [6]
220 952 [0]
527 643 [2]
49 1125 [0]
381 784 [9]
33 1142 [0]
226 945 [4]
425 747 [3]
165 1010 [0]
546 620 [10]
126 1040 [10]
402 775 [0]
433 744 [0]
483 694 [0]
13 1165 [0]
390 788 [0]
444 734 [0]
268 911 [0]
370 803 [6]
571 608 [0]
16 1165 [0]
382 795 [5]
79 1092 [11]
532 652 [0]
395 782 [7]
249 926 [11]
172 1014 [1]
327 859 [1]
521 666 [0]
38 1150 [0]
485 703 [0]
363 826 [0]
508 681 [0]
378 809 [3]
364 823 [4]
192 1000 [0]
390 803 [0]
359 829 [5]
66 1121 [6]
531 663 [0]
504 692 [0]
234 963 [0]
431 761 [5]
257 940 [0]
463 734 [0]
3 1186 [9]
155 1043 [0]
293 906 [0]
313 886 [0]
343 856 [0]
446 753 [0]
106 1094 [0]
530 670 [0]
384 807 [10]
282 920 [0]
449 754 [0]
390 805 [8]
574 629 [0]
104 1095 [6]
92 1103 [10]
368 838 [0]
430 776 [0]
355 845 [6]
378 818 [11]
178 1030 [0]
19 1189 [0]
71 1131 [6]
169 1041 [0]
337 865 [8]
479 729 [2]
45 1166 [0]
350 861 [0]
493 707 [11]
551 661 [0]
236 976 [0]
469 744 [0]
269 944 [0]
385 820 [8]
121 1094 [0]
179 1032 [4]
430 780 [5]
578 636 [1]
148 1062 [5]
547 669 [0]
183 1026 [7]
146 1064 [6]
375 841 [0]
171 1046 [0]
562 655 [0]
140 1076 [1]
597 620 [0]
151 1068 [0]
308 911 [0]
313 899 [8]
450 770 [0]
128 1087 [5]
468 753 [0]
196 1021 [4]
0 1222 [0]
201 1022 [0]
179 1034 [10]
405 819 [0]
25 1199 [0]
45 1169 [10]
126 1102 [0]
307 921 [0]
258 970 [0]
383 843 [2]
187 1039 [2]
598 627 [3]
36 1193 [0]
568 661 [0]
113 1113 [3]
283 938 [8]
246 978 [5]
127 1103 [0]
198 1032 [0]
228 1002 [0]
592 638 [0]
254 977 [0]
347 884 [0]
371 860 [0]
547 684 [0]
396 835 [0]
402 831 [0]
498 733 [2]
229 1005 [0]
219 1017 [0]
347 889 [0]
425 811 [0]
378 855 [5]
431 797 [10]
38 1201 [0]
539 700 [0]
578 663 [0]
370 866 [5]
130 1112 [0]
254 989 [0]
537 696 [10]
389 854 [2]
277 966 [3]
611 636 [0]
284 963 [0]
162 1078 [8]
65 1177 [6]
292 957 [0]
15 1235 [0]
473 777 [0]
158 1086 [6]
241 1010 [0]
302 950 [0]
567 685 [0]
61 1184 [7]
501 745 [6]
36 1217 [0]
47 1202 [4]
626 628 [0]
304 951 [0]
48 1199 [8]
613 643 [0]
238 1017 [1]
599 657 [1]
332 925 [0]
537 715 [6]
308 944 [6]
121 1130 [8]
365 895 [0]
293 965 [2]
580 681 [0]
158 1092 [11]
590 669 [2]
430 832 [0]
181 1077 [4]
474 788 [1]
433 830 [0]
514 750 [0]
310 954 [0]
101 1164 [0]
356 909 [0]
326 939 [0]
197 1063 [5]
171 1083 [11]
46 1212 [8]
602 665 [0]
522 745 [0]
599 666 [2]
137 1122 [9]
340 922 [6]
18 1251 [0]
504 765 [0]
580 689 [0]
446 825 [0]
606 665 [0]
406 865 [0]
329 943 [0]
591 680 [2]
547 728 [0]
390 886 [1]
339 938 [0]
472 801 [4]
607 667 [3]
562 710 [8]
203 1074 [3]
163 1118 [0]
614 667 [0]
386 897 [0]
528 756 [0]
479 803 [2]
389 890 [5]
359 926 [0]
191 1094 [0]
99 1187 [0]
300 975 [11]
150 1134 [3]
29 1258 [0]
472 814 [1]
144 1143 [0]
314 964 [9]
113 1168 [6]
31 1256 [0]
289 992 [6]
499 783 [6]
423 865 [0]
444 834 [10]
344 945 [0]
512 777 [0]
533 756 [0]
15 1274 [1]
92 1194 [4]
352 939 [0]
593 698 [0]
57 1235 [0]
256 1036 [0]
555 737 [0]
631 661 [0]
633 654 [5]
94 1199 [0]
223 1070 [0]
227 1067 [0]
492 802 [0]
201 1090 [3]
321 975 [0]
253 1044 [0]
630 665 [3]
338 961 [0]
42 1259 [0]
498 803 [0]
460 841 [0]
536 765 [1]
275 1027 [0]
124 1168 [10]
81 1222 [0]
254 1051 [0]
471 834 [0]
366 932 [7]
24 1274 [7]
380 926 [0]
62 1245 [0]
491 817 [0]
141 1166 [1]
551 757 [0]
568 741 [0]
561 748 [0]
72 1236 [1]
629 681 [0]
91 1219 [0]
537 767 [6]
87 1224 [0]
503 808 [0]
149 1154 [8]
95 1209 [8]
655 659 [0]
148 1162 [5]
577 739 [0]
59 1252 [5]
515 790 [11]
58 1259 [0]
5 1312 [0]
103 1215 [0]
576 731 [11]
295 1018 [6]
511 807 [1]
551 763 [6]
186 1135 [0]
467 854 [0]
627 694 [1]
542 780 [0]
428 894 [0]
287 1036 [0]
479 844 [0]
346 975 [2]
229 1095 [0]
544 780 [0]
86 1239 [0]
471 854 [0]
500 826 [0]
5 1322 [0]
400 922 [5]
623 703 [1]
104 1224 [0]
71 1254 [3]
231 1094 [4]
409 920 [0]
498 826 [5]
228 1102 [0]
632 691 [7]
423 907 [0]
461 870 [0]
431 889 [11]
337 995 [0]
541 791 [0]
224 1102 [6]
252 1080 [0]
542 791 [0]
496 837 [0]
482 851 [0]
401 932 [0]
507 819 [8]
524 810 [0]
526 809 [0]
632 703 [0]
73 1253 [9]
60 1272 [3]
281 1055 [0]
287 1049 [0]
453 883 [0]
453 884 [0]
462 875 [0]
228 1104 [5]
543 791 [4]
629 704 [6]
464 867 [9]
188 1152 [0]
488 852 [2]
106 1229 [7]
573 769 [0]
60 1271 [11]
33 1303 [6]
369 964 [10]
618 725 [0]
218 1121 [4]
17 1327 [0]
34 1310 [0]
177 1167 [0]
634 703 [7]
175 1165 [4]
42 1291 [11]
93 1252 [0]
535 810 [0]
213 1132 [0]
500 843 [2]
40 1299 [6]
242 1103 [0]
2 1344 [0]
523 823 [0]
542 805 [0]
66 1282 [0]
391 957 [0]
132 1205 [11]
649 699 [0]
6 1343 [0]
382 967 [0]
390 954 [5]
343 1000 [6]
14 1336 [0]
250 1100 [0]
493 857 [0]
247 1092 [11]
403 937 [11]
671 674 [7]
473 874 [5]
1 1341 [11]
86 1261 [8]
503 847 [5]
137 1219 [0]
129 1221 [6]
600 748 [8]
334 1019 [4]
182 1164 [11]
410 948 [0]
600 758 [0]
451 897 [11]
430 930 [0]
469 891 [0]
558 802 [0]
132 1229 [0]
458 903 [0]
100 1250 [11]
464 887 [11]
375 986 [2]
5 1354 [6]
550 813 [2]
667 688 [11]
666 699 [1]
333 1034 [0]
390 978 [0]
418 950 [0]
420 948 [0]
313 1052 [3]
230 1141 [0]
556 815 [0]
643 728 [0]
296 1077 [0]
467 907 [0]
335 1033 [6]
152 1223 [0]
604 771 [0]
117 1259 [0]
608 768 [0]
619 750 [7]
39 1338 [0]
476 901 [0]
581 796 [0]
273 1103 [1]
327 1051 [0]
147 1225 [6]
484 889 [5]
140 1239 [0]
125 1253 [1]
671 705 [3]
321 1050 [9]
480 900 [0]
640 743 [0]
376 1006 [0]
596 776 [11]
259 1124 [0]
619 765 [0]
187 1187 [11]
439 938 [8]
166 1220 [0]
312 1074 [0]
467 919 [0]
34 1351 [1]
527 860 [0]
552 835 [0]
588 799 [0]
648 739 [0]
634 754 [0]
643 736 [9]
288 1101 [0]
536 853 [0]
561 828 [0]
90 1292 [7]
391 993 [5]
117 1273 [0]
383 1007 [0]
486 900 [4]
212 1175 [3]
590 795 [5]
366 1025 [0]
259 1132 [0]
54 1332 [6]
543 850 [0]
609 784 [0]
506 884 [3]
209 1185 [0]
114 1277 [3]
378 1017 [0]
465 929 [1]
593 792 [10]
63 1323 [9]
392 1001 [2]
470 926 [0]
49 1336 [11]
195 1202 [0]
534 863 [0]
1 1389 [8]
332 1065 [1]
215 1177 [6]
576 817 [6]
599 801 [0]
519 870 [11]
550 851 [0]
647 754 [0]
682 719 [0]
9 1387 [5]
561 834 [6]
143 1259 [0]
130 1265 [7]
341 1063 [0]
130 1275 [0]
469 936 [0]
214 1193 [0]
418 980 [9]
400 1008 [0]
360 1049 [0]
238 1162 [9]
162 1238 [10]
650 757 [3]
420 989 [1]
193 1218 [1]
233 1179 [0]
216 1197 [0]
284 1129 [0]
595 818 [0]
558 849 [6]
671 743 [0]
166 1244 [4]
34 1375 [5]
432 982 [0]
260 1146 [9]
224 1189 [3]
374 1043 [0]
626 790 [1]
387 1020 [10]
489 923 [5]
78 1330 [11]
376 1040 [3]
159 1256 [4]
179 1230 [10]
192 1217 [11]
97 1317 [8]
497 925 [0]
205 1215 [2]
516 907 [0]
275 1148 [0]
671 748 [4]
31 1393 [0]
394 1031 [0]
698 727 [0]
502 923 [0]
518 901 [6]
172 1254 [0]
252 1174 [0]
618 809 [0]
35 1389 [5]
409 1020 [0]
129 1295 [6]
572 859 [0]
606 825 [0]
422 1011 [0]
345 1089 [0]
575 859 [0]
517 907 [10]
11 1413 [11]
591 844 [0]
511 919 [5]
191 1245 [0]
648 789 [0]
663 764 [10]
292 1146 [0]
681 757 [0]
647 792 [0]
314 1116 [9]
618 814 [7]
524 905 [10]
391 1044 [4]
360 1080 [0]
150 1291 [0]
152 1289 [0]
323 1119 [0]
323 1117 [2]
199 1244 [0]
226 1217 [0]
546 893 [4]
0 1444 [0]
537 908 [1]
280 1157 [9]
348 1100 [0]
241 1204 [3]
225 1224 [0]
293 1156 [0]
630 808 [11]
425 1018 [6]
561 888 [0]
127 1314 [8]
594 852 [5]
461 991 [0]
619 822 [11]
538 905 [9]
59 1394 [0]
258 1195 [0]
97 1357 [0]
208 1246 [0]
547 901 [6]
239 1215 [0]
245 1211 [0]
379 1077 [0]
93 1352 [11]
165 1292 [0]
158 1293 [6]
153 1304 [0]
266 1192 [0]
567 886 [5]
42 1410 [6]
575 872 [11]
230 1221 [7]
220 1239 [0]
65 1395 [0]
467 988 [5]
115 1341 [5]
464 998 [0]
66 1387 [9]
608 855 [0]
559 904 [0]
530 934 [0]
113 1352 [0]
360 1096 [9]
160 1299 [6]
653 813 [0]
104 1363 [0]
478 980 [9]
408 1048 [11]
214 1254 [0]
156 1312 [0]
78 1379 [11]
28 1441 [0]
101 1368 [0]
476 993 [0]
699 761 [10]
385 1082 [3]
33 1427 [11]
389 1083 [0]
452 1021 [0]
506 967 [0]
685 788 [0]
122 1351 [0]
716 758 [0]
12 1459 [3]
119 1356 [0]
732 743 [0]
538 928 [9]
195 1275 [5]
337 1130 [8]
329 1147 [0]
484 992 [0]
54 1411 [11]
20 1456 [0]
725 751 [0]
475 1002 [0]
462 1015 [0]
385 1087 [5]
101 1373 [3]
28 1442 [7]
381 1087 [10]
286 1192 [0]
307 1171 [1]
633 846 [0]
430 1045 [4]
15 1455 [10]
500 981 [0]
134 1340 [7]
274 1204 [3]
399 1084 [0]
452 1033 [0]
154 1331 [0]
413 1067 [6]
499 981 [6]
357 1132 [0]
473 1016 [0]
710 779 [0]
238 1245 [6]
72 1413 [4]
44 1446 [0]
7 1484 [0]
185 1306 [0]
325 1162 [5]
683 810 [0]
327 1165 [1]
548 946 [0]
523 964 [7]
129 1366 [0]
58 1438 [0]
616 878 [2]
568 926 [2]
346 1151 [0]
602 890 [5]
235 1262 [0]
243 1247 [7]
288 1198 [11]
118 1380 [0]
74 1413 [11]
102 1397 [0]
403 1091 [5]
112 1388 [0]
447 1044 [9]
520 976 [4]
478 1013 [10]
70 1425 [6]
42 1451 [8]
503 995 [4]
66 1425 [11]
157 1346 [0]
543 960 [0]
387 1108 [8]
486 1015 [2]
392 1100 [11]
18 1486 [0]
480 1014 [10]
403 1095 [6]
567 938 [0]
402 1097 [6]
36 1463 [6]
24 1482 [0]
160 1346 [0]
123 1384 [0]
259 1238 [10]
239 1260 [9]
695 816 [0]
250 1262 [0]
676 836 [0]
555 957 [0]
668 845 [0]
141 1370 [2]
197 1317 [0]
217 1290 [7]
541 962 [11]
379 1126 [10]
450 1065 [0]
111 1405 [0]
512 1004 [0]
715 801 [0]
649 867 [0]
92 1425 [0]
642 866 [9]
428 1080 [9]
128 1390 [0]
426 1092 [0]
503 1015 [0]
424 1085 [9]
739 769 [10]
57 1453 [8]
173 1346 [0]
606 913 [0]
127 1383 [9]
497 1016 [6]
267 1253 [0]
20 1500 [0]
59 1462 [0]
274 1244 [3]
578 941 [2]
702 820 [0]
357 1160 [5]
685 833 [5]
340 1177 [6]
672 852 [0]
3 1522 [0]
327 1199 [0]
589 938 [0]
274 1249 [4]
667 857 [3]
628 899 [0]
651 878 [0]
673 856 [0]
37 1487 [5]
344 1186 [0]
412 1118 [0]
216 1314 [0]
421 1110 [0]
623 908 [0]
50 1482 [0]
686 846 [0]
290 1242 [0]
356 1168 [8]
84 1447 [1]
10 1523 [0]
481 1052 [0]
673 849 [11]
444 1086 [3]
281 1253 [0]
485 1049 [0]
614 920 [0]
74 1452 [8]
433 1092 [9]
220 1315 [0]
367 1168 [0]
48 1479 [8]
688 846 [0]
410 1116 [11]
50 1476 [11]
687 851 [0]
502 1037 [0]
57 1479 [3]
591 947 [1]
370 1170 [0]
19 1522 [0]
203 1338 [0]
524 1017 [0]
665 876 [0]
576 966 [0]
206 1337 [0]
429 1109 [6]
744 792 [8]
67 1478 [0]
760 785 [0]
726 810 [10]
241 1297 [8]
49 1498 [0]
46 1501 [0]
324 1223 [0]
649 899 [0]
273 1276 [0]
721 820 [8]
572 968 [9]
689 861 [0]
233 1316 [1]
37 1514 [0]
323 1223 [5]
725 821 [6]
318 1235 [0]
463 1080 [10]
95 1454 [4]
759 784 [10]
693 859 [2]
297 1257 [0]
205 1350 [0]
343 1208 [4]
754 802 [0]
118 1433 [5]
550 1003 [4]
567 979 [11]
461 1090 [6]
598 960 [0]
133 1414 [11]
534 1025 [0]
659 900 [0]
718 843 [0]
55 1500 [6]
231 1331 [0]
215 1341 [6]
113 1446 [4]
244 1314 [6]
178 1387 [0]
541 1024 [0]
694 871 [0]
143 1413 [9]
155 1411 [0]
205 1351 [10]
167 1393 [6]
266 1297 [4]
29 1529 [9]
304 1257 [6]
575 989 [4]
647 919 [2]
179 1390 [0]
683 886 [0]
603 966 [0]
752 817 [0]
582 979 [8]
305 1253 [11]
290 1280 [0]
692 879 [0]
599 971 [1]
66 1506 [0]
93 1479 [0]
264 1308 [0]
457 1115 [0]
758 815 [0]
596 973 [4]
439 1130 [4]
744 819 [10]
677 896 [0]
717 856 [1]
176 1389 [9]
307 1268 [0]
347 1229 [0]
371 1197 [8]
80 1491 [6]
4 1563 [10]
208 1362 [7]
53 1524 [0]
65 1506 [6]
11 1567 [0]
356 1219 [3]
535 1034 [9]
700 878 [0]
551 1027 [0]
548 1027 [4]
475 1100 [4]
698 878 [3]
134 1436 [9]
392 1178 [10]
52 1517 [11]
370 1200 [11]
785 789 [7]
165 1417 [0]
752 830 [0]
190 1393 [0]
474 1099 [10]
600 978 [6]
569 1016 [0]
645 940 [0]
631 953 [1]
518 1066 [2]
344 1237 [6]
89 1488 [11]
766 812 [10]
247 1342 [0]
91 1491 [7]
34 1550 [6]
698 882 [10]
547 1039 [5]
253 1332 [6]
729 857 [6]
250 1341 [1]
521 1072 [0]
95 1492 [6]
20 1571 [2]
145 1443 [5]
227 1368 [0]
113 1476 [6]
348 1250 [0]
484 1110 [4]
257 1342 [0]
446 1153 [0]
721 878 [1]
720 881 [0]
178 1416 [7]
291 1299 [11]
537 1065 [0]
714 888 [0]
120 1481 [1]
731 872 [0]
257 1347 [0]
679 926 [0]
751 848 [6]
225 1381 [0]
360 1247 [0]
519 1088 [0]
274 1327 [6]
653 943 [11]
719 889 [0]
331 1267 [10]
770 833 [5]
477 1122 [9]
359 1239 [11]
417 1188 [4]
223 1385 [1]
608 1001 [0]
113 1497 [0]
166 1444 [0]
727 883 [0]
348 1261 [1]
472 1139 [0]
411 1191 [9]
263 1349 [0]
346 1264 [2]
640 967 [5]
554 1059 [0]
168 1438 [7]
480 1123 [10]
520 1093 [0]
407 1207 [0]
524 1079 [11]
637 970 [7]
254 1358 [3]
258 1358 [0]
545 1072 [0]
72 1541 [4]
798 819 [0]
710 908 [0]
154 1464 [0]
222 1397 [0]
202 1412 [5]
562 1049 [9]
591 1028 [2]
780 835 [6]
809 812 [0]
125 1497 [0]
80 1540 [3]
216 1408 [0]
572 1052 [0]
568 1054 [2]
562 1058 [5]
241 1385 [0]
600 1026 [0]
297 1325 [5]
695 923 [9]
559 1067 [1]
228 1389 [10]
145 1483 [0]
575 1048 [5]
488 1133 [7]
158 1465 [5]
68 1558 [2]
167 1462 [0]
698 931 [0]
403 1224 [2]
54 1576 [0]
61 1568 [1]
55 1576 [0]
562 1060 [9]
610 1021 [0]
152 1480 [0]
415 1217 [0]
472 1153 [7]
642 980 [10]
611 1011 [10]
563 1068 [1]
216 1417 [0]
459 1174 [0]
543 1089 [1]
550 1079 [4]
121 1513 [0]
392 1243 [0]
173 1460 [2]
645 985 [5]
120 1506 [9]
280 1356 [0]
460 1176 [0]
264 1362 [10]
301 1336 [0]
182 1456 [0]
548 1084 [7]
282 1358 [0]
692 948 [0]
622 1018 [0]
500 1141 [0]
264 1368 [10]
239 1392 [11]
665 978 [0]
512 1122 [9]
230 1414 [0]
571 1073 [0]
220 1415 [9]
223 1410 [11]
749 896 [0]
267 1373 [5]
161 1485 [0]
500 1146 [0]
223 1424 [0]
410 1237 [0]
565 1082 [0]
290 1358 [0]
602 1036 [11]
424 1216 [9]
259 1379 [11]
687 963 [0]
496 1155 [0]
499 1147 [5]
766 883 [2]
446 1205 [0]
146 1506 [0]
349 1303 [0]
576 1076 [0]
661 984 [7]
365 1277 [10]
192 1461 [0]
164 1484 [5]
551 1092 [10]
763 891 [0]
186 1461 [7]
173 1479 [2]
239 1416 [0]
402 1253 [0]
699 956 [0]
104 1552 [0]
232 1424 [0]
304 1343 [10]
94 1562 [1]
592 1056 [9]
171 1487 [0]
479 1179 [0]
117 1541 [0]
189 1470 [0]
631 1029 [0]
785 873 [2]
746 907 [7]
370 1291 [0]
669 988 [4]
540 1119 [2]
677 985 [0]
455 1202 [5]
118 1540 [4]
591 1064 [7]
450 1213 [0]
339 1325 [0]
366 1288 [10]
640 1026 [0]
153 1512 [1]
386 1272 [8]
183 1477 [7]
496 1161 [10]
199 1469 [0]
413 1248 [7]
589 1079 [0]
821 848 [0]
260 1410 [0]
507 1163 [0]
684 982 [4]
505 1166 [0]
826 845 [0]
496 1170 [5]
287 1378 [6]
86 1585 [0]
149 1523 [0]
806 868 [0]
579 1095 [0]
91 1584 [0]
771 904 [0]
719 947 [9]
496 1178 [1]
253 1415 [7]
549 1127 [0]
460 1217 [0]
773 904 [0]
291 1385 [1]
531 1145 [1]
416 1262 [0]
305 1369 [4]
817 859 [2]
215 1464 [0]
142 1535 [2]
541 1135 [3]
468 1209 [2]
653 1017 [9]
331 1338 [11]
192 1485 [3]
708 970 [2]
517 1164 [0]
467 1213 [1]
786 893 [2]
132 1542 [7]
189 1482 [10]
444 1233 [4]
204 1474 [4]
349 1334 [0]
613 1070 [0]
525 1155 [3]
418 1266 [0]
515 1169 [0]
438 1241 [5]
480 1200 [5]
385 1301 [0]
223 1453 [11]
228 1460 [0]
402 1286 [0]
312 1369 [7]
209 1479 [0]
157 1532 [0]
203 1486 [0]
655 1031 [3]
674 1016 [0]
729 961 [0]
222 1459 [9]
561 1128 [1]
463 1226 [1]
537 1154 [0]
534 1155 [2]
583 1100 [8]
232 1460 [0]
552 1140 [0]
101 1588 [3]
415 1268 [9]
413 1281 [0]
842 852 [0]
401 1293 [0]
466 1222 [7]
673 1018 [4]
478 1215 [3]
477 1220 [0]
695 1002 [0]
728 969 [0]
210 1488 [0]
362 1336 [0]
403 1295 [0]
493 1197 [8]
503 1196 [0]
564 1135 [0]
529 1171 [0]
450 1239 [11]
478 1220 [2]
510 1191 [0]
436 1266 [0]
738 965 [0]
198 1506 [0]
561 1143 [0]
780 919 [5]
494 1204 [6]
197 1498 [9]
321 1384 [0]
153 1551 [1]
343 1363 [0]
371 1335 [0]
709 997 [0]
776 929 [1]
409 1286 [11]
125 1577 [5]
817 889 [2]
710 993 [5]
848 861 [0]
136 1568 [5]
523 1185 [2]
823 887 [0]
458 1252 [0]
494 1206 [10]
290 1422 [0]
337 1376 [0]
793 919 [1]
203 1511 [0]
483 1231 [0]
515 1199 [0]
462 1254 [0]
650 1063 [3]
548 1167 [1]
343 1367 [6]
605 1112 [0]
415 1302 [0]
336 1381 [0]
184 1534 [0]
591 1127 [0]
846 872 [0]
299 1420 [0]
766 953 [0]
800 919 [0]
379 1329 [11]
528 1192 [0]
851 864 [5]
768 953 [0]
359 1363 [0]
401 1313 [8]
175 1548 [0]
403 1315 [5]
544 1179 [0]
831 893 [0]
365 1349 [10]
264 1456 [4]
454 1260 [10]
613 1104 [8]
367 1349 [9]
279 1447 [0]
480 1246 [0]
174 1543 [10]
627 1097 [3]
128 1595 [5]
762 966 [0]
287 1430 [11]
336 1393 [0]
191 1528 [10]
503 1222 [4]
230 1492 [7]
437 1292 [0]
448 1283 [0]
258 1472 [1]
132 1592 [7]
276 1456 [0]
723 1009 [0]
422 1302 [8]
384 1349 [0]
291 1433 [10]
406 1317 [11]
734 1001 [0]
659 1076 [0]
207 1529 [0]
281 1455 [0]
820 916 [0]
493 1241 [2]
358 1378 [0]
717 1019 [0]
672 1054 [11]
514 1224 [0]
801 929 [8]
668 1069 [2]
757 976 [6]
399 1329 [11]
220 1520 [0]
411 1329 [0]
571 1169 [0]
645 1090 [5]
684 1050 [6]
177 1558 [5]
758 982 [0]
395 1346 [0]
734 1008 [0]
647 1096 [0]
347 1397 [0]
428 1316 [0]
605 1140 [0]
818 927 [0]
629 1109 [7]
618 1121 [6]
525 1218 [2]
862 884 [0]
407 1339 [0]
309 1437 [0]
236 1508 [5]
779 972 [0]
396 1351 [4]
274 1471 [6]
643 1103 [6]
361 1391 [0]
578 1170 [5]
628 1126 [0]
431 1313 [10]
615 1139 [1]
195 1549 [11]
232 1523 [1]
377 1379 [0]
739 1016 [1]
175 1575 [7]
600 1150 [7]
463 1295 [0]
584 1174 [0]
772 986 [0]
293 1457 [8]
423 1336 [0]
170 1578 [11]
287 1461 [11]
407 1353 [0]
826 934 [0]
219 1542 [0]
579 1182 [0]
505 1251 [5]
402 1356 [3]
753 1009 [0]
578 1184 [0]
181 1576 [5]
405 1347 [11]
444 1320 [0]
405 1356 [3]
828 936 [0]
384 1380 [0]
564 1201 [0]
372 1382 [11]
593 1172 [0]
285 1470 [10]
594 1162 [9]
338 1428 [0]
689 1077 [0]
322 1440 [4]
445 1321 [0]
368 1392 [7]
667 1095 [5]
340 1428 [0]
868 900 [0]
883 887 [0]
240 1530 [0]
193 1572 [5]
879 891 [0]
593 1177 [0]
199 1572 [0]
201 1571 [0]
617 1155 [0]
312 1456 [4]
797 977 [0]
489 1280 [5]
606 1157 [11]
872 891 [11]
476 1288 [10]
574 1202 [0]
761 1015 [0]
535 1242 [0]
673 1104 [0]
834 943 [0]
839 938 [0]
173 1599 [5]
555 1215 [8]
649 1131 [0]
751 1022 [8]
285 1498 [0]
703 1082 [0]
288 1490 [9]
808 979 [0]
453 1331 [3]
593 1194 [0]
767 1021 [0]
192 1597 [0]
794 995 [0]
233 1554 [2]
336 1454 [0]
523 1260 [7]
677 1106 [7]
474 1317 [0]
197 1584 [10]
855 937 [0]
440 1353 [0]
410 1372 [11]
391 1403 [0]
637 1157 [0]
564 1230 [1]
363 1432 [0]
556 1240 [0]
200 1597 [0]
391 1401 [5]
885 912 [0]
874 913 [11]
605 1194 [0]
471 1318 [11]
377 1424 [0]
777 1020 [4]
389 1414 [0]
711 1093 [0]
750 1049 [6]
683 1114 [8]
577 1220 [8]
429 1377 [0]
558 1248 [0]
744 1062 [0]
343 1464 [0]
772 1034 [1]
847 960 [0]
797 1011 [0]
791 1018 [0]
234 1564 [11]
512 1290 [9]
236 1576 [0]
398 1414 [0]
379 1423 [10]
527 1280 [5]
636 1177 [0]
803 1010 [0]
673 1135 [5]
409 1396 [9]
769 1046 [0]
558 1258 [0]
589 1227 [0]
433 1383 [1]
473 1333 [11]
642 1175 [0]
403 1407 [8]
868 950 [0]
703 1115 [1]
282 1528 [9]
621 1196 [2]
510 1298 [11]
531 1288 [1]
283 1527 [10]
649 1169 [2]
708 1114 [0]
473 1344 [5]
229 1594 [0]
709 1114 [0]
319 1501 [3]
233 1590 [0]
264 1558 [1]
418 1400 [5]
456 1365 [3]
224 1597 [3]
536 1281 [7]
413 1412 [0]
687 1131 [7]
407 1415 [3]
516 1309 [0]
569 1257 [0]
460 1367 [0]
476 1350 [1]
523 1293 [11]
400 1428 [0]
720 1108 [0]
676 1141 [11]
833 989 [6]
536 1293 [0]
532 1297 [0]
298 1531 [0]
692 1128 [10]
233 1598 [0]
493 1338 [0]
586 1245 [0]
400 1432 [0]
505 1327 [0]
689 1132 [11]
507 1326 [0]
610 1224 [0]
719 1115 [0]
671 1152 [11]
273 1556 [5]
417 1418 [0]
662 1173 [0]
474 1350 [11]
848 976 [11]
300 1536 [0]
464 1372 [0]
426 1405 [5]
324 1513 [0]
604 1233 [0]
632 1200 [5]
869 963 [5]
534 1294 [9]
268 1570 [0]
869 969 [0]
821 1018 [0]
488 1351 [0]
714 1114 [11]
568 1271 [0]
733 1107 [0]
885 955 [0]
905 935 [0]
269 1574 [0]
333 1510 [0]
477 1366 [0]
868 974 [1]
453 1389 [2]
677 1166 [1]
698 1140 [7]
629 1209 [7]
545 1291 [9]
861 985 [0]
890 956 [0]
763 1084 [0]
285 1553 [9]
903 943 [1]
846 999 [2]
470 1378 [0]
729 1120 [0]
564 1276 [9]
431 1419 [0]
813 1037 [0]
253 1588 [9]
455 1387 [9]
461 1383 [7]
462 1387 [2]
535 1313 [5]
867 987 [0]
708 1145 [1]
821 1025 [9]
308 1538 [9]
366 1490 [0]
927 929 [0]
634 1219 [3]
379 1469 [9]
742 1116 [0]
688 1170 [0]
506 1352 [0]
612 1247 [0]
672 1184 [3]
585 1274 [0]
625 1234 [0]
541 1313 [6]
632 1218 [10]
558 1300 [2]
524 1337 [0]
420 1431 [10]
732 1124 [5]
308 1544 [10]
540 1316 [7]
924 940 [0]
303 1554 [7]
748 1117 [0]
882 983 [0]
550 1316 [0]
824 1043 [0]
490 1378 [0]
539 1329 [0]
731 1137 [0]
602 1264 [2]
872 995 [1]
670 1192 [7]
543 1327 [0]
692 1178 [0]
822 1048 [0]
486 1377 [7]
514 1358 [0]
383 1482 [7]
675 1197 [0]
576 1297 [0]
743 1130 [0]
624 1250 [0]
741 1133 [0]
852 1022 [0]
474 1389 [11]
491 1384 [0]
525 1350 [0]
583 1292 [0]
815 1060 [0]
351 1526 [0]
332 1546 [0]
420 1458 [0]
501 1379 [0]
613 1265 [2]
776 1104 [0]
667 1208 [5]
818 1065 [0]
913 971 [0]
396 1489 [0]
398 1487 [0]
839 1046 [0]
843 1042 [0]
892 993 [0]
626 1250 [10]
673 1203 [10]
864 1022 [0]
774 1114 [0]
857 1031 [0]
705 1180 [3]
880 1009 [0]
788 1090 [11]
365 1525 [0]
703 1182 [6]
448 1434 [9]
294 1588 [10]
420 1473 [0]
783 1110 [0]
943 950 [0]
841 1042 [11]
732 1163 [0]
754 1135 [6]
346 1542 [7]
659 1225 [11]
876 1019 [0]
835 1055 [5]
497 1399 [0]
586 1308 [2]
442 1454 [0]
428 1457 [11]
345 1546 [5]
299 1598 [0]
428 1470 [0]
425 1467 [7]
603 1297 [0]
581 1308 [11]
421 1480 [0]
922 979 [0]
382 1510 [10]
430 1467 [7]
828 1067 [11]
717 1187 [2]
333 1574 [0]
435 1472 [0]
510 1390 [8]
394 1507 [7]
607 1302 [0]
754 1150 [5]
696 1207 [7]
725 1179 [6]
556 1355 [0]
708 1203 [0]
449 1456 [6]
586 1319 [7]
543 1370 [0]
415 1496 [2]
369 1542 [2]
470 1443 [0]
409 1505 [0]
805 1110 [0]
412 1494 [9]
630 1285 [1]
670 1247 [0]
719 1199 [0]
581 1338 [0]
860 1054 [5]
689 1231 [0]
698 1222 [0]
598 1323 [0]
738 1183 [0]
912 1002 [7]
733 1189 [0]
368 1555 [0]
831 1092 [0]
679 1245 [0]
522 1392 [10]
606 1313 [5]
351 1573 [0]
922 1003 [0]
530 1387 [9]
906 1020 [0]
730 1196 [0]
715 1212 [0]
943 984 [0]
325 1593 [9]
606 1324 [0]
431 1491 [9]
830 1092 [9]
692 1232 [7]
503 1429 [0]
477 1448 [8]
553 1380 [0]
721 1213 [0]
842 1092 [0]
657 1268 [9]
388 1546 [0]
939 996 [0]
399 1531 [5]
574 1355 [6]
674 1262 [0]
507 1424 [5]
527 1405 [5]
479 1458 [1]
478 1462 [0]
607 1333 [0]
960 969 [11]
805 1136 [0]
660 1271 [11]
803 1139 [0]
408 1524 [11]
707 1237 [0]
596 1341 [7]
653 1282 [9]
955 982 [8]
490 1456 [0]
352 1590 [4]
869 1078 [0]
686 1259 [3]
966 976 [6]
492 1457 [0]
754 1195 [0]
580 1362 [7]
496 1446 [7]
382 1557 [10]
610 1340 [0]
684 1263 [3]
466 1479 [5]
848 1092 [10]
487 1463 [0]
862 1089 [0]
472 1469 [10]
380 1567 [4]
453 1497 [3]
417 1536 [1]
822 1127 [6]
870 1082 [3]
763 1181 [11]
383 1573 [0]
915 1041 [0]
828 1118 [11]
372 1578 [7]
922 1036 [0]
605 1345 [8]
672 1276 [11]
734 1216 [9]
466 1484 [10]
866 1095 [0]
526 1426 [9]
709 1247 [5]
813 1149 [0]
606 1352 [5]
911 1044 [8]
707 1250 [8]
976 981 [8]
457 1509 [0]
621 1345 [0]
648 1318 [0]
971 988 [7]
882 1075 [11]
569 1400 [0]
971 998 [0]
817 1148 [4]
721 1250 [0]
741 1220 [10]
506 1466 [1]
865 1099 [9]
902 1071 [0]
746 1227 [0]
464 1510 [0]
698 1276 [0]
650 1325 [0]
745 1230 [0]
900 1075 [0]
700 1268 [7]
551 1426 [0]
765 1212 [0]
801 1168 [8]
685 1293 [0]
469 1499 [10]
754 1215 [9]
601 1378 [0]
832 1141 [6]
669 1308 [2]
779 1201 [0]
988 992 [0]
416 1554 [10]
549 1432 [0]
978 1003 [0]
953 1029 [0]
869 1113 [0]
944 1032 [7]
672 1312 [0]
796 1188 [0]
913 1071 [0]
624 1355 [6]
786 1192 [7]
690 1295 [0]
752 1234 [0]
626 1353 [7]
582 1406 [0]
659 1318 [11]
738 1250 [1]
732 1258 [0]
413 1578 [0]
560 1431 [0]
561 1421 [9]
937 1049 [5]
620 1371 [0]
785 1195 [11]
393 1599 [0]
531 1461 [0]
846 1146 [0]
994 998 [0]
469 1524 [0]
423 1571 [0]
676 1318 [0]
606 1382 [6]
732 1257 [6]
609 1384 [2]
460 1536 [0]
898 1099 [0]
823 1175 [0]
992 1006 [0]
621 1367 [10]
613 1378 [7]
519 1480 [0]
850 1140 [9]
953 1036 [11]
441 1559 [0]
649 1350 [2]
716 1286 [0]
480 1514 [9]
613 1391 [0]
608 1386 [10]
945 1059 [0]
455 1538 [11]
522 1473 [10]
717 1291 [0]
961 1049 [0]
569 1442 [0]
605 1406 [0]
791 1220 [0]
579 1430 [2]
526 1485 [0]
733 1270 [9]
740 1271 [2]
946 1067 [0]
717 1293 [4]
485 1523 [6]
724 1290 [0]
977 1036 [0]
907 1103 [6]
451 1565 [0]
451 1566 [0]
959 1058 [0]
975 1042 [0]
700 1318 [0]
795 1220 [4]
470 1550 [0]
550 1471 [0]
477 1545 [0]
545 1475 [2]
1003 1020 [0]
574 1438 [11]
625 1399 [0]
633 1380 [11]
881 1143 [0]
653 1372 [0]
916 1108 [1]
746 1279 [0]
497 1529 [0]
663 1363 [0]
458 1567 [1]
601 1426 [0]
671 1357 [0]
616 1407 [5]
957 1072 [0]
825 1196 [8]
497 1527 [5]
526 1502 [1]
489 1542 [0]
706 1326 [0]
679 1344 [9]
713 1320 [0]
793 1240 [0]
728 1306 [0]
681 1343 [10]
573 1454 [8]
532 1504 [0]
786 1250 [0]
654 1378 [5]
879 1153 [5]
650 1384 [3]
694 1344 [0]
627 1409 [2]
632 1406 [0]
928 1110 [1]
801 1239 [0]
1005 1035 [0]
448 1581 [11]
552 1489 [0]
582 1459 [0]
927 1114 [0]
704 1338 [0]
987 1044 [11]
648 1386 [8]
998 1045 [0]
822 1211 [10]
840 1203 [0]
879 1165 [0]
929 1116 [0]
738 1308 [0]
551 1493 [2]
487 1560 [0]
641 1406 [0]
861 1177 [9]
936 1103 [8]
757 1292 [0]
991 1059 [0]
624 1418 [8]
913 1135 [3]
463 1589 [0]
893 1152 [7]
566 1486 [0]
939 1114 [0]
841 1211 [1]
747 1308 [0]
772 1273 [10]
921 1134 [0]
786 1270 [0]
861 1195 [0]
950 1105 [1]
775 1281 [0]
638 1410 [8]
780 1274 [2]
758 1296 [2]
851 1200 [7]
704 1355 [0]
454 1596 [9]
618 1430 [11]
875 1184 [0]
696 1358 [6]
878 1183 [0]
680 1370 [11]
542 1519 [1]
857 1204 [2]
961 1102 [1]
858 1208 [0]
545 1511 [10]
987 1079 [0]
977 1082 [7]
808 1254 [4]
729 1333 [4]
502 1565 [0]
594 1474 [0]
669 1399 [0]
489 1570 [9]
951 1119 [0]
862 1203 [5]
658 1412 [0]
894 1176 [0]
498 1573 [0]
599 1472 [0]
892 1179 [0]
622 1449 [0]
973 1091 [7]
705 1367 [0]
798 1272 [3]
840 1233 [0]
885 1189 [0]
763 1308 [3]
718 1356 [0]
569 1497 [8]
882 1193 [0]
972 1103 [0]
997 1078 [0]
510 1560 [5]
882 1194 [0]
957 1119 [0]
848 1228 [0]
523 1547 [7]
822 1256 [0]
579 1500 [0]
496 1574 [9]
949 1124 [7]
832 1244 [4]
634 1441 [5]
964 1117 [0]
622 1458 [1]
898 1184 [0]
963 1120 [0]
986 1096 [1]
990 1094 [0]
547 1531 [6]
704 1379 [1]
592 1487 [6]
679 1396 [10]
485 1591 [10]
757 1330 [0]
528 1551 [9]
710 1373 [5]
529 1557 [2]
886 1195 [8]
699 1392 [0]
522 1570 [0]
798 1294 [0]
978 1114 [0]
523 1562 [7]
749 1338 [5]
660 1433 [0]
675 1418 [0]
516 1576 [1]
509 1584 [0]
754 1332 [8]
795 1299 [0]
919 1166 [10]
908 1188 [0]
907 1179 [10]
642 1451 [3]
517 1580 [0]
993 1105 [0]
524 1576 [0]
914 1184 [2]
803 1291 [7]
884 1217 [0]
566 1530 [5]
781 1321 [0]
893 1210 [0]
941 1163 [0]
836 1268 [0]
664 1432 [8]
864 1241 [0]
697 1409 [0]
569 1529 [8]
671 1434 [1]
722 1384 [1]
991 1116 [0]
572 1526 [9]
744 1364 [0]
767 1341 [0]
1043 1065 [0]
998 1111 [0]
841 1257 [11]
700 1409 [1]
637 1473 [0]
569 1542 [0]
611 1490 [10]
618 1494 [0]
645 1463 [4]
1012 1101 [0]
624 1484 [5]
678 1429 [7]
978 1136 [0]
899 1214 [1]
615 1500 [0]
878 1228 [9]
960 1146 [9]
560 1547 [9]
608 1510 [0]
1007 1111 [0]
970 1142 [7]
903 1217 [0]
804 1317 [0]
805 1315 [2]
778 1345 [0]
952 1164 [7]
987 1137 [0]
867 1247 [10]
625 1500 [0]
607 1512 [7]
906 1213 [7]
656 1471 [0]
1031 1097 [0]
795 1335 [0]
876 1255 [0]
1020 1111 [0]
882 1242 [8]
986 1135 [11]
551 1572 [9]
1052 1078 [3]
554 1579 [0]
624 1510 [0]
990 1141 [3]
1044 1082 [8]
898 1237 [0]
544 1581 [10]
747 1390 [0]
835 1291 [11]
988 1150 [0]
951 1187 [1]
561 1581 [0]
755 1387 [0]
856 1288 [0]
785 1360 [0]
924 1221 [0]
1024 1121 [0]
806 1330 [10]
829 1318 [0]
811 1336 [0]
731 1406 [11]
614 1535 [0]
906 1243 [0]
654 1490 [5]
1032 1108 [9]
951 1197 [1]
561 1588 [1]
567 1575 [9]
670 1482 [0]
890 1261 [1]
574 1572 [6]
925 1222 [6]
854 1299 [0]
557 1597 [0]
940 1215 [0]
1024 1131 [0]
609 1537 [9]
887 1269 [0]
949 1208 [0]
969 1181 [7]
710 1442 [5]
975 1183 [0]
1036 1112 [11]
568 1590 [1]
691 1469 [0]
759 1392 [9]
1012 1149 [0]
799 1362 [0]
722 1441 [0]
699 1465 [0]
723 1441 [0]
842 1322 [0]
751 1414 [0]
707 1459 [0]
684 1471 [11]
933 1233 [0]
719 1448 [0]
1033 1134 [0]
1019 1149 [0]
710 1459 [0]
1063 1106 [0]
819 1344 [6]
642 1528 [0]
1064 1106 [0]
716 1455 [0]
759 1413 [0]
762 1410 [0]
692 1470 [10]
712 1459 [2]
704 1469 [1]
840 1333 [1]
592 1584 [0]
668 1507 [1]
996 1180 [0]
619 1547 [10]
607 1562 [7]
956 1215 [5]
640 1528 [9]
981 1197 [0]
598 1580 [0]
719 1450 [9]
723 1456 [0]
697 1483 [0]
833 1347 [0]
644 1529 [7]
603 1576 [1]
1009 1166 [5]
713 1468 [0]
1064 1117 [0]
811 1371 [0]
643 1529 [10]
786 1394 [3]
673 1511 [0]
835 1350 [0]
700 1477 [9]
874 1313 [0]
802 1383 [2]
610 1578 [0]
684 1504 [0]
909 1279 [0]
713 1477 [0]
761 1429 [0]
751 1441 [0]
984 1208 [0]
1041 1152 [0]
658 1536 [0]
1034 1160 [0]
753 1442 [0]
635 1559 [1]
886 1300 [9]
810 1384 [2]
1055 1142 [0]
809 1391 [0]
831 1366 [3]
749 1453 [0]
797 1405 [0]
870 1327 [5]
695 1508 [0]
765 1430 [8]
1086 1118 [0]
1067 1138 [0]
727 1478 [0]
970 1233 [4]
688 1518 [1]
709 1499 [0]
827 1381 [0]
998 1210 [0]
1025 1173 [10]
863 1345 [0]
739 1462 [8]
614 1586 [9]
942 1258 [9]
804 1406 [0]
839 1372 [0]
1030 1181 [0]
1057 1154 [0]
709 1498 [5]
983 1227 [2]
917 1286 [10]
1049 1166 [0]
795 1419 [1]
693 1523 [0]
772 1444 [0]
1007 1208 [1]
760 1457 [0]
1020 1186 [11]
1095 1122 [0]
1034 1183 [1]
949 1270 [0]
782 1438 [0]
1107 1113 [0]
699 1521 [0]
939 1282 [0]
1075 1137 [10]
981 1242 [0]
740 1484 [0]
907 1317 [0]
853 1373 [0]
970 1256 [0]
1054 1165 [7]
638 1584 [5]
947 1280 [0]
980 1249 [0]
950 1276 [3]
877 1353 [0]
861 1358 [11]
984 1247 [0]
805 1425 [1]
692 1540 [0]
891 1341 [0]
977 1255 [0]
831 1399 [2]
988 1244 [0]
781 1451 [0]
1020 1213 [0]
1071 1162 [0]
717 1514 [2]
1090 1143 [0]
740 1495 [0]
876 1356 [4]
938 1299 [0]
725 1504 [8]
725 1507 [5]
1082 1145 [10]
827 1411 [0]
880 1356 [2]
878 1356 [4]
1024 1215 [0]
1035 1204 [0]
699 1531 [10]
643 1598 [0]
839 1404 [0]
1012 1223 [9]
927 1308 [9]
784 1462 [0]
788 1459 [0]
1111 1136 [0]
683 1565 [0]
1038 1210 [2]
959 1289 [2]
894 1359 [0]
1076 1168 [9]
927 1326 [1]
1123 1132 [0]
993 1257 [5]
832 1419 [5]
883 1371 [2]
1069 1187 [0]
707 1550 [0]
710 1547 [0]
795 1452 [10]
689 1559 [10]
1042 1215 [2]
936 1319 [5]
818 1432 [10]
1057 1204 [0]
843 1420 [0]
1030 1233 [0]
728 1536 [0]
765 1501 [0]
1108 1157 [1]
729 1536 [1]
673 1594 [0]
1032 1235 [0]
1103 1164 [0]
772 1496 [0]
880 1388 [0]
975 1293 [0]
788 1470 [10]
747 1520 [1]
1042 1220 [7]
846 1424 [0]
938 1332 [0]
919 1350 [2]
676 1593 [2]
1050 1222 [0]
734 1537 [1]
702 1572 [0]
744 1531 [0]
1114 1161 [0]
1075 1200 [0]
1120 1145 [10]
829 1448 [0]
931 1346 [0]
1108 1170 [0]
755 1521 [2]
1051 1228 [0]
759 1513 [10]
719 1553 [10]
944 1339 [0]
1051 1230 [3]
983 1302 [0]
763 1523 [0]
837 1450 [0]
1040 1244 [3]
1107 1173 [9]
802 1480 [11]
972 1321 [0]
1093 1195 [6]
724 1571 [0]
897 1392 [6]
1081 1214 [0]
796 1500 [0]
806 1490 [0]
823 1473 [0]
834 1455 [7]
710 1587 [0]
876 1422 [0]
933 1365 [0]
707 1588 [3]
902 1397 [0]
1048 1252 [0]
782 1518 [0]
841 1460 [0]
1117 1184 [0]
707 1595 [0]
891 1411 [0]
995 1307 [0]
1136 1166 [1]
1025 1270 [9]
990 1314 [0]
937 1369 [0]
781 1525 [0]
1110 1195 [2]
713 1595 [0]
737 1571 [0]
730 1568 [10]
990 1317 [2]
1137 1162 [10]
770 1532 [7]
791 1508 [11]
985 1325 [0]
857 1454 [0]
1007 1294 [10]
1131 1181 [0]
834 1471 [7]
910 1402 [0]
764 1549 [0]
870 1444 [0]
1048 1269 [0]
717 1592 [8]
929 1379 [10]
953 1358 [8]
1107 1211 [1]
959 1362 [0]
737 1584 [0]
950 1372 [0]
936 1377 [9]
821 1501 [0]
1136 1186 [1]
1008 1316 [0]
1032 1291 [1]
985 1340 [0]
1052 1273 [0]
819 1500 [6]
851 1475 [1]
1000 1328 [0]
959 1367 [2]
944 1378 [7]
1058 1271 [0]
878 1453 [0]
937 1394 [0]
1051 1279 [1]
901 1428 [3]
966 1364 [2]
991 1337 [5]
807 1527 [0]
845 1489 [0]
948 1384 [2]
1029 1306 [0]
858 1478 [0]
1073 1264 [0]
1055 1283 [0]
845 1484 [10]
951 1391 [0]
1070 1272 [0]
887 1444 [11]
1035 1308 [0]
1157 1186 [0]
860 1473 [11]
989 1358 [0]
780 1566 [1]
1115 1233 [0]
1106 1240 [2]
786 1563 [0]
1084 1266 [0]
1173 1177 [0]
861 1488 [1]
787 1566 [0]
780 1574 [0]
1135 1219 [0]
1151 1205 [0]
999 1356 [1]
946 1410 [0]
1117 1241 [0]
1049 1306 [7]
1002 1362 [0]
844 1521 [0]
915 1440 [10]
1042 1321 [2]
908 1458 [0]
1047 1319 [0]
1099 1256 [11]
774 1594 [0]
1042 1324 [2]
1006 1356 [7]
867 1494 [9]
1159 1213 [0]
1021 1352 [0]
1010 1363 [1]
1168 1197 [10]
940 1424 [11]
986 1390 [0]
1075 1301 [0]
924 1453 [0]
1123 1254 [0]
871 1506 [0]
1155 1217 [5]
1058 1320 [0]
828 1541 [9]
1019 1362 [1]
807 1575 [0]
1025 1358 [0]
1035 1348 [0]
872 1511 [1]
870 1509 [5]
969 1415 [1]
942 1442 [1]
1062 1323 [0]
963 1423 [1]
926 1462 [0]
995 1393 [0]
1026 1366 [0]
822 1565 [5]
1095 1298 [0]
1150 1242 [1]
963 1431 [0]
1141 1253 [0]
1054 1341 [0]
1119 1278 [0]
919 1479 [0]
1017 1380 [1]
1127 1261 [10]
981 1409 [10]
844 1557 [0]
910 1491 [0]
1139 1256 [6]
1098 1305 [0]
836 1568 [0]
882 1522 [0]
1099 1305 [0]
1112 1293 [0]
943 1461 [2]
1181 1219 [7]
917 1490 [0]
1087 1318 [2]
1024 1381 [2]
968 1440 [0]
960 1444 [4]
959 1448 [1]
903 1506 [0]
1121 1290 [0]
889 1512 [10]
947 1466 [0]
1058 1349 [6]
969 1445 [0]
1088 1326 [0]
1053 1363 [0]
1188 1231 [0]
967 1453 [1]
1080 1337 [5]
1103 1320 [0]
1112 1301 [11]
1061 1363 [0]
1004 1420 [0]
1105 1319 [1]
1175 1240 [10]
1206 1220 [1]
964 1462 [1]
1018 1408 [1]
1064 1365 [0]
1070 1360 [0]
1077 1347 [7]
879 1553 [0]
932 1500 [0]
1016 1416 [2]
1015 1420 [0]
1188 1248 [0]
1124 1311 [1]
920 1518 [0]
907 1524 [7]
929 1501 [8]
979 1459 [1]
890 1549 [0]
1147 1294 [0]
954 1491 [0]
1013 1432 [0]
1045 1400 [0]
943 1503 [0]
1173 1273 [0]
931 1517 [0]
1209 1237 [2]
1185 1264 [0]
1089 1361 [0]
1222 1228 [0]
1187 1262 [1]
899 1544 [9]
1151 1302 [0]
949 1506 [0]
918 1537 [0]
1198 1258 [0]
921 1534 [1]
1073 1379 [4]
858 1599 [0]
1098 1360 [0]
908 1552 [0]
1100 1359 [1]
1012 1442 [7]
914 1548 [0]
898 1566 [0]
1213 1251 [0]
1144 1321 [1]
869 1594 [4]
961 1498 [9]
896 1564 [10]
925 1545 [2]
1030 1444 [0]
1070 1403 [1]
912 1564 [0]
951 1516 [10]
976 1491 [11]
962 1516 [0]
995 1483 [0]
1148 1332 [0]
1136 1334 [10]
1006 1474 [1]
966 1514 [2]
1064 1417 [2]
1232 1242 [9]
1191 1290 [3]
1208 1275 [2]
916 1562 [8]
1202 1283 [1]
931 1556 [0]
902 1583 [2]
977 1511 [0]
1137 1348 [3]
1225 1263 [0]
946 1541 [1]
1028 1459 [2]
931 1559 [0]
1159 1331 [0]
1242 1244 [4]
1223 1259 [9]
1063 1430 [0]
1111 1382 [0]
1029 1464 [0]
1076 1408 [9]
1173 1314 [7]
1118 1370 [8]
1247 1249 [1]
1156 1342 [0]
975 1513 [10]
1095 1404 [0]
1195 1304 [0]
1007 1493 [0]
980 1517 [3]
913 1583 [5]
1133 1369 [0]
912 1590 [1]
921 1581 [1]
948 1549 [7]
1045 1453 [7]
952 1549 [7]
965 1544 [0]
1013 1496 [0]
1162 1347 [0]
1200 1304 [7]
1152 1360 [0]
1136 1377 [0]
1119 1388 [6]
984 1529 [0]
995 1519 [0]
939 1566 [9]
1112 1403 [0]
1116 1397 [2]
1108 1408 [0]
1127 1382 [7]
1041 1465 [10]
1088 1429 [1]
997 1511 [11]
937 1583 [7]
1075 1446 [0]
1197 1318 [7]
1088 1435 [0]
1122 1401 [0]
1037 1487 [0]
1008 1517 [0]
1036 1480 [9]
1230 1296 [0]
952 1569 [5]
1097 1430 [0]
1198 1329 [0]
1129 1398 [0]
1064 1457 [7]
1110 1419 [0]
1088 1432 [10]
1205 1321 [5]
1202 1329 [1]
1248 1286 [0]
1190 1347 [0]
968 1571 [1]
1239 1301 [1]
1267 1275 [0]
1154 1390 [0]
1237 1299 [9]
972 1576 [0]
1191 1358 [0]
963 1581 [7]
1032 1518 [1]
1124 1422 [5]
1000 1553 [0]
1263 1291 [0]
982 1570 [2]
1210 1346 [0]
1192 1363 [1]
1000 1557 [0]
982 1567 [8]
1215 1338 [6]
1164 1396 [1]
1082 1469 [10]
1005 1557 [1]
1255 1306 [2]
1026 1539 [0]
1092 1473 [0]
971 1594 [0]
1257 1309 [0]
972 1595 [0]
1058 1507 [2]
1222 1344 [2]
1160 1410 [0]
1269 1303 [0]
1225 1337 [11]
1103 1471 [0]
1245 1331 [0]
1264 1310 [2]
1105 1469 [2]
1263 1303 [10]
1168 1409 [0]
1105 1471 [2]
1176 1400 [4]
1163 1419 [0]
1235 1338 [9]
1261 1322 [0]
1145 1440 [0]
1146 1439 [0]
1215 1371 [0]
1154 1433 [0]
1221 1366 [0]
1117 1469 [1]
1292 1296 [0]
1270 1319 [0]
1282 1305 [2]
1272 1322 [0]
1234 1351 [9]
1125 1470 [0]
1263 1333 [0]
1117 1474 [7]
1191 1407 [0]
1055 1544 [1]
1045 1547 [10]
1223 1379 [1]
1276 1326 [2]
1051 1550 [3]
1073 1524 [7]
1238 1368 [0]
1032 1575 [0]
1085 1522 [0]
1023 1585 [0]
1174 1435 [0]
1001 1598 [10]
1137 1474 [0]
1099 1509 [3]
1063 1549 [0]
1175 1437 [0]
1078 1527 [7]
1077 1535 [1]
1074 1540 [0]
1050 1564 [0]
1261 1345 [10]
1024 1592 [2]
1060 1559 [0]
1069 1551 [0]
1027 1595 [0]
1247 1374 [1]
1232 1392 [0]
1278 1350 [0]
1179 1439 [10]
1297 1330 [1]
1257 1365 [7]
1291 1339 [0]
1185 1446 [0]
1163 1459 [9]
1296 1337 [0]
1280 1345 [10]
1106 1528 [2]
1070 1567 [0]
1216 1421 [0]
1194 1441 [2]
1280 1359 [0]
1091 1548 [0]
1063 1577 [0]
1313 1326 [2]
1223 1426 [0]
1111 1537 [2]
1092 1556 [2]
1175 1465 [10]
1140 1511 [0]
1277 1376 [0]
1130 1523 [0]
1196 1459 [0]
1181 1476 [0]
1291 1367 [0]
1124 1523 [11]
1226 1434 [0]
1136 1516 [8]
1197 1460 [4]
1229 1432 [1]
1173 1479 [10]
1299 1361 [2]
1186 1477 [0]
1124 1540 [0]
1183 1482 [0]
1163 1494 [9]
1312 1349 [6]
1185 1481 [2]
1220 1449 [0]
1079 1588 [3]
1071 1598 [1]
1327 1344 [0]
1097 1574 [0]
1229 1440 [2]
1076 1585 [11]
1158 1515 [0]
1231 1442 [0]
1174 1498 [1]
1140 1529 [5]
1280 1384 [10]
1237 1436 [2]
1188 1488 [0]
1284 1392 [0]
1086 1590 [0]
1283 1394 [0]
1199 1480 [0]
1164 1516 [0]
1326 1354 [2]
1111 1563 [8]
1109 1573 [1]
1168 1515 [0]
1146 1538 [0]
1098 1585 [1]
1204 1471 [10]
1277 1407 [1]
1258 1421 [10]
1322 1369 [0]
1147 1547 [1]
1197 1490 [9]
1199 1498 [1]
1250 1448 [2]
1276 1427 [0]
1249 1455 [0]
1302 1403 [0]
1276 1420 [10]
1249 1456 [2]
1131 1580 [0]
1138 1575 [0]
1139 1566 [9]
1297 1415 [8]
1165 1558 [0]
1293 1424 [7]
1194 1531 [0]
1174 1549 [2]
1283 1443 [0]
1319 1409 [0]
1356 1366 [10]
1280 1452 [1]
1204 1524 [7]
1238 1496 [1]
1160 1575 [2]
1270 1465 [2]
1262 1466 [9]
1252 1486 [5]
1334 1410 [0]
1257 1478 [9]
1227 1515 [3]
1302 1444 [0]
1277 1469 [0]
1349 1398 [0]
1305 1440 [2]
1325 1422 [0]
1351 1397 [0]
1148 1592 [8]
1280 1467 [1]
1257 1489 [2]
1286 1463 [0]
1289 1461 [0]
1263 1485 [4]
1247 1503 [3]
1276 1479 [0]
1334 1421 [0]
1183 1574 [1]
1284 1473 [2]
1257 1494 [9]
1263 1486 [11]
1258 1503 [1]
1364 1388 [10]
1283 1482 [1]
1181 1586 [2]
1185 1574 [10]
1260 1514 [0]
1207 1570 [0]
1270 1509 [0]
1242 1539 [0]
1314 1467 [0]
1332 1453 [0]
1295 1492 [0]
1284 1503 [1]
1227 1563 [0]
1256 1527 [9]
1255 1538 [0]
1301 1494 [1]
1354 1445 [0]
1204 1596 [0]
1365 1436 [0]
1239 1560 [2]
1379 1423 [0]
1337 1458 [7]
1290 1513 [3]
1316 1494 [0]
1279 1532 [3]
1298 1518 [0]
1239 1575 [2]
1242 1578 [1]
1225 1597 [0]
1277 1552 [1]
1266 1569 [0]
1282 1555 [0]
1268 1593 [2]
1408 1456 [0]
1397 1465 [2]
1397 1466 [3]
1284 1579 [3]
1288 1574 [4]
1301 1569 [0]
1382 1491 [0]
1386 1487 [0]
1281 1594 [0]
1370 1503 [3]
1306 1573 [0]
1391 1486 [6]
1352 1530 [3]
1299 1586 [1]
1398 1492 [0]
1322 1561 [9]
1362 1532 [0]
1345 1553 [0]
1439 1459 [0]
1329 1570 [1]
1357 1547 [0]
1330 1578 [0]
1372 1538 [0]
1450 1461 [0]
1377 1525 [10]
1396 1530 [0]
1394 1539 [0]
1356 1576 [1]
1459 1466 [8]
1411 1524 [0]
1370 1566 [0]
1448 1486 [5]
1453 1488 [2]
1380 1554 [10]
1430 1516 [0]
1411 1531 [8]
1380 1571 [0]
1461 1497 [0]
1436 1521 [1]
1365 1593 [2]
1398 1562 [1]
1377 1586 [0]
1405 1561 [0]
1434 1532 [0]
1390 1573 [10]
1413 1565 [0]
1402 1577 [0]
1454 1529 [0]
1462 1522 [1]
1442 1546 [1]
1425 1565 [0]
1473 1517 [3]
1403 1592 [0]
1485 1508 [7]
1459 1540 [4]
1484 1522 [0]
1470 1543 [1]
1449 1564 [9]
1508 1516 [0]
1454 1576 [3]
1478 1559 [0]
1518 1519 [0]
1441 1596 [2]
1458 1582 [0]
1511 1531 [0]
1448 1598 [0]
1499 1572 [2]
1513 1574 [0]
1540 1551 [0]
1541 1576 [0]
1565 1579 [0]
1563 1583 [0]
1572 1593 [2]
