800
10
400
7
2
0
1
3
5
10
4
8
19
11
13
16
23
17
6
18
12
15
31
20
43
55
54
90
46
22
35
62
44
32
28
39
67
34
9
25
21
60
14
41
27
52
36
30
38
26
47
58
86
61
50
64
66
37
57
72
42
114
59
143
139
48
127
92
24
40
56
65
82
186
111
33
53
68
74
115
69
76
75
73
77
104
87
29
147
45
133
63
49
84
89
132
118
91
97
71
107
108
70
128
172
106
94
117
85
51
81
95
98
123
152
203
80
150
141
140
100
224
153
268
121
110
151
102
99
120
162
166
159
169
165
79
103
137
96
175
116
122
78
93
136
88
113
221
83
164
124
149
215
177
160
125
189
226
157
182
158
129
176
154
109
184
119
236
174
181
148
134
130
146
126
163
170
217
200
199
195
198
131
155
187
112
144
214
245
193
259
197
101
206
168
191
210
173
179
287
216
223
208
167
202
294
247
204
248
227
233
196
178
138
142
230
276
242
161
321
332
185
270
241
275
251
135
183
319
258
220
313
234
228
201
246
326
192
292
222
190
282
207
156
254
205
290
250
229
289
145
213
105
218
237
212
261
257
304
280
256
211
238
225
209
243
180
239
310
284
295
286
271
344
232
235
330
302
315
249
171
283
342
309
348
293
279
291
300
388
231
350
303
386
341
351
381
362
406
252
298
307
269
343
219
311
305
569
439
458
363
414
244
274
356
372
379
328
337
389
194
354
316
322
323
334
462
376
297
357
390
366
561
378
296
365
398
331
369
349
499
262
285
336
320
367
188
263
265
299
267
281
434
346
468
399
318
353
438
387
314
317
340
396
301
407
324
493
472
264
368
404
255
430
278
260
325
530
338
277
426
253
360
500
445
329
377
453
266
385
403
537
542
417
397
413
370
482
442
571
374
373
410
423
359
395
391
435
424
273
371
312
335
509
333
456
358
375
411
418
533
425
515
501
436
678
416
401
308
380
345
528
427
408
529
448
535
429
492
383
547
288
393
510
522
420
676
364
447
511
446
466
443
392
384
516
412
496
519
552
667
738
494
444
612
524
405
441
498
488
580
484
306
382
476
614
361
440
487
598
347
454
538
652
461
394
504
460
240
327
449
451
584
545
422
556
481
437
352
355
613
477
523
467
536
517
555
486
452
798
432
655
503
640
563
455
339
421
490
469
433
415
478
471
593
626
570
495
459
497
475
507
543
592
562
521
565
576
585
474
409
465
457
272
428
768
796
739
564
550
450
526
532
601
559
558
594
609
663
479
637
470
525
688
505
534
483
708
502
683
551
644
784
649
520
681
603
600
623
582
751
639
544
635
756
518
595
587
646
662
531
419
583
463
480
622
625
666
630
621
597
615
590
473
568
632
765
685
618
599
506
553
648
402
714
620
692
513
539
608
647
740
602
658
674
715
631
566
548
578
718
624
741
567
560
721
629
779
698
588
690
634
737
699
673
549
727
682
464
541
722
546
489
606
769
753
657
514
653
586
773
703
591
775
706
628
617
508
679
627
689
485
687
755
709
650
680
589
573
581
684
691
607
527
730
776
664
574
577
726
610
540
557
746
643
491
660
604
762
697
788
572
554
596
790
700
733
717
702
735
713
716
732
636
747
743
710
579
724
777
772
665
752
761
763
766
736
799
744
760
694
670
782
771
785
728
767
701
734
654
711
720
791
786
754
781
668
794
642
780
707
575
672
758
719
795
797
764
677
778
671
651
745
793
731
787
774
748
749
656
742
723
616
783
638
792
789
705
757
431
659
675
645
729
759
661
712
605
696
725
619
693
704
669
641
686
633
770
695
512
611
750
0 1 [0]
0 2 [0]
1 3 [0]
0 3 [2]
0 4 [2]
0 5 [2]
2 6 [1]
3 5 [0]
2 4 [3]
2 7 [0]
0 6 [5]
4 8 [0]
1 6 [5]
0 10 [2]
3 10 [1]
2 3 [8]
4 10 [0]
3 6 [5]
0 15 [1]
5 10 [0]
1 9 [5]
1 11 [5]
3 15 [1]
0 13 [5]
1 12 [5]
0 19 [1]
2 12 [5]
0 20 [1]
2 19 [1]
4 18 [1]
6 17 [0]
5 19 [1]
11 13 [0]
3 16 [5]
6 18 [0]
1 25 [1]
4 22 [1]
7 19 [1]
4 17 [5]
0 21 [5]
7 14 [5]
12 15 [0]
8 19 [0]
0 28 [1]
11 17 [1]
13 16 [0]
11 19 [0]
12 18 [0]
5 20 [5]
4 27 [1]
10 16 [5]
0 32 [1]
1 31 [1]
12 20 [1]
8 25 [1]
3 25 [5]
7 21 [5]
1 24 [8]
0 34 [1]
9 25 [0]
1 28 [5]
7 23 [5]
0 36 [1]
17 18 [2]
5 24 [8]
2 30 [5]
7 25 [5]
13 22 [2]
1 37 [1]
2 36 [1]
9 29 [1]
7 26 [5]
10 23 [5]
4 26 [8]
11 28 [1]
16 23 [0]
3 37 [1]
12 28 [1]
17 23 [0]
3 32 [5]
1 40 [1]
4 37 [1]
6 27 [8]
16 26 [1]
12 22 [8]
2 35 [5]
9 34 [0]
20 23 [1]
19 23 [1]
6 32 [5]
0 38 [5]
3 35 [5]
1 43 [1]
4 40 [1]
8 30 [8]
15 31 [0]
12 26 [8]
21 25 [0]
3 39 [5]
17 22 [8]
18 30 [1]
7 33 [8]
10 39 [1]
5 39 [5]
11 29 [9]
17 25 [8]
7 44 [1]
7 39 [5]
10 33 [8]
5 38 [8]
20 31 [0]
3 44 [5]
6 47 [1]
17 36 [1]
2 46 [5]
22 23 [8]
4 41 [8]
3 52 [1]
16 39 [1]
14 41 [0]
19 32 [5]
10 38 [8]
8 40 [8]
16 32 [8]
22 35 [0]
23 26 [8]
7 51 [1]
12 46 [1]
0 59 [1]
23 28 [8]
25 26 [8]
28 32 [0]
1 51 [9]
5 48 [8]
2 54 [5]
6 56 [1]
15 47 [1]
20 43 [0]
4 60 [1]
24 40 [0]
26 38 [0]
6 50 [8]
15 41 [8]
23 33 [9]
2 64 [1]
9 57 [1]
30 36 [0]
1 66 [1]
7 60 [1]
14 53 [1]
28 39 [0]
13 45 [9]
30 38 [0]
1 62 [5]
22 46 [0]
27 41 [0]
29 38 [2]
11 49 [9]
15 55 [1]
3 68 [1]
25 37 [9]
16 47 [8]
3 69 [1]
6 66 [1]
14 58 [1]
7 57 [8]
6 58 [8]
0 73 [1]
26 47 [0]
8 57 [8]
20 45 [9]
14 60 [0]
16 59 [1]
23 44 [8]
18 55 [2]
6 70 [1]
10 58 [8]
32 44 [0]
32 39 [5]
9 68 [1]
7 63 [8]
17 62 [1]
27 52 [0]
5 66 [8]
7 64 [8]
22 50 [8]
36 45 [1]
1 80 [1]
9 72 [1]
21 60 [0]
9 70 [2]
30 42 [9]
7 66 [8]
2 70 [9]
2 80 [1]
4 78 [1]
10 64 [8]
5 69 [8]
15 68 [1]
6 68 [9]
6 78 [1]
4 72 [8]
6 69 [9]
6 79 [1]
19 66 [1]
41 44 [1]
6 80 [1]
33 53 [0]
36 50 [1]
18 59 [9]
5 73 [8]
22 57 [8]
10 69 [8]
38 41 [8]
4 84 [1]
22 66 [1]
3 77 [8]
4 76 [8]
13 67 [8]
36 52 [0]
2 87 [1]
26 63 [1]
36 51 [2]
32 48 [9]
0 80 [9]
11 70 [9]
40 41 [9]
39 44 [8]
17 66 [8]
2 82 [8]
6 77 [9]
8 76 [8]
12 78 [2]
1 92 [1]
41 52 [1]
10 75 [8]
2 92 [1]
37 57 [0]
7 88 [1]
13 73 [9]
11 75 [9]
23 63 [9]
0 87 [8]
11 85 [1]
40 56 [0]
11 83 [2]
35 62 [0]
2 93 [2]
17 72 [8]
7 82 [8]
43 55 [0]
29 60 [9]
15 84 [1]
2 97 [1]
16 83 [1]
27 70 [2]
24 73 [2]
36 63 [1]
6 84 [9]
16 84 [1]
26 74 [1]
14 77 [9]
10 81 [9]
28 73 [1]
40 52 [9]
34 67 [0]
44 48 [9]
12 90 [1]
33 69 [1]
44 58 [1]
8 85 [9]
37 66 [0]
41 53 [9]
18 76 [9]
23 72 [8]
10 84 [9]
6 95 [2]
21 83 [1]
14 83 [7]
3 99 [2]
27 78 [1]
4 99 [2]
47 58 [0]
39 67 [0]
44 62 [0]
24 80 [2]
25 80 [2]
21 79 [7]
13 85 [9]
33 71 [3]
23 76 [9]
47 52 [9]
17 82 [9]
27 80 [2]
54 55 [0]
40 60 [9]
4 106 [1]
22 89 [0]
50 61 [0]
55 56 [0]
10 99 [2]
41 61 [9]
31 71 [9]
1 111 [0]
49 63 [0]
0 110 [2]
11 99 [2]
34 79 [0]
14 99 [0]
27 86 [0]
52 61 [0]
46 58 [9]
20 84 [9]
51 60 [2]
12 99 [2]
22 92 [0]
42 72 [0]
2 105 [7]
2 104 [8]
50 64 [0]
0 116 [0]
24 92 [0]
29 87 [0]
10 97 [9]
44 63 [9]
38 69 [9]
56 61 [0]
5 104 [8]
5 110 [2]
5 113 [0]
6 112 [0]
56 62 [0]
6 104 [9]
4 116 [0]
28 92 [0]
46 74 [0]
2 109 [9]
6 115 [0]
53 68 [0]
56 65 [0]
6 113 [2]
38 74 [9]
20 102 [0]
31 91 [0]
19 94 [9]
36 77 [9]
15 108 [0]
14 109 [0]
55 60 [8]
41 82 [0]
60 63 [0]
23 91 [9]
24 97 [2]
11 104 [9]
4 120 [0]
2 114 [8]
16 108 [0]
21 96 [7]
20 104 [0]
23 99 [2]
18 97 [9]
4 121 [0]
28 95 [2]
2 121 [2]
58 60 [8]
0 118 [9]
27 93 [7]
15 113 [0]
2 124 [2]
9 112 [7]
43 86 [0]
41 86 [2]
9 118 [2]
57 72 [0]
30 100 [0]
64 66 [0]
55 66 [9]
24 104 [2]
13 109 [9]
12 112 [7]
31 98 [2]
28 103 [0]
4 118 [9]
11 121 [0]
56 73 [3]
0 123 [9]
21 105 [6]
51 81 [0]
49 84 [0]
24 107 [2]
32 99 [2]
47 79 [7]
7 117 [9]
1 123 [9]
15 109 [9]
35 89 [9]
46 85 [2]
35 99 [0]
19 113 [2]
24 105 [6]
47 89 [0]
51 85 [0]
14 120 [2]
27 107 [2]
46 90 [0]
10 127 [0]
0 138 [0]
7 131 [0]
60 78 [0]
56 80 [2]
40 95 [3]
7 132 [0]
14 125 [0]
6 124 [9]
37 100 [2]
27 110 [2]
52 85 [2]
52 88 [0]
50 90 [0]
3 128 [9]
52 86 [2]
20 111 [9]
28 104 [9]
35 97 [9]
1 141 [0]
46 96 [0]
44 96 [2]
7 127 [8]
68 74 [0]
0 140 [2]
51 83 [9]
3 131 [9]
43 99 [2]
54 90 [0]
12 132 [0]
21 121 [2]
58 86 [0]
33 111 [0]
72 73 [0]
9 129 [7]
25 111 [9]
22 121 [2]
71 72 [2]
69 76 [0]
21 125 [0]
6 140 [0]
19 127 [0]
52 94 [0]
4 140 [2]
3 141 [2]
49 98 [0]
21 126 [0]
61 86 [0]
60 85 [2]
65 82 [0]
38 107 [2]
21 119 [7]
9 139 [0]
73 75 [0]
40 104 [4]
32 109 [7]
2 147 [0]
14 135 [0]
31 118 [0]
55 86 [8]
51 93 [6]
47 96 [7]
8 133 [9]
13 128 [9]
53 94 [3]
73 77 [0]
75 76 [0]
19 132 [0]
4 139 [8]
58 91 [2]
50 92 [9]
41 108 [2]
1 151 [0]
4 148 [0]
54 98 [0]
3 142 [7]
20 133 [0]
37 109 [7]
20 126 [7]
34 117 [2]
16 128 [9]
15 131 [7]
58 96 [0]
2 145 [7]
31 114 [9]
19 136 [0]
32 123 [0]
54 99 [2]
17 131 [7]
8 139 [8]
44 112 [0]
1 147 [8]
53 96 [7]
1 153 [2]
42 114 [0]
7 142 [7]
64 93 [0]
71 86 [0]
20 130 [7]
19 129 [9]
47 103 [7]
42 116 [0]
4 154 [0]
5 151 [2]
26 125 [7]
51 100 [7]
75 83 [0]
34 115 [9]
66 93 [0]
15 144 [0]
18 141 [0]
35 115 [9]
10 142 [7]
0 150 [9]
8 143 [8]
24 136 [0]
60 100 [0]
37 121 [2]
34 119 [7]
1 150 [9]
2 157 [2]
0 159 [2]
22 137 [2]
61 93 [7]
16 146 [0]
67 88 [7]
11 143 [8]
6 147 [9]
0 160 [2]
53 102 [7]
60 103 [0]
76 85 [2]
63 93 [7]
51 103 [9]
2 152 [9]
68 96 [0]
0 164 [0]
9 155 [0]
42 115 [7]
1 156 [7]
52 110 [2]
36 129 [0]
3 155 [7]
9 149 [7]
16 142 [7]
66 90 [9]
1 162 [2]
54 110 [2]
23 134 [9]
11 146 [9]
17 142 [7]
55 110 [2]
71 97 [0]
32 127 [9]
4 162 [2]
7 152 [9]
1 165 [2]
33 133 [2]
66 103 [0]
18 144 [7]
20 142 [7]
75 87 [7]
40 122 [7]
62 108 [0]
62 101 [7]
17 151 [2]
18 143 [9]
39 124 [7]
2 169 [0]
4 167 [0]
65 99 [7]
42 129 [0]
62 107 [2]
78 93 [0]
18 146 [7]
57 114 [0]
63 108 [0]
62 110 [0]
5 167 [0]
14 158 [0]
5 165 [2]
18 154 [0]
65 107 [0]
4 166 [2]
59 114 [0]
84 89 [0]
36 130 [7]
5 161 [7]
0 174 [0]
43 131 [0]
67 107 [0]
7 165 [2]
35 137 [2]
78 97 [0]
86 89 [0]
87 88 [0]
17 149 [9]
48 127 [0]
29 147 [0]
36 140 [0]
15 159 [2]
81 95 [0]
17 161 [0]
18 160 [0]
71 107 [0]
34 137 [7]
31 147 [0]
45 133 [0]
70 108 [0]
6 173 [0]
38 135 [6]
18 159 [2]
0 177 [2]
26 152 [2]
0 180 [0]
14 166 [0]
28 150 [2]
84 96 [0]
6 167 [7]
23 148 [9]
62 116 [2]
6 175 [0]
15 166 [0]
14 165 [2]
2 170 [9]
33 141 [7]
17 164 [0]
77 104 [0]
36 146 [0]
41 134 [7]
79 103 [0]
69 115 [0]
53 124 [7]
4 173 [7]
49 128 [7]
65 120 [0]
74 111 [0]
33 150 [2]
29 149 [7]
26 160 [0]
35 145 [6]
19 165 [2]
3 174 [9]
5 172 [9]
48 139 [0]
19 168 [0]
10 177 [0]
64 116 [7]
49 129 [9]
18 169 [0]
4 174 [9]
38 147 [2]
77 108 [3]
10 178 [0]
53 135 [0]
91 97 [0]
14 172 [2]
68 113 [7]
89 90 [9]
46 135 [7]
4 185 [0]
10 179 [0]
28 152 [9]
44 138 [7]
74 115 [0]
8 172 [9]
6 174 [9]
17 173 [0]
23 167 [0]
52 131 [7]
76 115 [0]
38 146 [7]
57 132 [2]
84 107 [0]
87 104 [0]
6 176 [9]
46 138 [7]
17 167 [7]
1 191 [0]
21 171 [0]
9 176 [7]
45 147 [0]
58 132 [2]
76 116 [0]
2 181 [9]
67 126 [0]
95 98 [0]
81 103 [9]
75 115 [3]
50 141 [2]
84 102 [7]
22 169 [2]
65 129 [0]
65 122 [7]
12 183 [0]
51 144 [0]
44 144 [7]
28 168 [0]
55 141 [0]
63 133 [0]
3 186 [8]
16 172 [9]
84 111 [2]
27 163 [7]
64 126 [7]
4 194 [0]
7 191 [0]
70 128 [0]
7 189 [2]
2 187 [9]
12 179 [7]
0 189 [9]
30 169 [0]
0 192 [7]
69 123 [7]
2 190 [7]
22 175 [2]
94 106 [0]
19 181 [0]
57 143 [0]
0 194 [6]
33 161 [6]
78 122 [0]
74 119 [7]
91 109 [0]
36 165 [0]
19 182 [0]
7 194 [0]
34 165 [2]
4 190 [7]
8 184 [9]
88 113 [0]
99 102 [0]
85 117 [0]
66 136 [0]
28 174 [0]
72 128 [2]
59 143 [0]
63 139 [0]
25 170 [7]
0 203 [0]
30 166 [7]
52 145 [6]
1 203 [0]
20 184 [0]
6 191 [7]
76 122 [7]
2 196 [7]
57 142 [6]
30 168 [7]
3 193 [9]
91 111 [3]
92 104 [9]
31 175 [0]
49 156 [1]
6 193 [7]
39 168 [0]
66 141 [0]
66 134 [7]
64 136 [7]
7 201 [0]
12 196 [0]
51 157 [0]
48 153 [7]
41 161 [6]
31 171 [6]
77 126 [6]
65 137 [7]
40 162 [7]
9 194 [6]
91 118 [0]
36 166 [7]
33 177 [0]
84 126 [0]
1 202 [7]
46 162 [2]
17 184 [9]
57 152 [2]
94 117 [0]
60 144 [7]
84 128 [0]
44 161 [7]
17 195 [0]
50 162 [0]
45 160 [7]
75 131 [6]
7 206 [0]
1 212 [0]
61 150 [2]
40 166 [7]
28 185 [0]
36 170 [7]
0 204 [9]
13 193 [7]
53 161 [0]
1 213 [0]
98 114 [2]
12 195 [7]
2 203 [9]
83 122 [9]
55 159 [0]
59 148 [7]
26 181 [7]
107 108 [0]
9 199 [7]
38 171 [6]
6 202 [7]
97 115 [3]
15 194 [6]
26 183 [6]
21 186 [9]
3 213 [0]
8 208 [0]
97 118 [1]
25 185 [6]
35 174 [7]
13 204 [0]
0 208 [9]
46 171 [0]
51 166 [0]
62 155 [0]
94 123 [0]
15 195 [7]
17 194 [6]
6 212 [0]
18 200 [0]
28 190 [0]
67 145 [6]
11 198 [9]
81 131 [6]
12 199 [7]
10 209 [0]
92 127 [0]
39 173 [7]
7 205 [7]
84 133 [2]
99 120 [0]
75 137 [7]
71 142 [6]
53 159 [7]
2 215 [2]
13 207 [0]
1 210 [9]
50 163 [7]
16 197 [7]
7 204 [9]
59 162 [0]
60 161 [0]
98 123 [0]
50 164 [7]
89 132 [0]
4 210 [7]
99 115 [7]
12 202 [7]
44 175 [2]
15 207 [0]
57 165 [0]
85 131 [6]
22 201 [0]
15 208 [0]
86 130 [7]
87 136 [0]
61 155 [7]
61 162 [0]
24 199 [0]
20 196 [7]
11 203 [9]
51 171 [1]
63 161 [0]
27 197 [0]
41 183 [0]
88 136 [0]
66 151 [7]
10 207 [7]
11 206 [7]
60 162 [2]
16 209 [0]
47 178 [0]
63 162 [0]
34 184 [7]
10 206 [9]
6 220 [0]
91 130 [5]
5 221 [0]
47 179 [0]
50 176 [0]
7 212 [7]
60 166 [0]
9 218 [0]
49 178 [0]
80 147 [0]
58 162 [7]
4 216 [7]
21 201 [6]
22 199 [7]
26 195 [7]
29 200 [0]
10 219 [0]
4 219 [6]
93 136 [0]
21 208 [0]
50 173 [6]
35 188 [6]
97 126 [6]
71 149 [9]
85 138 [6]
60 169 [0]
55 175 [0]
27 203 [0]
80 150 [0]
1 222 [7]
55 168 [7]
32 191 [7]
78 146 [6]
62 161 [7]
11 212 [7]
92 138 [0]
94 131 [6]
9 222 [0]
20 211 [0]
97 125 [9]
22 209 [0]
110 121 [0]
87 137 [7]
66 159 [7]
96 137 [0]
89 138 [6]
59 172 [2]
66 167 [0]
1 225 [7]
7 217 [9]
28 198 [7]
15 213 [6]
102 126 [6]
11 221 [2]
95 138 [1]
8 217 [9]
61 172 [2]
0 226 [9]
10 218 [7]
68 160 [7]
6 222 [7]
74 154 [7]
4 223 [9]
41 194 [1]
89 140 [7]
27 209 [0]
63 166 [7]
36 193 [7]
18 211 [7]
66 163 [7]
50 180 [6]
17 213 [7]
18 210 [9]
0 230 [7]
11 217 [9]
19 211 [7]
53 177 [7]
58 173 [6]
70 161 [6]
102 136 [0]
15 223 [0]
115 116 [7]
116 122 [0]
43 186 [9]
94 138 [6]
47 185 [6]
97 139 [2]
91 140 [7]
89 147 [3]
14 225 [0]
54 185 [0]
81 149 [9]
44 186 [9]
91 142 [6]
62 171 [6]
103 137 [0]
16 217 [7]
55 185 [0]
100 140 [0]
46 187 [7]
79 155 [6]
28 206 [7]
2 239 [0]
115 119 [7]
27 214 [0]
17 215 [9]
78 157 [6]
4 238 [0]
37 205 [0]
84 158 [0]
19 221 [2]
21 214 [7]
12 231 [0]
70 173 [0]
7 227 [9]
40 197 [6]
45 192 [6]
25 212 [6]
17 224 [2]
115 129 [0]
3 241 [0]
21 223 [0]
44 193 [7]
97 140 [7]
61 176 [7]
79 165 [0]
26 212 [6]
10 227 [7]
39 198 [7]
56 182 [7]
89 156 [0]
6 239 [0]
13 225 [7]
43 202 [0]
34 205 [6]
45 200 [0]
72 166 [7]
93 146 [6]
48 197 [0]
0 239 [7]
2 237 [7]
39 201 [6]
77 169 [0]
88 158 [0]
27 213 [6]
83 164 [0]
87 153 [7]
2 236 [9]
43 197 [7]
78 163 [6]
30 210 [7]
2 246 [0]
26 222 [0]
61 187 [0]
84 164 [0]
118 123 [7]
71 178 [0]
44 205 [0]
49 200 [0]
117 126 [6]
91 158 [0]
28 214 [7]
67 175 [7]
27 223 [0]
7 243 [0]
24 220 [6]
17 233 [0]
8 233 [9]
118 132 [0]
58 192 [0]
63 181 [6]
27 216 [7]
61 183 [6]
84 166 [0]
14 231 [6]
17 227 [7]
27 218 [6]
72 179 [0]
94 156 [1]
47 197 [7]
29 216 [6]
87 164 [0]
10 242 [0]
30 222 [0]
70 182 [0]
8 237 [7]
68 177 [7]
50 196 [6]
16 237 [0]
56 197 [0]
87 157 [9]
102 151 [0]
0 254 [0]
8 246 [0]
83 171 [0]
94 153 [7]
59 186 [9]
42 207 [6]
21 234 [0]
2 253 [0]
10 238 [7]
29 225 [1]
10 236 [9]
122 124 [9]
66 183 [6]
45 211 [0]
112 144 [0]
60 189 [7]
60 190 [6]
53 197 [6]
28 222 [6]
12 245 [0]
122 135 [0]
70 181 [6]
127 128 [2]
88 168 [1]
117 134 [6]
66 185 [6]
8 244 [6]
8 250 [0]
16 235 [7]
25 226 [7]
98 154 [6]
8 243 [7]
84 174 [0]
2 247 [9]
119 139 [0]
97 157 [5]
115 137 [7]
15 237 [7]
20 233 [7]
2 251 [7]
94 159 [7]
102 149 [9]
76 178 [6]
55 206 [0]
23 238 [0]
95 159 [7]
33 228 [0]
36 225 [0]
39 215 [7]
112 145 [4]
110 151 [0]
106 156 [0]
2 260 [0]
21 240 [1]
71 182 [9]
64 192 [6]
70 188 [4]
8 255 [0]
9 254 [0]
109 154 [0]
61 196 [6]
20 236 [7]
9 249 [6]
130 134 [0]
102 161 [1]
21 236 [7]
39 219 [6]
40 217 [7]
1 264 [0]
56 209 [0]
88 177 [0]
126 139 [0]
108 156 [1]
57 202 [6]
59 199 [7]
23 235 [7]
107 149 [9]
47 219 [0]
55 211 [0]
1 258 [7]
109 151 [6]
10 249 [7]
84 183 [0]
78 190 [0]
66 202 [0]
88 174 [6]
52 216 [0]
7 255 [6]
27 235 [6]
0 262 [6]
64 197 [7]
82 186 [0]
25 244 [0]
68 195 [6]
11 251 [7]
13 249 [7]
3 260 [6]
4 266 [0]
44 224 [2]
2 259 [9]
10 260 [0]
17 253 [0]
44 226 [0]
50 220 [0]
68 202 [0]
96 175 [0]
107 164 [0]
108 163 [0]
54 211 [6]
95 170 [6]
111 153 [7]
29 243 [0]
76 196 [0]
126 146 [0]
103 168 [1]
132 141 [0]
15 252 [6]
11 262 [0]
94 173 [6]
53 214 [6]
69 198 [6]
19 254 [0]
1 266 [6]
124 149 [0]
122 146 [6]
3 271 [0]
2 266 [6]
6 262 [6]
4 270 [0]
44 230 [0]
34 233 [7]
10 257 [7]
106 168 [0]
16 251 [7]
123 152 [0]
54 221 [0]
63 212 [0]
19 249 [7]
114 155 [6]
44 225 [6]
40 229 [6]
17 259 [0]
43 233 [0]
3 267 [6]
60 216 [0]
65 211 [0]
130 146 [0]
8 262 [6]
78 194 [4]
107 163 [6]
6 264 [6]
6 266 [4]
38 233 [6]
71 205 [1]
106 172 [0]
87 190 [1]
84 195 [0]
53 225 [1]
6 272 [1]
95 183 [1]
36 237 [6]
7 266 [6]
50 230 [0]
30 244 [6]
65 215 [0]
26 248 [6]
73 207 [0]
104 176 [0]
138 142 [0]
76 205 [0]
140 141 [0]
93 182 [6]
88 192 [1]
43 232 [6]
127 152 [2]
90 185 [7]
67 215 [0]
75 207 [0]
120 162 [0]
4 271 [7]
98 183 [1]
134 148 [0]
139 143 [0]
83 200 [0]
80 203 [0]
80 197 [6]
70 212 [1]
42 235 [6]
130 147 [6]
6 271 [6]
98 179 [6]
8 269 [6]
62 222 [0]
93 190 [1]
97 188 [0]
2 277 [6]
122 157 [6]
95 190 [0]
104 181 [0]
125 160 [0]
53 227 [6]
87 193 [6]
63 217 [6]
131 155 [0]
93 192 [1]
23 257 [7]
54 233 [0]
129 158 [0]
106 180 [1]
74 207 [6]
6 282 [0]
47 241 [0]
39 243 [6]
124 164 [0]
139 147 [2]
47 240 [1]
48 240 [0]
21 264 [4]
50 239 [0]
23 259 [7]
126 163 [0]
32 257 [0]
0 282 [7]
131 156 [2]
17 266 [6]
49 239 [1]
103 185 [1]
62 228 [0]
88 202 [0]
7 277 [6]
13 273 [4]
126 160 [4]
138 151 [1]
18 272 [1]
68 223 [0]
45 239 [7]
116 175 [0]
93 194 [4]
0 285 [6]
141 150 [0]
90 202 [0]
33 259 [0]
2 290 [0]
1 284 [7]
84 202 [6]
124 167 [1]
61 231 [0]
16 270 [7]
109 184 [0]
30 257 [6]
58 229 [6]
51 236 [6]
36 251 [6]
60 226 [7]
95 199 [0]
4 283 [7]
35 255 [4]
94 201 [0]
4 284 [7]
38 253 [4]
8 280 [7]
124 172 [0]
90 199 [7]
9 287 [0]
39 257 [0]
93 203 [0]
133 163 [0]
112 180 [4]
95 202 [0]
23 274 [0]
1 287 [9]
106 182 [9]
39 258 [0]
140 156 [1]
64 226 [7]
111 186 [0]
27 271 [0]
44 247 [7]
12 286 [0]
90 208 [0]
26 272 [0]
6 286 [6]
93 205 [0]
37 261 [0]
64 228 [6]
101 197 [0]
59 240 [0]
112 187 [0]
86 206 [7]
87 211 [1]
46 246 [7]
2 291 [7]
128 172 [0]
121 178 [1]
139 155 [6]
110 184 [6]
34 265 [1]
10 283 [7]
7 286 [7]
32 269 [0]
130 165 [6]
3 291 [7]
94 208 [0]
3 292 [7]
5 290 [7]
1 294 [7]
64 232 [6]
74 222 [6]
111 185 [6]
134 167 [1]
47 256 [0]
9 294 [0]
66 231 [6]
0 297 [6]
119 184 [0]
1 295 [7]
75 221 [7]
9 295 [0]
33 271 [0]
116 187 [1]
56 242 [6]
78 226 [0]
71 227 [6]
99 204 [1]
2 296 [6]
96 208 [0]
83 221 [0]
17 281 [6]
143 155 [6]
24 275 [6]
64 241 [0]
129 176 [0]
147 151 [7]
16 283 [6]
77 222 [6]
5 293 [7]
102 197 [6]
25 275 [6]
98 202 [6]
66 241 [0]
18 283 [6]
118 189 [0]
30 273 [4]
43 260 [4]
101 206 [0]
147 153 [7]
52 256 [0]
82 224 [2]
129 178 [1]
107 195 [6]
0 309 [0]
79 230 [0]
134 171 [4]
54 249 [6]
31 279 [0]
58 252 [0]
115 195 [0]
111 193 [6]
14 290 [6]
150 161 [0]
72 233 [6]
22 282 [7]
99 212 [1]
73 233 [6]
70 241 [1]
37 272 [3]
49 264 [0]
151 161 [1]
46 267 [0]
114 193 [6]
43 264 [6]
3 311 [0]
86 228 [0]
123 190 [1]
44 266 [4]
125 189 [0]
37 271 [6]
109 204 [1]
130 184 [0]
12 296 [6]
132 182 [0]
147 160 [7]
56 259 [0]
68 241 [6]
130 183 [2]
1 307 [7]
131 184 [0]
3 305 [7]
77 237 [1]
141 168 [6]
38 273 [4]
31 285 [0]
85 224 [7]
138 178 [0]
71 245 [0]
127 188 [1]
46 266 [4]
124 191 [1]
6 306 [4]
78 239 [0]
97 219 [1]
104 212 [1]
135 183 [0]
76 242 [0]
145 172 [1]
105 213 [0]
8 303 [7]
51 263 [4]
65 247 [6]
125 186 [7]
58 261 [0]
4 315 [0]
110 203 [6]
96 219 [4]
24 289 [6]
3 312 [4]
155 164 [0]
120 193 [6]
19 293 [7]
56 262 [1]
29 289 [1]
2 318 [0]
21 299 [0]
69 251 [0]
136 183 [1]
108 206 [6]
40 279 [1]
18 303 [0]
120 201 [0]
128 193 [0]
18 297 [6]
59 262 [0]
102 219 [0]
146 171 [4]
63 257 [1]
37 285 [0]
45 277 [0]
6 311 [6]
105 218 [0]
17 300 [6]
46 270 [7]
0 317 [6]
54 263 [6]
92 224 [7]
72 245 [6]
41 283 [0]
100 224 [0]
12 308 [4]
17 301 [6]
13 305 [6]
125 199 [0]
159 166 [0]
17 302 [6]
31 294 [0]
80 240 [5]
77 248 [0]
154 170 [1]
147 178 [0]
20 306 [0]
55 265 [6]
78 247 [1]
6 314 [6]
90 231 [6]
30 297 [0]
4 317 [6]
121 200 [6]
123 198 [6]
13 314 [0]
52 269 [6]
23 304 [0]
70 253 [4]
59 264 [4]
138 187 [2]
97 231 [0]
148 179 [1]
139 188 [1]
21 306 [1]
162 166 [0]
159 169 [0]
58 266 [4]
131 198 [0]
7 322 [0]
37 286 [6]
20 309 [0]
127 196 [6]
7 315 [7]
136 192 [1]
69 260 [0]
66 257 [6]
72 253 [4]
108 220 [1]
148 181 [0]
25 305 [0]
120 209 [1]
27 303 [0]
47 283 [0]
77 247 [6]
121 209 [0]
92 237 [1]
37 287 [6]
79 245 [6]
154 176 [0]
107 222 [1]
54 273 [4]
72 259 [0]
143 186 [2]
3 321 [7]
118 213 [1]
1 331 [0]
53 279 [0]
123 203 [6]
56 276 [0]
97 234 [1]
14 314 [4]
23 302 [7]
2 323 [7]
9 324 [0]
122 210 [1]
121 203 [9]
163 170 [0]
165 169 [0]
103 230 [1]
11 323 [0]
6 321 [7]
32 296 [6]
113 221 [0]
24 309 [1]
64 270 [0]
43 292 [0]
163 166 [6]
84 250 [1]
31 298 [6]
28 306 [1]
82 252 [1]
137 199 [0]
10 326 [0]
4 332 [0]
14 322 [0]
92 238 [6]
34 296 [6]
63 273 [0]
13 317 [6]
98 237 [1]
124 203 [9]
10 320 [6]
159 178 [0]
60 271 [6]
160 177 [0]
73 260 [4]
165 166 [6]
128 209 [1]
116 222 [0]
25 313 [0]
40 297 [1]
9 325 [4]
136 201 [1]
83 254 [1]
22 310 [6]
127 211 [0]
157 182 [0]
167 172 [0]
106 232 [1]
0 340 [0]
107 233 [0]
58 276 [6]
44 290 [6]
74 265 [1]
73 263 [4]
158 182 [0]
49 292 [0]
19 315 [7]
133 207 [1]
53 282 [6]
106 230 [6]
19 323 [0]
72 270 [0]
89 253 [0]
21 320 [1]
7 328 [7]
155 187 [0]
7 336 [0]
75 268 [0]
114 229 [0]
3 334 [6]
83 255 [5]
20 317 [6]
4 334 [6]
150 194 [0]
129 214 [1]
0 338 [6]
35 303 [6]
68 276 [0]
137 207 [0]
133 211 [1]
64 277 [4]
95 250 [0]
44 295 [6]
33 311 [1]
2 339 [4]
27 314 [4]
71 274 [1]
57 288 [1]
13 326 [7]
53 287 [6]
30 310 [6]
9 333 [4]
76 269 [1]
70 275 [1]
8 338 [0]
123 223 [0]
157 190 [0]
42 305 [0]
1 340 [6]
60 287 [0]
123 225 [0]
30 318 [0]
92 250 [6]
66 278 [4]
15 326 [7]
166 182 [0]
59 290 [0]
21 328 [0]
32 311 [6]
162 181 [6]
67 281 [1]
137 211 [1]
147 202 [0]
118 224 [7]
20 325 [4]
141 207 [1]
72 278 [0]
4 340 [6]
1 349 [0]
121 228 [1]
87 262 [1]
91 255 [4]
13 331 [6]
52 292 [6]
7 339 [4]
7 337 [7]
9 342 [0]
46 299 [6]
12 339 [0]
34 317 [0]
98 247 [6]
23 321 [7]
133 218 [0]
173 179 [0]
41 305 [6]
109 242 [1]
80 271 [1]
81 270 [1]
57 289 [6]
37 310 [6]
49 304 [0]
34 319 [0]
81 271 [1]
16 330 [7]
2 344 [7]
4 343 [6]
34 313 [6]
58 289 [6]
97 256 [0]
77 270 [6]
105 240 [8]
26 328 [0]
69 284 [1]
15 335 [4]
14 339 [1]
17 330 [7]
23 325 [6]
79 276 [0]
0 348 [7]
33 322 [0]
119 236 [0]
127 221 [7]
4 347 [4]
16 332 [7]
152 203 [0]
126 225 [4]
174 181 [0]
26 330 [0]
15 341 [0]
8 348 [0]
75 275 [6]
48 308 [0]
54 296 [6]
50 305 [1]
151 205 [0]
94 262 [0]
172 184 [0]
6 344 [6]
33 324 [0]
152 204 [1]
82 272 [3]
164 193 [0]
29 324 [4]
89 265 [4]
100 258 [0]
152 206 [0]
6 346 [6]
102 252 [4]
62 290 [6]
165 192 [1]
145 213 [0]
144 214 [0]
7 347 [4]
40 314 [4]
41 314 [4]
168 191 [0]
63 296 [0]
106 247 [6]
10 345 [4]
25 328 [6]
54 299 [6]
174 183 [2]
35 325 [0]
125 234 [1]
89 267 [4]
168 192 [0]
138 221 [1]
11 345 [4]
172 188 [0]
44 312 [4]
106 254 [1]
66 295 [0]
157 204 [0]
78 278 [5]
22 335 [4]
97 260 [4]
22 332 [7]
67 287 [7]
125 232 [4]
7 355 [0]
102 255 [5]
7 352 [4]
135 228 [0]
119 242 [2]
35 327 [1]
150 212 [1]
177 182 [4]
156 207 [0]
143 214 [6]
0 364 [0]
149 215 [0]
22 338 [4]
1 364 [0]
70 295 [0]
122 242 [1]
154 210 [1]
2 358 [6]
95 270 [1]
105 261 [0]
130 232 [4]
10 352 [4]
1 359 [6]
9 353 [4]
88 273 [5]
11 349 [6]
86 275 [6]
157 210 [0]
57 304 [6]
75 291 [1]
2 361 [4]
95 268 [4]
168 194 [5]
4 357 [6]
85 276 [6]
27 339 [1]
149 219 [0]
41 321 [6]
74 293 [1]
5 357 [6]
177 190 [1]
32 331 [6]
3 366 [0]
6 363 [0]
11 358 [0]
51 318 [0]
167 202 [0]
10 360 [0]
30 340 [0]
112 253 [5]
53 316 [1]
83 283 [4]
7 356 [7]
50 321 [0]
5 366 [0]
94 277 [0]
58 307 [6]
93 279 [0]
14 357 [1]
124 244 [4]
142 230 [0]
133 238 [1]
154 217 [1]
122 251 [0]
44 329 [0]
88 281 [4]
2 365 [6]
144 227 [2]
123 250 [0]
131 238 [4]
4 362 [7]
152 221 [0]
1 373 [0]
0 374 [0]
178 196 [0]
24 349 [1]
57 316 [1]
79 295 [0]
176 197 [1]
100 274 [0]
34 334 [6]
168 206 [0]
165 209 [0]
166 208 [0]
173 201 [0]
129 245 [0]
5 370 [0]
111 264 [0]
20 349 [6]
167 208 [0]
68 306 [1]
21 348 [6]
111 258 [6]
66 309 [0]
127 248 [0]
39 331 [6]
16 354 [6]
73 303 [0]
102 274 [0]
75 300 [1]
90 280 [6]
34 336 [6]
45 332 [0]
6 371 [0]
12 361 [4]
61 316 [0]
111 266 [0]
40 336 [1]
20 351 [6]
153 224 [0]
6 372 [0]
59 319 [0]
107 267 [4]
59 318 [1]
42 330 [6]
121 256 [1]
136 241 [1]
74 305 [0]
31 342 [6]
36 343 [0]
16 359 [4]
6 373 [0]
75 303 [1]
25 354 [0]
39 334 [6]
23 352 [4]
47 331 [1]
140 240 [0]
74 306 [0]
1 375 [4]
177 202 [1]
17 357 [6]
23 357 [0]
187 188 [5]
6 368 [6]
141 238 [1]
23 351 [6]
142 235 [4]
128 253 [0]
49 332 [0]
55 326 [0]
107 274 [0]
2 373 [6]
41 339 [1]
69 311 [1]
3 372 [6]
125 252 [4]
32 343 [6]
23 359 [0]
98 283 [1]
60 316 [6]
7 369 [6]
23 355 [4]
168 210 [4]
11 372 [0]
89 293 [1]
17 360 [6]
128 254 [1]
173 210 [0]
84 299 [0]
95 288 [0]
174 203 [6]
183 196 [4]
157 226 [0]
181 201 [2]
12 365 [7]
135 244 [5]
16 362 [6]
87 296 [1]
6 374 [4]
56 327 [1]
163 217 [4]
37 346 [1]
17 364 [4]
6 375 [4]
90 289 [6]
74 310 [1]
125 255 [5]
70 316 [0]
36 346 [4]
135 251 [0]
1 379 [6]
0 382 [4]
170 217 [0]
100 286 [1]
110 276 [1]
7 374 [6]
117 267 [4]
3 385 [0]
79 305 [4]
28 360 [0]
107 281 [0]
123 260 [5]
39 345 [4]
79 306 [3]
113 271 [4]
3 379 [6]
144 242 [2]
190 197 [2]
12 377 [0]
136 249 [4]
2 383 [4]
35 348 [6]
121 268 [0]
130 259 [0]
190 198 [2]
63 327 [0]
34 355 [1]
79 310 [1]
191 198 [1]
104 285 [1]
36 355 [0]
167 224 [0]
63 324 [4]
16 371 [4]
148 240 [3]
73 314 [4]
176 214 [1]
45 347 [0]
111 275 [6]
117 272 [3]
98 294 [0]
177 215 [0]
6 387 [0]
195 198 [0]
10 377 [6]
0 387 [6]
124 264 [5]
31 358 [4]
0 386 [7]
21 373 [0]
124 270 [0]
143 251 [0]
195 199 [0]
37 353 [4]
159 226 [9]
73 317 [4]
130 260 [5]
2 393 [0]
9 386 [0]
67 322 [6]
51 344 [0]
18 373 [4]
175 220 [0]
75 317 [4]
7 389 [0]
171 224 [1]
87 309 [0]
60 337 [0]
95 298 [4]
22 371 [4]
30 366 [1]
0 391 [6]
43 349 [6]
126 267 [5]
3 395 [0]
34 364 [0]
195 202 [1]
7 385 [6]
90 302 [6]
92 305 [1]
41 351 [6]
90 303 [6]
163 232 [4]
90 309 [0]
57 341 [1]
96 303 [0]
199 200 [0]
62 333 [4]
16 377 [6]
2 391 [6]
9 391 [0]
12 388 [0]
175 225 [0]
181 219 [0]
65 334 [1]
115 281 [4]
9 387 [4]
19 382 [0]
54 347 [0]
106 295 [0]
154 247 [0]
191 210 [0]
51 345 [5]
16 379 [6]
1 401 [0]
32 370 [0]
4 394 [4]
1 395 [6]
159 240 [3]
20 382 [0]
46 350 [6]
130 270 [2]
115 282 [6]
2 401 [0]
77 326 [0]
68 334 [1]
102 297 [4]
63 336 [4]
8 388 [7]
40 359 [4]
161 242 [0]
58 346 [0]
112 292 [0]
147 253 [4]
112 293 [0]
2 397 [6]
66 335 [4]
122 278 [5]
11 395 [0]
58 348 [0]
179 226 [1]
49 353 [4]
58 347 [1]
11 391 [4]
112 290 [4]
107 300 [0]
65 342 [0]
7 400 [0]
47 360 [0]
136 270 [1]
30 373 [4]
116 290 [1]
80 323 [4]
107 296 [4]
158 249 [0]
2 399 [6]
84 322 [1]
19 389 [0]
10 398 [0]
116 292 [0]
150 258 [0]
114 293 [1]
123 284 [1]
3 399 [6]
0 403 [6]
32 373 [4]
182 221 [6]
82 321 [6]
141 264 [4]
2 408 [0]
137 273 [0]
199 210 [1]
174 236 [0]
35 369 [6]
156 254 [0]
176 233 [1]
37 372 [1]
109 297 [4]
15 389 [6]
128 276 [6]
53 358 [0]
52 359 [0]
116 295 [0]
111 294 [6]
6 399 [6]
7 398 [6]
56 356 [0]
173 239 [0]
190 222 [0]
47 364 [1]
194 213 [5]
0 408 [4]
108 305 [0]
27 386 [0]
1 408 [4]
90 317 [6]
59 354 [0]
110 302 [1]
8 401 [4]
25 389 [0]
52 362 [0]
101 313 [0]
187 226 [1]
69 344 [1]
1 407 [6]
15 400 [0]
57 358 [0]
189 226 [0]
197 216 [2]
6 405 [4]
159 252 [4]
56 360 [0]
111 305 [0]
23 393 [0]
11 401 [4]
74 339 [3]
196 220 [0]
12 398 [6]
112 299 [5]
16 401 [0]
156 261 [0]
184 233 [0]
196 221 [0]
200 217 [0]
43 370 [4]
59 357 [1]
6 412 [0]
34 378 [6]
22 393 [4]
25 394 [0]
10 405 [4]
90 329 [0]
75 339 [5]
160 259 [0]
75 343 [1]
180 239 [0]
1 415 [4]
172 244 [4]
98 322 [0]
187 229 [4]
171 249 [0]
84 336 [0]
41 375 [4]
148 272 [0]
100 319 [1]
10 409 [1]
153 268 [0]
175 245 [1]
2 413 [6]
112 306 [3]
3 415 [4]
73 349 [0]
103 315 [4]
13 403 [6]
184 238 [0]
2 416 [4]
19 400 [3]
46 377 [0]
63 356 [4]
86 333 [4]
191 230 [2]
180 243 [0]
93 325 [5]
20 404 [0]
62 362 [0]
154 265 [5]
147 272 [5]
146 274 [4]
25 395 [4]
48 373 [4]
8 417 [0]
52 373 [0]
108 312 [5]
81 344 [0]
16 403 [6]
26 395 [4]
75 346 [4]
83 339 [3]
23 403 [0]
47 379 [0]
86 340 [0]
48 374 [4]
21 401 [4]
144 277 [5]
120 302 [4]
5 422 [0]
46 381 [0]
50 377 [0]
74 353 [0]
90 337 [0]
17 409 [1]
2 421 [4]
44 380 [4]
14 410 [4]
84 340 [4]
144 280 [4]
138 286 [4]
122 301 [5]
36 386 [6]
34 388 [6]
18 411 [0]
2 427 [0]
107 318 [4]
10 419 [0]
4 421 [4]
112 317 [0]
54 371 [4]
196 233 [0]
197 232 [0]
201 228 [0]
176 254 [0]
134 292 [4]
145 277 [8]
87 342 [1]
142 289 [0]
104 321 [6]
195 234 [2]
208 223 [0]
11 421 [0]
104 328 [0]
117 315 [0]
203 223 [6]
111 320 [1]
79 349 [4]
87 344 [1]
108 320 [4]
19 414 [0]
129 304 [0]
66 368 [0]
23 411 [0]
9 425 [0]
75 359 [0]
71 358 [5]
120 314 [0]
209 225 [0]
159 275 [0]
152 278 [4]
145 289 [0]
5 428 [1]
177 258 [0]
109 326 [0]
48 386 [1]
69 361 [5]
71 359 [5]
27 404 [4]
28 403 [4]
131 299 [5]
3 428 [4]
12 424 [0]
43 393 [0]
112 324 [0]
164 267 [5]
0 432 [4]
102 330 [4]
80 357 [0]
7 430 [0]
82 352 [3]
52 379 [6]
12 425 [0]
96 341 [0]
25 406 [6]
22 411 [4]
168 264 [5]
48 385 [4]
17 416 [4]
100 338 [0]
108 330 [0]
193 245 [0]
173 261 [4]
18 419 [1]
4 435 [0]
187 250 [2]
111 324 [4]
216 223 [0]
49 389 [1]
73 365 [1]
44 389 [6]
218 222 [0]
188 249 [3]
156 281 [3]
63 373 [4]
86 348 [6]
11 428 [1]
18 423 [0]
43 398 [0]
13 424 [4]
60 381 [0]
89 351 [1]
32 409 [1]
88 354 [0]
21 417 [4]
13 428 [1]
55 381 [6]
12 426 [4]
11 432 [0]
44 399 [0]
98 345 [0]
66 373 [4]
48 391 [4]
69 370 [4]
71 368 [4]
106 333 [5]
34 409 [1]
4 436 [4]
169 271 [4]
11 429 [4]
22 421 [1]
23 417 [4]
94 346 [4]
186 255 [4]
7 438 [0]
126 315 [4]
62 383 [0]
84 361 [0]
123 321 [1]
22 422 [1]
99 346 [0]
180 262 [3]
153 292 [1]
26 420 [0]
15 431 [0]
132 314 [0]
158 287 [1]
126 320 [0]
2 440 [4]
215 230 [1]
56 390 [1]
9 438 [0]
25 421 [1]
157 285 [5]
144 298 [5]
56 387 [4]
65 381 [1]
201 246 [0]
169 273 [5]
40 402 [5]
48 398 [1]
74 374 [0]
0 448 [0]
8 436 [4]
7 437 [4]
101 339 [8]
139 308 [1]
108 335 [5]
83 362 [4]
211 238 [0]
37 409 [3]
97 352 [0]
86 359 [4]
191 258 [0]
212 237 [0]
180 268 [1]
21 424 [4]
38 407 [4]
65 384 [1]
83 367 [0]
175 272 [3]
98 347 [5]
49 397 [4]
100 346 [4]
90 360 [0]
109 341 [0]
143 307 [0]
115 334 [1]
155 291 [4]
150 296 [4]
89 357 [4]
186 258 [6]
120 325 [5]
162 288 [0]
19 432 [0]
188 263 [0]
5 446 [0]
134 317 [0]
208 239 [4]
130 319 [2]
148 303 [0]
204 247 [0]
6 439 [6]
204 248 [0]
1 451 [0]
12 434 [6]
193 259 [0]
169 279 [4]
11 437 [4]
209 243 [0]
7 446 [0]
39 414 [0]
126 322 [5]
114 335 [4]
158 294 [1]
48 402 [3]
16 438 [0]
1 453 [0]
6 448 [0]
33 421 [0]
37 413 [4]
46 408 [0]
66 388 [0]
67 387 [0]
114 339 [1]
88 366 [0]
196 254 [4]
171 283 [0]
87 366 [1]
100 350 [4]
218 237 [0]
11 444 [0]
0 455 [0]
43 406 [6]
38 417 [0]
4 447 [4]
6 445 [4]
4 445 [6]
72 383 [0]
185 270 [0]
92 362 [1]
45 411 [0]
49 406 [1]
197 259 [0]
103 351 [4]
58 400 [0]
66 386 [6]
226 232 [0]
30 427 [1]
130 326 [2]
164 291 [4]
14 444 [1]
8 447 [4]
71 388 [0]
68 390 [1]
76 383 [0]
205 254 [0]
214 245 [0]
115 343 [1]
12 443 [4]
227 233 [0]
102 354 [4]
22 437 [1]
59 402 [0]
56 405 [0]
63 398 [0]
120 337 [4]
155 301 [5]
85 372 [4]
79 382 [0]
32 428 [1]
8 449 [4]
61 399 [1]
173 284 [4]
84 377 [0]
15 442 [4]
2 455 [4]
88 374 [0]
52 409 [1]
21 440 [1]
51 407 [4]
228 234 [0]
121 342 [0]
39 424 [0]
59 404 [0]
198 261 [4]
46 413 [4]
210 249 [4]
81 378 [4]
21 441 [1]
0 459 [4]
225 238 [0]
129 329 [5]
18 439 [6]
138 326 [0]
217 247 [0]
228 231 [5]
109 351 [4]
0 461 [4]
91 370 [4]
58 403 [4]
178 283 [4]
81 385 [0]
7 459 [0]
223 241 [2]
72 393 [1]
95 367 [4]
82 383 [1]
179 287 [0]
185 281 [0]
7 453 [6]
137 324 [5]
3 459 [4]
232 235 [0]
176 288 [3]
97 366 [4]
60 403 [4]
211 256 [0]
15 451 [1]
166 297 [4]
31 431 [5]
19 444 [4]
230 236 [1]
3 458 [6]
210 258 [0]
134 329 [5]
82 386 [0]
150 314 [4]
12 455 [1]
149 314 [5]
225 243 [0]
118 350 [0]
102 366 [0]
185 283 [0]
209 260 [0]
149 320 [0]
11 454 [4]
13 452 [4]
53 416 [0]
70 394 [5]
0 465 [4]
97 368 [4]
134 335 [0]
85 380 [5]
6 458 [6]
78 388 [4]
21 449 [0]
133 337 [0]
63 402 [5]
157 308 [5]
185 286 [0]
17 454 [0]
53 415 [3]
101 365 [5]
92 379 [0]
200 271 [0]
7 463 [1]
233 234 [4]
148 321 [2]
33 431 [8]
165 307 [0]
182 290 [0]
190 282 [0]
80 388 [4]
8 460 [4]
36 431 [5]
79 389 [4]
64 404 [4]
22 451 [0]
44 425 [4]
83 390 [0]
140 333 [0]
45 427 [1]
2 467 [4]
92 377 [4]
106 363 [4]
133 336 [4]
56 416 [1]
162 307 [4]
212 261 [0]
90 384 [0]
185 284 [5]
4 466 [4]
207 264 [3]
227 245 [2]
38 436 [0]
41 432 [1]
65 409 [0]
14 459 [1]
169 304 [1]
152 321 [1]
75 395 [4]
126 348 [0]
6 462 [6]
175 295 [4]
204 270 [0]
10 458 [6]
1 468 [6]
224 250 [1]
11 458 [6]
228 245 [2]
197 278 [0]
74 397 [4]
227 248 [0]
22 452 [1]
182 288 [5]
130 346 [0]
180 291 [5]
54 418 [4]
61 411 [4]
165 311 [0]
218 255 [3]
2 468 [6]
37 435 [4]
37 438 [1]
164 312 [0]
12 460 [4]
104 373 [0]
5 472 [0]
140 337 [0]
95 377 [5]
9 462 [6]
21 455 [1]
37 439 [1]
164 309 [4]
220 258 [0]
23 454 [1]
204 269 [5]
96 378 [4]
209 268 [1]
112 362 [4]
45 430 [4]
217 262 [0]
229 250 [0]
113 362 [4]
12 464 [3]
156 320 [3]
65 410 [4]
31 449 [0]
4 476 [0]
7 469 [4]
80 400 [0]
85 395 [0]
0 479 [1]
177 303 [0]
197 283 [0]
73 402 [5]
10 466 [4]
189 290 [1]
16 458 [6]
231 249 [0]
2 479 [0]
7 474 [0]
10 471 [0]
11 470 [0]
206 271 [4]
141 340 [0]
96 386 [0]
17 465 [0]
51 428 [3]
40 438 [4]
118 360 [4]
161 321 [0]
193 286 [4]
166 312 [5]
203 280 [0]
45 434 [4]
73 405 [5]
113 366 [4]
61 418 [4]
197 282 [4]
237 242 [4]
19 464 [1]
31 453 [0]
69 415 [0]
206 273 [5]
32 451 [1]
192 292 [0]
40 443 [1]
105 371 [8]
11 474 [0]
84 397 [4]
11 468 [6]
204 278 [3]
19 466 [0]
34 447 [4]
2 484 [0]
6 476 [4]
6 479 [1]
89 392 [5]
90 392 [4]
97 388 [1]
78 403 [5]
56 430 [0]
5 480 [1]
66 420 [0]
7 475 [4]
222 264 [0]
34 448 [4]
207 274 [5]
118 369 [0]
76 407 [4]
54 432 [1]
62 425 [0]
108 374 [5]
193 292 [2]
39 447 [1]
74 412 [1]
208 280 [0]
102 386 [0]
105 375 [8]
139 348 [1]
20 467 [1]
150 338 [0]
111 376 [1]
26 461 [1]
130 355 [3]
242 246 [0]
21 464 [3]
171 318 [0]
189 300 [0]
199 285 [5]
23 465 [1]
207 282 [0]
161 325 [3]
39 450 [1]
100 385 [5]
76 409 [5]
63 422 [5]
141 345 [5]
35 455 [1]
3 482 [6]
124 363 [4]
81 406 [4]
155 333 [3]
207 281 [3]
235 251 [5]
234 252 [5]
63 424 [4]
223 269 [0]
44 448 [0]
115 376 [1]
145 347 [0]
167 320 [5]
123 365 [4]
57 436 [0]
199 294 [0]
120 369 [4]
27 465 [1]
172 317 [4]
7 485 [1]
15 472 [6]
12 481 [1]
60 434 [0]
221 273 [0]
180 311 [3]
130 361 [3]
2 488 [4]
130 359 [5]
0 490 [4]
6 485 [3]
23 470 [1]
243 252 [0]
9 486 [0]
12 483 [0]
57 438 [0]
170 320 [5]
205 290 [0]
127 367 [1]
40 452 [3]
94 402 [0]
5 491 [0]
210 282 [4]
202 294 [0]
39 453 [4]
132 363 [1]
0 492 [4]
175 321 [1]
135 357 [5]
36 461 [0]
195 297 [5]
149 344 [4]
73 419 [5]
243 254 [0]
15 481 [1]
126 366 [5]
36 460 [1]
212 286 [0]
1 497 [0]
28 469 [1]
29 469 [0]
88 410 [0]
157 341 [0]
123 370 [5]
218 277 [3]
167 331 [0]
174 324 [0]
28 470 [1]
101 398 [0]
38 461 [0]
185 310 [4]
91 408 [0]
45 449 [5]
144 355 [0]
218 272 [9]
109 386 [4]
204 291 [4]
20 478 [1]
149 350 [0]
180 312 [8]
125 375 [0]
170 327 [3]
57 443 [0]
63 437 [0]
165 335 [0]
147 349 [4]
1 493 [6]
98 403 [0]
4 497 [0]
9 489 [3]
232 268 [1]
55 446 [0]
201 300 [0]
74 427 [0]
154 343 [4]
155 342 [4]
224 276 [1]
126 375 [0]
64 437 [1]
183 319 [0]
76 426 [0]
200 297 [5]
36 463 [3]
154 344 [4]
201 302 [0]
17 482 [4]
244 254 [5]
216 287 [0]
21 480 [3]
30 474 [0]
94 405 [5]
115 388 [1]
242 262 [0]
29 470 [5]
181 318 [5]
147 356 [1]
172 327 [5]
198 307 [0]
53 452 [0]
150 355 [0]
228 277 [0]
58 446 [1]
68 432 [5]
162 338 [5]
205 297 [3]
164 339 [3]
148 354 [4]
49 457 [0]
230 276 [0]
20 482 [4]
193 309 [4]
64 438 [4]
232 266 [8]
203 304 [0]
0 507 [0]
108 394 [5]
11 492 [4]
62 439 [6]
104 399 [4]
23 483 [1]
50 456 [1]
125 377 [5]
112 392 [3]
191 311 [5]
180 324 [3]
5 498 [4]
177 327 [3]
17 487 [4]
67 440 [1]
14 491 [3]
88 421 [0]
103 406 [0]
187 317 [5]
92 413 [4]
166 343 [0]
145 356 [8]
189 319 [1]
4 499 [6]
105 405 [0]
5 505 [0]
34 476 [0]
57 452 [1]
144 366 [0]
90 419 [1]
138 367 [5]
110 396 [4]
8 498 [4]
79 431 [0]
14 495 [1]
22 485 [3]
4 500 [6]
43 467 [1]
34 477 [0]
129 377 [5]
126 385 [0]
56 454 [1]
184 323 [4]
64 447 [0]
241 270 [0]
221 290 [0]
14 493 [4]
210 296 [5]
12 493 [6]
33 475 [3]
23 489 [0]
53 459 [0]
156 351 [5]
51 456 [5]
221 291 [0]
212 295 [5]
6 505 [1]
59 452 [1]
184 326 [2]
40 473 [0]
131 382 [0]
245 268 [0]
75 433 [5]
45 463 [5]
173 341 [0]
139 375 [0]
106 404 [4]
131 380 [3]
23 490 [1]
129 381 [4]
83 428 [3]
222 292 [0]
8 500 [6]
12 498 [4]
251 260 [3]
73 437 [5]
107 404 [4]
166 346 [3]
69 442 [4]
1 510 [4]
21 491 [3]
180 327 [8]
17 494 [4]
222 290 [4]
13 503 [0]
74 442 [0]
59 453 [4]
151 360 [5]
13 502 [1]
10 500 [6]
122 390 [4]
183 328 [5]
241 275 [0]
83 429 [5]
34 483 [0]
212 300 [5]
101 413 [3]
19 494 [4]
185 332 [0]
213 301 [3]
151 366 [0]
221 296 [0]
11 500 [6]
177 340 [0]
248 269 [0]
244 274 [0]
89 429 [0]
229 289 [0]
192 326 [0]
50 468 [0]
221 293 [4]
242 276 [0]
22 495 [1]
257 261 [0]
165 349 [4]
214 299 [5]
187 331 [0]
3 514 [1]
70 445 [4]
34 485 [0]
27 492 [0]
233 281 [5]
12 506 [1]
114 402 [3]
101 418 [0]
228 288 [3]
141 379 [0]
99 421 [0]
147 372 [1]
162 355 [3]
198 317 [5]
87 428 [5]
94 427 [0]
96 422 [3]
33 483 [5]
221 300 [0]
129 387 [5]
188 325 [8]
135 383 [3]
189 328 [4]
10 512 [0]
160 362 [0]
34 488 [0]
145 372 [5]
241 278 [3]
56 463 [3]
146 372 [4]
115 407 [0]
214 304 [4]
54 467 [1]
216 302 [4]
249 273 [0]
153 364 [5]
208 310 [4]
62 459 [1]
181 342 [0]
198 320 [5]
243 277 [3]
172 350 [1]
51 467 [5]
70 454 [0]
26 498 [0]
218 304 [2]
4 520 [0]
70 449 [5]
140 384 [0]
10 513 [1]
209 315 [0]
248 276 [0]
247 278 [0]
6 519 [0]
11 514 [0]
63 457 [5]
136 389 [0]
65 457 [3]
108 412 [5]
104 422 [0]
76 450 [0]
157 369 [0]
242 280 [4]
251 275 [0]
7 518 [1]
77 445 [4]
168 354 [5]
160 367 [0]
161 366 [0]
86 440 [1]
247 272 [8]
0 524 [4]
171 357 [0]
120 403 [5]
232 291 [5]
1 523 [4]
50 477 [1]
263 265 [0]
7 515 [6]
150 374 [5]
105 424 [0]
118 411 [0]
91 433 [5]
56 470 [3]
199 327 [3]
66 462 [1]
30 498 [1]
123 407 [0]
34 496 [0]
219 311 [0]
25 504 [1]
65 465 [0]
172 358 [0]
2 529 [0]
232 296 [3]
3 528 [0]
144 384 [3]
20 508 [3]
244 282 [5]
114 417 [0]
151 375 [5]
34 493 [4]
38 494 [0]
29 503 [0]
129 398 [5]
59 470 [3]
48 484 [0]
4 524 [4]
252 275 [5]
18 510 [4]
165 363 [4]
133 395 [4]
133 394 [5]
2 526 [4]
221 311 [0]
88 444 [0]
36 496 [1]
3 530 [0]
10 523 [0]
54 479 [0]
76 457 [0]
58 474 [1]
1 531 [1]
220 313 [0]
71 457 [5]
14 520 [0]
117 412 [5]
31 502 [1]
221 309 [4]
6 524 [4]
178 351 [5]
254 272 [8]
104 431 [0]
33 502 [0]
228 307 [0]
187 345 [3]
57 477 [1]
127 400 [8]
76 454 [5]
216 319 [0]
195 340 [0]
126 404 [5]
172 359 [5]
222 306 [8]
178 353 [5]
124 407 [5]
59 476 [1]
256 280 [0]
134 397 [5]
42 495 [0]
213 324 [0]
7 526 [4]
129 403 [5]
88 446 [3]
254 282 [2]
108 430 [0]
260 278 [0]
178 352 [8]
88 447 [3]
203 331 [4]
263 270 [5]
169 364 [5]
222 316 [0]
26 511 [1]
32 507 [0]
184 351 [4]
189 347 [3]
243 291 [5]
75 459 [5]
35 503 [1]
237 299 [3]
188 352 [0]
4 536 [0]
250 290 [3]
8 528 [4]
162 373 [5]
79 456 [5]
215 320 [5]
152 383 [5]
217 318 [5]
265 270 [5]
70 467 [3]
188 353 [0]
32 509 [0]
78 460 [3]
247 294 [0]
171 367 [3]
185 351 [5]
230 308 [3]
192 346 [3]
1 540 [1]
28 514 [0]
234 303 [5]
34 508 [0]
80 458 [4]
3 533 [6]
126 411 [5]
3 535 [4]
2 541 [0]
51 492 [0]
109 434 [0]
198 340 [5]
52 490 [1]
9 531 [3]
12 532 [0]
43 501 [0]
221 323 [0]
241 303 [0]
139 402 [3]
248 292 [4]
85 460 [0]
8 537 [0]
26 519 [0]
82 462 [1]
123 419 [3]
128 417 [0]
261 284 [0]
225 315 [5]
206 334 [5]
1 545 [0]
46 496 [4]
78 465 [3]
175 371 [0]
94 447 [5]
4 541 [1]
140 407 [0]
39 507 [1]
107 435 [5]
146 401 [0]
81 463 [3]
262 285 [0]
234 313 [0]
132 414 [1]
90 457 [0]
125 417 [5]
108 439 [0]
213 334 [0]
162 381 [4]
165 382 [0]
54 491 [3]
168 380 [0]
194 354 [0]
267 281 [0]
253 292 [3]
63 480 [5]
7 540 [1]
118 426 [4]
26 521 [1]
111 438 [0]
6 543 [0]
163 383 [3]
157 392 [0]
180 369 [0]
79 467 [3]
239 310 [0]
70 480 [0]
6 544 [0]
252 298 [0]
209 338 [3]
242 304 [4]
255 292 [3]
41 506 [3]
146 404 [0]
88 459 [3]
95 452 [3]
179 366 [5]
39 512 [0]
25 526 [0]
34 512 [5]
202 349 [0]
43 507 [1]
79 464 [8]
268 282 [1]
133 418 [0]
139 411 [1]
3 549 [0]
12 540 [0]
21 531 [0]
134 414 [4]
70 477 [5]
10 541 [1]
123 424 [5]
174 373 [5]
35 518 [0]
177 376 [0]
195 358 [0]
114 438 [1]
2 547 [4]
95 453 [5]
115 431 [8]
25 529 [0]
144 406 [4]
87 467 [0]
62 489 [3]
189 360 [5]
208 342 [4]
28 522 [4]
84 465 [5]
206 348 [0]
35 515 [4]
65 488 [1]
127 424 [4]
50 505 [0]
24 531 [0]
154 396 [5]
188 367 [0]
136 419 [0]
207 345 [3]
206 349 [0]
164 391 [0]
268 286 [1]
18 536 [1]
49 501 [5]
157 399 [0]
188 360 [8]
87 464 [5]
35 520 [1]
134 417 [5]
24 527 [5]
6 547 [4]
50 507 [0]
20 536 [1]
193 364 [0]
212 345 [0]
243 306 [8]
95 458 [4]
10 546 [1]
140 412 [5]
5 551 [1]
271 286 [0]
106 446 [5]
15 540 [3]
56 502 [0]
40 513 [5]
72 486 [0]
147 407 [4]
93 465 [0]
78 477 [3]
68 485 [5]
194 357 [7]
21 534 [3]
163 396 [0]
2 557 [0]
275 281 [3]
72 487 [0]
174 385 [0]
29 525 [5]
59 499 [1]
2 558 [0]
48 512 [0]
187 373 [0]
268 292 [0]
36 523 [1]
40 517 [3]
88 464 [8]
229 329 [3]
49 512 [0]
257 304 [0]
171 388 [2]
163 395 [3]
146 412 [3]
83 475 [3]
268 288 [5]
274 282 [5]
1 561 [0]
127 435 [0]
219 343 [0]
69 492 [1]
52 511 [0]
21 542 [0]
39 524 [0]
33 525 [5]
66 497 [0]
117 441 [5]
137 426 [0]
71 487 [5]
156 407 [0]
168 395 [0]
216 339 [8]
115 447 [1]
249 315 [0]
7 557 [0]
33 531 [0]
71 488 [5]
265 299 [0]
223 341 [0]
21 543 [1]
5 560 [0]
36 529 [0]
179 381 [5]
235 330 [0]
176 389 [0]
89 472 [4]
61 503 [1]
222 340 [3]
183 382 [0]
196 361 [8]
46 518 [1]
202 363 [0]
225 337 [3]
180 381 [5]
136 425 [5]
267 299 [0]
22 541 [3]
95 466 [5]
84 478 [5]
35 532 [0]
4 563 [0]
19 548 [0]
47 519 [1]
37 530 [0]
44 523 [0]
240 327 [0]
237 326 [4]
194 364 [9]
194 374 [0]
64 500 [4]
261 302 [5]
214 350 [4]
116 447 [5]
23 546 [0]
7 562 [0]
67 502 [0]
192 374 [3]
177 392 [0]
259 310 [0]
99 467 [3]
280 284 [5]
3 567 [0]
34 536 [0]
54 516 [0]
94 471 [5]
7 559 [4]
279 291 [0]
228 337 [5]
63 502 [5]
257 313 [0]
131 434 [5]
214 356 [0]
148 423 [0]
10 561 [0]
19 551 [1]
99 468 [4]
27 544 [0]
33 537 [1]
36 532 [3]
162 409 [0]
193 378 [0]
146 422 [3]
205 366 [0]
76 494 [1]
53 513 [5]
70 502 [0]
5 567 [0]
16 556 [0]
17 555 [0]
279 293 [0]
220 352 [0]
163 404 [5]
246 326 [0]
217 351 [4]
73 499 [0]
201 369 [3]
148 425 [0]
87 486 [0]
93 480 [0]
50 522 [1]
55 517 [1]
19 553 [1]
54 515 [4]
261 307 [5]
16 558 [0]
12 562 [0]
50 523 [1]
122 447 [5]
145 421 [8]
5 570 [0]
149 426 [0]
236 339 [0]
7 567 [1]
7 561 [7]
113 458 [4]
242 328 [5]
29 541 [5]
147 429 [0]
179 394 [3]
175 396 [5]
220 353 [3]
269 307 [0]
151 422 [3]
117 454 [5]
232 344 [0]
258 319 [0]
35 542 [0]
48 528 [1]
99 475 [3]
126 451 [0]
161 413 [3]
286 287 [4]
152 425 [0]
75 497 [5]
236 336 [5]
125 450 [3]
10 568 [0]
237 333 [8]
33 545 [0]
92 486 [0]
242 333 [3]
3 574 [1]
237 341 [0]
205 374 [0]
206 368 [5]
284 295 [0]
212 359 [8]
182 394 [3]
85 495 [0]
249 331 [0]
41 538 [1]
243 329 [8]
206 371 [3]
220 361 [0]
55 526 [0]
204 372 [5]
211 370 [0]
287 294 [0]
231 350 [0]
286 295 [0]
114 466 [1]
232 346 [3]
247 332 [2]
3 579 [0]
25 557 [0]
287 295 [0]
26 553 [3]
90 488 [4]
127 455 [0]
146 428 [8]
29 548 [5]
227 355 [0]
2 579 [1]
135 447 [0]
124 453 [5]
2 576 [4]
245 338 [0]
30 553 [0]
0 583 [0]
89 494 [0]
264 319 [0]
194 389 [0]
73 505 [5]
60 520 [3]
139 441 [3]
93 487 [3]
102 478 [3]
15 569 [0]
90 494 [0]
41 540 [3]
262 314 [8]
280 304 [0]
234 351 [0]
213 369 [3]
15 570 [0]
260 325 [0]
80 502 [3]
124 461 [0]
140 445 [0]
192 385 [8]
99 487 [0]
151 430 [5]
254 329 [3]
87 491 [8]
3 580 [4]
2 585 [0]
286 298 [3]
118 464 [5]
126 461 [0]
216 366 [5]
3 583 [1]
59 525 [3]
43 543 [1]
106 476 [5]
95 487 [5]
257 331 [0]
49 539 [0]
235 350 [3]
58 529 [1]
133 450 [5]
63 520 [5]
290 294 [4]
12 573 [3]
256 329 [3]
13 572 [3]
290 293 [5]
36 552 [1]
286 303 [0]
234 347 [8]
7 582 [0]
227 362 [0]
227 357 [5]
2 586 [1]
20 568 [1]
0 585 [4]
59 531 [0]
20 570 [0]
67 522 [1]
98 487 [5]
229 356 [5]
85 502 [3]
165 420 [5]
193 394 [3]
251 340 [0]
38 553 [0]
279 312 [0]
181 410 [0]
110 473 [8]
284 302 [5]
151 435 [5]
291 300 [0]
239 344 [8]
111 477 [3]
16 569 [6]
32 558 [1]
256 330 [5]
275 316 [0]
108 480 [3]
148 441 [3]
38 554 [0]
108 484 [0]
267 317 [8]
293 296 [3]
206 381 [5]
235 354 [3]
4 584 [4]
210 383 [0]
103 490 [0]
113 477 [3]
119 474 [0]
118 470 [5]
181 407 [5]
158 432 [3]
127 466 [0]
157 428 [8]
276 313 [4]
3 589 [1]
284 310 [0]
256 338 [0]
235 359 [0]
97 492 [5]
62 531 [1]
112 474 [8]
198 396 [0]
148 443 [3]
226 368 [0]
151 444 [0]
37 558 [0]
192 403 [0]
246 344 [5]
39 555 [1]
58 536 [1]
59 536 [0]
155 431 [9]
131 464 [0]
72 520 [3]
233 359 [3]
35 559 [1]
222 371 [3]
15 581 [0]
205 383 [8]
243 348 [5]
40 555 [1]
110 486 [0]
142 454 [0]
148 448 [0]
248 343 [5]
72 523 [1]
195 396 [5]
152 444 [0]
7 588 [1]
12 581 [3]
282 314 [0]
25 570 [1]
32 563 [1]
233 360 [3]
219 377 [0]
16 581 [0]
241 356 [0]
81 508 [8]
170 419 [8]
155 439 [4]
260 329 [9]
23 571 [4]
285 310 [3]
92 503 [3]
12 585 [1]
149 445 [5]
0 599 [0]
280 316 [3]
26 573 [0]
71 528 [0]
82 517 [0]
247 352 [0]
74 520 [5]
106 494 [0]
131 469 [0]
263 332 [5]
252 339 [9]
154 443 [3]
102 493 [5]
39 561 [0]
4 592 [4]
103 497 [0]
56 539 [5]
140 461 [0]
59 542 [0]
25 576 [0]
9 589 [3]
3 597 [1]
124 477 [0]
21 577 [3]
66 532 [3]
251 350 [0]
189 409 [3]
110 492 [0]
94 503 [5]
67 534 [1]
41 558 [3]
179 420 [3]
22 575 [5]
118 479 [5]
28 574 [0]
36 566 [0]
50 549 [3]
44 559 [0]
261 342 [0]
9 593 [1]
3 599 [1]
148 452 [3]
65 538 [1]
198 406 [0]
28 576 [0]
0 603 [1]
62 542 [0]
78 523 [3]
201 403 [0]
107 489 [8]
28 573 [3]
171 425 [8]
213 386 [5]
68 535 [1]
4 601 [0]
43 562 [0]
26 574 [5]
41 563 [1]
88 517 [0]
96 509 [0]
124 481 [0]
298 307 [0]
89 511 [5]
210 390 [5]
98 505 [3]
12 594 [0]
40 563 [3]
17 589 [0]
4 598 [4]
66 540 [0]
258 345 [3]
123 483 [0]
105 494 [8]
4 603 [0]
15 592 [0]
19 587 [1]
235 364 [8]
192 415 [0]
237 370 [0]
198 404 [5]
7 601 [0]
145 463 [0]
195 413 [0]
262 338 [8]
167 441 [0]
52 555 [1]
171 428 [9]
6 601 [1]
102 501 [5]
117 491 [0]
127 482 [0]
248 361 [0]
284 322 [3]
11 598 [0]
199 402 [8]
15 594 [0]
42 564 [3]
105 495 [9]
61 547 [1]
56 550 [3]
22 587 [0]
134 476 [0]
198 412 [0]
2 607 [1]
276 330 [4]
164 443 [3]
57 554 [0]
42 569 [0]
46 565 [0]
231 380 [0]
65 543 [3]
135 476 [0]
286 325 [0]
134 472 [5]
268 338 [5]
299 312 [0]
3 608 [1]
257 355 [0]
138 474 [0]
269 343 [0]
238 371 [3]
127 484 [1]
14 595 [3]
92 519 [1]
18 591 [3]
178 435 [0]
253 360 [0]
32 580 [1]
177 433 [3]
69 539 [5]
68 540 [5]
227 381 [5]
212 398 [3]
125 480 [8]
63 545 [5]
34 580 [0]
292 322 [0]
233 376 [5]
296 313 [5]
3 610 [1]
65 544 [5]
217 394 [3]
106 504 [5]
76 539 [0]
88 524 [3]
213 399 [3]
271 344 [0]
44 568 [3]
277 338 [0]
53 557 [5]
32 584 [0]
16 600 [0]
25 591 [0]
111 504 [1]
51 557 [8]
166 445 [5]
111 505 [0]
126 490 [0]
133 483 [0]
247 369 [0]
305 311 [0]
302 315 [0]
99 518 [0]
195 422 [0]
299 315 [3]
230 384 [3]
153 461 [3]
115 497 [5]
130 482 [5]
138 471 [8]
168 446 [3]
224 390 [4]
35 583 [0]
2 612 [4]
251 362 [5]
258 352 [8]
83 535 [0]
47 570 [1]
155 460 [3]
108 510 [0]
191 427 [0]
168 447 [3]
5 614 [0]
29 590 [0]
197 422 [0]
8 610 [1]
57 559 [3]
231 388 [0]
13 607 [0]
139 481 [0]
194 426 [0]
265 355 [0]
45 571 [4]
280 337 [3]
286 331 [3]
44 576 [1]
0 621 [0]
2 616 [3]
206 412 [3]
75 542 [4]
54 567 [0]
179 442 [0]
12 606 [3]
285 336 [0]
19 598 [4]
202 416 [3]
179 438 [5]
211 411 [0]
292 330 [0]
133 484 [5]
237 377 [8]
6 611 [5]
86 535 [1]
12 609 [1]
111 506 [5]
4 614 [4]
37 582 [3]
16 607 [0]
1 622 [0]
1 621 [1]
125 495 [3]
81 542 [0]
244 371 [8]
61 562 [1]
94 530 [0]
61 560 [3]
292 329 [3]
21 603 [0]
232 392 [0]
57 564 [3]
300 319 [5]
32 593 [0]
283 342 [0]
59 566 [0]
210 415 [0]
246 379 [0]
17 605 [3]
45 572 [8]
269 347 [9]
242 378 [5]
191 435 [0]
186 440 [0]
143 480 [3]
245 381 [0]
267 359 [0]
97 524 [5]
213 405 [8]
85 537 [5]
150 477 [0]
127 497 [3]
2 624 [1]
5 619 [3]
52 569 [6]
18 606 [3]
215 409 [3]
193 430 [5]
30 598 [0]
0 628 [0]
26 602 [0]
84 539 [5]
19 608 [1]
137 488 [3]
229 396 [3]
13 616 [0]
153 476 [0]
209 412 [8]
101 520 [8]
229 392 [8]
239 382 [8]
113 517 [0]
4 626 [0]
176 451 [3]
6 619 [5]
78 547 [5]
179 448 [3]
274 356 [0]
292 338 [0]
79 544 [8]
238 388 [5]
314 317 [0]
7 623 [1]
21 607 [3]
23 605 [3]
160 463 [8]
154 472 [5]
190 442 [0]
7 625 [0]
3 629 [0]
197 430 [5]
11 621 [0]
12 620 [0]
13 619 [0]
4 627 [1]
26 606 [0]
302 330 [0]
264 368 [0]
224 403 [5]
225 407 [0]
24 609 [0]
185 448 [0]
27 603 [3]
22 611 [0]
200 433 [0]
243 390 [0]
3 626 [4]
93 541 [0]
214 420 [0]
211 420 [3]
6 627 [1]
96 533 [5]
12 623 [0]
16 619 [0]
108 522 [5]
78 549 [8]
40 595 [0]
99 536 [0]
30 602 [3]
108 527 [0]
135 491 [9]
223 413 [0]
283 353 [0]
215 421 [0]
29 602 [5]
246 382 [8]
35 600 [1]
54 579 [3]
229 408 [0]
85 552 [0]
188 448 [1]
113 521 [3]
15 621 [1]
193 439 [5]
6 630 [1]
286 350 [2]
42 591 [5]
5 633 [0]
68 569 [1]
235 403 [0]
11 626 [1]
8 626 [4]
259 379 [0]
313 325 [0]
145 491 [2]
316 322 [0]
28 609 [1]
114 523 [1]
83 552 [3]
256 379 [3]
220 410 [8]
65 574 [0]
45 589 [5]
145 487 [8]
187 453 [0]
36 601 [3]
247 393 [0]
284 356 [0]
16 623 [1]
63 578 [0]
6 635 [0]
107 531 [3]
27 614 [0]
293 348 [0]
269 364 [8]
252 390 [0]
75 567 [0]
41 601 [0]
179 458 [5]
191 448 [3]
21 622 [0]
46 597 [0]
114 526 [3]
9 631 [3]
29 609 [5]
186 453 [4]
107 537 [0]
6 638 [0]
35 609 [0]
141 499 [4]
252 392 [0]
273 371 [0]
235 401 [8]
203 436 [5]
128 513 [3]
48 591 [5]
190 446 [8]
0 643 [1]
18 627 [0]
222 423 [0]
41 604 [0]
88 549 [8]
66 574 [5]
36 604 [5]
102 543 [0]
234 408 [3]
178 459 [8]
111 530 [4]
284 361 [0]
322 323 [0]
299 338 [8]
156 480 [9]
1 641 [3]
105 541 [0]
65 580 [1]
66 575 [5]
90 555 [1]
289 358 [0]
2 645 [0]
42 605 [0]
223 424 [0]
312 335 [0]
133 514 [0]
19 629 [0]
205 435 [8]
224 425 [0]
246 403 [0]
287 362 [0]
5 641 [3]
247 394 [8]
212 429 [8]
22 624 [3]
109 538 [3]
83 564 [3]
183 467 [0]
222 425 [3]
93 549 [8]
153 489 [8]
199 448 [3]
88 559 [3]
153 495 [3]
11 640 [0]
303 348 [0]
135 516 [0]
309 342 [0]
299 352 [0]
2 648 [1]
266 385 [0]
85 564 [3]
14 633 [5]
215 437 [0]
242 407 [3]
114 537 [1]
235 414 [3]
233 414 [5]
37 610 [5]
303 350 [0]
49 596 [8]
321 332 [0]
283 367 [3]
27 626 [0]
45 603 [5]
88 561 [4]
52 596 [5]
197 453 [3]
105 548 [0]
183 470 [0]
185 468 [0]
242 406 [5]
35 615 [3]
21 633 [0]
127 527 [0]
297 357 [0]
4 649 [1]
66 585 [3]
19 633 [2]
106 549 [0]
10 645 [0]
157 495 [3]
285 370 [0]
42 613 [0]
297 358 [0]
171 484 [0]
46 610 [0]
55 601 [0]
320 336 [0]
235 418 [3]
221 432 [3]
141 510 [5]
35 622 [0]
17 640 [0]
73 584 [0]
153 504 [0]
100 552 [5]
323 334 [0]
249 408 [0]
7 645 [5]
309 348 [0]
317 340 [0]
279 370 [8]
105 545 [8]
28 630 [0]
65 588 [5]
194 455 [9]
244 414 [0]
275 378 [5]
17 638 [3]
252 406 [0]
271 380 [8]
10 649 [0]
3 656 [0]
9 647 [3]
117 537 [5]
248 403 [8]
44 615 [0]
293 358 [8]
155 501 [3]
138 512 [9]
1 657 [1]
255 404 [0]
149 502 [8]
85 566 [8]
318 342 [0]
35 625 [0]
209 443 [8]
270 382 [8]
36 621 [3]
53 602 [5]
48 607 [5]
24 631 [5]
296 365 [0]
143 518 [0]
83 578 [0]
161 500 [0]
96 557 [8]
196 457 [8]
293 365 [3]
0 659 [3]
210 449 [3]
186 476 [0]
240 422 [0]
100 559 [3]
148 506 [8]
39 620 [3]
31 631 [1]
307 347 [9]
23 639 [1]
322 333 [8]
233 427 [3]
204 451 [8]
135 528 [0]
110 550 [3]
246 410 [8]
2 662 [0]
3 661 [0]
68 591 [5]
191 468 [5]
101 555 [8]
144 520 [0]
262 402 [0]
10 653 [1]
159 503 [3]
283 379 [3]
328 337 [0]
245 417 [3]
266 400 [0]
127 539 [0]
127 538 [1]
280 381 [5]
6 657 [3]
226 435 [5]
144 519 [3]
202 464 [0]
229 429 [8]
98 565 [3]
113 554 [0]
8 659 [0]
143 521 [3]
8 655 [4]
101 557 [9]
43 623 [1]
111 556 [0]
178 489 [0]
189 470 [8]
84 578 [5]
22 646 [0]
69 594 [5]
116 552 [0]
173 492 [3]
133 535 [0]
130 535 [3]
248 417 [3]
77 586 [5]
97 568 [3]
79 581 [8]
304 356 [8]
141 522 [5]
209 450 [9]
51 615 [3]
41 628 [0]
237 424 [8]
94 567 [8]
40 626 [3]
299 361 [9]
231 431 [7]
258 408 [3]
202 459 [8]
68 596 [5]
141 525 [3]
190 470 [9]
70 597 [3]
6 664 [0]
332 335 [3]
6 663 [1]
316 354 [0]
87 578 [5]
42 625 [3]
227 438 [5]
280 387 [3]
198 469 [3]
89 573 [8]
327 344 [0]
318 353 [0]
10 661 [0]
69 602 [0]
164 504 [3]
212 451 [8]
254 418 [0]
141 531 [0]
1 668 [3]
228 439 [5]
178 485 [9]
99 570 [3]
13 658 [1]
281 388 [3]
48 621 [3]
113 556 [3]
4 665 [3]
86 585 [1]
150 520 [3]
297 376 [0]
49 624 [0]
82 591 [0]
230 438 [5]
83 582 [8]
16 654 [3]
17 653 [3]
76 598 [0]
4 670 [0]
324 350 [0]
64 605 [5]
7 663 [4]
33 636 [5]
296 378 [0]
99 567 [8]
91 575 [8]
2 669 [3]
10 665 [0]
276 396 [3]
109 558 [8]
257 409 [9]
68 602 [5]
42 633 [0]
63 612 [0]
166 509 [0]
196 471 [8]
260 415 [0]
78 589 [8]
234 433 [8]
139 537 [0]
59 617 [0]
88 588 [0]
261 415 [0]
190 478 [8]
227 446 [3]
53 618 [5]
13 662 [1]
98 576 [3]
198 476 [3]
162 510 [5]
7 669 [1]
43 631 [3]
44 630 [3]
334 343 [0]
9 665 [3]
104 574 [0]
26 652 [0]
269 409 [0]
295 380 [3]
222 453 [3]
130 545 [3]
311 359 [8]
135 544 [0]
3 676 [0]
36 643 [0]
133 542 [4]
180 490 [9]
154 522 [3]
64 615 [0]
12 664 [3]
17 659 [3]
253 426 [0]
141 533 [5]
64 610 [5]
78 602 [0]
213 459 [8]
60 617 [3]
83 597 [0]
52 625 [3]
119 553 [8]
103 577 [0]
203 474 [3]
296 384 [0]
93 584 [3]
76 605 [0]
232 449 [0]
288 393 [0]
123 553 [5]
84 589 [8]
313 363 [5]
1 679 [1]
223 459 [0]
18 664 [0]
63 611 [8]
200 474 [8]
47 632 [3]
26 656 [0]
190 483 [9]
162 517 [3]
239 443 [0]
196 478 [8]
44 637 [1]
112 562 [8]
312 371 [0]
34 649 [0]
187 496 [0]
141 537 [5]
24 654 [5]
10 670 [3]
110 569 [4]
69 609 [5]
266 417 [0]
245 434 [5]
91 593 [0]
120 564 [0]
198 478 [8]
218 457 [9]
150 529 [5]
2 678 [4]
155 521 [8]
255 430 [0]
233 452 [0]
10 674 [1]
18 666 [1]
45 635 [5]
2 682 [1]
263 414 [8]
198 479 [8]
234 443 [8]
206 471 [8]
71 606 [8]
139 541 [5]
304 378 [3]
284 393 [8]
152 534 [0]
0 686 [0]
23 660 [3]
245 441 [0]
30 653 [3]
201 482 [3]
236 450 [0]
36 647 [3]
111 575 [0]
136 550 [0]
156 530 [0]
170 516 [0]
282 405 [0]
34 650 [3]
152 527 [8]
320 367 [0]
45 637 [5]
239 440 [8]
174 510 [3]
87 595 [5]
173 507 [8]
106 582 [0]
153 530 [5]
300 388 [0]
306 382 [0]
70 610 [8]
308 380 [0]
2 685 [1]
303 386 [0]
332 357 [0]
182 504 [3]
143 543 [3]
108 578 [3]
29 661 [0]
73 617 [0]
52 637 [1]
261 426 [3]
255 436 [0]
44 647 [0]
58 628 [5]
162 529 [0]
232 450 [9]
97 586 [8]
279 404 [8]
6 685 [1]
341 351 [0]
21 671 [0]
127 560 [5]
98 594 [0]
246 446 [0]
12 677 [3]
108 580 [5]
172 521 [0]
94 599 [0]
18 675 [0]
265 427 [1]
53 640 [0]
161 529 [3]
168 522 [3]
180 504 [9]
154 540 [0]
20 674 [0]
227 459 [8]
56 638 [0]
275 414 [5]
12 679 [3]
236 455 [3]
171 523 [0]
178 516 [0]
121 566 [8]
0 695 [0]
4 691 [0]
96 599 [0]
141 551 [3]
51 636 [8]
195 500 [0]
269 418 [8]
247 448 [0]
18 678 [0]
75 621 [0]
0 693 [3]
307 388 [1]
295 393 [8]
247 446 [3]
215 478 [3]
6 690 [1]
2 695 [0]
243 454 [0]
124 570 [3]
264 433 [0]
230 462 [5]
301 396 [0]
273 424 [0]
116 573 [8]
85 604 [8]
156 540 [2]
8 690 [0]
270 425 [3]
33 660 [5]
78 620 [0]
96 602 [0]
310 380 [8]
131 567 [0]
70 625 [3]
181 517 [0]
57 633 [8]
139 559 [0]
155 543 [0]
42 657 [0]
146 553 [0]
46 652 [1]
123 571 [5]
53 638 [8]
307 384 [8]
74 626 [0]
114 586 [0]
124 576 [0]
331 369 [0]
101 591 [8]
282 418 [0]
240 460 [0]
272 428 [0]
314 387 [0]
84 617 [0]
7 694 [0]
28 668 [5]
220 481 [0]
271 421 [9]
237 456 [8]
13 687 [1]
27 675 [0]
53 649 [0]
270 429 [3]
79 623 [0]
97 605 [0]
194 506 [2]
265 437 [0]
2 699 [1]
277 426 [0]
4 699 [0]
253 443 [7]
84 619 [0]
174 521 [8]
21 677 [5]
108 595 [0]
231 463 [9]
302 393 [8]
71 629 [3]
193 502 [8]
51 653 [0]
53 651 [0]
316 388 [0]
44 657 [3]
34 665 [5]
13 690 [1]
109 593 [3]
27 678 [0]
70 627 [8]
203 502 [0]
328 377 [0]
323 374 [8]
341 364 [0]
291 407 [8]
3 703 [0]
317 387 [2]
329 377 [0]
163 543 [0]
57 641 [8]
31 672 [3]
159 544 [3]
130 568 [8]
352 355 [0]
4 702 [1]
20 687 [0]
274 424 [9]
176 531 [0]
328 379 [0]
348 359 [0]
63 639 [5]
313 391 [3]
269 431 [7]
137 571 [0]
57 651 [0]
113 587 [8]
149 551 [8]
278 430 [0]
142 561 [5]
209 490 [9]
301 407 [0]
197 503 [8]
112 597 [0]
106 603 [0]
141 565 [3]
21 685 [3]
2 706 [1]
308 401 [0]
263 445 [1]
106 600 [3]
56 648 [5]
313 393 [3]
93 614 [3]
10 700 [0]
48 657 [5]
298 404 [8]
25 682 [3]
28 678 [4]
170 532 [8]
139 566 [5]
3 704 [3]
114 591 [5]
98 604 [8]
27 684 [0]
26 685 [0]
97 609 [5]
254 449 [8]
101 602 [8]
25 683 [3]
12 696 [3]
142 569 [0]
76 636 [0]
144 568 [0]
198 506 [8]
43 670 [0]
3 710 [0]
126 584 [3]
217 496 [0]
21 689 [3]
36 672 [5]
133 572 [8]
215 493 [5]
4 710 [0]
306 402 [6]
31 683 [0]
143 568 [3]
180 534 [0]
217 497 [0]
105 600 [9]
2 711 [1]
0 711 [3]
119 587 [8]
143 566 [5]
317 397 [0]
141 574 [0]
214 501 [0]
59 655 [1]
40 670 [5]
281 434 [0]
270 445 [0]
193 519 [3]
119 593 [3]
101 605 [9]
191 525 [0]
11 705 [0]
233 475 [8]
47 664 [5]
58 658 [0]
2 713 [1]
250 466 [0]
2 712 [2]
267 448 [1]
56 661 [0]
166 551 [0]
280 434 [3]
2 715 [0]
105 605 [7]
163 554 [0]
273 444 [0]
254 455 [8]
147 569 [1]
320 397 [0]
318 399 [0]
83 633 [2]
39 679 [0]
75 643 [0]
58 657 [3]
284 434 [0]
349 369 [0]
4 711 [3]
112 604 [2]
36 677 [5]
277 441 [0]
114 604 [0]
175 543 [0]
36 679 [3]
86 629 [3]
223 496 [0]
147 567 [5]
95 621 [3]
79 638 [2]
266 453 [0]
153 563 [3]
1 717 [1]
89 625 [5]
165 551 [3]
259 452 [8]
49 671 [0]
217 503 [0]
333 378 [9]
115 600 [5]
14 703 [3]
52 667 [1]
155 558 [8]
55 666 [0]
196 522 [3]
21 697 [3]
321 400 [0]
161 552 [8]
294 424 [3]
290 423 [8]
184 538 [0]
253 469 [0]
140 582 [0]
35 684 [3]
131 583 [8]
54 665 [3]
97 617 [8]
96 618 [8]
238 475 [9]
315 407 [0]
73 641 [8]
207 507 [8]
20 703 [0]
14 706 [3]
250 464 [9]
176 542 [5]
280 443 [0]
104 611 [8]
9 714 [0]
267 447 [9]
264 456 [3]
101 622 [0]
74 642 [8]
3 721 [0]
5 719 [0]
312 411 [1]
331 385 [8]
97 622 [5]
2 721 [1]
220 501 [3]
168 557 [0]
2 723 [0]
243 473 [9]
281 444 [0]
151 574 [0]
215 502 [8]
254 471 [0]
83 634 [8]
0 724 [1]
186 534 [5]
96 626 [3]
345 380 [0]
100 617 [8]
226 491 [8]
6 720 [0]
26 700 [0]
3 720 [3]
6 717 [3]
270 453 [3]
10 713 [3]
79 639 [8]
66 660 [0]
246 480 [0]
337 389 [0]
297 429 [0]
130 596 [0]
249 477 [0]
42 681 [3]
167 560 [0]
341 386 [0]
221 501 [5]
94 630 [3]
275 444 [8]
206 512 [9]
213 515 [0]
0 728 [0]
104 624 [0]
100 625 [3]
356 372 [0]
128 600 [0]
308 420 [0]
183 545 [0]
45 675 [8]
300 428 [0]
281 448 [0]
34 692 [3]
193 533 [3]
55 671 [3]
331 398 [0]
183 546 [0]
272 457 [0]
105 615 [9]
170 551 [8]
50 678 [1]
318 410 [1]
259 470 [0]
55 669 [5]
106 616 [8]
69 661 [0]
329 392 [9]
263 467 [0]
212 510 [8]
273 450 [7]
329 402 [0]
2 729 [0]
9 722 [0]
281 441 [9]
81 642 [8]
246 482 [3]
15 713 [3]
324 407 [0]
22 708 [1]
213 510 [8]
155 577 [0]
289 443 [0]
29 695 [8]
48 681 [3]
213 512 [7]
351 381 [0]
255 470 [7]
80 649 [3]
74 651 [8]
127 606 [0]
67 661 [5]
1 732 [0]
358 375 [0]
101 632 [0]
248 482 [3]
132 601 [0]
69 656 [8]
174 551 [8]
314 418 [1]
83 643 [8]
261 473 [0]
291 435 [8]
128 603 [3]
11 722 [1]
179 546 [9]
40 686 [8]
48 687 [0]
49 681 [5]
360 367 [8]
70 657 [8]
120 615 [0]
24 706 [5]
315 412 [8]
180 555 [0]
180 547 [8]
59 671 [5]
293 433 [9]
182 553 [0]
199 527 [9]
19 715 [1]
2 734 [0]
15 721 [0]
28 708 [0]
96 632 [8]
207 529 [0]
6 725 [5]
264 472 [0]
170 557 [9]
70 666 [0]
238 498 [0]
255 481 [0]
340 396 [0]
238 490 [9]
147 590 [0]
134 595 [8]
15 719 [3]
227 502 [8]
36 698 [3]
215 519 [3]
216 513 [8]
223 511 [3]
338 400 [0]
1 737 [0]
262 476 [0]
12 726 [0]
89 649 [0]
200 535 [3]
100 638 [0]
199 531 [8]
45 694 [0]
212 527 [0]
220 511 [8]
171 559 [9]
59 680 [0]
281 449 [9]
219 520 [0]
17 720 [3]
44 696 [0]
18 721 [1]
2 737 [1]
337 394 [9]
318 414 [8]
64 673 [3]
299 441 [0]
351 389 [0]
63 673 [5]
125 613 [3]
250 491 [0]
20 718 [3]
110 631 [0]
0 740 [1]
167 571 [3]
158 580 [3]
266 466 [9]
183 550 [8]
208 534 [0]
22 720 [0]
112 630 [0]
163 579 [0]
106 628 [8]
331 403 [8]
298 436 [8]
317 416 [9]
355 378 [9]
115 622 [5]
362 381 [0]
4 739 [0]
41 697 [5]
294 446 [3]
33 710 [0]
175 560 [8]
12 728 [3]
131 612 [0]
160 583 [0]
6 734 [3]
74 661 [8]
244 490 [9]
59 681 [3]
45 691 [8]
130 606 [8]
210 534 [0]
58 683 [3]
44 695 [5]
364 380 [0]
138 598 [8]
144 592 [8]
92 649 [3]
357 388 [0]
31 714 [0]
351 394 [0]
170 575 [0]
255 483 [7]
44 698 [3]
263 482 [0]
2 739 [4]
250 487 [8]
303 442 [0]
336 408 [1]
64 677 [5]
60 683 [3]
12 731 [3]
191 546 [9]
188 551 [7]
10 733 [3]
55 686 [5]
14 733 [0]
250 497 [0]
357 390 [0]
224 523 [0]
153 594 [0]
373 374 [0]
263 484 [0]
26 718 [3]
19 725 [3]
284 456 [8]
89 659 [0]
39 708 [1]
172 571 [5]
283 462 [3]
36 709 [3]
341 406 [1]
223 525 [0]
55 690 [3]
302 437 [9]
163 586 [0]
47 702 [0]
242 507 [0]
223 518 [8]
11 735 [3]
218 523 [8]
279 470 [0]
21 723 [5]
151 590 [8]
25 721 [3]
12 735 [3]
201 540 [9]
147 598 [5]
5 742 [3]
128 622 [0]
136 614 [0]
188 560 [2]
46 701 [3]
284 466 [0]
15 736 [0]
166 582 [3]
70 676 [5]
98 653 [0]
372 379 [0]
133 618 [0]
238 513 [0]
307 436 [8]
332 420 [0]
21 731 [0]
48 699 [5]
107 640 [5]
154 596 [2]
278 474 [0]
220 529 [3]
70 683 [0]
11 742 [0]
158 587 [8]
134 610 [9]
312 441 [0]
130 623 [0]
18 732 [3]
359 395 [0]
25 729 [0]
51 703 [0]
321 431 [2]
225 527 [2]
131 623 [0]
49 697 [8]
111 638 [5]
235 519 [0]
112 634 [8]
282 473 [0]
12 743 [0]
10 745 [0]
282 464 [9]
202 553 [0]
27 723 [5]
251 501 [3]
63 687 [5]
228 518 [9]
221 535 [0]
21 735 [0]
119 629 [8]
310 446 [0]
366 390 [0]
293 463 [0]
178 570 [8]
183 565 [8]
197 556 [3]
217 536 [3]
4 749 [3]
341 407 [8]
315 432 [9]
213 534 [9]
246 503 [8]
21 736 [0]
114 638 [5]
88 669 [0]
187 570 [0]
38 720 [0]
15 743 [0]
34 724 [0]
121 629 [8]
30 723 [5]
265 484 [9]
152 606 [0]
174 584 [0]
281 470 [7]
231 519 [8]
119 640 [0]
313 443 [3]
262 488 [9]
97 654 [8]
257 499 [3]
22 734 [3]
4 755 [1]
164 596 [0]
33 727 [0]
376 381 [3]
314 445 [1]
339 421 [0]
201 559 [0]
150 611 [0]
1 760 [0]
30 731 [0]
262 499 [0]
95 663 [3]
294 459 [8]
201 552 [8]
262 490 [9]
198 554 [9]
4 758 [0]
125 629 [8]
48 714 [0]
81 673 [8]
310 452 [0]
52 710 [0]
13 746 [3]
255 498 [9]
68 686 [8]
52 705 [5]
59 696 [8]
172 591 [0]
365 398 [0]
24 738 [1]
258 497 [8]
187 568 [8]
208 552 [3]
173 581 [9]
63 693 [8]
80 675 [9]
354 410 [0]
131 633 [0]
191 573 [0]
227 537 [0]
77 682 [5]
328 436 [0]
199 557 [9]
30 730 [5]
235 521 [9]
111 654 [0]
242 514 [9]
269 487 [9]
53 704 [8]
124 641 [0]
144 621 [0]
158 607 [0]
153 604 [8]
36 724 [5]
338 426 [1]
35 727 [3]
175 590 [0]
229 527 [9]
328 434 [3]
28 735 [3]
6 760 [0]
280 486 [0]
108 650 [8]
187 579 [0]
208 558 [0]
154 613 [0]
88 679 [0]
56 706 [5]
7 759 [1]
272 489 [6]
222 542 [3]
54 710 [3]
105 660 [2]
191 576 [0]
265 501 [1]
201 566 [0]
4 761 [3]
362 406 [0]
81 687 [0]
127 633 [8]
250 510 [8]
348 412 [8]
251 508 [9]
218 550 [0]
177 583 [8]
263 496 [9]
20 749 [0]
11 758 [0]
142 627 [0]
88 676 [5]
192 568 [9]
76 688 [5]
47 717 [5]
182 584 [3]
5 761 [3]
133 637 [0]
3 767 [0]
74 696 [0]
35 732 [3]
130 632 [8]
204 558 [8]
80 688 [3]
218 544 [9]
116 652 [3]
65 701 [5]
150 621 [0]
179 592 [0]
295 476 [0]
289 473 [9]
176 592 [3]
380 383 [8]
167 605 [0]
116 656 [0]
368 404 [0]
297 475 [0]
366 406 [0]
100 667 [5]
65 707 [0]
326 446 [0]
245 527 [0]
381 391 [0]
185 587 [0]
18 755 [0]
136 637 [0]
163 610 [0]
36 732 [5]
284 481 [8]
269 496 [8]
38 730 [5]
5 768 [1]
30 744 [0]
4 767 [3]
204 562 [8]
244 522 [8]
329 445 [0]
241 525 [8]
162 612 [0]
242 529 [3]
254 520 [0]
374 400 [0]
8 764 [3]
164 611 [0]
172 600 [3]
32 740 [3]
292 483 [0]
279 488 [8]
308 467 [0]
352 421 [2]
183 584 [8]
376 399 [0]
46 730 [0]
245 531 [0]
290 478 [8]
323 444 [9]
68 703 [5]
120 656 [0]
126 650 [0]
257 512 [7]
384 392 [0]
223 553 [0]
327 449 [0]
104 667 [5]
243 525 [9]
8 769 [0]
365 404 [8]
1 775 [1]
42 730 [5]
128 646 [3]
363 414 [0]
45 727 [5]
40 737 [0]
261 507 [9]
9 765 [3]
203 574 [0]
338 432 [7]
384 386 [8]
6 772 [0]
233 542 [3]
189 581 [8]
261 509 [8]
32 743 [3]
274 496 [8]
165 611 [2]
172 603 [3]
229 549 [0]
65 709 [5]
256 523 [0]
278 501 [0]
307 472 [0]
264 514 [2]
162 618 [0]
230 547 [3]
146 634 [0]
31 746 [3]
171 607 [2]
346 434 [0]
22 755 [3]
189 583 [8]
77 695 [8]
62 716 [3]
380 401 [0]
175 606 [0]
12 766 [3]
84 692 [5]
152 626 [3]
315 464 [2]
265 515 [1]
288 486 [7]
6 776 [0]
359 423 [0]
106 668 [8]
97 677 [8]
120 654 [8]
231 549 [2]
270 504 [8]
126 654 [2]
117 666 [0]
28 755 [0]
42 741 [0]
373 410 [0]
125 656 [2]
133 642 [8]
198 585 [0]
113 668 [2]
43 739 [1]
6 774 [3]
213 570 [0]
370 413 [0]
102 674 [8]
0 784 [0]
127 657 [0]
95 689 [0]
119 657 [8]
169 612 [3]
82 697 [5]
281 494 [9]
87 698 [0]
82 695 [8]
38 742 [5]
277 506 [2]
75 702 [8]
71 706 [8]
288 495 [2]
6 780 [0]
5 781 [0]
25 761 [0]
375 411 [0]
75 706 [5]
76 710 [0]
365 420 [1]
63 718 [5]
342 444 [0]
48 733 [5]
301 478 [7]
118 663 [5]
205 579 [2]
226 560 [0]
298 488 [0]
94 684 [8]
126 651 [9]
360 426 [0]
391 395 [0]
255 532 [0]
37 750 [0]
155 624 [8]
212 575 [0]
354 425 [8]
35 751 [1]
140 644 [3]
81 698 [8]
306 479 [2]
18 768 [1]
359 429 [0]
256 524 [8]
385 403 [0]
152 628 [8]
70 715 [3]
84 696 [8]
31 754 [3]
387 401 [0]
356 424 [8]
338 441 [9]
255 524 [9]
2 785 [1]
75 709 [5]
335 445 [9]
302 485 [2]
323 457 [9]
352 437 [0]
333 456 [0]
84 697 [8]
328 452 [9]
394 395 [0]
153 628 [8]
101 680 [9]
82 708 [0]
204 577 [9]
320 461 [9]
368 415 [7]
260 523 [7]
306 484 [0]
61 725 [5]
385 400 [6]
36 750 [5]
129 662 [0]
124 665 [2]
266 525 [0]
147 639 [5]
134 649 [8]
301 481 [9]
353 438 [0]
71 713 [8]
1 791 [0]
78 712 [2]
130 660 [2]
8 781 [3]
58 734 [0]
106 683 [3]
215 577 [0]
138 645 [9]
288 504 [0]
205 578 [9]
278 515 [0]
363 430 [0]
265 519 [9]
17 775 [1]
229 556 [8]
219 572 [2]
3 787 [3]
127 663 [3]
19 774 [0]
25 765 [3]
103 682 [8]
128 657 [8]
25 763 [5]
87 706 [0]
12 778 [3]
183 610 [0]
28 762 [3]
62 732 [0]
11 783 [0]
102 692 [0]
107 687 [0]
247 539 [8]
274 513 [7]
122 672 [0]
25 768 [1]
296 491 [7]
151 643 [0]
152 642 [0]
292 499 [3]
236 550 [8]
280 505 [9]
184 610 [0]
281 513 [0]
339 455 [0]
22 773 [0]
309 486 [0]
241 554 [0]
66 724 [5]
373 415 [7]
246 540 [9]
253 542 [0]
207 580 [8]
125 662 [8]
53 734 [8]
124 663 [8]
156 639 [0]
354 441 [0]
244 543 [9]
43 753 [0]
77 711 [8]
91 697 [8]
1 792 [3]
17 776 [3]
27 768 [1]
63 733 [0]
371 424 [1]
128 663 [5]
153 641 [2]
4 789 [3]
344 444 [8]
334 462 [0]
235 553 [9]
88 707 [2]
20 777 [0]
23 774 [0]
77 720 [0]
12 784 [1]
129 668 [0]
395 402 [0]
82 707 [8]
40 758 [0]
118 680 [0]
345 453 [0]
280 515 [3]
24 769 [5]
323 466 [9]
199 591 [8]
229 570 [0]
51 748 [0]
315 475 [9]
218 579 [2]
181 616 [2]
234 565 [0]
125 672 [2]
251 548 [0]
399 400 [0]
253 546 [0]
203 593 [3]
21 775 [3]
278 514 [7]
75 717 [8]
156 644 [0]
18 782 [0]
38 757 [5]
32 768 [0]
4 793 [3]
155 636 [9]
363 428 [9]
17 780 [3]
239 562 [0]
180 613 [8]
361 440 [0]
347 454 [0]
261 540 [0]
330 468 [3]
26 776 [0]
70 732 [0]
174 628 [0]
195 607 [0]
283 512 [7]
216 577 [9]
304 489 [9]
160 634 [8]
329 472 [1]
53 742 [8]
229 574 [0]
222 579 [2]
95 700 [8]
252 549 [2]
269 525 [9]
229 565 [9]
297 497 [9]
275 528 [0]
131 670 [2]
63 732 [8]
29 766 [8]
321 473 [9]
234 560 [9]
9 795 [0]
372 432 [0]
12 789 [3]
354 442 [8]
66 738 [0]
289 507 [8]
390 405 [9]
144 660 [0]
164 640 [0]
213 589 [2]
37 765 [3]
260 545 [0]
36 769 [0]
112 684 [9]
206 599 [0]
8 796 [1]
294 511 [0]
138 658 [9]
124 673 [8]
387 417 [1]
278 520 [7]
62 744 [0]
348 449 [9]
255 544 [7]
62 741 [3]
146 651 [9]
240 566 [0]
132 675 [0]
92 715 [0]
368 432 [7]
162 645 [0]
387 420 [0]
112 687 [8]
45 754 [8]
312 488 [7]
276 523 [8]
9 799 [0]
121 687 [0]
229 577 [2]
266 533 [9]
399 402 [7]
152 648 [8]
211 597 [0]
14 789 [5]
231 568 [9]
161 639 [8]
288 514 [6]
134 666 [8]
27 779 [3]
43 766 [0]
386 423 [0]
181 620 [8]
313 493 [3]
66 740 [3]
173 627 [9]
190 612 [8]
260 543 [7]
247 555 [8]
216 594 [0]
372 430 [8]
397 413 [0]
186 616 [8]
21 790 [0]
126 685 [0]
187 624 [0]
209 602 [0]
364 447 [0]
72 738 [1]
111 693 [8]
68 736 [8]
56 748 [8]
287 517 [8]
26 781 [5]
70 734 [8]
84 729 [0]
67 746 [0]
64 744 [5]
223 582 [8]
41 769 [3]
42 768 [3]
301 505 [7]
330 483 [0]
65 743 [5]
96 709 [8]
70 736 [8]
346 468 [0]
73 733 [8]
397 417 [0]
372 434 [8]
358 456 [0]
148 658 [8]
26 783 [5]
170 642 [2]
261 545 [8]
117 698 [0]
28 787 [0]
226 581 [8]
223 584 [8]
257 549 [9]
375 440 [0]
16 798 [1]
358 457 [0]
267 548 [0]
302 504 [9]
100 716 [0]
382 434 [0]
225 589 [2]
133 675 [8]
274 543 [0]
340 470 [7]
70 747 [0]
359 451 [7]
144 664 [9]
324 493 [0]
20 794 [3]
401 416 [0]
229 580 [8]
75 743 [0]
158 660 [0]
300 515 [3]
96 714 [8]
258 552 [8]
43 772 [3]
120 696 [2]
404 406 [8]
92 721 [5]
188 629 [2]
208 603 [8]
210 601 [8]
48 771 [0]
269 548 [2]
245 572 [2]
122 697 [0]
389 421 [9]
42 772 [5]
314 505 [0]
24 796 [0]
37 783 [0]
21 798 [1]
217 595 [8]
165 652 [3]
338 475 [7]
363 458 [0]
59 762 [0]
331 483 [7]
76 740 [5]
185 627 [9]
314 499 [8]
312 510 [0]
364 451 [7]
376 437 [9]
203 614 [5]
397 424 [1]
64 750 [8]
301 514 [7]
76 747 [0]
46 777 [0]
49 766 [8]
169 646 [8]
117 706 [0]
190 624 [9]
240 577 [6]
174 649 [0]
113 702 [8]
314 502 [7]
401 422 [0]
241 573 [9]
389 434 [0]
315 509 [0]
236 588 [0]
102 722 [0]
199 617 [8]
148 676 [0]
378 437 [9]
139 680 [5]
278 544 [2]
192 632 [0]
234 590 [0]
386 430 [8]
22 799 [3]
201 615 [9]
387 438 [0]
123 694 [8]
66 756 [3]
163 662 [0]
272 546 [7]
298 518 [9]
97 720 [8]
182 641 [2]
251 575 [0]
26 795 [5]
391 435 [0]
60 761 [5]
172 655 [0]
98 729 [0]
30 792 [5]
118 709 [0]
284 541 [2]
304 515 [8]
56 766 [5]
169 656 [2]
120 705 [2]
159 669 [0]
97 731 [0]
162 663 [3]
120 700 [8]
41 782 [5]
208 620 [0]
56 767 [5]
191 628 [9]
286 540 [2]
85 738 [5]
161 658 [9]
372 456 [0]
59 770 [0]
42 787 [0]
245 576 [8]
179 641 [9]
221 608 [0]
159 667 [3]
230 590 [9]
411 418 [0]
328 493 [8]
326 495 [8]
105 715 [9]
90 740 [0]
38 792 [0]
40 790 [0]
322 500 [8]
169 659 [2]
36 789 [5]
72 758 [0]
249 579 [2]
290 531 [9]
149 673 [8]
377 453 [0]
361 470 [0]
77 754 [0]
236 595 [0]
170 653 [8]
176 647 [8]
326 497 [8]
162 670 [0]
46 786 [0]
267 556 [9]
209 616 [7]
150 674 [8]
204 620 [8]
368 464 [0]
176 654 [2]
397 426 [9]
88 745 [0]
43 790 [0]
119 712 [2]
254 579 [0]
159 666 [8]
410 414 [9]
293 531 [9]
171 660 [2]
49 779 [5]
410 423 [0]
106 728 [0]
73 761 [0]
167 667 [0]
252 575 [7]
56 770 [8]
307 518 [9]
407 426 [1]
276 550 [8]
183 652 [0]
109 726 [0]
220 606 [9]
137 698 [0]
218 608 [9]
408 427 [0]
397 438 [0]
261 565 [9]
95 732 [8]
288 547 [0]
145 681 [9]
201 625 [9]
81 746 [8]
392 443 [0]
110 726 [0]
159 675 [2]
173 663 [0]
186 650 [0]
161 667 [8]
261 576 [0]
91 746 [0]
62 770 [5]
33 799 [5]
194 636 [7]
342 486 [9]
282 546 [9]
115 717 [5]
400 433 [4]
41 791 [5]
187 641 [9]
356 473 [9]
343 495 [0]
136 700 [2]
301 528 [9]
140 696 [2]
284 545 [9]
90 745 [3]
45 785 [8]
376 462 [0]
88 751 [0]
145 694 [0]
144 687 [8]
120 711 [8]
277 560 [2]
240 600 [0]
401 432 [7]
292 539 [9]
107 734 [0]
394 438 [9]
260 575 [6]
85 748 [8]
243 596 [2]
184 658 [0]
91 751 [0]
333 509 [0]
336 497 [9]
201 632 [9]
114 723 [5]
123 719 [0]
139 695 [8]
205 637 [0]
246 596 [0]
352 485 [6]
378 462 [3]
269 572 [2]
49 786 [8]
180 656 [7]
406 429 [8]
123 713 [8]
195 649 [0]
407 431 [6]
335 509 [0]
196 648 [0]
280 555 [9]
249 595 [0]
268 576 [0]
310 534 [0]
66 773 [5]
171 674 [0]
139 701 [5]
118 719 [8]
239 604 [2]
150 686 [9]
367 479 [0]
206 632 [8]
405 441 [0]
406 440 [0]
293 544 [9]
55 788 [3]
157 690 [0]
416 431 [0]
175 664 [8]
134 713 [0]
132 707 [8]
203 644 [0]
294 553 [0]
377 471 [0]
304 544 [0]
143 700 [5]
231 608 [9]
392 454 [2]
415 433 [0]
349 499 [0]
147 693 [8]
322 526 [0]
146 700 [2]
307 533 [8]
386 462 [0]
389 459 [0]
198 651 [0]
215 634 [0]
344 505 [0]
353 487 [9]
57 787 [5]
363 477 [9]
54 796 [0]
279 571 [0]
409 434 [7]
97 745 [8]
198 644 [8]
178 673 [0]
211 631 [9]
52 799 [0]
58 788 [5]
338 513 [0]
54 792 [5]
316 526 [9]
414 428 [9]
186 660 [5]
64 784 [3]
170 682 [0]
298 545 [9]
202 650 [0]
194 651 [7]
93 757 [2]
350 499 [3]
370 482 [0]
254 589 [9]
244 606 [2]
72 781 [0]
59 789 [5]
335 512 [6]
358 488 [7]
397 457 [0]
272 582 [0]
200 645 [9]
289 565 [0]
139 710 [5]
244 608 [2]
211 634 [9]
334 511 [9]
78 777 [0]
232 623 [0]
272 583 [0]
394 461 [0]
121 726 [8]
322 533 [0]
395 460 [0]
74 776 [5]
351 495 [9]
325 530 [0]
243 610 [2]
103 753 [0]
78 778 [0]
289 558 [9]
154 702 [0]
329 527 [0]
105 749 [2]
178 669 [9]
75 776 [5]
371 478 [7]
318 537 [1]
311 536 [9]
281 576 [0]
99 758 [0]
112 745 [0]
210 638 [9]
296 554 [7]
184 673 [0]
258 599 [0]
367 490 [0]
412 445 [0]
350 508 [0]
423 433 [2]
82 771 [5]
129 721 [8]
382 476 [0]
284 565 [9]
145 714 [0]
247 612 [0]
274 585 [0]
424 435 [0]
61 793 [5]
360 500 [0]
89 763 [8]
194 659 [7]
291 567 [2]
187 664 [9]
307 554 [0]
162 699 [0]
242 619 [0]
164 689 [8]
216 636 [9]
230 623 [8]
316 537 [8]
213 639 [9]
296 556 [9]
213 640 [8]
115 747 [0]
334 528 [0]
131 729 [2]
181 682 [0]
426 431 [6]
167 688 [8]
192 663 [8]
263 600 [0]
258 596 [9]
405 458 [0]
189 672 [2]
83 781 [0]
96 768 [0]
103 759 [2]
160 702 [2]
304 560 [0]
405 459 [0]
145 712 [7]
381 484 [0]
105 758 [2]
240 623 [2]
83 780 [2]
164 701 [0]
187 669 [9]
79 786 [0]
339 520 [6]
89 776 [0]
82 784 [0]
411 455 [0]
243 616 [7]
300 566 [0]
392 474 [0]
160 704 [2]
301 556 [9]
121 746 [0]
203 664 [0]
399 468 [0]
273 593 [2]
207 661 [0]
362 497 [9]
350 510 [8]
344 516 [8]
336 523 [9]
250 616 [2]
198 667 [3]
223 636 [9]
81 784 [3]
338 530 [0]
167 693 [9]
82 787 [0]
111 753 [5]
127 737 [5]
174 686 [9]
250 619 [0]
269 600 [0]
354 515 [0]
344 526 [0]
424 446 [0]
107 755 [8]
390 471 [9]
179 683 [8]
335 536 [0]
174 697 [0]
434 436 [1]
104 759 [8]
288 577 [6]
217 645 [9]
295 574 [2]
117 755 [0]
73 799 [0]
82 790 [0]
166 706 [0]
170 693 [9]
370 502 [0]
79 792 [2]
353 511 [9]
137 736 [0]
127 741 [5]
87 778 [8]
321 552 [0]
345 528 [0]
387 486 [0]
203 671 [0]
390 484 [0]
409 465 [0]
305 569 [0]
71 795 [8]
256 609 [9]
114 761 [0]
328 538 [9]
73 794 [8]
201 672 [2]
399 469 [7]
372 494 [9]
194 679 [2]
298 577 [0]
167 699 [9]
383 492 [0]
132 744 [0]
148 728 [0]
112 756 [8]
307 567 [2]
205 662 [9]
133 738 [5]
419 456 [2]
105 772 [0]
269 606 [2]
169 700 [8]
189 680 [8]
336 532 [9]
122 747 [8]
91 778 [8]
205 673 [0]
173 705 [0]
98 780 [0]
218 660 [0]
82 791 [5]
390 488 [0]
133 746 [0]
103 774 [2]
163 708 [8]
342 529 [8]
226 651 [2]
299 578 [2]
120 760 [0]
138 733 [9]
93 779 [8]
318 560 [2]
237 642 [2]
356 516 [9]
227 645 [9]
188 694 [0]
229 653 [0]
237 645 [0]
168 705 [9]
145 735 [2]
80 793 [9]
243 640 [0]
278 605 [0]
409 474 [0]
129 752 [2]
167 708 [8]
237 647 [0]
200 675 [9]
191 684 [9]
289 586 [9]
228 657 [0]
117 760 [8]
249 634 [2]
92 788 [5]
370 513 [2]
140 737 [8]
164 719 [2]
239 647 [0]
419 461 [6]
396 481 [9]
296 588 [2]
292 586 [9]
156 731 [0]
276 602 [9]
116 771 [0]
167 720 [0]
220 658 [9]
270 608 [9]
268 619 [0]
157 729 [2]
203 685 [0]
309 577 [2]
285 603 [0]
171 708 [9]
170 716 [2]
150 729 [9]
188 698 [2]
361 525 [2]
434 455 [0]
165 716 [8]
108 773 [8]
143 741 [5]
369 511 [9]
198 684 [8]
438 443 [9]
318 571 [1]
172 710 [8]
304 587 [0]
130 761 [0]
169 722 [0]
214 668 [9]
147 739 [5]
96 793 [2]
184 705 [2]
352 539 [0]
431 460 [0]
153 739 [0]
387 505 [0]
157 733 [2]
119 771 [2]
320 573 [0]
363 521 [9]
131 753 [9]
415 478 [0]
285 609 [0]
121 764 [9]
255 633 [6]
215 676 [3]
183 712 [0]
114 781 [0]
308 585 [2]
233 653 [9]
202 693 [0]
266 627 [2]
404 489 [2]
313 582 [0]
99 788 [8]
332 563 [0]
428 458 [9]
314 575 [7]
125 771 [0]
209 687 [0]
179 717 [0]
224 672 [0]
257 630 [9]
253 643 [0]
295 592 [9]
313 580 [3]
319 568 [9]
439 458 [0]
322 575 [0]
251 646 [0]
345 546 [6]
269 628 [0]
348 549 [0]
268 621 [8]
336 554 [7]
203 695 [0]
218 680 [0]
394 504 [0]
266 630 [2]
204 695 [0]
237 662 [0]
259 640 [0]
272 627 [0]
430 469 [0]
163 734 [2]
149 748 [2]
126 771 [2]
423 469 [7]
336 564 [0]
172 728 [0]
384 516 [0]
155 743 [2]
301 597 [2]
449 451 [0]
162 730 [8]
230 661 [9]
411 490 [0]
438 463 [0]
141 761 [0]
245 657 [0]
257 645 [0]
103 797 [2]
433 469 [0]
173 730 [0]
339 564 [0]
152 742 [9]
393 510 [0]
208 686 [9]
224 680 [0]
288 616 [0]
335 562 [7]
330 574 [0]
386 518 [0]
222 673 [9]
241 661 [2]
377 521 [7]
200 705 [0]
138 758 [9]
212 693 [0]
391 507 [7]
297 606 [2]
253 653 [0]
278 628 [0]
172 726 [8]
175 729 [2]
319 588 [0]
117 790 [0]
202 705 [0]
104 795 [8]
357 548 [2]
182 723 [2]
191 708 [8]
387 513 [7]
197 701 [9]
249 659 [0]
334 572 [2]
134 774 [0]
192 716 [0]
135 764 [9]
226 682 [0]
260 642 [6]
412 496 [0]
433 475 [0]
290 616 [2]
355 547 [7]
323 586 [0]
443 466 [0]
451 458 [0]
400 508 [1]
171 737 [2]
140 770 [0]
453 456 [1]
302 606 [2]
313 588 [9]
126 785 [0]
167 744 [0]
374 528 [9]
175 736 [0]
150 753 [8]
421 490 [0]
134 769 [8]
238 671 [2]
108 795 [8]
286 625 [0]
446 466 [0]
177 735 [0]
149 755 [8]
442 462 [8]
252 658 [2]
365 540 [7]
312 593 [7]
193 720 [0]
319 594 [0]
284 620 [9]
187 724 [2]
232 679 [2]
168 737 [8]
140 774 [0]
232 682 [0]
277 637 [0]
265 640 [9]
265 647 [2]
440 468 [7]
337 578 [0]
188 720 [7]
416 492 [7]
367 547 [1]
243 670 [2]
246 668 [2]
153 763 [0]
134 782 [0]
137 779 [0]
221 687 [8]
132 779 [5]
430 479 [7]
337 572 [7]
142 765 [9]
258 650 [9]
454 456 [7]
227 691 [0]
268 650 [0]
267 644 [7]
363 547 [8]
437 481 [0]
447 468 [3]
194 722 [2]
300 611 [7]
164 752 [2]
252 659 [7]
238 672 [9]
257 662 [0]
282 628 [9]
353 559 [7]
390 527 [2]
392 525 [2]
278 642 [0]
309 611 [0]
346 567 [7]
333 581 [6]
218 695 [7]
140 772 [8]
137 775 [8]
163 758 [0]
176 745 [0]
151 762 [8]
429 492 [0]
348 564 [9]
314 600 [7]
262 657 [2]
145 777 [0]
450 472 [0]
457 465 [0]
427 489 [6]
260 655 [7]
151 763 [8]
367 556 [0]
161 762 [0]
231 690 [2]
262 652 [9]
324 592 [7]
141 774 [8]
160 764 [0]
361 556 [7]
398 526 [0]
390 525 [9]
442 482 [0]
147 777 [0]
345 573 [6]
384 538 [2]
192 725 [7]
238 686 [0]
249 666 [9]
286 638 [0]
292 633 [0]
154 771 [0]
289 627 [9]
189 736 [0]
298 627 [0]
319 606 [0]
376 549 [0]
282 644 [0]
334 592 [0]
192 732 [2]
130 787 [9]
165 759 [2]
440 487 [0]
308 612 [7]
366 561 [0]
120 799 [8]
243 685 [0]
312 616 [0]
380 548 [0]
413 508 [7]
373 553 [2]
405 523 [0]
298 621 [9]
149 770 [9]
412 516 [0]
387 542 [0]
405 524 [0]
130 799 [0]
165 756 [8]
301 621 [7]
128 796 [5]
291 639 [0]
312 618 [0]
356 565 [9]
364 564 [2]
369 554 [7]
126 796 [8]
438 485 [7]
372 558 [0]
383 547 [0]
264 667 [0]
156 775 [0]
329 600 [2]
181 750 [0]
267 664 [0]
423 506 [2]
195 737 [0]
164 766 [2]
443 489 [0]
331 592 [9]
239 686 [7]
356 574 [2]
184 746 [2]
311 612 [9]
393 538 [2]
192 741 [0]
384 549 [0]
275 656 [2]
372 552 [9]
290 634 [9]
232 692 [9]
146 778 [9]
421 506 [6]
240 687 [6]
222 703 [9]
279 655 [0]
332 594 [8]
319 615 [0]
366 568 [0]
190 742 [2]
310 615 [9]
159 767 [8]
330 605 [0]
163 772 [0]
145 788 [2]
166 761 [8]
184 749 [2]
342 584 [9]
186 742 [8]
219 708 [9]
205 722 [9]
289 640 [8]
141 796 [0]
132 797 [8]
269 661 [7]
462 473 [2]
436 501 [0]
408 529 [0]
396 534 [7]
173 765 [0]
452 486 [0]
444 494 [0]
314 617 [7]
151 784 [3]
378 561 [0]
149 788 [2]
283 647 [9]
430 502 [7]
317 613 [9]
441 498 [0]
425 515 [0]
144 796 [0]
403 537 [0]
143 797 [0]
393 541 [6]
369 562 [9]
152 788 [0]
263 670 [7]
359 574 [7]
327 608 [6]
240 701 [0]
215 726 [0]
311 621 [9]
439 499 [3]
312 630 [0]
341 601 [0]
256 684 [2]
171 764 [7]
207 733 [2]
420 522 [0]
180 760 [2]
156 787 [0]
204 739 [0]
250 691 [2]
463 480 [0]
163 781 [0]
158 786 [0]
148 787 [9]
200 744 [0]
191 744 [9]
265 672 [7]
216 728 [0]
232 703 [9]
294 641 [9]
374 571 [0]
159 786 [0]
310 626 [9]
445 500 [0]
429 512 [4]
144 798 [3]
244 694 [7]
163 780 [2]
325 613 [7]
347 598 [0]
275 661 [9]
458 478 [9]
401 538 [7]
394 546 [6]
220 717 [9]
150 788 [8]
255 684 [7]
179 768 [0]
253 694 [0]
153 786 [8]
326 619 [2]
236 712 [0]
410 538 [0]
464 482 [2]
466 480 [2]
164 782 [2]
141 799 [8]
156 793 [0]
395 547 [7]
415 527 [7]
176 765 [8]
471 478 [0]
434 513 [2]
233 707 [9]
227 723 [0]
232 718 [0]
173 769 [8]
419 531 [0]
293 648 [9]
283 658 [9]
418 533 [0]
385 559 [7]
219 733 [0]
426 519 [7]
416 534 [2]
171 782 [0]
161 792 [0]
225 726 [2]
364 589 [0]
471 482 [0]
305 641 [7]
205 746 [2]
456 495 [2]
315 636 [2]
229 725 [0]
182 772 [0]
186 763 [5]
271 683 [0]
416 538 [0]
459 495 [0]
198 757 [0]
427 528 [0]
321 626 [8]
205 748 [2]
168 779 [8]
204 752 [0]
230 726 [0]
430 526 [0]
197 750 [9]
268 686 [2]
459 497 [0]
352 599 [6]
275 673 [9]
285 665 [7]
446 511 [0]
379 571 [8]
293 665 [0]
425 533 [0]
333 619 [6]
447 511 [0]
395 557 [6]
439 512 [7]
469 490 [0]
417 542 [0]
274 686 [0]
235 725 [0]
382 572 [6]
478 482 [0]
311 642 [7]
334 619 [7]
215 737 [8]
309 652 [0]
312 649 [0]
423 538 [0]
445 515 [1]
250 704 [7]
318 644 [0]
319 643 [0]
201 762 [0]
263 693 [7]
301 656 [6]
164 797 [2]
167 787 [9]
250 711 [2]
240 724 [0]
276 688 [0]
425 530 [9]
354 601 [9]
460 504 [0]
429 535 [0]
329 636 [0]
354 611 [0]
405 560 [0]
208 748 [9]
366 597 [2]
472 493 [0]
224 742 [0]
260 706 [0]
329 637 [0]
342 624 [0]
306 654 [6]
422 545 [0]
220 747 [0]
295 670 [2]
455 506 [6]
287 671 [9]
398 561 [8]
259 709 [0]
249 717 [2]
355 613 [0]
243 726 [0]
320 647 [2]
243 724 [2]
439 521 [9]
468 492 [9]
373 597 [0]
327 636 [7]
221 747 [2]
304 664 [2]
282 680 [9]
282 689 [0]
371 600 [0]
385 586 [0]
210 753 [8]
322 650 [0]
368 604 [0]
475 497 [0]
328 635 [9]
343 627 [2]
464 501 [7]
375 591 [6]
243 728 [2]
206 758 [9]
297 674 [2]
273 698 [2]
253 718 [2]
248 716 [9]
238 733 [2]
180 784 [9]
437 530 [7]
391 577 [6]
259 706 [9]
451 516 [7]
326 649 [0]
167 799 [9]
201 765 [9]
198 777 [0]
182 791 [2]
361 614 [0]
294 678 [3]
342 631 [2]
438 537 [1]
286 690 [0]
343 633 [0]
365 611 [0]
204 763 [9]
329 641 [6]
371 605 [0]
404 572 [0]
342 625 [9]
301 668 [7]
450 526 [0]
208 759 [9]
325 644 [7]
448 529 [0]
204 773 [0]
281 696 [0]
204 765 [8]
221 754 [2]
256 719 [2]
342 626 [9]
302 667 [8]
376 599 [2]
255 723 [0]
205 773 [0]
422 556 [0]
397 574 [7]
265 713 [0]
190 779 [9]
326 651 [2]
369 608 [2]
439 531 [9]
229 749 [2]
376 602 [2]
440 533 [7]
391 587 [2]
372 610 [0]
338 637 [7]
344 629 [9]
274 701 [7]
218 757 [7]
475 507 [0]
389 591 [2]
326 647 [9]
349 631 [2]
316 667 [0]
208 775 [0]
335 642 [6]
456 525 [2]
231 752 [0]
327 656 [0]
448 535 [0]
396 580 [7]
399 577 [7]
263 718 [2]
241 743 [0]
284 700 [0]
373 611 [0]
423 561 [0]
219 766 [0]
408 577 [0]
463 522 [0]
219 767 [0]
347 639 [0]
311 668 [7]
263 716 [7]
464 522 [0]
488 498 [0]
290 687 [9]
441 539 [6]
308 679 [0]
358 629 [0]
478 509 [0]
194 784 [9]
239 749 [0]
190 798 [0]
297 691 [0]
392 596 [0]
375 607 [6]
196 793 [0]
192 788 [9]
285 702 [2]
272 713 [4]
364 623 [2]
368 612 [9]
390 597 [2]
448 539 [2]
467 523 [0]
296 692 [2]
404 579 [7]
289 692 [9]
490 498 [2]
385 603 [2]
295 696 [0]
262 727 [2]
292 690 [9]
454 538 [0]
220 773 [0]
308 685 [0]
253 733 [7]
362 629 [2]
243 749 [2]
210 775 [9]
283 704 [7]
474 514 [7]
246 749 [0]
470 525 [0]
246 740 [9]
411 582 [2]
229 759 [7]
302 693 [0]
415 573 [7]
270 716 [9]
460 528 [7]
391 603 [2]
219 768 [9]
429 565 [2]
276 711 [9]
312 683 [2]
396 599 [2]
209 786 [2]
263 728 [7]
387 604 [7]
298 698 [2]
240 754 [4]
218 778 [2]
216 783 [0]
434 565 [0]
439 560 [0]
471 528 [0]
310 687 [2]
224 776 [0]
418 582 [0]
477 523 [0]
450 550 [0]
461 530 [9]
290 711 [0]
249 752 [0]
355 642 [4]
269 725 [7]
193 799 [9]
452 542 [7]
372 630 [0]
419 583 [0]
320 683 [0]
430 573 [0]
467 536 [0]
362 632 [9]
197 798 [8]
239 762 [2]
472 522 [9]
230 764 [9]
481 521 [2]
303 699 [2]
462 540 [2]
433 570 [1]
289 706 [9]
398 607 [0]
439 566 [0]
464 541 [0]
492 511 [2]
356 640 [9]
345 661 [0]
378 628 [0]
301 703 [2]
222 775 [9]
247 751 [8]
315 689 [2]
255 752 [0]
466 539 [2]
439 569 [0]
238 770 [0]
338 663 [7]
418 588 [2]
397 605 [6]
244 762 [2]
245 764 [0]
268 741 [0]
412 595 [2]
308 696 [6]
473 535 [2]
348 660 [2]
264 747 [0]
499 512 [0]
287 725 [0]
265 738 [9]
325 685 [2]
214 789 [9]
315 698 [0]
442 571 [0]
316 688 [9]
239 765 [9]
497 509 [7]
302 705 [7]
422 586 [6]
249 763 [2]
300 715 [0]
496 519 [0]
363 650 [2]
222 791 [2]
223 783 [9]
378 638 [0]
501 515 [0]
235 774 [7]
228 779 [9]
284 730 [2]
501 513 [2]
469 548 [0]
483 534 [0]
336 679 [2]
367 648 [2]
481 529 [7]
423 595 [0]
368 648 [2]
455 563 [0]
424 595 [0]
465 554 [0]
427 586 [6]
343 669 [7]
293 727 [0]
389 631 [0]
485 529 [6]
219 794 [7]
254 759 [7]
289 722 [9]
501 510 [9]
450 571 [0]
417 604 [0]
278 736 [7]
321 691 [9]
319 695 [7]
309 710 [2]
384 633 [4]
500 521 [0]
319 693 [9]
291 728 [2]
440 582 [0]
434 581 [7]
274 746 [2]
477 539 [6]
294 719 [9]
267 756 [0]
389 634 [0]
404 619 [0]
282 738 [3]
447 577 [0]
352 668 [4]
273 745 [6]
361 659 [4]
383 636 [6]
493 525 [7]
256 770 [0]
472 554 [0]
296 723 [7]
261 756 [9]
277 750 [0]
299 728 [0]
441 586 [0]
351 674 [2]
440 581 [6]
329 699 [0]
417 605 [6]
481 541 [6]
350 679 [0]
461 569 [0]
468 562 [0]
276 745 [9]
386 635 [9]
237 784 [9]
238 790 [2]
433 591 [6]
484 540 [6]
280 748 [2]
365 666 [0]
257 772 [2]
257 765 [9]
510 522 [0]
284 748 [0]
356 676 [0]
475 557 [0]
502 530 [0]
278 747 [7]
301 724 [7]
422 604 [6]
413 613 [7]
247 777 [9]
399 632 [2]
448 583 [2]
423 608 [2]
372 654 [7]
337 698 [0]
451 584 [0]
387 648 [0]
489 546 [0]
421 608 [6]
243 790 [2]
260 770 [6]
251 776 [9]
246 791 [0]
333 704 [0]
462 575 [0]
481 556 [0]
287 741 [9]
317 713 [7]
396 642 [0]
302 737 [0]
273 760 [6]
463 572 [4]
377 656 [6]
505 534 [0]
472 566 [2]
515 525 [0]
467 567 [6]
423 611 [6]
503 535 [2]
364 676 [0]
504 529 [7]
271 767 [2]
317 717 [7]
295 746 [0]
259 782 [0]
365 669 [7]
393 646 [2]
418 623 [0]
486 555 [0]
473 568 [0]
373 666 [2]
418 617 [6]
361 674 [6]
494 541 [6]
298 741 [2]
339 703 [0]
375 667 [0]
417 619 [6]
455 581 [6]
355 688 [0]
455 588 [0]
423 618 [2]
449 588 [6]
312 732 [0]
255 790 [0]
501 544 [0]
256 790 [0]
327 719 [0]
463 583 [0]
323 721 [2]
408 639 [0]
288 759 [0]
384 659 [4]
425 622 [0]
350 688 [9]
385 655 [7]
264 776 [7]
468 579 [0]
523 524 [0]
411 637 [0]
376 672 [0]
275 773 [0]
467 576 [5]
470 571 [7]
288 754 [6]
430 618 [0]
481 565 [2]
270 779 [0]
499 550 [0]
341 701 [7]
438 605 [6]
427 617 [6]
507 543 [0]
402 648 [0]
398 644 [9]
482 561 [8]
337 707 [7]
245 797 [9]
513 539 [0]
313 730 [9]
319 724 [9]
517 536 [0]
335 712 [6]
370 677 [6]
496 555 [2]
469 577 [7]
277 771 [6]
465 583 [6]
379 673 [2]
396 659 [0]
514 535 [6]
368 680 [7]
413 636 [6]
379 669 [7]
346 710 [0]
377 679 [0]
444 612 [0]
439 618 [0]
376 679 [2]
283 775 [0]
526 532 [0]
352 700 [6]
454 605 [0]
506 553 [0]
366 691 [2]
326 731 [2]
474 585 [0]
319 731 [9]
509 548 [2]
291 766 [2]
374 686 [0]
461 593 [6]
437 619 [4]
449 609 [2]
508 547 [6]
287 775 [0]
314 748 [0]
473 589 [0]
339 719 [4]
472 588 [2]
390 665 [7]
335 728 [0]
412 651 [0]
477 586 [0]
259 796 [8]
473 590 [0]
482 575 [6]
484 580 [0]
471 593 [0]
374 691 [0]
394 671 [0]
495 570 [0]
317 746 [2]
361 698 [6]
260 798 [7]
382 676 [7]
296 770 [0]
422 644 [0]
305 754 [7]
302 762 [2]
281 778 [7]
267 792 [7]
523 544 [0]
330 735 [2]
411 650 [6]
324 741 [2]
471 594 [2]
448 612 [7]
488 580 [0]
458 608 [2]
276 784 [8]
308 761 [0]
399 670 [0]
282 785 [2]
368 694 [7]
346 716 [7]
350 718 [2]
347 717 [6]
461 605 [4]
386 677 [7]
421 645 [4]
408 663 [0]
519 552 [0]
517 555 [0]
413 654 [6]
269 797 [7]
343 723 [7]
453 613 [7]
422 653 [0]
529 546 [0]
358 715 [2]
441 632 [2]
424 652 [0]
332 735 [9]
419 650 [7]
456 613 [7]
326 751 [0]
509 568 [0]
409 662 [6]
456 614 [7]
284 794 [0]
374 704 [0]
368 704 [6]
341 735 [2]
524 547 [7]
329 750 [0]
354 725 [0]
537 542 [0]
289 791 [0]
489 585 [6]
288 786 [6]
386 695 [0]
370 705 [6]
405 670 [6]
307 767 [7]
308 774 [0]
401 681 [0]
528 554 [0]
363 712 [7]
358 725 [0]
374 709 [0]
482 601 [0]
521 562 [0]
326 750 [7]
523 554 [6]
483 598 [2]
347 737 [0]
421 663 [0]
523 559 [2]
532 550 [2]
410 675 [0]
487 598 [0]
352 727 [6]
377 706 [2]
533 545 [7]
460 620 [6]
377 702 [7]
521 565 [0]
493 587 [7]
432 655 [0]
392 689 [6]
418 664 [6]
337 745 [7]
484 599 [6]
524 563 [2]
510 580 [0]
353 730 [7]
476 614 [0]
431 659 [0]
477 613 [0]
499 592 [0]
371 718 [2]
291 793 [7]
297 787 [7]
492 597 [2]
481 604 [6]
460 632 [0]
473 619 [0]
369 724 [0]
419 674 [0]
323 763 [7]
397 689 [7]
385 709 [0]
325 762 [7]
416 678 [0]
430 665 [0]
489 606 [0]
319 768 [8]
420 676 [0]
455 641 [0]
292 796 [8]
371 726 [0]
299 791 [7]
451 644 [2]
519 578 [0]
530 567 [0]
443 652 [2]
324 766 [7]
495 596 [7]
367 732 [0]
443 650 [6]
363 729 [7]
305 787 [7]
323 768 [9]
457 644 [0]
503 598 [0]
506 591 [4]
441 656 [4]
416 679 [6]
387 707 [7]
474 621 [6]
357 745 [0]
412 690 [0]
480 622 [0]
531 566 [5]
462 633 [7]
350 753 [0]
385 718 [0]
309 787 [7]
401 696 [6]
461 643 [0]
474 630 [0]
313 789 [2]
473 624 [7]
348 749 [7]
374 731 [0]
397 702 [6]
430 668 [7]
506 599 [0]
431 675 [0]
508 598 [0]
434 665 [7]
406 701 [0]
470 637 [0]
430 671 [6]
423 682 [2]
353 747 [7]
471 633 [4]
444 662 [2]
450 659 [0]
304 796 [9]
461 646 [2]
459 643 [7]
366 741 [2]
319 789 [2]
310 793 [7]
455 651 [4]
445 666 [0]
475 630 [6]
411 694 [6]
491 614 [6]
514 598 [0]
370 743 [0]
518 595 [0]
461 652 [0]
392 715 [6]
364 750 [0]
372 740 [2]
376 731 [7]
546 562 [6]
365 742 [7]
550 564 [0]
436 678 [0]
548 566 [0]
414 698 [2]
307 798 [9]
323 792 [0]
493 615 [7]
460 651 [4]
418 691 [6]
405 711 [0]
402 714 [0]
479 637 [0]
454 663 [0]
558 559 [0]
345 766 [6]
414 696 [7]
413 697 [7]
521 590 [6]
453 665 [0]
554 564 [0]
412 700 [6]
481 631 [6]
351 768 [0]
435 682 [2]
415 699 [6]
340 780 [0]
384 736 [0]
511 609 [0]
372 742 [7]
471 643 [7]
326 793 [2]
356 756 [9]
412 708 [2]
537 583 [2]
382 734 [6]
325 798 [0]
410 707 [6]
425 699 [0]
508 617 [0]
326 797 [2]
504 622 [0]
548 578 [0]
554 572 [0]
505 615 [6]
436 684 [6]
560 567 [0]
349 771 [7]
534 586 [7]
351 778 [0]
364 765 [0]
330 792 [7]
545 584 [0]
371 759 [0]
495 635 [0]
363 760 [7]
422 704 [4]
369 762 [0]
461 664 [6]
384 749 [0]
532 601 [0]
391 740 [2]
527 607 [0]
491 643 [0]
362 773 [0]
521 614 [0]
543 592 [0]
498 633 [4]
378 750 [7]
524 612 [0]
556 580 [0]
564 572 [0]
516 616 [4]
333 797 [6]
338 792 [6]
511 623 [2]
436 701 [0]
507 631 [0]
479 656 [4]
427 714 [0]
533 608 [0]
556 585 [0]
565 576 [0]
456 676 [9]
391 744 [6]
495 647 [0]
519 617 [6]
479 663 [0]
372 763 [7]
442 701 [0]
388 755 [0]
426 717 [0]
338 798 [7]
549 590 [4]
503 640 [0]
400 742 [1]
380 757 [6]
517 627 [0]
506 634 [4]
380 759 [6]
367 771 [7]
453 686 [6]
449 697 [0]
489 657 [0]
500 646 [0]
369 770 [7]
532 608 [6]
464 682 [0]
539 608 [0]
472 668 [7]
436 705 [6]
441 707 [0]
494 654 [0]
561 587 [0]
476 666 [6]
415 734 [0]
399 751 [0]
540 610 [0]
464 680 [7]
401 750 [0]
504 647 [0]
395 750 [6]
531 620 [0]
406 743 [2]
491 660 [0]
569 582 [0]
574 577 [0]
411 734 [6]
536 616 [0]
558 594 [0]
559 587 [6]
500 653 [0]
444 705 [4]
430 716 [7]
424 723 [6]
495 654 [4]
369 785 [0]
534 620 [0]
562 592 [0]
515 637 [2]
446 704 [4]
570 578 [6]
383 772 [0]
436 719 [0]
563 592 [0]
380 769 [6]
436 718 [2]
413 741 [2]
370 780 [6]
362 795 [0]
533 622 [2]
424 734 [0]
429 729 [0]
503 655 [0]
578 580 [0]
510 642 [6]
533 624 [2]
479 678 [2]
363 789 [7]
559 601 [0]
496 658 [6]
561 597 [2]
576 585 [0]
409 748 [4]
517 645 [0]
535 625 [2]
385 771 [6]
476 680 [6]
468 692 [2]
446 714 [2]
573 589 [0]
425 739 [0]
535 629 [0]
436 722 [6]
516 646 [2]
456 702 [6]
388 777 [0]
556 609 [0]
551 612 [2]
465 697 [4]
501 663 [2]
375 785 [6]
542 622 [2]
453 707 [6]
570 591 [6]
514 653 [0]
557 610 [1]
520 649 [0]
572 596 [1]
493 674 [2]
485 678 [6]
517 646 [6]
458 712 [0]
383 781 [6]
516 655 [0]
581 589 [1]
514 657 [0]
485 687 [0]
410 763 [0]
423 750 [0]
429 744 [0]
490 683 [0]
457 712 [4]
379 795 [0]
373 795 [6]
377 791 [6]
474 696 [4]
485 689 [0]
405 770 [0]
583 592 [0]
393 776 [6]
542 634 [0]
393 777 [6]
404 773 [0]
434 741 [2]
557 614 [6]
499 671 [7]
557 617 [4]
411 768 [0]
544 635 [0]
424 749 [6]
379 794 [7]
419 758 [4]
584 598 [0]
544 638 [0]
569 613 [0]
587 595 [0]
427 749 [6]
571 604 [7]
518 660 [4]
405 771 [6]
421 757 [4]
528 655 [0]
544 639 [0]
421 758 [4]
500 677 [6]
429 748 [6]
572 610 [1]
404 781 [0]
469 716 [0]
562 623 [0]
570 615 [0]
410 773 [2]
497 682 [6]
535 645 [6]
390 789 [7]
508 679 [0]
401 780 [6]
530 651 [6]
451 730 [6]
444 744 [0]
431 757 [0]
564 618 [7]
506 684 [0]
538 652 [0]
475 711 [4]
431 759 [1]
416 775 [0]
456 729 [6]
390 794 [7]
483 708 [0]
392 793 [6]
419 769 [4]
484 702 [6]
531 662 [0]
505 688 [0]
536 655 [2]
490 704 [0]
493 701 [0]
509 679 [6]
511 681 [2]
498 690 [6]
408 780 [6]
486 704 [4]
513 682 [0]
545 650 [0]
547 648 [0]
550 639 [6]
442 751 [2]
551 644 [0]
570 626 [0]
475 717 [4]
439 755 [2]
428 768 [0]
482 715 [0]
522 675 [0]
562 635 [0]
566 631 [0]
446 745 [6]
443 748 [6]
499 693 [6]
420 772 [6]
503 689 [6]
417 782 [0]
526 673 [0]
596 599 [4]
500 693 [6]
568 632 [0]
576 617 [7]
442 752 [6]
454 747 [0]
520 681 [0]
553 648 [0]
469 726 [7]
550 646 [6]
445 756 [2]
563 640 [0]
594 609 [0]
600 603 [0]
436 761 [6]
551 649 [4]
590 615 [0]
548 653 [4]
582 623 [0]
438 760 [7]
513 692 [0]
490 716 [0]
532 674 [0]
401 799 [6]
516 684 [6]
519 685 [2]
466 739 [2]
512 695 [0]
409 794 [4]
455 753 [0]
555 654 [0]
456 747 [6]
502 708 [0]
510 700 [0]
417 794 [0]
471 736 [4]
561 643 [7]
511 696 [4]
427 785 [0]
548 664 [0]
557 655 [0]
597 615 [0]
604 607 [1]
543 665 [4]
525 688 [0]
563 643 [7]
525 689 [0]
425 783 [6]
479 731 [4]
524 684 [6]
501 714 [0]
445 764 [6]
435 774 [6]
469 743 [4]
478 739 [0]
595 622 [0]
435 775 [7]
599 618 [0]
597 621 [0]
499 713 [7]
573 639 [7]
552 667 [0]
593 626 [0]
466 750 [4]
478 737 [6]
571 643 [7]
487 735 [0]
549 673 [0]
426 797 [0]
600 623 [0]
550 669 [4]
428 796 [0]
489 735 [0]
610 614 [0]
463 757 [4]
427 799 [0]
533 693 [0]
504 716 [6]
506 714 [8]
465 759 [4]
505 724 [0]
463 767 [0]
507 723 [0]
553 677 [0]
432 798 [0]
568 661 [1]
544 679 [7]
468 763 [0]
613 618 [0]
515 714 [2]
448 784 [0]
466 766 [0]
494 738 [0]
587 646 [0]
590 643 [0]
551 683 [0]
536 694 [4]
593 635 [6]
594 636 [4]
498 737 [0]
450 779 [6]
483 754 [0]
505 728 [4]
500 731 [6]
563 670 [4]
594 637 [6]
469 769 [0]
566 672 [0]
574 664 [0]
538 694 [6]
584 648 [6]
586 653 [0]
614 625 [0]
509 724 [6]
473 762 [4]
551 689 [0]
485 755 [0]
473 767 [0]
520 720 [0]
482 756 [2]
590 650 [0]
599 634 [7]
509 725 [6]
489 752 [0]
470 767 [4]
522 713 [6]
445 797 [0]
454 789 [0]
516 727 [0]
545 695 [4]
552 693 [0]
617 628 [0]
518 721 [6]
580 661 [4]
567 677 [1]
442 796 [7]
593 646 [6]
453 794 [0]
575 672 [0]
622 625 [0]
578 662 [7]
604 643 [1]
454 788 [6]
469 773 [6]
490 759 [0]
550 696 [4]
452 798 [0]
517 727 [6]
570 681 [0]
467 777 [7]
576 671 [4]
621 630 [0]
472 780 [0]
508 745 [1]
608 647 [0]
581 676 [0]
527 730 [0]
538 713 [6]
559 696 [3]
545 714 [0]
498 757 [4]
597 661 [1]
533 721 [6]
475 781 [4]
602 658 [0]
597 660 [4]
505 757 [0]
585 677 [0]
504 754 [4]
473 790 [0]
541 722 [0]
599 660 [4]
586 673 [4]
482 779 [2]
626 632 [7]
581 684 [0]
600 666 [0]
620 639 [7]
590 675 [1]
493 774 [0]
550 717 [0]
611 652 [4]
546 722 [0]
479 785 [4]
585 684 [0]
589 680 [0]
536 729 [4]
487 783 [0]
480 786 [4]
609 663 [0]
619 649 [4]
564 709 [0]
480 792 [1]
542 725 [6]
630 637 [6]
572 700 [1]
518 756 [0]
584 688 [2]
612 663 [0]
488 783 [4]
495 773 [7]
532 744 [0]
549 727 [0]
552 718 [6]
588 690 [0]
583 691 [4]
503 769 [6]
524 755 [0]
508 772 [0]
601 675 [4]
496 778 [6]
524 757 [0]
595 686 [0]
560 721 [0]
567 710 [4]
609 666 [6]
516 760 [6]
575 707 [0]
584 699 [0]
590 693 [0]
492 785 [6]
530 754 [0]
603 681 [0]
563 722 [0]
593 692 [0]
588 698 [0]
604 676 [6]
518 769 [0]
550 737 [0]
524 759 [4]
532 757 [0]
635 652 [2]
579 710 [0]
509 779 [2]
539 747 [4]
625 666 [0]
608 684 [0]
587 701 [4]
526 763 [4]
630 659 [4]
591 703 [0]
498 791 [6]
526 770 [0]
578 718 [0]
630 666 [0]
495 797 [4]
599 696 [1]
556 739 [2]
594 704 [0]
607 691 [0]
514 783 [1]
599 697 [4]
540 756 [4]
520 781 [0]
536 761 [4]
538 764 [0]
577 726 [0]
625 676 [2]
564 739 [0]
618 685 [0]
579 724 [0]
557 746 [0]
584 720 [0]
566 739 [0]
530 776 [0]
574 731 [1]
627 679 [0]
651 652 [4]
578 730 [0]
646 662 [0]
601 703 [4]
567 741 [0]
622 684 [4]
551 753 [6]
553 753 [4]
641 669 [0]
620 692 [0]
517 796 [0]
537 777 [0]
549 764 [1]
635 681 [0]
627 689 [0]
558 754 [4]
532 785 [0]
605 712 [0]
573 739 [7]
536 784 [0]
645 675 [0]
633 683 [4]
615 704 [1]
631 690 [0]
651 671 [0]
634 690 [0]
550 770 [4]
598 720 [6]
600 718 [7]
572 752 [1]
617 709 [0]
533 788 [6]
639 686 [4]
655 670 [4]
555 770 [4]
626 704 [0]
650 680 [0]
543 788 [0]
579 752 [0]
662 669 [0]
613 719 [0]
620 712 [0]
658 674 [0]
582 751 [0]
642 688 [4]
628 706 [0]
627 703 [4]
620 714 [0]
595 736 [4]
538 791 [6]
610 726 [0]
664 671 [1]
614 719 [4]
541 795 [1]
597 736 [4]
622 712 [4]
616 723 [0]
569 771 [0]
643 697 [0]
545 791 [4]
665 676 [0]
555 787 [0]
602 740 [0]
622 716 [4]
624 718 [0]
549 792 [1]
613 731 [0]
618 725 [1]
601 737 [6]
547 792 [6]
631 715 [0]
576 768 [2]
565 782 [0]
558 790 [0]
563 785 [0]
562 782 [4]
629 721 [0]
579 763 [8]
564 783 [4]
667 678 [7]
616 738 [0]
630 720 [4]
594 757 [4]
603 748 [4]
637 719 [0]
590 762 [4]
613 744 [0]
586 773 [0]
650 709 [0]
625 727 [7]
639 717 [4]
574 787 [0]
672 685 [4]
648 715 [0]
580 784 [0]
670 694 [0]
588 772 [4]
654 711 [0]
624 741 [0]
591 775 [0]
604 762 [0]
581 786 [1]
590 774 [4]
636 732 [0]
607 762 [0]
673 692 [4]
587 778 [4]
575 795 [0]
628 742 [0]
634 737 [0]
610 760 [1]
673 699 [0]
591 781 [1]
681 688 [4]
645 729 [0]
606 769 [0]
623 751 [1]
684 691 [0]
610 766 [1]
637 738 [2]
661 715 [1]
658 716 [4]
671 707 [1]
618 758 [4]
626 756 [0]
593 785 [4]
624 754 [4]
648 735 [0]
655 722 [6]
620 760 [4]
655 725 [4]
607 777 [1]
596 790 [0]
647 740 [0]
691 692 [4]
680 703 [4]
654 734 [0]
674 715 [0]
643 746 [0]
690 699 [1]
639 751 [0]
683 708 [0]
635 756 [0]
609 778 [4]
658 730 [4]
600 788 [4]
646 747 [0]
647 745 [1]
689 707 [0]
632 765 [0]
656 742 [0]
653 740 [7]
635 761 [4]
682 720 [0]
688 714 [0]
699 705 [1]
656 749 [0]
667 738 [0]
623 780 [4]
618 789 [1]
629 779 [0]
682 727 [0]
657 753 [0]
705 708 [0]
624 789 [1]
681 726 [7]
673 740 [4]
630 783 [4]
681 733 [4]
702 717 [0]
632 779 [9]
698 721 [1]
638 783 [0]
635 783 [4]
625 793 [4]
674 744 [4]
702 718 [4]
684 732 [9]
632 790 [4]
678 743 [6]
677 751 [0]
644 784 [0]
713 716 [0]
672 758 [0]
711 720 [0]
709 723 [1]
700 733 [0]
635 795 [4]
642 794 [0]
655 782 [0]
665 772 [0]
664 774 [0]
711 726 [1]
702 738 [0]
664 776 [0]
677 764 [0]
685 757 [0]
691 752 [1]
688 759 [0]
678 770 [0]
716 732 [0]
713 735 [0]
668 781 [0]
717 733 [0]
685 765 [0]
707 745 [0]
670 782 [0]
710 743 [0]
694 760 [0]
677 778 [0]
721 727 [7]
694 767 [0]
705 757 [0]
668 794 [0]
682 782 [0]
709 755 [0]
707 760 [0]
712 751 [4]
711 755 [1]
701 767 [0]
681 786 [4]
710 760 [1]
719 753 [0]
731 740 [1]
674 797 [1]
722 747 [4]
733 735 [7]
703 773 [0]
719 758 [0]
722 752 [4]
732 747 [0]
691 787 [1]
706 775 [0]
694 780 [9]
689 795 [0]
707 778 [0]
697 788 [0]
727 761 [0]
743 747 [0]
692 795 [4]
710 780 [3]
729 765 [1]
715 776 [4]
742 753 [1]
748 749 [0]
740 751 [7]
724 777 [0]
706 794 [1]
727 775 [0]
736 766 [0]
734 767 [1]
699 798 [6]
709 793 [1]
730 776 [0]
716 793 [0]
744 766 [1]
728 785 [0]
752 761 [0]
738 769 [6]
748 774 [0]
753 769 [0]
756 767 [0]
740 780 [4]
738 782 [6]
733 794 [0]
763 766 [0]
736 799 [0]
739 796 [0]
743 793 [0]
754 786 [0]
755 787 [1]
772 777 [0]
751 799 [0]
771 782 [0]
771 785 [0]
767 791 [0]
764 797 [0]
764 798 [4]
773 790 [4]
781 786 [1]
786 791 [0]
789 792 [0]
783 798 [4]
795 797 [0]
