1600
12
41
180
320
353
414
958
1287
1533
800
322
72
196
456
27
83
261
47
150
218
119
224
698
305
169
703
435
101
274
87
135
92
343
380
12
262
30
278
113
5
1312
156
171
515
133
256
277
102
387
129
533
276
713
1320
444
50
327
67
474
170
89
157
650
57
319
429
185
537
70
118
225
1224
104
215
0
95
76
582
212
201
100
249
34
64
989
254
684
547
62
49
452
138
38
8
705
177
16
146
65
402
231
241
1
541
791
9
403
672
121
202
356
287
501
136
128
798
819
405
273
390
203
404
638
592
74
73
660
71
518
337
340
33
21
335
187
93
60
26
48
913
195
897
386
182
167
219
505
357
281
44
538
385
11
24
227
7
107
397
66
333
142
449
754
634
299
497
925
332
35
140
271
55
600
108
953
79
751
725
618
36
510
247
744
378
577
6
973
164
68
144
374
293
85
192
664
303
149
616
159
115
525
173
870
461
147
90
570
80
205
393
289
110
455
88
763
105
181
655
158
132
42
52
408
175
680
111
106
640
486
653
148
373
410
709
434
997
1078
22
145
364
234
602
665
606
825
253
1044
103
1215
239
495
906
1020
409
920
282
344
272
342
459
513
371
860
527
325
530
130
1112
605
1140
552
835
396
535
206
1337
524
810
683
886
313
574
629
681
508
580
389
270
696
338
323
383
236
976
151
631
661
360
1049
485
339
938
2
624
359
186
770
450
1065
59
607
69
566
1486
18
394
1031
857
493
489
54
523
823
887
37
178
882
40
834
471
426
306
562
97
849
242
1103
127
295
641
1406
632
134
644
355
285
123
528
756
208
1246
480
900
659
1076
576
304
587
567
176
777
473
425
391
420
948
692
82
23
771
604
494
609
372
448
230
1141
500
399
685
788
31
1256
822
184
667
614
29
499
345
711
1093
520
112
1388
880
1009
56
346
243
194
300
392
697
122
1351
488
370
160
952
220
13
1165
879
891
469
936
828
296
1077
379
174
223
328
99
586
1245
191
1094
990
1314
216
908
623
710
779
972
1321
445
457
1115
719
682
889
347
481
1052
572
859
575
596
78
39
291
263
418
126
454
238
630
131
45
367
693
193
654
411
590
553
1380
384
75
686
255
314
28
804
1317
197
210
288
617
1155
496
837
63
316
540
563
267
283
862
246
143
1259
58
546
498
381
183
251
478
294
382
783
1110
421
1480
152
125
124
400
43
915
1041
1152
188
221
747
1308
264
179
730
1196
503
237
428
894
1176
460
841
375
416
1262
235
479
645
940
257
266
735
1192
286
162
847
960
543
312
1074
1540
1124
259
1132
213
824
1043
155
161
1485
526
809
812
109
565
1082
10
116
687
851
482
550
228
244
204
165
1010
803
1139
472
198
832
430
439
424
368
838
331
292
957
555
309
1437
1175
642
466
260
626
628
899
153
1304
1195
258
970
137
781
1451
1525
365
438
689
861
350
678
475
1002
695
816
189
302
4
1101
1012
1149
813
91
1219
1135
564
511
548
51
961
729
1120
963
284
775
1281
413
556
815
214
1193
1254
172
334
417
265
398
290
1242
981
1197
675
1418
951
1119
32
594
560
217
476
669
362
268
911
308
352
939
326
996
1180
1114
708
168
229
1005
1035
1204
1057
1154
1390
986
772
330
84
944
269
166
759
96
61
245
120
1018
622
1449
1220
477
621
1345
778
863
534
226
679
15
19
1189
733
1107
1113
869
969
728
643
613
1070
1272
1322
842
852
1022
864
1241
1117
748
561
888
714
433
830
752
817
491
1384
321
975
1042
843
718
1356
280
463
734
1001
608
571
1073
1264
1185
209
1479
919
467
854
1299
795
1335
1419
431
545
611
636
512
1004
1420
1015
462
875
1184
578
663
531
395
468
668
845
826
363
1432
549
1127
591
844
1521
699
649
867
207
750
514
1358
1025
366
222
412
406
865
423
907
516
1309
1257
297
317
792
77
369
785
760
1457
492
802
558
1248
1188
796
581
1338
704
1355
1379
377
1424
232
701
1460
1523
1130
743
671
419
635
3
965
738
1183
878
651
700
539
1329
1198
1258
732
1163
507
559
904
773
1067
946
1410
762
966
603
1297
532
652
1504
1330
757
551
248
1027
275
1148
1332
1453
749
896
677
985
1325
1422
876
1019
717
361
1391
856
673
1104
776
25
1199
94
348
1100
250
354
731
872
846
633
688
1170
1108
720
881
1143
1090
916
820
702
1572
199
1244
988
163
1118
1086
1590
233
1179
544
780
542
805
1136
978
1003
922
979
808
1459
707
1237
898
1099
1305
1098
1360
1585
86
1239
801
599
464
998
971
1594
774
994
1045
1400
569
1016
674
739
648
789
1318
676
836
1268
307
921
1134
1033
1534
1581
1171
529
14
114
1007
1111
1382
1491
910
1402
1577
1063
341
1106
1064
1365
933
1233
840
1203
1333
1263
1225
1597
200
557
487
1463
1286
716
758
982
432
619
765
504
536
853
1373
1293
401
932
1500
20
1456
490
1378
358
522
745
376
657
1006
992
484
1474
1137
987
1079
589
1227
746
1279
909
1051
1228
848
821
1501
46
315
442
1454
336
1381
827
1411
1524
53
901
190
1393
995
794
1307
1483
1519
1518
782
1438
1032
1235
318
427
1291
1339
407
724
1290
1121
1024
1131
1181
1030
139
877
1353
440
1444
1302
415
736
1217
884
453
883
727
1478
858
1208
949
1270
786
81
1222
1050
1564
912
885
955
1344
694
483
1231
1442
753
446
1153
1205
1151
942
1546
388
627
436
1266
1084
1569
1301
1075
1200
1446
1494
1316
1008
1517
931
1346
1210
893
831
1092
1473
637
1157
1186
1477
1284
1392
1232
1503
943
329
1147
1294
1547
1357
903
458
1252
1048
1269
1303
349
1334
1421
1216
1567
1506
871
950
868
806
1490
917
974
1105
993
892
1319
1047
98
465
579
1095
866
1122
1401
1298
1404
839
1046
769
573
1372
1538
1146
1439
1255
977
797
1011
422
1405
1561
1036
1511
1531
298
1194
593
1172
1177
1173
662
141
715
1212
1166
1370
1566
451
1565
502
923
1037
1487
1386
1413
1425
1579
554
1059
945
991
1116
742
929
927
818
595
1326
706
1088
519
1429
761
1435
1174
252
1080
584
1498
1549
764
890
956
1261
1276
1427
1313
874
1354
1445
1397
902
1071
1162
1347
833
1190
1598
1448
829
959
1058
1271
568
601
1426
1223
324
1513
1574
1097
1430
1516
962
1164
517
1580
598
1323
1062
1396
1530
240
610
1021
767
1341
1054
1352
506
967
1466
947
1280
1359
1452
1467
1340
1578
1508
1288
741
1133
1369
937
855
1394
1283
1055
1142
1544
1202
1443
470
926
1462
784
964
1522
1085
1484
740
1495
1550
1482
670
1247
612
984
1529
1249
980
1455
1374
1539
1026
1366
1221
924
1583
1563
1349
1398
1129
1492
1295
690
1562
1507
1289
1461
1450
1497
1362
799
588
1532
1434
1226
1367
1250
721
1213
1159
1331
154
1464
1029
1306
1573
351
1526
1109
1251
1465
787
1273
117
1541
1576
1441
722
211
723
1596
1182
1409
1168
1515
1158
1469
691
1277
1376
1407
1191
1552
1471
656
1556
1399
625
1234
1038
1559
441
1060
1327
17
1509
1275
1267
1599
766
1371
620
597
811
1336
301
1389
1496
1013
1238
1368
983
1403
1592
1476
1586
1377
1571
737
1584
509
968
1440
1145
1229
1207
1570
1415
1575
807
1527
1138
1160
1034
1428
1230
1296
1292
437
583
1588
1348
1040
1408
615
1560
1436
1593
1417
1240
793
1528
954
310
1537
918
1493
1557
1000
1328
1553
1568
1087
1416
1542
1510
666
521
1072
1472
1023
1282
1555
1209
1595
712
1028
1315
1274
585
1554
1150
1499
999
1187
1069
1551
1514
1260
1488
1364
941
1423
1300
1383
873
647
1096
1489
1169
1350
1278
755
1387
934
1363
1053
1061
914
1548
1091
1475
1361
1089
1481
1310
768
1589
1324
1128
1265
1536
658
1412
1211
1545
1206
1458
1582
1447
279
1433
1161
1431
1414
1014
1123
1102
1167
1201
1470
1125
1543
895
1512
1214
1081
1126
790
311
930
814
1017
1502
1311
850
928
1342
1156
1558
1520
1253
1068
1178
1218
1285
1385
1144
1587
1535
1243
1343
1056
447
1591
443
1083
726
905
935
1505
639
1039
1066
1395
1375
1468
646
1236
15 19 [0]
11 24 [0]
8 38 [0]
21 33 [0]
26 48 [0]
38 42 [1]
26 60 [0]
42 52 [0]
0 95 [0]
34 64 [0]
23 82 [0]
27 83 [0]
49 62 [0]
7 107 [0]
39 78 [0]
5 113 [0]
10 116 [0]
14 114 [0]
73 74 [0]
60 93 [0]
61 96 [0]
60 99 [6]
16 146 [0]
22 145 [0]
76 95 [0]
42 132 [0]
35 140 [0]
45 131 [0]
38 138 [0]
70 118 [0]
7 183 [1]
16 177 [0]
47 150 [0]
65 146 [0]
68 144 [0]
38 175 [1]
37 178 [0]
0 215 [0]
106 111 [0]
87 135 [0]
92 135 [0]
96 135 [1]
68 164 [0]
13 220 [0]
16 208 [10]
7 227 [0]
90 147 [0]
1 241 [0]
4 241 [1]
89 157 [0]
124 125 [0]
24 227 [0]
89 170 [0]
128 136 [0]
72 196 [0]
12 262 [0]
115 159 [0]
26 246 [3]
125 152 [0]
85 192 [0]
93 187 [0]
34 249 [0]
137 147 [1]
80 205 [0]
132 158 [0]
12 279 [1]
30 262 [0]
100 201 [0]
27 273 [4]
4 302 [0]
38 268 [1]
61 245 [0]
47 261 [0]
30 278 [0]
155 161 [0]
24 291 [3]
104 215 [0]
132 184 [3]
121 202 [0]
44 281 [0]
55 271 [0]
156 171 [0]
79 241 [9]
39 291 [0]
113 211 [8]
15 321 [1]
119 218 [0]
28 314 [0]
119 224 [0]
47 286 [10]
118 225 [0]
83 261 [0]
167 182 [0]
100 249 [0]
21 335 [0]
46 315 [0]
87 274 [0]
111 248 [2]
120 245 [0]
35 332 [0]
150 218 [0]
165 204 [0]
95 273 [4]
33 340 [0]
101 274 [0]
57 319 [0]
50 327 [0]
85 293 [0]
63 316 [0]
102 277 [0]
167 219 [0]
62 318 [7]
133 256 [0]
143 246 [0]
100 286 [3]
113 278 [0]
12 380 [0]
67 327 [0]
72 322 [0]
156 239 [1]
11 385 [0]
168 229 [0]
174 223 [0]
89 301 [8]
66 333 [0]
110 289 [0]
93 308 [1]
56 346 [0]
183 220 [2]
197 210 [0]
123 285 [0]
188 221 [0]
140 271 [0]
9 403 [0]
18 394 [0]
45 367 [0]
201 212 [0]
84 330 [0]
131 285 [1]
87 325 [9]
72 350 [1]
101 321 [1]
127 295 [0]
72 348 [3]
60 357 [6]
133 282 [9]
99 328 [0]
11 417 [1]
183 251 [0]
166 269 [0]
92 343 [0]
194 243 [0]
94 348 [0]
43 400 [0]
179 264 [0]
77 369 [0]
162 286 [0]
204 244 [0]
187 259 [3]
80 359 [10]
159 292 [1]
149 303 [0]
158 296 [1]
186 262 [6]
184 271 [1]
136 315 [7]
75 384 [0]
52 408 [0]
223 227 [10]
134 327 [1]
70 392 [1]
66 397 [0]
65 402 [0]
216 241 [10]
57 412 [3]
228 244 [0]
113 351 [8]
231 241 [0]
169 305 [0]
142 333 [0]
46 422 [10]
27 456 [0]
9 476 [1]
85 396 [6]
102 387 [0]
52 431 [7]
197 293 [1]
189 302 [0]
50 444 [0]
194 300 [0]
57 439 [1]
210 288 [0]
30 461 [9]
49 452 [0]
107 397 [0]
172 334 [0]
145 364 [0]
164 345 [1]
33 476 [1]
11 497 [6]
136 375 [3]
0 516 [1]
129 387 [0]
144 374 [0]
87 426 [6]
148 373 [0]
187 335 [0]
257 266 [0]
124 400 [0]
18 507 [1]
56 458 [11]
29 499 [0]
160 370 [0]
151 380 [1]
30 502 [1]
256 277 [0]
101 435 [0]
83 449 [4]
182 357 [0]
164 369 [7]
67 474 [0]
1 541 [0]
14 529 [0]
88 455 [0]
54 489 [0]
126 418 [0]
27 518 [1]
186 359 [0]
18 528 [1]
156 386 [4]
36 510 [0]
138 399 [10]
267 283 [0]
223 328 [0]
174 379 [0]
263 291 [0]
269 289 [1]
202 356 [0]
152 406 [4]
201 357 [4]
98 465 [0]
183 381 [0]
170 384 [10]
110 455 [0]
93 475 [1]
182 386 [0]
255 314 [0]
62 500 [10]
54 523 [0]
136 444 [1]
126 454 [0]
241 341 [1]
44 538 [0]
175 408 [0]
6 577 [0]
21 561 [1]
222 366 [0]
71 518 [0]
243 346 [0]
138 452 [0]
49 541 [1]
142 449 [0]
203 390 [0]
211 379 [4]
49 543 [3]
268 328 [1]
234 364 [0]
167 430 [1]
205 393 [0]
51 548 [0]
35 565 [1]
58 546 [0]
250 354 [0]
203 404 [0]
70 537 [0]
147 461 [0]
71 528 [10]
62 547 [0]
9 598 [2]
232 380 [1]
277 335 [1]
16 587 [9]
185 429 [0]
272 342 [0]
297 317 [0]
272 344 [0]
215 393 [9]
104 514 [1]
236 383 [0]
211 400 [9]
10 613 [1]
292 331 [0]
32 594 [0]
282 344 [0]
2 624 [0]
15 612 [1]
83 547 [1]
11 609 [10]
268 362 [0]
27 600 [4]
112 520 [0]
231 402 [0]
245 384 [5]
222 412 [0]
69 566 [0]
136 501 [0]
281 357 [0]
18 613 [7]
3 635 [0]
308 328 [2]
115 525 [0]
218 422 [1]
285 355 [0]
85 553 [3]
177 455 [9]
83 559 [1]
52 580 [10]
29 614 [0]
68 572 [3]
287 356 [0]
170 474 [0]
289 356 [1]
250 390 [7]
22 626 [1]
133 515 [0]
80 570 [0]
202 444 [4]
123 528 [0]
196 456 [0]
217 435 [1]
69 573 [11]
36 618 [0]
55 600 [0]
104 552 [1]
295 356 [6]
76 582 [0]
270 389 [0]
66 590 [3]
97 562 [0]
90 570 [0]
308 352 [0]
130 530 [0]
323 338 [0]
129 533 [0]
273 390 [0]
227 438 [1]
237 428 [0]
74 592 [0]
119 547 [1]
261 399 [6]
59 607 [0]
78 584 [4]
293 374 [0]
198 472 [0]
22 651 [1]
255 407 [11]
78 596 [0]
109 565 [0]
202 470 [2]
294 382 [0]
69 607 [0]
24 653 [1]
337 340 [0]
273 405 [0]
230 448 [0]
263 418 [0]
305 370 [6]
223 455 [3]
289 393 [0]
325 357 [1]
265 417 [0]
99 586 [0]
171 515 [0]
290 398 [0]
164 525 [0]
238 454 [0]
300 392 [0]
217 476 [0]
15 679 [0]
305 390 [1]
87 602 [9]
173 525 [0]
21 678 [1]
129 563 [10]
82 621 [1]
323 383 [0]
59 644 [3]
57 650 [0]
108 600 [0]
71 631 [6]
285 419 [5]
63 637 [11]
272 433 [7]
168 545 [1]
8 705 [0]
235 479 [0]
337 377 [1]
164 551 [2]
185 537 [0]
112 600 [10]
343 380 [0]
219 505 [0]
260 466 [0]
7 722 [1]
251 478 [0]
185 542 [3]
71 660 [0]
105 618 [9]
306 426 [0]
212 521 [1]
126 603 [4]
73 660 [0]
15 712 [6]
239 495 [0]
30 701 [3]
322 412 [1]
337 399 [1]
121 606 [9]
182 553 [3]
220 509 [9]
274 456 [8]
237 502 [1]
237 503 [0]
141 592 [8]
206 535 [0]
176 567 [0]
280 463 [0]
318 427 [0]
285 460 [1]
106 640 [0]
170 577 [1]
319 429 [0]
57 682 [10]
362 388 [1]
80 663 [7]
334 417 [0]
119 636 [1]
338 418 [1]
65 689 [3]
315 442 [0]
247 510 [0]
368 390 [1]
203 554 [2]
217 539 [3]
126 626 [7]
226 534 [0]
131 630 [0]
75 686 [0]
362 393 [7]
123 635 [5]
142 622 [1]
87 674 [3]
273 483 [8]
149 616 [0]
134 632 [0]
323 443 [1]
94 674 [1]
110 658 [1]
183 585 [1]
278 483 [7]
47 720 [3]
52 720 [1]
294 478 [0]
289 481 [3]
82 692 [0]
335 435 [4]
159 616 [0]
314 456 [6]
171 603 [3]
217 560 [0]
228 550 [0]
134 644 [0]
151 631 [0]
37 743 [2]
232 547 [3]
373 410 [0]
203 574 [6]
307 474 [3]
11 775 [1]
7 768 [11]
264 520 [2]
287 501 [0]
196 585 [7]
0 790 [1]
135 652 [3]
111 680 [0]
375 416 [0]
368 424 [0]
138 651 [3]
121 672 [0]
212 582 [0]
23 771 [0]
299 497 [0]
340 450 [6]
85 712 [1]
92 696 [9]
148 648 [2]
373 424 [1]
248 551 [0]
69 728 [2]
146 654 [1]
9 791 [0]
280 514 [6]
25 776 [0]
148 653 [0]
342 459 [0]
151 651 [1]
278 517 [7]
116 687 [0]
365 438 [0]
141 662 [0]
237 567 [1]
171 623 [10]
287 510 [9]
157 650 [0]
74 735 [1]
276 533 [0]
391 420 [0]
281 529 [2]
158 655 [0]
196 610 [7]
66 747 [1]
398 417 [0]
332 481 [3]
391 425 [0]
406 412 [0]
249 570 [1]
31 788 [0]
122 697 [0]
372 448 [0]
268 548 [5]
123 697 [1]
182 633 [7]
69 745 [8]
66 750 [7]
339 485 [0]
157 661 [6]
131 687 [7]
323 503 [1]
164 658 [4]
0 824 [3]
347 481 [0]
354 466 [8]
197 626 [5]
172 649 [8]
56 772 [2]
135 684 [11]
267 563 [0]
79 751 [0]
28 804 [0]
338 492 [2]
72 758 [3]
107 721 [5]
181 655 [0]
234 602 [0]
183 655 [1]
332 506 [1]
123 718 [1]
140 692 [10]
205 637 [2]
345 499 [0]
335 510 [1]
63 784 [1]
193 654 [0]
408 442 [1]
240 610 [0]
314 535 [1]
90 758 [2]
327 521 [2]
9 842 [1]
88 763 [0]
184 667 [0]
325 527 [0]
187 666 [1]
393 457 [3]
96 759 [0]
312 543 [0]
337 518 [0]
175 680 [0]
325 530 [0]
141 715 [0]
192 664 [0]
316 540 [0]
344 504 [8]
370 488 [0]
190 660 [8]
333 526 [1]
277 576 [6]
159 697 [3]
136 717 [7]
177 677 [7]
357 505 [0]
99 764 [1]
233 630 [1]
263 600 [1]
424 439 [0]
395 468 [0]
147 709 [8]
309 555 [0]
201 658 [5]
66 797 [2]
73 794 [1]
81 786 [0]
124 743 [1]
105 763 [0]
238 630 [0]
135 734 [1]
430 439 [0]
77 792 [0]
59 799 [11]
1 860 [9]
102 766 [2]
135 736 [1]
75 787 [9]
169 703 [0]
311 555 [6]
359 512 [2]
40 834 [0]
11 861 [3]
134 742 [1]
168 708 [0]
381 498 [0]
304 576 [0]
358 522 [0]
365 516 [1]
177 705 [0]
80 795 [7]
192 691 [1]
187 695 [1]
221 660 [3]
371 513 [0]
260 626 [0]
193 693 [0]
313 574 [0]
115 773 [1]
232 655 [2]
47 839 [3]
185 705 [0]
234 653 [3]
293 593 [5]
304 587 [0]
10 874 [9]
193 701 [1]
56 837 [2]
426 471 [0]
29 858 [11]
425 473 [0]
27 868 [3]
399 500 [0]
63 837 [0]
26 867 [7]
263 635 [4]
445 457 [0]
91 813 [0]
102 798 [4]
36 866 [2]
226 679 [0]
288 617 [0]
271 633 [2]
433 471 [2]
249 658 [1]
272 636 [1]
361 548 [1]
179 730 [0]
149 765 [1]
386 528 [1]
259 655 [1]
38 879 [1]
137 781 [0]
148 771 [1]
109 812 [0]
40 882 [0]
224 698 [0]
147 774 [2]
385 538 [0]
37 887 [0]
52 868 [5]
166 759 [0]
128 798 [0]
395 531 [0]
222 705 [1]
303 614 [10]
119 807 [2]
79 842 [7]
241 681 [6]
212 712 [5]
113 815 [1]
396 535 [0]
196 734 [1]
299 634 [0]
167 764 [2]
232 701 [0]
211 722 [0]
140 796 [1]
293 643 [1]
295 641 [0]
124 805 [8]
254 684 [0]
347 582 [10]
33 907 [1]
2 938 [0]
255 686 [0]
411 530 [1]
238 699 [4]
131 804 [7]
194 749 [1]
181 763 [0]
347 598 [1]
45 901 [1]
97 849 [0]
46 890 [10]
397 546 [3]
83 863 [1]
323 618 [6]
249 695 [3]
422 525 [2]
461 489 [1]
176 777 [0]
53 901 [0]
378 577 [0]
186 770 [0]
455 494 [7]
207 750 [0]
428 530 [1]
43 915 [0]
397 562 [1]
452 507 [1]
48 913 [0]
208 756 [0]
10 946 [8]
356 609 [1]
270 696 [0]
334 633 [1]
303 664 [0]
221 747 [0]
3 965 [0]
389 580 [0]
413 556 [0]
10 961 [1]
128 844 [1]
151 821 [1]
176 796 [1]
454 511 [7]
459 513 [0]
87 879 [6]
294 671 [8]
362 612 [1]
24 943 [8]
310 660 [5]
431 545 [0]
333 639 [4]
186 787 [4]
72 904 [1]
131 848 [1]
6 973 [0]
342 631 [8]
372 609 [0]
489 493 [0]
386 586 [10]
274 709 [1]
459 518 [6]
359 624 [0]
134 850 [1]
273 712 [1]
94 892 [1]
375 609 [2]
118 865 [3]
43 944 [1]
445 542 [1]
43 934 [10]
333 644 [10]
67 919 [1]
426 562 [0]
276 713 [0]
100 888 [1]
174 816 [1]
68 923 [1]
247 744 [0]
85 907 [1]
357 627 [8]
238 746 [8]
489 504 [1]
393 601 [1]
48 935 [11]
59 931 [5]
433 562 [2]
468 527 [2]
149 847 [3]
355 644 [0]
148 845 [7]
411 590 [0]
266 735 [0]
255 747 [1]
305 698 [0]
337 661 [6]
193 804 [7]
405 600 [0]
189 816 [0]
188 818 [1]
184 822 [0]
385 621 [1]
49 948 [10]
62 937 [8]
179 829 [1]
138 867 [3]
277 726 [5]
162 847 [0]
51 961 [0]
505 506 [2]
75 938 [1]
139 877 [0]
241 775 [1]
44 968 [5]
411 599 [8]
79 931 [8]
237 782 [1]
360 661 [0]
437 580 [4]
93 929 [1]
342 680 [1]
23 992 [8]
142 875 [7]
186 837 [1]
387 632 [6]
435 584 [7]
101 922 [3]
164 861 [1]
12 1008 [7]
350 678 [0]
84 944 [0]
214 815 [0]
198 832 [0]
362 669 [0]
227 803 [1]
432 592 [7]
79 953 [0]
376 657 [0]
63 971 [1]
338 696 [0]
335 700 [1]
485 551 [1]
213 824 [0]
179 854 [4]
92 944 [1]
517 518 [2]
359 679 [1]
133 906 [1]
471 568 [1]
196 844 [1]
169 862 [10]
68 974 [1]
499 543 [1]
404 638 [0]
173 870 [0]
149 891 [3]
201 843 [1]
465 579 [0]
498 546 [0]
387 646 [11]
487 557 [0]
80 959 [5]
175 860 [10]
151 888 [7]
168 871 [9]
196 853 [1]
439 610 [1]
432 619 [0]
153 899 [0]
64 989 [0]
419 635 [0]
219 833 [2]
257 787 [10]
92 955 [7]
87 965 [3]
345 711 [0]
474 583 [1]
121 938 [1]
511 548 [0]
284 775 [0]
256 804 [1]
367 693 [0]
178 882 [0]
108 953 [0]
505 553 [3]
60 1002 [1]
436 627 [0]
464 599 [0]
447 607 [9]
56 1009 [0]
370 693 [2]
411 654 [0]
507 559 [0]
359 702 [5]
478 579 [11]
45 1018 [5]
234 837 [1]
346 715 [11]
137 927 [9]
207 867 [0]
379 688 [8]
403 672 [0]
511 564 [0]
418 658 [1]
123 952 [1]
253 825 [0]
8 1062 [8]
361 717 [0]
389 688 [2]
80 1000 [1]
134 947 [1]
280 802 [1]
23 1055 [4]
18 1056 [9]
399 685 [0]
44 1032 [8]
267 812 [5]
34 1041 [10]
354 731 [0]
135 940 [10]
7 1079 [1]
325 759 [2]
356 729 [1]
231 848 [7]
6 1081 [1]
192 888 [7]
356 724 [7]
392 697 [0]
297 792 [0]
162 928 [1]
419 671 [0]
510 581 [1]
242 849 [0]
190 901 [0]
10 1082 [0]
195 897 [0]
121 968 [5]
32 1051 [11]
474 612 [8]
118 978 [1]
455 631 [10]
287 811 [1]
494 604 [0]
477 621 [0]
22 1078 [0]
39 1062 [1]
501 600 [0]
330 772 [0]
494 609 [0]
540 563 [0]
4 1101 [0]
215 886 [6]
137 970 [0]
195 913 [0]
246 862 [0]
466 642 [0]
164 943 [2]
316 791 [3]
350 755 [6]
342 763 [6]
101 1011 [1]
160 952 [0]
542 560 [11]
68 1046 [1]
410 705 [1]
92 1026 [0]
198 917 [4]
410 709 [0]
45 1070 [5]
367 749 [4]
114 1007 [0]
376 745 [0]
295 821 [5]
378 744 [0]
322 800 [0]
314 799 [9]
296 828 [0]
479 645 [0]
59 1065 [0]
216 908 [0]
128 997 [0]
132 990 [3]
486 640 [0]
80 1047 [0]
151 976 [0]
164 953 [10]
438 689 [0]
399 724 [5]
10 1119 [0]
450 680 [0]
407 724 [0]
129 1001 [1]
515 617 [0]
109 1017 [6]
473 656 [4]
380 750 [3]
164 971 [0]
188 940 [7]
106 1030 [0]
468 668 [0]
518 611 [7]
164 973 [0]
333 800 [4]
120 1018 [0]
435 703 [0]
486 653 [0]
107 1025 [7]
430 701 [8]
177 964 [0]
452 686 [3]
501 633 [7]
99 1041 [2]
76 1061 [5]
42 1101 [0]
434 709 [0]
553 590 [0]
114 1030 [0]
6 1133 [5]
322 812 [10]
98 1047 [0]
185 960 [0]
283 862 [0]
476 669 [0]
239 906 [0]
385 758 [2]
393 753 [0]
157 982 [7]
251 884 [11]
205 940 [1]
103 1044 [0]
160 979 [8]
433 714 [0]
398 739 [11]
512 636 [0]
412 738 [0]
454 696 [0]
415 736 [0]
32 1119 [0]
163 988 [0]
81 1065 [5]
475 678 [0]
369 785 [0]
567 587 [0]
560 594 [0]
499 653 [3]
545 611 [0]
6 1141 [10]
27 1124 [6]
124 1036 [0]
303 857 [0]
323 830 [7]
507 650 [3]
261 900 [0]
203 954 [5]
381 784 [0]
382 783 [0]
430 724 [11]
546 620 [0]
247 917 [2]
318 837 [11]
328 837 [2]
273 895 [0]
356 812 [0]
500 667 [1]
331 838 [0]
568 601 [0]
139 1030 [0]
459 710 [1]
79 1092 [0]
575 596 [0]
220 952 [0]
425 747 [2]
33 1142 [0]
165 1010 [0]
249 926 [0]
126 1040 [9]
455 714 [7]
239 926 [11]
395 782 [0]
433 744 [0]
527 643 [7]
483 694 [0]
13 1165 [0]
571 608 [0]
444 734 [1]
49 1125 [5]
268 911 [0]
402 775 [3]
226 945 [9]
370 803 [7]
16 1165 [0]
382 795 [4]
532 652 [0]
66 1121 [0]
521 666 [0]
38 1150 [0]
378 809 [1]
390 788 [10]
3 1186 [0]
363 826 [0]
508 681 [0]
192 1000 [0]
172 1014 [6]
390 803 [0]
531 663 [0]
92 1103 [0]
327 859 [10]
234 963 [0]
463 734 [0]
364 823 [10]
485 703 [9]
257 940 [0]
378 818 [2]
155 1043 [0]
293 906 [0]
446 753 [0]
359 829 [11]
313 886 [0]
384 807 [9]
343 856 [3]
431 761 [10]
282 920 [0]
355 845 [2]
390 805 [7]
574 629 [0]
106 1094 [3]
449 754 [0]
504 692 [8]
385 820 [0]
493 707 [5]
430 776 [0]
104 1095 [7]
368 838 [0]
178 1030 [0]
19 1189 [0]
337 865 [7]
146 1064 [0]
169 1041 [0]
71 1131 [8]
479 729 [2]
350 861 [0]
530 670 [11]
236 976 [0]
269 944 [0]
551 661 [2]
121 1094 [0]
578 636 [1]
148 1062 [5]
45 1166 [4]
375 841 [0]
469 744 [3]
547 669 [1]
597 620 [0]
183 1026 [9]
430 780 [8]
313 899 [7]
308 911 [0]
450 770 [0]
171 1046 [3]
128 1087 [5]
468 753 [0]
0 1222 [0]
179 1034 [9]
179 1032 [11]
283 938 [1]
201 1022 [0]
45 1169 [9]
405 819 [0]
25 1199 [0]
196 1021 [7]
187 1039 [0]
140 1076 [10]
562 655 [10]
113 1113 [1]
307 921 [0]
258 970 [0]
151 1068 [9]
383 843 [2]
198 1032 [0]
36 1193 [1]
127 1103 [0]
592 638 [0]
371 860 [0]
396 835 [0]
547 684 [0]
598 627 [6]
246 978 [8]
228 1002 [2]
229 1005 [0]
347 889 [0]
498 733 [5]
126 1102 [10]
254 977 [7]
431 797 [10]
378 855 [5]
38 1201 [0]
537 696 [6]
539 700 [0]
162 1078 [0]
425 811 [4]
568 661 [11]
578 663 [0]
402 831 [8]
130 1112 [0]
347 884 [11]
389 854 [0]
254 989 [0]
158 1086 [0]
277 966 [3]
284 963 [0]
370 866 [11]
611 636 [0]
219 1017 [11]
292 957 [0]
15 1235 [0]
158 1092 [0]
65 1177 [8]
473 777 [0]
241 1010 [0]
567 685 [0]
501 745 [7]
61 1184 [8]
626 628 [0]
48 1199 [7]
238 1017 [0]
613 643 [0]
47 1202 [7]
332 925 [0]
308 944 [5]
121 1130 [7]
590 669 [0]
537 715 [7]
171 1083 [5]
302 950 [9]
599 657 [5]
36 1217 [8]
181 1077 [3]
580 681 [0]
304 951 [7]
430 832 [0]
433 830 [0]
310 954 [0]
514 750 [0]
326 939 [0]
356 909 [0]
599 666 [0]
293 965 [7]
365 895 [6]
602 665 [0]
522 745 [0]
46 1212 [10]
474 788 [6]
137 1122 [9]
197 1063 [8]
18 1251 [0]
504 765 [0]
340 922 [7]
446 825 [0]
606 665 [0]
406 865 [0]
562 710 [0]
101 1164 [7]
329 943 [0]
591 680 [2]
607 667 [0]
547 728 [0]
390 886 [0]
580 689 [7]
339 938 [0]
314 964 [0]
300 975 [5]
203 1074 [3]
163 1118 [0]
614 667 [0]
499 783 [0]
113 1168 [2]
386 897 [0]
528 756 [0]
389 890 [5]
444 834 [6]
472 801 [11]
359 926 [0]
191 1094 [0]
479 803 [4]
144 1143 [0]
150 1134 [3]
31 1256 [0]
423 865 [0]
15 1274 [0]
512 777 [0]
533 756 [0]
289 992 [8]
352 939 [0]
57 1235 [0]
124 1168 [0]
256 1036 [0]
555 737 [0]
631 661 [0]
472 814 [6]
29 1258 [5]
94 1199 [0]
92 1194 [7]
593 698 [3]
344 945 [5]
492 802 [0]
633 654 [8]
99 1187 [9]
321 975 [0]
630 665 [1]
253 1044 [0]
24 1274 [0]
366 932 [0]
201 1090 [7]
223 1070 [5]
42 1259 [0]
460 841 [0]
227 1067 [7]
536 765 [0]
275 1027 [0]
81 1222 [0]
537 767 [0]
471 834 [0]
338 961 [7]
72 1236 [0]
491 817 [0]
551 757 [0]
498 803 [7]
141 1166 [1]
561 748 [0]
148 1162 [0]
629 681 [0]
515 790 [5]
149 1154 [7]
91 1219 [0]
59 1252 [0]
503 808 [0]
254 1051 [7]
576 731 [5]
95 1209 [8]
87 1224 [2]
380 926 [7]
551 763 [0]
568 741 [6]
295 1018 [2]
58 1259 [0]
62 1245 [10]
5 1312 [0]
511 807 [0]
103 1215 [0]
577 739 [2]
467 854 [0]
428 894 [0]
627 694 [1]
542 780 [0]
287 1036 [0]
479 844 [0]
655 659 [10]
544 780 [0]
71 1254 [0]
431 889 [5]
86 1239 [0]
500 826 [0]
346 975 [5]
5 1322 [0]
632 691 [4]
471 854 [2]
224 1102 [2]
104 1224 [0]
186 1135 [7]
498 826 [4]
409 920 [0]
400 922 [8]
423 907 [0]
461 870 [0]
464 867 [0]
228 1104 [0]
337 995 [0]
541 791 [0]
623 703 [6]
252 1080 [0]
60 1272 [1]
401 932 [0]
42 1291 [0]
369 964 [0]
229 1095 [9]
507 819 [7]
482 851 [0]
60 1271 [2]
496 837 [0]
524 810 [0]
526 809 [0]
231 1094 [10]
629 704 [2]
33 1303 [0]
287 1049 [0]
453 883 [0]
228 1102 [6]
453 884 [0]
634 703 [0]
73 1253 [11]
462 875 [0]
543 791 [3]
281 1055 [2]
40 1299 [0]
175 1165 [0]
403 937 [0]
488 852 [0]
188 1152 [0]
542 791 [7]
632 703 [6]
573 769 [0]
218 1121 [3]
618 725 [0]
34 1310 [0]
390 954 [0]
17 1327 [0]
1 1341 [2]
213 1132 [0]
242 1103 [0]
132 1205 [8]
500 843 [2]
2 1344 [0]
523 823 [0]
106 1229 [11]
535 810 [1]
86 1261 [0]
473 874 [0]
542 805 [0]
247 1092 [8]
66 1282 [0]
391 957 [0]
600 748 [0]
649 699 [0]
182 1164 [2]
382 967 [0]
177 1167 [5]
129 1221 [0]
250 1100 [0]
493 857 [0]
451 897 [2]
464 887 [0]
343 1000 [8]
100 1250 [2]
93 1252 [8]
6 1343 [4]
14 1336 [3]
671 674 [10]
503 847 [5]
334 1019 [3]
410 948 [0]
469 891 [0]
137 1219 [4]
558 802 [0]
600 758 [2]
667 688 [5]
375 986 [0]
458 903 [0]
666 699 [0]
550 813 [2]
5 1354 [7]
313 1052 [1]
430 930 [6]
418 950 [0]
420 948 [0]
321 1050 [0]
643 728 [0]
556 815 [0]
230 1141 [0]
596 776 [0]
132 1229 [11]
296 1077 [0]
484 889 [0]
147 1225 [2]
604 771 [0]
335 1033 [7]
390 978 [7]
39 1338 [0]
476 901 [0]
581 796 [0]
608 768 [1]
125 1253 [0]
333 1034 [11]
643 736 [0]
671 705 [3]
619 750 [10]
152 1223 [4]
467 907 [5]
480 900 [0]
140 1239 [2]
273 1103 [6]
259 1124 [0]
376 1006 [1]
619 765 [0]
439 938 [7]
327 1051 [7]
117 1259 [9]
187 1187 [11]
640 743 [2]
63 1323 [0]
467 919 [0]
312 1074 [0]
552 835 [0]
588 799 [0]
648 739 [0]
527 860 [0]
49 1336 [2]
634 754 [0]
212 1175 [1]
288 1101 [0]
519 870 [0]
561 828 [0]
590 795 [4]
166 1220 [3]
536 853 [0]
486 900 [3]
117 1273 [0]
506 884 [0]
259 1132 [0]
54 1332 [5]
366 1025 [0]
215 1177 [0]
1 1389 [2]
90 1292 [11]
209 1185 [0]
114 1277 [3]
561 834 [0]
130 1265 [0]
378 1017 [0]
465 929 [1]
34 1351 [10]
593 792 [10]
576 817 [2]
391 993 [11]
383 1007 [5]
470 926 [0]
195 1202 [0]
609 784 [4]
534 863 [0]
392 1001 [5]
543 850 [6]
162 1238 [0]
238 1162 [0]
599 801 [0]
647 754 [0]
682 719 [0]
550 851 [0]
9 1387 [5]
143 1259 [0]
418 980 [4]
341 1063 [0]
130 1275 [0]
469 936 [0]
260 1146 [0]
650 757 [0]
332 1065 [10]
214 1193 [0]
400 1008 [0]
360 1049 [0]
558 849 [2]
489 923 [0]
233 1179 [0]
78 1330 [4]
284 1129 [0]
595 818 [0]
671 743 [0]
224 1189 [1]
432 982 [0]
97 1317 [1]
420 989 [6]
216 1197 [2]
626 790 [0]
387 1020 [9]
374 1043 [0]
193 1218 [6]
192 1217 [8]
179 1230 [9]
34 1375 [11]
166 1244 [11]
497 925 [0]
376 1040 [6]
275 1148 [0]
516 907 [0]
11 1413 [0]
35 1389 [0]
394 1031 [0]
159 1256 [10]
502 923 [0]
517 907 [1]
172 1254 [0]
205 1215 [6]
252 1174 [0]
663 764 [0]
518 901 [8]
698 727 [3]
618 809 [1]
409 1020 [0]
524 905 [0]
31 1393 [5]
511 919 [0]
671 748 [11]
606 825 [0]
572 859 [0]
129 1295 [8]
422 1011 [0]
314 1116 [4]
575 859 [0]
591 844 [0]
191 1245 [0]
618 814 [4]
648 789 [0]
391 1044 [3]
323 1117 [0]
681 757 [2]
150 1291 [0]
152 1289 [0]
292 1146 [4]
127 1314 [1]
199 1244 [0]
226 1217 [0]
538 905 [0]
345 1089 [9]
93 1352 [0]
241 1204 [0]
537 908 [0]
425 1018 [2]
647 792 [6]
630 808 [8]
280 1157 [9]
348 1100 [0]
561 888 [0]
323 1119 [7]
225 1224 [0]
619 822 [8]
594 852 [4]
546 893 [11]
158 1293 [0]
360 1080 [11]
0 1444 [7]
42 1410 [0]
66 1387 [0]
567 886 [0]
258 1195 [0]
293 1156 [4]
208 1246 [0]
239 1215 [0]
575 872 [8]
230 1221 [4]
547 901 [7]
115 1341 [0]
245 1211 [0]
360 1096 [0]
379 1077 [0]
153 1304 [0]
461 991 [5]
266 1192 [0]
467 988 [3]
160 1299 [0]
33 1427 [0]
408 1048 [5]
464 998 [0]
78 1379 [5]
559 904 [0]
608 855 [0]
59 1394 [11]
54 1411 [0]
113 1352 [0]
97 1357 [11]
653 813 [0]
385 1082 [0]
478 980 [9]
220 1239 [8]
165 1292 [10]
156 1312 [0]
214 1254 [0]
530 934 [4]
28 1441 [0]
15 1455 [0]
195 1275 [0]
699 761 [10]
101 1368 [2]
65 1395 [11]
389 1083 [0]
104 1363 [5]
506 967 [0]
685 788 [0]
122 1351 [0]
101 1373 [0]
134 1340 [0]
716 758 [0]
337 1130 [7]
12 1459 [3]
732 743 [0]
329 1147 [0]
725 751 [0]
20 1456 [0]
119 1356 [1]
484 992 [0]
462 1015 [0]
381 1087 [9]
538 928 [11]
475 1002 [0]
274 1204 [0]
476 993 [9]
286 1192 [0]
633 846 [0]
307 1171 [1]
452 1021 [8]
28 1442 [11]
238 1245 [0]
385 1087 [11]
500 981 [2]
154 1331 [0]
430 1045 [11]
523 964 [0]
499 981 [7]
72 1413 [3]
413 1067 [8]
473 1016 [0]
710 779 [0]
44 1446 [0]
243 1247 [0]
288 1198 [4]
357 1132 [1]
478 1013 [0]
392 1100 [0]
325 1162 [5]
452 1033 [7]
683 810 [0]
66 1425 [2]
403 1091 [0]
568 926 [0]
399 1084 [11]
42 1451 [1]
129 1366 [0]
387 1108 [0]
74 1413 [8]
58 1438 [0]
616 878 [2]
7 1484 [5]
235 1262 [0]
259 1238 [0]
346 1151 [0]
602 890 [5]
118 1380 [0]
403 1095 [0]
548 946 [5]
520 976 [3]
185 1306 [8]
112 1388 [0]
447 1044 [9]
486 1015 [0]
36 1463 [2]
70 1425 [7]
327 1165 [10]
543 960 [0]
480 1014 [9]
239 1260 [4]
18 1486 [0]
24 1482 [0]
157 1346 [3]
102 1397 [7]
402 1097 [8]
567 938 [3]
123 1384 [2]
503 995 [11]
127 1383 [0]
695 816 [0]
541 962 [8]
555 957 [0]
739 769 [4]
141 1370 [1]
676 836 [0]
428 1080 [4]
497 1016 [0]
668 845 [0]
57 1453 [3]
197 1317 [0]
379 1126 [9]
450 1065 [0]
111 1405 [0]
649 867 [0]
512 1004 [0]
340 1177 [0]
160 1346 [11]
642 866 [9]
274 1244 [0]
426 1092 [0]
217 1290 [11]
424 1085 [9]
606 913 [0]
128 1390 [1]
20 1500 [0]
715 801 [4]
250 1262 [8]
578 941 [1]
702 820 [0]
357 1160 [5]
685 833 [4]
503 1015 [4]
37 1487 [0]
356 1168 [0]
667 857 [0]
92 1425 [7]
3 1522 [0]
672 852 [1]
327 1199 [0]
267 1253 [6]
628 899 [0]
173 1346 [8]
673 849 [5]
74 1452 [2]
673 856 [0]
651 878 [0]
412 1118 [0]
444 1086 [0]
216 1314 [0]
274 1249 [7]
410 1116 [5]
421 1110 [0]
623 908 [0]
290 1242 [0]
59 1462 [11]
10 1523 [0]
481 1052 [0]
281 1253 [0]
433 1092 [9]
50 1476 [8]
485 1049 [0]
48 1479 [7]
367 1168 [0]
344 1186 [5]
589 938 [8]
688 846 [0]
84 1447 [6]
614 920 [3]
241 1297 [0]
591 947 [0]
687 851 [0]
57 1479 [3]
572 968 [0]
429 1109 [2]
686 846 [8]
502 1037 [1]
50 1482 [8]
721 820 [0]
665 876 [2]
206 1337 [0]
744 792 [7]
220 1315 [9]
760 785 [0]
370 1170 [5]
726 810 [9]
46 1501 [0]
576 966 [5]
324 1223 [0]
203 1338 [7]
95 1454 [0]
689 861 [0]
524 1017 [9]
233 1316 [1]
37 1514 [0]
118 1433 [0]
567 979 [5]
19 1522 [10]
649 899 [4]
133 1414 [5]
67 1478 [7]
463 1080 [10]
461 1090 [2]
318 1235 [0]
759 784 [10]
297 1257 [0]
49 1498 [7]
693 859 [2]
725 821 [8]
343 1208 [3]
754 802 [0]
323 1223 [11]
55 1500 [2]
273 1276 [8]
550 1003 [5]
205 1351 [3]
205 1350 [4]
659 900 [0]
143 1413 [4]
304 1257 [0]
718 843 [0]
231 1331 [0]
29 1529 [4]
305 1253 [5]
582 979 [3]
215 1341 [8]
176 1389 [0]
694 871 [0]
244 1314 [7]
155 1411 [0]
647 919 [0]
113 1446 [7]
598 960 [9]
534 1025 [8]
167 1393 [8]
52 1517 [0]
179 1390 [0]
535 1034 [0]
752 817 [0]
683 886 [0]
603 966 [0]
134 1436 [0]
290 1280 [0]
599 971 [0]
65 1506 [0]
80 1491 [0]
266 1297 [8]
596 973 [3]
264 1308 [0]
692 879 [1]
541 1024 [7]
744 819 [9]
457 1115 [0]
677 896 [0]
717 856 [0]
178 1387 [9]
575 989 [10]
66 1506 [2]
208 1362 [4]
307 1268 [0]
356 1219 [0]
475 1100 [0]
371 1197 [7]
698 878 [0]
392 1178 [6]
474 1099 [3]
4 1563 [9]
53 1524 [0]
439 1130 [8]
600 978 [0]
766 812 [0]
551 1027 [0]
700 878 [0]
93 1479 [7]
344 1237 [0]
370 1200 [11]
165 1417 [0]
752 830 [0]
89 1488 [5]
190 1393 [0]
548 1027 [8]
518 1066 [0]
785 789 [10]
758 815 [11]
253 1332 [0]
569 1016 [0]
347 1229 [9]
645 940 [0]
729 857 [0]
698 882 [6]
11 1567 [8]
145 1443 [0]
291 1299 [0]
631 953 [6]
250 1341 [0]
34 1550 [8]
521 1072 [0]
247 1342 [4]
91 1491 [11]
484 1110 [0]
95 1492 [8]
20 1571 [6]
113 1476 [8]
547 1039 [11]
178 1416 [4]
446 1153 [0]
721 878 [0]
348 1250 [1]
227 1368 [5]
720 881 [0]
653 943 [5]
411 1191 [0]
714 888 [0]
731 872 [0]
770 833 [0]
274 1327 [2]
359 1239 [5]
417 1188 [0]
679 926 [0]
257 1342 [6]
225 1381 [0]
519 1088 [0]
751 848 [8]
120 1481 [6]
477 1122 [9]
331 1267 [10]
537 1065 [6]
719 889 [0]
608 1001 [0]
166 1444 [0]
637 970 [3]
348 1261 [1]
727 883 [0]
360 1247 [4]
524 1079 [8]
472 1139 [0]
480 1123 [9]
640 967 [5]
72 1541 [0]
520 1093 [0]
257 1347 [9]
554 1059 [0]
202 1412 [0]
562 1049 [3]
223 1385 [6]
780 835 [0]
346 1264 [5]
254 1358 [3]
263 1349 [4]
545 1072 [0]
798 819 [0]
168 1438 [11]
710 908 [0]
154 1464 [0]
113 1497 [8]
222 1397 [0]
562 1058 [0]
258 1358 [4]
591 1028 [1]
407 1207 [6]
809 812 [0]
80 1540 [1]
568 1054 [0]
572 1052 [0]
488 1133 [4]
264 1362 [0]
559 1067 [0]
600 1026 [0]
562 1060 [4]
695 923 [9]
228 1389 [10]
297 1325 [6]
698 931 [0]
61 1568 [1]
68 1558 [4]
642 980 [9]
167 1462 [2]
610 1021 [0]
403 1224 [4]
125 1497 [9]
543 1089 [0]
152 1480 [0]
611 1011 [10]
216 1417 [0]
216 1408 [9]
415 1217 [1]
121 1513 [0]
512 1122 [0]
575 1048 [11]
54 1576 [4]
158 1465 [11]
392 1243 [0]
120 1506 [9]
173 1460 [2]
280 1356 [0]
145 1483 [8]
239 1392 [5]
55 1576 [5]
460 1176 [0]
472 1153 [11]
563 1068 [6]
241 1385 [11]
301 1336 [0]
223 1410 [5]
459 1174 [5]
267 1373 [0]
182 1456 [2]
550 1079 [11]
692 948 [0]
622 1018 [0]
500 1141 [0]
645 985 [11]
548 1084 [9]
264 1368 [9]
365 1277 [0]
282 1358 [2]
665 978 [0]
602 1036 [5]
551 1092 [1]
220 1415 [9]
571 1073 [0]
661 984 [0]
749 896 [0]
161 1485 [0]
259 1379 [8]
565 1082 [0]
290 1358 [0]
410 1237 [2]
424 1216 [10]
496 1155 [0]
446 1205 [1]
687 963 [2]
349 1303 [0]
223 1424 [5]
576 1076 [0]
230 1414 [9]
164 1484 [5]
766 883 [6]
366 1288 [1]
232 1424 [0]
304 1343 [9]
455 1202 [0]
496 1161 [0]
669 988 [0]
500 1146 [11]
499 1147 [11]
763 891 [3]
94 1562 [1]
171 1487 [0]
192 1461 [5]
104 1552 [2]
186 1461 [11]
117 1541 [0]
540 1119 [0]
118 1540 [1]
173 1479 [7]
386 1272 [1]
592 1056 [11]
239 1416 [4]
146 1506 [8]
370 1291 [0]
677 985 [0]
450 1213 [0]
746 907 [10]
785 873 [6]
287 1378 [0]
189 1470 [6]
591 1064 [10]
699 956 [10]
719 947 [0]
402 1253 [11]
339 1325 [2]
479 1179 [8]
199 1469 [0]
589 1079 [0]
821 848 [0]
413 1248 [8]
507 1163 [0]
86 1585 [0]
189 1482 [0]
826 845 [0]
183 1477 [11]
631 1029 [11]
153 1512 [6]
505 1166 [2]
684 982 [7]
305 1369 [0]
579 1095 [0]
806 868 [0]
653 1017 [4]
496 1170 [8]
149 1523 [2]
91 1584 [0]
223 1453 [0]
549 1127 [0]
460 1217 [0]
142 1535 [0]
331 1338 [8]
531 1145 [1]
192 1485 [0]
468 1209 [0]
640 1026 [11]
773 904 [0]
416 1262 [0]
132 1542 [4]
260 1410 [8]
438 1241 [0]
786 893 [0]
541 1135 [3]
253 1415 [11]
525 1155 [0]
771 904 [5]
496 1178 [6]
444 1233 [3]
517 1164 [0]
467 1213 [1]
817 859 [5]
215 1464 [2]
708 970 [4]
291 1385 [6]
349 1334 [0]
415 1268 [0]
613 1070 [0]
385 1301 [0]
655 1031 [0]
222 1459 [6]
228 1460 [0]
466 1222 [0]
209 1479 [0]
157 1532 [0]
534 1155 [0]
204 1474 [11]
515 1169 [5]
583 1100 [6]
729 961 [0]
561 1128 [1]
312 1369 [9]
674 1016 [0]
537 1154 [0]
101 1588 [2]
480 1200 [11]
552 1140 [0]
232 1460 [0]
413 1281 [0]
842 852 [0]
401 1293 [0]
450 1239 [5]
478 1215 [1]
197 1498 [0]
409 1286 [0]
418 1266 [11]
402 1286 [7]
203 1486 [6]
695 1002 [0]
728 969 [0]
477 1220 [0]
493 1197 [7]
210 1488 [0]
478 1220 [0]
503 1196 [0]
564 1135 [0]
463 1226 [10]
529 1171 [0]
494 1204 [2]
403 1295 [2]
510 1191 [0]
436 1266 [0]
673 1018 [11]
738 965 [0]
153 1551 [0]
776 929 [0]
321 1384 [0]
343 1363 [0]
817 889 [0]
709 997 [0]
362 1336 [10]
136 1568 [5]
494 1206 [9]
343 1367 [0]
458 1252 [0]
561 1143 [6]
780 919 [11]
523 1185 [2]
823 887 [0]
793 919 [1]
125 1577 [11]
379 1329 [5]
371 1335 [7]
454 1260 [0]
515 1199 [0]
710 993 [11]
198 1506 [10]
483 1231 [0]
401 1313 [1]
650 1063 [3]
174 1543 [0]
415 1302 [0]
605 1112 [0]
336 1381 [0]
184 1534 [0]
846 872 [0]
591 1127 [0]
337 1376 [5]
766 953 [0]
851 864 [4]
287 1430 [2]
264 1456 [0]
528 1192 [0]
800 919 [1]
367 1349 [4]
290 1422 [8]
848 861 [11]
768 953 [0]
548 1167 [6]
203 1511 [8]
128 1595 [0]
175 1548 [0]
544 1179 [0]
403 1315 [5]
365 1349 [9]
462 1254 [8]
831 893 [0]
279 1447 [0]
299 1420 [7]
480 1246 [0]
230 1492 [4]
406 1317 [4]
762 966 [0]
191 1528 [9]
613 1104 [11]
672 1054 [2]
437 1292 [0]
627 1097 [6]
336 1393 [1]
448 1283 [0]
359 1363 [9]
801 929 [1]
384 1349 [0]
399 1329 [5]
684 1050 [0]
291 1433 [10]
422 1302 [10]
177 1558 [0]
659 1076 [0]
757 976 [2]
734 1001 [0]
132 1592 [11]
358 1378 [0]
820 916 [0]
503 1222 [11]
493 1241 [2]
717 1019 [0]
723 1009 [4]
207 1529 [1]
629 1109 [0]
668 1069 [1]
276 1456 [7]
220 1520 [0]
411 1329 [0]
758 982 [0]
258 1472 [10]
281 1455 [5]
571 1169 [1]
514 1224 [3]
734 1008 [0]
525 1218 [0]
645 1090 [8]
647 1096 [0]
274 1471 [0]
605 1140 [0]
818 927 [0]
309 1437 [0]
407 1339 [0]
862 884 [0]
195 1549 [2]
396 1351 [0]
618 1121 [8]
170 1578 [0]
347 1397 [4]
643 1103 [2]
293 1457 [0]
287 1461 [2]
395 1346 [9]
779 972 [0]
361 1391 [0]
372 1382 [0]
405 1347 [2]
431 1313 [10]
236 1508 [11]
428 1316 [11]
377 1379 [0]
739 1016 [0]
232 1523 [1]
772 986 [0]
584 1174 [0]
578 1170 [11]
407 1353 [0]
628 1126 [6]
423 1336 [1]
826 934 [1]
600 1150 [11]
505 1251 [5]
175 1575 [11]
402 1356 [3]
405 1356 [1]
578 1184 [0]
444 1320 [0]
828 936 [0]
368 1392 [4]
384 1380 [0]
615 1139 [10]
285 1470 [9]
594 1162 [9]
593 1172 [0]
322 1440 [3]
689 1077 [0]
219 1542 [5]
445 1321 [0]
579 1182 [6]
181 1576 [11]
872 891 [5]
606 1157 [5]
463 1295 [10]
240 1530 [0]
555 1215 [0]
879 891 [0]
593 1177 [0]
338 1428 [4]
564 1201 [6]
199 1572 [0]
173 1599 [0]
617 1155 [0]
751 1022 [0]
753 1009 [11]
476 1288 [9]
340 1428 [5]
667 1095 [11]
193 1572 [8]
797 977 [0]
201 1571 [2]
883 887 [5]
834 943 [0]
673 1104 [0]
868 900 [11]
312 1456 [11]
489 1280 [11]
197 1584 [0]
410 1372 [0]
839 938 [5]
523 1260 [0]
535 1242 [7]
761 1015 [10]
574 1202 [11]
808 979 [0]
593 1194 [0]
767 1021 [0]
192 1597 [0]
794 995 [0]
874 913 [2]
288 1490 [11]
336 1454 [0]
453 1331 [6]
649 1131 [10]
474 1317 [0]
391 1401 [0]
855 937 [0]
677 1106 [9]
440 1353 [0]
233 1554 [6]
637 1157 [0]
471 1318 [5]
285 1498 [11]
703 1082 [10]
363 1432 [0]
683 1114 [0]
777 1020 [0]
200 1597 [0]
885 912 [0]
391 1403 [4]
750 1049 [0]
377 1424 [0]
564 1230 [10]
711 1093 [0]
577 1220 [7]
605 1194 [5]
409 1396 [0]
429 1377 [0]
744 1062 [0]
556 1240 [10]
558 1248 [0]
234 1564 [8]
343 1464 [0]
847 960 [0]
510 1298 [0]
797 1011 [0]
282 1528 [0]
791 1018 [1]
379 1423 [9]
512 1290 [9]
398 1414 [0]
403 1407 [2]
389 1414 [9]
803 1010 [0]
473 1333 [8]
769 1046 [0]
772 1034 [10]
673 1135 [8]
589 1227 [0]
621 1196 [0]
642 1175 [0]
676 1141 [0]
687 1131 [0]
703 1115 [0]
868 950 [0]
527 1280 [11]
531 1288 [0]
649 1169 [1]
283 1527 [9]
692 1128 [0]
456 1365 [0]
407 1415 [0]
708 1114 [0]
433 1383 [6]
558 1258 [6]
473 1344 [5]
229 1594 [0]
233 1590 [0]
671 1152 [0]
636 1177 [10]
236 1576 [11]
689 1132 [2]
474 1350 [0]
523 1293 [8]
224 1597 [3]
413 1412 [0]
516 1309 [0]
476 1350 [0]
418 1400 [8]
460 1367 [0]
319 1501 [7]
400 1428 [0]
534 1294 [0]
720 1108 [0]
264 1558 [6]
536 1281 [11]
298 1531 [0]
532 1297 [0]
536 1293 [1]
833 989 [8]
709 1114 [7]
714 1114 [3]
586 1245 [0]
869 963 [0]
848 976 [8]
233 1598 [1]
493 1338 [2]
273 1556 [5]
719 1115 [0]
662 1173 [0]
300 1536 [0]
464 1372 [0]
545 1291 [0]
400 1432 [4]
569 1257 [10]
505 1327 [5]
324 1513 [0]
507 1326 [4]
268 1570 [0]
629 1209 [0]
869 969 [0]
417 1418 [3]
488 1351 [0]
568 1271 [0]
905 935 [0]
733 1107 [0]
885 955 [0]
426 1405 [11]
610 1224 [8]
285 1553 [4]
269 1574 [0]
477 1366 [0]
677 1166 [0]
632 1200 [11]
868 974 [1]
846 999 [0]
604 1233 [8]
253 1588 [4]
308 1538 [0]
821 1025 [0]
861 985 [0]
455 1387 [4]
890 956 [0]
698 1140 [9]
903 943 [1]
379 1469 [0]
470 1378 [0]
461 1383 [4]
821 1018 [9]
453 1389 [6]
564 1276 [9]
729 1120 [0]
813 1037 [0]
462 1387 [1]
431 1419 [0]
420 1431 [0]
333 1510 [11]
634 1219 [1]
763 1084 [8]
540 1316 [0]
927 929 [0]
506 1352 [0]
688 1170 [0]
742 1116 [0]
612 1247 [0]
625 1234 [0]
585 1274 [0]
632 1218 [9]
672 1184 [3]
535 1313 [11]
308 1544 [9]
524 1337 [0]
541 1313 [8]
708 1145 [10]
924 940 [0]
867 987 [10]
558 1300 [6]
732 1124 [8]
383 1482 [0]
366 1490 [9]
748 1117 [0]
602 1264 [0]
824 1043 [0]
539 1329 [0]
490 1378 [0]
303 1554 [11]
731 1137 [1]
882 983 [4]
692 1178 [0]
670 1192 [9]
474 1389 [8]
675 1197 [0]
514 1358 [0]
576 1297 [0]
743 1130 [0]
624 1250 [0]
741 1133 [0]
852 1022 [0]
486 1377 [11]
667 1208 [0]
815 1060 [0]
491 1384 [0]
583 1292 [0]
673 1203 [0]
872 995 [9]
351 1526 [0]
550 1316 [11]
525 1350 [4]
543 1327 [9]
776 1104 [0]
822 1048 [11]
818 1065 [0]
841 1042 [0]
788 1090 [5]
659 1225 [0]
613 1265 [6]
396 1489 [0]
843 1042 [0]
839 1046 [0]
892 993 [0]
332 1546 [8]
448 1434 [4]
626 1250 [10]
864 1022 [0]
501 1379 [7]
420 1458 [9]
857 1031 [0]
705 1180 [3]
754 1135 [0]
880 1009 [0]
365 1525 [0]
294 1588 [9]
913 971 [7]
382 1510 [0]
425 1467 [0]
703 1182 [7]
428 1457 [8]
581 1308 [4]
783 1110 [0]
398 1487 [9]
732 1163 [0]
876 1019 [0]
943 950 [3]
586 1308 [2]
442 1454 [0]
299 1598 [0]
346 1542 [9]
774 1114 [11]
603 1297 [0]
828 1067 [5]
835 1055 [11]
922 979 [0]
421 1480 [0]
497 1399 [5]
345 1546 [11]
696 1207 [0]
754 1150 [0]
420 1473 [11]
725 1179 [2]
430 1467 [9]
333 1574 [0]
435 1472 [0]
510 1390 [7]
449 1456 [2]
428 1470 [10]
717 1187 [6]
369 1542 [1]
394 1507 [11]
470 1443 [0]
409 1505 [0]
860 1054 [0]
912 1002 [0]
607 1302 [5]
412 1494 [9]
586 1319 [11]
670 1247 [0]
415 1496 [6]
543 1370 [4]
325 1593 [0]
522 1392 [4]
581 1338 [0]
606 1313 [0]
556 1355 [8]
689 1231 [0]
738 1183 [0]
598 1323 [0]
530 1387 [4]
630 1285 [6]
733 1189 [0]
830 1092 [0]
719 1199 [4]
708 1203 [11]
805 1110 [8]
831 1092 [0]
698 1222 [3]
351 1573 [0]
477 1448 [0]
657 1268 [0]
922 1003 [0]
906 1020 [0]
730 1196 [0]
715 1212 [0]
679 1245 [5]
606 1324 [0]
660 1271 [0]
431 1491 [9]
574 1355 [2]
408 1524 [0]
368 1555 [10]
553 1380 [0]
943 984 [6]
842 1092 [0]
388 1546 [0]
721 1213 [0]
692 1232 [11]
939 996 [0]
503 1429 [4]
960 969 [8]
527 1405 [5]
507 1424 [6]
955 982 [1]
382 1557 [0]
653 1282 [4]
478 1462 [0]
607 1333 [0]
399 1531 [11]
596 1341 [4]
805 1136 [0]
580 1362 [0]
803 1139 [0]
848 1092 [2]
707 1237 [0]
674 1262 [8]
966 976 [2]
466 1479 [0]
490 1456 [0]
828 1118 [0]
479 1458 [10]
686 1259 [2]
754 1195 [0]
492 1457 [0]
453 1497 [0]
466 1484 [0]
487 1463 [0]
605 1345 [0]
610 1340 [0]
734 1216 [0]
472 1469 [9]
526 1426 [0]
870 1082 [0]
763 1181 [8]
352 1590 [11]
496 1446 [11]
869 1078 [7]
372 1578 [4]
822 1127 [5]
380 1567 [7]
684 1263 [7]
911 1044 [0]
709 1247 [0]
915 1041 [0]
672 1276 [8]
882 1075 [0]
976 981 [0]
707 1250 [1]
417 1536 [6]
866 1095 [0]
862 1089 [10]
813 1149 [0]
922 1036 [4]
606 1352 [5]
457 1509 [0]
621 1345 [0]
648 1318 [0]
383 1573 [11]
971 988 [9]
754 1215 [0]
971 998 [0]
569 1400 [0]
741 1220 [10]
721 1250 [0]
801 1168 [3]
746 1227 [0]
902 1071 [0]
464 1510 [0]
506 1466 [2]
865 1099 [10]
745 1230 [0]
944 1032 [0]
817 1148 [11]
659 1318 [0]
765 1212 [0]
469 1499 [9]
700 1268 [9]
551 1426 [1]
650 1325 [3]
601 1378 [0]
626 1353 [0]
669 1308 [2]
988 992 [0]
832 1141 [7]
900 1075 [5]
416 1554 [10]
624 1355 [2]
698 1276 [7]
549 1432 [0]
978 1003 [0]
561 1421 [0]
869 1113 [0]
672 1312 [0]
796 1188 [0]
690 1295 [0]
752 1234 [0]
685 1293 [8]
913 1071 [2]
953 1029 [5]
582 1406 [0]
785 1195 [8]
786 1192 [11]
738 1250 [1]
850 1140 [0]
732 1258 [0]
606 1382 [2]
779 1201 [10]
953 1036 [2]
620 1371 [0]
846 1146 [0]
994 998 [0]
455 1538 [0]
609 1384 [0]
423 1571 [0]
676 1318 [0]
522 1473 [2]
898 1099 [0]
937 1049 [11]
560 1431 [6]
823 1175 [0]
621 1367 [10]
992 1006 [0]
441 1559 [0]
649 1350 [1]
732 1257 [11]
413 1578 [9]
613 1378 [9]
469 1524 [8]
716 1286 [0]
531 1461 [10]
733 1270 [0]
480 1514 [9]
393 1599 [11]
519 1480 [4]
613 1391 [0]
945 1059 [0]
608 1386 [10]
460 1536 [10]
485 1523 [0]
717 1291 [0]
717 1293 [0]
961 1049 [0]
569 1442 [0]
605 1406 [0]
740 1271 [0]
526 1485 [0]
907 1103 [2]
791 1220 [1]
946 1067 [0]
724 1290 [0]
977 1036 [0]
795 1220 [0]
579 1430 [6]
451 1565 [0]
959 1058 [0]
975 1042 [0]
451 1566 [0]
574 1438 [5]
550 1471 [0]
545 1475 [1]
470 1550 [1]
633 1380 [8]
477 1545 [0]
825 1196 [1]
625 1399 [0]
881 1143 [0]
653 1372 [0]
746 1279 [0]
1003 1020 [2]
916 1108 [1]
601 1426 [0]
700 1318 [9]
663 1363 [1]
458 1567 [2]
671 1357 [0]
987 1044 [0]
497 1529 [5]
654 1378 [0]
706 1326 [0]
679 1344 [9]
793 1240 [0]
713 1320 [0]
681 1343 [9]
573 1454 [7]
526 1502 [6]
616 1407 [11]
489 1542 [4]
650 1384 [1]
497 1527 [11]
786 1250 [0]
532 1504 [0]
448 1581 [8]
632 1406 [0]
861 1177 [0]
928 1110 [0]
648 1386 [4]
694 1344 [0]
957 1072 [10]
1005 1035 [0]
801 1239 [0]
936 1103 [1]
624 1418 [0]
627 1409 [6]
704 1338 [0]
822 1211 [9]
840 1203 [0]
879 1153 [11]
551 1493 [0]
582 1459 [3]
998 1045 [1]
879 1165 [0]
728 1306 [10]
893 1152 [0]
552 1489 [4]
738 1308 [0]
929 1116 [0]
641 1406 [0]
913 1135 [1]
680 1370 [0]
757 1292 [1]
927 1114 [9]
991 1059 [0]
566 1486 [0]
618 1430 [5]
939 1114 [0]
487 1560 [6]
463 1589 [1]
758 1296 [0]
780 1274 [0]
638 1410 [7]
747 1308 [0]
772 1273 [10]
921 1134 [0]
545 1511 [0]
861 1195 [0]
696 1358 [2]
786 1270 [0]
775 1281 [0]
950 1105 [1]
977 1082 [0]
704 1355 [0]
875 1184 [0]
454 1596 [9]
878 1183 [0]
729 1333 [0]
841 1211 [10]
851 1200 [11]
542 1519 [1]
489 1570 [4]
862 1203 [0]
569 1497 [0]
858 1208 [0]
987 1079 [0]
502 1565 [0]
857 1204 [7]
961 1102 [6]
496 1574 [0]
658 1412 [0]
951 1119 [0]
894 1176 [0]
763 1308 [0]
892 1179 [0]
622 1449 [0]
798 1272 [1]
705 1367 [0]
840 1233 [0]
949 1124 [0]
808 1254 [11]
718 1356 [0]
679 1396 [0]
997 1078 [0]
973 1091 [11]
848 1228 [0]
882 1194 [0]
972 1103 [1]
599 1472 [6]
822 1256 [0]
957 1119 [2]
669 1399 [10]
528 1551 [0]
579 1500 [0]
594 1474 [11]
498 1573 [9]
634 1441 [5]
510 1560 [11]
523 1547 [11]
882 1193 [7]
704 1379 [0]
963 1120 [0]
885 1189 [9]
990 1094 [0]
832 1244 [8]
485 1591 [9]
754 1332 [0]
622 1458 [6]
547 1531 [8]
749 1338 [0]
757 1330 [0]
592 1487 [8]
986 1096 [6]
886 1195 [7]
523 1562 [4]
964 1117 [10]
710 1373 [8]
522 1570 [0]
529 1557 [6]
509 1584 [0]
516 1576 [1]
898 1184 [11]
675 1418 [0]
795 1299 [0]
803 1291 [0]
919 1166 [9]
642 1451 [2]
566 1530 [0]
907 1179 [11]
517 1580 [0]
569 1529 [0]
841 1257 [0]
914 1184 [0]
993 1105 [0]
699 1392 [9]
798 1294 [8]
884 1217 [0]
908 1188 [5]
781 1321 [0]
893 1210 [0]
664 1432 [7]
978 1114 [11]
941 1163 [0]
836 1268 [0]
660 1433 [11]
671 1434 [0]
864 1241 [0]
697 1409 [0]
878 1228 [0]
960 1146 [0]
991 1116 [0]
572 1526 [9]
624 1484 [0]
744 1364 [0]
1043 1065 [0]
767 1341 [0]
700 1409 [0]
998 1111 [0]
637 1473 [0]
611 1490 [9]
524 1576 [11]
618 1494 [0]
1012 1101 [0]
978 1136 [0]
867 1247 [1]
678 1429 [9]
722 1384 [10]
560 1547 [9]
569 1542 [6]
1007 1111 [0]
607 1512 [0]
608 1510 [1]
899 1214 [6]
645 1463 [11]
805 1315 [0]
952 1164 [4]
970 1142 [9]
804 1317 [0]
615 1500 [6]
778 1345 [0]
987 1137 [0]
625 1500 [0]
986 1135 [4]
656 1471 [0]
1044 1082 [1]
795 1335 [0]
1052 1078 [0]
903 1217 [10]
906 1213 [11]
1020 1111 [0]
882 1242 [7]
835 1291 [5]
544 1581 [7]
990 1141 [1]
554 1579 [0]
551 1572 [10]
898 1237 [0]
876 1255 [4]
806 1330 [0]
731 1406 [0]
747 1390 [0]
624 1510 [4]
1031 1097 [11]
755 1387 [0]
856 1288 [0]
988 1150 [6]
951 1187 [6]
924 1221 [0]
1024 1121 [0]
567 1575 [4]
811 1336 [0]
574 1572 [2]
906 1243 [0]
1032 1108 [9]
951 1197 [1]
969 1181 [0]
561 1588 [1]
759 1392 [0]
890 1261 [0]
670 1482 [0]
1036 1112 [5]
854 1299 [0]
561 1581 [11]
557 1597 [0]
654 1490 [11]
1024 1131 [0]
609 1537 [9]
614 1535 [6]
785 1360 [10]
925 1222 [8]
940 1215 [1]
949 1208 [0]
829 1318 [10]
684 1471 [2]
568 1590 [1]
691 1469 [0]
799 1362 [0]
1012 1149 [0]
710 1442 [11]
722 1441 [0]
699 1465 [0]
842 1322 [0]
751 1414 [0]
723 1441 [0]
619 1547 [0]
707 1459 [0]
933 1233 [0]
719 1448 [0]
887 1269 [11]
1033 1134 [0]
1019 1149 [0]
719 1450 [0]
1063 1106 [0]
975 1183 [11]
1064 1106 [0]
716 1455 [0]
956 1215 [0]
819 1344 [8]
692 1470 [9]
640 1528 [4]
762 1410 [0]
704 1469 [1]
840 1333 [1]
996 1180 [0]
700 1477 [0]
710 1459 [8]
644 1529 [4]
712 1459 [6]
598 1580 [0]
981 1197 [0]
786 1394 [0]
603 1576 [1]
642 1528 [10]
833 1347 [0]
607 1562 [11]
1064 1117 [0]
759 1413 [9]
592 1584 [5]
643 1529 [10]
723 1456 [3]
811 1371 [1]
802 1383 [0]
835 1350 [0]
668 1507 [10]
886 1300 [0]
1009 1166 [11]
874 1313 [0]
909 1279 [0]
673 1511 [4]
697 1483 [8]
761 1429 [0]
610 1578 [3]
684 1504 [3]
751 1441 [0]
984 1208 [0]
713 1468 [11]
713 1477 [3]
1041 1152 [0]
810 1384 [0]
658 1536 [0]
1034 1160 [0]
765 1430 [0]
753 1442 [0]
635 1559 [1]
870 1327 [0]
1055 1142 [0]
1025 1173 [0]
809 1391 [0]
739 1462 [0]
749 1453 [0]
695 1508 [0]
797 1405 [0]
831 1366 [6]
1086 1118 [0]
614 1586 [4]
727 1478 [0]
1067 1138 [1]
917 1286 [4]
688 1518 [1]
827 1381 [0]
863 1345 [0]
998 1210 [1]
942 1258 [9]
804 1406 [0]
1057 1154 [0]
1030 1181 [0]
1020 1186 [5]
1075 1137 [0]
709 1499 [4]
709 1498 [5]
839 1372 [0]
795 1419 [0]
970 1233 [11]
1049 1166 [0]
983 1227 [6]
760 1457 [0]
1095 1122 [0]
1034 1183 [1]
861 1358 [0]
1054 1165 [0]
949 1270 [0]
1007 1208 [4]
699 1521 [0]
782 1438 [0]
1107 1113 [0]
693 1523 [4]
638 1584 [0]
981 1242 [0]
740 1484 [0]
772 1444 [9]
853 1373 [0]
947 1280 [0]
939 1282 [6]
907 1317 [4]
980 1249 [0]
877 1353 [0]
692 1540 [0]
781 1451 [0]
977 1255 [0]
988 1244 [0]
950 1276 [6]
984 1247 [0]
1071 1162 [0]
831 1399 [3]
1090 1143 [0]
970 1256 [7]
878 1356 [0]
805 1425 [4]
740 1495 [0]
927 1308 [0]
725 1504 [7]
891 1341 [4]
725 1507 [5]
1082 1145 [10]
717 1514 [6]
827 1411 [0]
876 1356 [6]
1024 1215 [0]
1035 1204 [0]
699 1531 [9]
938 1299 [2]
880 1356 [5]
839 1404 [0]
1076 1168 [0]
1012 1223 [9]
1020 1213 [11]
784 1462 [0]
683 1565 [0]
1111 1136 [1]
832 1419 [0]
1038 1210 [3]
643 1598 [10]
959 1289 [3]
788 1459 [5]
927 1326 [0]
1123 1132 [0]
1069 1187 [0]
710 1547 [0]
795 1452 [10]
788 1470 [0]
689 1559 [10]
707 1550 [1]
993 1257 [9]
883 1371 [6]
818 1432 [10]
1057 1204 [0]
1042 1220 [0]
894 1359 [9]
1030 1233 [0]
1042 1215 [7]
1108 1157 [0]
1120 1145 [0]
765 1501 [0]
936 1319 [11]
1103 1164 [0]
1032 1235 [0]
772 1496 [0]
880 1388 [0]
676 1593 [0]
919 1350 [0]
846 1424 [0]
938 1332 [0]
728 1536 [6]
729 1536 [6]
843 1420 [8]
1050 1222 [0]
734 1537 [1]
747 1520 [6]
702 1572 [0]
1075 1200 [0]
755 1521 [0]
673 1594 [9]
829 1448 [0]
931 1346 [0]
744 1531 [2]
975 1293 [9]
1108 1170 [0]
1051 1228 [0]
759 1513 [9]
1114 1161 [6]
719 1553 [9]
1051 1230 [6]
763 1523 [2]
834 1455 [0]
897 1392 [0]
1107 1173 [9]
802 1480 [8]
1040 1244 [6]
983 1302 [6]
944 1339 [9]
972 1321 [0]
1081 1214 [0]
1093 1195 [7]
796 1500 [0]
806 1490 [0]
823 1473 [0]
837 1450 [9]
876 1422 [0]
933 1365 [0]
1137 1162 [0]
902 1397 [0]
782 1518 [0]
1048 1252 [0]
707 1588 [6]
791 1508 [2]
724 1571 [6]
707 1595 [0]
770 1532 [0]
710 1587 [6]
995 1307 [0]
990 1314 [0]
1025 1270 [9]
834 1471 [0]
1007 1294 [4]
841 1460 [4]
937 1369 [0]
1136 1166 [4]
781 1525 [0]
713 1595 [0]
929 1379 [0]
737 1571 [0]
730 1568 [10]
717 1592 [0]
1117 1184 [8]
985 1325 [0]
891 1411 [8]
1110 1195 [5]
953 1358 [0]
910 1402 [0]
1131 1181 [0]
990 1317 [5]
936 1377 [0]
764 1549 [0]
870 1444 [0]
857 1454 [5]
1048 1269 [0]
959 1362 [0]
737 1584 [0]
950 1372 [0]
821 1501 [0]
1032 1291 [0]
1008 1316 [0]
1107 1211 [6]
1052 1273 [0]
851 1475 [0]
985 1340 [1]
819 1500 [7]
1136 1186 [4]
1000 1328 [0]
845 1484 [0]
1058 1271 [0]
1051 1279 [0]
887 1444 [0]
959 1367 [6]
937 1394 [1]
860 1473 [0]
944 1378 [11]
991 1337 [5]
807 1527 [0]
948 1384 [2]
1029 1306 [0]
901 1428 [6]
858 1478 [0]
966 1364 [6]
1073 1264 [0]
1055 1283 [0]
845 1489 [6]
878 1453 [10]
951 1391 [0]
1070 1272 [0]
1157 1186 [0]
1035 1308 [2]
989 1358 [0]
786 1563 [0]
1173 1177 [0]
1084 1266 [0]
780 1566 [4]
1106 1240 [6]
1135 1219 [0]
861 1488 [6]
780 1574 [1]
946 1410 [0]
787 1566 [3]
1151 1205 [0]
1115 1233 [8]
1117 1241 [0]
867 1494 [0]
999 1356 [6]
1099 1256 [8]
915 1440 [9]
844 1521 [0]
908 1458 [0]
1042 1324 [0]
1047 1319 [0]
1049 1306 [11]
1042 1321 [5]
774 1594 [0]
1006 1356 [9]
1159 1213 [0]
940 1424 [8]
1010 1363 [0]
1021 1352 [0]
828 1541 [4]
1002 1362 [10]
1168 1197 [10]
986 1390 [0]
1075 1301 [0]
924 1453 [0]
871 1506 [0]
870 1509 [0]
807 1575 [0]
1019 1362 [1]
1035 1348 [0]
1025 1358 [0]
1155 1217 [11]
1123 1254 [6]
969 1415 [0]
872 1511 [1]
1058 1320 [7]
942 1442 [1]
1062 1323 [0]
963 1423 [0]
822 1565 [0]
1127 1261 [0]
926 1462 [0]
995 1393 [0]
981 1409 [0]
1026 1366 [0]
1095 1298 [1]
1054 1341 [0]
1139 1256 [0]
1017 1380 [0]
919 1479 [0]
1150 1242 [6]
963 1431 [6]
844 1557 [0]
889 1512 [0]
910 1491 [0]
1098 1305 [0]
1141 1253 [9]
1119 1278 [6]
836 1568 [0]
882 1522 [0]
1099 1305 [0]
1087 1318 [0]
959 1448 [0]
917 1490 [0]
1024 1381 [2]
968 1440 [0]
1058 1349 [3]
943 1461 [6]
1121 1290 [0]
1181 1219 [11]
903 1506 [3]
947 1466 [0]
1112 1293 [8]
1088 1326 [0]
960 1444 [11]
1053 1363 [0]
1112 1301 [5]
1188 1231 [0]
967 1453 [1]
1004 1420 [0]
1061 1363 [0]
969 1445 [10]
1105 1319 [1]
1175 1240 [10]
1206 1220 [0]
964 1462 [1]
1077 1347 [4]
1080 1337 [11]
1064 1365 [0]
1103 1320 [6]
929 1501 [0]
907 1524 [0]
879 1553 [0]
1016 1416 [0]
932 1500 [0]
1015 1420 [0]
1188 1248 [0]
1018 1408 [10]
979 1459 [0]
890 1549 [0]
1070 1360 [11]
1124 1311 [6]
1147 1294 [0]
899 1544 [0]
1013 1432 [0]
1045 1400 [0]
920 1518 [8]
943 1503 [0]
931 1517 [0]
1185 1264 [0]
1173 1273 [3]
1089 1361 [0]
954 1491 [6]
1222 1228 [2]
1209 1237 [6]
1151 1302 [0]
1012 1442 [0]
921 1534 [0]
949 1506 [0]
918 1537 [0]
1198 1258 [0]
1073 1379 [5]
1098 1360 [0]
1100 1359 [0]
1187 1262 [10]
908 1552 [0]
914 1548 [0]
858 1599 [6]
898 1566 [0]
1144 1321 [0]
1213 1251 [1]
961 1498 [9]
896 1564 [9]
976 1491 [5]
1070 1403 [0]
869 1594 [11]
1136 1334 [4]
1030 1444 [1]
912 1564 [0]
951 1516 [9]
995 1483 [0]
962 1516 [0]
916 1562 [1]
1148 1332 [0]
1064 1417 [0]
925 1545 [11]
1006 1474 [1]
1223 1259 [0]
1232 1242 [9]
1076 1408 [0]
902 1583 [0]
966 1514 [6]
1028 1459 [0]
1173 1314 [0]
1191 1290 [6]
1118 1370 [0]
1225 1263 [0]
1202 1283 [3]
946 1541 [1]
977 1511 [1]
1208 1275 [6]
1159 1331 [0]
1137 1348 [6]
1029 1464 [0]
1111 1382 [0]
931 1556 [6]
1063 1430 [1]
913 1583 [0]
931 1559 [6]
948 1549 [0]
1242 1244 [11]
1045 1453 [0]
1156 1342 [0]
975 1513 [10]
1247 1249 [2]
1195 1304 [0]
1095 1404 [1]
952 1549 [0]
912 1590 [0]
1133 1369 [0]
980 1517 [6]
921 1581 [1]
1200 1304 [0]
939 1566 [0]
1007 1493 [6]
997 1511 [0]
1013 1496 [0]
1127 1382 [0]
1162 1347 [0]
1119 1388 [2]
965 1544 [1]
984 1529 [0]
995 1519 [0]
1197 1318 [0]
1041 1465 [9]
1116 1397 [3]
1088 1429 [1]
1136 1377 [6]
1036 1480 [4]
1152 1360 [8]
937 1583 [1]
1108 1408 [6]
1075 1446 [1]
1088 1435 [0]
1122 1401 [0]
1037 1487 [0]
1008 1517 [0]
1205 1321 [0]
1230 1296 [0]
1112 1403 [11]
1129 1398 [0]
1198 1329 [0]
1097 1430 [0]
1088 1432 [10]
1064 1457 [9]
1202 1329 [1]
952 1569 [11]
1110 1419 [4]
1237 1299 [0]
1190 1347 [0]
968 1571 [1]
1239 1301 [1]
1267 1275 [0]
1248 1286 [9]
1154 1390 [0]
972 1576 [0]
1191 1358 [0]
1082 1469 [0]
1032 1518 [1]
982 1567 [2]
1000 1553 [0]
1263 1291 [0]
963 1581 [11]
1215 1338 [2]
1210 1346 [0]
1000 1557 [0]
1124 1422 [11]
982 1570 [6]
1255 1306 [0]
1164 1396 [1]
1005 1557 [0]
971 1594 [0]
1092 1473 [0]
1026 1539 [0]
1192 1363 [10]
1257 1309 [0]
1058 1507 [3]
1222 1344 [2]
1225 1337 [8]
1263 1303 [4]
1160 1410 [1]
1269 1303 [0]
1235 1338 [0]
1103 1471 [0]
1264 1310 [0]
972 1595 [9]
1168 1409 [0]
1105 1471 [3]
1245 1331 [4]
1105 1469 [6]
1261 1322 [0]
1145 1440 [0]
1146 1439 [0]
1221 1366 [0]
1176 1400 [11]
1292 1296 [0]
1234 1351 [4]
1045 1547 [0]
1270 1319 [4]
1282 1305 [6]
1163 1419 [11]
1154 1433 [6]
1272 1322 [0]
1125 1470 [0]
1263 1333 [0]
1117 1469 [10]
1073 1524 [0]
1215 1371 [11]
1191 1407 [0]
1117 1474 [9]
1055 1544 [1]
1051 1550 [1]
1223 1379 [1]
1078 1527 [0]
1276 1326 [3]
1238 1368 [0]
1261 1345 [0]
1085 1522 [0]
1023 1585 [0]
1174 1435 [0]
1001 1598 [10]
1137 1474 [0]
1099 1509 [3]
1175 1437 [0]
1063 1549 [1]
1032 1575 [6]
1050 1564 [0]
1074 1540 [0]
1179 1439 [0]
1077 1535 [6]
1060 1559 [0]
1069 1551 [0]
1163 1459 [0]
1024 1592 [6]
1247 1374 [2]
1232 1392 [0]
1297 1330 [1]
1278 1350 [0]
1027 1595 [6]
1291 1339 [0]
1185 1446 [0]
1257 1365 [10]
1106 1528 [0]
1194 1441 [0]
1280 1345 [10]
1296 1337 [4]
1216 1421 [0]
1091 1548 [0]
1280 1359 [0]
1175 1465 [0]
1063 1577 [0]
1313 1326 [3]
1070 1567 [9]
1124 1523 [0]
1111 1537 [0]
1223 1426 [0]
1092 1556 [3]
1130 1523 [0]
1277 1376 [0]
1136 1516 [4]
1140 1511 [5]
1163 1494 [0]
1181 1476 [0]
1291 1367 [0]
1226 1434 [0]
1076 1585 [0]
1299 1361 [1]
1229 1432 [1]
1173 1479 [10]
1186 1477 [0]
1196 1459 [8]
1124 1540 [0]
1183 1482 [0]
1197 1460 [8]
1185 1481 [0]
1079 1588 [0]
1220 1449 [0]
1312 1349 [8]
1071 1598 [1]
1097 1574 [0]
1229 1440 [2]
1174 1498 [0]
1231 1442 [0]
1158 1515 [0]
1111 1563 [0]
1280 1384 [10]
1086 1590 [0]
1284 1392 [0]
1283 1394 [0]
1327 1344 [6]
1237 1436 [6]
1164 1516 [0]
1258 1421 [1]
1140 1529 [11]
1188 1488 [6]
1109 1573 [1]
1326 1354 [3]
1168 1515 [0]
1204 1471 [9]
1277 1407 [0]
1098 1585 [1]
1146 1538 [0]
1197 1490 [0]
1199 1480 [8]
1147 1547 [1]
1276 1420 [0]
1199 1498 [0]
1250 1448 [0]
1322 1369 [10]
1276 1427 [0]
1302 1403 [0]
1249 1455 [1]
1249 1456 [3]
1131 1580 [0]
1297 1415 [1]
1138 1575 [1]
1139 1566 [9]
1293 1424 [0]
1174 1549 [0]
1194 1531 [0]
1283 1443 [1]
1319 1409 [0]
1165 1558 [6]
1280 1452 [0]
1356 1366 [10]
1160 1575 [0]
1270 1465 [0]
1238 1496 [1]
1262 1466 [9]
1252 1486 [0]
1204 1524 [11]
1148 1592 [0]
1227 1515 [0]
1257 1478 [9]
1302 1444 [0]
1325 1422 [0]
1277 1469 [0]
1349 1398 [0]
1263 1485 [0]
1280 1467 [1]
1286 1463 [0]
1289 1461 [0]
1257 1494 [0]
1305 1440 [6]
1364 1388 [0]
1257 1489 [6]
1351 1397 [4]
1263 1486 [5]
1334 1410 [10]
1276 1479 [0]
1334 1421 [0]
1247 1503 [6]
1183 1574 [0]
1284 1473 [1]
1258 1503 [1]
1181 1586 [0]
1283 1482 [3]
1185 1574 [10]
1260 1514 [0]
1207 1570 [0]
1242 1539 [0]
1314 1467 [0]
1256 1527 [0]
1332 1453 [0]
1270 1509 [6]
1295 1492 [0]
1284 1503 [1]
1255 1538 [1]
1301 1494 [1]
1227 1563 [6]
1239 1560 [0]
1354 1445 [0]
1337 1458 [4]
1379 1423 [0]
1365 1436 [6]
1316 1494 [0]
1204 1596 [10]
1290 1513 [7]
1279 1532 [3]
1239 1575 [6]
1225 1597 [0]
1298 1518 [10]
1242 1578 [9]
1277 1552 [1]
1266 1569 [0]
1282 1555 [0]
1397 1465 [0]
1397 1466 [0]
1288 1574 [3]
1268 1593 [6]
1284 1579 [6]
1301 1569 [0]
1408 1456 [6]
1370 1503 [0]
1386 1487 [0]
1382 1491 [0]
1306 1573 [0]
1352 1530 [0]
1391 1486 [5]
1299 1586 [0]
1281 1594 [11]
1398 1492 [0]
1322 1561 [9]
1362 1532 [0]
1345 1553 [0]
1329 1570 [0]
1377 1525 [0]
1439 1459 [4]
1357 1547 [0]
1330 1578 [1]
1372 1538 [0]
1450 1461 [0]
1459 1466 [0]
1396 1530 [0]
1448 1486 [0]
1411 1524 [0]
1370 1566 [0]
1394 1539 [7]
1453 1488 [0]
1356 1576 [10]
1380 1554 [9]
1430 1516 [0]
1411 1531 [7]
1380 1571 [0]
1436 1521 [0]
1365 1593 [0]
1461 1497 [1]
1398 1562 [0]
1377 1586 [0]
1405 1561 [0]
1434 1532 [0]
1390 1573 [10]
1413 1565 [1]
1402 1577 [0]
1454 1529 [0]
1462 1522 [0]
1442 1546 [0]
1425 1565 [1]
1473 1517 [2]
1403 1592 [0]
1485 1508 [9]
1484 1522 [0]
1459 1540 [8]
1470 1543 [1]
1449 1564 [9]
1508 1516 [1]
1454 1576 [3]
1441 1596 [0]
1518 1519 [0]
1458 1582 [0]
1511 1531 [0]
1478 1559 [6]
1448 1598 [0]
1499 1572 [0]
1513 1574 [0]
1540 1551 [10]
1541 1576 [0]
1565 1579 [1]
1563 1583 [0]
1572 1593 [6]
