800
10
400
7
2
0
1
3
5
10
4
8
19
11
13
16
23
17
6
18
12
15
31
20
43
55
54
90
46
22
35
62
44
32
28
39
67
34
9
25
21
60
14
41
27
52
36
30
38
26
47
58
86
61
50
64
66
37
57
72
42
114
59
143
139
48
127
92
24
40
56
65
82
186
111
33
53
68
74
115
69
76
75
73
77
104
87
29
147
45
133
63
49
84
89
132
118
91
97
71
107
108
70
128
172
106
94
117
85
51
81
95
98
123
152
203
80
150
141
140
100
224
153
268
121
110
151
102
99
120
162
166
159
169
165
79
103
137
96
175
116
122
78
93
136
88
113
221
83
164
124
149
215
177
160
125
189
226
157
182
158
129
176
154
109
184
119
236
174
181
148
134
130
146
126
163
170
217
200
199
195
198
131
155
187
112
144
214
245
193
259
197
101
206
168
191
210
173
179
287
216
223
208
167
202
294
247
204
248
227
233
196
178
138
142
230
276
242
161
321
332
185
270
241
275
251
135
183
319
258
220
313
234
228
201
246
326
192
292
222
190
282
207
156
254
205
290
250
229
289
145
213
105
218
237
212
261
257
304
280
256
211
238
225
209
243
180
239
310
284
295
286
271
344
232
235
330
302
315
249
171
283
342
309
348
293
279
291
300
388
231
350
303
386
341
351
381
362
406
252
298
307
269
343
219
311
305
569
439
458
363
414
244
274
356
372
379
328
337
389
194
354
316
322
323
334
462
376
297
357
390
366
561
378
296
365
398
331
369
349
499
262
285
336
320
367
188
263
265
299
267
281
434
346
468
399
318
353
438
387
314
317
340
396
301
407
324
493
472
264
368
404
255
430
278
260
325
530
338
277
426
253
360
500
445
329
377
453
266
385
403
537
542
417
397
413
370
482
442
571
374
373
410
423
359
395
391
435
424
273
371
312
335
509
333
456
358
375
411
418
533
425
515
501
436
678
416
401
308
380
345
528
427
408
529
448
535
429
492
383
547
288
393
510
522
420
676
364
447
511
446
466
443
392
384
516
412
496
519
552
667
738
494
444
612
524
405
441
498
488
580
484
306
382
476
614
361
440
487
598
347
454
538
652
461
394
504
460
240
327
449
451
584
545
422
556
481
437
352
355
613
477
523
467
536
517
555
486
452
798
432
655
503
640
563
455
339
421
490
469
433
415
478
471
593
626
570
495
459
497
475
507
543
592
562
521
565
576
585
474
409
465
457
272
428
768
796
739
564
550
450
526
532
601
559
558
594
609
663
479
637
470
525
688
505
534
483
708
502
683
551
644
784
649
520
681
603
600
623
582
751
639
544
635
756
518
595
587
646
662
531
419
583
463
480
622
625
666
630
621
597
615
590
473
568
632
765
685
618
599
506
553
648
402
714
620
692
513
539
608
647
740
602
658
674
715
631
566
548
578
718
624
741
567
560
721
629
779
698
588
690
634
737
699
673
549
727
682
464
541
722
546
489
606
769
753
657
514
653
586
773
703
591
775
706
628
617
508
679
627
689
485
687
755
709
650
680
589
573
581
684
691
607
527
730
776
664
574
577
726
610
540
557
746
643
491
660
604
762
697
788
572
554
596
790
700
733
717
702
735
713
716
732
636
747
743
710
579
724
777
772
665
752
761
763
766
736
799
744
760
694
670
782
771
785
728
767
701
734
654
711
720
791
786
754
781
668
794
642
780
707
575
672
758
719
795
797
764
677
778
671
651
745
793
731
787
774
748
749
656
742
723
616
783
638
792
789
705
757
431
659
675
645
729
759
661
712
605
696
725
619
693
704
669
641
686
633
770
695
512
611
750
0 1 [0]
0 2 [0]
0 3 [1]
0 4 [1]
1 3 [0]
0 5 [1]
2 3 [1]
0 6 [1]
2 4 [1]
1 6 [1]
3 5 [0]
3 6 [1]
2 6 [1]
2 7 [0]
0 10 [1]
1 9 [1]
1 11 [1]
4 8 [0]
1 12 [1]
4 10 [0]
0 13 [1]
3 10 [1]
0 15 [1]
5 10 [0]
2 12 [1]
3 15 [1]
0 20 [1]
3 16 [1]
0 19 [1]
0 21 [1]
4 17 [1]
7 14 [1]
2 19 [1]
6 17 [0]
4 18 [1]
5 19 [1]
11 13 [0]
6 18 [0]
1 24 [1]
1 25 [1]
7 19 [1]
5 20 [1]
8 19 [0]
12 15 [0]
10 16 [1]
3 25 [1]
1 28 [1]
7 21 [1]
0 28 [1]
13 16 [0]
7 23 [1]
11 17 [2]
11 19 [0]
12 18 [0]
0 32 [1]
1 31 [1]
2 30 [1]
7 25 [1]
12 20 [1]
6 27 [1]
8 25 [1]
12 22 [1]
10 23 [1]
4 22 [8]
9 25 [0]
3 32 [1]
0 34 [1]
0 36 [1]
5 24 [8]
9 29 [1]
8 30 [1]
17 18 [3]
4 26 [8]
2 35 [1]
17 22 [1]
16 23 [0]
2 36 [1]
3 35 [1]
4 27 [8]
3 37 [1]
12 28 [1]
17 23 [0]
7 26 [1]
3 39 [1]
5 38 [1]
9 34 [0]
13 22 [8]
5 39 [1]
22 23 [1]
1 43 [1]
15 31 [0]
21 25 [0]
0 38 [8]
12 26 [8]
6 32 [8]
1 37 [8]
11 28 [8]
7 39 [1]
2 46 [1]
18 30 [1]
7 33 [8]
19 23 [6]
3 44 [1]
11 29 [8]
10 39 [1]
4 37 [8]
1 40 [8]
17 25 [8]
16 26 [8]
7 44 [1]
19 32 [1]
20 31 [0]
20 23 [8]
10 33 [8]
4 40 [8]
25 26 [2]
4 41 [8]
16 39 [1]
14 41 [0]
2 54 [1]
16 32 [8]
10 38 [8]
8 40 [8]
23 26 [8]
22 35 [0]
7 51 [1]
13 45 [1]
0 59 [1]
23 28 [8]
11 49 [1]
28 32 [0]
1 51 [8]
5 48 [8]
23 33 [5]
17 36 [8]
6 47 [8]
6 56 [1]
16 47 [1]
3 52 [8]
20 43 [0]
26 38 [0]
6 58 [1]
1 62 [1]
15 41 [8]
6 50 [8]
24 40 [0]
20 45 [1]
2 64 [1]
12 46 [8]
30 36 [0]
14 53 [1]
23 44 [1]
28 39 [0]
25 37 [5]
10 58 [1]
27 41 [0]
9 57 [2]
7 60 [1]
30 38 [0]
22 46 [0]
15 47 [8]
3 68 [1]
7 64 [1]
32 39 [1]
7 57 [8]
4 60 [8]
29 38 [5]
0 73 [1]
8 57 [8]
26 47 [0]
6 68 [1]
14 58 [2]
14 60 [0]
6 69 [1]
1 66 [8]
6 70 [1]
32 44 [0]
18 59 [1]
5 73 [1]
7 63 [8]
15 55 [8]
9 70 [1]
27 52 [0]
30 42 [7]
5 66 [8]
0 80 [1]
3 77 [1]
3 69 [8]
6 66 [8]
22 50 [8]
18 55 [1]
2 70 [8]
1 80 [1]
21 60 [0]
36 45 [1]
40 41 [1]
7 66 [8]
2 80 [1]
10 64 [8]
5 69 [8]
9 68 [5]
15 68 [1]
16 59 [8]
6 78 [1]
39 44 [1]
4 72 [8]
38 41 [6]
32 48 [5]
6 80 [1]
11 75 [1]
13 73 [1]
23 63 [1]
11 70 [5]
9 72 [5]
33 53 [0]
10 69 [8]
17 62 [8]
4 78 [5]
22 57 [8]
36 52 [0]
13 67 [8]
4 76 [8]
6 77 [5]
2 87 [1]
29 60 [1]
6 84 [1]
12 78 [1]
6 79 [5]
10 81 [1]
36 50 [5]
17 66 [8]
44 48 [1]
8 76 [8]
2 82 [8]
1 92 [1]
19 66 [8]
10 75 [8]
41 44 [8]
37 57 [0]
41 52 [1]
26 63 [5]
2 93 [1]
7 88 [1]
0 87 [8]
40 56 [0]
36 51 [9]
22 66 [8]
4 84 [8]
14 77 [5]
27 70 [1]
7 82 [8]
17 72 [8]
40 52 [5]
35 62 [0]
13 85 [1]
8 85 [5]
43 55 [0]
2 97 [1]
16 83 [1]
23 76 [1]
11 83 [5]
41 53 [5]
18 76 [5]
16 84 [1]
21 79 [0]
40 60 [0]
6 95 [0]
34 67 [0]
11 85 [5]
3 99 [0]
31 71 [0]
44 58 [0]
10 84 [8]
2 92 [8]
37 66 [0]
23 72 [8]
47 52 [4]
21 83 [0]
36 63 [5]
15 84 [5]
27 78 [0]
47 58 [0]
26 74 [5]
44 62 [0]
39 67 [0]
14 83 [9]
24 73 [9]
28 73 [5]
2 105 [0]
10 97 [0]
17 82 [8]
41 61 [5]
4 99 [5]
5 104 [0]
20 84 [5]
54 55 [0]
4 106 [0]
25 80 [5]
12 90 [8]
51 60 [0]
50 61 [0]
33 69 [9]
38 74 [0]
49 63 [0]
38 69 [5]
46 58 [8]
44 63 [5]
27 86 [0]
34 79 [0]
24 80 [9]
33 71 [9]
42 72 [0]
50 64 [0]
2 104 [8]
10 99 [5]
11 99 [5]
6 104 [5]
0 110 [5]
29 87 [0]
0 116 [0]
27 80 [9]
22 89 [5]
24 92 [0]
2 109 [5]
12 99 [5]
55 56 [5]
6 112 [0]
56 62 [0]
19 94 [5]
36 77 [5]
52 61 [5]
22 92 [5]
23 91 [5]
28 92 [0]
1 111 [8]
18 97 [5]
5 110 [5]
53 68 [0]
56 65 [0]
13 109 [0]
20 102 [0]
23 99 [0]
14 99 [9]
56 61 [5]
5 113 [5]
55 60 [8]
11 104 [8]
4 120 [0]
7 117 [0]
16 108 [0]
58 60 [6]
6 113 [5]
2 114 [8]
4 116 [5]
46 74 [5]
2 124 [0]
21 96 [9]
0 118 [8]
6 115 [5]
9 118 [0]
41 86 [0]
31 91 [5]
9 112 [6]
28 95 [5]
15 108 [5]
60 63 [5]
41 82 [5]
35 89 [5]
57 72 [0]
55 66 [8]
20 104 [5]
15 109 [5]
14 109 [6]
27 93 [9]
4 121 [5]
4 118 [8]
24 97 [9]
12 112 [6]
64 66 [0]
3 128 [0]
28 103 [0]
32 99 [0]
46 85 [0]
0 123 [8]
2 121 [8]
19 113 [0]
51 81 [0]
1 123 [8]
49 84 [0]
15 113 [5]
24 105 [4]
51 83 [0]
56 73 [5]
31 98 [5]
40 95 [0]
6 124 [5]
21 105 [9]
47 79 [9]
47 89 [0]
46 90 [0]
51 85 [0]
20 111 [5]
27 110 [0]
35 97 [5]
11 121 [5]
43 86 [8]
24 104 [9]
28 104 [5]
9 129 [0]
7 132 [0]
14 125 [0]
30 100 [9]
27 107 [5]
35 99 [5]
3 131 [5]
0 140 [0]
44 96 [0]
50 90 [0]
52 88 [0]
24 107 [9]
32 109 [0]
55 86 [0]
25 111 [5]
43 99 [0]
68 74 [0]
7 127 [8]
22 121 [0]
71 72 [0]
7 131 [5]
0 138 [5]
52 86 [5]
14 120 [9]
33 111 [0]
40 104 [0]
54 90 [0]
51 93 [0]
58 86 [0]
3 142 [0]
31 114 [0]
60 85 [0]
69 76 [0]
10 127 [8]
56 80 [9]
15 131 [0]
6 140 [0]
19 127 [0]
13 128 [5]
37 100 [9]
37 109 [0]
52 94 [0]
52 85 [9]
46 96 [5]
53 94 [0]
8 139 [0]
21 126 [0]
65 82 [0]
1 141 [5]
60 78 [9]
61 86 [0]
50 92 [5]
1 147 [0]
73 75 [0]
2 147 [0]
53 96 [0]
7 142 [0]
16 128 [5]
4 140 [5]
8 133 [8]
3 141 [5]
12 132 [5]
21 119 [9]
20 130 [0]
35 115 [0]
38 107 [5]
73 77 [0]
1 150 [0]
8 143 [0]
75 76 [0]
4 139 [8]
21 121 [9]
1 151 [0]
47 96 [9]
20 126 [6]
20 133 [0]
19 129 [5]
9 139 [5]
2 145 [6]
17 131 [5]
11 143 [0]
61 93 [0]
31 118 [5]
72 73 [9]
41 108 [5]
34 115 [5]
32 123 [0]
0 150 [5]
21 125 [9]
42 114 [0]
66 90 [0]
19 132 [5]
34 117 [5]
49 98 [9]
42 115 [0]
71 86 [0]
51 100 [6]
4 148 [5]
54 98 [5]
16 142 [0]
75 83 [0]
14 135 [9]
58 91 [9]
6 147 [5]
10 142 [6]
54 99 [5]
1 153 [5]
18 141 [0]
47 103 [9]
26 125 [9]
51 103 [6]
19 136 [5]
76 85 [0]
5 151 [5]
18 144 [0]
44 112 [6]
63 93 [6]
23 134 [5]
2 152 [8]
34 119 [9]
75 87 [0]
11 146 [5]
60 103 [0]
62 101 [0]
4 154 [5]
3 155 [5]
58 96 [9]
1 156 [6]
42 116 [6]
9 155 [0]
0 159 [5]
32 127 [5]
2 157 [5]
65 99 [0]
22 137 [5]
67 88 [9]
53 102 [9]
55 110 [0]
0 160 [5]
60 100 [5]
15 144 [6]
17 142 [6]
1 165 [0]
5 161 [0]
24 136 [6]
64 93 [9]
7 152 [8]
37 121 [9]
9 149 [9]
16 146 [5]
1 162 [5]
71 97 [0]
66 93 [9]
40 122 [6]
20 142 [6]
18 146 [5]
0 164 [5]
54 110 [5]
18 143 [8]
5 165 [0]
62 108 [0]
68 96 [6]
23 148 [0]
2 169 [0]
17 149 [5]
78 93 [0]
52 110 [9]
36 129 [6]
57 114 [0]
4 162 [5]
63 108 [0]
18 154 [0]
35 137 [0]
36 130 [6]
39 124 [9]
62 110 [0]
38 135 [0]
59 114 [0]
17 151 [5]
84 89 [0]
0 174 [0]
33 141 [0]
43 131 [0]
62 107 [5]
86 89 [0]
4 166 [5]
33 133 [9]
48 127 [0]
29 147 [0]
81 95 [0]
42 129 [6]
0 177 [0]
7 165 [5]
2 170 [5]
4 167 [6]
5 167 [6]
4 174 [0]
71 107 [0]
70 108 [0]
45 133 [0]
29 149 [0]
66 103 [9]
89 90 [0]
15 159 [5]
6 167 [6]
67 107 [5]
64 116 [0]
34 137 [9]
46 135 [0]
41 134 [6]
77 104 [0]
78 97 [6]
87 88 [6]
14 158 [9]
65 107 [9]
36 146 [0]
79 103 [0]
18 159 [5]
3 174 [5]
33 150 [0]
4 173 [6]
31 147 [5]
62 116 [5]
28 150 [5]
53 124 [6]
18 160 [5]
46 138 [0]
49 129 [6]
69 115 [0]
17 161 [6]
38 147 [0]
5 172 [8]
8 172 [5]
6 174 [5]
36 140 [9]
6 173 [6]
28 152 [5]
15 166 [5]
0 180 [6]
6 175 [5]
17 164 [5]
49 128 [9]
84 96 [6]
68 113 [6]
26 152 [9]
48 139 [0]
74 111 [2]
6 176 [5]
53 135 [0]
44 144 [0]
14 165 [9]
44 138 [6]
91 97 [0]
2 181 [5]
52 131 [6]
3 186 [0]
35 145 [9]
74 115 [0]
14 166 [9]
19 165 [5]
27 163 [0]
17 173 [0]
38 146 [6]
23 167 [0]
75 115 [0]
17 167 [6]
81 103 [6]
12 179 [0]
22 169 [0]
87 104 [0]
14 172 [5]
1 191 [0]
45 147 [0]
0 192 [0]
19 168 [5]
69 123 [0]
84 102 [6]
18 169 [5]
76 115 [1]
10 177 [5]
67 126 [0]
95 98 [0]
16 172 [5]
65 122 [6]
10 178 [6]
4 190 [0]
33 161 [0]
10 179 [5]
65 120 [9]
84 107 [3]
9 176 [9]
77 108 [9]
2 187 [5]
0 189 [5]
25 170 [0]
84 111 [0]
26 160 [9]
4 185 [6]
63 133 [0]
64 126 [6]
22 175 [0]
52 145 [0]
8 184 [5]
7 191 [0]
2 196 [0]
4 194 [0]
70 128 [0]
76 122 [0]
57 132 [9]
2 190 [6]
76 116 [6]
30 169 [0]
57 142 [0]
58 132 [9]
74 119 [6]
51 144 [4]
50 141 [9]
19 181 [0]
94 106 [0]
78 122 [0]
65 129 [6]
17 184 [0]
7 194 [0]
92 104 [5]
55 141 [5]
7 189 [5]
12 183 [6]
88 113 [0]
3 193 [5]
21 171 [9]
99 102 [0]
41 161 [0]
28 174 [0]
28 168 [6]
31 171 [0]
59 143 [0]
85 117 [0]
1 202 [0]
0 194 [9]
6 191 [6]
0 204 [0]
1 203 [0]
48 153 [3]
30 168 [6]
2 203 [0]
57 143 [5]
30 166 [9]
6 193 [6]
36 170 [0]
19 182 [5]
66 134 [6]
91 109 [6]
26 181 [0]
39 168 [0]
9 194 [4]
51 157 [0]
34 165 [9]
26 183 [0]
38 171 [0]
91 118 [0]
72 128 [9]
20 184 [5]
35 174 [0]
64 136 [9]
49 156 [4]
77 126 [6]
57 152 [0]
83 122 [4]
36 165 [9]
60 144 [6]
65 137 [9]
94 117 [0]
45 160 [6]
91 111 [9]
31 175 [5]
13 193 [5]
66 136 [9]
63 139 [9]
36 166 [9]
40 162 [9]
44 161 [6]
0 203 [8]
50 162 [0]
17 195 [0]
21 186 [5]
75 131 [6]
75 137 [0]
81 131 [0]
50 163 [0]
7 201 [5]
12 195 [6]
59 148 [6]
46 162 [5]
0 208 [5]
1 213 [0]
11 203 [0]
12 202 [0]
11 198 [5]
9 199 [6]
12 196 [6]
6 202 [6]
107 108 [0]
40 166 [9]
66 141 [9]
20 196 [0]
7 204 [5]
33 177 [6]
61 155 [0]
12 199 [5]
1 210 [5]
84 126 [6]
15 195 [6]
94 123 [0]
2 215 [0]
10 207 [0]
46 171 [0]
84 128 [5]
51 166 [0]
97 118 [2]
98 114 [5]
71 142 [4]
84 133 [1]
7 206 [5]
7 205 [6]
53 159 [6]
53 161 [4]
39 173 [6]
15 194 [9]
7 212 [0]
44 175 [0]
16 197 [6]
1 212 [6]
4 210 [5]
25 185 [9]
99 120 [0]
55 159 [5]
92 127 [0]
4 216 [0]
13 207 [0]
58 162 [0]
61 150 [9]
85 131 [4]
17 194 [9]
97 115 [9]
26 195 [0]
91 130 [0]
59 162 [0]
98 123 [0]
89 132 [0]
67 145 [9]
10 206 [5]
21 201 [0]
28 185 [9]
3 213 [6]
86 130 [6]
8 208 [6]
1 222 [0]
4 219 [0]
15 208 [0]
85 138 [0]
13 204 [6]
99 115 [9]
62 161 [0]
50 164 [9]
87 136 [0]
61 162 [0]
11 206 [6]
62 155 [6]
18 200 [6]
7 217 [0]
41 183 [0]
88 136 [0]
6 212 [6]
78 146 [0]
87 137 [0]
51 171 [2]
8 217 [0]
16 209 [0]
63 162 [0]
10 209 [6]
5 221 [0]
60 166 [0]
66 151 [9]
71 149 [6]
49 178 [0]
80 147 [0]
89 138 [0]
34 184 [9]
35 188 [4]
28 190 [9]
6 222 [0]
63 161 [4]
18 210 [0]
97 125 [6]
74 154 [0]
15 207 [6]
60 169 [0]
50 173 [6]
29 200 [0]
36 193 [0]
43 186 [0]
32 191 [6]
66 163 [0]
55 168 [6]
11 212 [6]
97 126 [6]
93 136 [0]
94 131 [4]
24 199 [6]
22 199 [9]
53 177 [0]
55 175 [0]
81 149 [0]
60 161 [9]
80 150 [0]
27 197 [6]
115 116 [0]
9 222 [0]
57 165 [9]
0 226 [5]
60 162 [9]
110 121 [0]
58 173 [0]
17 215 [0]
11 221 [0]
22 201 [9]
28 198 [6]
50 176 [6]
47 179 [6]
102 126 [4]
6 220 [6]
1 225 [6]
66 167 [0]
16 217 [0]
96 137 [0]
61 172 [0]
62 171 [0]
4 223 [6]
11 217 [5]
115 119 [0]
47 178 [9]
50 180 [4]
66 159 [9]
68 160 [6]
10 218 [6]
44 186 [5]
41 194 [0]
78 157 [0]
89 140 [6]
70 161 [4]
21 208 [6]
0 230 [5]
63 166 [6]
9 218 [9]
19 211 [6]
17 213 [6]
92 138 [6]
94 138 [4]
40 197 [0]
44 193 [0]
91 140 [6]
15 213 [9]
95 138 [4]
91 142 [4]
2 236 [0]
15 223 [0]
10 219 [9]
18 211 [9]
116 122 [0]
79 155 [4]
14 225 [0]
27 203 [9]
46 187 [6]
7 227 [5]
19 221 [0]
39 201 [0]
20 211 [9]
43 197 [0]
59 172 [9]
87 153 [0]
28 206 [6]
22 209 [9]
103 137 [0]
100 140 [0]
2 239 [0]
27 214 [0]
78 163 [0]
47 185 [9]
45 192 [4]
21 214 [6]
37 205 [0]
67 175 [0]
12 231 [0]
93 146 [4]
97 140 [6]
61 176 [6]
10 227 [6]
39 198 [6]
3 241 [0]
17 227 [0]
56 182 [6]
79 165 [0]
61 183 [0]
13 225 [6]
102 136 [6]
87 157 [0]
59 186 [0]
45 200 [0]
97 139 [9]
2 237 [6]
48 197 [0]
54 185 [6]
0 239 [6]
27 209 [9]
89 147 [9]
77 169 [0]
25 212 [9]
30 210 [6]
55 185 [6]
17 224 [5]
70 173 [4]
83 164 [0]
117 126 [4]
26 212 [9]
8 233 [6]
72 166 [9]
10 238 [0]
26 222 [0]
28 214 [6]
34 205 [9]
4 238 [6]
24 220 [4]
84 158 [6]
2 247 [0]
49 200 [0]
27 216 [6]
71 178 [0]
29 216 [4]
14 231 [4]
89 156 [4]
27 213 [9]
118 123 [9]
60 190 [0]
122 124 [4]
115 129 [6]
7 243 [0]
118 132 [0]
63 181 [6]
21 223 [6]
47 197 [6]
88 158 [4]
25 226 [0]
8 237 [6]
10 236 [5]
68 177 [6]
43 202 [6]
15 237 [0]
50 196 [6]
94 153 [6]
16 237 [0]
56 197 [0]
42 207 [4]
94 159 [0]
102 151 [0]
29 225 [0]
8 246 [0]
2 246 [6]
84 164 [6]
94 156 [4]
61 187 [6]
6 239 [9]
27 218 [9]
97 157 [0]
2 253 [0]
117 134 [4]
91 158 [6]
102 149 [4]
64 192 [0]
107 149 [0]
112 144 [0]
53 197 [6]
17 233 [6]
27 223 [6]
84 166 [6]
98 154 [4]
83 171 [2]
122 135 [0]
61 196 [0]
8 243 [6]
70 181 [6]
72 179 [6]
87 164 [6]
66 185 [6]
60 189 [9]
9 249 [0]
66 183 [9]
39 219 [0]
70 182 [6]
115 137 [6]
59 199 [0]
44 205 [9]
2 251 [5]
10 242 [6]
70 188 [0]
76 178 [4]
57 202 [0]
10 249 [0]
0 254 [5]
112 145 [2]
20 233 [6]
28 222 [9]
58 192 [9]
71 182 [6]
109 151 [0]
16 235 [9]
95 159 [6]
45 211 [4]
36 225 [0]
110 151 [0]
20 236 [5]
30 222 [9]
8 244 [9]
11 251 [0]
88 174 [0]
106 156 [0]
68 195 [0]
8 255 [0]
39 215 [9]
102 161 [0]
21 240 [2]
109 154 [0]
12 245 [6]
40 217 [6]
108 156 [0]
8 250 [6]
127 128 [9]
21 234 [9]
84 174 [6]
119 139 [6]
130 134 [0]
56 209 [0]
33 228 [4]
1 258 [6]
88 168 [9]
27 235 [4]
2 259 [5]
21 236 [9]
53 214 [0]
94 173 [0]
64 197 [6]
55 206 [6]
23 235 [9]
23 238 [6]
66 202 [0]
19 249 [0]
82 186 [0]
78 190 [0]
122 146 [0]
25 244 [0]
40 229 [0]
95 170 [4]
88 177 [4]
107 163 [0]
8 262 [0]
17 253 [0]
47 219 [4]
0 262 [9]
108 163 [0]
126 139 [6]
13 249 [9]
96 175 [0]
84 183 [4]
7 255 [9]
2 260 [9]
6 266 [0]
76 196 [0]
9 254 [9]
3 260 [9]
126 146 [0]
36 237 [0]
11 262 [0]
124 149 [0]
111 153 [9]
10 257 [6]
34 233 [6]
16 251 [6]
44 224 [5]
69 198 [6]
30 244 [0]
4 270 [0]
54 211 [9]
68 202 [4]
52 216 [6]
1 264 [9]
78 194 [2]
6 264 [4]
123 152 [0]
55 211 [9]
103 168 [4]
114 155 [6]
71 205 [0]
1 266 [9]
43 233 [0]
29 243 [4]
130 146 [0]
15 252 [9]
80 197 [0]
42 235 [0]
38 233 [6]
98 179 [0]
130 147 [0]
2 266 [9]
107 164 [6]
6 262 [9]
106 172 [0]
106 168 [4]
44 225 [9]
63 212 [4]
2 277 [0]
127 152 [0]
19 254 [6]
3 267 [9]
93 182 [4]
4 266 [9]
132 141 [6]
44 226 [9]
50 220 [9]
10 260 [9]
138 142 [0]
23 257 [0]
44 230 [6]
26 248 [6]
65 211 [4]
3 271 [6]
65 215 [0]
87 193 [0]
88 192 [0]
54 221 [5]
87 190 [4]
4 271 [6]
140 141 [0]
70 212 [0]
39 243 [0]
23 259 [0]
7 266 [9]
120 162 [0]
95 183 [4]
17 259 [6]
53 225 [4]
60 216 [6]
139 143 [0]
134 148 [0]
122 157 [4]
80 203 [0]
45 239 [0]
90 185 [9]
73 207 [4]
43 232 [9]
6 272 [7]
84 195 [6]
93 192 [0]
76 205 [4]
125 160 [0]
98 183 [4]
74 207 [4]
126 160 [0]
60 226 [0]
16 270 [0]
75 207 [4]
53 227 [6]
8 269 [9]
131 155 [0]
63 217 [6]
139 147 [0]
104 176 [6]
6 271 [9]
30 257 [0]
131 156 [0]
36 251 [0]
47 240 [0]
51 236 [0]
83 200 [4]
97 188 [2]
129 158 [0]
6 282 [0]
1 287 [0]
124 164 [0]
0 282 [6]
47 241 [0]
106 182 [0]
50 239 [0]
90 199 [0]
126 163 [0]
95 190 [4]
50 230 [9]
93 194 [2]
21 264 [4]
106 180 [4]
62 228 [0]
64 226 [0]
88 202 [0]
13 273 [4]
84 202 [4]
44 247 [0]
116 175 [0]
58 229 [4]
104 181 [6]
1 284 [6]
141 150 [0]
67 215 [9]
2 290 [0]
6 286 [0]
17 266 [9]
93 190 [9]
61 231 [0]
64 228 [0]
49 239 [4]
112 180 [0]
109 184 [0]
4 283 [6]
7 277 [9]
138 151 [4]
62 222 [9]
54 233 [6]
95 199 [0]
0 285 [9]
4 284 [6]
8 280 [6]
35 255 [4]
5 290 [0]
94 201 [0]
48 240 [7]
38 253 [4]
64 232 [0]
9 287 [0]
75 221 [0]
133 163 [0]
111 185 [0]
66 231 [0]
18 272 [7]
103 185 [9]
68 223 [6]
111 186 [0]
90 208 [0]
2 296 [0]
93 205 [0]
86 206 [6]
33 259 [6]
110 184 [4]
101 197 [0]
27 271 [0]
32 257 [9]
90 202 [6]
7 286 [6]
34 265 [0]
10 283 [6]
112 187 [0]
130 165 [4]
2 291 [6]
98 202 [0]
147 153 [0]
124 167 [9]
139 155 [6]
3 291 [6]
74 222 [4]
140 156 [4]
128 172 [0]
1 294 [5]
134 167 [0]
3 292 [6]
95 202 [4]
46 246 [9]
124 172 [6]
1 295 [6]
93 203 [6]
71 227 [4]
37 261 [4]
87 211 [4]
56 242 [4]
54 249 [0]
99 204 [0]
24 275 [4]
121 178 [4]
102 197 [4]
77 222 [4]
119 184 [0]
14 290 [0]
33 271 [0]
147 151 [6]
83 221 [0]
5 293 [6]
143 155 [6]
64 241 [0]
72 233 [0]
129 176 [0]
134 171 [0]
39 257 [9]
26 272 [7]
30 273 [2]
73 233 [0]
23 274 [9]
59 240 [7]
0 297 [9]
39 258 [9]
94 208 [4]
66 241 [0]
43 264 [0]
101 206 [0]
47 256 [4]
116 187 [4]
43 260 [4]
12 286 [9]
17 281 [9]
37 271 [0]
96 208 [4]
107 195 [6]
78 226 [4]
16 283 [9]
0 309 [0]
85 224 [0]
141 168 [0]
25 275 [9]
115 195 [0]
111 193 [6]
18 283 [9]
32 269 [9]
150 161 [0]
6 306 [0]
65 247 [0]
151 161 [0]
9 294 [9]
22 282 [9]
110 203 [0]
120 193 [0]
114 193 [6]
38 273 [2]
123 190 [0]
147 160 [6]
9 295 [9]
68 241 [4]
118 189 [6]
130 184 [0]
77 237 [0]
125 189 [0]
44 266 [4]
1 307 [6]
51 263 [0]
3 305 [6]
58 252 [4]
3 312 [0]
96 219 [0]
131 184 [0]
49 264 [2]
82 224 [9]
70 241 [4]
92 224 [0]
31 285 [0]
46 266 [4]
37 272 [7]
138 178 [0]
130 183 [3]
129 178 [9]
24 289 [4]
0 317 [0]
17 300 [0]
125 186 [6]
72 245 [0]
127 188 [2]
46 267 [4]
145 172 [0]
52 256 [9]
12 296 [9]
79 230 [9]
97 219 [2]
29 289 [0]
56 262 [0]
108 206 [4]
135 183 [0]
105 213 [0]
40 279 [0]
136 183 [0]
78 239 [2]
31 279 [9]
146 171 [2]
2 318 [0]
21 299 [0]
99 212 [9]
132 182 [6]
3 311 [6]
8 303 [9]
104 212 [4]
69 251 [0]
71 245 [4]
59 262 [0]
18 303 [0]
54 263 [4]
102 219 [0]
120 201 [0]
19 293 [9]
121 200 [0]
56 259 [6]
37 285 [0]
76 242 [4]
109 204 [9]
59 264 [0]
66 257 [0]
58 261 [4]
105 218 [0]
155 164 [4]
86 228 [9]
3 321 [0]
12 308 [4]
100 224 [0]
124 191 [9]
18 297 [9]
45 277 [2]
63 257 [4]
77 247 [0]
55 265 [4]
154 170 [0]
121 203 [1]
31 294 [0]
52 269 [4]
70 253 [2]
4 315 [6]
46 270 [9]
128 193 [4]
147 178 [0]
123 198 [4]
159 166 [0]
7 315 [4]
58 266 [2]
6 311 [9]
13 305 [9]
124 203 [0]
6 321 [0]
17 301 [9]
13 314 [0]
80 240 [7]
148 179 [0]
37 286 [4]
72 253 [2]
17 302 [9]
97 231 [0]
108 220 [0]
20 306 [2]
41 283 [4]
138 187 [3]
162 166 [0]
125 199 [4]
159 169 [0]
79 245 [4]
120 209 [0]
7 322 [0]
127 196 [6]
131 198 [0]
77 248 [4]
21 306 [2]
20 309 [0]
92 237 [0]
6 314 [9]
148 181 [0]
13 317 [0]
90 231 [9]
4 317 [9]
154 176 [0]
92 238 [0]
37 287 [6]
72 259 [0]
60 271 [0]
97 234 [0]
118 213 [0]
139 188 [4]
30 297 [4]
69 260 [2]
123 203 [5]
2 323 [6]
54 273 [4]
14 314 [4]
53 279 [0]
1 331 [0]
122 210 [0]
165 166 [1]
32 296 [4]
73 260 [0]
103 230 [0]
163 170 [0]
107 222 [4]
163 166 [4]
23 304 [6]
165 169 [0]
78 247 [9]
64 270 [0]
84 250 [0]
113 221 [0]
25 305 [4]
34 296 [4]
27 303 [4]
23 302 [9]
47 283 [4]
43 292 [0]
98 237 [0]
10 326 [0]
56 276 [4]
28 306 [2]
128 209 [0]
3 334 [0]
136 192 [9]
83 254 [0]
160 177 [0]
9 324 [4]
24 309 [4]
9 325 [4]
0 338 [0]
82 252 [4]
143 186 [9]
73 263 [2]
63 273 [2]
31 298 [9]
13 326 [0]
44 295 [0]
74 265 [0]
157 182 [0]
53 282 [4]
121 209 [9]
10 320 [9]
0 340 [0]
158 182 [0]
106 230 [4]
137 199 [4]
58 276 [6]
19 315 [6]
14 322 [4]
15 326 [0]
40 297 [4]
20 317 [4]
159 178 [4]
7 328 [6]
22 310 [9]
92 250 [0]
72 270 [0]
9 333 [0]
106 232 [4]
19 323 [0]
118 224 [0]
4 332 [6]
155 187 [0]
127 211 [4]
7 336 [0]
75 268 [0]
11 323 [9]
167 172 [4]
44 290 [9]
64 277 [2]
150 194 [0]
52 292 [0]
107 233 [4]
30 310 [4]
133 207 [4]
89 253 [2]
98 247 [0]
27 314 [4]
49 292 [4]
2 339 [4]
21 320 [4]
76 269 [0]
105 240 [0]
83 255 [7]
123 223 [0]
8 338 [0]
53 287 [6]
136 201 [9]
41 305 [0]
25 313 [9]
4 343 [0]
116 222 [9]
42 305 [0]
4 334 [9]
57 288 [2]
114 229 [4]
58 289 [0]
35 303 [9]
162 181 [4]
77 270 [0]
71 274 [2]
157 190 [0]
16 332 [0]
23 325 [0]
133 211 [4]
33 311 [4]
68 276 [4]
66 278 [4]
91 255 [2]
30 318 [0]
59 290 [0]
95 250 [4]
20 325 [4]
70 275 [4]
46 299 [4]
57 289 [4]
75 275 [0]
1 340 [9]
7 339 [4]
7 337 [6]
23 321 [6]
109 242 [0]
4 347 [0]
37 310 [4]
87 262 [2]
126 225 [0]
141 207 [4]
6 346 [0]
173 179 [0]
32 311 [9]
2 344 [6]
67 281 [4]
123 225 [4]
72 278 [2]
166 182 [4]
129 214 [9]
69 284 [0]
29 324 [0]
147 202 [4]
12 339 [2]
13 331 [9]
49 304 [0]
137 207 [9]
54 299 [0]
60 287 [6]
21 328 [4]
121 228 [4]
4 340 [9]
80 271 [2]
67 287 [0]
26 328 [0]
89 265 [0]
127 221 [6]
102 252 [0]
0 348 [6]
15 335 [4]
119 236 [0]
33 322 [0]
41 314 [0]
133 218 [4]
81 270 [4]
50 305 [0]
152 203 [0]
79 276 [0]
34 317 [4]
16 330 [9]
174 181 [0]
44 312 [0]
1 349 [6]
152 204 [0]
40 314 [2]
17 330 [9]
34 313 [9]
81 271 [4]
33 324 [0]
25 328 [4]
102 255 [0]
97 256 [4]
143 214 [0]
106 247 [4]
137 211 [9]
164 193 [0]
165 192 [0]
100 258 [0]
48 308 [2]
89 267 [2]
144 214 [0]
94 262 [2]
145 213 [0]
7 347 [4]
63 296 [0]
54 296 [9]
138 221 [0]
168 191 [0]
6 344 [9]
125 232 [2]
97 260 [2]
10 345 [4]
2 358 [0]
22 338 [0]
106 254 [0]
174 183 [3]
14 339 [7]
11 345 [4]
9 342 [9]
22 332 [6]
26 330 [4]
4 357 [0]
82 272 [7]
62 290 [9]
22 335 [4]
5 357 [0]
168 194 [0]
152 206 [4]
41 321 [0]
172 188 [2]
34 319 [9]
172 184 [6]
32 331 [0]
7 356 [0]
95 268 [0]
168 192 [3]
7 352 [4]
78 278 [7]
156 207 [0]
177 182 [4]
122 242 [0]
1 359 [4]
149 215 [0]
35 325 [4]
130 232 [2]
35 327 [2]
10 352 [2]
95 270 [0]
66 295 [4]
151 205 [9]
8 348 [9]
85 276 [4]
57 304 [4]
15 341 [9]
4 362 [0]
75 291 [0]
83 283 [0]
105 261 [0]
9 353 [4]
150 212 [4]
7 355 [4]
74 293 [0]
157 210 [0]
177 190 [0]
2 361 [4]
34 334 [0]
88 273 [7]
125 234 [9]
0 364 [4]
70 295 [4]
21 348 [0]
135 228 [6]
11 349 [9]
1 364 [4]
11 358 [0]
58 307 [4]
167 202 [0]
88 281 [0]
111 258 [0]
16 354 [0]
10 360 [0]
30 340 [0]
90 280 [0]
157 204 [9]
124 244 [2]
86 275 [9]
119 242 [9]
149 219 [2]
51 318 [2]
133 238 [0]
131 238 [2]
94 277 [0]
144 227 [0]
42 330 [0]
142 230 [0]
112 253 [7]
154 210 [9]
122 251 [0]
12 361 [0]
24 349 [0]
53 316 [4]
27 339 [7]
152 221 [0]
168 206 [0]
23 351 [0]
165 209 [0]
178 196 [0]
34 336 [4]
93 279 [2]
107 267 [0]
39 331 [4]
127 248 [0]
2 373 [0]
5 370 [0]
187 188 [0]
14 357 [4]
167 208 [0]
40 336 [0]
100 274 [2]
2 365 [9]
79 295 [2]
125 252 [0]
12 365 [0]
153 224 [0]
44 329 [4]
123 250 [4]
173 201 [3]
17 360 [0]
111 264 [2]
57 316 [4]
121 256 [0]
23 352 [2]
39 334 [4]
1 373 [4]
102 274 [2]
6 363 [9]
16 362 [0]
3 366 [9]
20 349 [9]
59 319 [0]
166 208 [4]
75 303 [0]
135 244 [0]
36 343 [0]
6 373 [0]
74 305 [0]
75 300 [4]
141 238 [0]
111 266 [2]
66 309 [4]
177 202 [0]
16 359 [4]
142 235 [2]
60 316 [4]
163 217 [0]
1 379 [0]
1 375 [4]
73 303 [4]
5 366 [9]
69 311 [0]
50 321 [9]
168 210 [2]
23 355 [2]
20 351 [9]
74 306 [0]
154 217 [9]
140 240 [0]
55 326 [0]
17 364 [0]
49 332 [0]
68 306 [7]
98 283 [0]
45 332 [4]
59 318 [4]
6 371 [4]
61 316 [4]
174 203 [4]
183 196 [2]
89 293 [0]
36 346 [0]
3 379 [0]
176 197 [9]
7 369 [6]
47 331 [4]
31 342 [9]
95 288 [0]
25 354 [4]
173 210 [0]
107 274 [2]
0 374 [9]
37 346 [0]
6 368 [9]
87 296 [0]
128 253 [2]
17 357 [9]
129 245 [9]
157 226 [0]
79 305 [0]
113 271 [0]
3 372 [9]
32 343 [9]
6 374 [4]
79 306 [0]
84 299 [2]
123 260 [2]
181 201 [3]
6 375 [4]
144 242 [0]
0 386 [0]
117 267 [2]
39 345 [2]
128 254 [4]
0 382 [4]
136 241 [9]
135 251 [0]
110 276 [0]
23 359 [4]
136 249 [2]
10 377 [0]
125 255 [7]
170 217 [0]
6 372 [9]
41 339 [7]
28 360 [0]
90 289 [9]
3 385 [0]
107 281 [0]
100 286 [2]
124 264 [0]
148 240 [0]
70 316 [2]
74 310 [4]
63 324 [2]
159 226 [4]
31 358 [0]
12 377 [0]
23 357 [9]
2 383 [4]
121 268 [0]
73 314 [2]
130 259 [0]
37 353 [0]
111 275 [4]
7 374 [9]
56 327 [7]
190 197 [3]
36 355 [0]
167 224 [0]
190 198 [3]
16 371 [4]
104 285 [2]
34 355 [2]
79 310 [2]
117 272 [3]
35 348 [9]
90 302 [0]
177 215 [0]
73 317 [2]
11 372 [9]
2 391 [0]
67 322 [4]
16 377 [0]
195 198 [0]
90 303 [0]
95 298 [0]
126 267 [0]
143 251 [0]
75 317 [2]
195 199 [0]
163 232 [0]
2 393 [0]
18 373 [4]
171 224 [0]
0 391 [4]
41 351 [4]
87 309 [0]
115 281 [0]
0 387 [9]
98 294 [4]
43 349 [4]
60 337 [0]
115 282 [0]
195 202 [0]
22 371 [4]
130 260 [7]
63 327 [7]
3 395 [0]
4 394 [0]
57 341 [0]
176 214 [8]
21 373 [4]
191 198 [9]
199 200 [0]
51 344 [4]
62 333 [4]
63 336 [0]
65 334 [0]
96 303 [0]
102 297 [0]
124 270 [5]
45 347 [7]
147 253 [0]
175 225 [0]
1 395 [4]
34 364 [2]
9 387 [4]
30 366 [4]
66 335 [0]
40 359 [2]
92 305 [4]
7 385 [9]
191 210 [0]
1 401 [0]
7 389 [6]
20 382 [0]
181 219 [2]
32 370 [0]
49 353 [0]
68 334 [0]
6 387 [9]
77 326 [0]
0 403 [0]
19 382 [2]
54 347 [2]
51 345 [7]
130 270 [3]
161 242 [0]
15 389 [0]
35 369 [0]
9 391 [4]
175 220 [9]
16 379 [9]
9 386 [9]
111 294 [0]
112 293 [0]
112 290 [3]
46 350 [9]
32 373 [0]
80 323 [2]
30 373 [2]
8 388 [9]
107 296 [2]
179 226 [0]
106 295 [4]
136 270 [0]
58 348 [0]
182 221 [3]
11 391 [4]
159 240 [7]
58 347 [2]
7 400 [0]
112 292 [3]
82 321 [4]
65 342 [0]
114 293 [0]
158 249 [0]
141 264 [2]
2 401 [4]
194 213 [0]
122 278 [7]
58 346 [4]
10 398 [0]
0 408 [0]
1 407 [0]
90 309 [9]
116 292 [0]
128 276 [4]
109 297 [2]
84 322 [2]
2 397 [9]
8 401 [0]
199 210 [0]
12 388 [9]
137 273 [0]
174 236 [0]
11 395 [4]
2 399 [9]
154 247 [9]
156 254 [0]
47 364 [0]
52 359 [0]
112 299 [0]
123 284 [4]
107 300 [4]
90 317 [4]
3 399 [9]
47 360 [4]
11 401 [0]
56 356 [0]
150 258 [4]
190 222 [0]
197 216 [0]
59 354 [0]
37 372 [4]
159 252 [2]
187 226 [0]
1 408 [4]
6 405 [2]
116 295 [2]
53 358 [2]
52 362 [0]
6 399 [9]
173 239 [2]
2 408 [4]
7 398 [9]
110 302 [2]
189 226 [0]
108 305 [2]
116 290 [9]
1 415 [0]
23 393 [0]
111 305 [0]
15 400 [1]
34 378 [4]
69 344 [4]
200 217 [0]
16 401 [0]
57 358 [2]
27 386 [4]
101 313 [3]
19 389 [9]
43 370 [4]
184 233 [0]
196 221 [0]
22 393 [2]
2 416 [0]
93 325 [0]
172 244 [2]
103 315 [0]
196 220 [2]
176 233 [9]
56 360 [2]
41 375 [2]
25 389 [4]
112 306 [0]
10 409 [0]
180 239 [0]
10 405 [4]
156 261 [2]
63 356 [0]
187 229 [3]
90 329 [0]
12 398 [9]
100 319 [0]
19 400 [1]
25 395 [0]
146 274 [0]
171 249 [0]
6 412 [2]
175 245 [0]
59 357 [4]
74 339 [7]
3 415 [2]
13 403 [4]
26 395 [0]
191 230 [0]
25 394 [2]
75 339 [7]
153 268 [0]
86 333 [2]
148 272 [1]
98 322 [2]
34 388 [0]
75 343 [4]
21 401 [0]
73 349 [0]
84 336 [2]
120 302 [0]
145 277 [0]
2 421 [0]
122 301 [0]
48 373 [2]
75 346 [2]
180 243 [0]
16 403 [4]
144 280 [0]
84 340 [0]
184 238 [2]
48 374 [2]
2 413 [9]
4 421 [0]
54 371 [0]
83 339 [3]
17 409 [0]
86 340 [0]
36 386 [4]
147 272 [7]
154 265 [7]
14 410 [2]
44 380 [2]
138 286 [2]
5 422 [0]
46 381 [0]
50 377 [0]
74 353 [0]
46 377 [4]
107 318 [2]
52 373 [2]
108 312 [7]
108 320 [0]
144 277 [7]
20 404 [4]
160 259 [9]
134 292 [3]
196 233 [0]
10 419 [0]
8 417 [4]
2 427 [0]
112 317 [0]
104 321 [4]
81 344 [4]
201 228 [0]
176 254 [0]
69 361 [0]
131 299 [0]
62 362 [6]
23 403 [4]
203 223 [4]
47 379 [4]
79 349 [2]
164 267 [0]
27 404 [0]
197 232 [2]
87 344 [0]
208 223 [0]
111 320 [0]
195 234 [3]
152 278 [2]
71 359 [2]
3 428 [2]
142 289 [2]
18 411 [4]
48 385 [0]
87 342 [4]
129 304 [0]
23 411 [0]
209 225 [0]
159 275 [0]
145 289 [0]
11 421 [2]
0 432 [2]
75 359 [0]
82 352 [0]
102 330 [2]
86 348 [0]
120 314 [0]
111 324 [0]
52 379 [4]
5 428 [2]
25 406 [4]
28 403 [4]
43 393 [0]
55 381 [0]
173 261 [2]
112 324 [0]
90 337 [9]
71 358 [7]
117 315 [4]
9 425 [2]
104 328 [4]
18 419 [0]
12 425 [0]
22 411 [4]
187 250 [0]
17 416 [4]
44 389 [4]
156 281 [1]
66 368 [4]
12 426 [0]
109 326 [3]
49 389 [0]
108 330 [0]
48 386 [4]
188 249 [1]
63 373 [2]
193 245 [0]
4 435 [0]
66 373 [0]
216 223 [0]
96 341 [2]
168 264 [7]
80 357 [2]
11 429 [0]
100 338 [2]
12 424 [4]
89 351 [0]
101 339 [0]
73 365 [2]
169 271 [0]
13 424 [4]
69 370 [2]
11 428 [2]
18 423 [0]
13 428 [0]
48 391 [2]
71 368 [2]
2 440 [0]
157 285 [0]
169 273 [0]
94 346 [2]
218 222 [2]
19 414 [9]
21 417 [4]
11 432 [0]
34 409 [0]
44 399 [0]
186 255 [2]
98 345 [0]
108 335 [0]
180 262 [1]
126 315 [2]
144 298 [2]
4 436 [4]
123 321 [0]
186 258 [0]
23 417 [4]
177 258 [9]
88 354 [2]
60 381 [4]
120 325 [0]
99 346 [0]
40 402 [3]
38 407 [0]
56 387 [2]
22 421 [2]
84 361 [0]
153 292 [0]
86 359 [0]
12 434 [0]
25 421 [0]
26 420 [0]
22 422 [2]
37 409 [0]
132 314 [0]
155 291 [0]
7 430 [9]
65 381 [0]
106 333 [7]
62 383 [2]
201 246 [0]
21 424 [2]
83 362 [2]
15 431 [1]
49 397 [2]
0 448 [0]
180 268 [0]
7 437 [4]
56 390 [2]
150 296 [2]
8 436 [4]
32 409 [7]
89 357 [2]
100 346 [2]
130 319 [0]
212 237 [0]
211 238 [0]
208 239 [2]
139 308 [2]
83 367 [0]
100 350 [0]
74 374 [2]
126 322 [2]
48 402 [0]
175 272 [3]
11 437 [2]
48 398 [4]
143 307 [0]
169 279 [2]
43 398 [9]
162 288 [0]
115 334 [2]
114 335 [2]
9 438 [4]
188 263 [0]
204 247 [0]
65 384 [2]
158 294 [0]
1 451 [0]
204 248 [0]
66 386 [0]
37 413 [2]
193 259 [0]
191 258 [3]
196 254 [2]
209 243 [0]
98 347 [7]
109 341 [2]
87 366 [0]
114 339 [0]
19 432 [2]
148 303 [2]
126 320 [7]
7 438 [9]
33 421 [0]
215 230 [9]
158 287 [9]
6 439 [9]
171 283 [0]
90 360 [4]
185 270 [0]
12 443 [0]
5 446 [4]
6 445 [4]
218 237 [0]
4 447 [4]
45 411 [0]
197 259 [0]
97 352 [7]
46 408 [2]
88 366 [2]
103 351 [2]
120 337 [0]
11 444 [2]
164 291 [2]
8 449 [0]
72 383 [2]
7 446 [4]
38 417 [2]
0 455 [2]
30 427 [0]
92 362 [4]
4 445 [9]
129 329 [0]
43 406 [9]
102 354 [2]
134 317 [7]
6 448 [4]
67 387 [4]
66 388 [4]
46 413 [0]
22 437 [0]
39 414 [6]
130 326 [3]
173 284 [2]
8 447 [4]
205 254 [0]
85 372 [2]
214 245 [0]
210 249 [0]
49 406 [4]
58 400 [1]
227 233 [0]
51 407 [2]
14 444 [2]
226 232 [2]
0 459 [2]
0 461 [0]
2 455 [4]
81 378 [2]
91 370 [0]
15 442 [4]
76 383 [2]
58 403 [0]
63 398 [0]
71 388 [2]
198 261 [2]
21 441 [0]
88 374 [0]
95 367 [0]
68 390 [4]
115 343 [4]
228 234 [0]
166 297 [0]
19 444 [0]
155 301 [7]
225 238 [0]
178 283 [2]
31 431 [1]
16 438 [9]
84 377 [2]
137 324 [2]
109 351 [3]
21 440 [2]
1 453 [9]
59 402 [3]
3 459 [2]
61 399 [4]
150 314 [0]
217 247 [0]
63 402 [0]
72 393 [0]
0 465 [0]
11 454 [0]
97 366 [2]
121 342 [2]
97 368 [0]
59 404 [2]
7 459 [0]
185 281 [0]
179 287 [0]
228 231 [7]
18 439 [9]
138 326 [3]
232 235 [0]
32 428 [7]
82 383 [2]
39 424 [4]
223 241 [3]
60 403 [4]
3 458 [6]
211 256 [0]
13 452 [2]
185 283 [0]
64 404 [0]
52 409 [7]
81 385 [2]
15 451 [2]
56 405 [7]
80 388 [0]
36 431 [1]
78 388 [2]
79 382 [7]
11 458 [0]
149 320 [0]
92 377 [0]
106 363 [0]
12 455 [2]
7 453 [9]
134 335 [0]
134 329 [7]
210 258 [2]
102 366 [2]
209 260 [1]
149 314 [7]
233 234 [3]
8 460 [2]
79 389 [2]
175 295 [0]
225 243 [2]
53 416 [2]
17 454 [0]
162 307 [2]
185 286 [0]
70 394 [7]
200 271 [0]
176 288 [7]
133 336 [2]
44 425 [2]
165 307 [0]
75 395 [2]
33 431 [8]
157 308 [7]
118 350 [4]
56 416 [0]
133 337 [2]
21 449 [2]
182 290 [0]
82 386 [4]
190 282 [0]
207 264 [1]
85 380 [7]
6 458 [9]
41 432 [0]
74 397 [2]
212 261 [0]
101 365 [7]
140 333 [0]
152 321 [0]
164 309 [0]
2 467 [4]
218 255 [0]
169 304 [0]
204 270 [0]
12 460 [2]
90 384 [0]
4 466 [4]
61 411 [2]
37 435 [2]
7 463 [4]
96 378 [0]
95 377 [2]
112 362 [0]
37 438 [0]
227 245 [3]
65 410 [0]
92 379 [4]
22 451 [2]
53 415 [7]
9 462 [4]
230 236 [9]
83 390 [2]
227 248 [0]
185 284 [6]
228 245 [3]
10 466 [0]
54 418 [4]
22 452 [2]
38 436 [2]
126 348 [2]
105 371 [0]
156 320 [1]
23 454 [0]
5 472 [0]
209 268 [0]
6 462 [9]
10 458 [9]
182 288 [7]
45 430 [2]
113 362 [2]
165 311 [2]
40 438 [0]
224 250 [4]
118 360 [0]
180 291 [7]
73 402 [3]
148 321 [9]
220 258 [0]
1 468 [9]
113 366 [0]
237 242 [0]
217 262 [0]
2 468 [9]
45 434 [0]
140 337 [2]
12 464 [3]
61 418 [0]
189 290 [0]
104 373 [2]
206 271 [2]
45 427 [7]
229 250 [0]
193 286 [0]
204 269 [7]
37 439 [4]
105 375 [0]
7 469 [4]
14 459 [7]
141 340 [0]
2 479 [0]
65 409 [7]
34 447 [0]
207 274 [0]
4 476 [2]
96 386 [0]
108 374 [0]
197 283 [2]
197 282 [3]
51 428 [3]
161 321 [0]
197 278 [7]
177 303 [2]
31 449 [2]
10 471 [2]
40 443 [0]
21 455 [7]
19 464 [0]
16 458 [9]
130 346 [7]
164 312 [7]
84 397 [2]
0 479 [4]
199 285 [0]
192 292 [0]
6 476 [2]
34 448 [2]
17 465 [2]
90 392 [2]
100 385 [0]
3 482 [0]
166 312 [7]
32 451 [2]
73 405 [7]
6 479 [0]
76 409 [0]
7 474 [4]
130 355 [0]
97 388 [0]
76 407 [2]
235 251 [0]
54 432 [0]
206 273 [7]
7 475 [4]
234 252 [0]
20 467 [0]
15 472 [0]
62 425 [0]
222 264 [1]
11 474 [2]
111 376 [0]
118 369 [0]
85 395 [7]
231 249 [7]
203 280 [4]
124 363 [0]
66 420 [2]
155 333 [0]
80 400 [8]
11 470 [7]
78 403 [7]
193 292 [3]
23 465 [0]
31 453 [4]
21 464 [3]
102 386 [0]
56 430 [2]
11 468 [9]
39 447 [2]
89 392 [7]
208 280 [0]
19 466 [4]
207 281 [1]
207 282 [0]
81 406 [2]
204 278 [7]
63 424 [2]
26 461 [2]
35 455 [0]
0 490 [0]
2 488 [0]
170 320 [0]
218 272 [0]
2 484 [4]
150 338 [2]
242 246 [2]
171 318 [1]
123 365 [2]
6 485 [0]
139 348 [4]
180 311 [0]
69 415 [7]
189 300 [2]
120 369 [2]
172 317 [2]
5 480 [7]
223 269 [0]
40 452 [0]
63 422 [7]
210 282 [0]
126 366 [0]
135 357 [0]
57 436 [0]
149 344 [0]
199 294 [0]
141 345 [7]
180 312 [1]
161 325 [7]
74 412 [7]
127 367 [0]
44 448 [2]
167 320 [7]
130 361 [3]
73 419 [3]
115 376 [4]
205 290 [0]
218 277 [0]
145 347 [3]
12 481 [2]
202 294 [0]
36 460 [0]
130 359 [7]
94 402 [0]
0 492 [4]
39 453 [4]
39 450 [7]
36 461 [0]
170 327 [0]
200 297 [0]
132 363 [2]
185 310 [2]
9 486 [2]
109 386 [2]
20 478 [0]
204 291 [3]
60 434 [4]
147 349 [2]
244 254 [0]
232 266 [0]
154 344 [0]
174 324 [0]
15 481 [2]
195 297 [7]
29 470 [0]
17 482 [0]
38 461 [0]
27 465 [7]
7 485 [7]
154 343 [2]
155 342 [2]
57 438 [4]
101 398 [0]
149 350 [0]
232 268 [0]
123 370 [7]
125 375 [0]
1 497 [2]
157 341 [2]
23 470 [7]
144 355 [1]
9 489 [3]
74 427 [0]
221 273 [7]
45 449 [7]
57 443 [2]
108 394 [0]
20 482 [0]
205 297 [0]
243 252 [7]
183 319 [0]
12 483 [7]
191 311 [0]
147 356 [0]
104 399 [0]
5 498 [0]
5 491 [7]
4 499 [0]
11 492 [0]
4 497 [2]
55 446 [2]
216 287 [0]
1 493 [9]
201 302 [0]
98 403 [2]
58 446 [0]
28 469 [7]
112 392 [0]
193 309 [2]
76 426 [2]
224 276 [4]
180 324 [0]
148 354 [2]
187 317 [0]
243 254 [7]
29 469 [7]
53 452 [0]
88 410 [7]
198 307 [0]
212 286 [7]
28 470 [7]
167 331 [7]
175 321 [9]
129 377 [0]
8 498 [0]
36 463 [7]
164 339 [3]
23 483 [0]
110 396 [0]
64 438 [4]
17 487 [2]
228 277 [1]
91 408 [7]
172 327 [7]
230 276 [0]
181 318 [7]
94 405 [7]
67 440 [0]
0 507 [0]
162 338 [7]
115 388 [4]
212 295 [0]
156 351 [0]
63 437 [7]
68 432 [7]
165 335 [7]
203 304 [0]
177 327 [3]
62 439 [6]
92 413 [2]
64 437 [7]
8 500 [0]
50 456 [2]
126 375 [7]
14 491 [3]
145 356 [7]
21 480 [7]
201 300 [7]
90 419 [0]
88 421 [0]
57 452 [0]
184 323 [2]
103 406 [0]
125 377 [7]
49 457 [3]
12 493 [4]
56 454 [0]
184 326 [0]
129 381 [0]
34 476 [0]
43 467 [0]
180 327 [3]
144 366 [0]
22 485 [3]
34 477 [0]
14 493 [4]
11 500 [0]
241 270 [0]
30 474 [7]
166 343 [2]
242 262 [7]
107 404 [0]
45 463 [3]
138 367 [7]
83 429 [0]
53 459 [0]
150 355 [7]
251 260 [1]
106 404 [2]
12 498 [2]
131 382 [0]
69 442 [2]
214 299 [0]
17 494 [2]
64 447 [2]
210 296 [7]
4 500 [9]
105 405 [3]
221 293 [0]
166 346 [2]
221 291 [2]
59 453 [2]
83 428 [3]
222 290 [2]
213 301 [0]
51 456 [7]
222 292 [0]
122 390 [2]
13 502 [0]
19 494 [2]
21 491 [3]
75 433 [7]
23 490 [2]
1 510 [4]
33 475 [7]
129 387 [0]
13 503 [0]
165 349 [2]
14 495 [7]
173 341 [2]
40 473 [3]
74 442 [0]
241 275 [0]
139 375 [2]
188 325 [3]
34 483 [0]
245 268 [4]
221 296 [0]
185 332 [0]
5 505 [7]
189 319 [9]
248 269 [0]
70 445 [2]
228 288 [1]
73 437 [7]
192 326 [0]
131 380 [7]
50 468 [0]
151 360 [7]
89 429 [0]
6 505 [7]
96 422 [0]
126 385 [7]
183 328 [7]
59 452 [7]
229 289 [0]
257 261 [0]
244 274 [0]
146 372 [0]
79 431 [8]
87 428 [3]
198 320 [0]
242 276 [0]
56 463 [0]
10 500 [9]
151 366 [2]
23 489 [7]
189 328 [2]
34 485 [0]
33 483 [3]
114 402 [3]
101 418 [0]
135 383 [1]
247 272 [0]
212 300 [7]
208 310 [2]
221 290 [9]
99 421 [0]
141 379 [0]
216 302 [2]
162 355 [3]
214 304 [2]
221 300 [0]
101 413 [7]
233 281 [7]
243 277 [1]
27 492 [2]
10 512 [0]
77 445 [0]
168 354 [0]
198 317 [7]
120 403 [0]
232 291 [0]
54 467 [2]
63 457 [3]
147 372 [4]
248 276 [0]
4 520 [0]
26 498 [0]
242 280 [2]
34 488 [2]
153 364 [7]
22 495 [7]
3 514 [7]
115 407 [2]
177 340 [7]
145 372 [7]
209 315 [0]
160 362 [2]
6 519 [0]
187 331 [7]
181 342 [2]
12 506 [7]
51 467 [7]
249 273 [3]
244 282 [0]
251 275 [0]
70 449 [7]
1 523 [2]
241 278 [7]
7 515 [4]
172 350 [4]
160 367 [0]
127 400 [0]
108 412 [7]
252 275 [0]
136 389 [2]
218 304 [6]
30 498 [0]
4 524 [0]
62 459 [7]
0 524 [4]
66 462 [0]
94 427 [7]
263 265 [0]
11 514 [3]
86 440 [2]
232 296 [0]
144 384 [0]
65 457 [7]
59 470 [0]
25 504 [0]
7 518 [4]
199 327 [3]
254 272 [3]
129 398 [2]
171 357 [1]
76 454 [0]
6 524 [0]
105 424 [1]
10 513 [7]
165 363 [2]
133 395 [2]
2 526 [2]
219 311 [0]
150 374 [7]
71 457 [3]
222 306 [3]
91 433 [7]
70 454 [7]
178 352 [1]
20 508 [3]
34 493 [4]
140 384 [7]
221 309 [2]
221 311 [0]
18 510 [4]
34 496 [2]
123 407 [2]
88 444 [0]
247 278 [7]
187 345 [0]
157 369 [7]
3 530 [0]
104 422 [7]
31 502 [0]
76 450 [7]
114 417 [2]
76 457 [0]
56 470 [7]
169 364 [0]
172 359 [2]
220 313 [0]
263 270 [0]
151 375 [7]
133 394 [7]
57 477 [0]
38 494 [2]
75 459 [0]
48 484 [2]
36 496 [2]
243 291 [0]
161 366 [7]
50 477 [7]
2 529 [4]
33 502 [0]
88 447 [0]
3 528 [4]
10 523 [2]
104 431 [0]
152 383 [0]
195 340 [0]
8 528 [0]
3 533 [0]
203 331 [2]
189 347 [0]
117 412 [7]
237 299 [0]
254 282 [0]
178 351 [7]
256 280 [0]
118 411 [7]
126 404 [7]
172 358 [7]
7 526 [4]
59 476 [2]
215 320 [2]
65 465 [7]
184 351 [2]
178 353 [7]
3 535 [0]
35 503 [0]
134 397 [7]
260 278 [0]
213 324 [1]
78 460 [0]
80 458 [0]
171 367 [0]
124 407 [7]
192 346 [0]
216 319 [3]
198 340 [0]
129 403 [7]
29 503 [7]
1 531 [7]
26 511 [2]
230 308 [1]
58 474 [7]
9 531 [0]
206 334 [0]
225 315 [0]
248 292 [0]
54 479 [7]
250 290 [0]
108 430 [2]
1 540 [0]
139 402 [0]
247 294 [0]
14 520 [7]
88 446 [7]
265 270 [7]
28 514 [0]
79 456 [7]
228 307 [7]
34 508 [0]
52 490 [0]
162 373 [7]
217 318 [7]
4 536 [2]
63 480 [0]
2 541 [0]
78 465 [0]
79 464 [0]
109 434 [0]
185 351 [7]
162 381 [0]
46 496 [2]
126 411 [7]
82 462 [0]
241 303 [0]
234 303 [7]
42 495 [7]
70 467 [7]
107 435 [2]
32 509 [4]
128 417 [0]
222 316 [7]
123 419 [3]
221 323 [2]
39 507 [0]
1 545 [0]
132 414 [0]
175 371 [0]
118 426 [2]
32 507 [7]
253 292 [1]
188 353 [5]
123 424 [0]
140 407 [0]
34 512 [1]
26 521 [0]
81 463 [3]
234 313 [0]
70 477 [0]
174 373 [0]
209 338 [0]
255 292 [0]
90 457 [0]
213 334 [0]
262 285 [0]
26 519 [2]
108 439 [0]
194 354 [0]
242 304 [2]
267 281 [0]
188 352 [8]
43 501 [4]
54 491 [3]
94 447 [7]
125 417 [7]
2 547 [0]
189 360 [0]
239 310 [0]
243 306 [0]
79 467 [3]
8 537 [4]
168 380 [1]
41 506 [3]
6 544 [0]
35 515 [0]
134 414 [2]
49 501 [0]
88 459 [3]
70 480 [0]
139 411 [0]
95 453 [2]
144 406 [0]
252 298 [0]
180 369 [1]
51 492 [7]
268 282 [0]
62 489 [0]
24 527 [0]
111 438 [2]
25 526 [0]
6 543 [2]
188 360 [3]
12 532 [7]
194 357 [0]
85 460 [7]
21 531 [0]
106 446 [0]
28 522 [2]
208 342 [2]
84 465 [3]
261 284 [7]
4 541 [7]
179 366 [7]
39 512 [1]
133 418 [2]
195 358 [0]
35 518 [0]
163 383 [7]
207 345 [1]
65 488 [0]
127 424 [2]
88 464 [1]
95 458 [0]
25 529 [0]
206 348 [0]
146 401 [7]
115 431 [8]
68 485 [1]
87 467 [0]
95 452 [7]
7 540 [7]
165 382 [7]
87 464 [3]
21 534 [0]
12 540 [3]
24 531 [0]
136 419 [0]
188 367 [0]
177 376 [2]
268 288 [0]
147 407 [2]
114 438 [4]
40 513 [3]
216 339 [1]
18 536 [2]
157 392 [7]
268 286 [2]
146 404 [7]
271 286 [0]
6 547 [4]
29 525 [3]
43 507 [7]
154 396 [7]
72 486 [0]
56 502 [0]
193 364 [1]
10 541 [7]
78 477 [3]
212 345 [1]
194 364 [0]
20 536 [2]
71 487 [0]
83 475 [0]
15 540 [3]
134 417 [7]
117 441 [0]
196 361 [1]
202 349 [7]
140 412 [7]
163 396 [0]
93 465 [1]
3 549 [7]
229 329 [1]
2 558 [0]
187 373 [0]
69 492 [0]
136 425 [0]
257 304 [0]
72 487 [2]
33 525 [3]
225 337 [0]
127 435 [0]
164 391 [7]
219 343 [0]
179 381 [2]
35 520 [7]
50 505 [7]
59 499 [4]
206 349 [7]
275 281 [7]
21 542 [0]
274 282 [7]
52 511 [0]
116 447 [0]
137 426 [0]
5 551 [7]
222 340 [1]
157 399 [7]
89 472 [2]
10 546 [7]
40 517 [7]
46 518 [0]
268 292 [4]
115 447 [2]
156 407 [1]
249 315 [0]
265 299 [0]
50 507 [7]
228 337 [0]
183 382 [0]
237 326 [2]
39 524 [2]
235 330 [0]
163 395 [7]
146 412 [7]
53 513 [0]
47 519 [0]
2 557 [7]
99 467 [0]
71 488 [7]
280 284 [2]
267 299 [0]
223 341 [2]
174 385 [7]
36 523 [7]
214 350 [2]
64 500 [2]
22 541 [3]
171 388 [8]
35 532 [0]
19 548 [0]
36 529 [2]
240 327 [0]
192 374 [1]
176 389 [2]
33 531 [3]
99 468 [0]
36 532 [0]
146 422 [0]
63 502 [3]
95 466 [7]
48 512 [8]
180 381 [7]
94 471 [3]
37 530 [2]
54 515 [0]
49 512 [8]
4 563 [2]
145 421 [3]
84 478 [7]
44 523 [2]
168 395 [7]
217 351 [2]
201 369 [0]
29 541 [0]
279 291 [0]
34 536 [0]
66 497 [7]
261 302 [7]
7 559 [4]
117 454 [0]
10 561 [0]
21 543 [7]
1 561 [9]
194 374 [3]
193 378 [0]
237 333 [1]
7 557 [7]
61 503 [7]
259 310 [2]
17 555 [0]
5 560 [7]
16 556 [0]
131 434 [7]
55 517 [0]
279 293 [0]
73 499 [0]
246 326 [0]
202 363 [7]
33 537 [2]
212 359 [1]
236 336 [0]
257 313 [2]
54 516 [2]
179 394 [0]
50 523 [0]
87 486 [0]
148 425 [0]
7 562 [4]
151 422 [0]
220 352 [1]
220 353 [0]
243 329 [1]
175 396 [2]
113 458 [2]
7 561 [6]
12 562 [0]
93 480 [1]
206 368 [0]
50 522 [2]
162 409 [3]
163 404 [7]
149 426 [0]
236 339 [0]
70 502 [3]
261 307 [7]
161 413 [1]
146 428 [1]
286 287 [2]
177 392 [7]
262 314 [0]
23 546 [7]
242 333 [1]
269 307 [0]
67 502 [7]
232 344 [0]
122 447 [7]
3 574 [0]
242 328 [7]
99 475 [3]
35 542 [0]
3 567 [7]
5 570 [2]
214 356 [7]
258 319 [0]
152 425 [0]
76 494 [7]
19 551 [7]
87 491 [0]
73 505 [0]
2 576 [0]
48 528 [2]
10 568 [0]
27 544 [7]
192 385 [1]
205 366 [7]
148 423 [7]
125 450 [3]
90 488 [0]
205 374 [0]
182 394 [3]
41 538 [0]
247 332 [0]
284 295 [0]
5 567 [7]
19 553 [7]
75 497 [7]
232 346 [1]
60 520 [0]
85 495 [0]
139 441 [0]
249 331 [0]
29 548 [3]
126 451 [3]
151 430 [0]
286 295 [0]
220 361 [0]
16 558 [7]
287 294 [0]
7 567 [7]
231 350 [0]
213 369 [0]
25 557 [0]
114 466 [2]
211 370 [1]
227 355 [0]
26 553 [3]
3 580 [0]
0 583 [0]
63 520 [0]
102 478 [3]
135 447 [1]
194 389 [0]
118 464 [1]
110 473 [0]
147 429 [7]
133 450 [0]
204 372 [7]
290 293 [0]
90 494 [0]
124 453 [7]
280 304 [0]
59 525 [0]
41 540 [3]
254 329 [1]
287 295 [2]
286 298 [0]
206 371 [7]
234 347 [3]
264 319 [1]
0 585 [0]
12 573 [0]
16 569 [0]
237 341 [7]
229 356 [0]
140 445 [0]
3 579 [3]
157 428 [0]
260 325 [0]
80 502 [3]
33 545 [7]
92 486 [7]
30 553 [3]
43 543 [0]
284 302 [0]
290 294 [2]
256 329 [1]
112 474 [1]
2 585 [0]
85 502 [0]
93 487 [7]
206 381 [0]
15 570 [2]
267 317 [3]
55 526 [7]
49 539 [0]
2 579 [7]
111 477 [0]
124 461 [3]
13 572 [3]
7 582 [0]
81 508 [0]
67 522 [0]
276 313 [0]
106 476 [7]
95 487 [7]
257 331 [1]
205 383 [1]
227 362 [0]
58 529 [2]
235 354 [0]
216 366 [7]
127 455 [7]
260 329 [0]
239 344 [7]
293 296 [1]
20 570 [0]
32 558 [0]
89 494 [7]
158 432 [0]
126 461 [3]
4 584 [2]
193 394 [3]
245 338 [7]
36 552 [2]
170 419 [1]
195 396 [0]
38 553 [0]
148 443 [0]
181 410 [0]
155 431 [5]
291 300 [0]
227 357 [7]
251 340 [0]
108 480 [3]
118 470 [3]
3 589 [0]
72 520 [0]
165 420 [7]
98 487 [7]
148 441 [3]
234 351 [7]
235 350 [7]
103 490 [0]
62 531 [0]
233 359 [1]
151 435 [7]
99 487 [7]
15 569 [9]
256 330 [7]
113 477 [3]
38 554 [1]
59 531 [3]
127 466 [0]
233 360 [0]
3 583 [7]
23 571 [0]
74 520 [0]
210 383 [1]
149 445 [0]
222 371 [1]
279 312 [3]
284 310 [0]
20 568 [7]
32 563 [0]
192 403 [0]
263 332 [0]
181 407 [7]
2 586 [7]
256 338 [1]
92 503 [0]
280 316 [0]
12 581 [3]
110 486 [0]
286 303 [7]
155 439 [2]
97 492 [7]
131 464 [1]
39 555 [2]
282 314 [0]
119 474 [3]
171 425 [0]
285 310 [1]
142 454 [1]
154 443 [0]
16 581 [0]
107 489 [1]
102 493 [2]
235 359 [3]
246 344 [7]
21 577 [0]
275 316 [7]
248 343 [7]
56 539 [3]
4 592 [2]
243 348 [7]
22 575 [1]
50 549 [0]
108 484 [7]
41 558 [0]
12 585 [2]
15 581 [3]
252 339 [8]
219 377 [3]
105 494 [0]
235 364 [0]
89 511 [0]
105 495 [0]
148 452 [0]
118 479 [3]
179 420 [1]
247 352 [1]
251 350 [0]
198 396 [7]
124 477 [0]
226 368 [7]
189 409 [3]
35 559 [7]
199 402 [0]
9 589 [3]
58 536 [7]
59 536 [7]
9 593 [0]
37 558 [7]
26 573 [3]
36 566 [0]
151 444 [7]
25 570 [7]
72 523 [7]
40 555 [7]
7 588 [7]
44 559 [0]
103 497 [3]
65 538 [0]
152 444 [7]
98 505 [0]
59 542 [2]
26 574 [3]
148 448 [7]
131 469 [3]
262 338 [3]
78 523 [3]
94 503 [7]
28 576 [0]
258 345 [1]
241 356 [7]
39 561 [4]
4 598 [2]
28 573 [3]
125 480 [0]
298 307 [0]
66 532 [7]
28 574 [3]
201 403 [1]
68 535 [2]
56 550 [0]
17 589 [0]
276 330 [0]
82 517 [7]
284 322 [0]
198 406 [2]
66 540 [0]
0 599 [7]
213 386 [7]
71 528 [7]
123 483 [0]
134 472 [0]
210 390 [7]
192 415 [0]
0 603 [4]
15 592 [0]
4 601 [2]
106 494 [7]
3 597 [7]
171 428 [8]
65 543 [0]
124 481 [3]
268 338 [2]
25 576 [7]
88 517 [3]
67 534 [7]
62 542 [4]
237 370 [1]
140 461 [7]
69 539 [0]
117 491 [0]
167 441 [0]
145 463 [0]
238 371 [0]
14 595 [0]
51 557 [1]
22 587 [0]
3 599 [7]
110 492 [7]
65 544 [0]
68 540 [1]
198 404 [7]
53 557 [0]
177 433 [0]
134 476 [0]
248 361 [1]
138 471 [1]
261 342 [7]
61 547 [2]
102 501 [7]
40 563 [7]
3 608 [0]
57 554 [0]
46 565 [0]
92 519 [0]
212 398 [1]
127 482 [2]
11 598 [2]
258 352 [1]
41 563 [7]
166 445 [0]
299 312 [0]
217 394 [0]
7 601 [4]
44 568 [0]
43 562 [7]
88 524 [0]
96 509 [7]
130 482 [0]
135 476 [1]
269 343 [0]
18 591 [3]
286 325 [1]
178 435 [0]
253 360 [0]
19 587 [7]
12 594 [7]
198 412 [3]
138 474 [1]
42 564 [7]
213 399 [1]
224 390 [0]
2 612 [0]
168 446 [0]
231 380 [3]
164 443 [7]
230 384 [0]
32 580 [2]
237 377 [0]
52 555 [7]
4 603 [7]
292 322 [0]
299 315 [0]
6 601 [7]
271 344 [0]
63 545 [7]
195 413 [7]
277 338 [0]
42 569 [4]
227 381 [7]
257 355 [3]
16 600 [0]
305 311 [0]
2 607 [7]
233 376 [7]
15 594 [7]
34 580 [2]
168 447 [1]
57 559 [0]
296 313 [7]
133 483 [0]
247 369 [0]
133 484 [0]
195 422 [0]
302 315 [0]
106 504 [7]
12 606 [0]
4 614 [0]
45 571 [2]
32 584 [2]
155 460 [3]
108 510 [0]
286 331 [1]
244 371 [3]
76 539 [3]
127 484 [7]
45 572 [1]
6 611 [1]
75 542 [2]
5 614 [0]
115 497 [7]
191 427 [1]
269 347 [3]
206 412 [1]
19 598 [2]
231 388 [0]
25 591 [3]
202 416 [1]
126 490 [3]
265 355 [0]
3 610 [7]
197 422 [1]
242 378 [0]
111 506 [3]
99 518 [3]
251 362 [7]
52 569 [0]
0 621 [0]
285 336 [0]
229 392 [0]
2 616 [3]
8 610 [3]
213 405 [3]
153 461 [7]
101 520 [0]
1 621 [0]
85 537 [0]
292 330 [0]
29 590 [3]
292 329 [1]
111 504 [7]
13 607 [3]
1 622 [0]
211 411 [1]
194 426 [3]
125 495 [3]
111 505 [7]
17 605 [1]
86 535 [2]
61 560 [3]
215 409 [0]
5 619 [0]
209 412 [3]
54 567 [3]
179 438 [7]
239 382 [3]
94 530 [0]
160 463 [1]
280 337 [7]
232 392 [0]
47 570 [7]
59 566 [0]
35 583 [7]
283 342 [0]
83 535 [7]
81 542 [2]
6 619 [1]
135 491 [0]
154 472 [0]
210 415 [1]
143 480 [3]
186 440 [0]
84 539 [3]
79 544 [3]
37 582 [7]
16 607 [3]
229 396 [1]
267 359 [0]
300 319 [7]
19 608 [0]
150 477 [0]
179 448 [0]
44 576 [7]
139 481 [7]
23 605 [0]
97 524 [7]
245 381 [2]
12 609 [7]
78 549 [1]
57 564 [7]
179 442 [7]
13 616 [0]
246 382 [1]
292 338 [0]
113 517 [0]
30 598 [2]
193 430 [7]
274 356 [0]
61 562 [7]
176 451 [3]
18 606 [7]
29 602 [0]
21 603 [7]
211 420 [0]
21 607 [3]
26 602 [3]
314 317 [0]
220 410 [1]
3 626 [2]
127 497 [7]
11 621 [0]
264 368 [0]
302 330 [0]
137 488 [7]
26 606 [0]
78 547 [7]
32 593 [7]
246 379 [7]
4 626 [2]
22 611 [0]
6 627 [0]
191 435 [7]
54 579 [0]
2 624 [7]
190 442 [1]
13 619 [1]
238 388 [7]
225 407 [1]
113 521 [0]
224 403 [7]
45 589 [0]
185 448 [1]
243 390 [1]
7 623 [4]
197 430 [7]
193 439 [2]
145 487 [3]
93 541 [1]
35 600 [0]
30 602 [3]
99 536 [0]
0 628 [7]
214 420 [1]
42 591 [3]
8 626 [2]
215 421 [0]
286 350 [0]
200 433 [3]
153 476 [7]
269 364 [3]
96 533 [7]
283 353 [0]
7 625 [4]
108 527 [1]
16 619 [1]
68 569 [0]
229 408 [0]
108 522 [7]
27 603 [7]
190 446 [1]
88 549 [0]
299 338 [0]
114 523 [0]
178 459 [0]
29 609 [0]
259 379 [0]
316 322 [0]
4 627 [7]
40 595 [3]
313 325 [1]
16 623 [0]
235 401 [3]
188 448 [3]
12 620 [7]
235 403 [1]
11 626 [2]
3 629 [7]
5 633 [2]
9 631 [0]
65 574 [1]
191 448 [1]
247 393 [0]
24 609 [7]
186 453 [2]
284 356 [1]
293 348 [0]
107 531 [3]
111 530 [0]
128 513 [0]
205 435 [1]
66 574 [1]
145 491 [5]
153 489 [0]
66 575 [1]
12 623 [7]
83 552 [7]
141 499 [2]
234 408 [0]
48 591 [3]
247 394 [1]
256 379 [7]
212 429 [1]
36 604 [3]
46 597 [0]
15 621 [7]
6 630 [7]
252 390 [1]
93 549 [1]
27 614 [2]
223 413 [7]
252 392 [0]
107 537 [0]
63 578 [3]
156 480 [8]
85 552 [7]
179 458 [7]
1 641 [2]
28 609 [7]
273 371 [0]
36 601 [7]
284 361 [0]
49 596 [0]
322 323 [0]
75 567 [3]
41 604 [0]
65 580 [0]
90 555 [0]
222 423 [0]
5 641 [0]
22 624 [0]
203 436 [7]
133 514 [0]
37 610 [0]
114 526 [7]
187 453 [7]
6 638 [3]
312 335 [0]
52 596 [0]
242 406 [0]
6 635 [7]
18 627 [3]
289 358 [1]
14 633 [1]
102 543 [3]
42 605 [1]
222 425 [1]
224 425 [0]
88 561 [0]
235 414 [0]
41 601 [7]
0 643 [7]
109 538 [3]
183 467 [0]
21 622 [7]
88 559 [3]
83 564 [3]
246 403 [1]
197 453 [0]
2 645 [3]
248 403 [0]
11 640 [0]
66 585 [0]
309 342 [0]
135 516 [0]
153 495 [3]
45 603 [3]
149 502 [0]
35 609 [7]
266 385 [0]
303 348 [0]
299 352 [0]
283 367 [1]
293 358 [0]
7 645 [0]
19 633 [0]
215 437 [0]
85 564 [3]
85 566 [1]
279 370 [3]
235 418 [0]
27 626 [0]
65 588 [0]
321 332 [0]
270 382 [1]
185 468 [0]
114 537 [2]
105 545 [3]
303 350 [0]
196 457 [0]
127 527 [0]
271 380 [3]
96 557 [1]
117 537 [0]
183 470 [1]
297 357 [0]
199 448 [7]
223 424 [7]
233 414 [7]
105 541 [8]
322 333 [0]
19 629 [7]
157 495 [3]
21 633 [1]
106 549 [0]
297 358 [0]
285 370 [0]
148 506 [1]
138 512 [5]
209 443 [3]
46 610 [0]
48 607 [1]
287 362 [7]
242 407 [7]
17 638 [1]
204 451 [1]
221 432 [3]
101 555 [0]
320 336 [0]
2 648 [7]
317 340 [0]
309 348 [0]
73 584 [0]
307 347 [3]
194 455 [8]
323 334 [0]
35 615 [7]
246 410 [1]
10 645 [3]
1 657 [0]
229 429 [0]
252 406 [0]
141 510 [7]
24 631 [3]
53 602 [3]
244 414 [0]
171 484 [3]
0 659 [0]
3 656 [0]
10 649 [0]
100 552 [7]
17 640 [2]
39 620 [0]
44 615 [0]
68 591 [0]
209 450 [0]
210 449 [0]
255 404 [0]
189 470 [0]
293 365 [1]
191 468 [0]
9 647 [3]
304 356 [0]
110 550 [0]
35 625 [0]
36 621 [3]
190 470 [0]
4 649 [7]
249 408 [3]
275 378 [7]
280 381 [0]
226 435 [0]
94 567 [0]
83 578 [0]
143 518 [0]
296 365 [0]
237 424 [0]
79 581 [1]
318 342 [1]
233 427 [1]
105 548 [8]
23 639 [0]
283 379 [0]
42 613 [7]
240 422 [0]
100 559 [3]
202 459 [1]
212 451 [0]
6 657 [0]
77 586 [0]
55 601 [7]
155 501 [7]
89 573 [1]
2 662 [0]
3 661 [0]
262 402 [0]
35 622 [7]
135 528 [1]
153 504 [7]
144 519 [1]
130 535 [0]
83 582 [0]
84 578 [3]
159 503 [3]
144 520 [1]
328 337 [0]
68 596 [1]
28 630 [7]
8 655 [2]
40 626 [0]
257 409 [0]
173 492 [1]
101 557 [8]
98 565 [3]
127 539 [0]
141 525 [0]
69 594 [3]
78 589 [0]
8 659 [0]
42 625 [0]
258 408 [1]
234 433 [0]
99 567 [1]
113 554 [0]
196 471 [0]
198 469 [0]
133 535 [0]
164 504 [0]
109 558 [1]
161 500 [7]
280 387 [1]
87 578 [3]
299 361 [8]
231 431 [6]
97 568 [3]
332 335 [1]
245 417 [7]
1 668 [0]
6 663 [0]
186 476 [7]
41 628 [0]
31 631 [7]
51 615 [3]
113 556 [0]
281 388 [0]
10 653 [7]
7 663 [0]
6 664 [0]
141 522 [7]
33 636 [1]
64 605 [1]
68 602 [0]
311 359 [0]
316 354 [0]
70 597 [3]
53 618 [0]
2 669 [0]
69 602 [0]
190 478 [3]
143 521 [7]
178 485 [8]
86 585 [0]
318 353 [0]
327 344 [0]
99 570 [3]
162 510 [0]
119 553 [0]
127 538 [7]
213 459 [0]
254 418 [0]
276 396 [0]
227 438 [7]
248 417 [7]
48 621 [3]
84 589 [0]
190 483 [0]
180 490 [3]
150 520 [3]
16 654 [3]
82 591 [0]
297 376 [0]
43 623 [7]
200 474 [0]
4 670 [0]
227 446 [1]
44 630 [0]
91 575 [8]
202 464 [8]
111 556 [7]
10 661 [3]
64 610 [0]
228 439 [7]
296 378 [0]
76 598 [0]
198 476 [0]
13 662 [0]
22 646 [7]
116 552 [7]
196 478 [1]
324 350 [1]
230 438 [7]
130 545 [0]
166 509 [0]
141 531 [3]
218 457 [0]
266 400 [9]
178 489 [8]
112 562 [1]
222 453 [1]
49 624 [3]
198 478 [0]
261 415 [0]
139 537 [0]
4 665 [7]
198 479 [0]
9 665 [3]
17 659 [1]
133 542 [2]
17 653 [7]
93 584 [0]
88 588 [1]
98 576 [3]
123 553 [1]
155 521 [1]
263 414 [1]
104 574 [0]
24 654 [0]
234 443 [1]
295 380 [3]
141 537 [0]
206 471 [1]
71 606 [1]
13 658 [7]
334 343 [1]
10 665 [3]
64 615 [0]
3 676 [0]
59 617 [3]
152 527 [0]
12 664 [3]
253 426 [0]
26 652 [2]
1 679 [0]
284 393 [3]
135 544 [1]
203 474 [3]
10 670 [0]
52 625 [3]
60 617 [3]
232 449 [0]
76 605 [0]
103 577 [1]
83 597 [1]
69 609 [3]
288 393 [0]
70 610 [1]
78 602 [1]
43 631 [7]
260 415 [6]
173 507 [1]
110 569 [2]
141 533 [7]
223 459 [0]
304 378 [0]
63 611 [8]
18 664 [0]
239 440 [3]
162 517 [3]
232 450 [0]
36 643 [3]
63 612 [7]
47 632 [3]
153 530 [0]
97 586 [0]
42 633 [8]
154 522 [7]
45 635 [3]
26 656 [1]
313 363 [7]
7 669 [7]
312 371 [0]
139 541 [3]
187 496 [1]
120 564 [0]
2 682 [0]
34 650 [0]
201 482 [1]
91 593 [0]
279 404 [1]
180 504 [0]
2 678 [4]
233 452 [0]
255 430 [0]
239 443 [3]
87 595 [3]
45 637 [3]
245 434 [7]
30 653 [3]
36 647 [3]
23 660 [3]
108 578 [0]
269 409 [8]
150 529 [7]
152 534 [0]
227 459 [0]
156 530 [0]
182 504 [0]
170 516 [0]
51 636 [0]
320 367 [0]
269 418 [0]
111 575 [1]
245 441 [1]
236 450 [1]
0 686 [2]
108 580 [0]
308 380 [0]
300 388 [0]
261 426 [1]
121 566 [1]
296 384 [8]
44 637 [7]
306 382 [0]
85 604 [0]
116 573 [0]
136 550 [3]
303 386 [0]
58 628 [3]
73 617 [0]
12 677 [1]
34 649 [7]
282 405 [3]
127 560 [3]
53 638 [0]
161 529 [1]
18 666 [7]
106 582 [3]
266 417 [8]
174 510 [7]
168 522 [1]
295 393 [3]
10 674 [7]
265 427 [0]
98 594 [0]
141 551 [0]
246 446 [0]
341 351 [0]
33 660 [0]
18 675 [0]
53 640 [0]
310 380 [3]
172 521 [0]
21 671 [1]
215 478 [0]
143 543 [7]
56 638 [0]
237 456 [1]
236 455 [3]
124 570 [0]
307 384 [3]
247 446 [1]
12 679 [3]
171 523 [0]
2 685 [7]
178 516 [0]
174 521 [0]
70 625 [0]
247 448 [0]
271 421 [3]
0 693 [3]
255 436 [5]
270 425 [1]
275 414 [7]
52 637 [7]
332 357 [7]
193 502 [1]
94 599 [3]
96 599 [1]
0 695 [2]
28 668 [1]
301 396 [0]
273 424 [0]
181 517 [0]
46 652 [0]
29 661 [8]
302 393 [3]
291 407 [0]
44 647 [7]
96 602 [0]
70 627 [1]
130 568 [0]
162 529 [7]
6 685 [7]
57 633 [8]
131 567 [0]
42 657 [0]
21 677 [1]
78 620 [1]
155 543 [1]
270 429 [0]
75 621 [3]
230 462 [7]
272 428 [0]
71 629 [0]
101 591 [8]
282 418 [0]
2 695 [3]
18 678 [4]
243 454 [3]
124 576 [0]
323 374 [3]
240 460 [0]
146 553 [1]
197 503 [0]
331 369 [0]
314 387 [0]
2 699 [0]
7 694 [0]
307 388 [6]
44 657 [0]
220 481 [0]
274 424 [3]
20 674 [7]
113 587 [1]
123 571 [7]
79 623 [0]
27 675 [0]
84 617 [1]
231 463 [8]
298 404 [0]
154 540 [8]
209 490 [3]
34 665 [3]
195 500 [7]
4 691 [7]
159 544 [0]
31 672 [0]
84 619 [0]
98 604 [1]
13 687 [3]
170 532 [1]
101 602 [0]
114 586 [3]
6 690 [7]
142 561 [0]
149 551 [3]
277 426 [0]
156 540 [8]
51 653 [0]
53 651 [0]
313 391 [0]
253 443 [8]
8 690 [7]
48 657 [0]
203 502 [0]
53 649 [3]
139 559 [7]
63 639 [3]
198 506 [1]
316 388 [1]
109 593 [3]
264 433 [8]
317 387 [1]
106 600 [0]
97 609 [0]
269 431 [6]
108 595 [3]
57 641 [8]
133 572 [1]
28 678 [0]
254 449 [3]
329 377 [0]
176 531 [0]
313 393 [1]
352 355 [0]
119 587 [1]
27 678 [2]
328 379 [0]
163 543 [1]
74 626 [7]
56 648 [3]
12 696 [0]
25 683 [0]
36 672 [0]
139 566 [3]
194 506 [8]
341 364 [3]
306 402 [0]
301 407 [0]
233 475 [0]
114 591 [3]
278 430 [0]
328 377 [3]
263 445 [0]
112 597 [0]
254 455 [0]
308 401 [0]
141 565 [3]
4 702 [3]
57 651 [1]
10 700 [0]
126 584 [0]
97 605 [8]
265 437 [8]
105 605 [0]
3 704 [3]
348 359 [3]
4 699 [7]
25 682 [3]
13 690 [7]
20 687 [3]
27 684 [0]
143 568 [0]
101 605 [5]
40 670 [1]
144 568 [0]
259 452 [1]
143 566 [3]
106 603 [3]
290 423 [0]
193 519 [1]
3 703 [7]
217 496 [0]
105 600 [8]
76 636 [1]
21 685 [7]
21 689 [3]
155 558 [1]
180 534 [0]
161 552 [1]
250 464 [0]
59 655 [0]
217 497 [0]
333 378 [3]
96 618 [0]
47 664 [3]
93 614 [7]
26 685 [3]
0 711 [3]
36 677 [1]
215 493 [7]
4 711 [0]
131 583 [1]
97 617 [1]
270 445 [0]
280 434 [1]
137 571 [7]
86 629 [0]
2 706 [7]
281 434 [0]
104 611 [0]
141 574 [0]
119 593 [3]
317 397 [2]
95 621 [0]
58 658 [0]
3 710 [3]
83 633 [0]
243 473 [0]
238 475 [3]
191 525 [0]
43 670 [3]
14 703 [0]
79 638 [0]
74 642 [1]
318 399 [0]
2 712 [3]
100 617 [0]
89 625 [3]
4 710 [3]
147 567 [3]
207 507 [3]
11 705 [1]
176 542 [0]
79 639 [0]
83 634 [1]
277 441 [0]
115 600 [3]
142 569 [7]
349 369 [0]
215 502 [1]
58 657 [3]
36 679 [3]
294 424 [0]
275 444 [0]
196 522 [1]
250 466 [3]
75 643 [1]
54 665 [0]
153 563 [3]
266 453 [0]
284 434 [1]
331 385 [3]
165 551 [3]
114 604 [1]
166 551 [3]
105 615 [0]
223 496 [1]
2 711 [7]
217 503 [0]
264 456 [0]
147 569 [4]
320 397 [3]
1 717 [3]
52 667 [2]
31 683 [7]
21 697 [3]
39 679 [3]
175 543 [3]
214 501 [7]
140 582 [0]
220 501 [1]
212 510 [0]
73 641 [8]
97 622 [3]
170 551 [1]
2 713 [7]
35 684 [3]
281 441 [0]
267 447 [8]
280 443 [0]
3 720 [0]
206 512 [5]
2 721 [0]
14 706 [3]
6 717 [0]
315 407 [1]
267 448 [8]
5 719 [0]
112 604 [8]
3 721 [0]
101 622 [1]
94 630 [0]
2 715 [7]
270 453 [1]
69 656 [0]
96 626 [3]
184 538 [3]
163 554 [8]
56 661 [8]
151 574 [0]
55 669 [1]
345 380 [0]
273 444 [8]
226 491 [8]
174 551 [0]
281 444 [0]
246 480 [0]
249 477 [0]
10 713 [3]
213 510 [3]
55 671 [0]
321 400 [5]
74 651 [1]
9 714 [3]
199 527 [0]
291 435 [0]
20 703 [3]
337 389 [0]
293 433 [0]
70 657 [0]
170 557 [0]
186 534 [7]
66 660 [1]
341 386 [0]
26 700 [1]
0 728 [0]
254 471 [3]
356 372 [0]
104 624 [0]
128 600 [0]
45 675 [8]
100 625 [3]
253 469 [6]
238 490 [0]
2 723 [3]
55 666 [7]
183 545 [0]
49 671 [8]
227 502 [0]
183 546 [0]
6 720 [3]
297 429 [3]
329 392 [8]
259 470 [0]
272 457 [0]
213 515 [1]
273 450 [6]
96 632 [1]
331 398 [0]
221 501 [7]
67 661 [1]
246 482 [1]
281 449 [0]
49 681 [0]
22 708 [0]
134 595 [1]
50 678 [2]
59 671 [0]
106 616 [8]
315 412 [3]
42 681 [7]
360 367 [3]
216 513 [1]
180 547 [3]
255 470 [6]
2 729 [0]
6 725 [0]
213 512 [6]
318 410 [3]
81 642 [8]
324 407 [0]
248 482 [1]
199 531 [1]
15 713 [3]
312 411 [8]
0 724 [7]
289 443 [0]
266 466 [0]
318 414 [0]
351 381 [0]
220 511 [1]
80 649 [3]
48 681 [3]
29 695 [8]
127 606 [0]
1 732 [0]
193 533 [7]
168 557 [8]
24 706 [3]
179 546 [8]
358 375 [0]
34 692 [7]
130 596 [8]
261 473 [0]
19 715 [0]
9 722 [3]
215 519 [0]
128 603 [3]
83 643 [8]
101 632 [1]
331 403 [0]
183 550 [1]
40 686 [8]
244 490 [0]
167 560 [8]
175 560 [0]
223 511 [1]
180 555 [0]
15 719 [1]
200 535 [0]
106 628 [1]
264 472 [0]
308 420 [8]
300 428 [8]
132 601 [3]
120 615 [1]
238 498 [0]
45 691 [0]
207 529 [0]
340 396 [0]
182 553 [1]
298 436 [3]
147 590 [0]
64 673 [0]
144 592 [1]
63 673 [1]
115 622 [0]
130 606 [1]
329 402 [6]
281 448 [8]
36 698 [3]
138 598 [1]
167 571 [0]
100 638 [0]
69 661 [8]
263 467 [8]
158 580 [0]
338 400 [0]
48 687 [3]
171 559 [8]
302 437 [0]
45 694 [5]
18 721 [0]
59 680 [0]
337 394 [8]
188 551 [0]
70 666 [3]
351 389 [0]
0 740 [0]
314 418 [8]
250 487 [3]
11 722 [7]
12 728 [0]
155 577 [8]
44 695 [1]
17 720 [3]
44 696 [0]
89 649 [3]
294 446 [1]
41 697 [3]
58 683 [0]
12 726 [3]
20 718 [3]
110 631 [0]
151 590 [0]
125 613 [3]
355 378 [8]
317 416 [8]
201 540 [0]
22 720 [0]
163 579 [0]
208 534 [0]
64 677 [1]
223 518 [1]
55 686 [1]
12 731 [0]
4 739 [0]
28 708 [7]
2 734 [7]
284 456 [3]
6 734 [3]
362 381 [0]
59 681 [3]
74 661 [8]
33 710 [0]
112 630 [1]
160 583 [0]
15 721 [7]
172 571 [0]
336 408 [0]
218 523 [3]
255 481 [8]
92 649 [3]
212 527 [5]
255 483 [6]
158 587 [0]
31 714 [0]
44 698 [3]
170 575 [0]
210 534 [1]
357 388 [0]
2 739 [4]
1 737 [7]
21 723 [1]
191 546 [8]
2 737 [7]
283 462 [1]
10 733 [3]
250 491 [5]
70 676 [0]
112 634 [0]
131 612 [3]
262 476 [8]
307 436 [3]
5 742 [0]
12 735 [0]
39 708 [0]
49 697 [1]
19 725 [3]
357 390 [0]
219 520 [8]
373 374 [0]
26 718 [3]
153 594 [0]
213 534 [0]
119 629 [0]
341 407 [0]
263 482 [3]
178 570 [0]
351 394 [3]
303 442 [3]
188 560 [0]
299 441 [8]
223 525 [0]
36 709 [3]
341 406 [1]
55 690 [3]
111 638 [0]
47 702 [0]
11 735 [3]
25 721 [3]
265 484 [0]
183 565 [1]
27 723 [0]
18 732 [0]
60 683 [7]
364 380 [6]
14 733 [3]
242 507 [1]
63 687 [0]
224 523 [3]
315 432 [3]
48 699 [3]
250 497 [3]
136 614 [0]
262 488 [0]
163 586 [1]
220 529 [1]
46 701 [3]
97 654 [0]
281 470 [0]
121 629 [1]
166 582 [3]
372 379 [0]
278 474 [0]
198 554 [0]
134 610 [8]
225 527 [0]
98 653 [1]
147 598 [7]
246 503 [3]
321 431 [0]
231 519 [3]
4 749 [0]
312 441 [0]
114 638 [1]
284 466 [3]
128 622 [3]
21 731 [1]
201 552 [0]
251 501 [1]
332 420 [1]
359 395 [0]
51 703 [0]
130 623 [1]
282 464 [8]
133 618 [3]
197 556 [1]
107 640 [7]
30 723 [1]
15 736 [3]
294 459 [1]
228 518 [8]
59 696 [0]
81 673 [1]
125 629 [1]
12 743 [0]
263 484 [8]
131 623 [1]
187 568 [0]
258 497 [0]
25 729 [1]
282 473 [0]
22 734 [0]
63 693 [0]
313 443 [0]
89 659 [8]
366 390 [0]
217 536 [3]
70 683 [3]
221 535 [0]
202 553 [1]
242 514 [0]
11 742 [3]
153 604 [0]
376 381 [0]
279 470 [8]
235 519 [3]
257 499 [1]
187 570 [1]
15 743 [0]
21 736 [1]
95 663 [0]
152 606 [0]
154 596 [8]
52 705 [1]
10 745 [3]
174 584 [1]
21 735 [3]
269 487 [3]
38 720 [1]
251 508 [0]
238 513 [8]
108 650 [1]
314 445 [0]
310 446 [3]
34 724 [1]
339 421 [0]
33 727 [0]
30 730 [0]
348 412 [0]
164 596 [0]
177 583 [0]
262 490 [8]
30 731 [0]
262 499 [0]
36 724 [1]
208 552 [1]
255 498 [8]
250 510 [1]
328 434 [0]
35 727 [0]
310 452 [0]
77 682 [3]
13 746 [3]
88 669 [5]
68 686 [8]
4 755 [3]
289 473 [0]
173 581 [8]
130 632 [0]
204 558 [0]
119 640 [3]
28 735 [0]
172 591 [0]
80 675 [8]
365 398 [0]
52 710 [1]
201 559 [3]
229 527 [8]
338 426 [0]
328 436 [0]
24 738 [2]
293 463 [8]
199 557 [8]
1 760 [3]
235 521 [8]
124 641 [0]
4 761 [0]
56 706 [3]
48 714 [3]
47 717 [1]
222 542 [1]
4 758 [3]
54 710 [1]
53 704 [8]
111 654 [1]
7 759 [0]
5 761 [0]
244 522 [0]
65 701 [0]
175 590 [1]
144 621 [1]
241 525 [0]
35 732 [0]
204 562 [1]
76 688 [3]
354 410 [3]
263 496 [8]
323 444 [0]
208 558 [1]
88 679 [1]
36 732 [0]
284 481 [3]
192 568 [8]
191 576 [1]
269 496 [3]
362 406 [0]
290 478 [0]
183 584 [1]
127 633 [8]
182 584 [3]
142 627 [0]
6 760 [3]
365 404 [0]
150 611 [8]
280 486 [3]
81 687 [1]
131 633 [5]
265 501 [3]
133 637 [0]
218 544 [8]
20 749 [1]
272 489 [9]
105 660 [5]
279 488 [3]
154 613 [3]
104 667 [0]
68 703 [0]
218 550 [3]
80 688 [3]
189 581 [1]
88 676 [7]
179 592 [0]
261 507 [3]
176 592 [3]
242 529 [0]
38 730 [3]
227 537 [7]
261 509 [1]
380 383 [8]
381 391 [0]
42 730 [0]
191 573 [8]
11 758 [3]
368 404 [0]
245 527 [0]
326 446 [0]
167 605 [0]
163 610 [0]
18 755 [0]
65 707 [1]
189 583 [1]
274 496 [3]
366 406 [1]
384 386 [3]
185 587 [1]
158 607 [8]
162 612 [0]
65 709 [0]
329 445 [0]
100 667 [7]
128 646 [0]
150 621 [3]
4 767 [3]
187 579 [8]
295 476 [3]
292 483 [0]
32 743 [0]
164 611 [0]
5 768 [2]
270 504 [1]
201 566 [8]
257 512 [6]
45 727 [3]
8 764 [3]
30 744 [1]
172 600 [3]
116 652 [7]
384 392 [0]
245 531 [0]
119 657 [0]
133 642 [1]
327 449 [0]
243 525 [8]
136 637 [3]
126 650 [0]
338 432 [6]
165 611 [0]
22 755 [0]
8 769 [0]
40 737 [0]
75 702 [0]
363 414 [0]
223 553 [1]
82 695 [0]
3 767 [7]
203 574 [0]
102 674 [1]
6 772 [0]
62 716 [0]
171 607 [0]
74 696 [8]
71 706 [1]
172 603 [3]
230 547 [1]
81 698 [0]
256 523 [0]
32 740 [7]
354 425 [0]
94 684 [1]
315 464 [0]
46 730 [3]
84 692 [3]
307 472 [1]
155 624 [1]
38 742 [0]
288 486 [6]
31 746 [3]
297 475 [8]
356 424 [0]
146 634 [0]
152 628 [0]
116 656 [8]
346 434 [0]
335 445 [0]
82 697 [1]
265 515 [0]
376 399 [5]
77 695 [8]
162 618 [1]
48 733 [0]
308 467 [6]
352 421 [8]
6 774 [1]
63 718 [0]
204 577 [0]
169 612 [0]
12 766 [3]
113 668 [0]
118 663 [0]
84 696 [1]
9 765 [7]
153 628 [0]
152 626 [3]
233 542 [7]
6 776 [0]
43 739 [0]
359 423 [0]
380 401 [1]
120 654 [8]
175 606 [1]
254 520 [8]
84 697 [1]
97 677 [8]
75 706 [1]
106 668 [8]
28 755 [0]
42 741 [0]
370 413 [0]
117 666 [0]
288 495 [0]
281 494 [8]
256 524 [3]
138 645 [0]
277 506 [0]
374 400 [9]
1 775 [7]
373 410 [0]
260 523 [0]
95 689 [0]
75 709 [0]
120 656 [8]
198 585 [1]
264 514 [6]
205 579 [0]
265 519 [0]
134 649 [1]
87 698 [0]
103 682 [0]
128 657 [0]
71 713 [1]
126 651 [8]
236 550 [0]
35 751 [0]
298 488 [0]
213 570 [3]
70 715 [1]
229 549 [8]
391 395 [0]
0 784 [2]
375 411 [0]
2 785 [0]
37 750 [0]
301 478 [8]
255 524 [8]
76 710 [1]
125 662 [0]
207 580 [0]
127 657 [3]
36 750 [1]
61 725 [1]
140 644 [3]
338 441 [8]
255 532 [0]
278 501 [8]
226 560 [1]
302 485 [0]
344 444 [0]
77 711 [0]
323 457 [8]
365 420 [3]
229 556 [3]
235 553 [0]
53 734 [1]
126 654 [8]
231 549 [8]
385 403 [0]
328 452 [8]
31 754 [3]
106 683 [0]
8 781 [0]
6 780 [3]
124 665 [0]
5 781 [3]
91 697 [1]
147 639 [3]
25 761 [3]
101 680 [8]
360 426 [3]
25 763 [1]
394 395 [0]
352 437 [0]
320 461 [8]
333 456 [0]
342 444 [3]
125 656 [8]
306 479 [5]
124 663 [3]
301 481 [8]
82 707 [1]
12 778 [0]
28 762 [0]
78 712 [0]
306 484 [0]
130 660 [0]
155 636 [0]
363 428 [0]
368 415 [8]
353 438 [0]
66 724 [1]
205 578 [8]
17 775 [0]
75 717 [0]
278 514 [0]
323 466 [3]
212 575 [5]
296 491 [5]
129 662 [1]
304 489 [0]
19 774 [0]
3 787 [3]
58 734 [1]
18 768 [7]
280 505 [8]
82 708 [3]
62 732 [0]
11 783 [0]
339 455 [0]
128 663 [3]
281 513 [0]
87 706 [1]
373 415 [6]
247 539 [8]
385 400 [9]
107 687 [0]
246 540 [8]
153 641 [0]
38 757 [0]
27 768 [0]
321 473 [1]
160 634 [1]
151 643 [1]
63 732 [0]
102 692 [1]
1 791 [3]
274 513 [8]
244 543 [8]
253 542 [0]
219 572 [5]
21 775 [0]
24 769 [3]
180 613 [3]
112 684 [0]
4 789 [3]
138 658 [0]
354 442 [0]
95 700 [1]
29 766 [1]
289 507 [0]
371 424 [1]
1 792 [3]
17 776 [3]
387 401 [8]
280 515 [1]
334 462 [0]
359 429 [8]
218 579 [0]
23 774 [0]
181 616 [0]
266 525 [6]
63 733 [1]
348 449 [0]
229 565 [3]
25 765 [7]
125 672 [0]
127 663 [7]
40 758 [0]
118 680 [0]
288 504 [6]
363 430 [5]
345 453 [0]
124 673 [1]
309 486 [3]
292 499 [7]
315 475 [8]
199 591 [8]
77 720 [1]
22 773 [3]
276 523 [0]
229 570 [0]
251 548 [0]
203 593 [3]
43 753 [3]
330 468 [1]
18 782 [0]
312 488 [0]
32 768 [0]
4 793 [3]
17 780 [3]
152 648 [0]
45 754 [1]
156 644 [0]
215 577 [8]
25 768 [7]
222 579 [0]
12 789 [0]
161 639 [1]
361 440 [0]
283 512 [6]
134 666 [1]
347 454 [0]
183 610 [8]
216 577 [8]
399 402 [0]
278 515 [8]
186 616 [0]
37 765 [0]
70 732 [0]
234 565 [3]
181 620 [1]
184 610 [8]
152 642 [8]
234 560 [8]
297 497 [8]
269 525 [8]
247 555 [0]
122 672 [8]
62 741 [0]
390 405 [8]
20 777 [6]
354 441 [8]
88 707 [8]
174 628 [1]
395 402 [6]
12 784 [7]
53 742 [8]
156 639 [8]
241 554 [8]
387 417 [0]
56 748 [0]
372 432 [0]
278 520 [6]
14 789 [1]
275 528 [1]
253 546 [5]
287 517 [1]
96 709 [0]
70 734 [1]
223 582 [0]
9 795 [1]
260 545 [0]
190 612 [3]
255 544 [6]
26 776 [3]
68 736 [1]
129 668 [8]
372 430 [3]
146 651 [8]
257 549 [0]
302 504 [0]
294 511 [1]
70 736 [0]
8 796 [2]
206 599 [1]
66 738 [2]
261 540 [5]
387 420 [0]
132 675 [0]
73 733 [1]
162 645 [0]
112 687 [8]
313 493 [1]
288 514 [5]
231 568 [8]
164 640 [3]
51 748 [8]
148 658 [1]
266 533 [8]
9 799 [0]
133 675 [0]
223 584 [1]
26 781 [1]
399 400 [9]
368 432 [8]
226 581 [1]
36 769 [3]
173 627 [8]
252 549 [8]
386 423 [0]
329 472 [8]
261 545 [3]
260 543 [6]
27 779 [3]
62 744 [3]
64 744 [1]
65 743 [1]
66 740 [3]
131 670 [8]
121 687 [1]
239 562 [8]
41 769 [0]
96 714 [0]
213 589 [8]
42 768 [0]
26 783 [1]
92 715 [3]
72 738 [0]
195 607 [8]
397 413 [0]
404 406 [0]
229 574 [8]
21 790 [0]
187 624 [0]
229 577 [5]
364 447 [0]
240 566 [5]
258 552 [1]
216 594 [1]
372 434 [5]
217 595 [0]
185 627 [0]
111 693 [8]
210 601 [1]
43 766 [3]
229 580 [3]
144 660 [8]
126 685 [1]
208 603 [1]
301 505 [6]
84 729 [0]
338 475 [0]
225 589 [0]
20 794 [0]
16 798 [0]
64 750 [0]
346 468 [0]
331 483 [0]
397 417 [0]
358 456 [0]
28 787 [0]
169 646 [0]
375 440 [0]
42 772 [1]
300 515 [0]
301 514 [0]
144 664 [8]
120 696 [0]
201 615 [0]
359 451 [6]
382 434 [0]
340 470 [6]
67 746 [3]
386 430 [0]
49 766 [1]
92 721 [3]
211 597 [8]
117 698 [1]
376 437 [3]
165 652 [0]
70 747 [0]
240 577 [0]
324 493 [0]
401 416 [0]
75 743 [0]
314 499 [5]
389 421 [8]
43 772 [3]
97 720 [1]
161 658 [0]
21 798 [0]
209 602 [8]
314 505 [0]
76 740 [3]
24 796 [0]
37 783 [0]
120 700 [0]
179 641 [0]
304 515 [1]
48 771 [1]
170 642 [8]
363 458 [0]
22 799 [0]
358 457 [6]
267 548 [6]
330 483 [8]
26 795 [0]
60 761 [0]
290 531 [0]
397 424 [0]
364 451 [6]
274 543 [4]
66 756 [0]
56 766 [0]
149 673 [0]
314 502 [6]
312 510 [0]
245 576 [1]
190 624 [8]
272 546 [4]
241 573 [8]
59 762 [1]
139 680 [3]
56 767 [0]
401 422 [0]
378 437 [8]
46 777 [0]
30 792 [1]
76 747 [0]
397 426 [0]
113 702 [8]
85 738 [0]
174 649 [0]
267 556 [0]
188 629 [6]
298 518 [8]
102 722 [0]
203 614 [7]
170 653 [1]
100 716 [8]
148 676 [0]
176 647 [1]
204 620 [0]
41 782 [1]
117 706 [1]
326 495 [3]
199 617 [8]
387 438 [0]
284 541 [0]
36 789 [0]
150 674 [1]
123 694 [8]
269 548 [8]
236 588 [1]
245 572 [8]
251 575 [0]
326 497 [3]
328 493 [5]
220 606 [0]
286 540 [0]
276 550 [0]
158 660 [8]
163 662 [1]
159 666 [1]
391 435 [0]
122 697 [8]
98 729 [0]
322 500 [5]
252 575 [0]
191 628 [8]
410 414 [3]
315 509 [3]
187 641 [0]
95 732 [1]
81 746 [1]
162 663 [3]
97 731 [0]
182 641 [5]
118 709 [1]
230 590 [8]
161 667 [0]
389 434 [5]
278 544 [6]
105 715 [8]
221 608 [0]
284 545 [0]
411 418 [0]
208 620 [1]
261 565 [3]
45 785 [0]
42 787 [1]
209 616 [5]
377 453 [0]
176 654 [0]
372 456 [3]
119 712 [0]
40 790 [1]
236 595 [0]
72 758 [1]
342 486 [3]
49 779 [3]
38 792 [1]
33 799 [0]
46 786 [0]
115 717 [0]
192 632 [8]
77 754 [1]
234 590 [8]
293 531 [8]
407 426 [0]
85 748 [0]
169 656 [8]
159 667 [7]
307 518 [8]
249 579 [5]
401 432 [0]
120 705 [8]
62 770 [1]
410 423 [0]
41 791 [1]
73 761 [0]
56 770 [8]
145 681 [8]
201 625 [8]
218 608 [8]
172 655 [7]
397 438 [0]
400 433 [2]
406 429 [0]
408 427 [0]
194 636 [5]
167 667 [1]
288 547 [0]
392 443 [0]
171 660 [5]
123 713 [0]
137 698 [1]
49 786 [1]
90 745 [1]
173 663 [0]
159 669 [8]
282 546 [8]
183 652 [1]
361 470 [5]
169 659 [8]
43 790 [3]
90 740 [7]
356 473 [8]
261 576 [0]
91 746 [0]
59 770 [8]
110 726 [1]
301 528 [8]
186 650 [1]
206 632 [0]
343 495 [0]
254 579 [5]
114 723 [1]
376 462 [0]
280 555 [3]
368 464 [6]
120 711 [8]
175 664 [0]
66 773 [0]
144 687 [8]
88 751 [0]
243 596 [0]
292 539 [8]
139 701 [0]
147 693 [0]
307 533 [0]
363 477 [0]
162 670 [8]
394 438 [8]
378 462 [1]
201 632 [8]
88 745 [8]
336 497 [8]
180 656 [5]
123 719 [0]
106 728 [8]
159 675 [8]
107 734 [1]
184 658 [0]
333 509 [0]
139 695 [8]
414 428 [0]
55 788 [0]
143 700 [0]
239 604 [0]
409 434 [0]
277 560 [6]
109 726 [8]
198 644 [1]
140 696 [8]
57 787 [0]
310 534 [0]
150 686 [8]
335 509 [0]
145 694 [5]
136 700 [8]
260 575 [9]
118 719 [8]
194 651 [0]
200 645 [0]
205 637 [3]
293 544 [8]
195 649 [1]
91 751 [3]
367 479 [0]
358 488 [0]
269 572 [5]
146 700 [0]
298 545 [3]
352 485 [9]
405 441 [0]
134 713 [0]
121 726 [0]
186 660 [1]
231 608 [8]
58 788 [1]
294 553 [0]
132 707 [8]
54 792 [1]
407 431 [9]
268 576 [3]
59 789 [0]
210 638 [0]
304 544 [0]
349 499 [0]
353 487 [8]
157 690 [1]
415 433 [0]
240 600 [8]
334 511 [3]
389 459 [0]
139 710 [0]
344 505 [0]
386 462 [1]
406 440 [3]
350 499 [1]
279 571 [0]
93 757 [0]
211 631 [8]
215 634 [1]
246 596 [8]
203 644 [3]
316 526 [8]
97 745 [8]
52 799 [0]
187 664 [0]
338 513 [0]
129 721 [1]
74 776 [1]
254 589 [8]
202 650 [0]
392 454 [6]
370 482 [0]
213 639 [0]
216 636 [0]
178 669 [5]
249 595 [8]
196 648 [8]
75 776 [1]
213 640 [0]
230 623 [0]
171 674 [8]
89 763 [1]
211 634 [8]
170 682 [1]
61 793 [0]
272 582 [0]
198 651 [5]
72 781 [1]
397 457 [0]
164 689 [1]
377 471 [6]
351 495 [8]
82 771 [1]
311 536 [8]
232 623 [0]
78 777 [0]
325 530 [0]
272 583 [0]
244 606 [5]
394 461 [0]
371 478 [6]
64 784 [7]
289 558 [8]
296 554 [6]
423 433 [0]
78 778 [0]
167 688 [1]
187 669 [0]
316 537 [3]
322 526 [8]
335 512 [9]
416 431 [9]
258 599 [0]
289 565 [3]
184 673 [0]
103 753 [1]
284 565 [8]
281 576 [0]
54 796 [7]
291 567 [0]
243 610 [5]
382 476 [0]
192 663 [3]
322 533 [3]
318 537 [3]
243 616 [0]
145 714 [0]
247 612 [0]
274 585 [0]
194 659 [6]
105 749 [5]
178 673 [8]
424 435 [0]
167 693 [0]
296 556 [8]
360 500 [0]
244 608 [8]
395 460 [6]
179 683 [0]
115 747 [0]
162 699 [1]
103 759 [0]
160 702 [0]
112 745 [5]
145 712 [5]
217 645 [0]
362 497 [3]
329 527 [6]
258 596 [8]
240 623 [0]
350 510 [3]
170 693 [0]
344 516 [3]
107 755 [1]
350 508 [5]
181 682 [0]
263 600 [0]
405 458 [0]
405 459 [0]
96 768 [0]
83 781 [0]
339 520 [5]
154 702 [8]
334 528 [3]
89 776 [0]
174 686 [5]
131 729 [5]
99 758 [8]
301 556 [8]
164 701 [0]
412 445 [8]
367 490 [8]
273 593 [0]
71 795 [0]
82 784 [0]
426 431 [9]
198 667 [1]
307 554 [5]
242 619 [5]
203 664 [0]
205 662 [0]
399 468 [0]
223 636 [8]
336 523 [8]
127 737 [3]
111 753 [3]
399 469 [0]
81 784 [3]
127 741 [0]
338 530 [0]
381 484 [3]
121 746 [1]
73 794 [1]
105 758 [5]
82 787 [0]
189 672 [8]
295 574 [0]
390 471 [8]
372 494 [3]
112 756 [1]
160 704 [5]
424 446 [0]
189 680 [1]
392 474 [4]
83 780 [8]
138 733 [0]
163 708 [0]
174 697 [0]
250 616 [5]
104 759 [8]
117 755 [0]
434 436 [2]
93 779 [0]
354 515 [3]
304 560 [8]
356 516 [0]
353 511 [8]
411 455 [6]
387 486 [0]
137 736 [0]
345 528 [0]
87 778 [8]
194 679 [0]
166 706 [1]
207 661 [5]
256 609 [8]
73 799 [1]
82 790 [1]
79 786 [8]
409 465 [0]
305 569 [0]
288 577 [9]
82 791 [1]
321 552 [1]
167 699 [8]
250 619 [5]
300 566 [8]
328 538 [8]
114 761 [0]
167 708 [0]
383 492 [0]
132 744 [0]
148 728 [0]
342 529 [5]
336 532 [8]
122 747 [8]
103 774 [0]
169 700 [8]
299 578 [0]
396 481 [0]
335 536 [6]
269 600 [8]
91 778 [8]
227 645 [5]
173 705 [0]
98 780 [0]
344 526 [8]
140 737 [1]
201 672 [5]
205 673 [0]
133 738 [7]
370 502 [6]
168 705 [5]
292 586 [0]
171 708 [0]
79 792 [8]
92 788 [0]
419 461 [0]
133 746 [1]
200 675 [5]
269 606 [5]
165 716 [0]
438 443 [0]
419 456 [6]
80 793 [8]
172 710 [0]
108 773 [1]
105 772 [5]
203 671 [8]
390 484 [8]
307 567 [8]
243 640 [0]
249 634 [0]
278 605 [0]
409 474 [0]
218 660 [5]
298 577 [8]
191 684 [8]
289 586 [8]
296 588 [0]
237 642 [5]
318 560 [6]
121 764 [0]
117 760 [8]
226 651 [8]
145 735 [5]
239 647 [0]
147 739 [0]
390 488 [8]
157 729 [0]
220 658 [8]
188 698 [0]
276 602 [8]
233 653 [0]
270 608 [8]
156 731 [0]
257 630 [0]
150 729 [8]
295 592 [0]
143 741 [3]
319 568 [0]
237 645 [5]
255 633 [0]
188 694 [6]
99 788 [1]
369 511 [8]
120 760 [8]
268 621 [0]
314 575 [0]
129 752 [8]
370 513 [6]
119 771 [0]
214 668 [8]
198 684 [8]
229 653 [8]
309 577 [5]
164 719 [8]
203 685 [3]
361 525 [5]
345 546 [0]
153 739 [0]
387 505 [0]
423 469 [0]
131 753 [8]
169 722 [1]
363 521 [8]
237 647 [8]
308 585 [0]
313 580 [0]
320 573 [0]
415 478 [0]
228 657 [8]
162 730 [1]
428 458 [8]
184 705 [5]
170 716 [8]
114 781 [0]
313 582 [0]
167 720 [8]
268 619 [8]
116 771 [8]
431 460 [4]
224 672 [0]
332 563 [1]
352 539 [5]
230 661 [5]
336 554 [6]
285 603 [8]
434 455 [8]
348 549 [0]
269 628 [0]
96 793 [8]
318 571 [8]
335 562 [0]
439 458 [0]
155 743 [0]
197 701 [0]
266 627 [5]
203 695 [0]
377 521 [0]
251 646 [1]
215 676 [7]
394 504 [0]
157 733 [8]
259 640 [0]
191 708 [0]
135 764 [0]
172 726 [1]
404 489 [6]
208 686 [5]
130 761 [8]
304 587 [8]
202 693 [5]
183 712 [5]
449 451 [0]
384 516 [0]
104 795 [1]
438 463 [0]
138 758 [5]
241 661 [0]
433 469 [0]
257 645 [0]
260 642 [0]
253 643 [6]
152 742 [8]
285 609 [8]
266 630 [6]
374 528 [0]
297 606 [0]
134 769 [0]
173 730 [0]
222 673 [8]
322 575 [6]
393 510 [0]
125 771 [8]
149 755 [0]
301 597 [6]
391 507 [6]
150 753 [1]
288 616 [0]
204 695 [5]
179 717 [8]
209 687 [8]
357 548 [0]
182 723 [0]
430 469 [6]
163 734 [8]
312 593 [0]
126 771 [8]
149 748 [8]
224 680 [1]
253 653 [0]
278 628 [0]
334 572 [0]
218 680 [8]
387 513 [6]
202 705 [0]
442 462 [3]
237 662 [8]
411 490 [6]
339 564 [5]
134 774 [0]
400 508 [0]
412 496 [0]
272 627 [9]
171 737 [0]
172 728 [8]
142 765 [1]
221 687 [0]
226 682 [0]
433 475 [0]
336 564 [8]
249 659 [0]
355 547 [6]
103 797 [8]
117 790 [1]
440 468 [0]
443 466 [0]
330 574 [5]
313 588 [8]
252 658 [0]
245 657 [8]
200 705 [5]
238 672 [0]
141 761 [8]
365 540 [5]
167 744 [0]
421 490 [0]
132 779 [0]
108 795 [8]
212 693 [6]
300 611 [0]
175 736 [0]
290 616 [5]
252 659 [0]
267 644 [0]
137 775 [0]
265 647 [0]
386 518 [8]
175 729 [8]
284 620 [8]
446 466 [0]
151 762 [0]
193 720 [0]
168 737 [8]
243 670 [0]
363 547 [3]
192 716 [5]
265 640 [8]
246 668 [0]
140 774 [0]
314 600 [0]
238 671 [5]
188 720 [6]
319 594 [1]
337 572 [5]
141 774 [0]
249 666 [0]
447 468 [0]
323 586 [6]
319 588 [8]
430 479 [6]
153 763 [0]
134 782 [0]
232 679 [5]
454 456 [6]
416 492 [8]
302 606 [8]
258 650 [8]
361 556 [0]
390 527 [0]
453 456 [8]
451 458 [8]
137 779 [1]
268 650 [0]
282 628 [8]
140 770 [8]
437 481 [0]
149 770 [0]
346 567 [6]
286 625 [8]
257 662 [0]
262 657 [0]
298 621 [0]
333 581 [5]
126 785 [8]
187 724 [8]
218 695 [6]
177 735 [8]
308 612 [0]
277 637 [6]
140 772 [8]
353 559 [8]
337 578 [5]
348 564 [8]
176 745 [0]
356 565 [0]
429 492 [0]
194 722 [5]
392 525 [4]
427 489 [5]
192 725 [5]
457 465 [0]
145 777 [0]
301 621 [0]
450 472 [0]
151 763 [8]
262 652 [8]
367 547 [8]
232 682 [8]
331 592 [0]
369 554 [0]
126 796 [1]
390 525 [8]
260 655 [8]
345 573 [5]
372 552 [0]
128 796 [0]
398 526 [0]
147 777 [0]
165 759 [0]
442 482 [0]
324 592 [8]
232 692 [0]
164 752 [8]
286 638 [0]
289 627 [8]
165 756 [3]
292 633 [0]
154 771 [0]
222 703 [0]
130 787 [8]
334 592 [0]
282 644 [0]
332 594 [0]
311 612 [3]
227 691 [8]
413 508 [5]
309 611 [6]
366 561 [0]
440 487 [0]
120 799 [8]
186 742 [0]
364 564 [0]
380 548 [0]
405 523 [0]
412 516 [0]
438 485 [5]
384 538 [6]
192 732 [5]
387 542 [0]
231 690 [8]
132 797 [0]
342 584 [3]
278 642 [9]
329 600 [0]
163 758 [8]
405 524 [0]
383 547 [0]
376 549 [5]
184 746 [0]
312 618 [0]
238 686 [6]
298 627 [5]
239 686 [6]
181 750 [0]
156 775 [0]
264 667 [0]
393 538 [0]
367 556 [8]
161 762 [8]
430 502 [0]
195 737 [0]
443 489 [0]
290 634 [8]
373 553 [6]
160 764 [8]
146 778 [8]
289 640 [3]
145 788 [0]
263 670 [0]
384 549 [0]
319 606 [8]
189 736 [8]
310 615 [8]
279 655 [0]
319 615 [0]
159 767 [8]
166 761 [8]
148 787 [0]
423 506 [6]
205 722 [8]
219 708 [8]
462 473 [0]
356 574 [5]
330 605 [0]
240 687 [9]
269 661 [6]
243 685 [8]
314 617 [5]
396 534 [6]
421 506 [9]
275 656 [5]
267 664 [6]
149 788 [0]
130 799 [8]
220 717 [0]
408 529 [0]
436 501 [0]
312 616 [9]
190 742 [5]
173 765 [0]
291 639 [8]
317 613 [8]
444 494 [0]
151 784 [3]
452 486 [0]
283 647 [8]
359 574 [5]
372 558 [8]
164 766 [8]
393 541 [5]
153 786 [0]
441 498 [0]
310 626 [3]
439 499 [1]
150 788 [1]
378 561 [0]
369 562 [8]
171 764 [5]
144 796 [0]
180 760 [0]
141 796 [3]
403 537 [0]
327 608 [5]
294 641 [5]
425 515 [0]
311 621 [8]
394 546 [0]
192 741 [8]
283 658 [0]
250 691 [0]
143 797 [1]
152 788 [1]
184 749 [8]
275 661 [5]
366 568 [8]
420 522 [0]
176 765 [1]
463 480 [0]
163 780 [0]
156 787 [0]
144 798 [1]
232 703 [8]
265 672 [6]
163 772 [8]
191 744 [8]
163 781 [0]
216 728 [0]
385 559 [0]
458 478 [8]
244 694 [6]
204 739 [1]
255 684 [6]
159 786 [0]
374 571 [0]
401 538 [6]
341 601 [3]
347 598 [0]
207 733 [5]
233 707 [5]
429 512 [4]
445 500 [0]
164 782 [0]
305 641 [0]
466 480 [0]
325 613 [8]
168 779 [0]
197 750 [0]
321 626 [1]
256 684 [8]
179 768 [1]
141 799 [8]
312 630 [6]
156 793 [0]
215 726 [8]
471 478 [0]
293 648 [8]
285 665 [0]
379 571 [0]
326 619 [5]
419 531 [0]
240 701 [9]
395 547 [8]
173 769 [8]
186 763 [1]
418 533 [0]
415 527 [9]
464 482 [5]
215 737 [0]
158 786 [8]
200 744 [8]
205 748 [0]
434 513 [6]
236 712 [5]
253 694 [6]
426 519 [8]
271 683 [0]
410 538 [6]
229 725 [0]
459 495 [0]
427 528 [0]
227 723 [5]
430 526 [0]
204 752 [0]
352 599 [5]
230 726 [0]
459 497 [0]
275 673 [8]
315 636 [5]
416 534 [6]
225 726 [5]
301 656 [0]
446 511 [0]
439 512 [6]
219 733 [5]
456 495 [6]
395 557 [5]
425 533 [0]
447 511 [0]
161 792 [5]
232 718 [8]
171 782 [5]
205 746 [8]
311 642 [6]
334 619 [6]
250 704 [5]
469 490 [0]
167 787 [5]
417 542 [0]
471 482 [6]
445 515 [0]
235 725 [0]
416 538 [6]
468 492 [0]
198 757 [5]
250 711 [0]
312 649 [0]
423 538 [0]
208 748 [5]
333 619 [9]
364 589 [9]
268 686 [8]
182 772 [8]
263 693 [6]
398 561 [3]
327 636 [0]
366 597 [0]
425 530 [8]
354 601 [8]
293 665 [5]
382 572 [9]
287 671 [5]
429 535 [0]
309 652 [3]
460 504 [0]
329 636 [0]
472 493 [0]
276 688 [1]
274 686 [6]
342 624 [0]
224 742 [0]
201 765 [0]
260 706 [0]
375 591 [0]
478 482 [6]
220 747 [0]
204 763 [0]
342 625 [0]
422 545 [0]
221 747 [0]
439 521 [8]
318 644 [6]
355 613 [0]
301 668 [0]
325 644 [0]
306 654 [9]
164 797 [8]
206 758 [5]
439 531 [0]
373 597 [0]
455 506 [9]
319 643 [8]
282 680 [8]
295 670 [5]
405 560 [5]
464 501 [5]
204 765 [1]
273 698 [0]
282 689 [0]
249 717 [5]
210 753 [8]
328 635 [8]
354 611 [6]
201 762 [8]
302 667 [3]
475 497 [0]
180 784 [8]
243 724 [5]
329 637 [6]
208 759 [5]
248 716 [8]
259 706 [8]
391 577 [5]
294 678 [1]
451 516 [6]
320 647 [6]
437 530 [6]
240 724 [9]
304 664 [5]
167 799 [8]
243 726 [5]
361 614 [0]
198 777 [0]
221 754 [0]
256 719 [0]
274 701 [0]
438 537 [0]
343 627 [5]
243 728 [5]
286 690 [0]
342 626 [8]
397 574 [5]
371 605 [0]
399 577 [0]
385 586 [5]
259 709 [8]
238 733 [5]
297 674 [5]
450 526 [0]
322 650 [5]
204 773 [0]
448 529 [0]
253 718 [6]
371 600 [6]
190 779 [8]
422 556 [0]
205 773 [0]
368 604 [6]
255 723 [0]
265 713 [0]
376 602 [0]
391 587 [0]
263 716 [0]
329 641 [9]
440 533 [6]
192 788 [0]
349 631 [0]
389 591 [0]
218 757 [5]
263 718 [0]
344 629 [8]
326 647 [8]
182 791 [8]
342 631 [8]
338 637 [6]
375 607 [0]
475 507 [0]
343 633 [6]
404 572 [6]
369 608 [5]
326 651 [5]
208 775 [0]
316 667 [0]
327 656 [0]
448 535 [0]
376 599 [8]
229 749 [5]
326 649 [8]
281 696 [6]
284 700 [0]
396 580 [8]
219 766 [0]
463 522 [0]
441 539 [5]
290 687 [8]
311 668 [6]
365 611 [9]
246 740 [0]
194 784 [8]
335 642 [9]
488 498 [0]
276 711 [0]
423 561 [3]
272 713 [2]
372 610 [5]
308 679 [0]
358 629 [0]
456 525 [6]
490 498 [0]
229 759 [0]
231 752 [5]
297 691 [0]
385 603 [0]
368 612 [8]
289 692 [8]
404 579 [6]
241 743 [5]
467 523 [0]
292 690 [8]
263 728 [0]
295 696 [0]
362 629 [0]
461 530 [0]
464 522 [5]
364 623 [4]
347 639 [5]
219 767 [5]
190 798 [3]
243 749 [0]
454 538 [0]
253 733 [6]
448 539 [5]
373 611 [9]
285 702 [6]
478 509 [6]
239 749 [5]
283 704 [6]
210 775 [8]
362 632 [0]
230 764 [0]
240 754 [0]
408 577 [9]
196 793 [5]
460 528 [6]
429 565 [0]
452 542 [0]
270 716 [8]
390 597 [8]
246 749 [0]
197 798 [0]
470 525 [0]
262 727 [6]
302 693 [0]
312 683 [0]
396 599 [0]
219 768 [8]
356 640 [0]
296 692 [8]
474 514 [9]
392 596 [9]
387 604 [6]
415 573 [9]
247 751 [0]
308 685 [5]
216 783 [0]
439 560 [0]
411 582 [6]
355 642 [2]
209 786 [5]
224 776 [0]
418 582 [0]
269 725 [6]
477 523 [0]
193 799 [8]
450 550 [0]
391 603 [6]
239 762 [0]
249 752 [0]
290 711 [0]
218 778 [5]
220 773 [8]
472 522 [8]
419 583 [0]
320 683 [0]
433 570 [0]
492 511 [0]
467 536 [0]
289 706 [8]
239 765 [0]
315 689 [0]
298 698 [8]
310 687 [8]
464 541 [0]
471 528 [6]
222 775 [8]
223 783 [0]
345 661 [0]
378 628 [0]
418 588 [0]
497 509 [0]
228 779 [0]
412 595 [0]
434 565 [8]
462 540 [5]
338 663 [6]
481 521 [5]
422 586 [0]
430 573 [5]
439 569 [0]
214 789 [5]
235 774 [0]
301 703 [5]
481 529 [0]
268 741 [1]
466 539 [5]
398 607 [5]
303 699 [8]
372 630 [8]
265 738 [8]
397 605 [9]
244 762 [5]
343 669 [0]
316 688 [8]
255 752 [6]
439 566 [8]
473 535 [5]
442 571 [0]
363 650 [0]
348 660 [5]
302 705 [6]
308 696 [9]
485 529 [0]
501 513 [0]
245 764 [5]
238 770 [6]
434 581 [0]
496 519 [0]
368 648 [0]
501 515 [0]
325 685 [6]
287 725 [5]
319 693 [5]
499 512 [6]
249 763 [5]
483 534 [0]
264 747 [6]
222 791 [5]
294 719 [5]
427 586 [5]
455 563 [0]
254 759 [5]
291 728 [0]
296 723 [0]
309 710 [0]
383 636 [0]
219 794 [6]
319 695 [5]
284 730 [5]
501 510 [8]
289 722 [8]
336 679 [5]
321 691 [8]
278 736 [6]
384 633 [4]
237 784 [0]
367 648 [6]
417 604 [0]
500 521 [0]
315 698 [8]
477 539 [5]
465 554 [2]
440 582 [0]
481 541 [0]
352 668 [2]
378 638 [6]
282 738 [3]
300 715 [8]
447 577 [0]
484 540 [0]
423 595 [6]
361 659 [4]
493 525 [6]
301 724 [0]
351 674 [0]
274 746 [5]
389 631 [5]
424 595 [6]
261 756 [8]
256 770 [0]
472 554 [0]
276 745 [5]
469 548 [9]
251 776 [0]
450 571 [6]
273 745 [9]
329 699 [0]
293 727 [8]
389 634 [5]
350 679 [0]
421 608 [0]
386 635 [8]
267 756 [6]
317 713 [0]
440 581 [9]
257 765 [8]
448 583 [0]
417 605 [9]
278 747 [6]
356 676 [0]
475 557 [0]
510 522 [0]
413 613 [6]
404 619 [9]
441 586 [5]
372 654 [6]
247 777 [8]
238 790 [5]
433 591 [9]
299 728 [6]
280 748 [5]
317 717 [0]
257 772 [5]
337 698 [0]
489 546 [0]
451 584 [0]
422 604 [9]
277 750 [9]
287 741 [8]
481 556 [0]
333 704 [0]
246 791 [0]
462 575 [0]
284 748 [5]
423 608 [6]
463 572 [2]
461 569 [8]
468 562 [8]
502 530 [6]
243 790 [5]
302 737 [0]
399 632 [8]
505 534 [0]
504 529 [6]
260 770 [9]
365 666 [8]
264 776 [0]
385 655 [0]
361 674 [5]
418 617 [5]
494 541 [5]
365 669 [6]
364 676 [0]
259 782 [0]
418 623 [0]
423 618 [0]
470 571 [0]
486 555 [0]
473 568 [0]
387 648 [6]
339 703 [0]
341 701 [0]
375 667 [0]
398 644 [0]
377 656 [9]
273 760 [9]
482 561 [0]
438 605 [0]
319 724 [0]
355 688 [0]
271 767 [5]
455 588 [0]
423 611 [9]
467 567 [9]
323 721 [0]
337 707 [0]
393 646 [5]
472 566 [6]
503 535 [6]
396 642 [6]
373 666 [6]
455 581 [9]
417 619 [9]
256 790 [0]
481 565 [0]
515 525 [6]
295 746 [5]
463 583 [0]
449 588 [9]
350 688 [8]
384 659 [4]
298 741 [8]
275 773 [0]
277 771 [0]
379 669 [0]
411 637 [0]
430 618 [0]
467 576 [5]
427 617 [5]
402 648 [0]
507 543 [0]
245 797 [8]
496 555 [0]
288 754 [9]
288 759 [4]
255 790 [6]
523 524 [4]
408 639 [4]
501 544 [6]
313 730 [8]
513 539 [0]
425 622 [5]
517 536 [0]
468 579 [6]
312 732 [9]
465 583 [5]
376 672 [6]
368 680 [6]
514 535 [5]
413 636 [6]
319 731 [5]
469 577 [9]
327 719 [9]
444 612 [0]
370 677 [9]
259 796 [1]
335 712 [9]
439 618 [0]
482 575 [0]
270 779 [8]
379 673 [5]
499 550 [8]
283 775 [0]
526 532 [0]
281 778 [0]
506 553 [0]
461 593 [5]
474 585 [0]
276 784 [0]
472 588 [0]
339 719 [2]
376 679 [5]
437 619 [4]
508 547 [5]
411 650 [0]
396 659 [6]
377 679 [5]
390 665 [6]
352 700 [9]
314 748 [0]
473 589 [0]
509 548 [5]
326 731 [5]
291 766 [5]
346 710 [6]
366 691 [5]
473 590 [0]
477 586 [0]
454 605 [4]
484 580 [0]
305 754 [5]
382 676 [6]
361 698 [5]
471 593 [0]
324 741 [0]
374 691 [0]
471 594 [0]
267 792 [6]
495 570 [0]
449 609 [8]
421 645 [0]
296 770 [0]
448 612 [6]
260 798 [8]
413 654 [0]
523 544 [0]
394 671 [2]
488 580 [0]
346 716 [6]
368 694 [6]
308 761 [0]
399 670 [0]
419 650 [0]
386 677 [6]
317 746 [6]
374 686 [9]
302 762 [5]
287 775 [8]
330 735 [5]
461 605 [4]
269 797 [5]
519 552 [0]
422 644 [5]
368 704 [0]
282 785 [5]
517 555 [0]
343 723 [6]
335 728 [9]
453 613 [6]
412 651 [9]
441 632 [0]
347 717 [9]
288 786 [0]
489 585 [0]
458 608 [8]
422 653 [0]
405 670 [0]
332 735 [8]
456 613 [6]
326 750 [0]
456 614 [6]
350 718 [8]
509 568 [0]
408 663 [6]
524 547 [6]
358 715 [5]
537 542 [0]
307 767 [5]
493 587 [0]
529 546 [5]
409 662 [9]
392 689 [0]
363 712 [6]
341 735 [5]
337 745 [0]
401 681 [0]
418 664 [0]
523 559 [0]
528 554 [0]
424 652 [6]
374 709 [0]
377 706 [0]
521 562 [0]
284 794 [5]
532 550 [1]
291 793 [0]
370 705 [9]
533 545 [6]
289 791 [5]
460 620 [5]
377 702 [6]
487 598 [0]
326 751 [8]
354 725 [6]
521 565 [0]
483 598 [5]
523 554 [9]
319 768 [0]
374 704 [9]
386 695 [6]
432 655 [0]
292 796 [0]
484 599 [5]
352 727 [9]
353 730 [5]
329 750 [9]
371 718 [0]
482 601 [6]
421 663 [5]
431 659 [0]
510 580 [0]
476 614 [0]
477 613 [0]
297 787 [6]
397 689 [5]
308 774 [9]
524 563 [4]
460 632 [0]
473 619 [0]
358 725 [9]
323 763 [6]
347 737 [9]
495 596 [2]
325 762 [6]
385 709 [0]
416 678 [0]
492 597 [5]
410 675 [9]
481 604 [9]
416 679 [0]
451 644 [0]
474 621 [0]
489 606 [0]
324 766 [6]
420 676 [0]
299 791 [6]
371 726 [0]
506 591 [0]
473 624 [1]
455 641 [2]
305 787 [6]
363 729 [6]
323 768 [8]
369 724 [6]
499 592 [8]
387 707 [6]
457 644 [0]
401 696 [4]
462 633 [6]
430 665 [6]
443 652 [6]
357 745 [0]
412 690 [0]
480 622 [0]
348 749 [5]
443 650 [9]
309 787 [6]
419 674 [9]
519 578 [5]
310 793 [0]
530 567 [6]
430 668 [6]
423 682 [0]
367 732 [6]
434 665 [6]
506 599 [0]
503 598 [4]
431 675 [0]
455 651 [0]
508 598 [0]
353 747 [6]
531 566 [9]
441 656 [9]
392 715 [0]
461 646 [0]
313 789 [5]
470 637 [0]
546 562 [0]
307 798 [3]
397 702 [9]
304 796 [8]
471 633 [4]
350 753 [5]
450 659 [0]
385 718 [6]
430 671 [9]
345 766 [0]
445 666 [0]
460 651 [0]
521 590 [0]
444 662 [5]
459 643 [9]
356 756 [0]
372 740 [0]
414 698 [0]
366 741 [5]
406 701 [5]
461 643 [9]
319 789 [5]
365 742 [6]
376 731 [6]
518 595 [0]
474 630 [9]
461 652 [0]
364 750 [0]
491 614 [9]
548 566 [0]
475 630 [9]
411 694 [9]
418 691 [5]
550 564 [0]
374 731 [9]
493 615 [6]
436 678 [0]
413 697 [5]
402 714 [0]
414 696 [6]
479 637 [0]
558 559 [0]
453 665 [0]
351 768 [0]
412 708 [0]
384 736 [0]
511 609 [0]
372 742 [6]
554 564 [2]
412 700 [9]
323 792 [6]
514 598 [9]
481 631 [9]
330 792 [0]
370 743 [9]
534 586 [2]
454 663 [5]
325 798 [0]
415 699 [9]
471 643 [9]
425 699 [0]
326 793 [5]
461 664 [0]
508 617 [0]
405 711 [9]
382 734 [9]
505 615 [5]
436 684 [5]
537 583 [6]
422 704 [0]
548 578 [0]
410 707 [9]
435 682 [9]
349 771 [6]
554 572 [0]
340 780 [6]
560 567 [0]
378 750 [0]
363 760 [5]
326 797 [5]
364 765 [0]
545 584 [0]
333 797 [0]
338 792 [0]
371 759 [0]
498 633 [0]
504 622 [5]
516 616 [0]
532 601 [0]
491 643 [0]
511 623 [0]
351 778 [5]
527 607 [0]
362 773 [0]
372 763 [0]
479 656 [0]
521 614 [0]
543 592 [0]
524 612 [0]
391 740 [5]
380 757 [0]
436 701 [0]
369 762 [6]
564 572 [2]
380 759 [0]
453 686 [0]
549 590 [0]
495 635 [9]
456 676 [8]
556 580 [4]
427 714 [0]
519 617 [5]
565 576 [0]
479 663 [0]
384 749 [9]
506 634 [2]
426 717 [0]
503 640 [0]
464 680 [0]
391 744 [9]
338 798 [8]
367 771 [6]
395 750 [0]
369 770 [6]
500 646 [0]
559 587 [0]
464 682 [0]
556 585 [5]
472 668 [6]
539 608 [0]
507 631 [9]
476 666 [5]
494 654 [0]
570 578 [0]
388 755 [5]
380 769 [0]
415 734 [0]
495 654 [0]
532 608 [9]
400 742 [7]
370 780 [0]
446 704 [0]
540 610 [0]
533 608 [9]
436 705 [9]
489 657 [4]
504 647 [0]
569 582 [0]
574 577 [0]
491 660 [0]
495 647 [9]
363 789 [0]
536 616 [0]
558 594 [0]
442 701 [9]
430 716 [6]
517 627 [9]
562 592 [0]
406 743 [5]
411 734 [9]
383 772 [0]
436 719 [0]
449 697 [9]
401 750 [4]
476 680 [0]
424 723 [9]
561 587 [8]
399 751 [6]
409 748 [0]
479 678 [0]
533 624 [0]
441 707 [9]
424 734 [0]
429 729 [0]
503 655 [0]
561 597 [0]
500 653 [5]
515 637 [6]
444 705 [9]
496 658 [5]
413 741 [5]
436 718 [5]
446 714 [0]
468 692 [0]
559 601 [0]
563 592 [5]
531 620 [9]
369 785 [6]
533 622 [5]
576 585 [0]
510 642 [9]
516 646 [0]
517 645 [0]
573 589 [0]
517 646 [0]
551 612 [0]
534 620 [9]
362 795 [6]
436 722 [5]
578 580 [5]
383 781 [0]
425 739 [0]
501 663 [0]
535 629 [0]
542 622 [0]
465 697 [2]
388 777 [0]
535 625 [5]
385 771 [9]
514 653 [0]
456 702 [9]
373 795 [0]
377 791 [0]
485 678 [5]
520 649 [0]
375 785 [9]
453 707 [9]
393 777 [0]
474 696 [0]
499 671 [0]
556 609 [5]
570 591 [9]
572 596 [3]
457 712 [2]
557 610 [4]
514 657 [0]
485 687 [0]
429 744 [0]
410 763 [0]
423 750 [0]
493 674 [6]
424 749 [0]
490 683 [0]
557 617 [0]
485 689 [0]
581 589 [4]
583 592 [0]
516 655 [4]
458 712 [6]
429 748 [0]
500 677 [0]
393 776 [9]
497 682 [0]
544 635 [0]
405 770 [4]
379 794 [6]
557 614 [9]
379 795 [6]
421 757 [2]
518 660 [2]
571 604 [5]
419 758 [4]
434 741 [6]
421 758 [2]
542 634 [5]
587 595 [0]
584 598 [1]
404 773 [6]
544 639 [0]
469 716 [0]
411 768 [6]
456 729 [0]
390 789 [6]
427 749 [9]
405 771 [9]
544 638 [4]
572 610 [4]
508 679 [0]
431 757 [0]
410 773 [5]
475 711 [2]
528 655 [6]
535 645 [9]
569 613 [8]
451 730 [9]
530 651 [9]
538 652 [0]
390 794 [6]
401 780 [9]
419 769 [2]
536 655 [0]
483 708 [0]
404 781 [6]
564 618 [9]
420 772 [0]
475 717 [0]
499 693 [0]
503 689 [0]
506 684 [2]
576 617 [0]
509 679 [5]
505 688 [0]
531 662 [0]
490 704 [0]
392 793 [9]
486 704 [4]
562 623 [9]
570 615 [9]
469 726 [0]
545 650 [0]
547 648 [0]
596 599 [0]
551 644 [0]
484 702 [9]
428 768 [0]
550 646 [0]
570 626 [0]
511 681 [4]
416 775 [5]
562 635 [0]
522 675 [0]
566 631 [0]
498 690 [9]
408 780 [9]
431 759 [7]
513 682 [2]
444 744 [9]
438 760 [0]
550 639 [9]
526 673 [0]
442 751 [6]
439 755 [5]
551 649 [0]
446 745 [9]
443 748 [9]
568 632 [0]
493 701 [6]
520 681 [0]
553 648 [0]
500 693 [9]
563 640 [0]
594 609 [0]
482 715 [6]
600 603 [0]
442 752 [9]
519 685 [0]
513 692 [0]
582 623 [0]
409 794 [2]
590 615 [0]
490 716 [0]
532 674 [0]
563 643 [0]
436 761 [9]
471 736 [0]
511 696 [0]
512 695 [0]
445 756 [6]
548 653 [6]
425 783 [0]
524 684 [0]
417 782 [9]
445 764 [0]
555 654 [0]
466 739 [4]
401 799 [9]
516 684 [9]
561 643 [5]
502 708 [0]
543 665 [2]
454 747 [9]
604 607 [0]
499 713 [0]
548 664 [0]
456 747 [9]
597 615 [0]
479 731 [2]
525 688 [0]
525 689 [0]
573 639 [2]
435 775 [5]
599 618 [0]
455 753 [9]
597 621 [0]
435 774 [9]
550 669 [0]
593 626 [0]
552 667 [0]
571 643 [5]
510 700 [9]
504 716 [0]
417 794 [9]
501 714 [5]
466 750 [4]
506 714 [1]
557 655 [9]
427 785 [9]
478 739 [4]
469 743 [9]
549 673 [0]
426 797 [0]
600 623 [0]
595 622 [6]
465 759 [0]
610 614 [0]
478 737 [9]
463 757 [4]
544 679 [2]
427 799 [0]
533 693 [0]
428 796 [3]
593 635 [0]
489 735 [4]
568 661 [0]
536 694 [0]
432 798 [0]
500 731 [0]
594 637 [0]
613 618 [0]
487 735 [9]
505 724 [2]
594 636 [2]
507 723 [2]
494 738 [0]
463 767 [2]
505 728 [0]
509 724 [0]
563 670 [0]
587 646 [0]
599 634 [0]
551 683 [0]
515 714 [5]
553 677 [4]
522 713 [0]
590 643 [2]
483 754 [0]
468 763 [6]
584 648 [5]
473 762 [2]
448 784 [5]
442 796 [0]
469 769 [0]
450 779 [9]
574 664 [0]
586 653 [0]
470 767 [2]
485 755 [0]
545 695 [0]
551 689 [0]
590 650 [0]
498 737 [5]
538 694 [9]
466 766 [9]
445 797 [0]
520 720 [2]
566 672 [4]
518 721 [4]
509 725 [9]
567 677 [0]
482 756 [6]
473 767 [4]
614 625 [5]
552 693 [0]
617 628 [0]
580 661 [4]
489 752 [4]
550 696 [0]
453 794 [0]
576 671 [0]
622 625 [0]
575 672 [0]
454 789 [4]
593 646 [9]
516 727 [5]
578 662 [9]
452 798 [0]
454 788 [9]
621 630 [0]
469 773 [9]
490 759 [2]
604 643 [4]
508 745 [0]
467 777 [9]
517 727 [9]
533 721 [0]
608 647 [0]
581 676 [0]
597 660 [0]
527 730 [0]
559 696 [2]
504 754 [0]
475 781 [2]
472 780 [6]
545 714 [0]
586 673 [0]
599 660 [0]
498 757 [4]
602 658 [0]
570 681 [9]
538 713 [9]
585 677 [0]
597 661 [4]
541 722 [0]
479 785 [0]
581 684 [0]
473 790 [2]
480 786 [0]
505 757 [4]
482 779 [5]
493 774 [0]
542 725 [0]
611 652 [4]
626 632 [9]
495 773 [0]
546 722 [0]
620 639 [9]
589 680 [0]
536 729 [4]
550 717 [2]
590 675 [4]
487 783 [0]
600 666 [5]
503 769 [0]
572 700 [0]
609 663 [0]
619 649 [4]
496 778 [0]
518 756 [0]
583 691 [0]
552 718 [5]
549 727 [0]
630 637 [9]
480 792 [4]
492 785 [0]
584 688 [5]
601 675 [2]
585 684 [9]
532 744 [2]
588 690 [0]
612 663 [4]
508 772 [0]
604 676 [0]
488 783 [9]
524 757 [0]
560 721 [0]
567 710 [4]
564 709 [9]
575 707 [0]
609 666 [9]
603 681 [0]
563 722 [0]
593 692 [0]
595 686 [4]
516 760 [9]
588 698 [0]
635 652 [0]
524 759 [4]
590 693 [4]
509 779 [0]
524 755 [9]
532 757 [0]
579 710 [0]
518 769 [2]
530 754 [6]
587 701 [2]
539 747 [4]
625 666 [0]
526 763 [2]
584 699 [9]
630 659 [4]
591 703 [0]
495 797 [2]
608 684 [2]
556 739 [0]
630 666 [0]
578 718 [0]
550 737 [9]
514 783 [0]
599 697 [2]
540 756 [2]
607 691 [0]
498 791 [9]
536 761 [2]
599 696 [4]
526 770 [4]
625 676 [0]
538 764 [0]
594 704 [4]
557 746 [0]
579 724 [0]
577 726 [0]
564 739 [0]
618 685 [0]
520 781 [2]
601 703 [0]
574 731 [0]
530 776 [0]
553 753 [0]
584 720 [2]
551 753 [2]
627 679 [0]
567 741 [0]
578 730 [0]
646 662 [0]
622 684 [2]
566 739 [5]
641 669 [0]
558 754 [0]
620 692 [0]
651 652 [9]
627 689 [0]
635 681 [1]
549 764 [4]
605 712 [0]
600 718 [0]
517 796 [5]
532 785 [2]
536 784 [0]
550 770 [0]
633 683 [4]
645 675 [0]
533 788 [0]
631 690 [0]
573 739 [9]
651 671 [0]
537 777 [9]
615 704 [4]
572 752 [0]
634 690 [0]
655 670 [0]
617 709 [0]
598 720 [9]
639 686 [4]
555 770 [4]
626 704 [0]
642 688 [0]
650 680 [0]
543 788 [0]
613 719 [0]
658 674 [0]
627 703 [2]
582 751 [0]
595 736 [2]
620 714 [0]
622 712 [0]
628 706 [0]
662 669 [4]
597 736 [2]
579 752 [4]
610 726 [0]
620 712 [4]
545 791 [2]
538 791 [9]
616 723 [0]
622 716 [2]
541 795 [4]
665 676 [0]
555 787 [0]
579 763 [0]
624 718 [0]
602 740 [0]
664 671 [7]
614 719 [9]
562 782 [0]
576 768 [0]
613 731 [0]
667 678 [0]
569 771 [5]
549 792 [4]
631 715 [0]
565 782 [0]
643 697 [7]
601 737 [9]
618 725 [4]
558 790 [0]
563 785 [0]
547 792 [9]
564 783 [2]
629 721 [0]
594 757 [0]
590 762 [0]
625 727 [0]
630 720 [4]
603 748 [4]
637 719 [0]
639 717 [0]
672 685 [0]
586 773 [0]
650 709 [0]
588 772 [0]
648 715 [0]
616 738 [9]
670 694 [0]
587 778 [0]
624 741 [0]
654 711 [0]
591 775 [0]
604 762 [0]
613 744 [9]
673 692 [2]
636 732 [0]
574 787 [7]
590 774 [4]
580 784 [5]
581 786 [4]
634 737 [0]
673 699 [0]
607 762 [4]
645 729 [0]
658 716 [0]
628 742 [4]
610 760 [4]
684 691 [0]
623 751 [1]
606 769 [0]
610 766 [0]
661 715 [0]
591 781 [4]
655 722 [0]
575 795 [7]
681 688 [9]
637 738 [4]
620 760 [0]
593 785 [2]
618 758 [4]
626 756 [0]
624 754 [4]
655 725 [2]
648 735 [0]
680 703 [2]
691 692 [2]
671 707 [7]
596 790 [0]
647 740 [0]
654 734 [0]
607 777 [4]
643 746 [0]
674 715 [0]
609 778 [2]
600 788 [2]
639 751 [0]
635 756 [0]
683 708 [1]
690 699 [4]
658 730 [7]
646 747 [2]
653 740 [2]
635 761 [0]
689 707 [0]
647 745 [4]
632 765 [0]
656 742 [0]
682 720 [0]
623 780 [0]
699 705 [0]
656 749 [0]
667 738 [0]
629 779 [0]
681 726 [2]
682 727 [0]
657 753 [0]
688 714 [9]
618 789 [4]
624 789 [0]
705 708 [0]
632 779 [2]
681 733 [0]
673 740 [2]
630 783 [4]
674 744 [0]
702 717 [0]
684 732 [4]
678 743 [0]
698 721 [2]
638 783 [0]
635 783 [4]
625 793 [4]
702 718 [4]
632 790 [2]
677 751 [0]
644 784 [0]
713 716 [0]
672 758 [0]
711 720 [0]
700 733 [0]
635 795 [4]
642 794 [0]
665 772 [0]
711 726 [0]
655 782 [2]
709 723 [7]
664 776 [0]
677 764 [0]
691 752 [0]
664 774 [7]
685 757 [4]
716 732 [0]
713 735 [0]
668 781 [0]
702 738 [9]
717 733 [0]
685 765 [0]
688 759 [4]
670 782 [0]
707 745 [0]
710 743 [0]
694 760 [0]
721 727 [6]
677 778 [0]
678 770 [9]
694 767 [0]
668 794 [0]
705 757 [0]
682 782 [0]
709 755 [0]
711 755 [0]
707 760 [0]
712 751 [4]
701 767 [0]
722 747 [0]
733 735 [1]
681 786 [2]
674 797 [0]
719 753 [0]
710 760 [4]
731 740 [4]
703 773 [0]
719 758 [0]
722 752 [4]
732 747 [0]
706 775 [0]
694 780 [7]
691 787 [7]
697 788 [0]
689 795 [4]
743 747 [0]
715 776 [0]
740 751 [0]
692 795 [4]
707 778 [7]
727 761 [4]
710 780 [4]
742 753 [0]
699 798 [0]
748 749 [0]
729 765 [4]
706 794 [0]
724 777 [0]
736 766 [0]
734 767 [1]
730 776 [0]
727 775 [4]
709 793 [7]
744 766 [0]
738 769 [5]
728 785 [0]
752 761 [0]
716 793 [7]
753 769 [0]
748 774 [0]
740 780 [4]
756 767 [2]
763 766 [0]
738 782 [9]
733 794 [7]
736 799 [0]
739 796 [0]
754 786 [0]
743 793 [7]
772 777 [0]
755 787 [7]
751 799 [2]
771 782 [0]
771 785 [0]
767 791 [0]
764 797 [0]
764 798 [0]
773 790 [0]
781 786 [2]
786 791 [0]
789 792 [0]
783 798 [2]
795 797 [0]
