500
2
250
17
181
52
156
363
175
116
66
30
117
157
189
19
420
61
178
60
192
241
42
271
219
90
102
193
119
84
118
237
91
18
151
62
150
279
106
276
405
21
277
125
263
23
209
134
194
208
107
124
228
195
342
304
72
172
229
7
22
63
12
73
92
299
0
1
36
93
199
375
132
265
37
10
80
76
28
50
29
51
74
300
283
301
88
89
6
3
14
287
286
354
395
4
8
53
58
56
69
13
131
59
188
54
16
44
140
31
103
39
114
48
27
65
38
100
123
111
34
5
256
98
338
26
94
396
196
316
317
115
153
222
164
137
41
95
99
136
197
285
110
9
167
86
335
128
464
40
334
200
87
166
465
309
201
35
135
49
154
20
252
253
129
25
46
146
280
64
101
47
239
302
281
112
142
303
355
329
337
173
202
160
203
33
480
294
185
233
385
97
184
161
384
232
295
416
417
481
411
433
345
96
344
71
282
120
452
453
455
432
454
410
485
328
458
336
459
498
499
305
369
484
448
457
461
376
437
223
143
165
255
145
182
254
227
183
226
258
113
358
359
236
210
177
261
144
176
211
55
15
204
179
240
105
341
270
24
221
109
138
205
315
399
314
398
430
325
370
104
190
371
415
191
220
414
324
126
78
330
435
331
108
45
43
434
372
217
412
321
387
242
79
127
216
386
442
67
440
243
443
373
413
85
362
168
174
472
473
326
441
421
438
139
320
439
490
491
346
340
347
431
260
310
428
218
429
259
366
141
152
367
379
378
409
262
388
311
389
238
467
466
147
155
284
365
489
364
488
377
308
353
451
450
401
352
400
460
496
497
333
332
408
486
487
397
339
483
257
482
122
163
422
246
186
213
68
212
244
247
245
475
474
380
187
130
381
478
479
423
158
148
57
273
360
235
272
159
361
463
234
462
477
198
149
476
162
11
2
133
81
170
77
82
215
225
266
446
291
293
171
32
214
224
274
296
248
350
289
297
290
207
249
349
306
307
374
264
312
206
83
275
449
313
393
348
392
470
471
426
427
351
288
292
267
407
356
357
402
418
406
424
425
419
403
495
494
447
394
469
70
75
121
468
298
493
391
456
444
436
445
368
343
383
278
382
322
404
492
390
323
269
268
319
327
169
231
251
230
180
318
0 1 [0]
0 4 [0]
3 6 [0]
0 8 [0]
4 8 [0]
2 11 [0]
4 11 [0]
3 14 [0]
6 14 [0]
7 22 [0]
1 36 [0]
0 36 [1]
5 34 [0]
10 37 [0]
16 44 [0]
0 59 [1]
8 53 [0]
0 69 [1]
16 54 [0]
15 55 [0]
25 46 [0]
12 63 [0]
4 70 [0]
27 48 [0]
28 50 [0]
29 50 [0]
29 51 [0]
13 69 [0]
12 73 [0]
22 63 [0]
43 45 [0]
10 80 [0]
27 65 [0]
1 93 [0]
47 48 [1]
6 89 [0]
30 66 [0]
44 54 [0]
38 65 [0]
29 75 [0]
28 76 [0]
12 92 [1]
18 91 [0]
53 58 [0]
28 83 [0]
47 65 [1]
48 65 [1]
56 58 [0]
37 80 [0]
9 110 [0]
26 94 [0]
50 75 [0]
56 69 [0]
51 74 [0]
4 121 [0]
36 93 [0]
0 131 [1]
1 132 [0]
50 83 [0]
31 103 [0]
2 133 [0]
41 95 [0]
38 100 [0]
41 99 [0]
16 126 [1]
39 103 [0]
11 133 [0]
31 112 [1]
13 131 [0]
70 75 [0]
34 111 [0]
30 117 [0]
47 101 [0]
0 149 [0]
29 121 [0]
66 85 [1]
39 114 [0]
45 108 [0]
25 129 [0]
63 92 [1]
39 115 [1]
76 80 [0]
8 149 [0]
77 82 [0]
49 110 [1]
48 112 [1]
48 114 [0]
38 123 [1]
73 92 [0]
64 101 [0]
65 101 [1]
54 112 [1]
73 93 [0]
18 151 [0]
35 135 [0]
31 140 [0]
51 121 [0]
31 142 [1]
20 154 [0]
46 129 [0]
9 167 [0]
88 89 [0]
41 136 [1]
41 137 [0]
6 173 [1]
66 116 [0]
50 133 [0]
66 117 [0]
49 135 [0]
44 140 [0]
65 122 [0]
65 123 [1]
79 108 [1]
34 155 [0]
59 131 [0]
46 146 [0]
70 121 [1]
90 102 [0]
46 147 [0]
95 99 [0]
54 140 [0]
75 121 [0]
17 180 [0]
31 165 [1]
0 198 [0]
17 181 [1]
18 182 [1]
0 199 [1]
69 131 [1]
84 118 [0]
84 119 [0]
49 154 [0]
32 171 [0]
78 126 [0]
57 148 [0]
79 127 [0]
19 189 [0]
52 156 [0]
31 177 [1]
52 157 [0]
62 150 [0]
98 114 [1]
62 151 [0]
81 133 [0]
103 112 [1]
82 133 [0]
0 215 [0]
1 215 [0]
53 162 [0]
83 133 [0]
53 163 [0]
103 114 [0]
103 115 [1]
15 204 [0]
56 162 [0]
30 189 [1]
56 163 [0]
58 162 [0]
58 163 [0]
16 205 [1]
100 123 [0]
66 157 [0]
112 114 [1]
69 158 [0]
52 175 [1]
69 159 [0]
95 136 [1]
107 124 [0]
69 163 [0]
69 162 [0]
23 209 [0]
52 181 [0]
28 206 [0]
111 123 [0]
111 122 [0]
36 199 [1]
99 136 [0]
7 229 [0]
35 201 [0]
99 137 [0]
33 203 [0]
118 119 [0]
60 178 [0]
61 178 [0]
53 188 [1]
91 151 [0]
54 188 [0]
52 189 [1]
72 172 [0]
110 135 [1]
122 123 [0]
18 226 [1]
24 221 [0]
32 214 [0]
103 142 [1]
77 170 [0]
59 188 [0]
103 143 [1]
109 138 [0]
88 160 [1]
88 161 [1]
89 160 [1]
81 170 [0]
82 170 [0]
60 192 [0]
112 140 [1]
86 167 [0]
87 166 [0]
83 171 [0]
112 142 [0]
44 211 [1]
103 153 [1]
13 246 [0]
55 204 [0]
5 256 [0]
89 173 [1]
25 239 [1]
110 154 [1]
55 211 [0]
69 198 [0]
17 250 [0]
103 165 [1]
115 153 [0]
30 242 [1]
135 137 [1]
20 252 [0]
20 253 [0]
91 183 [1]
117 157 [0]
38 238 [0]
68 212 [0]
68 213 [0]
97 184 [0]
42 241 [0]
129 154 [1]
27 257 [0]
23 262 [1]
47 239 [0]
31 255 [1]
23 263 [0]
34 253 [1]
87 200 [0]
87 201 [0]
83 206 [0]
3 287 [1]
116 174 [1]
3 286 [1]
34 256 [1]
116 175 [0]
89 202 [1]
34 257 [0]
88 203 [1]
93 199 [0]
141 152 [0]
77 215 [1]
6 286 [1]
24 270 [0]
104 190 [0]
18 277 [1]
102 193 [0]
32 264 [0]
79 216 [1]
99 197 [0]
18 278 [0]
82 215 [0]
21 277 [0]
0 299 [0]
137 164 [0]
14 287 [0]
60 241 [0]
107 195 [1]
37 265 [0]
147 155 [0]
133 170 [0]
64 238 [0]
65 238 [0]
133 171 [0]
44 260 [1]
61 243 [1]
7 298 [0]
117 189 [1]
148 158 [0]
25 280 [1]
143 164 [0]
143 165 [0]
90 218 [1]
66 242 [1]
90 219 [0]
110 201 [1]
68 244 [0]
119 193 [0]
68 245 [1]
102 210 [1]
42 271 [0]
68 247 [0]
107 208 [0]
91 226 [1]
130 187 [0]
34 284 [0]
131 188 [0]
38 280 [1]
22 298 [0]
102 218 [1]
144 176 [0]
34 285 [1]
22 299 [1]
79 242 [0]
102 219 [0]
158 162 [1]
32 288 [1]
84 237 [1]
32 290 [0]
103 222 [1]
108 216 [1]
46 280 [1]
91 236 [1]
41 285 [1]
85 242 [0]
145 182 [0]
60 268 [0]
145 183 [1]
134 194 [0]
25 302 [1]
91 237 [0]
32 297 [0]
48 281 [1]
60 269 [0]
57 273 [0]
109 221 [0]
156 175 [0]
15 315 [1]
51 283 [0]
6 329 [1]
17 318 [0]
91 243 [1]
156 181 [0]
135 201 [1]
107 229 [0]
17 319 [1]
157 181 [0]
101 238 [0]
12 328 [1]
16 324 [1]
101 239 [0]
69 272 [0]
31 311 [0]
26 316 [1]
168 174 [0]
14 329 [1]
26 317 [1]
138 205 [0]
127 216 [0]
134 209 [0]
64 280 [0]
6 337 [1]
130 213 [1]
105 240 [0]
17 327 [1]
32 312 [0]
5 339 [0]
161 184 [0]
157 189 [0]
149 198 [0]
24 325 [0]
47 302 [0]
37 313 [0]
51 300 [0]
48 302 [1]
49 303 [1]
51 301 [0]
163 188 [0]
49 302 [1]
124 228 [0]
71 282 [0]
124 229 [0]
98 256 [0]
118 237 [0]
144 211 [1]
119 237 [0]
39 317 [1]
54 303 [1]
59 299 [1]
83 275 [0]
26 333 [0]
137 223 [0]
118 243 [1]
180 181 [0]
110 252 [1]
9 352 [0]
160 202 [0]
8 355 [1]
144 218 [0]
42 320 [1]
160 203 [0]
119 243 [1]
63 299 [1]
26 338 [0]
143 223 [0]
34 333 [0]
166 200 [1]
67 299 [1]
14 354 [0]
127 242 [0]
14 355 [1]
55 314 [1]
178 193 [0]
178 192 [1]
113 258 [0]
145 227 [1]
73 299 [0]
29 345 [1]
186 188 [0]
40 334 [0]
74 300 [0]
81 292 [1]
153 222 [0]
81 293 [0]
88 286 [0]
173 202 [0]
72 304 [0]
152 223 [0]
89 286 [0]
74 301 [1]
72 305 [1]
1 375 [0]
7 369 [1]
18 359 [1]
52 326 [1]
12 368 [0]
95 285 [1]
145 236 [0]
101 280 [1]
106 276 [0]
148 234 [1]
129 253 [0]
179 204 [0]
61 321 [1]
18 366 [1]
99 285 [1]
42 341 [1]
20 364 [0]
62 323 [0]
106 279 [0]
156 230 [0]
164 222 [0]
66 319 [0]
177 210 [0]
164 223 [0]
176 211 [0]
125 263 [0]
76 313 [0]
88 301 [0]
42 346 [1]
35 353 [0]
22 369 [1]
63 328 [1]
92 299 [0]
41 352 [0]
66 327 [0]
112 281 [0]
158 235 [0]
80 313 [0]
93 299 [1]
0 394 [0]
176 218 [0]
10 385 [1]
110 285 [0]
176 219 [1]
24 370 [0]
111 284 [0]
87 309 [0]
171 224 [1]
51 345 [1]
132 265 [0]
134 262 [1]
4 395 [0]
186 213 [0]
4 394 [0]
169 231 [0]
187 213 [1]
145 254 [1]
145 255 [0]
172 229 [0]
140 260 [1]
18 383 [0]
120 282 [0]
73 328 [1]
194 208 [0]
55 347 [0]
125 277 [0]
8 395 [1]
193 210 [1]
16 386 [1]
49 355 [1]
144 260 [0]
145 259 [0]
106 298 [0]
144 261 [0]
154 252 [1]
202 203 [0]
11 394 [1]
32 374 [0]
156 251 [0]
53 355 [1]
78 330 [0]
155 253 [0]
78 331 [0]
183 226 [0]
54 355 [1]
14 395 [0]
183 227 [0]
180 230 [0]
9 400 [0]
72 337 [1]
190 221 [0]
191 220 [0]
9 401 [0]
181 230 [0]
21 390 [0]
21 391 [0]
35 377 [0]
37 374 [0]
193 219 [0]
29 385 [1]
15 398 [1]
71 344 [0]
112 303 [0]
25 389 [0]
15 399 [1]
30 386 [1]
16 399 [1]
57 360 [1]
185 233 [0]
41 377 [0]
57 361 [1]
183 236 [1]
110 309 [1]
171 248 [0]
179 240 [0]
165 255 [0]
169 251 [0]
178 241 [1]
169 250 [1]
148 273 [0]
86 335 [0]
26 396 [0]
178 243 [1]
132 291 [0]
195 228 [0]
121 301 [0]
112 311 [0]
21 405 [0]
146 280 [0]
133 293 [0]
66 363 [0]
150 279 [0]
151 278 [0]
66 362 [1]
151 279 [1]
193 236 [1]
180 250 [0]
63 368 [0]
159 272 [0]
193 237 [0]
69 361 [0]
147 284 [1]
99 332 [0]
186 246 [0]
115 317 [0]
63 369 [1]
177 255 [0]
94 338 [1]
192 241 [0]
188 245 [0]
109 324 [0]
186 247 [0]
188 247 [0]
50 385 [1]
13 423 [0]
13 422 [0]
182 254 [0]
98 338 [0]
39 397 [0]
49 388 [0]
193 243 [1]
98 339 [0]
214 224 [0]
177 261 [0]
218 219 [1]
24 414 [0]
132 306 [0]
49 389 [0]
24 415 [0]
108 331 [0]
132 307 [0]
155 284 [0]
19 420 [0]
54 386 [1]
215 225 [0]
96 344 [0]
183 258 [0]
87 353 [0]
96 345 [0]
41 401 [0]
116 327 [0]
204 240 [0]
44 399 [1]
210 236 [0]
105 341 [0]
171 275 [0]
171 274 [1]
85 362 [0]
115 332 [0]
178 269 [0]
1 447 [0]
73 375 [0]
115 333 [0]
61 387 [1]
126 324 [0]
140 310 [1]
179 270 [1]
107 342 [1]
107 343 [0]
151 299 [1]
105 347 [0]
140 311 [0]
105 346 [0]
79 373 [0]
114 338 [1]
55 398 [1]
55 399 [1]
126 330 [0]
212 244 [0]
207 249 [0]
228 229 [0]
126 331 [0]
127 331 [1]
212 245 [1]
139 320 [0]
212 247 [1]
213 246 [1]
171 288 [1]
19 440 [1]
31 428 [0]
191 270 [0]
23 437 [1]
19 441 [1]
92 368 [0]
192 268 [0]
213 247 [0]
29 433 [1]
161 301 [1]
138 324 [1]
193 269 [0]
170 292 [1]
138 325 [0]
128 335 [0]
7 456 [0]
171 293 [0]
21 444 [0]
62 404 [0]
210 255 [0]
124 343 [0]
93 375 [0]
23 445 [0]
113 358 [0]
209 262 [1]
198 272 [0]
211 260 [0]
2 468 [1]
4 468 [0]
2 469 [1]
113 359 [0]
88 384 [1]
4 469 [0]
151 322 [0]
236 237 [1]
150 323 [0]
104 370 [0]
151 323 [0]
9 465 [1]
28 448 [1]
172 304 [0]
104 371 [1]
157 319 [0]
82 394 [1]
21 456 [0]
43 434 [0]
116 362 [1]
28 449 [0]
172 305 [1]
109 370 [0]
185 294 [0]
109 371 [0]
230 250 [1]
237 243 [1]
11 468 [1]
116 363 [0]
227 254 [0]
215 266 [0]
230 251 [0]
42 438 [1]
61 420 [0]
42 439 [1]
231 250 [1]
109 372 [1]
108 373 [0]
206 275 [1]
97 385 [0]
197 285 [0]
156 327 [0]
171 312 [0]
226 258 [0]
8 476 [0]
227 258 [0]
184 301 [1]
227 259 [0]
55 431 [0]
5 483 [0]
219 269 [0]
219 271 [0]
94 396 [0]
134 355 [1]
220 270 [0]
94 397 [0]
221 270 [1]
236 255 [0]
244 247 [0]
135 355 [1]
225 266 [0]
245 247 [0]
69 422 [0]
52 441 [1]
10 484 [1]
129 364 [0]
10 485 [1]
169 327 [0]
207 290 [0]
126 372 [1]
224 274 [0]
180 318 [0]
199 299 [1]
112 388 [0]
181 319 [1]
61 438 [1]
7 493 [0]
61 440 [1]
173 328 [0]
250 251 [1]
223 277 [1]
175 327 [0]
175 326 [1]
71 432 [1]
167 335 [1]
59 443 [1]
214 288 [1]
40 464 [0]
252 253 [0]
85 421 [0]
40 465 [1]
38 467 [0]
85 420 [1]
132 374 [0]
132 375 [0]
235 272 [0]
67 440 [0]
141 366 [0]
138 370 [0]
99 408 [0]
148 360 [0]
27 482 [0]
20 488 [0]
67 442 [0]
27 483 [0]
143 367 [0]
241 268 [0]
241 269 [0]
201 309 [0]
173 337 [0]
114 397 [0]
145 366 [0]
214 297 [0]
110 400 [0]
67 443 [0]
130 381 [0]
134 376 [1]
196 316 [0]
241 271 [0]
103 409 [0]
135 377 [0]
224 288 [1]
135 376 [0]
126 386 [1]
127 386 [0]
33 480 [0]
137 376 [0]
147 365 [1]
28 484 [1]
254 259 [0]
46 466 [0]
78 435 [1]
97 416 [0]
26 487 [0]
137 377 [0]
33 481 [1]
97 417 [0]
34 482 [0]
176 340 [0]
121 395 [0]
206 312 [0]
34 483 [0]
158 360 [0]
129 389 [0]
238 280 [0]
152 367 [0]
141 379 [1]
159 361 [0]
205 315 [0]
239 280 [1]
141 378 [1]
50 469 [0]
204 315 [1]
179 341 [1]
155 365 [1]
57 463 [1]
37 485 [1]
171 351 [1]
176 347 [0]
115 408 [0]
76 448 [1]
76 449 [0]
71 454 [1]
232 295 [0]
71 455 [1]
233 294 [1]
133 394 [1]
96 432 [1]
53 476 [0]
204 325 [1]
205 324 [1]
80 448 [1]
97 433 [0]
168 362 [0]
205 325 [0]
197 332 [0]
91 440 [1]
102 429 [1]
197 333 [0]
152 378 [1]
228 304 [0]
152 379 [1]
165 366 [0]
48 483 [0]
69 463 [0]
165 367 [0]
229 304 [0]
43 491 [0]
151 382 [0]
43 490 [0]
200 334 [0]
50 484 [1]
229 305 [1]
45 491 [0]
45 490 [0]
46 489 [0]
86 450 [0]
195 342 [0]
40 496 [0]
86 451 [0]
252 285 [1]
40 497 [0]
253 285 [1]
195 343 [0]
70 469 [0]
87 451 [0]
269 271 [0]
248 293 [0]
239 302 [0]
108 434 [1]
182 359 [0]
68 475 [1]
188 355 [1]
154 389 [0]
75 469 [0]
248 296 [0]
161 384 [0]
137 408 [0]
69 477 [0]
65 482 [0]
216 331 [1]
182 366 [0]
96 453 [0]
96 452 [0]
86 464 [0]
96 454 [1]
87 464 [1]
96 455 [0]
208 342 [1]
143 409 [0]
87 465 [0]
150 404 [0]
276 279 [1]
131 423 [0]
201 353 [0]
151 404 [0]
207 349 [0]
211 347 [0]
219 340 [1]
85 473 [0]
231 327 [1]
267 292 [0]
190 370 [0]
190 371 [0]
126 434 [1]
125 436 [0]
153 408 [0]
126 435 [1]
125 437 [1]
63 499 [1]
80 484 [1]
107 456 [0]
100 467 [0]
187 380 [0]
184 384 [0]
250 318 [0]
88 481 [1]
125 444 [0]
167 401 [0]
140 428 [0]
228 342 [0]
274 296 [0]
260 310 [0]
228 343 [0]
120 452 [0]
134 437 [1]
77 494 [1]
120 453 [1]
144 428 [0]
144 429 [0]
286 287 [0]
164 408 [0]
164 409 [0]
110 465 [1]
137 437 [0]
188 386 [1]
189 386 [1]
264 312 [0]
111 466 [0]
264 313 [1]
139 438 [0]
132 446 [0]
134 444 [0]
251 327 [0]
250 327 [1]
279 298 [0]
139 439 [0]
279 299 [1]
111 467 [0]
132 447 [0]
240 341 [1]
98 483 [0]
281 302 [0]
283 300 [0]
290 293 [0]
226 358 [1]
291 293 [0]
283 301 [0]
98 487 [0]
163 422 [0]
227 359 [0]
289 297 [0]
226 359 [1]
292 293 [1]
275 312 [1]
286 301 [0]
240 347 [0]
290 297 [0]
116 472 [1]
116 473 [1]
217 372 [0]
223 367 [0]
256 333 [0]
134 456 [0]
123 467 [0]
128 464 [0]
134 457 [1]
151 440 [1]
221 370 [0]
196 396 [0]
213 380 [1]
221 371 [0]
196 397 [0]
111 482 [0]
128 465 [1]
221 372 [1]
185 410 [0]
179 415 [0]
235 360 [0]
135 461 [0]
134 461 [1]
135 460 [0]
256 339 [0]
235 361 [1]
114 483 [0]
290 307 [0]
291 306 [0]
298 299 [0]
137 460 [0]
248 350 [0]
249 349 [0]
229 369 [1]
108 490 [0]
293 306 [0]
248 351 [1]
108 491 [0]
106 493 [0]
207 392 [1]
223 378 [0]
300 301 [0]
184 416 [0]
279 323 [0]
133 469 [1]
122 482 [0]
205 399 [0]
177 428 [0]
191 414 [1]
177 429 [0]
191 415 [0]
130 478 [1]
186 423 [1]
148 462 [1]
211 399 [1]
130 479 [1]
215 394 [1]
148 463 [1]
188 423 [0]
270 341 [0]
146 466 [0]
271 340 [1]
146 467 [0]
306 307 [0]
147 466 [0]
254 359 [0]
232 384 [0]
242 373 [0]
184 433 [1]
253 364 [0]
258 358 [1]
178 438 [1]
253 365 [0]
285 333 [0]
271 346 [1]
233 385 [0]
167 450 [0]
258 359 [0]
129 488 [0]
215 403 [1]
129 489 [0]
204 415 [0]
255 366 [0]
215 407 [1]
312 313 [1]
149 476 [0]
246 380 [1]
282 344 [0]
274 351 [1]
148 477 [1]
242 387 [0]
242 386 [0]
217 412 [0]
283 345 [1]
225 403 [1]
188 442 [1]
189 440 [1]
217 413 [0]
166 465 [0]
188 443 [1]
189 441 [1]
222 408 [0]
222 409 [0]
173 458 [0]
189 442 [1]
273 360 [0]
304 329 [1]
272 361 [1]
167 465 [1]
316 317 [0]
220 414 [0]
158 477 [1]
158 476 [1]
204 430 [1]
205 430 [0]
147 489 [1]
204 431 [0]
162 476 [0]
264 374 [0]
163 474 [1]
285 352 [0]
265 374 [0]
289 350 [0]
290 349 [0]
210 429 [0]
168 472 [0]
265 375 [1]
290 350 [0]
286 354 [0]
304 337 [1]
214 426 [1]
270 372 [0]
287 354 [0]
249 392 [1]
168 473 [0]
293 349 [0]
305 337 [0]
150 492 [0]
154 488 [0]
277 366 [1]
293 350 [0]
233 410 [0]
233 411 [0]
209 436 [0]
304 342 [0]
319 327 [0]
174 472 [0]
218 429 [0]
297 350 [0]
296 350 [1]
232 416 [1]
174 473 [1]
296 351 [1]
291 357 [1]
175 473 [1]
232 417 [1]
224 426 [1]
317 333 [0]
194 456 [0]
194 457 [1]
224 427 [1]
209 444 [0]
209 445 [0]
206 449 [1]
242 413 [0]
306 349 [0]
277 378 [1]
303 355 [0]
173 485 [0]
223 437 [0]
278 382 [0]
278 383 [0]
308 353 [0]
277 383 [0]
321 341 [0]
188 474 [0]
242 421 [0]
166 496 [0]
215 447 [1]
188 475 [0]
200 464 [1]
208 456 [0]
187 478 [0]
290 374 [0]
332 333 [0]
170 494 [1]
329 337 [0]
208 457 [1]
277 390 [0]
246 422 [0]
246 423 [1]
281 388 [0]
173 498 [0]
240 431 [0]
329 342 [1]
225 446 [1]
267 407 [0]
198 476 [1]
241 438 [1]
276 405 [0]
307 374 [0]
290 392 [1]
286 395 [1]
243 440 [0]
203 480 [0]
202 480 [0]
203 481 [1]
270 414 [0]
329 355 [0]
197 486 [0]
285 400 [0]
308 377 [0]
270 415 [0]
229 456 [0]
267 419 [0]
340 346 [0]
313 374 [1]
341 346 [0]
340 347 [0]
213 475 [1]
202 485 [0]
260 428 [0]
261 428 [0]
303 388 [0]
327 363 [1]
302 388 [0]
261 429 [0]
302 389 [0]
213 479 [1]
321 372 [1]
292 402 [1]
346 347 [0]
291 402 [1]
325 370 [0]
301 395 [0]
293 402 [1]
234 462 [0]
200 496 [0]
324 372 [1]
234 463 [0]
200 497 [0]
263 436 [0]
307 393 [1]
262 437 [0]
263 437 [1]
274 427 [1]
328 375 [1]
322 382 [0]
322 383 [1]
294 410 [0]
294 411 [0]
321 387 [0]
263 445 [0]
308 401 [1]
215 494 [1]
295 416 [0]
292 419 [0]
295 417 [0]
235 476 [1]
316 396 [1]
314 398 [0]
266 446 [0]
266 447 [1]
316 397 [0]
341 372 [0]
356 357 [0]
314 399 [0]
315 399 [0]
317 397 [0]
277 437 [1]
233 481 [0]
289 426 [1]
358 359 [0]
289 427 [1]
331 386 [1]
292 425 [1]
245 475 [0]
249 471 [1]
360 361 [1]
277 444 [0]
296 427 [1]
297 426 [1]
322 404 [0]
229 499 [1]
322 405 [0]
353 377 [0]
321 412 [0]
366 367 [0]
301 433 [1]
282 453 [1]
338 397 [0]
321 413 [0]
282 452 [0]
283 453 [1]
291 446 [0]
310 428 [0]
282 455 [1]
299 440 [1]
257 482 [0]
257 483 [0]
325 415 [1]
348 392 [0]
332 408 [0]
348 393 [0]
370 371 [1]
253 489 [0]
299 443 [1]
256 487 [0]
366 378 [1]
315 430 [0]
366 379 [1]
372 373 [0]
367 379 [0]
272 476 [0]
280 467 [0]
354 395 [0]
284 466 [0]
265 485 [1]
355 395 [1]
352 400 [0]
352 401 [0]
301 453 [1]
325 430 [0]
308 450 [1]
320 439 [0]
357 402 [0]
320 438 [1]
308 451 [1]
290 470 [1]
321 438 [0]
321 439 [0]
267 494 [0]
357 403 [1]
313 449 [0]
312 449 [1]
356 407 [0]
330 435 [0]
331 435 [0]
382 383 [1]
326 441 [0]
276 492 [0]
276 493 [0]
279 492 [0]
383 390 [1]
294 480 [0]
309 465 [0]
356 418 [0]
356 419 [0]
357 418 [0]
377 401 [1]
306 471 [1]
307 470 [1]
347 431 [0]
350 427 [1]
345 433 [0]
294 485 [0]
307 471 [1]
341 439 [0]
356 424 [0]
356 425 [0]
372 412 [1]
372 413 [0]
329 457 [0]
292 494 [0]
373 413 [0]
328 458 [0]
383 405 [0]
298 493 [0]
396 397 [0]
336 458 [0]
390 405 [0]
336 459 [0]
344 452 [0]
385 410 [0]
398 399 [0]
391 405 [0]
344 454 [1]
326 473 [0]
335 464 [0]
345 453 [0]
342 457 [1]
384 417 [1]
387 413 [0]
335 465 [1]
384 416 [1]
345 455 [0]
380 422 [1]
385 417 [0]
305 499 [0]
357 446 [1]
353 451 [0]
372 434 [0]
373 434 [0]
387 421 [0]
387 420 [1]
404 405 [0]
403 407 [0]
355 457 [0]
328 485 [0]
376 437 [0]
355 461 [0]
332 486 [1]
385 433 [0]
348 470 [0]
333 487 [1]
349 471 [1]
402 418 [0]
333 486 [1]
348 471 [0]
331 491 [0]
339 483 [0]
361 463 [0]
406 418 [0]
338 487 [0]
412 413 [0]
407 419 [0]
328 499 [1]
402 425 [1]
386 442 [0]
406 424 [0]
414 415 [1]
334 497 [0]
406 425 [0]
334 496 [0]
416 417 [0]
336 498 [0]
362 473 [0]
362 472 [0]
337 498 [0]
376 461 [0]
337 499 [0]
377 460 [1]
420 421 [1]
418 425 [1]
418 424 [1]
419 425 [0]
391 456 [0]
424 425 [0]
403 446 [1]
401 450 [0]
356 495 [0]
364 488 [0]
426 427 [0]
357 495 [1]
365 489 [0]
380 474 [0]
381 474 [0]
380 478 [0]
381 478 [0]
375 485 [1]
381 479 [1]
420 441 [1]
420 440 [1]
392 470 [0]
392 471 [0]
393 470 [0]
393 471 [0]
384 481 [1]
385 481 [0]
369 499 [0]
385 484 [0]
434 435 [1]
385 485 [0]
438 439 [0]
436 444 [0]
436 445 [0]
440 442 [0]
391 493 [0]
432 454 [0]
442 443 [0]
433 453 [0]
432 455 [0]
433 455 [0]
411 480 [0]
411 481 [0]
420 473 [1]
446 447 [1]
410 485 [0]
404 492 [0]
405 492 [0]
422 474 [0]
405 493 [0]
417 481 [0]
403 495 [0]
444 456 [0]
407 494 [0]
450 451 [0]
407 495 [0]
452 453 [0]
453 455 [0]
441 473 [0]
451 464 [0]
458 459 [1]
434 490 [0]
434 491 [0]
462 463 [0]
435 491 [0]
464 465 [1]
448 484 [0]
466 467 [0]
468 469 [1]
462 477 [0]
463 477 [0]
474 475 [0]
456 493 [1]
474 478 [0]
474 479 [0]
475 479 [0]
458 498 [0]
459 498 [0]
458 499 [1]
459 499 [1]
480 481 [1]
464 497 [0]
465 496 [0]
480 485 [0]
498 499 [0]
