32
3
17
8
11
15
29
3
6
16
12
14
19
24
4
2
10
21
28
7
31
9
27
18
20
23
30
22
25
1
0
5
13
26
0 5 [0]
2 10 [0]
5 8 [1]
1 15 [0]
6 11 [1]
8 11 [1]
5 13 [0]
9 12 [1]
6 16 [0]
8 12 [2]
5 17 [1]
9 14 [1]
11 13 [0]
8 14 [2]
4 21 [0]
1 25 [0]
11 15 [0]
4 24 [0]
11 16 [2]
8 20 [1]
10 17 [2]
1 29 [0]
14 16 [0]
2 28 [1]
15 16 [2]
10 21 [0]
9 23 [0]
10 24 [2]
14 19 [1]
6 27 [1]
16 19 [0]
7 28 [1]
6 29 [0]
12 24 [2]
8 27 [1]
4 30 [0]
13 21 [2]
18 20 [0]
13 26 [0]
11 27 [1]
12 27 [1]
20 23 [2]
17 24 [2]
18 27 [0]
16 30 [0]
21 25 [2]
19 28 [1]
19 31 [1]
21 30 [0]
23 28 [0]
20 31 [2]
20 30 [2]
23 30 [0]
25 29 [0]
23 31 [0]
22 31 [2]
25 31 [2]
27 31 [2]
