32
3
10
3
21
2
4
28
7
30
0
13
5
26
8
11
16
15
6
1
29
25
22
27
18
12
20
9
23
31
19
14
24
17
0 5 [2]
2 10 [2]
5 8 [2]
1 15 [0]
6 11 [2]
5 13 [0]
8 11 [2]
9 12 [0]
6 16 [1]
8 14 [1]
8 12 [2]
9 14 [0]
11 13 [0]
5 17 [1]
4 21 [0]
1 25 [0]
11 15 [2]
8 20 [2]
11 16 [1]
10 17 [0]
4 24 [2]
2 28 [1]
15 16 [0]
10 21 [0]
14 16 [1]
9 23 [0]
1 29 [0]
14 19 [0]
13 21 [1]
6 29 [1]
8 27 [2]
7 28 [0]
6 27 [2]
10 24 [0]
12 24 [0]
4 30 [0]
16 19 [1]
18 20 [1]
12 27 [0]
11 27 [2]
13 26 [0]
17 24 [2]
20 23 [1]
18 27 [0]
21 25 [0]
16 30 [0]
19 28 [2]
21 30 [1]
19 31 [2]
20 30 [2]
20 31 [1]
23 28 [2]
22 31 [1]
23 30 [2]
25 29 [0]
23 31 [0]
25 31 [1]
27 31 [1]
