800
10
400
7
2
0
1
3
5
10
4
8
19
11
13
16
23
17
6
18
12
15
31
20
43
55
54
90
46
22
35
62
44
32
28
39
67
34
9
25
21
60
14
41
27
52
36
30
38
26
47
58
86
61
50
64
66
37
57
72
42
114
59
143
139
48
127
92
24
40
56
65
82
186
111
33
53
68
74
115
69
76
75
73
77
104
87
29
147
45
133
63
49
84
89
132
118
91
97
71
107
108
70
128
172
106
94
117
85
51
81
95
98
123
152
203
80
150
141
140
100
224
153
268
121
110
151
102
99
120
162
166
159
169
165
79
103
137
96
175
116
122
78
93
136
88
113
221
83
164
124
149
215
177
160
125
189
226
157
182
158
129
176
154
109
184
119
236
174
181
148
134
130
146
126
163
170
217
200
199
195
198
131
155
187
112
144
214
245
193
259
197
101
206
168
191
210
173
179
287
216
223
208
167
202
294
247
204
248
227
233
196
178
138
142
230
276
242
161
321
332
185
270
241
275
251
135
183
319
258
220
313
234
228
201
246
326
192
292
222
190
282
207
156
254
205
290
250
229
289
145
213
105
218
237
212
261
257
304
280
256
211
238
225
209
243
180
239
310
284
295
286
271
344
232
235
330
302
315
249
171
283
342
309
348
293
279
291
300
388
231
350
303
386
341
351
381
362
406
252
298
307
269
343
219
311
305
569
439
458
363
414
244
274
356
372
379
328
337
389
194
354
316
322
323
334
462
376
297
357
390
366
561
378
296
365
398
331
369
349
499
262
285
336
320
367
188
263
265
299
267
281
434
346
468
399
318
353
438
387
314
317
340
396
301
407
324
493
472
264
368
404
255
430
278
260
325
530
338
277
426
253
360
500
445
329
377
453
266
385
403
537
542
417
397
413
370
482
442
571
374
373
410
423
359
395
391
435
424
273
371
312
335
509
333
456
358
375
411
418
533
425
515
501
436
678
416
401
308
380
345
528
427
408
529
448
535
429
492
383
547
288
393
510
522
420
676
364
447
511
446
466
443
392
384
516
412
496
519
552
667
738
494
444
612
524
405
441
498
488
580
484
306
382
476
614
361
440
487
598
347
454
538
652
461
394
504
460
240
327
449
451
584
545
422
556
481
437
352
355
613
477
523
467
536
517
555
486
452
798
432
655
503
640
563
455
339
421
490
469
433
415
478
471
593
626
570
495
459
497
475
507
543
592
562
521
565
576
585
474
409
465
457
272
428
768
796
739
564
550
450
526
532
601
559
558
594
609
663
479
637
470
525
688
505
534
483
708
502
683
551
644
784
649
520
681
603
600
623
582
751
639
544
635
756
518
595
587
646
662
531
419
583
463
480
622
625
666
630
621
597
615
590
473
568
632
765
685
618
599
506
553
648
402
714
620
692
513
539
608
647
740
602
658
674
715
631
566
548
578
718
624
741
567
560
721
629
779
698
588
690
634
737
699
673
549
727
682
464
541
722
546
489
606
769
753
657
514
653
586
773
703
591
775
706
628
617
508
679
627
689
485
687
755
709
650
680
589
573
581
684
691
607
527
730
776
664
574
577
726
610
540
557
746
643
491
660
604
762
697
788
572
554
596
790
700
733
717
702
735
713
716
732
636
747
743
710
579
724
777
772
665
752
761
763
766
736
799
744
760
694
670
782
771
785
728
767
701
734
654
711
720
791
786
754
781
668
794
642
780
707
575
672
758
719
795
797
764
677
778
671
651
745
793
731
787
774
748
749
656
742
723
616
783
638
792
789
705
757
431
659
675
645
729
759
661
712
605
696
725
619
693
704
669
641
686
633
770
695
512
611
750
0 1 [0]
0 2 [0]
0 3 [1]
0 4 [1]
1 3 [0]
2 3 [1]
2 4 [1]
0 5 [2]
3 5 [0]
2 7 [0]
4 8 [0]
3 10 [1]
3 6 [4]
0 6 [7]
1 9 [4]
4 10 [0]
1 6 [7]
0 15 [1]
2 6 [7]
5 10 [0]
0 10 [7]
3 15 [1]
3 16 [1]
1 11 [7]
1 12 [7]
0 13 [7]
2 12 [7]
4 18 [1]
6 17 [0]
5 19 [1]
11 13 [0]
6 18 [0]
1 24 [1]
4 17 [4]
7 14 [4]
0 21 [4]
1 25 [1]
10 16 [1]
0 19 [7]
8 19 [0]
0 20 [7]
12 15 [0]
0 28 [1]
2 19 [7]
5 24 [1]
13 16 [0]
5 20 [4]
11 19 [0]
12 18 [0]
4 22 [4]
4 27 [1]
0 32 [1]
7 25 [1]
7 21 [4]
3 25 [4]
7 26 [1]
10 23 [1]
7 19 [7]
1 28 [4]
4 26 [4]
9 25 [0]
0 36 [1]
2 30 [4]
12 20 [4]
11 17 [8]
8 25 [4]
6 27 [4]
7 23 [7]
6 32 [1]
3 35 [1]
0 34 [4]
12 22 [4]
8 30 [1]
9 29 [1]
11 28 [1]
3 32 [4]
1 31 [7]
13 22 [4]
17 18 [4]
16 23 [0]
7 33 [1]
17 23 [0]
16 26 [1]
1 37 [4]
2 36 [4]
0 38 [4]
5 38 [1]
10 33 [1]
20 23 [1]
17 22 [4]
9 34 [0]
1 43 [1]
4 40 [1]
2 35 [7]
3 37 [4]
1 40 [4]
12 26 [7]
4 37 [4]
21 25 [0]
3 39 [4]
17 25 [4]
11 29 [6]
19 23 [4]
15 31 [0]
12 28 [7]
2 46 [1]
5 39 [4]
10 39 [1]
22 23 [4]
4 41 [4]
7 44 [1]
25 26 [1]
3 44 [4]
20 31 [0]
1 51 [1]
16 32 [4]
18 30 [4]
5 48 [1]
6 47 [1]
23 26 [4]
7 39 [7]
8 40 [6]
3 52 [1]
16 39 [1]
10 38 [7]
19 32 [4]
23 28 [4]
14 41 [0]
2 54 [1]
15 41 [1]
22 35 [0]
12 46 [1]
0 59 [1]
11 49 [1]
17 36 [7]
6 50 [4]
28 32 [0]
15 47 [1]
23 33 [6]
20 43 [0]
7 57 [1]
7 51 [6]
26 38 [0]
24 40 [0]
13 45 [6]
20 45 [1]
30 36 [0]
1 66 [1]
29 38 [1]
28 39 [0]
1 62 [4]
25 37 [6]
10 58 [1]
22 46 [0]
30 38 [0]
27 41 [0]
6 58 [4]
4 60 [4]
6 56 [6]
8 57 [4]
15 55 [1]
2 64 [4]
16 47 [7]
23 44 [4]
7 60 [4]
6 66 [1]
9 57 [6]
7 66 [1]
26 47 [0]
14 53 [6]
6 68 [1]
14 60 [0]
7 63 [4]
32 39 [3]
16 59 [1]
7 64 [4]
3 68 [4]
4 72 [1]
3 69 [4]
32 44 [0]
18 55 [4]
0 73 [4]
30 42 [5]
5 73 [1]
5 66 [7]
2 70 [6]
14 58 [6]
22 50 [6]
10 64 [4]
9 70 [1]
10 69 [1]
27 52 [0]
3 77 [1]
4 76 [1]
13 67 [1]
5 69 [6]
1 80 [1]
21 60 [0]
6 69 [6]
36 45 [1]
40 41 [1]
6 70 [6]
6 77 [1]
17 62 [4]
9 68 [6]
18 59 [6]
6 79 [1]
19 66 [1]
41 44 [1]
38 41 [6]
22 57 [6]
32 48 [6]
33 53 [0]
39 44 [3]
0 80 [6]
17 66 [4]
9 72 [6]
11 70 [6]
4 84 [1]
22 66 [1]
2 80 [6]
2 82 [4]
4 78 [6]
36 52 [0]
26 63 [1]
15 68 [6]
6 84 [1]
8 76 [6]
36 50 [4]
10 81 [1]
14 77 [1]
0 87 [4]
10 75 [6]
40 52 [1]
44 48 [1]
13 73 [6]
23 63 [6]
6 80 [6]
11 75 [6]
1 92 [1]
2 87 [4]
6 78 [9]
7 82 [4]
2 92 [1]
10 84 [1]
37 57 [0]
11 83 [1]
41 53 [1]
41 52 [1]
29 60 [5]
23 72 [1]
17 72 [6]
11 85 [1]
40 56 [0]
36 51 [9]
35 62 [0]
43 55 [0]
2 97 [1]
23 76 [1]
36 63 [1]
47 52 [1]
12 78 [9]
8 85 [6]
21 79 [0]
26 74 [0]
18 76 [6]
6 95 [0]
28 73 [0]
34 67 [0]
2 93 [6]
7 88 [6]
3 99 [0]
12 90 [0]
31 71 [0]
4 99 [0]
37 66 [0]
24 80 [0]
13 85 [6]
25 80 [0]
27 78 [0]
47 58 [0]
17 82 [6]
16 83 [6]
15 84 [6]
44 62 [0]
39 67 [0]
24 73 [9]
27 70 [9]
41 61 [4]
16 84 [6]
40 60 [6]
14 83 [9]
33 69 [5]
2 105 [1]
44 58 [6]
5 104 [0]
54 55 [0]
0 110 [0]
11 99 [0]
46 58 [6]
20 84 [6]
2 104 [4]
12 99 [0]
22 89 [0]
50 61 [0]
51 60 [0]
55 56 [0]
38 74 [0]
49 63 [0]
38 69 [5]
19 94 [0]
21 83 [9]
33 71 [9]
44 63 [6]
10 97 [6]
22 92 [0]
23 91 [0]
42 72 [0]
50 64 [0]
11 104 [0]
18 97 [0]
10 99 [6]
27 80 [9]
6 104 [6]
24 92 [0]
1 111 [4]
4 106 [6]
29 87 [0]
52 61 [4]
2 109 [6]
0 118 [0]
5 113 [0]
36 77 [5]
6 113 [0]
34 79 [6]
27 86 [6]
46 74 [0]
6 115 [0]
9 112 [0]
24 97 [0]
53 68 [0]
55 66 [0]
56 65 [0]
5 110 [6]
23 99 [0]
4 118 [0]
20 102 [0]
31 91 [0]
0 116 [6]
14 99 [9]
55 60 [7]
56 61 [5]
15 108 [0]
28 95 [0]
2 114 [7]
1 123 [0]
4 120 [0]
58 60 [6]
7 117 [0]
20 104 [0]
56 62 [6]
35 89 [0]
47 79 [0]
4 116 [6]
21 96 [9]
28 92 [6]
21 105 [1]
6 112 [9]
24 104 [0]
60 63 [5]
27 93 [9]
57 72 [0]
0 123 [6]
2 121 [6]
41 82 [6]
6 124 [0]
30 100 [0]
16 108 [6]
64 66 [0]
20 111 [0]
28 103 [0]
32 99 [0]
13 109 [9]
4 121 [6]
28 104 [0]
24 105 [3]
51 81 [0]
2 124 [6]
14 109 [9]
9 118 [5]
49 84 [0]
41 86 [6]
15 109 [9]
12 112 [9]
3 131 [0]
7 127 [0]
56 73 [5]
43 86 [6]
51 83 [1]
31 98 [6]
25 111 [0]
47 89 [0]
51 85 [0]
46 90 [0]
27 110 [0]
15 113 [9]
3 128 [6]
0 138 [0]
7 131 [0]
52 86 [0]
11 121 [6]
19 113 [6]
35 97 [6]
7 132 [0]
0 140 [0]
52 88 [0]
46 85 [9]
24 107 [9]
8 133 [0]
55 86 [0]
10 127 [4]
1 141 [0]
50 92 [0]
68 74 [0]
4 139 [0]
22 121 [0]
47 96 [0]
35 99 [9]
27 107 [9]
14 120 [9]
40 104 [0]
58 86 [0]
16 128 [0]
33 111 [0]
51 93 [0]
54 90 [0]
40 95 [9]
31 114 [0]
38 107 [0]
72 73 [0]
69 76 [0]
56 80 [9]
52 85 [9]
37 100 [9]
50 90 [6]
65 82 [0]
13 128 [6]
61 86 [0]
9 129 [9]
60 78 [9]
37 109 [1]
17 131 [0]
43 99 [6]
2 145 [1]
73 75 [0]
14 125 [9]
14 135 [0]
31 118 [0]
41 108 [0]
21 119 [9]
44 96 [9]
0 150 [0]
4 140 [6]
12 132 [6]
32 109 [9]
3 141 [6]
73 77 [0]
19 127 [4]
34 117 [0]
21 121 [9]
46 96 [9]
75 76 [0]
4 148 [0]
6 140 [6]
71 72 [9]
51 100 [1]
54 99 [0]
2 147 [4]
8 139 [6]
60 85 [9]
51 103 [0]
58 96 [0]
9 139 [6]
49 98 [7]
53 94 [7]
3 142 [9]
1 147 [6]
19 136 [0]
21 125 [9]
52 94 [9]
8 143 [4]
20 126 [9]
15 131 [9]
34 115 [6]
42 114 [0]
44 112 [0]
5 151 [0]
21 126 [9]
53 96 [7]
35 115 [6]
66 90 [0]
1 156 [0]
42 115 [0]
64 93 [0]
19 132 [6]
19 129 [9]
63 93 [1]
1 150 [6]
42 116 [0]
7 142 [9]
58 91 [9]
1 151 [6]
18 141 [0]
6 147 [6]
15 144 [0]
47 103 [9]
20 133 [6]
20 130 [9]
0 160 [0]
11 143 [6]
2 152 [6]
1 153 [6]
26 125 [9]
54 98 [9]
10 142 [9]
32 123 [6]
16 146 [0]
34 119 [9]
20 142 [0]
53 102 [7]
40 122 [0]
52 110 [0]
39 124 [0]
60 103 [0]
62 101 [0]
61 93 [9]
67 88 [9]
55 110 [0]
75 83 [7]
0 159 [6]
2 157 [6]
32 127 [6]
7 152 [6]
1 165 [0]
23 134 [9]
71 86 [9]
11 146 [9]
18 143 [6]
16 142 [9]
4 154 [9]
37 121 [9]
3 155 [9]
24 136 [7]
9 149 [9]
71 97 [0]
66 93 [9]
22 137 [9]
76 85 [7]
17 142 [9]
62 107 [0]
1 162 [6]
60 100 [9]
75 87 [7]
0 164 [6]
54 110 [6]
34 137 [0]
23 148 [0]
63 108 [0]
78 93 [0]
68 96 [7]
65 99 [7]
18 144 [9]
42 129 [1]
4 162 [6]
2 170 [0]
6 167 [0]
38 135 [0]
59 114 [0]
18 146 [9]
84 89 [0]
9 155 [9]
36 129 [9]
17 151 [6]
33 133 [9]
78 97 [0]
87 88 [0]
5 161 [9]
36 130 [9]
48 127 [0]
17 149 [9]
57 114 [4]
29 147 [0]
81 95 [0]
5 165 [6]
62 108 [6]
4 166 [6]
3 174 [0]
18 159 [0]
2 169 [6]
45 133 [0]
4 174 [0]
18 160 [0]
7 165 [6]
71 107 [0]
62 116 [0]
66 103 [9]
70 108 [0]
49 129 [1]
29 149 [1]
64 116 [0]
0 180 [0]
86 89 [5]
15 159 [6]
8 172 [0]
67 107 [6]
0 174 [6]
4 167 [9]
77 104 [0]
6 175 [0]
46 135 [0]
35 137 [9]
62 110 [9]
65 107 [9]
35 145 [1]
14 158 [9]
18 154 [9]
5 167 [9]
33 141 [7]
36 146 [0]
44 138 [0]
79 103 [0]
33 150 [0]
52 131 [0]
0 177 [6]
5 172 [6]
43 131 [9]
19 165 [0]
38 146 [0]
41 134 [9]
31 147 [6]
69 115 [0]
53 124 [7]
81 103 [0]
49 128 [7]
9 176 [0]
65 120 [0]
77 108 [0]
89 90 [6]
46 138 [1]
36 140 [9]
26 160 [0]
4 173 [9]
19 168 [0]
48 139 [0]
28 150 [9]
26 152 [9]
17 161 [9]
16 172 [0]
91 97 [0]
68 113 [7]
14 165 [9]
6 173 [9]
28 152 [9]
2 187 [0]
84 96 [9]
14 166 [9]
2 181 [6]
53 135 [1]
6 174 [9]
74 115 [0]
58 132 [0]
75 115 [0]
15 166 [9]
74 111 [5]
38 147 [5]
17 164 [9]
22 169 [0]
76 115 [0]
84 107 [0]
87 104 [0]
64 126 [1]
6 176 [9]
0 192 [0]
8 184 [0]
21 171 [0]
76 116 [0]
45 147 [0]
84 102 [7]
67 126 [0]
18 169 [6]
17 167 [9]
10 177 [6]
95 98 [0]
3 186 [4]
0 194 [0]
74 119 [1]
65 122 [7]
12 183 [0]
51 144 [0]
84 111 [0]
4 190 [1]
14 172 [9]
33 161 [1]
0 189 [6]
65 129 [1]
28 168 [0]
30 166 [0]
63 133 [0]
6 191 [0]
22 175 [0]
52 145 [0]
10 178 [9]
44 144 [9]
10 179 [9]
4 185 [9]
57 132 [9]
70 128 [0]
30 169 [0]
6 193 [0]
69 123 [7]
17 173 [9]
4 194 [1]
23 167 [9]
27 163 [9]
30 168 [1]
64 136 [0]
19 181 [0]
94 106 [0]
78 122 [0]
57 142 [1]
50 141 [9]
66 134 [0]
12 179 [9]
19 182 [0]
48 153 [0]
2 190 [9]
99 102 [0]
91 109 [1]
88 113 [0]
1 191 [9]
40 162 [0]
28 174 [0]
7 189 [6]
85 117 [0]
59 143 [0]
41 161 [0]
7 194 [1]
55 141 [6]
66 136 [0]
0 203 [0]
9 194 [0]
31 171 [1]
1 203 [0]
20 184 [0]
60 144 [0]
57 143 [4]
77 126 [1]
25 170 [9]
45 160 [0]
92 104 [9]
3 193 [9]
76 122 [7]
13 193 [0]
31 175 [0]
36 170 [0]
40 166 [0]
44 161 [1]
12 195 [0]
66 141 [0]
2 196 [9]
7 191 [9]
75 131 [1]
6 202 [0]
7 201 [0]
59 148 [1]
34 165 [9]
46 162 [0]
49 156 [3]
83 122 [3]
11 198 [0]
35 174 [0]
38 171 [0]
91 118 [0]
72 128 [9]
51 157 [1]
65 137 [7]
33 177 [0]
84 126 [0]
26 183 [1]
17 184 [9]
36 165 [9]
63 139 [9]
1 210 [0]
25 185 [1]
7 204 [0]
36 166 [9]
61 150 [0]
94 117 [0]
2 203 [6]
91 111 [9]
98 114 [0]
15 194 [3]
50 162 [0]
53 159 [0]
1 202 [9]
1 212 [0]
50 163 [0]
0 204 [9]
81 131 [1]
67 145 [1]
21 186 [6]
28 185 [1]
1 213 [0]
4 210 [0]
50 164 [0]
17 194 [3]
53 161 [1]
107 108 [0]
71 142 [3]
8 208 [0]
26 181 [9]
10 206 [0]
61 155 [0]
86 130 [0]
39 168 [9]
2 215 [0]
66 151 [0]
10 207 [0]
3 213 [1]
85 131 [1]
9 199 [9]
97 118 [2]
46 171 [0]
12 196 [9]
0 208 [9]
34 184 [0]
7 205 [6]
51 166 [1]
57 152 [9]
7 212 [0]
99 120 [0]
15 195 [9]
92 127 [0]
84 128 [7]
75 137 [7]
28 190 [1]
6 212 [1]
71 149 [0]
11 206 [3]
10 209 [1]
12 199 [9]
11 203 [6]
17 195 [9]
89 132 [0]
13 207 [1]
98 123 [0]
97 115 [9]
39 173 [9]
99 115 [7]
97 125 [0]
26 195 [1]
51 171 [0]
60 162 [0]
91 130 [1]
60 161 [1]
16 197 [9]
7 206 [9]
24 199 [0]
1 222 [0]
4 219 [0]
62 161 [0]
21 201 [1]
61 162 [0]
11 212 [0]
12 202 [9]
97 126 [0]
55 168 [0]
15 207 [1]
50 173 [0]
55 159 [9]
63 161 [0]
87 137 [0]
22 201 [1]
88 136 [0]
94 123 [7]
20 196 [9]
8 217 [0]
47 178 [0]
63 162 [0]
66 159 [0]
78 146 [1]
27 197 [1]
41 183 [1]
62 155 [9]
6 220 [0]
28 198 [0]
16 209 [1]
94 131 [1]
85 138 [3]
84 133 [9]
13 204 [9]
35 188 [3]
60 166 [0]
9 218 [0]
89 138 [0]
18 200 [9]
47 179 [1]
1 225 [1]
10 218 [0]
11 217 [0]
18 210 [0]
44 175 [9]
49 178 [1]
15 213 [1]
10 219 [0]
58 162 [9]
4 216 [9]
6 222 [1]
43 186 [0]
102 126 [1]
93 136 [0]
63 166 [0]
66 163 [0]
80 150 [0]
59 162 [9]
17 213 [0]
18 211 [1]
29 200 [1]
19 211 [0]
44 186 [0]
22 199 [9]
36 193 [1]
92 138 [0]
21 208 [1]
53 177 [0]
7 217 [6]
87 136 [7]
20 211 [0]
9 222 [0]
81 149 [1]
22 209 [0]
91 140 [0]
57 165 [9]
110 121 [0]
58 173 [1]
11 221 [0]
47 185 [0]
0 226 [6]
94 138 [0]
32 191 [9]
15 208 [9]
5 221 [6]
61 172 [0]
66 167 [0]
96 137 [0]
50 180 [3]
79 155 [0]
91 142 [1]
80 147 [7]
70 161 [3]
62 171 [1]
41 194 [0]
78 157 [0]
74 154 [7]
115 119 [1]
68 160 [7]
50 176 [9]
89 147 [0]
97 139 [0]
4 223 [9]
89 140 [7]
95 138 [3]
44 193 [0]
45 192 [0]
27 209 [1]
60 169 [9]
26 212 [0]
2 236 [0]
115 116 [7]
72 166 [0]
40 197 [1]
116 122 [0]
25 212 [1]
0 239 [0]
34 205 [0]
93 146 [0]
13 225 [1]
0 230 [9]
55 175 [9]
27 203 [9]
27 213 [0]
100 140 [0]
14 225 [1]
54 185 [1]
59 172 [9]
103 137 [0]
2 239 [0]
30 210 [1]
55 185 [1]
17 215 [9]
39 201 [1]
84 158 [0]
46 187 [9]
16 217 [9]
27 214 [1]
70 173 [0]
27 216 [0]
97 140 [6]
4 238 [1]
102 136 [5]
28 206 [9]
7 227 [9]
37 205 [1]
21 214 [9]
21 223 [0]
12 231 [1]
78 163 [3]
3 241 [0]
24 220 [0]
79 165 [0]
117 126 [1]
29 216 [0]
6 239 [0]
68 177 [0]
63 181 [1]
47 197 [1]
27 218 [0]
87 157 [1]
43 202 [0]
56 182 [7]
2 237 [6]
48 197 [0]
115 129 [1]
61 183 [1]
61 176 [9]
50 196 [0]
77 169 [0]
88 158 [0]
39 198 [9]
19 221 [6]
10 227 [9]
8 237 [1]
45 200 [1]
83 164 [0]
87 153 [7]
17 224 [6]
15 223 [9]
84 164 [0]
118 123 [7]
89 156 [3]
14 231 [3]
43 197 [9]
2 247 [0]
44 205 [0]
122 124 [3]
26 222 [1]
91 158 [0]
10 238 [1]
61 187 [1]
118 132 [0]
17 233 [0]
27 223 [0]
53 197 [0]
8 233 [9]
49 200 [1]
42 207 [1]
58 192 [0]
84 166 [0]
59 186 [5]
66 183 [1]
94 156 [0]
25 226 [0]
8 243 [0]
28 214 [9]
102 149 [0]
60 190 [1]
7 243 [1]
28 222 [1]
67 175 [9]
70 182 [0]
8 244 [0]
70 181 [1]
16 235 [1]
71 178 [3]
94 153 [5]
115 137 [0]
87 164 [1]
72 179 [1]
66 185 [1]
102 151 [0]
2 251 [0]
15 237 [1]
16 237 [0]
56 197 [0]
98 154 [1]
17 227 [9]
30 222 [1]
29 225 [0]
8 246 [0]
83 171 [0]
94 159 [1]
71 182 [1]
76 178 [1]
0 254 [1]
95 159 [1]
10 236 [9]
112 144 [0]
88 168 [0]
107 149 [0]
21 234 [1]
117 134 [5]
12 245 [0]
64 192 [1]
2 246 [9]
119 139 [0]
8 250 [0]
9 249 [0]
70 188 [0]
2 253 [3]
84 174 [0]
40 217 [1]
61 196 [1]
60 189 [9]
57 202 [0]
23 235 [1]
97 157 [5]
59 199 [1]
45 211 [3]
109 151 [0]
122 135 [3]
10 249 [1]
21 240 [0]
36 225 [0]
110 151 [0]
10 242 [9]
39 219 [3]
64 197 [1]
23 238 [1]
20 233 [9]
68 195 [0]
8 255 [0]
109 154 [0]
39 215 [9]
112 145 [6]
13 249 [1]
108 156 [0]
130 134 [0]
127 128 [9]
9 254 [1]
33 228 [3]
88 177 [0]
27 235 [3]
20 236 [9]
7 255 [3]
2 260 [3]
106 156 [3]
0 262 [3]
54 211 [1]
102 161 [3]
126 139 [1]
21 236 [9]
95 170 [1]
3 260 [3]
55 211 [1]
84 183 [0]
1 266 [0]
10 257 [0]
88 174 [5]
16 251 [0]
2 266 [0]
82 186 [0]
69 198 [1]
1 258 [9]
53 214 [1]
34 233 [1]
56 209 [3]
1 264 [3]
52 216 [0]
25 244 [0]
114 155 [0]
47 219 [3]
19 249 [1]
66 202 [1]
10 260 [0]
44 226 [0]
107 163 [0]
55 206 [9]
15 252 [3]
68 202 [0]
2 259 [9]
44 225 [1]
94 173 [3]
38 233 [0]
96 175 [0]
6 262 [3]
122 146 [3]
111 153 [7]
11 251 [9]
50 220 [1]
29 243 [0]
78 194 [0]
40 229 [3]
107 164 [1]
126 146 [0]
108 163 [1]
17 253 [3]
19 254 [0]
132 141 [0]
3 267 [3]
76 196 [1]
124 149 [0]
6 264 [3]
8 262 [3]
4 266 [3]
26 248 [0]
4 270 [0]
30 244 [0]
36 237 [1]
103 168 [3]
90 185 [0]
106 168 [1]
44 230 [1]
3 271 [1]
6 266 [3]
123 152 [0]
60 216 [0]
130 146 [0]
4 271 [1]
78 190 [8]
43 232 [1]
7 266 [3]
11 262 [3]
93 182 [1]
98 179 [0]
44 224 [9]
95 183 [0]
6 272 [0]
53 225 [0]
106 172 [0]
6 271 [1]
130 147 [1]
63 212 [3]
8 269 [1]
84 195 [0]
122 157 [0]
71 205 [3]
65 211 [3]
65 215 [0]
63 217 [0]
138 142 [0]
73 207 [0]
104 176 [0]
80 197 [3]
87 190 [3]
42 235 [3]
76 205 [0]
140 141 [0]
53 227 [1]
50 230 [1]
87 193 [1]
23 257 [1]
139 143 [0]
0 282 [0]
134 148 [0]
2 277 [3]
120 162 [0]
70 212 [0]
17 266 [0]
39 243 [1]
80 203 [0]
62 222 [0]
54 221 [9]
98 183 [3]
74 207 [3]
1 284 [0]
0 285 [0]
75 207 [3]
93 192 [0]
97 188 [0]
125 160 [0]
43 233 [9]
17 259 [9]
13 273 [0]
60 226 [0]
106 180 [0]
104 181 [1]
83 200 [3]
131 155 [0]
45 239 [3]
7 277 [3]
36 251 [0]
129 158 [0]
84 202 [1]
8 280 [0]
1 287 [0]
4 284 [0]
58 229 [1]
48 240 [0]
30 257 [1]
21 264 [3]
127 152 [9]
4 283 [1]
124 164 [0]
103 185 [0]
51 236 [1]
95 190 [3]
88 192 [8]
126 163 [0]
93 194 [2]
6 282 [1]
47 241 [1]
126 160 [3]
106 182 [1]
47 240 [2]
18 272 [0]
35 255 [0]
88 202 [0]
32 257 [1]
23 259 [9]
116 175 [0]
44 247 [0]
124 167 [0]
62 228 [1]
67 215 [9]
141 150 [0]
93 190 [8]
49 239 [3]
90 202 [0]
50 239 [3]
68 223 [1]
138 151 [3]
86 206 [0]
112 180 [0]
131 156 [6]
2 290 [1]
6 286 [1]
109 184 [0]
46 246 [1]
33 259 [1]
64 228 [1]
2 291 [1]
10 283 [1]
7 286 [1]
94 201 [0]
3 291 [1]
110 184 [1]
139 147 [9]
139 155 [1]
61 231 [3]
95 199 [1]
16 270 [9]
54 233 [9]
1 295 [0]
74 222 [0]
93 203 [0]
133 163 [0]
5 290 [1]
3 292 [1]
38 253 [5]
111 185 [0]
124 172 [0]
23 274 [0]
39 257 [1]
111 186 [0]
9 287 [1]
39 258 [1]
26 272 [0]
0 297 [1]
90 199 [9]
90 208 [0]
101 197 [0]
37 261 [0]
130 165 [3]
56 242 [1]
24 275 [0]
77 222 [0]
5 293 [1]
34 265 [0]
112 187 [0]
2 296 [1]
121 178 [0]
64 226 [9]
143 155 [1]
64 232 [3]
140 156 [3]
12 286 [1]
128 172 [0]
16 283 [1]
95 202 [3]
66 231 [3]
134 167 [0]
71 227 [3]
87 211 [3]
17 281 [3]
59 240 [2]
25 275 [1]
27 271 [3]
102 197 [3]
18 283 [1]
47 256 [0]
43 260 [0]
9 294 [0]
99 204 [0]
75 221 [7]
107 195 [1]
119 184 [0]
98 202 [3]
9 295 [0]
14 290 [0]
22 282 [0]
33 271 [0]
54 249 [1]
78 226 [0]
1 294 [9]
96 208 [0]
83 221 [0]
32 269 [3]
64 241 [0]
30 273 [2]
111 193 [1]
147 151 [7]
94 208 [3]
129 176 [0]
72 233 [1]
116 187 [3]
93 205 [8]
101 206 [0]
118 189 [0]
129 178 [0]
147 160 [0]
147 153 [7]
73 233 [1]
134 171 [2]
12 296 [0]
52 256 [0]
114 193 [1]
66 241 [1]
68 241 [0]
1 307 [1]
3 305 [1]
31 279 [0]
44 266 [0]
43 264 [3]
0 309 [1]
99 212 [0]
150 161 [0]
37 271 [3]
37 272 [2]
115 195 [1]
65 247 [0]
151 161 [0]
141 168 [3]
8 303 [1]
79 230 [3]
120 193 [0]
49 264 [0]
109 204 [0]
58 252 [3]
130 183 [0]
82 224 [7]
19 293 [1]
3 311 [0]
132 182 [0]
24 289 [1]
70 241 [3]
125 189 [0]
110 203 [1]
96 219 [0]
124 191 [0]
46 266 [3]
108 206 [1]
86 228 [1]
51 263 [2]
123 190 [3]
56 259 [1]
46 267 [3]
38 273 [5]
138 178 [0]
71 245 [1]
77 237 [3]
127 188 [2]
6 306 [5]
0 317 [0]
130 184 [3]
46 270 [1]
145 172 [0]
146 171 [0]
13 305 [0]
105 213 [0]
3 312 [3]
125 186 [7]
135 183 [0]
85 224 [9]
72 245 [1]
131 184 [3]
97 219 [2]
18 297 [3]
17 300 [1]
17 302 [0]
58 261 [0]
136 183 [0]
104 212 [3]
76 242 [1]
31 285 [3]
4 315 [1]
6 314 [0]
2 318 [0]
12 308 [0]
21 299 [0]
55 265 [0]
56 262 [2]
69 251 [0]
54 263 [3]
6 311 [3]
128 193 [0]
4 317 [0]
120 201 [0]
29 289 [3]
17 301 [3]
37 285 [0]
40 279 [3]
123 198 [1]
155 164 [3]
18 303 [1]
127 196 [0]
102 219 [2]
105 218 [0]
63 257 [3]
7 315 [1]
59 262 [3]
3 321 [0]
100 224 [0]
45 277 [2]
121 203 [0]
125 199 [0]
121 200 [3]
52 269 [3]
90 231 [3]
72 253 [0]
147 178 [0]
37 287 [1]
78 247 [0]
78 239 [8]
159 166 [0]
59 264 [2]
77 247 [1]
138 187 [0]
70 253 [2]
92 224 [9]
2 323 [1]
37 286 [3]
23 302 [1]
66 257 [3]
77 248 [1]
6 321 [0]
30 297 [0]
79 245 [3]
154 170 [3]
124 203 [0]
41 283 [3]
32 296 [0]
97 231 [0]
162 166 [0]
159 169 [0]
23 304 [1]
80 240 [8]
21 306 [2]
107 222 [0]
58 266 [5]
163 166 [0]
148 181 [0]
92 237 [0]
123 203 [3]
131 198 [0]
27 303 [0]
13 317 [0]
154 176 [0]
7 322 [1]
20 309 [1]
13 314 [3]
97 234 [0]
118 213 [0]
14 314 [3]
108 220 [3]
69 260 [2]
165 166 [0]
20 306 [5]
72 259 [1]
122 210 [0]
1 331 [0]
54 273 [5]
31 298 [3]
56 276 [0]
120 209 [3]
139 188 [5]
121 209 [3]
9 324 [0]
25 305 [3]
47 283 [3]
10 320 [3]
163 170 [0]
22 310 [1]
92 238 [3]
34 296 [3]
82 252 [0]
9 325 [0]
143 186 [5]
60 271 [3]
19 315 [0]
165 169 [0]
28 306 [0]
113 221 [0]
44 290 [0]
64 270 [0]
31 294 [9]
53 282 [0]
98 237 [0]
148 179 [8]
58 276 [1]
53 279 [3]
73 260 [2]
106 230 [0]
43 292 [1]
10 326 [0]
14 322 [0]
63 273 [0]
24 309 [3]
136 192 [8]
103 230 [3]
84 250 [3]
20 317 [0]
160 177 [0]
11 323 [3]
4 334 [0]
7 328 [3]
83 255 [0]
73 263 [2]
3 334 [1]
13 326 [0]
157 182 [0]
25 313 [1]
137 199 [3]
0 340 [0]
128 209 [3]
40 297 [3]
159 178 [3]
158 182 [0]
44 295 [1]
49 292 [0]
2 339 [0]
1 340 [0]
106 232 [3]
15 326 [0]
53 287 [1]
127 211 [3]
27 314 [0]
74 265 [2]
0 338 [3]
35 303 [3]
92 250 [0]
155 187 [0]
167 172 [3]
75 268 [0]
7 336 [0]
107 233 [3]
162 181 [0]
30 310 [3]
72 270 [1]
133 207 [3]
13 331 [0]
137 207 [0]
23 321 [0]
21 320 [3]
52 292 [0]
66 278 [0]
68 276 [0]
89 253 [2]
133 211 [0]
76 269 [0]
4 332 [9]
136 201 [8]
95 250 [0]
83 254 [8]
19 323 [3]
98 247 [0]
116 222 [8]
2 344 [0]
114 229 [3]
32 311 [3]
64 277 [5]
129 214 [3]
150 194 [2]
123 223 [0]
33 311 [3]
4 343 [0]
57 289 [1]
9 333 [5]
42 305 [0]
7 337 [3]
57 288 [2]
60 287 [0]
77 270 [0]
16 330 [1]
71 274 [2]
4 340 [3]
157 190 [0]
30 318 [0]
67 281 [0]
118 224 [6]
17 330 [1]
46 299 [3]
58 289 [1]
91 255 [2]
20 325 [3]
70 275 [3]
34 313 [1]
141 207 [0]
21 328 [0]
87 262 [0]
8 338 [3]
41 305 [3]
0 348 [1]
166 182 [1]
1 349 [0]
6 344 [0]
147 202 [1]
37 310 [3]
133 218 [0]
9 342 [0]
23 325 [3]
123 225 [3]
34 317 [0]
7 339 [5]
81 271 [0]
173 179 [0]
121 228 [3]
59 290 [3]
49 304 [0]
25 328 [0]
29 324 [0]
62 290 [1]
126 225 [2]
75 275 [3]
54 296 [3]
80 271 [3]
34 319 [1]
7 347 [0]
105 240 [9]
81 270 [3]
82 272 [0]
89 265 [0]
152 203 [0]
119 236 [0]
14 339 [2]
22 332 [1]
127 221 [7]
15 335 [5]
72 278 [5]
6 346 [3]
174 181 [0]
67 287 [1]
106 247 [3]
8 348 [0]
69 284 [3]
151 205 [0]
152 204 [0]
12 339 [5]
89 267 [0]
137 211 [8]
54 299 [3]
40 314 [2]
94 262 [0]
102 252 [2]
4 347 [5]
165 192 [0]
97 260 [0]
102 255 [0]
164 193 [0]
26 328 [3]
172 184 [1]
15 341 [1]
16 332 [9]
33 322 [2]
145 213 [0]
152 206 [0]
41 314 [3]
144 214 [0]
97 256 [5]
50 305 [3]
143 214 [1]
79 276 [3]
10 345 [3]
48 308 [2]
125 232 [2]
138 221 [0]
168 191 [0]
33 324 [2]
26 330 [3]
109 242 [8]
1 359 [0]
35 325 [0]
106 254 [0]
172 188 [0]
177 182 [1]
11 345 [5]
57 304 [0]
86 275 [0]
63 296 [2]
78 278 [5]
100 258 [3]
44 312 [5]
10 352 [0]
7 355 [0]
22 335 [5]
130 232 [0]
168 194 [0]
156 207 [0]
41 321 [1]
2 358 [3]
11 349 [3]
22 338 [3]
154 210 [0]
0 364 [0]
149 215 [0]
66 295 [3]
7 356 [1]
7 352 [5]
95 268 [1]
85 276 [3]
4 357 [3]
1 364 [0]
95 270 [0]
5 357 [3]
150 212 [3]
174 183 [8]
9 353 [3]
75 291 [0]
83 283 [0]
105 261 [0]
168 192 [6]
88 273 [5]
32 331 [3]
2 365 [0]
74 293 [0]
177 190 [0]
125 234 [8]
122 242 [3]
35 327 [5]
4 362 [1]
34 334 [0]
124 244 [0]
70 295 [3]
135 228 [5]
27 339 [2]
2 361 [5]
58 307 [3]
167 202 [0]
3 366 [0]
157 204 [8]
11 358 [0]
21 348 [0]
53 316 [0]
119 242 [8]
39 331 [0]
30 340 [0]
112 253 [5]
111 258 [1]
149 219 [2]
157 210 [3]
14 357 [0]
88 281 [2]
51 318 [2]
90 280 [1]
131 238 [2]
6 363 [3]
50 321 [1]
5 366 [1]
20 349 [3]
142 230 [0]
24 349 [0]
31 342 [0]
16 354 [3]
44 329 [0]
10 360 [3]
94 277 [2]
34 336 [3]
133 238 [3]
20 351 [3]
178 196 [0]
1 373 [0]
154 217 [3]
23 351 [0]
168 206 [0]
68 306 [0]
93 279 [2]
79 295 [0]
129 245 [0]
152 221 [1]
167 208 [0]
75 300 [0]
42 330 [3]
187 188 [0]
1 375 [0]
7 369 [0]
122 251 [3]
57 316 [3]
123 250 [3]
73 303 [0]
127 248 [1]
176 197 [3]
107 267 [2]
100 274 [2]
39 334 [3]
3 372 [1]
45 332 [0]
153 224 [0]
59 318 [0]
111 266 [0]
174 203 [0]
6 368 [3]
111 264 [2]
125 252 [0]
17 357 [3]
0 374 [3]
166 208 [3]
142 235 [0]
5 370 [3]
75 303 [0]
40 336 [2]
102 274 [2]
12 361 [5]
168 210 [0]
16 359 [3]
66 309 [3]
2 373 [9]
32 343 [3]
25 354 [0]
74 305 [0]
144 227 [8]
16 362 [1]
59 319 [1]
177 202 [0]
60 316 [3]
183 196 [0]
163 217 [0]
23 357 [0]
6 374 [0]
90 289 [1]
173 201 [6]
17 360 [3]
69 311 [0]
6 371 [3]
61 316 [3]
12 365 [3]
121 256 [3]
23 352 [5]
6 375 [0]
98 283 [0]
128 253 [0]
6 372 [3]
1 379 [1]
47 331 [3]
89 293 [0]
23 359 [0]
0 382 [0]
55 326 [1]
3 379 [0]
36 343 [3]
74 306 [2]
141 238 [3]
41 339 [2]
6 373 [3]
165 209 [8]
56 327 [0]
11 372 [0]
173 210 [0]
35 348 [0]
107 274 [2]
23 355 [5]
123 260 [0]
157 226 [0]
7 374 [3]
49 332 [3]
135 244 [5]
79 306 [0]
84 299 [2]
36 346 [3]
125 255 [5]
136 241 [8]
87 296 [2]
128 254 [3]
17 364 [5]
70 316 [0]
100 286 [0]
79 305 [2]
113 271 [2]
144 242 [0]
135 251 [0]
117 267 [2]
0 387 [0]
170 217 [0]
136 249 [2]
0 386 [1]
74 310 [3]
111 275 [1]
159 226 [3]
28 360 [0]
107 281 [0]
140 240 [8]
37 346 [5]
2 383 [3]
121 268 [0]
31 358 [0]
73 314 [2]
110 276 [3]
39 345 [5]
191 198 [0]
130 259 [0]
63 324 [2]
190 197 [2]
37 353 [0]
73 317 [0]
181 201 [8]
10 377 [3]
16 371 [3]
0 391 [0]
18 373 [0]
34 355 [2]
104 285 [2]
95 288 [8]
3 385 [3]
43 349 [0]
7 385 [0]
148 240 [4]
79 310 [3]
45 347 [0]
67 322 [3]
12 377 [3]
75 317 [0]
90 302 [0]
98 294 [0]
177 215 [0]
190 198 [5]
126 267 [0]
195 198 [0]
124 264 [5]
36 355 [2]
176 214 [3]
195 199 [0]
167 224 [3]
171 224 [0]
16 379 [0]
130 260 [5]
41 351 [3]
143 251 [1]
95 298 [2]
62 333 [0]
2 391 [3]
16 377 [3]
9 387 [0]
30 366 [0]
90 303 [3]
51 345 [0]
6 387 [3]
87 309 [0]
92 305 [0]
117 272 [8]
7 389 [1]
163 232 [2]
8 388 [1]
115 281 [2]
51 344 [3]
175 220 [3]
2 393 [3]
57 341 [0]
63 327 [8]
22 371 [5]
9 386 [3]
40 359 [0]
96 303 [0]
46 350 [3]
2 397 [0]
1 395 [3]
21 373 [5]
63 336 [0]
199 200 [0]
12 388 [0]
122 278 [0]
130 270 [0]
147 253 [0]
90 309 [1]
175 225 [0]
60 337 [3]
115 282 [3]
2 399 [0]
19 382 [0]
54 347 [0]
106 295 [0]
191 210 [0]
102 297 [2]
3 395 [3]
3 399 [0]
1 401 [0]
32 370 [0]
49 353 [0]
65 334 [3]
124 270 [8]
181 219 [2]
107 296 [0]
2 401 [0]
4 394 [5]
161 242 [0]
34 364 [5]
58 346 [0]
128 276 [0]
82 321 [1]
68 334 [2]
112 290 [2]
182 221 [1]
32 373 [0]
80 323 [2]
195 202 [8]
11 391 [3]
9 391 [5]
84 322 [0]
111 294 [1]
66 335 [5]
109 297 [0]
116 290 [0]
136 270 [0]
77 326 [3]
0 403 [3]
20 382 [5]
58 347 [2]
112 293 [2]
141 264 [2]
15 389 [3]
159 240 [8]
7 400 [0]
194 213 [0]
35 369 [3]
1 407 [0]
0 408 [0]
19 389 [0]
179 226 [3]
6 399 [3]
30 373 [5]
7 398 [3]
1 408 [0]
37 372 [0]
58 348 [3]
158 249 [2]
154 247 [8]
11 395 [3]
2 408 [0]
137 273 [0]
123 284 [3]
174 236 [0]
90 317 [3]
107 300 [3]
112 292 [6]
114 293 [3]
65 342 [3]
156 254 [0]
6 405 [0]
47 364 [0]
116 295 [0]
10 398 [3]
150 258 [3]
34 378 [0]
56 356 [0]
173 239 [0]
190 222 [0]
47 360 [5]
8 401 [3]
74 339 [0]
43 370 [0]
53 358 [2]
12 398 [3]
159 252 [2]
197 216 [0]
25 389 [0]
110 302 [2]
2 413 [0]
57 358 [0]
108 305 [2]
189 226 [0]
23 393 [0]
1 415 [0]
116 292 [8]
27 386 [3]
196 220 [0]
69 344 [3]
187 226 [3]
59 354 [3]
52 359 [5]
112 299 [5]
172 244 [0]
196 221 [0]
11 401 [5]
200 217 [0]
199 210 [8]
52 362 [3]
176 233 [8]
93 325 [0]
56 360 [2]
154 265 [0]
19 400 [0]
16 403 [0]
156 261 [2]
25 394 [0]
59 357 [3]
111 305 [3]
160 259 [0]
13 403 [3]
180 239 [0]
25 395 [0]
171 249 [0]
22 393 [5]
101 313 [6]
10 405 [5]
75 346 [0]
41 375 [5]
75 343 [3]
153 268 [0]
2 416 [3]
63 356 [2]
184 238 [0]
21 401 [0]
112 306 [4]
16 401 [5]
75 339 [8]
83 339 [0]
98 322 [2]
90 329 [3]
84 336 [2]
187 229 [6]
15 400 [7]
100 319 [3]
146 274 [2]
2 421 [0]
122 301 [0]
48 373 [2]
180 243 [0]
175 245 [3]
6 412 [5]
3 415 [5]
138 286 [0]
14 410 [0]
48 374 [2]
10 409 [5]
73 349 [2]
148 272 [4]
144 280 [0]
86 333 [5]
54 371 [0]
184 233 [8]
34 388 [3]
36 386 [3]
120 302 [3]
108 312 [5]
103 315 [8]
17 409 [0]
23 403 [0]
84 340 [2]
104 321 [1]
134 292 [0]
26 395 [5]
144 277 [5]
203 223 [0]
145 277 [4]
46 377 [3]
5 422 [0]
50 377 [0]
147 272 [8]
62 362 [3]
107 318 [2]
20 404 [3]
79 349 [0]
90 337 [1]
8 417 [3]
81 344 [3]
191 230 [8]
195 234 [0]
196 233 [0]
201 228 [0]
47 379 [3]
44 380 [5]
197 232 [0]
74 353 [2]
176 254 [0]
108 320 [2]
4 421 [5]
46 381 [3]
52 373 [5]
86 340 [5]
3 428 [0]
28 403 [0]
208 223 [0]
52 379 [0]
111 320 [0]
10 419 [2]
11 421 [0]
102 330 [0]
104 328 [0]
2 427 [3]
152 278 [2]
69 361 [2]
87 342 [3]
17 416 [0]
19 414 [0]
129 304 [0]
23 411 [0]
209 225 [0]
66 368 [0]
18 411 [5]
71 358 [5]
75 359 [0]
25 406 [3]
82 352 [0]
87 344 [3]
112 317 [5]
120 314 [0]
145 289 [0]
117 315 [3]
71 359 [5]
48 385 [2]
131 299 [5]
164 267 [5]
63 373 [0]
44 389 [3]
112 324 [0]
173 261 [2]
27 404 [5]
142 289 [5]
159 275 [3]
12 425 [0]
86 348 [3]
48 386 [3]
111 324 [2]
168 264 [5]
0 432 [5]
12 426 [0]
108 330 [0]
193 245 [0]
22 411 [5]
5 428 [5]
96 341 [2]
106 333 [0]
4 435 [0]
80 357 [2]
48 391 [0]
9 425 [5]
18 419 [2]
66 373 [0]
69 370 [0]
216 223 [0]
55 381 [3]
218 222 [0]
4 436 [0]
13 424 [3]
49 389 [2]
89 351 [0]
7 430 [3]
156 281 [4]
13 428 [0]
126 315 [0]
71 368 [2]
43 393 [5]
12 424 [5]
188 249 [4]
40 402 [0]
94 346 [2]
186 255 [2]
11 432 [0]
177 258 [8]
56 387 [0]
187 250 [6]
109 326 [8]
73 365 [5]
21 417 [5]
32 409 [2]
169 271 [3]
23 417 [3]
100 338 [5]
144 298 [2]
22 422 [0]
60 381 [3]
18 423 [3]
101 339 [4]
11 428 [5]
43 398 [3]
88 354 [2]
7 438 [0]
34 409 [2]
186 258 [1]
62 383 [0]
11 429 [5]
12 434 [0]
150 296 [0]
126 320 [0]
44 399 [3]
37 409 [0]
48 398 [0]
100 346 [0]
180 262 [4]
65 381 [0]
8 436 [3]
86 359 [2]
169 273 [5]
99 346 [2]
83 362 [2]
123 321 [3]
157 285 [5]
201 246 [0]
2 440 [5]
11 437 [0]
22 421 [5]
132 314 [2]
98 345 [5]
153 292 [3]
126 322 [0]
108 335 [5]
56 390 [2]
6 439 [3]
155 291 [2]
158 287 [3]
89 357 [2]
25 421 [2]
26 420 [2]
49 397 [2]
115 334 [0]
4 445 [0]
7 437 [5]
211 238 [0]
212 237 [0]
97 352 [0]
208 239 [2]
38 407 [5]
74 374 [2]
162 288 [0]
83 367 [0]
169 279 [2]
21 424 [5]
9 438 [3]
120 325 [5]
0 448 [3]
4 447 [0]
6 445 [0]
65 384 [2]
19 432 [0]
204 247 [0]
180 268 [3]
175 272 [4]
114 335 [2]
188 263 [0]
66 386 [0]
100 350 [2]
139 308 [5]
37 413 [2]
204 248 [0]
109 341 [2]
209 243 [0]
193 259 [0]
43 406 [3]
84 361 [8]
87 366 [0]
114 339 [0]
196 254 [3]
215 230 [8]
90 360 [3]
98 347 [8]
15 431 [7]
148 303 [2]
143 307 [3]
16 438 [0]
103 351 [0]
88 366 [0]
92 362 [0]
171 283 [0]
164 291 [0]
11 444 [0]
185 270 [0]
72 383 [0]
218 237 [0]
191 258 [6]
155 301 [0]
130 326 [0]
45 411 [0]
5 446 [5]
197 259 [0]
134 317 [5]
39 414 [3]
7 446 [3]
120 337 [0]
67 387 [3]
130 319 [8]
2 455 [0]
1 453 [3]
66 388 [3]
1 451 [5]
51 407 [0]
14 444 [0]
102 354 [2]
18 439 [1]
48 402 [8]
226 232 [0]
49 406 [3]
76 383 [0]
0 459 [0]
6 448 [5]
228 231 [0]
85 372 [2]
214 245 [0]
205 254 [0]
173 284 [2]
46 408 [5]
210 249 [0]
158 294 [8]
32 428 [0]
7 453 [0]
227 233 [0]
0 455 [5]
8 447 [5]
12 443 [5]
68 390 [2]
15 442 [3]
38 417 [5]
58 403 [0]
63 398 [0]
84 377 [0]
198 261 [2]
115 343 [3]
81 378 [2]
59 402 [0]
95 367 [0]
3 459 [0]
21 441 [0]
8 449 [5]
71 388 [3]
30 427 [5]
109 351 [2]
58 400 [4]
33 421 [8]
3 458 [1]
228 234 [0]
59 404 [0]
225 238 [0]
19 444 [0]
56 405 [2]
52 409 [2]
178 283 [2]
21 440 [2]
97 366 [0]
129 329 [5]
149 314 [0]
166 297 [0]
6 458 [0]
223 241 [0]
46 413 [5]
22 437 [5]
72 393 [0]
63 402 [0]
121 342 [2]
11 454 [0]
61 399 [5]
85 380 [0]
97 368 [0]
157 308 [0]
15 451 [0]
7 459 [0]
91 370 [5]
81 385 [0]
179 287 [0]
0 461 [5]
101 365 [0]
137 324 [5]
150 314 [2]
138 326 [2]
12 455 [0]
211 256 [0]
88 374 [5]
232 235 [0]
82 383 [2]
64 404 [0]
8 460 [0]
10 458 [0]
134 329 [5]
39 424 [5]
33 431 [4]
210 258 [0]
60 403 [5]
78 388 [2]
225 243 [1]
162 307 [0]
209 260 [0]
31 431 [7]
79 382 [8]
148 321 [0]
149 320 [0]
233 234 [2]
133 336 [0]
11 458 [1]
0 465 [5]
4 466 [0]
79 389 [2]
185 281 [4]
13 452 [5]
175 295 [0]
80 388 [2]
102 366 [2]
182 288 [0]
185 283 [2]
82 386 [3]
9 462 [0]
17 454 [0]
6 462 [3]
118 350 [3]
185 284 [2]
92 377 [2]
180 291 [0]
106 363 [2]
207 264 [0]
190 282 [0]
95 377 [0]
21 449 [2]
165 307 [0]
1 468 [3]
217 247 [8]
70 394 [8]
182 290 [0]
176 288 [8]
133 337 [2]
75 395 [2]
22 451 [0]
14 459 [0]
185 286 [2]
228 245 [0]
200 271 [2]
74 397 [2]
140 333 [0]
164 309 [0]
169 304 [0]
204 269 [0]
2 468 [3]
212 261 [0]
126 348 [0]
22 452 [0]
16 458 [0]
38 436 [0]
53 416 [5]
56 416 [2]
90 384 [0]
224 250 [0]
37 435 [2]
36 431 [7]
2 467 [5]
92 379 [3]
204 270 [0]
44 425 [5]
230 236 [8]
37 438 [0]
227 248 [0]
41 432 [2]
83 390 [2]
7 469 [0]
10 466 [0]
53 415 [8]
96 378 [2]
112 362 [2]
152 321 [3]
105 371 [0]
156 320 [0]
45 430 [2]
140 337 [0]
134 335 [8]
65 410 [2]
218 255 [4]
45 427 [5]
113 362 [2]
54 418 [5]
61 411 [5]
12 460 [5]
73 405 [0]
165 311 [2]
21 455 [2]
12 464 [2]
220 258 [0]
51 428 [0]
0 479 [0]
104 373 [2]
37 439 [3]
206 271 [2]
113 366 [0]
229 250 [0]
193 286 [0]
7 463 [9]
5 472 [3]
4 476 [0]
209 268 [3]
85 395 [0]
227 245 [8]
197 278 [5]
118 360 [2]
197 283 [0]
40 438 [2]
231 249 [0]
11 470 [0]
89 392 [0]
164 312 [5]
61 418 [2]
10 471 [0]
237 242 [2]
130 346 [5]
45 434 [2]
78 403 [0]
7 475 [0]
17 465 [0]
34 448 [0]
23 454 [5]
177 303 [2]
11 468 [3]
90 392 [0]
65 409 [8]
96 386 [0]
108 374 [0]
161 321 [0]
204 278 [0]
206 273 [4]
166 312 [5]
73 402 [8]
141 340 [2]
84 397 [2]
69 415 [0]
192 292 [0]
217 262 [5]
19 464 [2]
130 355 [0]
197 282 [6]
40 443 [2]
76 407 [2]
6 479 [0]
100 385 [0]
207 274 [4]
31 449 [5]
193 292 [0]
203 280 [3]
7 474 [5]
80 400 [6]
2 479 [5]
235 251 [0]
74 412 [0]
141 345 [0]
34 447 [5]
15 472 [0]
111 376 [0]
20 467 [0]
31 453 [3]
26 461 [0]
21 464 [2]
63 424 [0]
6 476 [5]
81 406 [0]
189 290 [8]
234 252 [2]
23 465 [0]
32 451 [5]
56 430 [2]
66 420 [2]
105 375 [8]
242 246 [0]
97 388 [3]
3 482 [3]
124 363 [2]
39 450 [0]
120 369 [0]
130 359 [0]
171 318 [0]
189 300 [0]
207 282 [0]
118 369 [2]
199 285 [5]
123 365 [2]
222 264 [4]
35 455 [0]
208 280 [2]
161 325 [4]
170 320 [0]
102 386 [2]
11 474 [5]
19 466 [5]
5 480 [5]
139 348 [3]
130 361 [0]
2 484 [5]
39 447 [5]
172 317 [2]
54 432 [5]
44 448 [0]
145 347 [0]
195 297 [0]
27 465 [0]
167 320 [5]
155 333 [4]
207 281 [4]
62 425 [5]
123 370 [0]
199 294 [0]
6 485 [2]
63 422 [8]
115 376 [2]
150 338 [5]
76 409 [8]
1 493 [0]
127 367 [0]
7 485 [2]
210 282 [2]
40 452 [2]
205 290 [0]
57 438 [0]
9 486 [0]
57 436 [2]
0 492 [3]
185 310 [0]
180 311 [4]
2 488 [5]
0 490 [5]
23 470 [2]
149 344 [2]
202 294 [0]
243 254 [0]
28 469 [0]
135 357 [5]
12 483 [2]
109 386 [2]
204 291 [2]
132 363 [2]
223 269 [5]
60 434 [3]
39 453 [5]
126 366 [5]
157 341 [0]
147 349 [2]
5 491 [2]
9 489 [0]
28 470 [0]
12 481 [5]
167 331 [0]
36 460 [2]
181 318 [0]
17 482 [0]
221 273 [5]
154 343 [2]
36 463 [0]
38 461 [0]
91 408 [0]
155 342 [2]
218 272 [9]
36 461 [2]
218 277 [4]
144 355 [0]
63 437 [0]
154 344 [2]
180 312 [8]
212 286 [2]
73 419 [8]
94 402 [4]
243 252 [5]
15 481 [5]
98 403 [0]
145 356 [0]
149 350 [2]
170 327 [4]
125 377 [0]
64 438 [0]
183 319 [0]
57 443 [2]
45 449 [8]
200 297 [5]
174 324 [5]
88 410 [5]
64 437 [2]
74 427 [2]
164 339 [0]
244 254 [5]
232 268 [3]
216 287 [0]
224 276 [3]
20 478 [5]
21 480 [2]
1 497 [5]
175 321 [8]
17 487 [0]
4 500 [0]
193 309 [2]
76 426 [2]
180 324 [0]
62 439 [3]
148 354 [2]
101 398 [5]
165 335 [5]
14 491 [0]
104 399 [2]
201 302 [2]
147 356 [2]
162 338 [5]
49 457 [0]
8 498 [0]
29 469 [8]
58 446 [2]
4 499 [3]
232 266 [8]
115 388 [3]
129 377 [0]
30 474 [2]
230 276 [0]
55 446 [5]
201 300 [5]
4 497 [5]
212 295 [0]
180 327 [0]
14 493 [0]
67 440 [0]
20 482 [5]
172 327 [8]
198 307 [2]
191 311 [5]
94 405 [8]
29 470 [8]
205 297 [5]
92 413 [2]
50 456 [2]
8 500 [0]
68 432 [8]
12 493 [3]
23 483 [2]
5 498 [5]
112 392 [4]
125 375 [8]
110 396 [2]
11 492 [5]
177 327 [4]
14 495 [0]
90 419 [0]
126 375 [8]
184 323 [2]
228 277 [4]
187 317 [5]
242 262 [5]
106 404 [0]
108 394 [8]
79 431 [0]
184 326 [0]
138 367 [5]
203 304 [3]
105 405 [0]
83 428 [0]
17 494 [0]
103 406 [2]
166 343 [2]
210 296 [5]
34 477 [0]
57 452 [2]
59 452 [0]
221 290 [0]
241 270 [0]
251 260 [0]
183 328 [0]
129 381 [2]
212 300 [0]
23 489 [0]
156 351 [5]
51 456 [5]
0 507 [5]
56 454 [2]
40 473 [0]
23 490 [0]
53 452 [8]
10 500 [3]
69 442 [2]
19 494 [0]
150 355 [8]
131 382 [0]
107 404 [2]
214 299 [0]
64 447 [2]
6 505 [2]
88 421 [4]
221 293 [0]
139 375 [0]
165 349 [0]
221 291 [2]
222 290 [2]
222 292 [0]
59 453 [2]
122 390 [2]
11 500 [3]
198 317 [0]
13 502 [0]
144 366 [5]
5 505 [5]
34 476 [5]
131 380 [4]
43 467 [5]
22 485 [8]
12 498 [5]
245 268 [3]
33 483 [0]
173 341 [2]
151 360 [5]
114 402 [0]
1 510 [5]
241 275 [0]
75 433 [8]
126 385 [5]
189 319 [8]
33 475 [8]
45 463 [8]
70 445 [2]
151 366 [0]
248 269 [0]
166 346 [5]
185 332 [0]
51 467 [0]
50 468 [0]
216 302 [0]
135 383 [0]
73 437 [8]
192 326 [0]
74 442 [2]
214 304 [0]
229 289 [0]
257 261 [0]
213 301 [4]
101 413 [4]
244 274 [0]
242 276 [0]
233 281 [5]
22 495 [2]
34 483 [2]
147 372 [0]
221 296 [2]
3 514 [2]
189 328 [2]
108 412 [0]
53 459 [8]
63 457 [0]
12 506 [2]
243 277 [0]
208 310 [2]
21 491 [8]
83 429 [8]
129 387 [5]
188 325 [8]
13 503 [5]
168 354 [0]
141 379 [2]
177 340 [5]
145 372 [5]
172 350 [0]
242 280 [0]
146 372 [5]
221 300 [2]
181 342 [0]
241 278 [4]
62 459 [2]
187 331 [5]
198 320 [5]
89 429 [5]
101 418 [4]
87 428 [8]
91 433 [0]
248 276 [0]
228 288 [8]
27 492 [5]
160 362 [2]
115 407 [2]
77 445 [2]
6 519 [0]
7 518 [0]
136 389 [0]
10 513 [2]
162 355 [8]
153 364 [8]
7 515 [3]
199 327 [0]
251 275 [0]
86 440 [0]
104 422 [0]
4 520 [2]
94 427 [5]
244 282 [0]
26 498 [2]
96 422 [8]
54 467 [5]
133 394 [0]
129 398 [0]
56 463 [8]
34 485 [8]
11 514 [2]
70 449 [8]
34 488 [5]
218 304 [5]
120 403 [5]
157 369 [2]
263 265 [0]
209 315 [4]
232 291 [5]
232 296 [0]
99 421 [8]
247 272 [9]
171 357 [0]
25 504 [0]
117 412 [0]
118 411 [0]
0 524 [5]
50 477 [2]
247 278 [4]
10 512 [7]
150 374 [5]
1 523 [5]
219 311 [0]
34 496 [0]
6 524 [0]
165 363 [2]
249 273 [8]
65 465 [0]
133 395 [2]
76 454 [0]
172 358 [0]
65 457 [8]
34 493 [3]
30 498 [2]
172 359 [0]
66 462 [3]
151 375 [5]
127 400 [4]
187 345 [0]
129 403 [0]
144 384 [4]
70 454 [8]
161 366 [5]
140 384 [8]
160 367 [5]
123 407 [2]
252 275 [5]
221 309 [2]
2 526 [5]
10 523 [0]
54 479 [0]
76 457 [0]
220 313 [0]
114 417 [2]
4 524 [5]
18 510 [5]
56 470 [8]
14 520 [0]
75 459 [0]
178 351 [5]
76 450 [8]
178 352 [4]
243 291 [0]
48 484 [2]
36 496 [2]
38 494 [2]
2 529 [3]
58 474 [2]
221 311 [2]
104 431 [0]
33 502 [0]
254 272 [9]
126 404 [5]
59 476 [0]
162 373 [0]
31 502 [2]
195 340 [0]
8 528 [0]
3 528 [5]
3 533 [0]
71 457 [8]
203 331 [2]
178 353 [5]
57 477 [2]
124 407 [5]
189 347 [0]
222 306 [8]
256 280 [0]
20 508 [8]
134 397 [5]
254 282 [0]
3 530 [3]
263 270 [4]
70 467 [0]
234 303 [0]
215 320 [2]
184 351 [2]
59 470 [8]
105 424 [8]
78 460 [0]
35 503 [0]
7 526 [5]
80 458 [0]
230 308 [0]
192 346 [0]
260 278 [0]
32 507 [0]
26 511 [2]
42 495 [2]
217 318 [5]
228 307 [5]
9 531 [0]
29 503 [8]
88 444 [8]
237 299 [4]
265 270 [5]
79 456 [5]
108 430 [2]
250 290 [0]
188 353 [0]
1 540 [0]
94 447 [0]
139 402 [0]
213 324 [4]
247 294 [0]
185 351 [5]
216 319 [6]
169 364 [8]
1 531 [9]
52 490 [0]
46 496 [0]
171 367 [4]
125 417 [0]
88 446 [8]
3 535 [5]
162 381 [0]
198 340 [5]
222 316 [5]
152 383 [8]
88 447 [8]
81 463 [0]
82 462 [0]
28 514 [2]
225 315 [4]
85 460 [0]
8 537 [0]
206 334 [5]
179 366 [0]
126 411 [8]
2 541 [2]
253 292 [0]
4 536 [5]
261 284 [0]
39 507 [0]
1 545 [0]
221 323 [2]
32 509 [5]
248 292 [6]
118 426 [2]
132 414 [0]
123 419 [4]
12 532 [2]
90 457 [0]
41 506 [0]
79 464 [4]
78 465 [4]
70 477 [0]
255 292 [0]
107 435 [5]
26 519 [2]
4 541 [2]
234 313 [0]
188 352 [7]
146 401 [0]
262 285 [0]
168 380 [0]
267 281 [0]
194 354 [0]
109 434 [5]
51 492 [5]
180 369 [0]
6 543 [0]
84 465 [0]
241 303 [5]
111 438 [0]
242 304 [3]
108 439 [2]
7 540 [2]
189 360 [0]
239 310 [0]
43 501 [5]
26 521 [2]
243 306 [0]
144 406 [0]
34 508 [8]
43 507 [0]
134 414 [2]
115 431 [4]
252 298 [0]
128 417 [5]
146 404 [0]
213 334 [4]
10 541 [0]
25 526 [0]
88 459 [4]
39 512 [0]
63 480 [8]
175 371 [5]
123 424 [5]
12 540 [0]
208 342 [2]
174 373 [5]
2 547 [3]
6 544 [2]
140 412 [0]
140 407 [5]
139 411 [2]
177 376 [0]
6 547 [0]
54 491 [8]
95 453 [5]
127 424 [2]
34 512 [7]
268 282 [3]
25 529 [0]
206 348 [0]
268 286 [0]
21 531 [2]
79 467 [8]
163 383 [8]
3 549 [2]
50 505 [0]
21 534 [0]
24 531 [0]
95 458 [2]
209 338 [8]
165 382 [8]
35 518 [2]
35 520 [0]
28 522 [5]
154 396 [5]
95 452 [8]
65 488 [2]
49 501 [5]
188 367 [0]
35 515 [5]
136 419 [0]
157 399 [0]
133 418 [5]
20 536 [0]
134 417 [5]
202 349 [5]
88 464 [4]
147 407 [2]
188 360 [8]
271 286 [0]
195 358 [4]
157 392 [8]
114 438 [5]
33 525 [0]
117 441 [0]
56 502 [0]
10 546 [2]
59 499 [0]
72 486 [0]
194 364 [0]
70 480 [8]
229 329 [0]
40 517 [2]
163 396 [0]
71 488 [0]
50 507 [2]
72 487 [0]
194 357 [8]
18 536 [5]
171 388 [0]
216 339 [4]
87 464 [8]
62 489 [8]
24 527 [8]
268 292 [0]
48 512 [0]
2 558 [0]
207 345 [8]
164 391 [5]
106 446 [8]
187 373 [0]
275 281 [4]
206 349 [5]
89 472 [0]
49 512 [0]
36 523 [2]
68 485 [8]
196 361 [4]
274 282 [5]
257 304 [0]
40 513 [8]
2 557 [2]
193 364 [4]
146 412 [4]
163 395 [4]
83 475 [4]
222 340 [0]
93 465 [4]
219 343 [0]
179 381 [2]
87 467 [8]
29 525 [8]
66 497 [0]
52 511 [0]
156 407 [0]
69 492 [2]
15 540 [8]
1 561 [1]
168 395 [0]
78 477 [8]
127 435 [2]
249 315 [0]
265 299 [0]
268 288 [8]
46 518 [0]
115 447 [2]
174 385 [5]
22 541 [2]
5 551 [9]
5 560 [0]
212 345 [8]
235 330 [0]
183 382 [0]
237 326 [2]
202 363 [0]
228 337 [0]
99 467 [0]
192 374 [0]
71 487 [8]
267 299 [0]
7 557 [2]
64 500 [2]
61 503 [2]
280 284 [2]
223 341 [2]
180 381 [5]
214 350 [2]
225 337 [4]
21 543 [2]
37 530 [0]
44 523 [0]
99 468 [0]
176 389 [2]
240 327 [0]
36 532 [0]
7 561 [0]
39 524 [5]
261 302 [5]
137 426 [5]
21 542 [5]
47 519 [2]
177 392 [0]
259 310 [0]
95 466 [8]
136 425 [8]
19 548 [2]
35 532 [2]
33 537 [0]
3 567 [0]
84 478 [8]
19 551 [0]
237 333 [0]
36 529 [5]
217 351 [2]
131 434 [5]
76 494 [0]
242 328 [0]
279 291 [0]
67 502 [2]
117 454 [0]
148 423 [0]
23 546 [2]
162 409 [0]
175 396 [0]
193 378 [0]
7 559 [5]
116 447 [8]
220 352 [0]
16 556 [0]
146 422 [4]
4 563 [5]
34 536 [2]
279 293 [0]
243 329 [0]
55 517 [0]
33 531 [8]
246 326 [0]
70 502 [0]
163 404 [5]
257 313 [2]
113 458 [2]
220 353 [0]
87 486 [0]
151 422 [0]
179 394 [0]
27 544 [2]
94 471 [8]
261 307 [5]
63 502 [8]
10 561 [3]
99 475 [0]
50 522 [2]
7 562 [5]
53 513 [8]
201 369 [4]
146 428 [0]
19 553 [2]
5 567 [2]
161 413 [0]
54 515 [5]
5 570 [0]
149 426 [0]
125 450 [0]
236 339 [0]
50 523 [2]
145 421 [9]
286 287 [2]
54 516 [5]
214 356 [5]
205 366 [4]
147 429 [0]
204 372 [0]
269 307 [0]
232 344 [0]
194 374 [8]
7 567 [2]
122 447 [8]
73 499 [5]
124 453 [0]
35 542 [0]
93 480 [4]
152 425 [0]
17 555 [5]
236 336 [5]
192 385 [0]
258 319 [0]
237 341 [0]
48 528 [2]
29 541 [8]
205 374 [0]
284 295 [0]
16 558 [5]
12 562 [5]
242 333 [4]
212 359 [8]
206 368 [5]
85 495 [0]
114 466 [0]
33 545 [2]
10 568 [2]
75 497 [8]
92 486 [2]
182 394 [4]
151 430 [0]
2 579 [0]
41 540 [0]
55 526 [0]
231 350 [0]
206 371 [4]
148 425 [8]
41 538 [2]
247 332 [2]
287 294 [0]
286 295 [0]
126 451 [4]
87 491 [4]
25 557 [0]
227 355 [0]
60 520 [2]
216 366 [0]
139 441 [2]
232 346 [4]
89 494 [0]
290 293 [0]
264 319 [0]
90 488 [5]
2 576 [5]
30 553 [0]
254 329 [0]
133 450 [0]
194 389 [0]
239 344 [0]
267 317 [0]
90 494 [0]
280 304 [0]
287 295 [2]
249 331 [4]
127 455 [2]
234 351 [0]
13 572 [0]
229 356 [0]
262 314 [9]
3 574 [8]
260 325 [0]
29 548 [8]
256 329 [0]
151 435 [0]
3 583 [0]
43 543 [0]
290 294 [2]
118 464 [4]
112 474 [0]
73 505 [8]
155 431 [0]
213 369 [4]
16 569 [1]
284 302 [0]
135 447 [4]
59 525 [2]
2 585 [0]
58 529 [0]
85 502 [0]
26 553 [8]
110 473 [4]
15 569 [3]
102 478 [8]
245 338 [5]
93 487 [8]
286 298 [4]
0 583 [5]
3 580 [5]
206 381 [2]
211 370 [8]
220 361 [8]
170 419 [0]
227 357 [5]
227 362 [0]
157 428 [4]
293 296 [0]
20 570 [0]
59 531 [0]
80 502 [8]
36 552 [2]
106 476 [8]
113 477 [0]
20 568 [2]
0 585 [5]
234 347 [9]
246 344 [0]
111 477 [2]
15 570 [5]
2 586 [2]
95 487 [8]
235 350 [5]
140 445 [5]
3 579 [8]
148 443 [0]
181 410 [0]
193 394 [4]
256 330 [5]
126 461 [4]
291 300 [0]
276 313 [2]
63 520 [8]
279 312 [0]
257 331 [4]
32 558 [2]
62 531 [0]
12 581 [0]
103 490 [0]
127 466 [0]
148 441 [4]
4 584 [5]
124 461 [8]
235 354 [4]
222 371 [0]
165 420 [8]
81 508 [4]
98 487 [8]
12 573 [8]
181 407 [5]
35 559 [0]
97 492 [5]
158 432 [4]
58 536 [0]
235 359 [0]
74 520 [0]
7 582 [5]
284 310 [0]
99 487 [8]
67 522 [5]
286 303 [5]
3 589 [2]
149 445 [0]
226 368 [0]
40 555 [0]
37 558 [0]
25 570 [0]
102 493 [0]
92 503 [0]
251 340 [4]
219 377 [0]
4 592 [0]
195 396 [5]
108 480 [8]
243 348 [5]
275 316 [5]
15 581 [0]
107 489 [0]
110 486 [0]
248 343 [5]
155 439 [2]
39 555 [2]
233 359 [4]
205 383 [8]
49 539 [8]
118 470 [8]
119 474 [4]
16 581 [0]
7 588 [2]
241 356 [0]
72 523 [2]
59 536 [2]
233 360 [4]
32 563 [2]
210 383 [4]
23 571 [3]
66 532 [0]
256 338 [4]
252 339 [7]
260 329 [9]
38 553 [8]
26 573 [0]
12 585 [2]
82 517 [0]
105 494 [0]
285 310 [4]
198 396 [5]
192 403 [4]
179 420 [0]
235 364 [0]
280 316 [4]
72 520 [8]
39 561 [0]
282 314 [4]
131 469 [0]
142 454 [4]
38 554 [8]
263 332 [5]
108 484 [8]
28 573 [0]
59 542 [0]
140 461 [0]
199 402 [0]
251 350 [0]
0 599 [2]
41 558 [2]
3 599 [0]
110 492 [0]
3 597 [2]
189 409 [4]
131 464 [7]
247 352 [4]
98 505 [0]
40 563 [0]
25 576 [2]
151 444 [8]
258 345 [0]
67 534 [2]
56 539 [8]
71 528 [5]
198 406 [0]
152 444 [8]
148 452 [4]
171 425 [8]
9 593 [2]
213 386 [5]
148 448 [8]
154 443 [8]
88 517 [0]
22 575 [8]
96 509 [0]
65 538 [2]
298 307 [0]
118 479 [8]
89 511 [5]
44 559 [2]
68 535 [2]
210 390 [5]
124 477 [4]
94 503 [8]
17 589 [0]
284 322 [0]
21 577 [8]
56 550 [0]
41 563 [2]
171 428 [7]
9 589 [8]
28 576 [2]
237 370 [0]
50 549 [8]
4 598 [5]
198 404 [5]
43 562 [2]
7 601 [0]
201 403 [4]
262 338 [8]
276 330 [2]
195 413 [0]
12 594 [2]
103 497 [8]
19 587 [2]
65 543 [0]
68 540 [0]
106 494 [8]
26 574 [8]
117 491 [0]
42 564 [2]
261 342 [5]
78 523 [8]
14 595 [0]
15 592 [2]
248 361 [0]
124 481 [4]
296 313 [0]
6 601 [2]
52 555 [2]
127 482 [0]
125 480 [4]
62 542 [5]
4 603 [2]
105 495 [9]
106 504 [0]
177 433 [0]
258 352 [0]
4 601 [5]
61 547 [2]
28 574 [8]
227 381 [2]
36 566 [8]
286 325 [0]
127 484 [0]
2 607 [2]
22 587 [2]
18 591 [2]
46 565 [0]
102 501 [8]
268 338 [5]
15 594 [2]
166 445 [0]
134 472 [5]
217 394 [0]
130 482 [0]
44 568 [0]
0 603 [9]
115 497 [0]
51 557 [4]
138 474 [0]
167 441 [4]
269 343 [0]
178 435 [0]
3 608 [2]
92 519 [2]
253 360 [0]
299 315 [0]
2 612 [0]
224 390 [0]
198 412 [4]
134 476 [4]
230 384 [0]
42 569 [3]
11 598 [5]
237 377 [0]
66 540 [8]
233 376 [5]
212 398 [4]
123 483 [8]
155 460 [0]
111 504 [0]
164 443 [8]
3 610 [2]
168 447 [0]
277 338 [0]
135 476 [4]
145 463 [7]
271 344 [0]
305 311 [0]
32 584 [0]
69 539 [8]
25 591 [0]
192 415 [9]
213 399 [4]
63 545 [8]
126 490 [0]
47 570 [0]
19 598 [0]
53 557 [7]
286 331 [0]
238 371 [8]
65 544 [8]
179 438 [0]
32 580 [5]
302 315 [0]
202 416 [0]
2 616 [0]
8 610 [0]
12 606 [0]
57 554 [7]
57 559 [2]
16 600 [2]
213 405 [0]
251 362 [5]
138 471 [9]
168 446 [4]
45 571 [2]
37 582 [0]
5 614 [0]
75 542 [2]
34 580 [5]
231 388 [0]
292 322 [5]
88 524 [8]
44 576 [0]
139 481 [0]
35 583 [2]
265 355 [0]
231 380 [9]
299 312 [9]
239 382 [0]
54 567 [0]
61 560 [0]
179 442 [0]
280 337 [4]
292 329 [0]
45 572 [4]
257 355 [9]
285 336 [0]
209 412 [0]
195 422 [4]
247 369 [5]
101 520 [0]
99 518 [4]
1 621 [0]
17 605 [0]
133 484 [5]
153 461 [8]
191 427 [4]
13 607 [2]
143 480 [0]
1 622 [0]
79 544 [0]
86 535 [2]
197 422 [4]
76 539 [8]
84 539 [0]
244 371 [8]
108 510 [5]
57 564 [2]
12 609 [2]
4 614 [5]
292 330 [2]
52 569 [3]
5 619 [0]
125 495 [4]
300 319 [5]
6 611 [7]
133 483 [8]
232 392 [0]
111 505 [8]
242 378 [5]
59 566 [0]
229 396 [0]
6 619 [0]
269 347 [9]
283 342 [0]
111 506 [8]
16 607 [2]
78 547 [0]
137 488 [0]
61 562 [2]
135 491 [0]
21 603 [2]
186 440 [0]
127 497 [2]
245 381 [0]
94 530 [2]
83 535 [8]
18 606 [2]
206 412 [8]
179 448 [0]
78 549 [0]
32 593 [2]
85 537 [5]
197 430 [0]
29 590 [8]
193 430 [4]
160 463 [4]
0 628 [0]
26 602 [0]
30 598 [0]
215 409 [4]
194 426 [8]
81 542 [5]
13 616 [0]
19 608 [2]
229 392 [8]
97 524 [8]
210 415 [4]
191 435 [4]
4 626 [0]
113 517 [0]
246 379 [5]
211 411 [8]
0 621 [9]
274 356 [0]
220 410 [0]
211 420 [0]
314 317 [0]
238 388 [5]
154 472 [5]
176 451 [4]
7 625 [0]
11 621 [0]
3 629 [0]
193 439 [0]
302 330 [0]
27 603 [2]
264 368 [0]
224 403 [5]
22 611 [0]
24 609 [0]
42 591 [0]
4 627 [2]
8 626 [0]
45 589 [0]
113 521 [0]
292 338 [4]
12 620 [2]
3 626 [5]
2 624 [9]
12 623 [0]
267 359 [9]
99 536 [0]
6 627 [2]
23 605 [7]
150 477 [8]
108 522 [5]
15 621 [0]
6 630 [0]
21 607 [8]
145 491 [0]
156 480 [0]
246 382 [8]
225 407 [4]
283 353 [0]
190 442 [4]
96 533 [8]
200 433 [4]
35 600 [2]
229 408 [0]
114 523 [0]
179 458 [0]
185 448 [4]
153 476 [8]
243 390 [4]
93 541 [4]
316 322 [0]
214 420 [4]
28 609 [2]
186 453 [0]
256 379 [4]
191 448 [0]
36 601 [2]
29 602 [8]
108 527 [4]
7 623 [9]
13 619 [7]
30 602 [8]
114 526 [0]
5 633 [2]
141 499 [0]
259 379 [2]
26 606 [8]
215 421 [4]
68 569 [3]
223 413 [4]
88 549 [4]
212 429 [0]
286 350 [5]
145 487 [9]
16 623 [2]
293 348 [0]
54 579 [8]
153 489 [0]
269 364 [9]
16 619 [7]
11 626 [5]
313 325 [4]
111 530 [2]
83 552 [8]
27 614 [2]
6 635 [2]
40 595 [8]
252 392 [0]
107 537 [0]
41 601 [2]
190 446 [8]
235 401 [8]
247 393 [4]
203 436 [5]
284 356 [4]
273 371 [0]
187 453 [5]
85 552 [8]
299 338 [8]
128 513 [4]
188 448 [9]
21 622 [2]
322 323 [0]
46 597 [2]
247 394 [4]
0 643 [2]
5 641 [0]
178 459 [9]
29 609 [8]
107 531 [8]
35 609 [2]
93 549 [4]
235 403 [8]
234 408 [4]
65 574 [7]
312 335 [0]
37 610 [0]
42 605 [0]
65 580 [2]
233 414 [0]
48 591 [8]
88 559 [0]
18 627 [2]
133 514 [0]
199 448 [0]
66 575 [7]
19 629 [0]
9 631 [8]
66 574 [8]
153 495 [0]
36 604 [8]
22 624 [2]
205 435 [8]
63 578 [8]
222 423 [4]
49 596 [4]
2 645 [2]
1 641 [7]
252 390 [8]
75 567 [8]
90 555 [5]
248 403 [0]
223 424 [4]
293 358 [0]
83 564 [4]
309 342 [0]
6 638 [7]
299 352 [0]
149 502 [0]
266 385 [0]
109 538 [4]
88 561 [2]
100 552 [0]
270 382 [0]
35 615 [2]
102 543 [8]
27 626 [0]
65 588 [0]
41 604 [8]
114 537 [2]
105 548 [0]
303 350 [0]
246 403 [4]
242 407 [4]
321 332 [0]
235 414 [4]
105 541 [7]
235 418 [0]
275 378 [0]
66 585 [2]
242 406 [5]
127 527 [0]
284 361 [9]
287 362 [5]
117 537 [0]
148 506 [0]
307 347 [0]
283 367 [4]
14 633 [7]
197 453 [4]
7 645 [2]
297 357 [0]
224 425 [5]
53 602 [0]
48 607 [0]
24 631 [0]
106 549 [0]
85 566 [4]
222 425 [8]
289 358 [8]
171 484 [0]
4 649 [2]
45 603 [8]
9 647 [0]
52 596 [8]
157 495 [4]
215 437 [4]
320 336 [0]
11 640 [5]
194 455 [7]
185 468 [4]
73 584 [0]
42 613 [2]
17 638 [2]
309 348 [0]
85 564 [8]
153 504 [0]
221 432 [4]
317 340 [0]
279 370 [8]
323 334 [0]
244 414 [0]
28 630 [0]
101 557 [0]
55 601 [2]
252 406 [0]
293 365 [0]
46 610 [2]
68 591 [0]
10 649 [0]
35 622 [2]
209 450 [0]
183 467 [9]
39 620 [0]
138 512 [9]
255 404 [0]
2 648 [9]
135 516 [8]
141 510 [8]
271 380 [8]
204 451 [4]
100 559 [0]
191 468 [0]
105 545 [9]
19 633 [7]
233 427 [0]
190 470 [0]
110 550 [0]
303 348 [9]
101 555 [4]
1 657 [2]
155 501 [4]
96 557 [7]
246 410 [4]
280 381 [0]
94 567 [0]
143 518 [0]
21 633 [7]
44 615 [2]
161 500 [0]
226 435 [0]
209 443 [9]
296 365 [0]
35 625 [2]
84 578 [0]
23 639 [0]
159 503 [0]
186 476 [0]
183 470 [9]
17 640 [5]
196 457 [9]
77 586 [0]
6 657 [0]
10 645 [8]
231 431 [1]
212 451 [0]
210 449 [4]
189 470 [4]
98 565 [0]
141 522 [0]
144 519 [0]
285 370 [8]
68 596 [0]
2 662 [0]
143 521 [0]
297 358 [9]
322 333 [9]
79 581 [4]
31 631 [2]
36 621 [8]
249 408 [8]
83 582 [0]
227 438 [0]
248 417 [0]
10 653 [2]
83 578 [4]
328 337 [0]
304 356 [5]
43 623 [0]
283 379 [4]
245 417 [4]
258 408 [0]
229 429 [8]
89 573 [4]
127 539 [0]
135 528 [4]
8 659 [0]
299 361 [7]
3 656 [8]
42 625 [0]
234 433 [0]
127 538 [2]
198 469 [0]
70 597 [0]
280 387 [0]
332 335 [0]
0 659 [8]
144 520 [4]
22 646 [0]
116 552 [0]
133 535 [0]
240 422 [6]
318 342 [8]
8 655 [5]
40 626 [2]
266 400 [3]
41 628 [0]
6 663 [0]
111 556 [2]
48 621 [0]
237 424 [8]
64 605 [0]
113 556 [0]
173 492 [4]
262 402 [6]
68 602 [0]
6 664 [0]
91 575 [4]
17 653 [0]
99 567 [4]
178 485 [7]
202 459 [9]
316 354 [0]
86 585 [0]
10 661 [0]
318 353 [0]
109 558 [4]
3 661 [7]
69 594 [8]
141 531 [0]
162 510 [0]
213 459 [0]
276 396 [0]
230 438 [4]
228 439 [5]
257 409 [7]
49 624 [0]
202 464 [7]
82 591 [0]
84 589 [0]
130 535 [8]
97 568 [8]
281 388 [4]
297 376 [0]
13 658 [2]
87 578 [8]
78 589 [7]
196 478 [0]
76 598 [0]
141 533 [0]
141 525 [8]
296 378 [0]
178 489 [7]
113 554 [7]
150 520 [4]
112 562 [0]
51 615 [8]
42 633 [0]
10 665 [0]
13 662 [0]
7 663 [5]
295 380 [0]
155 521 [0]
12 664 [0]
313 363 [0]
119 553 [4]
164 504 [8]
44 630 [2]
196 471 [9]
33 636 [7]
198 478 [0]
99 570 [8]
133 542 [2]
198 479 [0]
4 665 [8]
206 471 [0]
1 668 [8]
190 478 [9]
227 446 [4]
198 476 [4]
104 574 [0]
311 359 [8]
139 537 [2]
63 611 [4]
200 474 [4]
7 669 [2]
16 654 [8]
69 602 [8]
253 426 [0]
3 676 [0]
53 618 [8]
150 529 [0]
180 490 [9]
222 453 [4]
130 545 [4]
52 625 [2]
2 669 [8]
10 670 [0]
173 507 [0]
123 553 [4]
327 344 [9]
166 509 [5]
2 678 [0]
26 652 [2]
63 612 [5]
254 418 [8]
88 588 [4]
296 384 [0]
103 577 [0]
139 541 [0]
76 605 [0]
334 343 [4]
288 393 [0]
110 569 [2]
71 606 [4]
223 459 [0]
87 595 [0]
9 665 [8]
190 483 [9]
260 415 [7]
64 610 [8]
43 631 [8]
98 576 [8]
239 443 [0]
4 670 [8]
1 679 [2]
324 350 [8]
44 637 [2]
34 649 [0]
17 659 [7]
152 527 [4]
312 371 [0]
141 537 [5]
97 586 [0]
201 482 [0]
34 650 [0]
2 682 [0]
59 617 [8]
78 602 [4]
245 434 [5]
70 610 [4]
218 457 [9]
154 522 [8]
83 597 [4]
174 510 [0]
255 430 [0]
233 452 [0]
24 654 [7]
153 530 [2]
234 443 [8]
261 415 [9]
93 584 [8]
60 617 [8]
203 474 [8]
284 393 [8]
269 409 [7]
263 414 [8]
227 459 [0]
58 628 [0]
111 575 [0]
10 674 [2]
182 504 [0]
135 544 [7]
304 378 [4]
143 543 [0]
69 609 [8]
18 666 [2]
64 615 [8]
51 636 [0]
36 643 [8]
162 517 [8]
187 496 [4]
282 405 [0]
47 632 [8]
320 367 [0]
106 582 [0]
300 388 [0]
306 382 [0]
308 380 [0]
45 635 [8]
239 440 [9]
52 637 [0]
85 604 [0]
116 573 [0]
232 450 [7]
26 656 [7]
303 386 [0]
57 633 [0]
108 578 [4]
232 449 [9]
266 417 [7]
236 450 [4]
168 522 [0]
170 516 [4]
18 664 [8]
136 550 [4]
245 441 [4]
156 530 [4]
45 637 [8]
279 404 [8]
236 455 [0]
12 679 [0]
23 660 [8]
307 384 [0]
30 653 [8]
36 647 [8]
261 426 [4]
121 566 [4]
230 462 [0]
141 551 [0]
120 564 [8]
341 351 [0]
91 593 [8]
172 521 [0]
6 685 [2]
44 647 [2]
215 478 [0]
237 456 [0]
180 504 [9]
124 570 [0]
161 529 [4]
0 686 [8]
73 617 [4]
332 357 [5]
171 523 [0]
231 463 [0]
275 414 [5]
29 661 [4]
152 534 [8]
247 448 [0]
269 418 [8]
53 638 [4]
127 560 [8]
195 500 [0]
302 393 [0]
270 425 [0]
156 540 [0]
295 393 [8]
108 580 [8]
2 685 [9]
20 674 [2]
273 424 [0]
247 446 [4]
94 599 [4]
264 433 [0]
12 677 [8]
4 691 [2]
301 396 [0]
323 374 [0]
0 695 [2]
130 568 [0]
8 690 [0]
178 516 [4]
56 638 [4]
181 517 [0]
291 407 [0]
6 690 [2]
310 380 [8]
57 641 [0]
274 424 [0]
155 543 [0]
131 567 [0]
307 388 [4]
96 599 [4]
123 571 [5]
34 665 [0]
21 671 [7]
162 529 [8]
193 502 [4]
174 521 [4]
101 591 [7]
149 551 [0]
240 460 [0]
71 629 [0]
255 436 [9]
331 369 [0]
18 675 [7]
246 446 [8]
272 428 [0]
269 431 [0]
33 660 [7]
98 594 [8]
84 617 [0]
314 387 [0]
271 421 [9]
0 693 [8]
154 540 [7]
18 678 [5]
265 427 [9]
70 627 [4]
53 640 [8]
27 675 [0]
78 620 [4]
13 687 [2]
298 404 [0]
97 605 [0]
96 602 [4]
109 593 [0]
2 699 [2]
13 690 [0]
146 553 [4]
253 443 [7]
7 694 [2]
84 619 [0]
277 426 [0]
270 429 [4]
46 652 [5]
108 595 [0]
70 625 [8]
159 544 [0]
53 651 [0]
56 648 [0]
51 653 [0]
28 668 [8]
75 621 [8]
2 695 [7]
197 503 [4]
198 506 [0]
313 391 [0]
113 587 [4]
124 576 [4]
139 566 [0]
27 678 [0]
4 699 [2]
48 657 [0]
220 481 [4]
21 677 [7]
317 387 [1]
329 377 [0]
4 702 [0]
3 703 [0]
21 685 [0]
163 543 [0]
79 623 [4]
139 559 [8]
313 393 [0]
97 609 [0]
98 604 [4]
243 454 [9]
170 532 [4]
194 506 [6]
106 600 [0]
352 355 [0]
20 687 [0]
176 531 [0]
328 379 [0]
42 657 [8]
25 683 [0]
12 696 [0]
74 626 [8]
57 651 [0]
215 493 [0]
209 490 [9]
282 418 [8]
114 586 [8]
301 407 [0]
306 402 [0]
142 561 [5]
316 388 [4]
278 430 [0]
265 437 [7]
133 572 [4]
143 566 [0]
254 455 [0]
25 682 [2]
44 657 [8]
308 401 [0]
119 587 [4]
101 602 [7]
53 649 [8]
63 639 [8]
2 706 [2]
333 378 [0]
143 568 [0]
28 678 [5]
142 569 [0]
31 672 [8]
119 593 [0]
254 449 [9]
105 600 [7]
10 700 [2]
101 605 [6]
203 502 [8]
114 591 [8]
328 377 [8]
0 711 [2]
137 571 [5]
59 655 [0]
4 710 [0]
73 641 [0]
141 565 [8]
267 447 [0]
89 625 [0]
341 364 [9]
207 507 [0]
126 584 [4]
2 713 [0]
4 711 [0]
36 679 [0]
58 657 [0]
259 452 [4]
104 611 [0]
2 711 [2]
348 359 [8]
3 704 [8]
214 501 [0]
267 448 [0]
36 672 [7]
281 434 [0]
3 710 [2]
93 614 [8]
153 563 [0]
95 621 [0]
263 445 [8]
112 604 [0]
193 519 [4]
31 683 [2]
191 525 [0]
112 597 [7]
331 385 [0]
76 636 [4]
105 605 [6]
165 551 [0]
155 558 [4]
318 399 [0]
233 475 [9]
83 634 [0]
40 670 [7]
106 603 [8]
217 496 [4]
273 444 [0]
166 551 [0]
226 491 [0]
290 423 [4]
1 717 [0]
217 497 [4]
196 522 [0]
131 583 [4]
96 618 [4]
97 617 [4]
39 679 [0]
349 369 [0]
175 543 [0]
147 569 [2]
21 689 [8]
280 434 [4]
47 664 [8]
35 684 [0]
266 453 [0]
26 685 [8]
141 574 [4]
2 715 [2]
54 665 [0]
97 622 [0]
27 684 [8]
144 568 [7]
270 445 [4]
45 675 [0]
186 534 [0]
264 456 [0]
36 677 [7]
74 642 [4]
215 502 [4]
55 666 [0]
170 551 [0]
56 661 [4]
100 617 [4]
180 534 [7]
161 552 [8]
52 667 [2]
250 464 [7]
43 670 [8]
281 441 [0]
147 567 [8]
284 434 [4]
184 538 [0]
75 643 [4]
238 475 [9]
2 712 [8]
83 633 [6]
79 639 [4]
312 411 [0]
2 721 [0]
275 444 [4]
243 473 [7]
213 510 [0]
294 424 [5]
115 600 [8]
6 717 [0]
223 496 [4]
317 397 [9]
86 629 [8]
20 703 [0]
270 453 [0]
79 638 [6]
176 542 [5]
81 642 [0]
250 466 [8]
94 630 [0]
217 503 [4]
29 695 [0]
55 669 [0]
58 658 [8]
11 705 [8]
163 554 [7]
49 671 [4]
277 441 [7]
69 656 [0]
14 703 [8]
220 501 [4]
254 471 [0]
100 625 [0]
320 397 [8]
9 714 [2]
345 380 [0]
114 604 [7]
0 724 [2]
34 692 [0]
213 512 [1]
106 616 [4]
21 697 [8]
40 686 [0]
140 582 [4]
337 389 [0]
83 643 [0]
3 721 [2]
199 527 [0]
315 407 [4]
180 547 [0]
170 557 [0]
341 386 [0]
315 412 [0]
206 512 [9]
360 367 [0]
105 615 [7]
246 482 [0]
0 728 [0]
15 713 [0]
238 490 [0]
104 624 [0]
14 706 [8]
329 392 [7]
308 420 [0]
356 372 [0]
300 428 [0]
151 574 [4]
272 457 [0]
74 651 [4]
134 595 [0]
253 469 [7]
331 398 [0]
216 513 [0]
174 551 [4]
273 450 [6]
69 661 [0]
50 678 [2]
59 671 [0]
321 400 [9]
101 622 [7]
171 559 [0]
193 533 [4]
212 510 [8]
96 626 [8]
221 501 [8]
6 725 [0]
2 729 [0]
128 603 [0]
10 713 [8]
324 407 [0]
255 470 [6]
3 720 [8]
42 681 [8]
280 443 [8]
70 657 [4]
5 719 [8]
314 418 [0]
155 577 [0]
351 381 [0]
168 557 [7]
281 444 [7]
96 632 [4]
179 546 [7]
22 708 [2]
55 671 [7]
1 732 [0]
358 375 [0]
127 606 [0]
246 480 [7]
259 470 [4]
2 723 [8]
130 596 [7]
293 433 [7]
66 660 [8]
26 700 [8]
215 519 [0]
199 531 [4]
291 435 [8]
331 403 [0]
6 720 [8]
167 560 [7]
248 482 [4]
74 661 [0]
48 687 [0]
175 560 [0]
180 555 [0]
200 535 [0]
67 661 [7]
11 722 [2]
220 511 [4]
297 429 [9]
249 477 [9]
70 666 [0]
15 721 [0]
28 708 [0]
130 606 [0]
207 529 [0]
213 515 [8]
183 546 [7]
255 481 [0]
19 715 [2]
340 396 [0]
128 600 [8]
144 592 [0]
264 472 [0]
115 622 [0]
17 720 [0]
80 649 [8]
191 546 [0]
263 467 [7]
318 410 [9]
250 487 [0]
48 681 [8]
281 449 [7]
183 545 [9]
329 402 [6]
41 697 [0]
12 726 [0]
106 628 [4]
227 502 [9]
281 448 [9]
24 706 [8]
49 681 [8]
223 511 [4]
158 580 [0]
59 680 [0]
18 721 [0]
120 615 [4]
182 553 [4]
266 466 [7]
9 722 [8]
59 681 [0]
355 378 [7]
101 632 [7]
20 718 [2]
337 394 [9]
318 414 [8]
289 443 [8]
63 673 [4]
138 598 [4]
45 691 [4]
244 490 [7]
58 683 [0]
2 739 [0]
338 400 [3]
261 473 [7]
2 737 [2]
132 601 [8]
250 491 [0]
183 550 [9]
44 698 [0]
125 613 [4]
167 571 [4]
0 740 [2]
317 416 [9]
36 698 [8]
15 719 [8]
33 710 [0]
307 436 [0]
45 694 [4]
362 381 [0]
298 436 [9]
364 380 [0]
19 725 [0]
26 718 [0]
294 446 [4]
210 534 [0]
2 734 [8]
255 483 [6]
55 690 [0]
31 714 [0]
151 590 [4]
110 631 [4]
100 638 [7]
212 527 [6]
60 683 [2]
238 498 [9]
263 482 [0]
147 590 [8]
283 462 [0]
351 394 [0]
188 551 [6]
64 673 [8]
228 518 [0]
49 697 [0]
44 695 [7]
89 649 [8]
1 737 [8]
219 520 [7]
12 735 [0]
5 742 [0]
160 583 [4]
14 733 [0]
315 432 [0]
131 612 [4]
373 374 [0]
263 484 [0]
201 540 [6]
39 708 [0]
46 701 [0]
213 534 [0]
299 441 [7]
357 390 [0]
44 696 [7]
262 476 [9]
12 728 [8]
4 739 [5]
64 677 [7]
351 389 [8]
6 734 [8]
302 437 [9]
172 571 [5]
341 407 [0]
284 456 [8]
223 518 [7]
341 406 [1]
55 686 [7]
265 484 [0]
92 649 [8]
163 586 [0]
242 507 [0]
112 630 [7]
357 388 [4]
246 503 [0]
163 579 [7]
158 587 [4]
22 720 [8]
147 598 [5]
218 523 [9]
97 654 [0]
15 736 [0]
10 733 [8]
372 379 [0]
170 575 [6]
12 731 [8]
208 534 [9]
70 676 [5]
21 723 [7]
134 610 [7]
278 474 [0]
225 527 [0]
89 659 [4]
262 490 [0]
166 582 [4]
111 638 [4]
130 623 [0]
282 464 [7]
312 441 [0]
336 408 [9]
112 634 [7]
220 529 [4]
201 552 [0]
303 442 [8]
36 709 [8]
51 703 [0]
131 623 [0]
11 735 [8]
63 687 [4]
359 395 [0]
188 560 [6]
25 729 [0]
25 721 [8]
68 686 [0]
121 629 [4]
187 568 [0]
12 743 [0]
107 640 [8]
98 653 [4]
48 699 [8]
153 594 [8]
224 523 [8]
258 497 [0]
282 473 [0]
119 629 [7]
242 514 [0]
21 735 [0]
63 693 [0]
313 443 [0]
279 470 [7]
221 535 [0]
332 420 [4]
366 390 [0]
47 702 [7]
229 527 [0]
235 521 [0]
257 499 [0]
251 501 [4]
250 497 [9]
27 723 [7]
88 669 [0]
197 556 [4]
183 565 [9]
178 570 [9]
187 570 [0]
294 459 [4]
281 470 [6]
376 381 [0]
223 525 [9]
154 596 [7]
217 536 [4]
152 606 [0]
38 720 [0]
18 732 [8]
81 673 [4]
125 629 [4]
108 650 [0]
136 614 [8]
128 622 [8]
238 513 [7]
114 638 [7]
4 755 [0]
77 682 [0]
251 508 [0]
59 696 [4]
263 496 [0]
133 618 [8]
262 488 [9]
314 445 [0]
284 466 [9]
21 731 [7]
198 554 [7]
231 519 [9]
348 412 [0]
33 727 [0]
339 421 [0]
30 723 [7]
255 498 [7]
177 583 [0]
173 581 [7]
321 431 [9]
262 499 [0]
272 489 [0]
4 749 [8]
11 742 [8]
70 683 [8]
153 604 [4]
53 704 [4]
35 727 [0]
328 434 [0]
174 584 [4]
4 758 [0]
80 675 [7]
202 553 [7]
293 463 [7]
365 398 [0]
199 557 [7]
10 745 [8]
235 519 [9]
119 640 [4]
208 552 [4]
54 710 [0]
88 676 [0]
24 738 [2]
52 705 [7]
127 633 [4]
328 436 [0]
22 734 [8]
124 641 [0]
144 621 [0]
21 736 [8]
338 426 [1]
310 446 [9]
269 487 [9]
208 558 [0]
182 584 [0]
5 761 [0]
65 701 [0]
130 632 [4]
95 663 [8]
34 724 [8]
15 743 [8]
164 596 [7]
35 732 [0]
88 679 [0]
13 746 [8]
183 584 [0]
191 576 [0]
192 568 [7]
150 611 [6]
172 591 [4]
279 488 [0]
323 444 [0]
176 592 [0]
36 732 [0]
222 542 [4]
250 510 [8]
30 730 [8]
30 731 [7]
81 687 [0]
7 759 [2]
36 724 [8]
362 406 [0]
227 537 [4]
20 749 [0]
175 590 [4]
1 760 [8]
111 654 [4]
218 544 [7]
289 473 [7]
201 559 [9]
133 637 [0]
74 696 [0]
56 706 [8]
131 633 [6]
365 404 [1]
189 581 [0]
257 512 [1]
380 383 [7]
48 714 [8]
261 509 [0]
52 710 [8]
150 621 [0]
68 703 [0]
310 452 [9]
104 667 [0]
28 735 [8]
191 573 [7]
154 613 [4]
204 558 [9]
105 660 [6]
77 695 [0]
45 727 [0]
167 605 [0]
187 579 [6]
354 410 [8]
47 717 [8]
368 404 [0]
76 688 [8]
366 406 [0]
158 607 [7]
381 391 [0]
4 761 [8]
162 612 [0]
329 445 [0]
30 744 [0]
284 481 [9]
6 760 [8]
106 668 [0]
8 764 [2]
269 496 [9]
128 646 [0]
254 520 [0]
243 525 [7]
18 755 [2]
100 667 [8]
233 542 [0]
244 522 [9]
241 525 [9]
292 483 [0]
204 562 [9]
242 529 [4]
352 421 [2]
280 486 [9]
179 592 [4]
265 501 [9]
120 656 [0]
46 730 [0]
84 692 [0]
102 674 [0]
189 583 [4]
384 392 [0]
327 449 [0]
201 566 [9]
116 652 [8]
9 765 [2]
338 432 [6]
80 688 [8]
165 611 [0]
142 627 [7]
38 730 [8]
363 414 [0]
136 637 [4]
290 478 [9]
218 550 [9]
11 758 [8]
261 507 [9]
31 746 [0]
71 706 [0]
75 702 [0]
82 695 [0]
374 400 [3]
126 651 [0]
203 574 [0]
5 768 [5]
3 767 [8]
6 772 [0]
229 549 [0]
264 514 [0]
1 775 [2]
97 677 [4]
270 504 [4]
116 656 [6]
245 527 [7]
354 425 [0]
65 707 [7]
8 769 [2]
4 767 [8]
384 386 [9]
301 478 [0]
185 587 [7]
274 496 [9]
133 642 [4]
307 472 [0]
297 475 [7]
126 654 [0]
356 424 [0]
42 730 [8]
335 445 [0]
146 634 [0]
288 486 [6]
231 549 [0]
346 434 [0]
295 476 [9]
32 740 [8]
163 610 [7]
326 446 [8]
172 600 [8]
48 733 [0]
75 706 [0]
84 697 [0]
101 680 [0]
65 709 [7]
308 467 [6]
120 654 [7]
164 611 [6]
230 547 [4]
125 656 [0]
153 628 [0]
359 423 [0]
94 684 [4]
281 494 [7]
380 401 [2]
28 755 [0]
172 603 [8]
370 413 [0]
119 657 [7]
373 410 [0]
32 743 [8]
117 666 [0]
223 553 [7]
81 698 [4]
126 650 [7]
288 495 [0]
198 585 [0]
245 531 [7]
376 399 [8]
140 644 [0]
95 689 [0]
171 607 [6]
205 579 [0]
152 628 [4]
162 618 [4]
84 696 [4]
43 739 [2]
31 754 [0]
385 400 [0]
175 606 [4]
315 464 [6]
22 755 [8]
40 737 [8]
36 750 [0]
5 781 [0]
6 780 [0]
375 411 [0]
246 540 [0]
298 488 [0]
152 626 [8]
342 444 [0]
360 426 [0]
255 524 [7]
82 697 [7]
155 624 [7]
338 441 [7]
12 766 [8]
391 395 [0]
62 716 [8]
306 479 [1]
207 580 [0]
53 734 [0]
134 649 [4]
124 663 [0]
38 742 [7]
323 457 [7]
212 575 [0]
278 501 [9]
25 763 [0]
75 709 [4]
71 713 [4]
204 577 [7]
296 491 [1]
385 403 [0]
320 461 [7]
387 401 [0]
6 774 [8]
256 523 [9]
113 668 [7]
35 751 [2]
328 452 [9]
82 707 [0]
352 437 [0]
265 515 [9]
277 506 [6]
87 698 [4]
333 456 [0]
0 784 [5]
63 718 [8]
103 682 [4]
2 785 [2]
301 481 [7]
118 663 [8]
169 612 [8]
128 657 [4]
70 715 [4]
256 524 [9]
236 550 [4]
199 591 [0]
306 484 [0]
76 710 [4]
226 560 [4]
260 523 [7]
205 578 [7]
78 712 [0]
82 708 [0]
6 776 [8]
127 663 [0]
61 725 [4]
368 415 [7]
155 636 [0]
18 768 [5]
42 741 [8]
265 519 [7]
266 525 [0]
353 438 [0]
125 662 [4]
37 750 [4]
215 577 [0]
75 717 [0]
77 711 [4]
138 645 [9]
213 570 [9]
280 505 [7]
127 657 [8]
25 765 [2]
91 697 [4]
363 430 [0]
278 515 [0]
274 513 [6]
180 613 [0]
278 514 [1]
255 532 [6]
302 485 [6]
247 539 [7]
183 610 [0]
11 783 [0]
102 692 [0]
62 732 [0]
229 565 [0]
229 556 [9]
17 775 [2]
122 672 [0]
147 639 [8]
365 420 [9]
244 543 [7]
152 642 [0]
373 415 [6]
160 634 [0]
339 455 [0]
25 761 [8]
359 429 [7]
129 662 [4]
235 553 [7]
292 499 [4]
53 742 [0]
63 732 [0]
25 768 [2]
4 789 [2]
203 593 [0]
354 442 [0]
283 512 [1]
43 753 [0]
334 462 [0]
394 395 [7]
124 665 [7]
23 774 [0]
4 793 [0]
27 768 [2]
315 475 [7]
87 706 [4]
395 402 [0]
8 781 [8]
77 720 [0]
22 773 [2]
130 660 [7]
218 579 [0]
344 444 [9]
219 572 [6]
146 651 [0]
106 683 [8]
66 724 [7]
28 762 [8]
288 504 [6]
3 787 [8]
330 468 [0]
323 466 [9]
151 643 [4]
21 775 [2]
371 424 [3]
12 784 [2]
107 687 [4]
12 778 [8]
363 428 [7]
399 400 [0]
229 570 [0]
304 489 [6]
128 663 [8]
95 700 [4]
29 766 [4]
58 734 [7]
18 782 [0]
216 577 [7]
134 666 [0]
161 639 [0]
253 546 [1]
1 791 [8]
173 627 [0]
281 513 [6]
63 733 [4]
312 488 [0]
368 432 [0]
153 641 [6]
17 776 [8]
269 525 [7]
261 540 [0]
88 707 [6]
321 473 [7]
361 440 [0]
234 560 [7]
184 610 [7]
131 670 [0]
297 497 [7]
347 454 [0]
124 673 [4]
1 792 [8]
24 769 [8]
19 774 [8]
26 776 [0]
190 612 [0]
118 680 [4]
32 768 [2]
156 639 [7]
288 514 [0]
372 430 [0]
38 757 [7]
213 589 [0]
247 555 [0]
129 668 [6]
62 741 [0]
181 616 [6]
112 684 [7]
51 748 [4]
280 515 [8]
125 672 [6]
138 658 [7]
45 754 [4]
144 660 [0]
8 796 [0]
390 405 [9]
278 520 [6]
309 486 [9]
111 693 [0]
253 542 [9]
241 554 [9]
354 441 [9]
152 648 [4]
40 758 [7]
36 769 [0]
20 777 [8]
206 599 [0]
181 620 [4]
255 544 [6]
223 582 [0]
345 453 [7]
289 507 [9]
17 780 [8]
240 566 [0]
261 545 [0]
70 732 [4]
66 740 [0]
251 548 [7]
112 687 [7]
266 533 [7]
186 616 [4]
231 568 [7]
148 658 [0]
66 738 [2]
348 449 [9]
313 493 [0]
162 645 [0]
222 579 [6]
252 549 [6]
387 420 [0]
156 644 [7]
275 528 [4]
399 402 [6]
234 565 [9]
65 743 [0]
70 734 [4]
287 517 [4]
12 789 [7]
164 640 [4]
211 597 [0]
68 736 [4]
276 523 [9]
294 511 [4]
43 766 [0]
229 580 [0]
229 574 [6]
329 472 [8]
260 543 [6]
195 607 [7]
96 709 [4]
174 628 [7]
72 738 [0]
41 769 [0]
37 765 [8]
42 768 [0]
70 736 [4]
96 714 [0]
404 406 [0]
239 562 [9]
258 552 [0]
14 789 [7]
340 470 [0]
397 413 [0]
359 451 [0]
210 601 [0]
364 447 [0]
56 748 [7]
9 795 [7]
223 584 [4]
132 675 [4]
372 432 [7]
121 687 [4]
217 595 [0]
229 577 [6]
387 417 [8]
260 545 [7]
133 675 [4]
257 549 [6]
301 505 [6]
73 733 [7]
84 729 [0]
314 499 [0]
338 475 [0]
376 437 [0]
42 772 [0]
397 417 [0]
27 779 [8]
358 456 [0]
226 581 [7]
190 624 [0]
372 434 [8]
241 573 [0]
26 781 [7]
331 483 [0]
346 468 [0]
62 744 [8]
267 548 [0]
169 646 [0]
144 664 [7]
364 451 [0]
378 437 [0]
92 715 [8]
301 514 [0]
302 504 [9]
64 744 [7]
126 685 [4]
199 617 [0]
76 740 [0]
100 716 [0]
26 783 [7]
9 799 [8]
165 652 [0]
324 493 [0]
386 423 [8]
401 416 [0]
389 421 [7]
272 546 [0]
208 603 [7]
187 624 [7]
209 602 [7]
64 750 [4]
170 642 [6]
117 698 [4]
21 798 [0]
314 505 [0]
49 766 [4]
216 594 [9]
21 790 [8]
16 798 [5]
185 627 [7]
37 783 [0]
225 589 [6]
240 577 [3]
330 483 [7]
358 457 [6]
328 493 [0]
22 799 [0]
70 747 [4]
97 720 [4]
92 721 [8]
245 576 [0]
363 458 [0]
290 531 [0]
67 746 [8]
375 440 [7]
28 787 [7]
120 696 [6]
75 743 [4]
314 502 [6]
56 766 [0]
20 794 [8]
113 702 [7]
24 796 [2]
269 548 [6]
298 518 [7]
188 629 [6]
267 556 [0]
300 515 [8]
85 738 [0]
43 772 [8]
382 434 [7]
201 615 [7]
117 706 [0]
150 674 [0]
245 572 [7]
123 694 [7]
192 632 [0]
234 590 [0]
386 430 [8]
410 414 [0]
274 543 [7]
169 656 [0]
387 438 [0]
397 424 [4]
203 614 [8]
209 616 [0]
284 541 [0]
158 660 [7]
218 608 [0]
191 628 [7]
48 771 [7]
391 435 [0]
122 697 [7]
161 658 [7]
149 673 [4]
286 540 [0]
251 575 [0]
105 715 [7]
139 680 [8]
76 747 [4]
95 732 [0]
230 590 [7]
304 515 [8]
118 709 [0]
172 655 [0]
120 700 [7]
176 647 [4]
174 649 [4]
159 669 [0]
97 731 [0]
161 667 [0]
169 659 [0]
252 575 [1]
278 544 [6]
208 620 [0]
26 795 [7]
102 722 [4]
59 762 [7]
60 761 [7]
179 641 [9]
162 663 [4]
411 418 [0]
401 422 [6]
312 510 [7]
182 641 [6]
163 662 [4]
30 792 [7]
159 666 [4]
66 756 [8]
170 653 [7]
377 453 [0]
56 770 [4]
176 654 [0]
56 767 [7]
326 495 [9]
322 500 [8]
292 539 [0]
120 711 [0]
46 777 [8]
171 660 [0]
236 595 [0]
81 746 [4]
236 588 [7]
120 705 [6]
293 531 [7]
204 620 [7]
389 434 [8]
194 636 [1]
41 782 [8]
33 799 [0]
368 464 [0]
46 786 [0]
307 518 [7]
361 470 [1]
115 717 [0]
315 509 [8]
36 789 [7]
326 497 [9]
397 426 [9]
148 676 [8]
90 740 [2]
49 779 [4]
88 745 [0]
43 790 [0]
59 770 [4]
145 681 [7]
98 729 [6]
201 632 [0]
410 423 [0]
254 579 [0]
201 625 [7]
221 608 [4]
220 606 [7]
159 675 [0]
139 695 [0]
159 667 [8]
249 579 [6]
187 641 [6]
45 785 [4]
288 547 [0]
49 786 [0]
408 427 [0]
276 550 [9]
261 565 [9]
392 443 [0]
137 698 [0]
356 473 [6]
77 754 [4]
282 546 [7]
183 652 [0]
280 555 [0]
140 696 [0]
173 663 [0]
180 656 [0]
260 575 [1]
372 456 [8]
42 787 [7]
342 486 [9]
91 746 [0]
72 758 [7]
261 576 [0]
277 560 [0]
40 790 [7]
38 792 [7]
293 544 [0]
85 748 [4]
119 712 [6]
376 462 [0]
73 761 [4]
407 431 [0]
144 687 [7]
400 433 [5]
301 528 [9]
284 545 [9]
106 728 [4]
167 667 [4]
175 664 [0]
401 432 [6]
162 670 [7]
394 438 [7]
132 707 [0]
62 770 [7]
243 596 [0]
41 791 [7]
123 713 [4]
139 701 [0]
352 485 [3]
336 497 [7]
110 726 [4]
307 533 [0]
107 734 [0]
118 719 [4]
240 600 [1]
184 658 [0]
109 726 [7]
198 644 [0]
333 509 [0]
150 686 [6]
407 426 [9]
90 745 [8]
143 700 [0]
55 788 [0]
239 604 [0]
254 589 [0]
298 545 [0]
88 751 [4]
136 700 [7]
397 438 [8]
57 787 [0]
195 649 [0]
114 723 [7]
196 648 [0]
249 595 [0]
335 509 [0]
147 693 [4]
406 429 [9]
186 650 [8]
378 462 [4]
194 651 [0]
231 608 [6]
343 495 [7]
206 632 [7]
145 694 [6]
186 660 [0]
54 792 [0]
351 495 [0]
406 440 [0]
97 745 [4]
405 441 [0]
311 536 [0]
134 713 [0]
353 487 [7]
66 773 [8]
178 669 [0]
203 644 [0]
269 572 [6]
246 596 [6]
59 789 [0]
377 471 [0]
349 499 [0]
415 433 [0]
284 565 [0]
198 651 [0]
205 637 [7]
363 477 [9]
414 428 [7]
211 631 [7]
123 719 [7]
350 499 [0]
316 526 [7]
371 478 [0]
244 606 [0]
91 751 [8]
409 434 [7]
416 431 [3]
335 512 [3]
296 554 [1]
178 673 [0]
338 513 [0]
200 645 [6]
310 534 [7]
157 690 [4]
171 674 [6]
121 726 [4]
211 634 [7]
386 462 [4]
268 576 [8]
370 482 [0]
54 796 [2]
392 454 [6]
367 479 [7]
164 689 [0]
215 634 [4]
82 771 [0]
146 700 [7]
243 610 [0]
358 488 [7]
129 721 [4]
61 793 [0]
74 776 [4]
194 659 [1]
289 565 [0]
294 553 [7]
334 511 [9]
210 638 [6]
58 788 [8]
394 461 [0]
78 777 [0]
167 688 [0]
395 460 [0]
75 776 [4]
322 526 [7]
389 459 [7]
325 530 [0]
304 544 [7]
187 669 [0]
103 753 [0]
154 702 [0]
139 710 [7]
89 763 [4]
64 784 [8]
93 757 [6]
289 558 [9]
344 505 [7]
329 527 [1]
99 758 [0]
281 576 [0]
272 582 [3]
382 476 [0]
272 583 [3]
279 571 [8]
244 608 [6]
187 664 [7]
216 636 [6]
424 435 [0]
170 682 [7]
145 714 [0]
296 556 [7]
213 639 [7]
223 636 [0]
274 585 [0]
52 799 [8]
202 650 [7]
344 516 [0]
174 686 [0]
72 781 [7]
350 510 [0]
339 520 [1]
105 749 [6]
397 457 [6]
360 500 [0]
426 431 [3]
258 596 [6]
307 554 [0]
316 537 [8]
232 623 [7]
217 645 [0]
213 640 [9]
107 755 [0]
115 747 [0]
423 433 [6]
230 623 [9]
105 758 [0]
240 623 [0]
112 745 [6]
247 612 [4]
263 600 [0]
78 778 [7]
111 753 [0]
96 768 [0]
322 533 [9]
301 556 [7]
127 737 [0]
318 537 [9]
412 445 [7]
192 663 [9]
160 704 [0]
350 508 [6]
258 599 [7]
184 673 [7]
367 490 [7]
291 567 [6]
198 667 [0]
87 778 [0]
89 776 [0]
288 577 [0]
243 616 [6]
162 699 [4]
328 538 [0]
167 699 [0]
82 784 [0]
250 616 [0]
131 729 [6]
362 497 [7]
372 494 [0]
145 712 [9]
121 746 [0]
205 662 [0]
399 468 [0]
189 672 [6]
104 759 [4]
336 523 [9]
338 530 [0]
390 471 [7]
103 759 [6]
250 619 [0]
91 778 [0]
170 693 [6]
160 702 [7]
354 515 [0]
167 693 [9]
424 446 [0]
242 619 [9]
71 795 [4]
405 459 [6]
181 682 [7]
83 780 [7]
203 664 [4]
133 738 [0]
179 683 [9]
163 708 [0]
73 794 [4]
174 697 [0]
304 560 [7]
334 528 [9]
83 781 [7]
166 706 [0]
73 799 [0]
405 458 [9]
300 566 [6]
79 786 [7]
411 455 [6]
112 756 [4]
392 474 [6]
256 609 [7]
164 701 [7]
370 502 [0]
273 593 [6]
168 705 [0]
137 736 [0]
353 511 [9]
201 672 [0]
345 528 [0]
82 787 [4]
81 784 [8]
203 671 [0]
307 567 [0]
409 465 [0]
207 661 [6]
305 569 [0]
381 484 [9]
289 586 [0]
399 469 [7]
295 574 [6]
383 492 [0]
336 532 [7]
419 456 [0]
148 728 [0]
127 741 [8]
117 755 [4]
189 680 [7]
122 747 [7]
169 700 [7]
93 779 [4]
269 600 [7]
299 578 [0]
140 737 [0]
226 651 [0]
335 536 [6]
321 552 [4]
396 481 [0]
79 792 [6]
344 526 [7]
138 733 [6]
98 780 [0]
220 658 [0]
133 746 [0]
171 708 [0]
434 436 [9]
194 679 [6]
342 529 [8]
82 790 [7]
145 735 [0]
419 461 [0]
132 744 [4]
82 791 [7]
387 486 [7]
80 793 [7]
165 716 [0]
129 752 [0]
356 516 [9]
117 760 [4]
298 577 [6]
269 606 [6]
200 675 [6]
227 645 [9]
214 668 [0]
229 653 [0]
191 684 [7]
114 761 [7]
164 719 [0]
150 729 [4]
105 772 [6]
103 774 [6]
390 484 [9]
278 605 [0]
188 694 [1]
409 474 [0]
143 741 [0]
237 647 [0]
296 588 [0]
218 660 [6]
173 705 [6]
167 708 [9]
318 560 [6]
121 764 [0]
108 773 [4]
292 586 [7]
237 642 [6]
205 673 [7]
270 608 [7]
276 602 [7]
147 739 [0]
157 729 [0]
170 716 [0]
188 698 [0]
172 710 [4]
167 720 [0]
92 788 [7]
361 525 [1]
120 760 [7]
390 488 [9]
285 603 [0]
438 443 [7]
237 645 [6]
314 575 [0]
318 571 [0]
434 455 [0]
198 684 [7]
369 511 [9]
249 634 [6]
370 513 [6]
336 554 [0]
230 661 [0]
131 753 [7]
363 521 [7]
255 633 [3]
228 657 [7]
162 730 [0]
345 546 [1]
352 539 [1]
243 640 [9]
203 685 [4]
309 577 [6]
415 478 [0]
266 627 [0]
268 619 [6]
268 621 [4]
239 647 [7]
404 489 [0]
156 731 [6]
233 653 [7]
428 458 [7]
319 568 [7]
295 592 [7]
99 788 [7]
257 630 [7]
116 771 [7]
183 712 [0]
202 693 [0]
332 563 [0]
184 705 [6]
169 722 [4]
179 717 [0]
209 687 [0]
266 630 [0]
157 733 [6]
431 460 [5]
96 793 [7]
163 734 [0]
126 771 [0]
269 628 [0]
130 761 [6]
253 643 [1]
439 458 [0]
348 549 [0]
119 771 [7]
301 597 [0]
218 680 [0]
203 695 [0]
423 469 [6]
304 587 [7]
387 505 [6]
322 575 [1]
394 504 [0]
135 764 [0]
204 695 [0]
259 640 [0]
430 469 [0]
215 676 [8]
320 573 [6]
308 585 [6]
172 728 [0]
336 564 [0]
449 451 [0]
384 516 [0]
153 739 [8]
411 490 [0]
285 609 [7]
313 580 [8]
152 742 [7]
272 627 [3]
125 771 [6]
141 761 [0]
433 469 [0]
114 781 [7]
241 661 [0]
313 582 [7]
172 726 [4]
222 673 [7]
335 562 [6]
173 730 [0]
108 795 [0]
260 642 [1]
393 510 [0]
149 748 [6]
208 686 [9]
104 795 [4]
224 672 [7]
197 701 [6]
377 521 [6]
149 755 [0]
103 797 [4]
442 462 [0]
251 646 [7]
339 564 [1]
391 507 [6]
200 705 [0]
265 640 [0]
168 737 [0]
155 743 [7]
138 758 [9]
212 693 [0]
312 593 [0]
357 548 [0]
365 540 [0]
334 572 [0]
387 513 [6]
237 662 [7]
150 753 [4]
142 765 [0]
319 588 [0]
438 463 [6]
278 628 [1]
288 616 [3]
253 653 [1]
192 716 [0]
412 496 [0]
313 588 [7]
226 682 [0]
249 659 [0]
191 708 [9]
302 606 [0]
400 508 [0]
433 475 [0]
224 680 [4]
355 547 [6]
257 645 [6]
297 606 [6]
451 458 [0]
245 657 [7]
188 720 [1]
337 572 [0]
443 466 [0]
330 574 [6]
134 769 [7]
175 729 [6]
421 490 [0]
167 744 [0]
182 723 [6]
117 790 [4]
284 620 [7]
374 528 [9]
386 518 [7]
137 775 [0]
290 616 [6]
177 735 [0]
252 659 [1]
348 564 [0]
353 559 [0]
300 611 [1]
446 466 [0]
151 762 [0]
218 695 [0]
319 594 [0]
202 705 [6]
140 774 [0]
171 737 [6]
134 774 [6]
141 774 [0]
238 671 [6]
416 492 [7]
258 650 [7]
333 581 [1]
430 479 [6]
132 779 [4]
323 586 [6]
221 687 [7]
440 468 [7]
140 770 [6]
289 627 [0]
134 782 [0]
238 672 [6]
164 752 [0]
252 658 [6]
427 489 [0]
390 527 [0]
130 787 [0]
361 556 [0]
454 456 [7]
232 679 [6]
282 628 [7]
363 547 [7]
267 644 [6]
187 724 [6]
126 785 [6]
453 456 [9]
286 625 [7]
265 647 [6]
437 481 [0]
392 525 [1]
175 736 [7]
120 799 [0]
149 770 [0]
345 573 [1]
257 662 [0]
262 657 [0]
298 621 [0]
193 720 [6]
243 670 [6]
346 567 [6]
140 772 [7]
308 612 [0]
278 642 [0]
277 637 [6]
137 779 [4]
232 682 [6]
314 600 [6]
246 668 [6]
337 578 [6]
163 758 [0]
429 492 [0]
165 756 [0]
262 652 [7]
176 745 [0]
151 763 [7]
309 611 [1]
450 472 [0]
457 465 [0]
126 796 [0]
384 538 [0]
260 655 [7]
268 650 [4]
249 666 [7]
194 722 [6]
390 525 [7]
413 508 [1]
161 762 [0]
311 612 [0]
331 592 [0]
369 554 [0]
438 485 [0]
367 547 [9]
153 763 [7]
324 592 [7]
286 638 [0]
442 482 [0]
160 764 [0]
447 468 [9]
290 634 [0]
310 615 [0]
222 703 [0]
376 549 [0]
238 686 [1]
227 691 [7]
332 594 [0]
334 592 [0]
373 553 [0]
192 725 [9]
240 687 [0]
421 506 [0]
366 561 [0]
440 487 [0]
231 690 [6]
301 621 [6]
364 564 [0]
147 777 [4]
380 548 [0]
145 777 [6]
412 516 [0]
356 565 [7]
130 799 [0]
132 797 [0]
289 640 [0]
387 542 [0]
405 524 [0]
423 506 [0]
269 661 [0]
192 732 [6]
184 746 [0]
146 778 [6]
283 647 [0]
367 556 [7]
383 547 [0]
312 618 [0]
165 759 [6]
372 558 [0]
275 656 [0]
239 686 [6]
314 617 [0]
312 616 [3]
298 627 [6]
398 526 [7]
232 692 [7]
430 502 [0]
186 742 [4]
267 664 [1]
189 736 [7]
319 606 [7]
154 771 [7]
128 796 [8]
384 549 [0]
145 788 [0]
263 670 [0]
359 574 [0]
443 489 [1]
282 644 [7]
159 767 [7]
372 552 [9]
393 541 [0]
319 615 [0]
292 633 [9]
366 568 [0]
219 708 [7]
405 523 [6]
205 722 [7]
166 761 [7]
462 473 [0]
342 584 [9]
243 685 [7]
329 600 [6]
327 608 [1]
330 605 [1]
356 574 [6]
396 534 [6]
149 788 [0]
220 717 [0]
393 538 [6]
408 529 [0]
436 501 [0]
181 750 [6]
164 766 [7]
291 639 [7]
317 613 [7]
444 494 [0]
265 672 [1]
439 499 [0]
452 486 [0]
369 562 [7]
264 667 [7]
311 621 [6]
156 775 [7]
255 684 [0]
378 561 [0]
195 737 [7]
151 784 [4]
184 749 [6]
441 498 [0]
244 694 [1]
141 799 [0]
143 797 [0]
425 515 [0]
192 741 [7]
403 537 [0]
232 703 [6]
250 691 [0]
191 744 [6]
283 658 [0]
190 742 [9]
429 512 [0]
148 787 [6]
171 764 [6]
144 798 [0]
341 601 [0]
420 522 [0]
150 788 [4]
163 772 [7]
156 787 [0]
204 739 [0]
463 480 [0]
279 655 [9]
458 478 [7]
394 546 [3]
144 796 [4]
152 788 [4]
294 641 [9]
240 701 [3]
374 571 [0]
347 598 [0]
141 796 [8]
426 519 [0]
445 500 [0]
176 765 [4]
401 538 [6]
275 661 [9]
310 626 [9]
325 613 [7]
173 765 [7]
415 527 [3]
153 786 [7]
464 482 [0]
207 733 [6]
180 760 [6]
233 707 [6]
256 684 [6]
168 779 [0]
253 694 [0]
321 626 [0]
305 641 [1]
466 480 [1]
275 673 [0]
215 726 [7]
312 630 [6]
293 648 [7]
186 763 [0]
173 769 [7]
471 478 [0]
163 780 [6]
395 547 [7]
216 728 [6]
163 781 [6]
200 744 [6]
385 559 [6]
419 531 [0]
315 636 [0]
285 665 [1]
418 533 [0]
158 786 [7]
179 768 [4]
159 786 [7]
352 599 [1]
439 512 [1]
205 748 [0]
164 782 [7]
395 557 [1]
434 513 [6]
459 495 [0]
416 538 [0]
182 772 [0]
236 712 [6]
334 619 [1]
271 683 [0]
311 642 [1]
364 589 [1]
326 619 [9]
354 601 [0]
333 619 [3]
427 528 [0]
410 538 [7]
204 752 [0]
232 718 [6]
416 534 [6]
459 497 [0]
215 737 [4]
197 750 [9]
301 656 [0]
446 511 [0]
205 746 [6]
382 572 [3]
263 693 [1]
225 726 [6]
456 495 [6]
425 533 [0]
447 511 [0]
219 733 [6]
379 571 [8]
156 793 [9]
398 561 [0]
227 723 [9]
417 542 [0]
469 490 [0]
171 782 [6]
471 482 [6]
445 515 [0]
478 482 [0]
167 787 [6]
268 686 [6]
164 797 [0]
250 711 [0]
309 652 [0]
423 538 [0]
235 725 [1]
274 686 [1]
198 757 [6]
282 680 [0]
318 644 [0]
161 792 [9]
208 748 [6]
430 526 [6]
327 636 [0]
328 635 [0]
230 726 [7]
250 704 [9]
306 654 [3]
229 725 [9]
455 506 [3]
180 784 [0]
206 758 [0]
240 724 [0]
425 530 [9]
293 665 [6]
460 504 [0]
287 671 [6]
429 535 [0]
259 706 [0]
329 636 [0]
354 611 [0]
405 560 [0]
464 501 [0]
472 493 [0]
224 742 [0]
249 717 [0]
342 624 [0]
208 759 [0]
375 591 [1]
220 747 [0]
243 724 [0]
320 647 [0]
312 649 [6]
422 545 [0]
439 521 [7]
260 706 [1]
342 626 [0]
319 643 [6]
355 613 [0]
190 779 [0]
204 765 [0]
366 597 [6]
391 577 [1]
468 492 [9]
201 762 [6]
439 531 [0]
301 668 [1]
210 753 [7]
248 716 [6]
297 674 [0]
243 728 [0]
253 718 [0]
371 600 [0]
295 670 [6]
475 497 [0]
329 637 [6]
167 799 [6]
397 574 [1]
385 586 [1]
273 698 [1]
440 533 [0]
326 647 [0]
182 791 [0]
451 516 [6]
344 629 [0]
329 641 [3]
368 604 [1]
204 763 [6]
276 688 [9]
201 765 [7]
304 664 [6]
437 530 [7]
342 625 [7]
325 644 [6]
361 614 [0]
338 637 [0]
243 726 [6]
221 747 [7]
259 709 [7]
365 611 [0]
294 678 [4]
404 572 [0]
343 627 [6]
450 526 [0]
373 597 [6]
274 701 [1]
204 773 [0]
290 687 [0]
281 696 [0]
335 642 [0]
238 733 [6]
399 577 [1]
448 529 [0]
343 633 [1]
302 667 [9]
229 749 [0]
282 689 [7]
322 650 [6]
376 602 [0]
422 556 [0]
311 668 [0]
255 723 [1]
265 713 [1]
371 605 [3]
342 631 [6]
192 788 [0]
349 631 [0]
441 539 [0]
263 716 [1]
289 692 [0]
218 757 [6]
198 777 [6]
376 599 [6]
256 719 [6]
475 507 [0]
286 690 [6]
221 754 [7]
208 775 [0]
316 667 [0]
404 579 [0]
448 535 [0]
396 580 [7]
369 608 [6]
375 607 [1]
241 743 [0]
373 611 [0]
391 587 [6]
438 537 [9]
326 649 [9]
463 522 [0]
205 773 [7]
194 784 [7]
246 740 [0]
219 767 [0]
389 591 [6]
327 656 [3]
408 577 [1]
488 498 [0]
219 766 [1]
326 651 [9]
219 768 [0]
285 702 [0]
464 522 [1]
347 639 [1]
478 509 [0]
368 612 [7]
456 525 [6]
263 718 [6]
364 623 [0]
390 597 [0]
253 733 [1]
272 713 [3]
190 798 [0]
239 749 [0]
283 704 [1]
296 692 [0]
385 603 [0]
448 539 [1]
372 610 [6]
415 573 [0]
358 629 [1]
474 514 [0]
308 679 [1]
196 793 [0]
262 727 [0]
292 690 [7]
231 752 [6]
467 523 [0]
284 700 [6]
263 728 [0]
362 629 [0]
392 596 [3]
454 538 [0]
387 604 [1]
270 716 [6]
210 775 [7]
423 561 [8]
295 696 [1]
411 582 [0]
276 711 [6]
391 603 [0]
472 522 [0]
229 759 [6]
460 528 [6]
308 685 [1]
297 691 [6]
490 498 [6]
209 786 [0]
289 706 [0]
470 525 [0]
269 725 [1]
298 698 [0]
222 775 [0]
240 754 [3]
243 749 [6]
461 530 [7]
193 799 [6]
434 565 [0]
471 528 [0]
197 798 [4]
418 582 [0]
224 776 [0]
477 523 [0]
355 642 [3]
450 550 [0]
220 773 [7]
452 542 [6]
362 632 [6]
429 565 [6]
230 764 [6]
249 752 [0]
290 711 [0]
302 693 [6]
396 599 [6]
312 683 [6]
397 605 [0]
419 583 [0]
218 778 [6]
433 570 [0]
467 536 [0]
481 521 [1]
310 687 [6]
356 640 [7]
239 765 [0]
308 696 [0]
315 689 [0]
430 573 [1]
246 749 [9]
301 703 [1]
464 541 [0]
439 560 [6]
216 783 [6]
223 783 [0]
418 588 [0]
466 539 [1]
398 607 [1]
244 762 [1]
338 663 [6]
239 762 [6]
247 751 [9]
412 595 [1]
439 569 [0]
238 770 [0]
462 540 [6]
303 699 [6]
255 752 [1]
302 705 [1]
372 630 [6]
245 764 [0]
268 741 [0]
235 774 [0]
492 511 [6]
214 789 [6]
473 535 [1]
320 683 [6]
345 661 [3]
325 685 [0]
289 722 [0]
316 688 [7]
422 586 [3]
439 566 [6]
264 747 [1]
249 763 [0]
319 693 [0]
321 691 [0]
378 628 [6]
265 738 [9]
499 512 [1]
497 509 [6]
222 791 [0]
294 719 [0]
442 571 [0]
343 669 [1]
284 730 [0]
319 695 [0]
427 586 [1]
348 660 [6]
228 779 [7]
219 794 [1]
336 679 [0]
434 581 [0]
501 513 [1]
485 529 [1]
278 736 [1]
496 519 [0]
378 638 [0]
477 539 [0]
501 515 [0]
481 529 [6]
384 633 [0]
483 534 [0]
273 745 [0]
423 595 [0]
493 525 [0]
455 563 [0]
501 510 [7]
383 636 [0]
254 759 [6]
363 650 [6]
315 698 [6]
274 746 [0]
293 727 [0]
352 668 [0]
296 723 [1]
469 548 [3]
237 784 [0]
386 635 [0]
450 571 [0]
287 725 [9]
300 715 [6]
367 648 [6]
440 582 [0]
465 554 [3]
368 648 [6]
417 604 [1]
361 659 [3]
247 777 [0]
433 591 [0]
447 577 [0]
484 540 [0]
440 581 [3]
404 619 [1]
261 756 [7]
351 674 [0]
309 710 [6]
481 541 [3]
291 728 [6]
417 605 [3]
424 595 [6]
372 654 [0]
413 613 [0]
301 724 [1]
278 747 [1]
389 631 [6]
472 554 [1]
500 521 [6]
329 699 [0]
299 728 [1]
441 586 [1]
282 738 [8]
257 772 [0]
350 679 [0]
422 604 [3]
257 765 [7]
267 756 [6]
389 634 [6]
260 770 [0]
468 562 [0]
276 745 [9]
277 750 [3]
423 608 [0]
317 713 [1]
502 530 [0]
510 522 [0]
256 770 [6]
448 583 [1]
421 608 [3]
273 760 [0]
238 790 [6]
251 776 [7]
280 748 [6]
475 557 [3]
365 669 [1]
337 698 [0]
418 617 [0]
451 584 [0]
317 717 [1]
287 741 [7]
489 546 [0]
417 619 [0]
494 541 [1]
377 656 [3]
361 674 [1]
462 575 [0]
399 632 [6]
467 567 [3]
365 666 [6]
481 556 [0]
423 611 [3]
396 642 [0]
284 748 [6]
449 588 [1]
298 741 [0]
373 666 [0]
461 569 [9]
504 529 [6]
505 534 [0]
455 581 [3]
243 790 [6]
364 676 [0]
463 572 [5]
333 704 [3]
393 646 [1]
418 623 [0]
486 555 [0]
473 568 [0]
387 648 [6]
356 676 [9]
264 776 [1]
423 618 [1]
467 576 [0]
355 688 [0]
319 724 [0]
384 659 [0]
341 701 [1]
246 791 [6]
312 732 [0]
337 707 [0]
503 535 [6]
438 605 [1]
472 566 [6]
271 767 [6]
427 617 [1]
350 688 [7]
302 737 [6]
339 703 [3]
288 754 [3]
463 583 [0]
256 790 [0]
327 719 [0]
469 577 [0]
515 525 [6]
385 655 [6]
455 588 [3]
255 790 [1]
288 759 [0]
335 712 [0]
470 571 [6]
370 677 [0]
425 622 [0]
468 579 [0]
481 565 [1]
295 746 [6]
259 782 [6]
245 797 [6]
376 672 [0]
408 639 [1]
368 680 [1]
398 644 [7]
375 667 [7]
379 669 [1]
277 771 [1]
507 543 [0]
323 721 [6]
402 648 [0]
413 636 [1]
514 535 [1]
482 561 [8]
465 583 [3]
501 544 [6]
513 539 [0]
313 730 [9]
523 524 [6]
517 536 [0]
461 593 [0]
411 637 [6]
430 618 [6]
259 796 [0]
390 665 [0]
396 659 [0]
275 773 [7]
352 700 [3]
437 619 [0]
270 779 [7]
499 550 [7]
508 547 [1]
444 612 [0]
482 575 [0]
366 691 [0]
326 731 [0]
439 618 [0]
509 548 [0]
346 710 [1]
496 555 [6]
377 679 [1]
260 798 [0]
382 676 [0]
379 673 [6]
526 532 [0]
267 792 [0]
474 585 [0]
449 609 [1]
506 553 [0]
319 731 [9]
276 784 [0]
472 588 [0]
281 778 [1]
305 754 [1]
361 698 [1]
411 650 [0]
376 679 [6]
339 719 [3]
287 775 [0]
314 748 [0]
473 589 [0]
454 605 [3]
412 651 [0]
473 590 [0]
346 716 [1]
368 694 [1]
291 766 [6]
374 686 [3]
347 717 [0]
484 580 [0]
471 593 [0]
386 677 [1]
317 746 [1]
283 775 [6]
324 741 [0]
330 735 [0]
495 570 [0]
458 608 [0]
269 797 [0]
477 586 [3]
335 728 [3]
374 691 [1]
471 594 [1]
448 612 [6]
413 654 [0]
343 723 [1]
422 644 [1]
296 770 [1]
488 580 [0]
394 671 [3]
523 544 [1]
461 605 [3]
302 762 [6]
399 670 [1]
408 663 [0]
519 552 [0]
421 645 [5]
517 555 [0]
308 761 [3]
358 715 [0]
453 613 [7]
332 735 [6]
282 785 [6]
409 662 [3]
441 632 [1]
350 718 [6]
419 650 [5]
363 712 [0]
370 705 [0]
422 653 [0]
529 546 [0]
368 704 [3]
307 767 [1]
456 613 [6]
341 735 [0]
523 554 [0]
456 614 [7]
489 585 [3]
524 547 [6]
288 786 [3]
405 670 [3]
509 568 [1]
352 727 [0]
377 702 [0]
537 542 [0]
289 791 [0]
493 587 [0]
354 725 [1]
386 695 [0]
483 598 [0]
460 620 [1]
374 704 [3]
523 559 [0]
528 554 [0]
424 652 [6]
532 550 [0]
392 689 [1]
329 750 [3]
353 730 [0]
482 601 [0]
484 599 [0]
401 681 [1]
337 745 [1]
418 664 [1]
521 562 [0]
297 787 [0]
421 663 [0]
374 709 [1]
377 706 [1]
533 545 [6]
284 794 [6]
481 604 [0]
487 598 [0]
326 750 [9]
291 793 [1]
308 774 [3]
347 737 [1]
521 565 [0]
326 751 [9]
358 725 [3]
397 689 [1]
432 655 [0]
323 763 [1]
410 675 [3]
524 563 [1]
325 762 [1]
371 718 [1]
510 580 [0]
324 766 [0]
477 613 [0]
476 614 [0]
492 597 [1]
431 659 [0]
323 768 [0]
499 592 [0]
299 791 [1]
363 729 [0]
473 619 [0]
443 650 [0]
460 632 [1]
305 787 [1]
416 678 [0]
495 596 [3]
369 724 [1]
416 679 [0]
430 665 [0]
385 709 [1]
489 606 [0]
387 707 [1]
474 621 [0]
420 676 [0]
455 641 [0]
319 768 [9]
451 644 [1]
462 633 [1]
441 656 [0]
309 787 [1]
530 567 [0]
292 796 [9]
519 578 [1]
371 726 [1]
348 749 [1]
367 732 [0]
430 668 [1]
304 796 [0]
434 665 [1]
401 696 [3]
473 624 [3]
397 702 [1]
353 747 [1]
443 652 [6]
430 671 [1]
503 598 [1]
506 591 [5]
313 789 [0]
412 690 [0]
480 622 [0]
419 674 [9]
457 644 [1]
310 793 [0]
350 753 [0]
357 745 [1]
474 630 [0]
385 718 [1]
374 731 [0]
411 694 [0]
491 614 [0]
506 599 [0]
459 643 [3]
423 682 [1]
531 566 [9]
406 701 [0]
392 715 [0]
470 637 [0]
444 662 [1]
461 643 [3]
461 646 [0]
493 615 [0]
431 675 [2]
475 630 [3]
376 731 [1]
365 742 [1]
508 598 [3]
471 633 [5]
418 691 [1]
345 766 [0]
413 697 [1]
546 562 [3]
455 651 [5]
414 696 [1]
372 740 [0]
481 631 [0]
514 598 [0]
307 798 [7]
461 652 [0]
518 595 [0]
366 741 [6]
548 566 [0]
450 659 [5]
364 750 [0]
460 651 [3]
550 564 [0]
370 743 [1]
436 678 [0]
521 590 [3]
372 742 [1]
412 700 [3]
402 714 [0]
405 711 [0]
323 792 [1]
479 637 [0]
454 663 [0]
471 643 [3]
415 699 [3]
319 789 [9]
558 559 [0]
445 666 [6]
356 756 [6]
414 698 [6]
435 682 [1]
382 734 [3]
453 665 [1]
340 780 [0]
384 736 [0]
410 707 [3]
412 708 [1]
349 771 [1]
436 684 [1]
330 792 [0]
363 760 [0]
505 615 [3]
508 617 [0]
425 699 [1]
548 578 [0]
537 583 [6]
351 768 [7]
511 609 [6]
554 572 [0]
560 567 [0]
504 622 [1]
554 564 [9]
461 664 [3]
326 793 [9]
364 765 [0]
378 750 [1]
534 586 [9]
545 584 [0]
338 792 [0]
325 798 [7]
351 778 [1]
369 762 [0]
391 740 [0]
498 633 [0]
495 635 [1]
422 704 [5]
326 797 [9]
532 601 [0]
333 797 [3]
371 759 [3]
491 643 [0]
511 623 [0]
527 607 [0]
372 763 [0]
521 614 [0]
516 616 [3]
543 592 [0]
338 798 [0]
556 580 [0]
384 749 [3]
524 612 [0]
391 744 [1]
380 757 [0]
519 617 [1]
453 686 [0]
367 771 [1]
456 676 [7]
532 608 [0]
436 701 [3]
479 656 [5]
369 770 [1]
533 608 [0]
362 773 [6]
507 631 [3]
565 576 [0]
472 668 [1]
476 666 [0]
495 647 [0]
427 714 [1]
556 585 [1]
380 759 [3]
479 663 [0]
503 640 [0]
436 705 [3]
426 717 [1]
400 742 [2]
442 701 [1]
549 590 [5]
395 750 [0]
411 734 [0]
506 634 [5]
564 572 [9]
489 657 [0]
464 682 [0]
539 608 [0]
517 627 [3]
430 716 [1]
495 654 [0]
559 587 [3]
464 680 [5]
449 697 [3]
388 755 [6]
540 610 [0]
380 769 [1]
424 723 [3]
574 577 [0]
531 620 [0]
491 660 [0]
504 647 [0]
441 707 [3]
494 654 [3]
370 780 [1]
570 578 [3]
515 637 [0]
500 646 [6]
444 705 [3]
558 594 [0]
415 734 [3]
446 704 [3]
363 789 [1]
413 741 [0]
534 620 [0]
562 592 [0]
500 653 [1]
401 750 [3]
561 587 [6]
533 622 [0]
436 719 [0]
436 718 [1]
496 658 [1]
510 642 [3]
369 785 [1]
536 616 [3]
406 743 [6]
385 771 [0]
563 592 [1]
399 751 [6]
362 795 [0]
578 580 [0]
383 772 [3]
533 624 [1]
569 582 [7]
503 655 [0]
436 722 [1]
456 702 [1]
476 680 [3]
453 707 [0]
559 601 [0]
570 591 [0]
576 585 [0]
446 714 [1]
535 625 [1]
429 729 [3]
424 734 [3]
516 646 [0]
409 748 [5]
573 589 [0]
485 678 [0]
517 646 [0]
375 785 [3]
479 678 [6]
561 597 [6]
551 612 [1]
535 629 [1]
465 697 [3]
556 609 [1]
468 692 [6]
493 674 [0]
557 610 [0]
514 653 [0]
517 645 [5]
383 781 [3]
373 795 [0]
457 712 [0]
520 649 [0]
377 791 [1]
393 776 [1]
458 712 [0]
499 671 [0]
501 663 [6]
581 589 [0]
425 739 [6]
572 596 [2]
542 622 [6]
514 657 [0]
557 614 [0]
388 777 [6]
485 687 [0]
379 794 [0]
424 749 [0]
429 744 [0]
490 683 [0]
393 777 [3]
379 795 [0]
410 763 [1]
485 689 [0]
405 770 [0]
583 592 [0]
474 696 [5]
427 749 [0]
542 634 [0]
423 750 [3]
571 604 [1]
419 758 [0]
500 677 [0]
516 655 [6]
518 660 [0]
404 773 [1]
421 758 [0]
544 635 [0]
405 771 [3]
535 645 [0]
390 789 [1]
429 748 [3]
434 741 [6]
584 598 [0]
587 595 [0]
497 682 [3]
530 651 [1]
544 639 [0]
557 617 [9]
421 757 [5]
390 794 [0]
410 773 [1]
401 780 [3]
451 730 [3]
469 716 [0]
411 768 [6]
564 618 [3]
475 711 [0]
484 702 [0]
404 781 [1]
508 679 [0]
572 610 [5]
544 638 [5]
419 769 [0]
408 780 [0]
498 690 [0]
509 679 [0]
562 623 [3]
570 615 [3]
392 793 [3]
431 757 [0]
456 729 [3]
550 639 [0]
569 613 [7]
528 655 [6]
538 652 [0]
536 655 [0]
444 744 [3]
483 708 [0]
499 693 [0]
503 689 [0]
416 775 [1]
531 662 [0]
576 617 [0]
511 681 [1]
505 688 [0]
439 755 [0]
442 752 [0]
443 748 [3]
446 745 [3]
551 644 [0]
513 682 [0]
547 648 [0]
486 704 [5]
420 772 [3]
493 701 [1]
506 684 [5]
475 717 [3]
428 768 [0]
570 626 [0]
500 693 [3]
566 631 [0]
438 760 [0]
562 635 [1]
469 726 [3]
545 650 [3]
482 715 [1]
442 751 [6]
490 704 [5]
431 759 [9]
550 646 [3]
596 599 [5]
522 675 [3]
417 782 [1]
436 761 [3]
568 632 [0]
454 747 [0]
516 684 [1]
520 681 [0]
553 648 [0]
526 673 [3]
409 794 [0]
456 747 [0]
600 603 [0]
594 609 [0]
401 799 [3]
563 640 [0]
551 649 [3]
519 685 [0]
582 623 [0]
590 615 [0]
561 643 [1]
513 692 [0]
490 716 [0]
532 674 [0]
512 695 [0]
445 756 [6]
524 684 [0]
435 774 [0]
563 643 [3]
502 708 [0]
510 700 [0]
511 696 [3]
471 736 [3]
548 653 [9]
445 764 [1]
417 794 [0]
466 739 [6]
425 783 [3]
435 775 [1]
455 753 [3]
543 665 [3]
427 785 [0]
597 615 [0]
555 654 [3]
525 688 [0]
499 713 [1]
525 689 [0]
501 714 [0]
479 731 [5]
571 643 [1]
469 743 [3]
557 655 [3]
478 739 [0]
548 664 [5]
599 618 [0]
597 621 [0]
478 737 [3]
552 667 [0]
466 750 [3]
593 626 [0]
463 757 [0]
604 607 [9]
573 639 [9]
506 714 [1]
549 673 [0]
426 797 [0]
600 623 [0]
504 716 [3]
465 759 [0]
489 735 [0]
550 669 [5]
487 735 [3]
428 796 [1]
427 799 [0]
533 693 [0]
595 622 [9]
610 614 [3]
593 635 [0]
515 714 [0]
432 798 [0]
463 767 [0]
536 694 [0]
553 677 [0]
594 637 [0]
538 694 [0]
544 679 [9]
450 779 [3]
494 738 [0]
500 731 [1]
468 763 [1]
613 618 [1]
587 646 [0]
584 648 [1]
448 784 [1]
509 724 [1]
505 724 [5]
551 683 [0]
473 762 [0]
522 713 [0]
466 766 [3]
507 723 [5]
563 670 [3]
498 737 [1]
509 725 [3]
590 643 [5]
568 661 [9]
599 634 [5]
505 728 [5]
574 664 [0]
518 721 [0]
586 653 [0]
594 636 [9]
473 767 [0]
578 662 [0]
614 625 [1]
593 646 [1]
469 769 [3]
485 755 [1]
469 773 [0]
483 754 [5]
470 767 [5]
454 789 [0]
516 727 [0]
445 797 [1]
467 777 [0]
517 727 [0]
567 677 [0]
442 796 [6]
580 661 [3]
482 756 [6]
617 628 [0]
590 650 [5]
454 788 [3]
545 695 [5]
520 720 [5]
489 752 [5]
575 672 [0]
604 643 [0]
566 672 [9]
622 625 [0]
552 693 [3]
453 794 [1]
551 689 [9]
452 798 [0]
621 630 [0]
550 696 [5]
570 681 [1]
576 671 [5]
472 780 [1]
490 759 [5]
538 713 [3]
498 757 [0]
608 647 [0]
533 721 [1]
581 676 [0]
527 730 [0]
620 639 [0]
602 658 [0]
559 696 [5]
545 714 [1]
626 632 [3]
475 781 [5]
504 754 [3]
585 677 [0]
508 745 [9]
597 660 [5]
482 779 [1]
473 790 [0]
541 722 [0]
599 660 [5]
586 673 [5]
536 729 [0]
590 675 [0]
581 684 [0]
550 717 [0]
597 661 [9]
505 757 [5]
611 652 [5]
493 774 [1]
546 722 [0]
585 684 [0]
589 680 [0]
479 785 [5]
630 637 [3]
542 725 [3]
495 773 [3]
552 718 [1]
480 786 [5]
480 792 [0]
503 769 [0]
600 666 [6]
609 663 [0]
564 709 [0]
584 688 [1]
487 783 [3]
619 649 [5]
488 783 [3]
572 700 [2]
518 756 [0]
532 744 [0]
612 663 [1]
549 727 [0]
567 710 [0]
496 778 [3]
609 666 [3]
588 690 [0]
524 755 [0]
583 691 [5]
516 760 [3]
604 676 [0]
492 785 [3]
601 675 [5]
560 721 [0]
575 707 [0]
603 681 [0]
524 757 [3]
530 754 [1]
539 747 [0]
524 759 [3]
588 698 [0]
584 699 [3]
635 652 [1]
590 693 [5]
593 692 [3]
563 722 [3]
498 791 [0]
526 763 [0]
630 659 [0]
508 772 [9]
509 779 [1]
579 710 [0]
595 686 [9]
550 737 [3]
625 666 [0]
587 701 [5]
591 703 [0]
532 757 [5]
599 696 [0]
526 770 [0]
578 718 [0]
630 666 [0]
518 769 [9]
556 739 [1]
514 783 [0]
495 797 [5]
608 684 [5]
607 691 [0]
536 761 [3]
625 676 [0]
599 697 [5]
618 685 [0]
651 652 [0]
579 724 [0]
564 739 [0]
594 704 [5]
577 726 [0]
557 746 [0]
551 753 [0]
566 739 [0]
540 756 [9]
538 764 [3]
530 776 [0]
553 753 [0]
627 679 [0]
520 781 [5]
584 720 [3]
574 731 [2]
601 703 [3]
567 741 [0]
646 662 [0]
641 669 [0]
622 684 [5]
620 692 [0]
578 730 [5]
517 796 [1]
537 777 [1]
573 739 [3]
633 683 [0]
635 681 [0]
627 689 [0]
532 785 [0]
605 712 [0]
558 754 [5]
536 784 [0]
645 675 [0]
600 718 [3]
598 720 [3]
651 671 [0]
549 764 [9]
533 788 [1]
631 690 [2]
615 704 [5]
634 690 [0]
655 670 [0]
550 770 [5]
617 709 [0]
572 752 [2]
650 680 [0]
555 770 [5]
543 788 [0]
658 674 [0]
538 791 [3]
597 736 [0]
582 751 [0]
579 752 [2]
628 706 [0]
620 714 [0]
639 686 [9]
626 704 [5]
613 719 [3]
627 703 [5]
642 688 [5]
541 795 [0]
545 791 [0]
610 726 [0]
662 669 [5]
595 736 [5]
614 719 [3]
664 671 [2]
601 737 [0]
616 723 [0]
622 712 [5]
569 771 [0]
665 676 [0]
620 712 [9]
643 697 [2]
602 740 [0]
547 792 [3]
624 718 [0]
622 716 [5]
562 782 [0]
576 768 [0]
555 787 [3]
631 715 [0]
579 763 [4]
564 783 [0]
613 731 [3]
549 792 [9]
629 721 [0]
563 785 [3]
618 725 [9]
667 678 [7]
630 720 [5]
594 757 [5]
565 782 [9]
603 748 [5]
672 685 [0]
590 762 [5]
558 790 [9]
616 738 [3]
650 709 [0]
586 773 [0]
613 744 [3]
625 727 [9]
639 717 [5]
637 719 [5]
574 787 [2]
580 784 [0]
590 774 [0]
670 694 [0]
654 711 [0]
624 741 [0]
591 775 [0]
604 762 [0]
673 692 [2]
587 778 [2]
636 732 [0]
648 715 [5]
607 762 [0]
588 772 [9]
581 786 [2]
628 742 [0]
634 737 [0]
610 760 [2]
673 699 [0]
681 688 [3]
645 729 [0]
606 769 [0]
637 738 [0]
575 795 [5]
684 691 [0]
623 751 [1]
610 766 [0]
624 754 [0]
671 707 [0]
658 716 [5]
655 722 [3]
591 781 [9]
593 785 [3]
691 692 [0]
626 756 [1]
661 715 [9]
655 725 [5]
618 758 [9]
620 760 [5]
596 790 [0]
609 778 [0]
647 740 [0]
658 730 [0]
648 735 [5]
654 734 [0]
680 703 [5]
674 715 [0]
643 746 [0]
639 751 [0]
690 699 [1]
635 756 [0]
683 708 [1]
653 740 [0]
607 777 [9]
689 707 [0]
600 788 [9]
632 765 [0]
656 742 [0]
646 747 [5]
635 761 [5]
647 745 [9]
682 720 [0]
699 705 [0]
656 749 [0]
667 738 [0]
688 714 [3]
681 726 [0]
623 780 [5]
629 779 [0]
682 727 [0]
657 753 [0]
632 779 [0]
618 789 [5]
630 783 [0]
673 740 [2]
684 732 [0]
635 783 [0]
674 744 [0]
705 708 [5]
702 717 [0]
681 733 [5]
702 718 [0]
678 743 [0]
638 783 [0]
698 721 [2]
632 790 [0]
624 789 [9]
625 793 [5]
677 751 [0]
644 784 [0]
713 716 [0]
672 758 [0]
711 720 [0]
700 733 [0]
709 723 [2]
635 795 [5]
642 794 [0]
665 772 [0]
711 726 [0]
664 774 [0]
655 782 [3]
664 776 [0]
677 764 [0]
702 738 [3]
691 752 [2]
713 735 [0]
716 732 [0]
668 781 [0]
717 733 [0]
685 765 [0]
678 770 [3]
685 757 [9]
670 782 [0]
707 745 [0]
688 759 [5]
721 727 [5]
710 743 [0]
694 760 [0]
677 778 [0]
705 757 [0]
668 794 [0]
694 767 [2]
709 755 [0]
701 767 [0]
733 735 [0]
712 751 [5]
682 782 [5]
707 760 [2]
731 740 [0]
719 753 [0]
681 786 [5]
710 760 [2]
711 755 [9]
703 773 [0]
694 780 [2]
719 758 [0]
691 787 [0]
722 747 [9]
674 797 [9]
732 747 [2]
706 775 [0]
722 752 [9]
697 788 [0]
707 778 [5]
743 747 [0]
727 761 [5]
689 795 [9]
740 751 [3]
742 753 [0]
692 795 [9]
715 776 [5]
748 749 [0]
710 780 [9]
729 765 [5]
706 794 [0]
699 798 [3]
734 767 [0]
724 777 [0]
727 775 [0]
736 766 [0]
709 793 [2]
730 776 [0]
738 769 [1]
716 793 [0]
744 766 [1]
752 761 [0]
728 785 [0]
748 774 [0]
753 769 [0]
738 782 [3]
756 767 [5]
763 766 [0]
740 780 [9]
736 799 [0]
739 796 [0]
733 794 [9]
743 793 [2]
754 786 [0]
755 787 [2]
772 777 [0]
751 799 [0]
771 782 [0]
771 785 [0]
767 791 [0]
764 797 [0]
764 798 [3]
781 786 [0]
773 790 [5]
786 791 [0]
789 792 [0]
783 798 [5]
795 797 [0]
