32
3
0
17
5
8
11
15
6
16
14
12
9
24
10
21
4
2
28
7
23
27
18
20
31
19
30
22
29
1
25
3
26
13
0 5 [0]
2 10 [1]
5 8 [1]
1 15 [0]
6 11 [1]
5 13 [1]
8 11 [0]
9 12 [1]
5 17 [1]
6 16 [0]
8 12 [2]
9 14 [0]
8 14 [2]
11 13 [0]
4 21 [0]
1 25 [0]
10 17 [2]
4 24 [0]
11 15 [0]
11 16 [2]
8 20 [1]
2 28 [0]
14 16 [0]
1 29 [1]
10 21 [0]
15 16 [2]
9 23 [1]
14 19 [0]
6 27 [1]
7 28 [0]
16 19 [0]
10 24 [1]
6 29 [0]
8 27 [1]
4 30 [2]
13 21 [2]
12 24 [2]
18 20 [0]
13 26 [2]
11 27 [1]
12 27 [1]
17 24 [2]
18 27 [0]
20 23 [2]
16 30 [0]
19 28 [0]
21 25 [2]
19 31 [0]
20 31 [0]
20 30 [2]
22 31 [1]
23 30 [2]
23 28 [2]
21 30 [2]
23 31 [0]
25 29 [1]
25 31 [1]
27 31 [0]
