1600
12
41
180
320
353
414
958
1287
1533
800
322
72
196
456
27
83
261
47
150
218
119
224
698
305
169
703
435
101
274
87
135
92
343
380
12
262
30
278
113
5
1312
156
171
515
133
256
277
102
387
129
533
276
713
1320
444
50
327
67
474
170
89
157
650
57
319
429
185
537
70
118
225
1224
104
215
0
95
76
582
212
201
100
249
34
64
989
254
684
547
62
49
452
138
38
8
705
177
16
146
65
402
231
241
1
541
791
9
403
672
121
202
356
287
501
136
128
798
819
405
273
390
203
404
638
592
74
73
660
71
518
337
340
33
21
335
187
93
60
26
48
913
195
897
386
182
167
219
505
357
281
44
538
385
11
24
227
7
107
397
66
333
142
449
754
634
299
497
925
332
35
140
271
55
600
108
953
79
751
725
618
36
510
247
744
378
577
6
973
164
68
144
374
293
85
192
664
303
149
616
159
115
525
173
870
461
147
90
570
80
205
393
289
110
455
88
763
105
181
655
158
132
42
52
408
175
680
111
106
640
486
653
148
373
410
709
434
997
1078
22
145
364
234
602
665
606
825
253
1044
103
1215
239
495
906
1020
409
920
282
344
272
342
459
513
371
860
527
325
530
130
1112
605
1140
552
835
396
535
206
1337
524
810
683
886
313
574
629
681
508
580
389
270
696
338
323
383
236
976
151
631
661
360
1049
485
339
938
2
624
359
186
770
450
1065
59
607
69
566
1486
18
394
1031
857
493
489
54
523
823
887
37
178
882
40
834
471
426
306
562
97
849
242
1103
127
295
641
1406
632
134
644
355
285
123
528
756
208
1246
480
900
659
1076
576
304
587
567
176
777
473
425
391
420
948
692
82
23
771
604
494
609
372
448
230
1141
500
399
685
788
31
1256
822
184
667
614
29
499
345
711
1093
520
112
1388
880
1009
56
346
243
194
300
392
697
122
1351
488
370
160
952
220
13
1165
879
891
469
936
828
296
1077
379
174
223
328
99
586
1245
191
1094
990
1314
216
908
623
710
779
972
1321
445
457
1115
719
682
889
347
481
1052
572
859
575
596
78
39
291
263
418
126
454
238
630
131
45
367
693
193
654
411
590
553
1380
384
75
686
255
314
28
804
1317
197
210
288
617
1155
496
837
63
316
540
563
267
283
862
246
143
1259
58
546
498
381
183
251
478
294
382
783
1110
421
1480
152
125
124
400
43
915
1041
1152
188
221
747
1308
264
179
730
1196
503
237
428
894
1176
460
841
375
416
1262
235
479
645
940
257
266
735
1192
286
162
847
960
543
312
1074
1540
1124
259
1132
213
824
1043
155
161
1485
526
809
812
109
565
1082
10
116
687
851
482
550
228
244
204
165
1010
803
1139
472
198
832
430
439
424
368
838
331
292
957
555
309
1437
1175
642
466
260
626
628
899
153
1304
1195
258
970
137
781
1451
1525
365
438
689
861
350
678
475
1002
695
816
189
302
4
1101
1012
1149
813
91
1219
1135
564
511
548
51
961
729
1120
963
284
775
1281
413
556
815
214
1193
1254
172
334
417
265
398
290
1242
981
1197
675
1418
951
1119
32
594
560
217
476
669
362
268
911
308
352
939
326
996
1180
1114
708
168
229
1005
1035
1204
1057
1154
1390
986
772
330
84
944
269
166
759
96
61
245
120
1018
622
1449
1220
477
621
1345
778
863
534
226
679
15
19
1189
733
1107
1113
869
969
728
643
613
1070
1272
1322
842
852
1022
864
1241
1117
748
561
888
714
433
830
752
817
491
1384
321
975
1042
843
718
1356
280
463
734
1001
608
571
1073
1264
1185
209
1479
919
467
854
1299
795
1335
1419
431
545
611
636
512
1004
1420
1015
462
875
1184
578
663
531
395
468
668
845
826
363
1432
549
1127
591
844
1521
699
649
867
207
750
514
1358
1025
366
222
412
406
865
423
907
516
1309
1257
297
317
792
77
369
785
760
1457
492
802
558
1248
1188
796
581
1338
704
1355
1379
377
1424
232
701
1460
1523
1130
743
671
419
635
3
965
738
1183
878
651
700
539
1329
1198
1258
732
1163
507
559
904
773
1067
946
1410
762
966
603
1297
532
652
1504
1330
757
551
248
1027
275
1148
1332
1453
749
896
677
985
1325
1422
876
1019
717
361
1391
856
673
1104
776
25
1199
94
348
1100
250
354
731
872
846
633
688
1170
1108
720
881
1143
1090
916
820
702
1572
199
1244
988
163
1118
1086
1590
233
1179
544
780
542
805
1136
978
1003
922
979
808
1459
707
1237
898
1099
1305
1098
1360
1585
86
1239
801
599
464
998
971
1594
774
994
1045
1400
569
1016
674
739
648
789
1318
676
836
1268
307
921
1134
1033
1534
1581
1171
529
14
114
1007
1111
1382
1491
910
1402
1577
1063
341
1106
1064
1365
933
1233
840
1203
1333
1263
1225
1597
200
557
487
1463
1286
716
758
982
432
619
765
504
536
853
1373
1293
401
932
1500
20
1456
490
1378
358
522
745
376
657
1006
992
484
1474
1137
987
1079
589
1227
746
1279
909
1051
1228
848
821
1501
46
315
442
1454
336
1381
827
1411
1524
53
901
190
1393
995
794
1307
1483
1519
1518
782
1438
1032
1235
318
427
1291
1339
407
724
1290
1121
1024
1131
1181
1030
139
877
1353
440
1444
1302
415
736
1217
884
453
883
727
1478
858
1208
949
1270
786
81
1222
1050
1564
912
885
955
1344
694
483
1231
1442
753
446
1153
1205
1151
942
1546
388
627
436
1266
1084
1569
1301
1075
1200
1446
1494
1316
1008
1517
931
1346
1210
893
831
1092
1473
637
1157
1186
1477
1284
1392
1232
1503
943
329
1147
1294
1547
1357
903
458
1252
1048
1269
1303
349
1334
1421
1216
1567
1506
871
950
868
806
1490
917
974
1105
993
892
1319
1047
98
465
579
1095
866
1122
1401
1298
1404
839
1046
769
573
1372
1538
1146
1439
1255
977
797
1011
422
1405
1561
1036
1511
1531
298
1194
593
1172
1177
1173
662
141
715
1212
1166
1370
1566
451
1565
502
923
1037
1487
1386
1413
1425
1579
554
1059
945
991
1116
742
929
927
818
595
1326
706
1088
519
1429
761
1435
1174
252
1080
584
1498
1549
764
890
956
1261
1276
1427
1313
874
1354
1445
1397
902
1071
1162
1347
833
1190
1598
1448
829
959
1058
1271
568
601
1426
1223
324
1513
1574
1097
1430
1516
962
1164
517
1580
598
1323
1062
1396
1530
240
610
1021
767
1341
1054
1352
506
967
1466
947
1280
1359
1452
1467
1340
1578
1508
1288
741
1133
1369
937
855
1394
1283
1055
1142
1544
1202
1443
470
926
1462
784
964
1522
1085
1484
740
1495
1550
1482
670
1247
612
984
1529
1249
980
1455
1374
1539
1026
1366
1221
924
1583
1563
1349
1398
1129
1492
1295
690
1562
1507
1289
1461
1450
1497
1362
799
588
1532
1434
1226
1367
1250
721
1213
1159
1331
154
1464
1029
1306
1573
351
1526
1109
1251
1465
787
1273
117
1541
1576
1441
722
211
723
1596
1182
1409
1168
1515
1158
1469
691
1277
1376
1407
1191
1552
1471
656
1556
1399
625
1234
1038
1559
441
1060
1327
17
1509
1275
1267
1599
766
1371
620
597
811
1336
301
1389
1496
1013
1238
1368
983
1403
1592
1476
1586
1377
1571
737
1584
509
968
1440
1145
1229
1207
1570
1415
1575
807
1527
1138
1160
1034
1428
1230
1296
1292
437
583
1588
1348
1040
1408
615
1560
1436
1593
1417
1240
793
1528
954
310
1537
918
1493
1557
1000
1328
1553
1568
1087
1416
1542
1510
666
521
1072
1472
1023
1282
1555
1209
1595
712
1028
1315
1274
585
1554
1150
1499
999
1187
1069
1551
1514
1260
1488
1364
941
1423
1300
1383
873
647
1096
1489
1169
1350
1278
755
1387
934
1363
1053
1061
914
1548
1091
1475
1361
1089
1481
1310
768
1589
1324
1128
1265
1536
658
1412
1211
1545
1206
1458
1582
1447
279
1433
1161
1431
1414
1014
1123
1102
1167
1201
1470
1125
1543
895
1512
1214
1081
1126
790
311
930
814
1017
1502
1311
850
928
1342
1156
1558
1520
1253
1068
1178
1218
1285
1385
1144
1587
1535
1243
1343
1056
447
1591
443
1083
726
905
935
1505
639
1039
1066
1395
1375
1468
646
1236
15 19 [0]
11 24 [0]
8 38 [0]
21 33 [0]
26 48 [0]
26 60 [0]
38 42 [10]
42 52 [0]
0 95 [0]
34 64 [0]
23 82 [0]
27 83 [0]
49 62 [0]
7 107 [0]
39 78 [0]
5 113 [0]
10 116 [0]
14 114 [0]
73 74 [0]
60 93 [0]
61 96 [0]
60 99 [1]
16 146 [0]
22 145 [0]
76 95 [0]
42 132 [0]
35 140 [0]
45 131 [0]
38 138 [0]
70 118 [0]
7 183 [2]
16 177 [0]
47 150 [0]
65 146 [0]
68 144 [0]
38 175 [1]
37 178 [0]
0 215 [0]
106 111 [0]
87 135 [0]
16 208 [1]
92 135 [0]
68 164 [0]
13 220 [0]
7 227 [0]
90 147 [0]
96 135 [7]
1 241 [0]
89 157 [0]
124 125 [0]
24 227 [0]
4 241 [7]
89 170 [0]
128 136 [0]
72 196 [0]
115 159 [0]
12 262 [0]
26 246 [2]
125 152 [0]
85 192 [0]
93 187 [0]
34 249 [0]
137 147 [1]
80 205 [0]
132 158 [0]
30 262 [0]
12 279 [1]
27 273 [1]
100 201 [0]
4 302 [0]
38 268 [1]
61 245 [0]
47 261 [0]
30 278 [0]
155 161 [0]
24 291 [2]
104 215 [0]
132 184 [6]
121 202 [0]
44 281 [0]
55 271 [0]
156 171 [0]
113 211 [5]
79 241 [10]
39 291 [0]
47 286 [1]
119 218 [0]
28 314 [0]
119 224 [0]
118 225 [0]
83 261 [0]
15 321 [10]
167 182 [0]
100 249 [0]
21 335 [0]
87 274 [0]
46 315 [0]
111 248 [4]
120 245 [0]
35 332 [0]
95 273 [0]
150 218 [0]
165 204 [0]
33 340 [0]
101 274 [0]
57 319 [0]
50 327 [0]
85 293 [0]
63 316 [0]
102 277 [0]
62 318 [1]
167 219 [0]
100 286 [2]
143 246 [0]
133 256 [0]
89 301 [1]
113 278 [0]
12 380 [0]
72 322 [0]
67 327 [0]
156 239 [1]
11 385 [0]
168 229 [0]
174 223 [0]
66 333 [0]
110 289 [0]
56 346 [0]
183 220 [4]
197 210 [0]
123 285 [0]
93 308 [7]
188 221 [0]
140 271 [0]
18 394 [0]
45 367 [0]
9 403 [0]
201 212 [0]
84 330 [0]
127 295 [0]
87 325 [10]
131 285 [7]
133 282 [10]
72 348 [5]
60 357 [9]
99 328 [0]
101 321 [7]
72 350 [11]
183 251 [0]
166 269 [0]
92 343 [0]
11 417 [7]
194 243 [0]
94 348 [0]
80 359 [3]
43 400 [0]
179 264 [0]
77 369 [0]
204 244 [0]
187 259 [2]
162 286 [0]
136 315 [1]
149 303 [0]
223 227 [3]
184 271 [1]
159 292 [7]
75 384 [0]
186 262 [11]
52 408 [0]
158 296 [6]
216 241 [3]
134 327 [1]
66 397 [0]
70 392 [3]
65 402 [0]
46 422 [1]
113 351 [4]
231 241 [0]
228 244 [0]
169 305 [0]
142 333 [0]
57 412 [7]
85 396 [2]
27 456 [0]
9 476 [1]
52 431 [5]
102 387 [0]
30 461 [1]
189 302 [0]
50 444 [0]
194 300 [0]
57 439 [1]
197 293 [6]
210 288 [0]
49 452 [0]
107 397 [0]
172 334 [0]
33 476 [1]
145 364 [0]
164 345 [2]
136 375 [2]
11 497 [6]
129 387 [0]
144 374 [0]
148 373 [0]
56 458 [8]
187 335 [0]
0 516 [7]
257 266 [0]
124 400 [0]
87 426 [11]
29 499 [0]
18 507 [4]
160 370 [0]
30 502 [1]
164 369 [1]
83 449 [0]
256 277 [0]
101 435 [0]
138 399 [3]
67 474 [0]
156 386 [0]
1 541 [0]
151 380 [11]
182 357 [3]
54 489 [0]
14 529 [0]
88 455 [0]
126 418 [0]
186 359 [0]
36 510 [0]
267 283 [0]
223 328 [0]
18 528 [6]
27 518 [8]
174 379 [0]
263 291 [0]
170 384 [3]
201 357 [0]
202 356 [0]
269 289 [5]
98 465 [0]
183 381 [0]
110 455 [0]
152 406 [8]
182 386 [0]
255 314 [0]
62 500 [11]
93 475 [7]
54 523 [0]
126 454 [0]
44 538 [0]
175 408 [0]
6 577 [0]
136 444 [6]
241 341 [5]
222 366 [0]
243 346 [0]
71 518 [0]
21 561 [7]
138 452 [0]
49 541 [0]
142 449 [0]
203 390 [0]
49 543 [2]
268 328 [1]
205 393 [0]
234 364 [0]
71 528 [1]
51 548 [0]
211 379 [10]
16 587 [1]
250 354 [0]
58 546 [0]
167 430 [7]
70 537 [0]
203 404 [0]
35 565 [7]
147 461 [0]
62 547 [0]
9 598 [4]
297 317 [0]
185 429 [0]
272 342 [0]
211 400 [3]
272 344 [0]
215 393 [10]
277 335 [6]
236 383 [0]
232 380 [7]
292 331 [0]
11 609 [3]
104 514 [7]
32 594 [0]
282 344 [0]
2 624 [0]
83 547 [1]
268 362 [0]
245 384 [1]
10 613 [8]
177 455 [1]
112 520 [0]
231 402 [0]
222 412 [0]
27 600 [8]
52 580 [3]
69 566 [0]
18 613 [5]
136 501 [0]
308 328 [1]
15 612 [11]
281 357 [0]
3 635 [0]
115 525 [0]
285 355 [0]
29 614 [0]
287 356 [0]
170 474 [0]
85 553 [6]
250 390 [5]
218 422 [6]
68 572 [6]
22 626 [1]
133 515 [0]
83 559 [7]
80 570 [0]
69 573 [8]
123 528 [0]
295 356 [1]
196 456 [0]
217 435 [1]
36 618 [0]
202 444 [8]
55 600 [0]
289 356 [10]
66 590 [1]
104 552 [1]
76 582 [0]
270 389 [0]
97 562 [0]
308 352 [0]
130 530 [0]
90 570 [0]
323 338 [0]
129 533 [0]
255 407 [1]
273 390 [0]
237 428 [0]
59 607 [0]
74 592 [0]
293 374 [0]
198 472 [0]
78 584 [9]
261 399 [11]
227 438 [7]
202 470 [1]
78 596 [0]
119 547 [8]
109 565 [0]
305 370 [1]
69 607 [0]
294 382 [0]
22 651 [4]
337 340 [0]
273 405 [0]
230 448 [0]
263 418 [0]
265 417 [0]
289 393 [0]
223 455 [6]
99 586 [0]
171 515 [0]
290 398 [0]
24 653 [11]
164 525 [1]
238 454 [0]
300 392 [0]
217 476 [0]
325 357 [11]
15 679 [0]
173 525 [0]
21 678 [1]
87 602 [10]
63 637 [1]
71 631 [1]
59 644 [1]
305 390 [8]
129 563 [11]
285 419 [1]
272 433 [1]
323 383 [0]
57 650 [0]
108 600 [0]
82 621 [5]
8 705 [0]
235 479 [0]
337 377 [1]
112 600 [2]
164 551 [5]
185 537 [0]
105 618 [1]
343 380 [0]
168 545 [10]
219 505 [0]
260 466 [0]
185 542 [1]
126 603 [1]
220 509 [1]
251 478 [0]
274 456 [1]
71 660 [0]
306 426 [0]
212 521 [1]
73 660 [0]
239 495 [0]
337 399 [1]
30 701 [5]
141 592 [4]
182 553 [2]
121 606 [11]
15 712 [11]
7 722 [9]
237 503 [0]
322 412 [7]
206 535 [0]
57 682 [3]
80 663 [1]
176 567 [0]
280 463 [0]
318 427 [0]
106 640 [0]
170 577 [1]
237 502 [9]
319 429 [0]
285 460 [4]
362 388 [1]
334 417 [0]
126 626 [1]
65 689 [1]
362 393 [1]
217 539 [1]
273 483 [1]
247 510 [0]
315 442 [0]
368 390 [2]
226 534 [0]
75 686 [0]
131 630 [0]
278 483 [1]
203 554 [4]
119 636 [7]
123 635 [4]
338 418 [7]
142 622 [1]
149 616 [0]
87 674 [5]
134 632 [0]
47 720 [1]
110 658 [1]
314 456 [1]
335 435 [0]
183 585 [2]
52 720 [1]
294 478 [0]
82 692 [0]
159 616 [0]
323 443 [10]
289 481 [6]
94 674 [9]
217 560 [0]
228 550 [0]
134 644 [0]
171 603 [5]
151 631 [0]
196 585 [1]
373 410 [0]
7 768 [8]
232 547 [5]
37 743 [5]
307 474 [5]
135 652 [1]
287 501 [0]
203 574 [11]
264 520 [4]
0 790 [1]
375 416 [0]
111 680 [0]
368 424 [0]
121 672 [0]
11 775 [7]
23 771 [0]
212 582 [0]
138 651 [5]
299 497 [0]
69 728 [1]
287 510 [1]
171 623 [3]
248 551 [0]
278 517 [4]
92 696 [11]
146 654 [1]
280 514 [6]
9 791 [0]
148 648 [4]
148 653 [0]
25 776 [0]
342 459 [0]
340 450 [11]
141 662 [0]
116 687 [0]
365 438 [0]
373 424 [7]
85 712 [8]
151 651 [4]
157 650 [0]
237 567 [4]
276 533 [0]
281 529 [1]
74 735 [2]
391 420 [0]
196 610 [6]
158 655 [0]
66 747 [2]
332 481 [2]
398 417 [0]
69 745 [1]
391 425 [0]
157 661 [1]
406 412 [0]
122 697 [0]
135 684 [1]
31 788 [0]
123 697 [1]
372 448 [0]
182 633 [5]
66 750 [5]
131 687 [5]
0 824 [1]
339 485 [0]
354 466 [4]
268 548 [9]
107 721 [1]
197 626 [5]
347 481 [0]
249 570 [10]
56 772 [1]
79 751 [0]
267 563 [0]
164 658 [8]
172 649 [10]
28 804 [0]
323 503 [7]
338 492 [5]
72 758 [5]
140 692 [3]
181 655 [0]
234 602 [0]
183 655 [1]
332 506 [1]
123 718 [1]
205 637 [1]
345 499 [0]
63 784 [1]
193 654 [0]
327 521 [1]
344 504 [1]
314 535 [1]
190 660 [1]
240 610 [0]
184 667 [0]
88 763 [0]
408 442 [1]
325 527 [0]
90 758 [4]
96 759 [0]
337 518 [0]
312 543 [0]
175 680 [0]
325 530 [0]
141 715 [0]
192 664 [0]
335 510 [11]
393 457 [6]
316 540 [0]
59 799 [1]
370 488 [0]
147 709 [2]
9 842 [7]
159 697 [2]
136 717 [5]
177 677 [5]
1 860 [1]
333 526 [2]
201 658 [2]
75 787 [1]
187 666 [9]
357 505 [0]
66 797 [1]
99 764 [1]
424 439 [0]
395 468 [0]
277 576 [11]
309 555 [0]
263 600 [2]
124 743 [1]
81 786 [0]
238 630 [0]
105 763 [0]
77 792 [0]
430 439 [0]
73 794 [4]
11 861 [1]
169 703 [0]
102 766 [4]
233 630 [10]
40 834 [0]
80 795 [1]
359 512 [4]
168 708 [0]
135 734 [7]
311 555 [11]
135 736 [6]
381 498 [0]
304 576 [0]
358 522 [0]
221 660 [1]
177 705 [0]
187 695 [1]
192 691 [1]
371 513 [0]
134 742 [8]
365 516 [4]
47 839 [1]
260 626 [0]
193 693 [0]
234 653 [0]
10 874 [3]
293 593 [1]
313 574 [0]
185 705 [1]
304 587 [0]
232 655 [5]
56 837 [1]
115 773 [5]
27 868 [1]
29 858 [8]
426 471 [0]
263 635 [1]
26 867 [5]
425 473 [0]
399 500 [0]
63 837 [0]
445 457 [0]
193 701 [8]
36 866 [1]
91 813 [0]
226 679 [0]
288 617 [0]
249 658 [1]
271 633 [4]
102 798 [8]
433 471 [4]
179 730 [0]
272 636 [5]
38 879 [1]
303 614 [1]
386 528 [3]
149 765 [4]
137 781 [0]
361 548 [10]
79 842 [1]
109 812 [0]
52 868 [1]
259 655 [7]
241 681 [1]
40 882 [0]
224 698 [0]
385 538 [0]
37 887 [0]
212 712 [1]
166 759 [0]
148 771 [6]
147 774 [4]
395 531 [0]
128 798 [0]
222 705 [1]
347 582 [1]
396 535 [0]
119 807 [6]
167 764 [1]
232 701 [0]
299 634 [0]
211 722 [0]
131 804 [0]
113 815 [7]
46 890 [1]
295 641 [0]
196 734 [7]
254 684 [0]
124 805 [10]
2 938 [0]
323 618 [1]
293 643 [5]
255 686 [0]
140 796 [5]
181 763 [0]
249 695 [1]
194 749 [1]
347 598 [1]
238 699 [8]
397 546 [2]
33 907 [5]
97 849 [0]
411 530 [7]
422 525 [1]
45 901 [6]
176 777 [0]
83 863 [7]
53 901 [0]
378 577 [0]
455 494 [6]
10 946 [1]
186 770 [0]
207 750 [0]
43 915 [0]
452 507 [1]
48 913 [0]
461 489 [11]
397 562 [3]
208 756 [0]
294 671 [1]
356 609 [1]
454 511 [1]
428 530 [7]
87 879 [1]
270 696 [0]
24 943 [1]
303 664 [0]
334 633 [1]
3 965 [0]
221 747 [0]
389 580 [0]
413 556 [0]
151 821 [1]
459 513 [0]
342 631 [1]
362 612 [1]
386 586 [3]
176 796 [4]
431 545 [0]
128 844 [5]
459 518 [2]
310 660 [9]
10 961 [8]
6 973 [0]
333 644 [3]
333 639 [8]
372 609 [0]
489 493 [0]
186 787 [9]
118 865 [1]
72 904 [7]
359 624 [0]
134 850 [1]
238 746 [1]
273 712 [1]
131 848 [6]
94 892 [1]
426 562 [0]
375 609 [4]
43 944 [1]
43 934 [11]
276 713 [0]
59 931 [1]
357 627 [6]
247 744 [0]
48 935 [8]
68 923 [1]
489 504 [1]
274 709 [10]
67 919 [7]
393 601 [1]
433 562 [1]
174 816 [5]
100 888 [7]
445 542 [8]
85 907 [5]
337 661 [1]
148 845 [5]
62 937 [1]
355 644 [0]
49 948 [3]
468 527 [5]
266 735 [0]
193 804 [4]
411 590 [0]
255 747 [1]
277 726 [1]
305 698 [0]
149 847 [7]
189 816 [0]
184 822 [0]
385 621 [1]
162 847 [0]
79 931 [1]
405 600 [7]
51 961 [0]
138 867 [7]
505 506 [1]
23 992 [1]
188 818 [9]
241 775 [1]
139 877 [0]
142 875 [1]
179 829 [9]
387 632 [1]
12 1008 [1]
411 599 [10]
75 938 [7]
44 968 [9]
360 661 [0]
432 592 [1]
342 680 [3]
237 782 [6]
435 584 [6]
93 929 [4]
437 580 [9]
84 944 [0]
350 678 [0]
101 922 [5]
214 815 [0]
198 832 [0]
186 837 [7]
362 669 [0]
164 861 [7]
79 953 [0]
179 854 [1]
376 657 [0]
338 696 [0]
175 860 [1]
335 700 [1]
485 551 [1]
517 518 [1]
213 824 [0]
227 803 [7]
80 959 [1]
404 638 [0]
169 862 [11]
149 891 [2]
387 646 [9]
173 870 [0]
359 679 [5]
92 944 [7]
68 974 [1]
498 546 [0]
151 888 [5]
63 971 [10]
487 557 [0]
465 579 [0]
92 955 [1]
257 787 [3]
499 543 [5]
196 844 [7]
471 568 [9]
168 871 [9]
439 610 [1]
133 906 [10]
432 619 [0]
201 843 [7]
87 965 [1]
153 899 [0]
219 833 [1]
64 989 [0]
196 853 [5]
419 635 [0]
345 711 [0]
121 938 [1]
511 548 [0]
284 775 [0]
178 882 [0]
367 693 [0]
505 553 [2]
108 953 [0]
60 1002 [1]
474 583 [5]
464 599 [0]
436 627 [0]
45 1018 [1]
447 607 [10]
56 1009 [0]
411 654 [0]
359 702 [4]
507 559 [0]
379 688 [1]
478 579 [10]
370 693 [5]
8 1062 [1]
256 804 [11]
346 715 [10]
137 927 [9]
207 867 [0]
403 672 [0]
511 564 [0]
44 1032 [1]
418 658 [1]
135 940 [2]
361 717 [0]
234 837 [7]
253 825 [0]
80 1000 [1]
356 724 [1]
134 947 [1]
389 688 [4]
34 1041 [7]
123 952 [7]
231 848 [4]
399 685 [0]
267 812 [5]
354 731 [0]
325 759 [1]
32 1051 [2]
18 1056 [11]
192 888 [5]
455 631 [1]
6 1081 [1]
23 1055 [9]
280 802 [6]
392 697 [0]
297 792 [0]
474 612 [4]
7 1079 [4]
419 671 [0]
121 968 [1]
190 901 [0]
242 849 [0]
356 729 [7]
195 897 [0]
10 1082 [0]
510 581 [5]
287 811 [1]
477 621 [0]
494 604 [0]
22 1078 [0]
162 928 [11]
118 978 [5]
542 560 [1]
330 772 [0]
540 563 [0]
494 609 [0]
4 1101 [0]
342 763 [1]
350 755 [1]
316 791 [1]
137 970 [0]
195 913 [0]
246 862 [0]
164 943 [1]
466 642 [0]
501 600 [8]
39 1062 [10]
101 1011 [1]
160 952 [0]
215 886 [11]
45 1070 [1]
198 917 [1]
410 705 [1]
68 1046 [1]
367 749 [1]
314 799 [3]
295 821 [1]
92 1026 [1]
164 953 [2]
410 709 [0]
114 1007 [0]
376 745 [0]
378 744 [0]
322 800 [0]
216 908 [0]
296 828 [0]
479 645 [0]
59 1065 [0]
128 997 [1]
486 640 [0]
151 976 [0]
438 689 [0]
80 1047 [1]
132 990 [6]
473 656 [1]
129 1001 [1]
380 750 [1]
450 680 [1]
430 701 [1]
399 724 [8]
407 724 [0]
107 1025 [0]
333 800 [0]
188 940 [5]
518 611 [5]
164 971 [0]
106 1030 [0]
468 668 [0]
322 812 [2]
76 1061 [0]
398 739 [0]
164 973 [0]
10 1119 [8]
109 1017 [11]
452 686 [0]
120 1018 [0]
435 703 [0]
6 1133 [0]
486 653 [0]
501 633 [5]
385 758 [0]
434 709 [0]
553 590 [0]
160 979 [4]
157 982 [4]
515 617 [11]
99 1041 [4]
205 940 [0]
98 1047 [0]
239 906 [0]
476 669 [0]
251 884 [10]
283 862 [0]
177 964 [4]
81 1065 [1]
433 714 [0]
393 753 [1]
103 1044 [0]
185 960 [2]
114 1030 [3]
512 636 [0]
6 1141 [2]
412 738 [0]
42 1101 [7]
27 1124 [0]
32 1119 [0]
415 736 [0]
163 988 [0]
323 830 [0]
475 678 [0]
369 785 [0]
560 594 [0]
567 587 [0]
545 611 [0]
203 954 [0]
507 650 [0]
454 696 [7]
499 653 [6]
303 857 [0]
430 724 [6]
318 837 [6]
328 837 [0]
381 784 [0]
382 783 [0]
247 917 [1]
126 1040 [0]
546 620 [0]
356 812 [0]
459 710 [0]
568 601 [0]
139 1030 [0]
124 1036 [9]
331 838 [0]
500 667 [2]
226 945 [0]
575 596 [0]
425 747 [0]
261 900 [11]
220 952 [0]
370 803 [0]
239 926 [8]
455 714 [5]
33 1142 [0]
249 926 [0]
527 643 [5]
165 1010 [0]
49 1125 [2]
382 795 [0]
433 744 [0]
273 895 [9]
483 694 [0]
79 1092 [6]
13 1165 [0]
444 734 [0]
268 911 [0]
571 608 [0]
390 788 [3]
532 652 [0]
402 775 [7]
16 1165 [3]
172 1014 [0]
395 782 [9]
521 666 [0]
359 829 [0]
485 703 [0]
3 1186 [0]
363 826 [0]
327 859 [3]
508 681 [0]
66 1121 [4]
431 761 [0]
378 809 [6]
364 823 [6]
384 807 [3]
531 663 [0]
390 805 [0]
390 803 [2]
257 940 [0]
463 734 [0]
378 818 [1]
504 692 [1]
38 1150 [9]
155 1043 [0]
343 856 [0]
446 753 [0]
313 886 [0]
192 1000 [9]
293 906 [2]
282 920 [0]
449 754 [0]
574 629 [0]
493 707 [4]
234 963 [7]
385 820 [0]
355 845 [5]
104 1095 [6]
106 1094 [6]
92 1103 [11]
368 838 [0]
71 1131 [4]
337 865 [5]
19 1189 [0]
178 1030 [0]
530 670 [8]
479 729 [1]
146 1064 [0]
45 1166 [0]
179 1032 [0]
350 861 [0]
236 976 [0]
183 1026 [3]
179 1034 [0]
269 944 [0]
121 1094 [0]
128 1087 [0]
578 636 [1]
469 744 [2]
430 776 [10]
375 841 [0]
551 661 [4]
196 1021 [0]
45 1169 [3]
597 620 [0]
148 1062 [8]
308 911 [0]
140 1076 [3]
313 899 [7]
430 780 [10]
562 655 [3]
450 770 [0]
468 753 [0]
169 1041 [11]
0 1222 [0]
201 1022 [0]
283 938 [2]
171 1046 [6]
547 669 [7]
246 978 [0]
25 1199 [0]
405 819 [0]
598 627 [0]
187 1039 [4]
383 843 [0]
126 1102 [0]
258 970 [0]
307 921 [0]
36 1193 [0]
568 661 [0]
151 1068 [10]
198 1032 [0]
127 1103 [0]
592 638 [0]
254 977 [0]
547 684 [0]
431 797 [3]
371 860 [0]
396 835 [0]
498 733 [1]
378 855 [0]
537 696 [0]
113 1113 [7]
229 1005 [0]
219 1017 [0]
347 889 [0]
425 811 [0]
402 831 [4]
347 884 [6]
228 1002 [8]
539 700 [0]
578 663 [0]
38 1201 [2]
130 1112 [0]
254 989 [0]
501 745 [0]
370 866 [10]
65 1177 [4]
611 636 [0]
162 1078 [7]
284 963 [0]
158 1086 [4]
277 966 [5]
389 854 [5]
47 1202 [0]
292 957 [0]
158 1092 [0]
473 777 [0]
302 950 [0]
537 715 [0]
567 685 [0]
15 1235 [2]
48 1199 [5]
241 1010 [2]
626 628 [0]
61 1184 [10]
599 657 [0]
121 1130 [5]
613 643 [0]
332 925 [0]
171 1083 [3]
46 1212 [0]
181 1077 [0]
293 965 [0]
238 1017 [3]
36 1217 [6]
590 669 [1]
304 951 [5]
580 681 [0]
430 832 [0]
308 944 [10]
433 830 [0]
310 954 [0]
514 750 [0]
101 1164 [0]
326 939 [0]
474 788 [3]
340 922 [4]
522 745 [0]
602 665 [0]
137 1122 [9]
504 765 [0]
356 909 [4]
197 1063 [10]
591 680 [0]
606 665 [0]
406 865 [0]
365 895 [11]
562 710 [0]
329 943 [0]
446 825 [1]
599 666 [7]
472 801 [0]
580 689 [7]
300 975 [1]
339 938 [0]
444 834 [0]
18 1251 [9]
389 890 [0]
203 1074 [2]
289 992 [0]
607 667 [7]
614 667 [0]
163 1118 [0]
499 783 [0]
547 728 [7]
479 803 [1]
386 897 [0]
150 1134 [0]
528 756 [0]
191 1094 [0]
359 926 [0]
113 1168 [4]
472 814 [0]
633 654 [0]
31 1256 [0]
390 886 [11]
423 865 [0]
314 964 [10]
29 1258 [1]
15 1274 [0]
344 945 [0]
512 777 [0]
201 1090 [0]
144 1143 [4]
352 939 [0]
57 1235 [0]
631 661 [0]
92 1194 [6]
94 1199 [0]
223 1070 [0]
492 802 [0]
555 737 [2]
124 1168 [3]
99 1187 [10]
321 975 [0]
593 698 [6]
253 1044 [0]
256 1036 [6]
227 1067 [5]
366 932 [2]
533 756 [11]
42 1259 [0]
536 765 [0]
460 841 [0]
275 1027 [0]
630 665 [7]
81 1222 [0]
338 961 [5]
254 1051 [0]
471 834 [0]
515 790 [0]
95 1209 [1]
498 803 [5]
576 731 [0]
24 1274 [9]
72 1236 [0]
551 757 [0]
141 1166 [1]
491 817 [0]
537 767 [4]
568 741 [0]
561 748 [0]
91 1219 [0]
62 1245 [3]
149 1154 [7]
380 926 [4]
629 681 [0]
87 1224 [2]
655 659 [2]
5 1312 [0]
58 1259 [0]
103 1215 [0]
295 1018 [5]
148 1162 [8]
551 763 [4]
59 1252 [8]
511 807 [2]
577 739 [4]
186 1135 [0]
346 975 [0]
467 854 [0]
431 889 [1]
503 808 [10]
400 922 [0]
542 780 [0]
428 894 [0]
287 1036 [0]
229 1095 [0]
498 826 [0]
544 780 [0]
86 1239 [0]
231 1094 [0]
627 694 [4]
73 1253 [0]
623 703 [0]
471 854 [1]
5 1322 [0]
500 826 [1]
104 1224 [0]
409 920 [0]
228 1102 [0]
423 907 [0]
224 1102 [4]
461 870 [0]
479 844 [8]
507 819 [5]
71 1254 [7]
464 867 [1]
252 1080 [0]
60 1271 [1]
541 791 [0]
42 1291 [0]
369 964 [0]
401 932 [0]
496 837 [0]
629 704 [0]
482 851 [0]
632 691 [10]
524 810 [0]
543 791 [0]
526 809 [0]
287 1049 [0]
337 995 [4]
453 883 [0]
462 875 [0]
453 884 [0]
542 791 [5]
132 1205 [1]
40 1299 [0]
218 1121 [0]
247 1092 [0]
60 1272 [7]
175 1165 [0]
188 1152 [0]
33 1303 [4]
488 852 [1]
403 937 [1]
1 1341 [0]
281 1055 [6]
228 1104 [10]
573 769 [0]
343 1000 [0]
618 725 [0]
106 1229 [8]
34 1310 [0]
17 1327 [0]
500 843 [1]
93 1252 [0]
213 1132 [0]
390 954 [1]
242 1103 [0]
634 703 [8]
2 1344 [0]
535 810 [1]
177 1167 [2]
632 703 [11]
523 823 [0]
473 874 [0]
182 1164 [1]
542 805 [0]
649 699 [0]
6 1343 [0]
451 897 [1]
14 1336 [0]
129 1221 [0]
503 847 [0]
250 1100 [0]
493 857 [0]
100 1250 [1]
464 887 [1]
600 748 [5]
391 957 [5]
671 674 [9]
137 1219 [0]
667 688 [1]
86 1261 [10]
66 1282 [9]
410 948 [0]
600 758 [0]
382 967 [9]
5 1354 [0]
430 930 [0]
558 802 [0]
469 891 [0]
458 903 [0]
334 1019 [10]
313 1052 [0]
418 950 [0]
420 948 [0]
132 1229 [8]
375 986 [8]
643 728 [0]
550 813 [8]
619 750 [2]
556 815 [0]
230 1141 [0]
666 699 [7]
335 1033 [4]
296 1077 [0]
390 978 [5]
187 1187 [0]
467 907 [0]
604 771 [0]
273 1103 [0]
671 705 [0]
333 1034 [9]
147 1225 [4]
581 796 [0]
140 1239 [0]
117 1259 [3]
476 901 [2]
480 900 [0]
596 776 [8]
321 1050 [9]
484 889 [8]
376 1006 [0]
327 1051 [4]
439 938 [5]
259 1124 [0]
608 768 [7]
152 1223 [9]
619 765 [0]
49 1336 [0]
593 792 [0]
39 1338 [8]
63 1323 [0]
467 919 [0]
486 900 [0]
590 795 [1]
312 1074 [0]
212 1175 [0]
527 860 [0]
552 835 [0]
588 799 [0]
648 739 [0]
643 736 [9]
166 1220 [2]
634 754 [0]
34 1351 [3]
640 743 [5]
519 870 [0]
536 853 [0]
561 828 [0]
125 1253 [11]
117 1273 [0]
54 1332 [4]
288 1101 [1]
90 1292 [8]
259 1132 [0]
383 1007 [1]
366 1025 [0]
215 1177 [0]
391 993 [8]
543 850 [0]
392 1001 [1]
209 1185 [0]
130 1265 [0]
561 834 [0]
506 884 [5]
9 1387 [0]
470 926 [0]
1 1389 [6]
465 929 [2]
332 1065 [0]
534 863 [0]
576 817 [4]
114 1277 [7]
599 801 [0]
647 754 [0]
550 851 [0]
682 719 [0]
143 1259 [0]
609 784 [9]
195 1202 [6]
378 1017 [8]
162 1238 [3]
341 1063 [0]
469 936 [0]
260 1146 [0]
214 1193 [0]
418 980 [10]
420 989 [0]
360 1049 [0]
238 1162 [9]
193 1218 [0]
558 849 [5]
233 1179 [0]
650 757 [5]
179 1230 [3]
284 1129 [0]
595 818 [0]
671 743 [0]
432 982 [0]
130 1275 [9]
159 1256 [0]
192 1217 [6]
166 1244 [6]
78 1330 [8]
374 1043 [0]
387 1020 [10]
216 1197 [5]
400 1008 [10]
34 1375 [9]
671 748 [0]
205 1215 [0]
489 923 [8]
224 1189 [7]
97 1317 [7]
497 925 [0]
516 907 [0]
518 901 [4]
275 1148 [0]
376 1040 [7]
31 1393 [0]
35 1389 [0]
129 1295 [0]
517 907 [0]
502 923 [0]
11 1413 [1]
394 1031 [0]
252 1174 [0]
172 1254 [0]
618 809 [0]
626 790 [11]
409 1020 [0]
314 1116 [0]
511 919 [0]
663 764 [3]
606 825 [0]
572 859 [0]
698 727 [6]
618 814 [0]
422 1011 [0]
575 859 [0]
391 1044 [0]
591 844 [0]
191 1245 [0]
648 789 [0]
292 1146 [0]
630 808 [0]
681 757 [0]
524 905 [10]
127 1314 [0]
152 1289 [0]
226 1217 [0]
425 1018 [0]
199 1244 [0]
0 1444 [0]
345 1089 [10]
93 1352 [0]
323 1117 [5]
647 792 [7]
280 1157 [9]
150 1291 [5]
323 1119 [5]
547 901 [0]
537 908 [3]
348 1100 [0]
360 1080 [8]
225 1224 [0]
561 888 [0]
546 893 [10]
619 822 [8]
594 852 [4]
158 1293 [0]
538 905 [8]
42 1410 [0]
241 1204 [7]
59 1394 [0]
66 1387 [0]
461 991 [1]
258 1195 [0]
239 1215 [0]
208 1246 [0]
575 872 [8]
115 1341 [0]
245 1211 [0]
379 1077 [0]
78 1379 [0]
153 1304 [0]
165 1292 [0]
293 1156 [8]
408 1048 [1]
266 1192 [0]
160 1299 [0]
220 1239 [0]
567 886 [6]
65 1395 [0]
699 761 [0]
230 1221 [9]
33 1427 [1]
478 980 [3]
467 988 [6]
464 998 [0]
97 1357 [8]
559 904 [0]
608 855 [0]
54 1411 [0]
113 1352 [0]
538 928 [0]
360 1096 [10]
337 1130 [0]
156 1312 [0]
104 1363 [1]
28 1441 [0]
214 1254 [1]
15 1455 [0]
195 1275 [0]
381 1087 [3]
452 1021 [0]
685 788 [0]
122 1351 [0]
506 967 [0]
653 813 [7]
101 1368 [4]
716 758 [0]
385 1082 [7]
530 934 [10]
119 1356 [0]
430 1045 [0]
329 1147 [0]
725 751 [0]
732 743 [1]
484 992 [0]
12 1459 [5]
20 1456 [0]
462 1015 [0]
475 1002 [0]
274 1204 [0]
286 1192 [0]
28 1442 [8]
476 993 [9]
101 1373 [5]
633 846 [0]
499 981 [0]
307 1171 [2]
385 1087 [9]
389 1083 [10]
238 1245 [0]
134 1340 [9]
72 1413 [0]
154 1331 [0]
500 981 [5]
74 1413 [0]
325 1162 [0]
357 1132 [0]
710 779 [0]
44 1446 [0]
243 1247 [0]
473 1016 [1]
413 1067 [10]
452 1033 [5]
399 1084 [8]
327 1165 [0]
66 1425 [1]
7 1484 [1]
683 810 [0]
392 1100 [1]
480 1014 [0]
548 946 [0]
478 1013 [3]
288 1198 [8]
70 1425 [0]
185 1306 [4]
403 1091 [2]
523 964 [9]
259 1238 [0]
235 1262 [0]
503 995 [0]
520 976 [2]
36 1463 [0]
402 1097 [0]
616 878 [5]
129 1366 [4]
602 890 [8]
112 1388 [0]
42 1451 [7]
387 1108 [5]
486 1015 [0]
568 926 [7]
447 1044 [10]
118 1380 [3]
403 1095 [4]
58 1438 [6]
543 960 [0]
102 1397 [4]
18 1486 [0]
346 1151 [8]
160 1346 [0]
123 1384 [0]
541 962 [4]
24 1482 [1]
239 1260 [8]
642 866 [0]
217 1290 [2]
157 1346 [6]
57 1453 [0]
127 1383 [0]
695 816 [0]
567 938 [6]
676 836 [0]
424 1085 [3]
555 957 [0]
668 845 [0]
141 1370 [2]
197 1317 [0]
450 1065 [0]
649 867 [0]
715 801 [0]
512 1004 [0]
379 1126 [11]
92 1425 [0]
357 1160 [0]
497 1016 [4]
428 1080 [9]
111 1405 [1]
503 1015 [0]
685 833 [0]
739 769 [11]
20 1500 [0]
173 1346 [1]
340 1177 [4]
673 849 [0]
702 820 [0]
250 1262 [10]
274 1244 [5]
128 1390 [7]
356 1168 [1]
50 1476 [0]
327 1199 [0]
426 1092 [8]
578 941 [7]
628 899 [0]
274 1249 [4]
74 1452 [1]
589 938 [1]
651 878 [0]
673 856 [0]
412 1118 [0]
216 1314 [0]
606 913 [11]
59 1462 [9]
623 908 [0]
672 852 [7]
667 857 [7]
267 1253 [11]
421 1110 [0]
344 1186 [1]
290 1242 [0]
37 1487 [8]
48 1479 [5]
481 1052 [0]
281 1253 [0]
614 920 [0]
410 1116 [8]
485 1049 [0]
433 1092 [9]
688 846 [1]
444 1086 [5]
57 1479 [0]
726 810 [0]
744 792 [0]
3 1522 [11]
50 1482 [4]
10 1523 [4]
367 1168 [3]
687 851 [0]
502 1037 [0]
19 1522 [0]
665 876 [0]
576 966 [0]
686 846 [10]
84 1447 [11]
429 1109 [4]
206 1337 [0]
241 1297 [5]
67 1478 [0]
760 785 [0]
220 1315 [10]
721 820 [5]
759 784 [3]
463 1080 [3]
203 1338 [5]
324 1223 [0]
567 979 [1]
46 1501 [0]
133 1414 [1]
370 1170 [8]
273 1276 [0]
591 947 [11]
572 968 [10]
689 861 [0]
343 1208 [0]
49 1498 [4]
524 1017 [10]
725 821 [6]
649 899 [4]
118 1433 [1]
318 1235 [0]
550 1003 [0]
297 1257 [0]
323 1223 [8]
55 1500 [0]
461 1090 [4]
95 1454 [6]
143 1413 [0]
693 859 [4]
29 1529 [0]
244 1314 [0]
305 1253 [0]
659 900 [0]
167 1393 [0]
233 1316 [11]
215 1341 [4]
304 1257 [0]
718 843 [0]
754 802 [5]
598 960 [3]
37 1514 [10]
205 1351 [6]
266 1297 [0]
113 1446 [4]
205 1350 [8]
231 1331 [1]
176 1389 [0]
541 1024 [0]
582 979 [5]
575 989 [3]
52 1517 [0]
179 1390 [0]
4 1563 [2]
683 886 [0]
534 1025 [10]
596 973 [0]
752 817 [0]
603 966 [0]
599 971 [0]
694 871 [5]
66 1506 [0]
93 1479 [0]
290 1280 [2]
264 1308 [0]
155 1411 [6]
457 1115 [0]
474 1099 [0]
677 896 [0]
717 856 [0]
744 819 [10]
439 1130 [4]
371 1197 [5]
647 919 [7]
692 879 [3]
307 1268 [0]
548 1027 [0]
65 1506 [4]
80 1491 [4]
178 1387 [10]
347 1229 [0]
698 878 [0]
53 1524 [0]
11 1567 [0]
370 1200 [8]
535 1034 [9]
551 1027 [0]
89 1488 [1]
700 878 [1]
208 1362 [9]
758 815 [6]
134 1436 [10]
392 1178 [11]
766 812 [3]
356 1219 [7]
752 830 [0]
600 978 [4]
785 789 [9]
190 1393 [0]
34 1550 [0]
165 1417 [2]
569 1016 [0]
645 940 [0]
475 1100 [10]
344 1237 [4]
631 953 [3]
91 1491 [6]
253 1332 [4]
291 1299 [0]
95 1492 [4]
698 882 [11]
729 857 [5]
518 1066 [8]
521 1072 [0]
113 1476 [4]
178 1416 [0]
547 1039 [9]
145 1443 [8]
653 943 [1]
247 1342 [8]
359 1239 [0]
20 1571 [7]
751 848 [0]
446 1153 [0]
484 1110 [6]
331 1267 [2]
120 1481 [0]
720 881 [0]
411 1191 [0]
714 888 [0]
250 1341 [11]
480 1123 [0]
731 872 [0]
348 1250 [5]
524 1079 [1]
227 1368 [9]
417 1188 [0]
168 1438 [0]
274 1327 [5]
640 967 [0]
257 1347 [3]
519 1088 [0]
223 1385 [0]
477 1122 [9]
679 926 [3]
348 1261 [0]
608 1001 [0]
719 889 [1]
113 1497 [0]
727 883 [0]
721 878 [11]
257 1342 [11]
225 1381 [5]
346 1264 [1]
472 1139 [0]
770 833 [8]
166 1444 [2]
554 1059 [0]
537 1065 [11]
520 1093 [0]
562 1049 [2]
407 1207 [0]
360 1247 [9]
637 970 [9]
798 819 [0]
154 1464 [0]
72 1541 [5]
254 1358 [7]
780 835 [4]
710 908 [1]
228 1389 [2]
258 1358 [4]
809 812 [0]
562 1060 [0]
568 1054 [0]
642 980 [0]
263 1349 [10]
222 1397 [3]
202 1412 [9]
297 1325 [1]
572 1052 [0]
472 1153 [0]
611 1011 [3]
125 1497 [3]
264 1362 [0]
591 1028 [7]
559 1067 [1]
80 1540 [7]
695 923 [9]
545 1072 [11]
562 1058 [9]
145 1483 [1]
645 985 [0]
488 1133 [9]
167 1462 [1]
563 1068 [0]
610 1021 [0]
158 1465 [8]
152 1480 [0]
543 1089 [0]
548 1084 [0]
600 1026 [6]
239 1392 [1]
415 1217 [0]
223 1410 [0]
575 1048 [10]
512 1122 [0]
216 1408 [10]
68 1558 [8]
120 1506 [9]
264 1368 [3]
241 1385 [9]
550 1079 [6]
403 1224 [8]
698 931 [6]
280 1356 [0]
460 1176 [0]
301 1336 [0]
182 1456 [0]
121 1513 [4]
173 1460 [5]
54 1576 [9]
602 1036 [1]
282 1358 [0]
424 1216 [0]
692 948 [0]
622 1018 [0]
55 1576 [9]
61 1568 [11]
500 1141 [0]
459 1174 [8]
259 1379 [4]
551 1092 [0]
216 1417 [10]
571 1073 [0]
365 1277 [2]
749 896 [0]
220 1415 [10]
499 1147 [0]
500 1146 [0]
267 1373 [6]
392 1243 [11]
161 1485 [0]
223 1424 [0]
304 1343 [0]
565 1082 [0]
665 978 [4]
164 1484 [0]
592 1056 [0]
687 963 [0]
496 1155 [0]
410 1237 [4]
146 1506 [0]
349 1303 [0]
446 1205 [1]
290 1358 [4]
576 1076 [0]
661 984 [9]
230 1414 [10]
239 1416 [0]
94 1562 [0]
186 1461 [9]
766 883 [7]
232 1424 [0]
591 1064 [2]
104 1552 [1]
173 1479 [5]
171 1487 [0]
479 1179 [0]
699 956 [3]
117 1541 [0]
189 1470 [0]
183 1477 [0]
496 1161 [3]
540 1119 [1]
763 891 [6]
118 1540 [2]
413 1248 [0]
192 1461 [8]
746 907 [9]
677 985 [0]
450 1213 [0]
669 988 [6]
386 1272 [5]
402 1253 [9]
785 873 [7]
366 1288 [11]
640 1026 [0]
719 947 [0]
455 1202 [10]
199 1469 [0]
253 1415 [0]
589 1079 [0]
339 1325 [4]
821 848 [0]
370 1291 [8]
287 1378 [4]
631 1029 [9]
507 1163 [0]
189 1482 [0]
826 845 [0]
684 982 [5]
86 1585 [0]
149 1523 [0]
505 1166 [1]
331 1338 [4]
305 1369 [0]
579 1095 [0]
806 868 [0]
549 1127 [0]
496 1170 [10]
153 1512 [11]
192 1485 [0]
444 1233 [0]
460 1217 [0]
468 1209 [0]
773 904 [0]
91 1584 [2]
817 859 [1]
416 1262 [0]
291 1385 [3]
771 904 [4]
525 1155 [0]
260 1410 [10]
653 1017 [10]
517 1164 [0]
708 970 [3]
786 893 [2]
132 1542 [8]
349 1334 [0]
613 1070 [0]
215 1464 [4]
222 1459 [2]
438 1241 [4]
541 1135 [7]
418 1266 [0]
515 1169 [0]
312 1369 [3]
223 1453 [8]
204 1474 [6]
496 1178 [11]
142 1535 [8]
385 1301 [0]
531 1145 [11]
228 1460 [0]
402 1286 [0]
466 1222 [0]
480 1200 [8]
209 1479 [0]
534 1155 [0]
561 1128 [0]
655 1031 [3]
729 961 [0]
674 1016 [0]
583 1100 [7]
467 1213 [11]
203 1486 [3]
552 1140 [0]
478 1215 [0]
450 1239 [4]
157 1532 [4]
415 1268 [10]
101 1588 [4]
232 1460 [0]
401 1293 [0]
413 1281 [0]
842 852 [0]
493 1197 [5]
409 1286 [1]
728 969 [0]
673 1018 [6]
477 1220 [0]
695 1002 [0]
494 1204 [0]
537 1154 [7]
503 1196 [0]
780 919 [0]
478 1220 [1]
564 1135 [0]
529 1171 [0]
403 1295 [2]
463 1226 [11]
510 1191 [0]
210 1488 [3]
362 1336 [3]
436 1266 [0]
738 965 [0]
561 1143 [0]
197 1498 [9]
321 1384 [0]
709 997 [0]
817 889 [1]
125 1577 [6]
823 887 [0]
343 1363 [4]
494 1206 [10]
458 1252 [0]
371 1335 [5]
290 1422 [0]
379 1329 [4]
523 1185 [4]
337 1376 [0]
650 1063 [0]
710 993 [10]
136 1568 [9]
198 1506 [9]
343 1367 [4]
483 1231 [0]
153 1551 [11]
848 861 [6]
462 1254 [0]
365 1349 [2]
776 929 [11]
287 1430 [0]
336 1381 [0]
415 1302 [0]
613 1104 [0]
605 1112 [0]
454 1260 [3]
591 1127 [0]
203 1511 [4]
846 872 [0]
299 1420 [0]
800 919 [0]
184 1534 [1]
515 1199 [5]
401 1313 [5]
264 1456 [0]
528 1192 [0]
230 1492 [0]
406 1317 [0]
544 1179 [0]
793 919 [11]
851 864 [8]
132 1592 [0]
831 893 [0]
128 1595 [1]
503 1222 [0]
480 1246 [0]
279 1447 [0]
548 1167 [11]
367 1349 [10]
291 1433 [3]
403 1315 [9]
399 1329 [0]
174 1543 [11]
762 966 [0]
766 953 [9]
336 1393 [0]
437 1292 [0]
768 953 [8]
191 1528 [10]
627 1097 [5]
422 1302 [5]
672 1054 [4]
448 1283 [0]
175 1548 [8]
723 1009 [0]
258 1472 [2]
359 1363 [10]
757 976 [0]
684 1050 [0]
177 1558 [0]
734 1001 [0]
659 1076 [0]
207 1529 [0]
717 1019 [0]
384 1349 [3]
358 1378 [0]
820 916 [0]
281 1455 [1]
276 1456 [5]
514 1224 [0]
645 1090 [4]
493 1241 [5]
220 1520 [0]
411 1329 [0]
571 1169 [0]
758 982 [0]
395 1346 [0]
801 929 [11]
734 1008 [0]
525 1218 [0]
647 1096 [0]
668 1069 [7]
818 927 [0]
195 1549 [1]
605 1140 [0]
618 1121 [6]
309 1437 [0]
643 1103 [0]
862 884 [0]
407 1339 [0]
431 1313 [3]
629 1109 [9]
287 1461 [1]
578 1170 [1]
274 1471 [4]
175 1575 [0]
293 1457 [0]
600 1150 [0]
779 972 [0]
405 1347 [0]
236 1508 [8]
170 1578 [4]
361 1391 [0]
396 1351 [6]
347 1397 [9]
428 1316 [10]
372 1382 [1]
739 1016 [1]
615 1139 [2]
232 1523 [1]
377 1379 [0]
505 1251 [1]
772 986 [0]
594 1162 [2]
423 1336 [0]
584 1174 [1]
368 1392 [0]
826 934 [0]
219 1542 [0]
463 1295 [3]
578 1184 [0]
753 1009 [0]
444 1320 [0]
384 1380 [0]
828 936 [0]
606 1157 [1]
593 1172 [0]
402 1356 [7]
628 1126 [11]
285 1470 [10]
445 1321 [0]
689 1077 [0]
476 1288 [2]
181 1576 [9]
322 1440 [5]
312 1456 [0]
405 1356 [7]
579 1182 [7]
240 1530 [0]
593 1177 [0]
667 1095 [8]
879 891 [0]
407 1353 [10]
199 1572 [0]
872 891 [8]
883 887 [1]
173 1599 [0]
617 1155 [0]
201 1571 [1]
193 1572 [8]
797 977 [0]
338 1428 [9]
761 1015 [0]
564 1201 [11]
868 900 [8]
535 1242 [0]
555 1215 [7]
673 1104 [0]
340 1428 [9]
489 1280 [9]
751 1022 [5]
285 1498 [0]
523 1260 [0]
410 1372 [1]
574 1202 [8]
197 1584 [3]
834 943 [8]
839 938 [8]
593 1194 [0]
808 979 [0]
874 913 [0]
703 1082 [2]
288 1490 [10]
767 1021 [0]
471 1318 [0]
794 995 [0]
649 1131 [9]
336 1454 [0]
474 1317 [0]
453 1331 [7]
677 1106 [9]
855 937 [0]
440 1353 [0]
192 1597 [4]
637 1157 [0]
233 1554 [7]
363 1432 [0]
564 1230 [2]
200 1597 [0]
577 1220 [0]
683 1114 [0]
777 1020 [0]
885 912 [0]
750 1049 [0]
234 1564 [1]
391 1401 [8]
377 1424 [0]
512 1290 [0]
711 1093 [0]
391 1403 [10]
744 1062 [0]
772 1034 [0]
558 1248 [0]
343 1464 [0]
847 960 [0]
473 1333 [1]
556 1240 [11]
605 1194 [8]
429 1377 [1]
673 1135 [0]
797 1011 [0]
510 1298 [1]
282 1528 [0]
403 1407 [1]
379 1423 [11]
389 1414 [10]
803 1010 [0]
409 1396 [8]
283 1527 [3]
769 1046 [0]
527 1280 [8]
433 1383 [0]
558 1258 [0]
589 1227 [0]
791 1018 [7]
636 1177 [3]
523 1293 [1]
642 1175 [0]
868 950 [0]
676 1141 [1]
531 1288 [0]
418 1400 [1]
703 1115 [3]
236 1576 [9]
708 1114 [0]
689 1132 [1]
233 1590 [0]
398 1414 [11]
536 1281 [6]
474 1350 [0]
687 1131 [6]
621 1196 [8]
516 1309 [0]
848 976 [1]
473 1344 [8]
649 1169 [7]
319 1501 [6]
456 1365 [5]
833 989 [4]
224 1597 [5]
460 1367 [0]
400 1428 [0]
534 1294 [0]
714 1114 [0]
709 1114 [5]
720 1108 [0]
569 1257 [2]
298 1531 [0]
229 1594 [6]
407 1415 [7]
532 1297 [0]
692 1128 [10]
273 1556 [1]
536 1293 [1]
233 1598 [0]
493 1338 [0]
586 1245 [0]
671 1152 [8]
632 1200 [0]
264 1558 [11]
719 1115 [0]
662 1173 [0]
869 963 [3]
413 1412 [11]
324 1513 [0]
476 1350 [11]
268 1570 [0]
629 1209 [0]
869 969 [0]
604 1233 [1]
505 1327 [6]
610 1224 [4]
417 1418 [3]
300 1536 [3]
568 1271 [0]
426 1405 [8]
488 1351 [0]
885 955 [0]
400 1432 [8]
733 1107 [0]
905 935 [0]
821 1018 [2]
453 1389 [0]
455 1387 [0]
564 1276 [2]
333 1510 [0]
507 1326 [11]
545 1291 [9]
868 974 [3]
477 1366 [3]
890 956 [0]
269 1574 [3]
763 1084 [0]
464 1372 [11]
903 943 [1]
535 1313 [0]
698 1140 [10]
285 1553 [10]
729 1120 [0]
253 1588 [9]
431 1419 [0]
420 1431 [0]
846 999 [7]
461 1383 [8]
634 1219 [0]
470 1378 [5]
867 987 [0]
677 1166 [11]
308 1544 [2]
308 1538 [9]
821 1025 [9]
366 1490 [0]
672 1184 [0]
927 929 [0]
462 1387 [7]
861 985 [10]
303 1554 [0]
506 1352 [0]
688 1170 [0]
541 1313 [4]
742 1116 [0]
379 1469 [10]
612 1247 [0]
625 1234 [0]
813 1037 [9]
585 1274 [0]
732 1124 [4]
524 1337 [0]
632 1218 [11]
670 1192 [0]
924 940 [0]
474 1389 [1]
708 1145 [11]
748 1117 [0]
882 983 [0]
558 1300 [7]
550 1316 [0]
540 1316 [10]
824 1043 [0]
539 1329 [0]
490 1378 [0]
692 1178 [0]
872 995 [3]
486 1377 [8]
602 1264 [5]
514 1358 [0]
675 1197 [0]
743 1130 [0]
543 1327 [3]
624 1250 [0]
741 1133 [0]
852 1022 [0]
383 1482 [9]
491 1384 [0]
626 1250 [0]
583 1292 [1]
351 1526 [0]
815 1060 [2]
576 1297 [4]
731 1137 [9]
822 1048 [8]
788 1090 [1]
776 1104 [0]
294 1588 [0]
818 1065 [0]
525 1350 [8]
667 1208 [8]
332 1546 [6]
428 1457 [0]
398 1487 [0]
501 1379 [5]
843 1042 [0]
659 1225 [1]
673 1203 [9]
839 1046 [0]
613 1265 [7]
892 993 [0]
864 1022 [0]
774 1114 [0]
913 971 [4]
857 1031 [0]
420 1458 [10]
703 1182 [4]
880 1009 [0]
835 1055 [0]
365 1525 [0]
345 1546 [0]
841 1042 [8]
448 1434 [9]
425 1467 [0]
705 1180 [7]
420 1473 [0]
783 1110 [0]
943 950 [0]
586 1308 [0]
732 1163 [0]
828 1067 [0]
382 1510 [3]
396 1489 [10]
876 1019 [0]
442 1454 [0]
754 1135 [7]
430 1467 [0]
581 1308 [8]
428 1470 [0]
346 1542 [10]
299 1598 [1]
510 1390 [0]
603 1297 [0]
922 979 [0]
421 1480 [0]
696 1207 [0]
725 1179 [0]
754 1150 [0]
586 1319 [0]
497 1399 [9]
333 1574 [0]
449 1456 [4]
412 1494 [3]
394 1507 [9]
607 1302 [1]
415 1496 [0]
435 1472 [4]
717 1187 [7]
543 1370 [0]
708 1203 [2]
470 1443 [0]
912 1002 [0]
805 1110 [0]
670 1247 [0]
325 1593 [0]
630 1285 [3]
369 1542 [7]
581 1338 [0]
689 1231 [0]
598 1323 [0]
738 1183 [0]
556 1355 [10]
860 1054 [8]
733 1189 [0]
831 1092 [0]
679 1245 [0]
830 1092 [2]
409 1505 [10]
431 1491 [2]
351 1573 [0]
477 1448 [0]
657 1268 [0]
368 1555 [2]
922 1003 [0]
522 1392 [11]
730 1196 [0]
698 1222 [6]
719 1199 [8]
906 1020 [0]
530 1387 [10]
606 1313 [8]
715 1212 [0]
574 1355 [0]
399 1531 [0]
660 1271 [0]
503 1429 [0]
692 1232 [8]
553 1380 [0]
408 1524 [1]
721 1213 [0]
943 984 [7]
388 1546 [0]
653 1282 [0]
939 996 [0]
674 1262 [0]
596 1341 [0]
955 982 [0]
960 969 [8]
507 1424 [6]
479 1458 [2]
478 1462 [0]
527 1405 [8]
606 1324 [10]
472 1469 [0]
607 1333 [1]
805 1136 [0]
580 1362 [0]
803 1139 [0]
382 1557 [3]
842 1092 [9]
707 1237 [0]
763 1181 [0]
966 976 [4]
490 1456 [0]
684 1263 [0]
352 1590 [6]
822 1127 [0]
492 1457 [0]
466 1479 [4]
372 1578 [0]
487 1463 [0]
862 1089 [0]
848 1092 [11]
466 1484 [2]
869 1078 [5]
672 1276 [4]
496 1446 [10]
417 1536 [0]
380 1567 [6]
828 1118 [8]
686 1259 [9]
605 1345 [5]
526 1426 [3]
383 1573 [0]
709 1247 [0]
754 1195 [7]
915 1041 [0]
610 1340 [6]
707 1250 [0]
882 1075 [0]
976 981 [0]
453 1497 [7]
971 988 [0]
734 1216 [9]
870 1082 [7]
911 1044 [5]
741 1220 [0]
866 1095 [0]
813 1149 [0]
457 1509 [0]
621 1345 [0]
648 1318 [0]
606 1352 [8]
865 1099 [2]
469 1499 [0]
801 1168 [0]
971 998 [0]
922 1036 [11]
569 1400 [0]
700 1268 [2]
721 1250 [0]
817 1148 [6]
506 1466 [0]
754 1215 [3]
416 1554 [2]
832 1141 [0]
746 1227 [0]
902 1071 [0]
745 1230 [0]
944 1032 [0]
659 1318 [0]
685 1293 [0]
669 1308 [1]
601 1378 [0]
650 1325 [5]
698 1276 [6]
978 1003 [0]
464 1510 [7]
549 1432 [0]
869 1113 [0]
765 1212 [5]
779 1201 [3]
900 1075 [8]
624 1355 [4]
913 1071 [0]
796 1188 [0]
785 1195 [4]
786 1192 [6]
626 1353 [6]
690 1295 [0]
937 1049 [0]
582 1406 [0]
606 1382 [0]
621 1367 [0]
988 992 [8]
551 1426 [11]
953 1036 [0]
732 1258 [0]
850 1140 [0]
732 1257 [1]
413 1578 [0]
620 1371 [0]
561 1421 [9]
953 1029 [9]
393 1599 [0]
672 1312 [8]
455 1538 [0]
613 1378 [2]
423 1571 [0]
994 998 [2]
609 1384 [1]
676 1318 [0]
460 1536 [0]
522 1473 [2]
752 1234 [11]
608 1386 [3]
898 1099 [0]
823 1175 [0]
992 1006 [0]
738 1250 [11]
441 1559 [0]
469 1524 [8]
716 1286 [0]
560 1431 [11]
733 1270 [0]
531 1461 [11]
846 1146 [11]
613 1391 [0]
480 1514 [10]
945 1059 [0]
649 1350 [7]
717 1291 [0]
519 1480 [9]
579 1430 [0]
717 1293 [0]
961 1049 [0]
569 1442 [0]
740 1271 [0]
907 1103 [1]
526 1485 [0]
574 1438 [0]
633 1380 [0]
946 1067 [0]
485 1523 [5]
605 1406 [2]
724 1290 [0]
795 1220 [0]
977 1036 [2]
451 1565 [0]
959 1058 [0]
975 1042 [0]
451 1566 [0]
700 1318 [0]
791 1220 [7]
550 1471 [0]
825 1196 [0]
477 1545 [0]
679 1344 [0]
497 1527 [0]
881 1143 [0]
625 1399 [0]
458 1567 [0]
653 1372 [0]
746 1279 [0]
663 1363 [0]
470 1550 [6]
916 1108 [2]
573 1454 [0]
1003 1020 [4]
545 1475 [7]
601 1426 [0]
448 1581 [1]
987 1044 [0]
957 1072 [2]
671 1357 [3]
654 1378 [0]
616 1407 [9]
706 1326 [0]
793 1240 [0]
713 1320 [0]
648 1386 [0]
650 1384 [0]
728 1306 [0]
681 1343 [10]
786 1250 [0]
497 1529 [10]
532 1504 [0]
632 1406 [0]
928 1110 [0]
694 1344 [0]
489 1542 [8]
526 1502 [11]
801 1239 [0]
1005 1035 [0]
879 1153 [8]
552 1489 [0]
582 1459 [0]
704 1338 [0]
840 1203 [0]
627 1409 [7]
822 1211 [10]
879 1165 [0]
893 1152 [0]
998 1045 [2]
738 1308 [0]
936 1103 [7]
929 1116 [1]
641 1406 [0]
624 1418 [5]
861 1177 [9]
772 1273 [3]
618 1430 [1]
680 1370 [0]
991 1059 [0]
927 1114 [9]
851 1200 [0]
551 1493 [7]
566 1486 [0]
638 1410 [5]
487 1560 [7]
939 1114 [1]
841 1211 [2]
747 1308 [0]
913 1135 [7]
921 1134 [0]
545 1511 [0]
786 1270 [0]
775 1281 [0]
757 1292 [7]
861 1195 [1]
950 1105 [3]
696 1358 [4]
704 1355 [0]
875 1184 [0]
463 1589 [7]
454 1596 [10]
758 1296 [7]
878 1183 [0]
780 1274 [7]
961 1102 [0]
862 1203 [0]
858 1208 [0]
857 1204 [5]
987 1079 [0]
502 1565 [0]
729 1333 [6]
808 1254 [6]
977 1082 [9]
489 1570 [10]
496 1574 [0]
951 1119 [0]
894 1176 [0]
658 1412 [0]
594 1474 [2]
599 1472 [0]
622 1449 [0]
569 1497 [5]
669 1399 [3]
542 1519 [11]
973 1091 [8]
840 1233 [0]
949 1124 [0]
705 1367 [1]
718 1356 [0]
498 1573 [3]
972 1103 [0]
997 1078 [0]
832 1244 [0]
848 1228 [0]
798 1272 [7]
957 1119 [1]
763 1308 [7]
523 1547 [8]
822 1256 [0]
679 1396 [3]
510 1560 [9]
579 1500 [1]
882 1193 [5]
886 1195 [0]
898 1184 [0]
547 1531 [4]
892 1179 [11]
963 1120 [0]
885 1189 [9]
592 1487 [4]
964 1117 [3]
882 1194 [8]
634 1441 [9]
990 1094 [0]
704 1379 [1]
919 1166 [0]
757 1330 [0]
622 1458 [7]
485 1591 [11]
907 1179 [2]
749 1338 [1]
528 1551 [10]
754 1332 [5]
710 1373 [8]
522 1570 [0]
798 1294 [0]
642 1451 [0]
986 1096 [11]
509 1584 [0]
529 1557 [7]
675 1418 [0]
523 1562 [9]
795 1299 [0]
699 1392 [3]
664 1432 [0]
517 1580 [0]
914 1184 [0]
978 1114 [6]
993 1105 [0]
803 1291 [6]
611 1490 [0]
884 1217 [0]
660 1433 [9]
893 1210 [0]
516 1576 [11]
941 1163 [0]
908 1188 [8]
836 1268 [0]
671 1434 [0]
864 1241 [0]
566 1530 [9]
697 1409 [0]
841 1257 [8]
678 1429 [0]
991 1116 [0]
781 1321 [5]
624 1484 [0]
744 1364 [0]
572 1526 [10]
767 1341 [0]
569 1529 [10]
560 1547 [2]
524 1576 [9]
637 1473 [0]
998 1111 [2]
970 1142 [0]
1012 1101 [0]
867 1247 [0]
978 1136 [0]
645 1463 [6]
615 1500 [0]
960 1146 [9]
878 1228 [9]
1043 1065 [7]
952 1164 [0]
722 1384 [11]
618 1494 [6]
569 1542 [7]
1007 1111 [0]
700 1409 [11]
804 1317 [0]
986 1135 [0]
778 1345 [0]
882 1242 [0]
987 1137 [0]
899 1214 [11]
551 1572 [2]
656 1471 [0]
835 1291 [1]
805 1315 [7]
906 1213 [9]
544 1581 [3]
607 1512 [10]
608 1510 [11]
795 1335 [0]
876 1255 [0]
990 1141 [0]
903 1217 [11]
625 1500 [7]
1052 1078 [2]
554 1579 [0]
1044 1082 [7]
898 1237 [0]
1020 1111 [4]
806 1330 [0]
747 1390 [0]
1031 1097 [9]
951 1187 [0]
988 1150 [0]
731 1406 [4]
561 1581 [0]
567 1575 [0]
755 1387 [0]
1032 1108 [3]
624 1510 [10]
1024 1121 [0]
924 1221 [0]
925 1222 [0]
811 1336 [0]
785 1360 [2]
951 1197 [0]
906 1243 [0]
574 1572 [4]
890 1261 [0]
670 1482 [0]
854 1299 [0]
557 1597 [0]
654 1490 [10]
1024 1131 [0]
856 1288 [11]
887 1269 [0]
609 1537 [10]
684 1471 [1]
1036 1112 [8]
949 1208 [0]
568 1590 [0]
975 1183 [0]
829 1318 [11]
969 1181 [9]
691 1469 [0]
614 1535 [11]
759 1392 [9]
710 1442 [8]
561 1588 [11]
1012 1149 [0]
799 1362 [0]
692 1470 [0]
940 1215 [7]
819 1344 [0]
722 1441 [0]
699 1465 [0]
842 1322 [0]
723 1441 [1]
933 1233 [0]
707 1459 [0]
1033 1134 [0]
1019 1149 [0]
1063 1106 [0]
642 1528 [0]
1064 1106 [0]
712 1459 [0]
716 1455 [0]
762 1410 [0]
644 1529 [0]
840 1333 [0]
751 1414 [8]
668 1507 [0]
643 1529 [3]
996 1180 [0]
619 1547 [10]
640 1528 [8]
719 1448 [9]
710 1459 [8]
592 1584 [1]
598 1580 [0]
981 1197 [0]
607 1562 [9]
723 1456 [0]
719 1450 [10]
956 1215 [8]
697 1483 [0]
833 1347 [0]
700 1477 [3]
759 1413 [9]
811 1371 [0]
1064 1117 [2]
1009 1166 [9]
704 1469 [11]
835 1350 [0]
786 1394 [7]
874 1313 [0]
610 1578 [0]
684 1504 [0]
909 1279 [0]
761 1429 [0]
713 1468 [9]
603 1576 [11]
984 1208 [0]
802 1383 [7]
751 1441 [1]
1041 1152 [0]
1034 1160 [0]
658 1536 [0]
753 1442 [0]
673 1511 [11]
886 1300 [10]
713 1477 [6]
870 1327 [0]
1055 1142 [0]
810 1384 [5]
942 1258 [0]
765 1430 [5]
1025 1173 [3]
749 1453 [0]
797 1405 [0]
1086 1118 [0]
831 1366 [7]
635 1559 [11]
727 1478 [0]
695 1508 [2]
739 1462 [5]
1020 1186 [1]
709 1499 [0]
827 1381 [0]
863 1345 [0]
970 1233 [6]
804 1406 [0]
614 1586 [10]
809 1391 [10]
1030 1181 [0]
1057 1154 [0]
998 1210 [3]
1067 1138 [7]
839 1372 [2]
795 1419 [0]
917 1286 [11]
1049 1166 [0]
709 1498 [8]
1095 1122 [0]
688 1518 [11]
760 1457 [0]
983 1227 [7]
1007 1208 [3]
772 1444 [2]
949 1270 [0]
782 1438 [0]
699 1521 [0]
1107 1113 [0]
1075 1137 [10]
981 1242 [0]
638 1584 [1]
861 1358 [4]
1034 1183 [7]
693 1523 [8]
740 1484 [0]
853 1373 [0]
947 1280 [0]
950 1276 [2]
1054 1165 [9]
725 1504 [0]
980 1249 [0]
1082 1145 [2]
877 1353 [0]
717 1514 [0]
984 1247 [0]
970 1256 [5]
725 1507 [0]
781 1451 [0]
977 1255 [0]
939 1282 [11]
988 1244 [0]
907 1317 [8]
1020 1213 [0]
1071 1162 [0]
1090 1143 [0]
699 1531 [3]
740 1495 [0]
692 1540 [4]
938 1299 [0]
880 1356 [1]
1012 1223 [2]
831 1399 [7]
876 1356 [6]
827 1411 [0]
1035 1204 [0]
878 1356 [6]
1024 1215 [1]
643 1598 [0]
805 1425 [11]
891 1341 [9]
839 1404 [0]
927 1308 [9]
784 1462 [0]
788 1459 [0]
689 1559 [0]
959 1289 [0]
818 1432 [0]
993 1257 [0]
1111 1136 [3]
894 1359 [0]
832 1419 [3]
1076 1168 [10]
927 1326 [2]
1038 1210 [7]
1069 1187 [0]
683 1565 [8]
1042 1215 [0]
1123 1132 [2]
788 1470 [0]
795 1452 [11]
1057 1204 [0]
883 1371 [7]
1042 1220 [0]
707 1550 [5]
936 1319 [10]
1030 1233 [3]
1032 1235 [0]
1103 1164 [0]
710 1547 [10]
1120 1145 [2]
673 1594 [1]
1108 1157 [3]
880 1388 [0]
765 1501 [3]
846 1424 [0]
975 1293 [2]
728 1536 [7]
843 1420 [8]
759 1513 [0]
1050 1222 [0]
938 1332 [4]
702 1572 [0]
719 1553 [3]
1075 1200 [0]
676 1593 [7]
744 1531 [1]
919 1350 [7]
729 1536 [11]
829 1448 [0]
931 1346 [0]
1108 1170 [0]
747 1520 [11]
1051 1228 [0]
772 1496 [11]
1107 1173 [0]
1051 1230 [0]
734 1537 [11]
755 1521 [7]
983 1302 [0]
944 1339 [2]
763 1523 [0]
1114 1161 [11]
837 1450 [0]
1093 1195 [0]
834 1455 [0]
897 1392 [0]
802 1480 [8]
1040 1244 [7]
972 1321 [0]
724 1571 [0]
1081 1214 [0]
796 1500 [0]
806 1490 [0]
933 1365 [0]
876 1422 [0]
902 1397 [0]
1137 1162 [0]
1048 1252 [0]
782 1518 [0]
707 1588 [5]
710 1587 [3]
841 1460 [0]
1007 1294 [0]
730 1568 [3]
995 1307 [0]
1136 1166 [0]
791 1508 [4]
990 1314 [0]
823 1473 [8]
1025 1270 [9]
781 1525 [0]
937 1369 [0]
929 1379 [0]
737 1571 [0]
717 1592 [0]
707 1595 [7]
713 1595 [1]
1117 1184 [8]
891 1411 [8]
985 1325 [0]
1110 1195 [5]
857 1454 [0]
953 1358 [0]
990 1317 [4]
770 1532 [9]
910 1402 [0]
1131 1181 [0]
764 1549 [0]
936 1377 [0]
834 1471 [9]
1048 1269 [0]
819 1500 [0]
870 1444 [6]
737 1584 [0]
821 1501 [0]
959 1362 [1]
1032 1291 [0]
1008 1316 [0]
944 1378 [2]
1052 1273 [0]
1136 1186 [3]
950 1372 [3]
1107 1211 [7]
851 1475 [0]
959 1367 [0]
991 1337 [0]
1000 1328 [0]
845 1484 [0]
901 1428 [0]
1058 1271 [0]
1051 1279 [0]
887 1444 [0]
937 1394 [1]
807 1527 [0]
845 1489 [0]
860 1473 [1]
1029 1306 [0]
985 1340 [11]
858 1478 [0]
948 1384 [4]
1073 1264 [0]
878 1453 [6]
966 1364 [7]
1055 1283 [0]
1070 1272 [0]
1157 1186 [0]
1035 1308 [1]
780 1566 [0]
951 1391 [6]
861 1488 [0]
1173 1177 [0]
1084 1266 [0]
1106 1240 [7]
780 1574 [0]
1135 1219 [0]
989 1358 [7]
1151 1205 [0]
946 1410 [0]
1115 1233 [8]
1099 1256 [1]
786 1563 [7]
1117 1241 [0]
915 1440 [3]
787 1566 [6]
867 1494 [0]
1006 1356 [0]
1042 1321 [1]
1049 1306 [9]
844 1521 [0]
1002 1362 [2]
999 1356 [11]
1047 1319 [0]
1168 1197 [2]
774 1594 [0]
940 1424 [4]
908 1458 [3]
1159 1213 [0]
1010 1363 [0]
1021 1352 [0]
1042 1324 [7]
1075 1301 [0]
986 1390 [0]
924 1453 [0]
1123 1254 [0]
871 1506 [0]
1155 1217 [6]
828 1541 [10]
1019 1362 [0]
1058 1320 [4]
807 1575 [0]
872 1511 [0]
1025 1358 [0]
1062 1323 [0]
963 1423 [0]
942 1442 [3]
870 1509 [8]
995 1393 [0]
926 1462 [0]
1127 1261 [3]
1026 1366 [0]
981 1409 [2]
963 1431 [0]
1035 1348 [11]
1095 1298 [1]
1054 1341 [0]
969 1415 [11]
822 1565 [9]
919 1479 [0]
1181 1219 [0]
1139 1256 [5]
1017 1380 [3]
889 1512 [0]
910 1491 [0]
1098 1305 [0]
1150 1242 [11]
836 1568 [0]
943 1461 [0]
960 1444 [0]
1099 1305 [0]
1024 1381 [0]
1087 1318 [0]
1112 1293 [0]
1141 1253 [11]
917 1490 [0]
1058 1349 [0]
968 1440 [0]
1119 1278 [11]
959 1448 [1]
903 1506 [0]
1121 1290 [0]
844 1557 [11]
947 1466 [0]
882 1522 [9]
969 1445 [0]
1088 1326 [0]
1112 1301 [1]
1175 1240 [0]
1053 1363 [0]
1188 1231 [3]
1004 1420 [0]
1105 1319 [0]
1061 1363 [0]
1080 1337 [8]
1018 1408 [0]
964 1462 [1]
1064 1365 [0]
929 1501 [0]
907 1524 [0]
967 1453 [11]
879 1553 [0]
932 1500 [0]
1077 1347 [9]
1103 1320 [11]
1015 1420 [0]
1188 1248 [0]
1070 1360 [6]
1206 1220 [11]
920 1518 [0]
979 1459 [1]
1016 1416 [7]
1147 1294 [0]
890 1549 [2]
954 1491 [0]
1045 1400 [0]
899 1544 [2]
943 1503 [0]
1124 1311 [11]
931 1517 [0]
1185 1264 [0]
1089 1361 [0]
1173 1273 [6]
1209 1237 [7]
1012 1442 [0]
918 1537 [0]
949 1506 [0]
1151 1302 [2]
921 1534 [1]
1013 1432 [11]
1198 1258 [0]
1073 1379 [6]
1098 1360 [0]
908 1552 [0]
1187 1262 [11]
1222 1228 [10]
961 1498 [2]
914 1548 [0]
869 1594 [0]
896 1564 [3]
1213 1251 [0]
1100 1359 [5]
858 1599 [7]
1144 1321 [3]
951 1516 [2]
925 1545 [0]
976 1491 [4]
1030 1444 [0]
1232 1242 [0]
898 1566 [11]
912 1564 [0]
916 1562 [0]
995 1483 [0]
962 1516 [0]
1148 1332 [0]
1191 1290 [0]
1136 1334 [11]
1006 1474 [1]
1223 1259 [0]
1070 1403 [11]
902 1583 [0]
1137 1348 [0]
1202 1283 [1]
931 1556 [0]
1028 1459 [0]
1173 1314 [0]
966 1514 [7]
975 1513 [0]
1118 1370 [0]
1225 1263 [0]
1064 1417 [7]
1159 1331 [0]
977 1511 [2]
1208 1275 [7]
1242 1244 [6]
1029 1464 [0]
1111 1382 [0]
1076 1408 [10]
913 1583 [0]
1247 1249 [0]
980 1517 [0]
931 1559 [7]
1156 1342 [0]
946 1541 [11]
1095 1404 [0]
1195 1304 [0]
1007 1493 [0]
952 1549 [0]
921 1581 [0]
1133 1369 [0]
1063 1430 [10]
1200 1304 [0]
912 1590 [3]
1045 1453 [8]
948 1549 [9]
1119 1388 [0]
1013 1496 [0]
1041 1465 [3]
1162 1347 [0]
1127 1382 [2]
1152 1360 [0]
984 1529 [0]
995 1519 [0]
939 1566 [9]
1197 1318 [0]
1108 1408 [0]
997 1511 [8]
1088 1429 [1]
1116 1397 [6]
1088 1432 [0]
1136 1377 [7]
965 1544 [11]
1075 1446 [1]
1088 1435 [0]
1122 1401 [0]
1064 1457 [2]
1037 1487 [0]
1112 1403 [9]
1008 1517 [0]
1036 1480 [9]
1230 1296 [0]
1097 1430 [0]
1198 1329 [0]
1129 1398 [0]
937 1583 [8]
952 1569 [8]
1205 1321 [8]
1237 1299 [0]
1248 1286 [2]
1110 1419 [10]
1190 1347 [2]
1239 1301 [0]
968 1571 [0]
1267 1275 [0]
1202 1329 [11]
1154 1390 [0]
982 1567 [0]
1124 1422 [4]
963 1581 [6]
1032 1518 [1]
1000 1553 [0]
1263 1291 [0]
1082 1469 [3]
1210 1346 [0]
1000 1557 [0]
1192 1363 [2]
972 1576 [10]
1215 1338 [5]
982 1570 [7]
1191 1358 [11]
1255 1306 [0]
1005 1557 [0]
1164 1396 [2]
1225 1337 [1]
1058 1507 [0]
1092 1473 [0]
971 1594 [0]
1026 1539 [0]
1257 1309 [0]
972 1595 [0]
1222 1344 [2]
1269 1303 [0]
1176 1400 [0]
1103 1471 [3]
1263 1303 [11]
1168 1409 [0]
1160 1410 [7]
1105 1469 [7]
1264 1310 [7]
1163 1419 [0]
1235 1338 [9]
1105 1471 [7]
1146 1439 [0]
1145 1440 [0]
1117 1469 [0]
1261 1322 [3]
1245 1331 [10]
1154 1433 [0]
1221 1366 [0]
1292 1296 [0]
1045 1547 [0]
1117 1474 [2]
1272 1322 [0]
1270 1319 [5]
1282 1305 [7]
1215 1371 [9]
1234 1351 [10]
1125 1470 [0]
1263 1333 [0]
1073 1524 [0]
1191 1407 [0]
1001 1598 [0]
1055 1544 [1]
1223 1379 [0]
1051 1550 [5]
1238 1368 [0]
1032 1575 [0]
1085 1522 [0]
1276 1326 [5]
1099 1509 [0]
1174 1435 [0]
1261 1345 [3]
1137 1474 [0]
1063 1549 [0]
1175 1437 [0]
1078 1527 [8]
1050 1564 [0]
1074 1540 [0]
1023 1585 [7]
1024 1592 [0]
1179 1439 [0]
1060 1559 [0]
1069 1551 [0]
1247 1374 [0]
1077 1535 [11]
1232 1392 [0]
1163 1459 [2]
1297 1330 [0]
1278 1350 [0]
1280 1345 [3]
1027 1595 [7]
1291 1339 [0]
1185 1446 [0]
1257 1365 [9]
1296 1337 [0]
1216 1421 [0]
1280 1359 [0]
1091 1548 [0]
1063 1577 [0]
1194 1441 [6]
1106 1528 [7]
1175 1465 [2]
1313 1326 [6]
1070 1567 [9]
1124 1523 [0]
1111 1537 [0]
1223 1426 [0]
1173 1479 [0]
1130 1523 [0]
1277 1376 [0]
1092 1556 [7]
1181 1476 [0]
1291 1367 [0]
1140 1511 [8]
1226 1434 [0]
1299 1361 [0]
1163 1494 [3]
1076 1585 [0]
1312 1349 [0]
1186 1477 [0]
1136 1516 [11]
1124 1540 [0]
1183 1482 [0]
1196 1459 [10]
1185 1481 [0]
1079 1588 [0]
1197 1460 [10]
1280 1384 [3]
1220 1449 [0]
1229 1440 [1]
1097 1574 [0]
1174 1498 [0]
1229 1432 [11]
1158 1515 [0]
1231 1442 [0]
1111 1563 [0]
1071 1598 [5]
1204 1471 [0]
1284 1392 [0]
1086 1590 [0]
1283 1394 [0]
1140 1529 [8]
1327 1344 [7]
1199 1480 [0]
1237 1436 [7]
1164 1516 [1]
1109 1573 [0]
1258 1421 [3]
1168 1515 [0]
1188 1488 [7]
1277 1407 [0]
1098 1585 [1]
1146 1538 [0]
1326 1354 [6]
1197 1490 [2]
1147 1547 [1]
1276 1420 [3]
1322 1369 [11]
1276 1427 [0]
1250 1448 [6]
1249 1456 [0]
1249 1455 [1]
1199 1498 [11]
1131 1580 [0]
1297 1415 [0]
1302 1403 [7]
1138 1575 [0]
1139 1566 [9]
1165 1558 [0]
1174 1549 [0]
1194 1531 [0]
1356 1366 [3]
1293 1424 [9]
1283 1443 [1]
1319 1409 [0]
1204 1524 [2]
1262 1466 [3]
1280 1452 [1]
1238 1496 [0]
1257 1478 [0]
1160 1575 [1]
1252 1486 [0]
1227 1515 [0]
1270 1465 [7]
1305 1440 [0]
1257 1489 [0]
1302 1444 [0]
1280 1467 [0]
1325 1422 [0]
1148 1592 [7]
1277 1469 [0]
1334 1410 [3]
1349 1398 [0]
1263 1486 [0]
1286 1463 [0]
1289 1461 [0]
1263 1485 [6]
1257 1494 [3]
1276 1479 [0]
1334 1421 [0]
1351 1397 [9]
1247 1503 [7]
1284 1473 [4]
1185 1574 [3]
1364 1388 [10]
1258 1503 [3]
1283 1482 [1]
1183 1574 [11]
1260 1514 [0]
1181 1586 [7]
1207 1570 [0]
1270 1509 [0]
1314 1467 [0]
1242 1539 [2]
1332 1453 [0]
1295 1492 [0]
1284 1503 [1]
1227 1563 [0]
1255 1538 [0]
1256 1527 [10]
1301 1494 [0]
1337 1458 [0]
1354 1445 [0]
1239 1560 [7]
1365 1436 [7]
1290 1513 [5]
1379 1423 [7]
1316 1494 [0]
1279 1532 [0]
1204 1596 [11]
1298 1518 [0]
1239 1575 [7]
1242 1578 [2]
1225 1597 [0]
1277 1552 [0]
1266 1569 [0]
1282 1555 [0]
1268 1593 [0]
1397 1465 [0]
1284 1579 [2]
1288 1574 [7]
1301 1569 [0]
1397 1466 [7]
1408 1456 [7]
1382 1491 [0]
1386 1487 [0]
1370 1503 [6]
1306 1573 [0]
1281 1594 [6]
1391 1486 [4]
1322 1561 [0]
1352 1530 [2]
1398 1492 [1]
1362 1532 [0]
1299 1586 [11]
1439 1459 [0]
1329 1570 [0]
1357 1547 [0]
1377 1525 [2]
1345 1553 [11]
1372 1538 [0]
1450 1461 [0]
1330 1578 [11]
1459 1466 [0]
1396 1530 [0]
1356 1576 [0]
1394 1539 [0]
1411 1524 [0]
1370 1566 [0]
1380 1554 [3]
1448 1486 [8]
1430 1516 [0]
1411 1531 [5]
1453 1488 [7]
1380 1571 [0]
1436 1521 [0]
1365 1593 [0]
1461 1497 [0]
1398 1562 [0]
1377 1586 [0]
1405 1561 [0]
1434 1532 [0]
1390 1573 [3]
1402 1577 [0]
1413 1565 [2]
1462 1522 [0]
1442 1546 [0]
1454 1529 [5]
1473 1517 [0]
1425 1565 [2]
1403 1592 [0]
1485 1508 [3]
1484 1522 [0]
1459 1540 [10]
1470 1543 [0]
1449 1564 [9]
1454 1576 [0]
1508 1516 [6]
1518 1519 [0]
1441 1596 [1]
1458 1582 [0]
1511 1531 [0]
1478 1559 [7]
1448 1598 [0]
1499 1572 [0]
1513 1574 [0]
1540 1551 [0]
1541 1576 [0]
1563 1583 [0]
1565 1579 [2]
1572 1593 [0]
