1600
12
41
180
320
353
414
958
1287
1533
800
322
72
196
456
27
83
261
47
150
218
119
224
698
305
169
703
435
101
274
87
135
92
343
380
12
262
30
278
113
5
1312
156
171
515
133
256
277
102
387
129
533
276
713
1320
444
50
327
67
474
170
89
157
650
57
319
429
185
537
70
118
225
1224
104
215
0
95
76
582
212
201
100
249
34
64
989
254
684
547
62
49
452
138
38
8
705
177
16
146
65
402
231
241
1
541
791
9
403
672
121
202
356
287
501
136
128
798
819
405
273
390
203
404
638
592
74
73
660
71
518
337
340
33
21
335
187
93
60
26
48
913
195
897
386
182
167
219
505
357
281
44
538
385
11
24
227
7
107
397
66
333
142
449
754
634
299
497
925
332
35
140
271
55
600
108
953
79
751
725
618
36
510
247
744
378
577
6
973
164
68
144
374
293
85
192
664
303
149
616
159
115
525
173
870
461
147
90
570
80
205
393
289
110
455
88
763
105
181
655
158
132
42
52
408
175
680
111
106
640
486
653
148
373
410
709
434
997
1078
22
145
364
234
602
665
606
825
253
1044
103
1215
239
495
906
1020
409
920
282
344
272
342
459
513
371
860
527
325
530
130
1112
605
1140
552
835
396
535
206
1337
524
810
683
886
313
574
629
681
508
580
389
270
696
338
323
383
236
976
151
631
661
360
1049
485
339
938
2
624
359
186
770
450
1065
59
607
69
566
1486
18
394
1031
857
493
489
54
523
823
887
37
178
882
40
834
471
426
306
562
97
849
242
1103
127
295
641
1406
632
134
644
355
285
123
528
756
208
1246
480
900
659
1076
576
304
587
567
176
777
473
425
391
420
948
692
82
23
771
604
494
609
372
448
230
1141
500
399
685
788
31
1256
822
184
667
614
29
499
345
711
1093
520
112
1388
880
1009
56
346
243
194
300
392
697
122
1351
488
370
160
952
220
13
1165
879
891
469
936
828
296
1077
379
174
223
328
99
586
1245
191
1094
990
1314
216
908
623
710
779
972
1321
445
457
1115
719
682
889
347
481
1052
572
859
575
596
78
39
291
263
418
126
454
238
630
131
45
367
693
193
654
411
590
553
1380
384
75
686
255
314
28
804
1317
197
210
288
617
1155
496
837
63
316
540
563
267
283
862
246
143
1259
58
546
498
381
183
251
478
294
382
783
1110
421
1480
152
125
124
400
43
915
1041
1152
188
221
747
1308
264
179
730
1196
503
237
428
894
1176
460
841
375
416
1262
235
479
645
940
257
266
735
1192
286
162
847
960
543
312
1074
1540
1124
259
1132
213
824
1043
155
161
1485
526
809
812
109
565
1082
10
116
687
851
482
550
228
244
204
165
1010
803
1139
472
198
832
430
439
424
368
838
331
292
957
555
309
1437
1175
642
466
260
626
628
899
153
1304
1195
258
970
137
781
1451
1525
365
438
689
861
350
678
475
1002
695
816
189
302
4
1101
1012
1149
813
91
1219
1135
564
511
548
51
961
729
1120
963
284
775
1281
413
556
815
214
1193
1254
172
334
417
265
398
290
1242
981
1197
675
1418
951
1119
32
594
560
217
476
669
362
268
911
308
352
939
326
996
1180
1114
708
168
229
1005
1035
1204
1057
1154
1390
986
772
330
84
944
269
166
759
96
61
245
120
1018
622
1449
1220
477
621
1345
778
863
534
226
679
15
19
1189
733
1107
1113
869
969
728
643
613
1070
1272
1322
842
852
1022
864
1241
1117
748
561
888
714
433
830
752
817
491
1384
321
975
1042
843
718
1356
280
463
734
1001
608
571
1073
1264
1185
209
1479
919
467
854
1299
795
1335
1419
431
545
611
636
512
1004
1420
1015
462
875
1184
578
663
531
395
468
668
845
826
363
1432
549
1127
591
844
1521
699
649
867
207
750
514
1358
1025
366
222
412
406
865
423
907
516
1309
1257
297
317
792
77
369
785
760
1457
492
802
558
1248
1188
796
581
1338
704
1355
1379
377
1424
232
701
1460
1523
1130
743
671
419
635
3
965
738
1183
878
651
700
539
1329
1198
1258
732
1163
507
559
904
773
1067
946
1410
762
966
603
1297
532
652
1504
1330
757
551
248
1027
275
1148
1332
1453
749
896
677
985
1325
1422
876
1019
717
361
1391
856
673
1104
776
25
1199
94
348
1100
250
354
731
872
846
633
688
1170
1108
720
881
1143
1090
916
820
702
1572
199
1244
988
163
1118
1086
1590
233
1179
544
780
542
805
1136
978
1003
922
979
808
1459
707
1237
898
1099
1305
1098
1360
1585
86
1239
801
599
464
998
971
1594
774
994
1045
1400
569
1016
674
739
648
789
1318
676
836
1268
307
921
1134
1033
1534
1581
1171
529
14
114
1007
1111
1382
1491
910
1402
1577
1063
341
1106
1064
1365
933
1233
840
1203
1333
1263
1225
1597
200
557
487
1463
1286
716
758
982
432
619
765
504
536
853
1373
1293
401
932
1500
20
1456
490
1378
358
522
745
376
657
1006
992
484
1474
1137
987
1079
589
1227
746
1279
909
1051
1228
848
821
1501
46
315
442
1454
336
1381
827
1411
1524
53
901
190
1393
995
794
1307
1483
1519
1518
782
1438
1032
1235
318
427
1291
1339
407
724
1290
1121
1024
1131
1181
1030
139
877
1353
440
1444
1302
415
736
1217
884
453
883
727
1478
858
1208
949
1270
786
81
1222
1050
1564
912
885
955
1344
694
483
1231
1442
753
446
1153
1205
1151
942
1546
388
627
436
1266
1084
1569
1301
1075
1200
1446
1494
1316
1008
1517
931
1346
1210
893
831
1092
1473
637
1157
1186
1477
1284
1392
1232
1503
943
329
1147
1294
1547
1357
903
458
1252
1048
1269
1303
349
1334
1421
1216
1567
1506
871
950
868
806
1490
917
974
1105
993
892
1319
1047
98
465
579
1095
866
1122
1401
1298
1404
839
1046
769
573
1372
1538
1146
1439
1255
977
797
1011
422
1405
1561
1036
1511
1531
298
1194
593
1172
1177
1173
662
141
715
1212
1166
1370
1566
451
1565
502
923
1037
1487
1386
1413
1425
1579
554
1059
945
991
1116
742
929
927
818
595
1326
706
1088
519
1429
761
1435
1174
252
1080
584
1498
1549
764
890
956
1261
1276
1427
1313
874
1354
1445
1397
902
1071
1162
1347
833
1190
1598
1448
829
959
1058
1271
568
601
1426
1223
324
1513
1574
1097
1430
1516
962
1164
517
1580
598
1323
1062
1396
1530
240
610
1021
767
1341
1054
1352
506
967
1466
947
1280
1359
1452
1467
1340
1578
1508
1288
741
1133
1369
937
855
1394
1283
1055
1142
1544
1202
1443
470
926
1462
784
964
1522
1085
1484
740
1495
1550
1482
670
1247
612
984
1529
1249
980
1455
1374
1539
1026
1366
1221
924
1583
1563
1349
1398
1129
1492
1295
690
1562
1507
1289
1461
1450
1497
1362
799
588
1532
1434
1226
1367
1250
721
1213
1159
1331
154
1464
1029
1306
1573
351
1526
1109
1251
1465
787
1273
117
1541
1576
1441
722
211
723
1596
1182
1409
1168
1515
1158
1469
691
1277
1376
1407
1191
1552
1471
656
1556
1399
625
1234
1038
1559
441
1060
1327
17
1509
1275
1267
1599
766
1371
620
597
811
1336
301
1389
1496
1013
1238
1368
983
1403
1592
1476
1586
1377
1571
737
1584
509
968
1440
1145
1229
1207
1570
1415
1575
807
1527
1138
1160
1034
1428
1230
1296
1292
437
583
1588
1348
1040
1408
615
1560
1436
1593
1417
1240
793
1528
954
310
1537
918
1493
1557
1000
1328
1553
1568
1087
1416
1542
1510
666
521
1072
1472
1023
1282
1555
1209
1595
712
1028
1315
1274
585
1554
1150
1499
999
1187
1069
1551
1514
1260
1488
1364
941
1423
1300
1383
873
647
1096
1489
1169
1350
1278
755
1387
934
1363
1053
1061
914
1548
1091
1475
1361
1089
1481
1310
768
1589
1324
1128
1265
1536
658
1412
1211
1545
1206
1458
1582
1447
279
1433
1161
1431
1414
1014
1123
1102
1167
1201
1470
1125
1543
895
1512
1214
1081
1126
790
311
930
814
1017
1502
1311
850
928
1342
1156
1558
1520
1253
1068
1178
1218
1285
1385
1144
1587
1535
1243
1343
1056
447
1591
443
1083
726
905
935
1505
639
1039
1066
1395
1375
1468
646
1236
15 19 [0]
11 24 [0]
8 38 [0]
21 33 [0]
26 48 [0]
38 42 [1]
26 60 [0]
42 52 [0]
0 95 [0]
34 64 [0]
23 82 [0]
27 83 [0]
49 62 [0]
7 107 [0]
39 78 [0]
5 113 [0]
10 116 [0]
14 114 [0]
73 74 [0]
60 93 [0]
61 96 [0]
60 99 [1]
16 146 [0]
22 145 [0]
76 95 [0]
42 132 [0]
35 140 [0]
38 138 [0]
45 131 [0]
70 118 [0]
16 177 [0]
7 183 [4]
47 150 [0]
65 146 [0]
68 144 [0]
38 175 [1]
37 178 [0]
0 215 [0]
106 111 [0]
87 135 [0]
92 135 [0]
16 208 [6]
68 164 [0]
13 220 [0]
7 227 [0]
90 147 [0]
96 135 [8]
1 241 [0]
4 241 [1]
89 157 [0]
124 125 [0]
24 227 [0]
89 170 [0]
128 136 [0]
72 196 [0]
12 262 [0]
115 159 [0]
26 246 [4]
125 152 [0]
85 192 [0]
93 187 [0]
34 249 [0]
80 205 [0]
132 158 [0]
30 262 [0]
137 147 [10]
12 279 [9]
100 201 [0]
27 273 [1]
4 302 [0]
61 245 [0]
30 278 [0]
47 261 [0]
38 268 [4]
132 184 [1]
155 161 [0]
104 215 [0]
24 291 [4]
79 241 [2]
121 202 [0]
113 211 [1]
44 281 [0]
55 271 [0]
156 171 [0]
39 291 [0]
47 286 [1]
15 321 [1]
119 218 [0]
28 314 [0]
118 225 [0]
119 224 [0]
83 261 [0]
167 182 [0]
100 249 [0]
21 335 [0]
87 274 [0]
46 315 [0]
120 245 [0]
111 248 [7]
35 332 [0]
150 218 [0]
165 204 [0]
95 273 [3]
33 340 [0]
101 274 [0]
57 319 [0]
50 327 [0]
85 293 [0]
102 277 [0]
63 316 [0]
100 286 [1]
167 219 [0]
62 318 [7]
143 246 [0]
133 256 [0]
113 278 [0]
12 380 [0]
67 327 [0]
72 322 [0]
11 385 [0]
168 229 [0]
174 223 [0]
156 239 [2]
66 333 [0]
110 289 [0]
89 301 [9]
56 346 [0]
183 220 [1]
197 210 [0]
123 285 [0]
188 221 [0]
93 308 [10]
140 271 [0]
18 394 [0]
87 325 [1]
9 403 [0]
45 367 [0]
201 212 [0]
84 330 [0]
133 282 [1]
60 357 [1]
72 350 [1]
101 321 [1]
127 295 [0]
131 285 [8]
99 328 [0]
72 348 [10]
183 251 [0]
166 269 [0]
92 343 [0]
194 243 [0]
11 417 [10]
94 348 [0]
179 264 [0]
43 400 [0]
80 359 [6]
77 369 [0]
162 286 [0]
186 262 [1]
204 244 [0]
223 227 [1]
187 259 [4]
159 292 [1]
149 303 [0]
184 271 [1]
216 241 [1]
136 315 [7]
75 384 [0]
52 408 [0]
134 327 [2]
66 397 [0]
158 296 [10]
65 402 [0]
70 392 [6]
113 351 [5]
228 244 [0]
231 241 [0]
46 422 [4]
169 305 [0]
142 333 [0]
57 412 [10]
27 456 [0]
52 431 [1]
102 387 [0]
85 396 [8]
9 476 [4]
30 461 [1]
189 302 [0]
50 444 [0]
194 300 [0]
197 293 [4]
210 288 [0]
49 452 [0]
57 439 [8]
107 397 [0]
172 334 [0]
33 476 [1]
145 364 [0]
11 497 [2]
87 426 [1]
164 345 [4]
56 458 [1]
129 387 [0]
144 374 [0]
136 375 [8]
148 373 [0]
187 335 [0]
257 266 [0]
124 400 [0]
18 507 [1]
0 516 [10]
29 499 [0]
160 370 [0]
30 502 [1]
164 369 [1]
256 277 [0]
151 380 [2]
83 449 [3]
101 435 [0]
138 399 [1]
182 357 [1]
67 474 [0]
1 541 [0]
88 455 [0]
54 489 [0]
14 529 [0]
126 418 [0]
186 359 [0]
156 386 [3]
36 510 [0]
27 518 [3]
267 283 [0]
223 328 [0]
174 379 [0]
263 291 [0]
18 528 [10]
202 356 [0]
201 357 [2]
170 384 [6]
62 500 [1]
98 465 [0]
152 406 [5]
183 381 [0]
110 455 [0]
93 475 [1]
182 386 [0]
269 289 [10]
255 314 [0]
54 523 [0]
126 454 [0]
241 341 [1]
44 538 [0]
6 577 [0]
136 444 [3]
175 408 [0]
222 366 [0]
71 518 [0]
243 346 [0]
138 452 [0]
142 449 [0]
21 561 [10]
211 379 [2]
203 390 [0]
49 541 [3]
167 430 [1]
268 328 [1]
205 393 [0]
234 364 [0]
71 528 [1]
51 548 [0]
49 543 [8]
16 587 [1]
58 546 [0]
35 565 [4]
250 354 [0]
203 404 [0]
70 537 [0]
147 461 [0]
215 393 [1]
62 547 [0]
211 400 [1]
232 380 [1]
272 342 [0]
297 317 [0]
185 429 [0]
277 335 [3]
272 344 [0]
9 598 [9]
104 514 [1]
236 383 [0]
11 609 [1]
10 613 [1]
292 331 [0]
2 624 [0]
32 594 [0]
282 344 [0]
27 600 [1]
83 547 [1]
268 362 [0]
177 455 [1]
112 520 [0]
231 402 [0]
15 612 [6]
245 384 [5]
222 412 [0]
69 566 [0]
308 328 [1]
136 501 [0]
3 635 [0]
281 357 [0]
52 580 [6]
18 613 [7]
250 390 [1]
285 355 [0]
115 525 [0]
85 553 [4]
29 614 [0]
287 356 [0]
170 474 [0]
68 572 [4]
289 356 [1]
202 444 [1]
218 422 [7]
133 515 [0]
80 570 [0]
123 528 [0]
69 573 [9]
196 456 [0]
217 435 [1]
83 559 [10]
36 618 [0]
55 600 [0]
66 590 [1]
295 356 [6]
22 626 [10]
104 552 [2]
76 582 [0]
97 562 [0]
270 389 [0]
130 530 [0]
308 352 [0]
90 570 [0]
323 338 [0]
78 584 [1]
129 533 [0]
273 390 [0]
237 428 [0]
255 407 [3]
59 607 [0]
261 399 [6]
74 592 [0]
293 374 [0]
119 547 [1]
198 472 [0]
22 651 [1]
78 596 [0]
109 565 [0]
227 438 [10]
69 607 [0]
294 382 [0]
337 340 [0]
273 405 [0]
230 448 [0]
305 370 [6]
202 470 [9]
263 418 [0]
265 417 [0]
325 357 [1]
223 455 [4]
289 393 [0]
24 653 [8]
99 586 [0]
171 515 [0]
290 398 [0]
87 602 [1]
164 525 [1]
238 454 [0]
300 392 [0]
217 476 [0]
15 679 [0]
305 390 [3]
173 525 [0]
129 563 [6]
63 637 [1]
21 678 [4]
285 419 [1]
82 621 [1]
323 383 [0]
57 650 [0]
108 600 [0]
71 631 [8]
112 600 [1]
272 433 [7]
59 644 [10]
8 705 [0]
235 479 [0]
337 377 [1]
185 537 [0]
164 551 [7]
168 545 [9]
105 618 [1]
343 380 [0]
219 505 [0]
260 466 [0]
126 603 [1]
251 478 [0]
121 606 [2]
71 660 [0]
15 712 [4]
220 509 [2]
306 426 [0]
73 660 [0]
239 495 [0]
185 542 [10]
141 592 [5]
182 553 [4]
237 503 [0]
7 722 [11]
206 535 [0]
30 701 [10]
274 456 [11]
337 399 [6]
280 463 [0]
176 567 [0]
212 521 [11]
322 412 [10]
318 427 [0]
57 682 [6]
106 640 [0]
319 429 [0]
170 577 [2]
237 502 [11]
80 663 [7]
334 417 [0]
285 460 [7]
126 626 [1]
119 636 [1]
362 393 [1]
338 418 [1]
247 510 [0]
315 442 [0]
65 689 [4]
123 635 [1]
226 534 [0]
131 630 [0]
278 483 [1]
273 483 [5]
362 388 [11]
75 686 [0]
368 390 [4]
149 616 [0]
217 539 [9]
203 554 [9]
134 632 [0]
110 658 [1]
323 443 [2]
289 481 [1]
183 585 [2]
87 674 [10]
52 720 [1]
294 478 [0]
335 435 [3]
94 674 [6]
82 692 [0]
142 622 [10]
159 616 [0]
7 768 [1]
314 456 [6]
217 560 [0]
47 720 [10]
228 550 [0]
134 644 [0]
196 585 [1]
37 743 [1]
151 631 [0]
373 410 [0]
264 520 [1]
171 603 [10]
203 574 [8]
135 652 [1]
92 696 [1]
287 501 [0]
307 474 [7]
138 651 [1]
232 547 [10]
375 416 [0]
0 790 [1]
111 680 [0]
368 424 [0]
121 672 [0]
23 771 [0]
212 582 [0]
280 514 [1]
148 648 [1]
11 775 [10]
299 497 [0]
287 510 [1]
340 450 [8]
85 712 [1]
248 551 [0]
9 791 [0]
146 654 [1]
171 623 [6]
278 517 [5]
25 776 [0]
148 653 [0]
342 459 [0]
151 651 [1]
141 662 [0]
365 438 [0]
116 687 [0]
237 567 [1]
69 728 [7]
196 610 [1]
157 650 [0]
373 424 [10]
276 533 [0]
391 420 [0]
74 735 [4]
158 655 [0]
182 633 [1]
398 417 [0]
268 548 [1]
391 425 [0]
281 529 [7]
332 481 [4]
66 747 [4]
131 687 [1]
406 412 [0]
122 697 [0]
135 684 [1]
31 788 [0]
69 745 [5]
157 661 [2]
372 448 [0]
249 570 [2]
66 750 [7]
339 485 [0]
197 626 [1]
164 658 [3]
56 772 [1]
347 481 [0]
123 697 [8]
354 466 [9]
267 563 [0]
172 649 [9]
79 751 [0]
338 492 [1]
140 692 [1]
0 824 [8]
28 804 [0]
323 503 [8]
181 655 [0]
234 602 [0]
107 721 [11]
72 758 [10]
123 718 [1]
205 637 [1]
345 499 [0]
335 510 [1]
193 654 [0]
327 521 [1]
183 655 [10]
63 784 [2]
332 506 [11]
344 504 [1]
190 660 [1]
393 457 [1]
240 610 [0]
9 842 [1]
184 667 [0]
88 763 [0]
325 527 [0]
277 576 [1]
90 758 [5]
177 677 [1]
96 759 [0]
312 543 [0]
408 442 [5]
325 530 [0]
175 680 [0]
337 518 [0]
141 715 [0]
316 540 [0]
192 664 [0]
59 799 [1]
370 488 [0]
314 535 [10]
159 697 [4]
136 717 [7]
357 505 [0]
263 600 [1]
66 797 [1]
99 764 [1]
233 630 [1]
395 468 [0]
424 439 [0]
333 526 [4]
1 860 [2]
309 555 [0]
187 666 [11]
75 787 [2]
311 555 [1]
81 786 [0]
147 709 [11]
102 766 [1]
238 630 [0]
201 658 [9]
105 763 [0]
77 792 [0]
135 734 [1]
430 439 [0]
135 736 [1]
359 512 [1]
11 861 [1]
169 703 [0]
124 743 [5]
40 834 [0]
73 794 [7]
80 795 [1]
168 708 [0]
381 498 [0]
134 742 [3]
358 522 [0]
304 576 [0]
365 516 [1]
177 705 [0]
187 695 [1]
10 874 [1]
371 513 [0]
221 660 [4]
260 626 [0]
193 693 [0]
29 858 [1]
313 574 [0]
115 773 [1]
234 653 [2]
304 587 [0]
56 837 [1]
47 839 [7]
232 655 [7]
192 691 [11]
293 593 [9]
185 705 [7]
426 471 [0]
425 473 [0]
193 701 [5]
399 500 [0]
63 837 [0]
445 457 [0]
27 868 [7]
263 635 [5]
26 867 [10]
102 798 [3]
91 813 [0]
226 679 [0]
288 617 [0]
249 658 [1]
36 866 [5]
361 548 [1]
179 730 [0]
271 633 [7]
433 471 [7]
149 765 [1]
272 636 [7]
38 879 [1]
303 614 [1]
137 781 [0]
148 771 [1]
386 528 [6]
109 812 [0]
224 698 [0]
241 681 [1]
40 882 [0]
385 538 [0]
37 887 [0]
259 655 [10]
166 759 [0]
147 774 [5]
395 531 [0]
128 798 [0]
52 868 [9]
167 764 [1]
79 842 [10]
396 535 [0]
119 807 [5]
211 722 [0]
299 634 [0]
232 701 [0]
196 734 [4]
347 582 [6]
212 712 [11]
293 643 [1]
295 641 [0]
113 815 [8]
238 699 [1]
222 705 [10]
254 684 [0]
124 805 [9]
2 938 [0]
46 890 [4]
131 804 [1]
255 686 [0]
194 749 [1]
397 546 [1]
140 796 [7]
181 763 [0]
83 863 [1]
97 849 [0]
422 525 [1]
249 695 [4]
455 494 [1]
45 901 [3]
323 618 [8]
461 489 [1]
33 907 [10]
411 530 [10]
176 777 [0]
53 901 [0]
378 577 [0]
186 770 [0]
347 598 [11]
207 750 [0]
43 915 [0]
397 562 [1]
452 507 [1]
48 913 [0]
208 756 [0]
10 946 [9]
454 511 [1]
270 696 [0]
334 633 [1]
303 664 [0]
3 965 [0]
221 747 [0]
428 530 [10]
389 580 [0]
413 556 [0]
310 660 [1]
294 671 [5]
356 609 [6]
128 844 [1]
151 821 [1]
333 639 [1]
459 513 [0]
24 943 [5]
87 879 [6]
186 787 [1]
342 631 [1]
176 796 [1]
72 904 [1]
10 961 [5]
431 545 [0]
459 518 [1]
386 586 [6]
131 848 [1]
6 973 [0]
362 612 [6]
372 609 [0]
489 493 [0]
48 935 [1]
274 709 [1]
359 624 [0]
43 934 [6]
333 644 [6]
134 850 [1]
238 746 [1]
357 627 [1]
375 609 [1]
67 919 [1]
273 712 [1]
426 562 [0]
94 892 [2]
276 713 [0]
247 744 [0]
174 816 [1]
445 542 [5]
43 944 [5]
118 865 [10]
149 847 [1]
433 562 [1]
100 888 [10]
489 504 [5]
193 804 [1]
85 907 [7]
59 931 [9]
355 644 [0]
148 845 [7]
68 923 [9]
411 590 [0]
266 735 [0]
468 527 [7]
277 726 [1]
305 698 [0]
255 747 [1]
49 948 [6]
393 601 [9]
405 600 [1]
189 816 [0]
337 661 [8]
184 822 [0]
62 937 [9]
162 847 [0]
179 829 [2]
44 968 [1]
51 961 [0]
138 867 [10]
79 931 [5]
139 877 [0]
241 775 [1]
385 621 [10]
437 580 [1]
188 818 [11]
237 782 [1]
411 599 [9]
505 506 [9]
360 661 [0]
387 632 [2]
93 929 [1]
75 938 [10]
432 592 [1]
342 680 [2]
435 584 [5]
142 875 [7]
23 992 [9]
12 1008 [7]
84 944 [0]
350 678 [0]
214 815 [0]
198 832 [0]
169 862 [1]
362 669 [0]
186 837 [8]
79 953 [0]
179 854 [1]
376 657 [0]
101 922 [10]
227 803 [4]
338 696 [0]
387 646 [2]
164 861 [10]
92 944 [1]
485 551 [1]
213 824 [0]
133 906 [1]
175 860 [5]
404 638 [0]
335 700 [7]
63 971 [9]
173 870 [0]
498 546 [0]
149 891 [4]
196 844 [4]
465 579 [0]
487 557 [0]
517 518 [9]
359 679 [7]
151 888 [7]
68 974 [5]
80 959 [9]
196 853 [1]
439 610 [1]
499 543 [7]
168 871 [11]
257 787 [6]
471 568 [11]
432 619 [0]
87 965 [1]
153 899 [0]
64 989 [0]
419 635 [0]
447 607 [1]
92 955 [7]
201 843 [10]
345 711 [0]
284 775 [0]
511 548 [0]
178 882 [0]
367 693 [0]
219 833 [9]
108 953 [0]
505 553 [4]
359 702 [1]
464 599 [0]
436 627 [0]
346 715 [3]
45 1018 [1]
56 1009 [0]
411 654 [0]
474 583 [9]
507 559 [0]
60 1002 [4]
256 804 [6]
121 938 [8]
478 579 [11]
370 693 [7]
234 837 [1]
379 688 [5]
207 867 [0]
34 1041 [1]
403 672 [0]
137 927 [11]
8 1062 [5]
511 564 [0]
44 1032 [1]
18 1056 [2]
389 688 [1]
361 717 [0]
253 825 [0]
267 812 [1]
134 947 [1]
23 1055 [3]
80 1000 [1]
418 658 [6]
123 952 [8]
135 940 [8]
399 685 [0]
356 729 [1]
354 731 [0]
455 631 [1]
231 848 [7]
32 1051 [3]
6 1081 [1]
280 802 [5]
356 724 [7]
121 968 [1]
392 697 [0]
297 792 [0]
162 928 [1]
419 671 [0]
192 888 [10]
510 581 [1]
325 759 [7]
7 1079 [5]
474 612 [5]
242 849 [0]
190 901 [0]
10 1082 [0]
195 897 [0]
118 978 [1]
477 621 [0]
494 604 [0]
22 1078 [0]
542 560 [1]
330 772 [0]
215 886 [2]
494 609 [0]
501 600 [2]
540 563 [0]
350 755 [1]
4 1101 [8]
164 943 [1]
316 791 [1]
342 763 [2]
137 970 [0]
246 862 [0]
466 642 [0]
195 913 [0]
287 811 [11]
160 952 [0]
39 1062 [11]
314 799 [0]
198 917 [0]
410 705 [0]
295 821 [0]
367 749 [0]
92 1026 [0]
164 953 [1]
410 709 [0]
101 1011 [7]
45 1070 [5]
376 745 [0]
114 1007 [0]
378 744 [0]
322 800 [0]
399 724 [0]
68 1046 [9]
216 908 [0]
296 828 [0]
479 645 [0]
59 1065 [0]
128 997 [0]
109 1017 [0]
486 640 [0]
132 990 [4]
80 1047 [0]
151 976 [0]
438 689 [0]
188 940 [0]
10 1119 [0]
407 724 [0]
515 617 [0]
473 656 [3]
333 800 [0]
251 884 [0]
468 668 [0]
450 680 [6]
76 1061 [0]
164 973 [0]
435 703 [0]
120 1018 [0]
6 1133 [0]
157 982 [0]
486 653 [0]
518 611 [10]
107 1025 [7]
129 1001 [10]
430 701 [9]
398 739 [3]
380 750 [10]
501 633 [7]
106 1030 [5]
322 812 [8]
164 971 [7]
42 1101 [0]
434 709 [0]
553 590 [0]
239 906 [0]
476 669 [0]
98 1047 [0]
283 862 [0]
81 1065 [0]
452 686 [8]
433 714 [0]
99 1041 [7]
103 1044 [0]
114 1030 [4]
160 979 [9]
512 636 [0]
412 738 [0]
454 696 [0]
177 964 [9]
385 758 [7]
27 1124 [0]
415 736 [0]
163 988 [0]
32 1119 [0]
393 753 [5]
323 830 [0]
475 678 [0]
185 960 [8]
6 1141 [6]
560 594 [0]
567 587 [0]
369 785 [0]
205 940 [10]
545 611 [0]
499 653 [4]
507 650 [0]
430 724 [3]
318 837 [3]
124 1036 [0]
261 900 [0]
382 783 [0]
303 857 [6]
381 784 [2]
203 954 [11]
500 667 [1]
546 620 [2]
126 1040 [2]
455 714 [0]
568 601 [0]
247 917 [5]
331 838 [0]
139 1030 [0]
273 895 [1]
575 596 [0]
425 747 [0]
220 952 [0]
356 812 [4]
328 837 [7]
165 1010 [0]
49 1125 [1]
239 926 [11]
79 1092 [5]
382 795 [0]
395 782 [0]
402 775 [0]
433 744 [0]
226 945 [6]
483 694 [0]
527 643 [7]
13 1165 [0]
444 734 [0]
571 608 [0]
459 710 [10]
268 911 [0]
370 803 [7]
532 652 [0]
390 788 [6]
249 926 [9]
33 1142 [9]
378 809 [0]
521 666 [0]
16 1165 [6]
38 1150 [0]
3 1186 [0]
363 826 [0]
508 681 [0]
485 703 [2]
384 807 [0]
364 823 [4]
431 761 [0]
66 1121 [5]
327 859 [6]
192 1000 [1]
531 663 [0]
172 1014 [8]
92 1103 [0]
390 805 [0]
378 818 [0]
257 940 [0]
463 734 [0]
390 803 [4]
155 1043 [0]
293 906 [0]
313 886 [0]
359 829 [11]
446 753 [0]
355 845 [0]
493 707 [0]
71 1131 [0]
337 865 [0]
282 920 [0]
449 754 [0]
574 629 [0]
104 1095 [5]
106 1094 [4]
504 692 [9]
368 838 [0]
234 963 [10]
19 1189 [0]
183 1026 [0]
343 856 [10]
148 1062 [0]
179 1032 [0]
350 861 [0]
530 670 [11]
236 976 [0]
313 899 [0]
551 661 [0]
385 820 [7]
179 1034 [0]
469 744 [0]
479 729 [5]
269 944 [0]
45 1169 [0]
578 636 [1]
430 776 [9]
375 841 [0]
169 1041 [6]
196 1021 [0]
597 620 [0]
146 1064 [7]
178 1030 [9]
308 911 [0]
430 780 [9]
450 770 [0]
547 669 [4]
151 1068 [2]
140 1076 [6]
45 1166 [11]
562 655 [6]
121 1094 [8]
25 1199 [0]
405 819 [0]
171 1046 [7]
113 1113 [0]
598 627 [1]
128 1087 [11]
468 753 [6]
126 1102 [0]
431 797 [0]
307 921 [0]
258 970 [0]
187 1039 [3]
0 1222 [7]
283 938 [8]
127 1103 [0]
592 638 [0]
254 977 [0]
396 835 [0]
371 860 [0]
547 684 [0]
378 855 [0]
201 1022 [10]
198 1032 [3]
383 843 [7]
246 978 [9]
229 1005 [0]
347 884 [3]
537 696 [2]
228 1002 [5]
219 1017 [0]
425 811 [0]
347 889 [0]
498 733 [5]
402 831 [5]
38 1201 [0]
36 1193 [10]
539 700 [0]
370 866 [3]
162 1078 [0]
568 661 [11]
578 663 [0]
130 1112 [0]
254 989 [0]
158 1086 [0]
284 963 [0]
611 636 [0]
65 1177 [5]
292 957 [0]
473 777 [0]
389 854 [7]
241 1010 [0]
36 1217 [0]
308 944 [1]
277 966 [10]
501 745 [7]
61 1184 [9]
626 628 [0]
48 1199 [7]
47 1202 [5]
238 1017 [0]
304 951 [0]
158 1092 [5]
613 643 [0]
332 925 [0]
537 715 [5]
181 1077 [0]
590 669 [0]
197 1063 [0]
365 895 [0]
567 685 [8]
580 681 [0]
15 1235 [11]
121 1130 [10]
430 832 [0]
599 657 [6]
433 830 [0]
302 950 [11]
171 1083 [9]
514 750 [0]
310 954 [0]
599 666 [0]
293 965 [7]
326 939 [0]
602 665 [0]
522 745 [0]
46 1212 [10]
474 788 [6]
340 922 [7]
504 765 [0]
101 1164 [5]
137 1122 [11]
406 865 [0]
446 825 [0]
591 680 [0]
606 665 [0]
329 943 [0]
356 909 [7]
18 1251 [3]
472 801 [0]
607 667 [0]
300 975 [1]
580 689 [7]
203 1074 [0]
339 938 [0]
390 886 [2]
389 890 [0]
314 964 [2]
562 710 [8]
444 834 [2]
113 1168 [0]
614 667 [0]
163 1118 [0]
479 803 [0]
386 897 [0]
528 756 [0]
191 1094 [0]
359 926 [0]
547 728 [10]
289 992 [5]
29 1258 [0]
31 1256 [0]
423 865 [0]
99 1187 [2]
512 777 [0]
499 783 [7]
201 1090 [0]
593 698 [0]
352 939 [0]
533 756 [2]
256 1036 [0]
555 737 [0]
631 661 [0]
94 1199 [0]
92 1194 [7]
150 1134 [10]
223 1070 [1]
144 1143 [7]
472 814 [8]
124 1168 [2]
492 802 [0]
321 975 [0]
633 654 [9]
15 1274 [8]
253 1044 [0]
366 932 [0]
344 945 [9]
338 961 [0]
24 1274 [1]
57 1235 [7]
42 1259 [0]
498 803 [0]
536 765 [0]
227 1067 [7]
460 841 [0]
275 1027 [0]
149 1154 [0]
81 1222 [0]
95 1209 [0]
254 1051 [0]
471 834 [0]
630 665 [10]
380 926 [0]
576 731 [0]
72 1236 [0]
491 817 [0]
141 1166 [1]
551 757 [0]
561 748 [0]
537 767 [5]
629 681 [0]
91 1219 [0]
59 1252 [0]
87 1224 [0]
503 808 [0]
62 1245 [6]
655 659 [0]
515 790 [9]
577 739 [0]
568 741 [7]
5 1312 [0]
58 1259 [0]
103 1215 [0]
148 1162 [9]
431 889 [0]
295 1018 [7]
186 1135 [0]
467 854 [0]
551 763 [7]
428 894 [0]
542 780 [0]
346 975 [1]
627 694 [1]
511 807 [6]
544 780 [0]
86 1239 [0]
479 844 [2]
224 1102 [0]
500 826 [0]
507 819 [0]
623 703 [0]
632 691 [3]
471 854 [1]
5 1322 [0]
287 1036 [5]
104 1224 [0]
498 826 [5]
409 920 [0]
71 1254 [4]
423 907 [0]
461 870 [0]
231 1094 [6]
400 922 [9]
541 791 [0]
252 1080 [0]
369 964 [0]
496 837 [0]
401 932 [0]
482 851 [0]
524 810 [0]
629 704 [1]
526 809 [0]
632 703 [0]
229 1095 [11]
228 1102 [6]
106 1229 [1]
453 883 [0]
73 1253 [11]
462 875 [0]
453 884 [0]
42 1291 [5]
40 1299 [0]
337 995 [7]
175 1165 [0]
542 791 [7]
634 703 [3]
188 1152 [0]
60 1271 [9]
228 1104 [9]
33 1303 [5]
488 852 [1]
543 791 [8]
60 1272 [10]
464 867 [11]
132 1205 [5]
573 769 [0]
343 1000 [0]
618 725 [0]
34 1310 [0]
287 1049 [8]
500 843 [1]
17 1327 [0]
247 1092 [5]
93 1252 [0]
671 674 [0]
281 1055 [9]
242 1103 [0]
213 1132 [0]
177 1167 [1]
523 823 [0]
218 1121 [7]
542 805 [0]
649 699 [0]
6 1343 [0]
66 1282 [1]
535 810 [4]
403 937 [9]
129 1221 [0]
493 857 [0]
250 1100 [0]
464 887 [0]
382 967 [2]
86 1261 [4]
1 1341 [9]
14 1336 [1]
503 847 [1]
451 897 [5]
391 957 [7]
182 1164 [9]
2 1344 [9]
390 954 [11]
473 874 [11]
137 1219 [2]
600 748 [10]
100 1250 [9]
469 891 [0]
667 688 [5]
558 802 [0]
458 903 [0]
132 1229 [1]
410 948 [4]
334 1019 [9]
550 813 [0]
600 758 [5]
5 1354 [5]
313 1052 [0]
375 986 [5]
335 1033 [0]
418 950 [0]
420 948 [0]
430 930 [8]
619 750 [0]
643 728 [0]
230 1141 [0]
556 815 [0]
296 1077 [0]
666 699 [8]
187 1187 [0]
390 978 [7]
467 907 [1]
604 771 [0]
273 1103 [0]
671 705 [0]
596 776 [5]
152 1223 [2]
147 1225 [5]
581 796 [0]
327 1051 [0]
117 1259 [2]
333 1034 [11]
476 901 [3]
480 900 [0]
321 1050 [11]
484 889 [9]
39 1338 [5]
640 743 [0]
90 1292 [1]
376 1006 [1]
259 1124 [0]
619 765 [0]
125 1253 [6]
608 768 [8]
439 938 [7]
590 795 [0]
593 792 [0]
486 900 [0]
467 919 [0]
312 1074 [0]
140 1239 [7]
527 860 [0]
212 1175 [0]
552 835 [0]
588 799 [0]
54 1332 [1]
648 739 [0]
391 993 [3]
63 1323 [2]
166 1220 [2]
634 754 [0]
536 853 [0]
1 1389 [0]
117 1273 [0]
643 736 [11]
561 828 [1]
288 1101 [1]
259 1132 [0]
366 1025 [0]
506 884 [1]
34 1351 [6]
114 1277 [1]
609 784 [0]
209 1185 [0]
465 929 [0]
392 1001 [1]
576 817 [1]
49 1336 [9]
383 1007 [5]
470 926 [0]
561 834 [1]
195 1202 [0]
215 1177 [5]
534 863 [0]
378 1017 [3]
519 870 [9]
130 1265 [3]
543 850 [6]
238 1162 [0]
599 801 [0]
418 980 [2]
550 851 [0]
682 719 [0]
647 754 [1]
143 1259 [0]
332 1065 [6]
341 1063 [0]
469 936 [0]
130 1275 [1]
162 1238 [6]
650 757 [0]
9 1387 [11]
214 1193 [0]
558 849 [1]
34 1375 [0]
179 1230 [0]
192 1217 [0]
360 1049 [0]
387 1020 [2]
400 1008 [3]
233 1179 [0]
489 923 [0]
284 1129 [0]
595 818 [0]
166 1244 [3]
78 1330 [5]
671 743 [0]
432 982 [0]
216 1197 [1]
420 989 [6]
260 1146 [11]
193 1218 [6]
518 901 [0]
671 748 [0]
159 1256 [4]
224 1189 [8]
497 925 [0]
97 1317 [8]
275 1148 [0]
205 1215 [3]
516 907 [0]
31 1393 [0]
129 1295 [0]
626 790 [8]
394 1031 [0]
698 727 [0]
502 923 [0]
252 1174 [0]
172 1254 [0]
376 1040 [10]
374 1043 [10]
517 907 [4]
409 1020 [0]
663 764 [2]
606 825 [0]
618 809 [4]
524 905 [2]
572 859 [0]
618 814 [0]
511 919 [2]
11 1413 [9]
422 1011 [0]
575 859 [0]
391 1044 [0]
35 1389 [11]
591 844 [0]
345 1089 [2]
191 1245 [0]
648 789 [0]
647 792 [0]
681 757 [1]
323 1117 [0]
360 1080 [0]
127 1314 [0]
152 1289 [0]
314 1116 [11]
323 1119 [0]
546 893 [3]
538 905 [0]
199 1244 [0]
280 1157 [6]
0 1444 [0]
93 1352 [0]
537 908 [0]
575 872 [0]
630 808 [9]
547 901 [0]
594 852 [2]
150 1291 [7]
348 1100 [0]
225 1224 [0]
561 888 [0]
292 1146 [11]
241 1204 [4]
425 1018 [7]
619 822 [9]
158 1293 [0]
293 1156 [3]
66 1387 [0]
567 886 [0]
258 1195 [0]
208 1246 [0]
239 1215 [0]
226 1217 [11]
230 1221 [3]
115 1341 [0]
245 1211 [0]
360 1096 [0]
379 1077 [0]
408 1048 [0]
153 1304 [0]
467 988 [3]
160 1299 [0]
220 1239 [0]
266 1192 [1]
42 1410 [7]
478 980 [2]
461 991 [9]
699 761 [2]
78 1379 [5]
464 998 [0]
608 855 [0]
559 904 [0]
97 1357 [9]
165 1292 [6]
59 1394 [11]
113 1352 [0]
538 928 [0]
337 1130 [0]
385 1082 [0]
530 934 [3]
156 1312 [0]
214 1254 [0]
101 1368 [0]
476 993 [0]
33 1427 [9]
15 1455 [0]
28 1441 [2]
65 1395 [11]
122 1351 [0]
506 967 [0]
685 788 [0]
28 1442 [3]
101 1373 [0]
134 1340 [0]
653 813 [8]
54 1411 [9]
389 1083 [2]
716 758 [0]
381 1087 [6]
732 743 [0]
20 1456 [0]
329 1147 [0]
484 992 [0]
725 751 [0]
462 1015 [0]
475 1002 [0]
104 1363 [11]
286 1192 [0]
430 1045 [3]
633 846 [0]
307 1171 [1]
413 1067 [0]
500 981 [0]
195 1275 [11]
12 1459 [10]
452 1021 [9]
119 1356 [8]
385 1087 [11]
154 1331 [0]
288 1198 [0]
274 1204 [8]
523 964 [0]
499 981 [7]
710 779 [0]
243 1247 [0]
238 1245 [7]
7 1484 [0]
185 1306 [0]
447 1044 [0]
392 1100 [0]
602 890 [0]
72 1413 [7]
452 1033 [7]
74 1413 [5]
399 1084 [9]
42 1451 [0]
683 810 [0]
478 1013 [2]
403 1091 [0]
616 878 [0]
473 1016 [5]
44 1446 [5]
480 1014 [2]
235 1262 [0]
259 1238 [0]
346 1151 [0]
357 1132 [8]
327 1165 [6]
325 1162 [11]
239 1260 [0]
402 1097 [0]
58 1438 [3]
112 1388 [0]
66 1425 [9]
129 1366 [5]
70 1425 [5]
568 926 [7]
503 995 [3]
157 1346 [0]
541 962 [0]
403 1095 [5]
543 960 [0]
548 946 [9]
18 1486 [0]
118 1380 [6]
102 1397 [5]
36 1463 [5]
567 938 [0]
387 1108 [10]
520 976 [10]
217 1290 [0]
379 1126 [2]
739 769 [0]
123 1384 [1]
486 1015 [7]
160 1346 [3]
57 1453 [0]
127 1383 [0]
141 1370 [0]
695 816 [0]
676 836 [0]
555 957 [0]
668 845 [0]
197 1317 [0]
450 1065 [0]
424 1085 [6]
111 1405 [0]
649 867 [0]
512 1004 [0]
92 1425 [0]
340 1177 [0]
357 1160 [0]
24 1482 [11]
274 1244 [0]
503 1015 [0]
173 1346 [0]
428 1080 [11]
642 866 [11]
267 1253 [0]
497 1016 [7]
20 1500 [0]
59 1462 [0]
606 913 [2]
250 1262 [9]
673 849 [0]
702 820 [0]
274 1249 [0]
37 1487 [0]
667 857 [0]
715 801 [8]
3 1522 [0]
433 1092 [0]
50 1476 [0]
327 1199 [0]
578 941 [8]
628 899 [0]
426 1092 [9]
128 1390 [10]
673 856 [0]
685 833 [11]
651 878 [0]
444 1086 [0]
216 1314 [0]
421 1110 [0]
623 908 [0]
290 1242 [0]
686 846 [0]
589 938 [5]
481 1052 [0]
412 1118 [3]
356 1168 [9]
485 1049 [0]
688 846 [0]
672 852 [10]
367 1168 [0]
410 1116 [9]
74 1452 [9]
726 810 [0]
220 1315 [2]
48 1479 [10]
281 1253 [3]
241 1297 [0]
429 1109 [0]
687 851 [0]
344 1186 [9]
84 1447 [8]
370 1170 [0]
572 968 [0]
502 1037 [1]
50 1482 [9]
576 966 [0]
10 1523 [9]
591 947 [4]
665 876 [1]
206 1337 [0]
759 784 [0]
744 792 [7]
614 920 [10]
524 1017 [3]
67 1478 [0]
760 785 [0]
721 820 [4]
323 1223 [0]
725 821 [0]
57 1479 [10]
324 1223 [0]
46 1501 [0]
19 1522 [6]
203 1338 [7]
233 1316 [0]
463 1080 [6]
689 861 [0]
461 1090 [0]
567 979 [5]
49 1498 [5]
318 1235 [0]
37 1514 [3]
297 1257 [0]
205 1351 [0]
215 1341 [0]
754 802 [0]
133 1414 [9]
95 1454 [7]
649 899 [9]
244 1314 [0]
598 960 [0]
343 1208 [7]
273 1276 [9]
205 1350 [3]
534 1025 [0]
659 900 [0]
693 859 [8]
55 1500 [5]
718 843 [0]
29 1529 [3]
118 1433 [11]
304 1257 [1]
550 1003 [9]
744 819 [0]
305 1253 [5]
176 1389 [0]
167 1393 [5]
113 1446 [7]
4 1563 [0]
178 1387 [2]
143 1413 [11]
582 979 [7]
179 1390 [0]
52 1517 [0]
683 886 [0]
596 973 [0]
752 817 [0]
603 966 [0]
155 1411 [3]
694 871 [4]
392 1178 [0]
599 971 [0]
80 1491 [0]
231 1331 [9]
264 1308 [0]
134 1436 [2]
535 1034 [3]
541 1024 [7]
266 1297 [9]
575 989 [8]
457 1115 [0]
717 856 [0]
370 1200 [3]
677 896 [0]
208 1362 [3]
647 919 [8]
307 1268 [0]
371 1197 [7]
698 878 [0]
758 815 [3]
65 1506 [5]
290 1280 [6]
692 879 [5]
89 1488 [0]
66 1506 [5]
53 1524 [0]
551 1027 [0]
600 978 [0]
766 812 [0]
347 1229 [2]
439 1130 [9]
356 1219 [4]
700 878 [0]
698 882 [0]
474 1099 [7]
344 1237 [0]
91 1491 [0]
165 1417 [0]
752 830 [0]
93 1479 [10]
11 1567 [5]
190 1393 [0]
34 1550 [0]
475 1100 [9]
548 1027 [9]
569 1016 [0]
645 940 [0]
785 789 [11]
253 1332 [1]
518 1066 [3]
547 1039 [1]
145 1443 [0]
113 1476 [0]
247 1342 [3]
631 953 [8]
521 1072 [0]
729 857 [7]
291 1299 [5]
653 943 [0]
95 1492 [9]
484 1110 [3]
178 1416 [3]
348 1250 [0]
257 1342 [0]
446 1153 [0]
477 1122 [0]
721 878 [0]
751 848 [0]
250 1341 [8]
720 881 [0]
20 1571 [10]
714 888 [0]
731 872 [0]
359 1239 [5]
257 1347 [0]
524 1079 [1]
411 1191 [2]
331 1267 [6]
537 1065 [2]
480 1123 [2]
168 1438 [0]
225 1381 [0]
274 1327 [5]
227 1368 [11]
519 1088 [0]
637 970 [0]
719 889 [0]
348 1261 [0]
608 1001 [0]
120 1481 [8]
166 1444 [0]
727 883 [0]
346 1264 [1]
679 926 [6]
472 1139 [0]
263 1349 [0]
520 1093 [0]
554 1059 [0]
407 1207 [0]
223 1385 [6]
770 833 [11]
417 1188 [9]
780 835 [0]
202 1412 [1]
562 1049 [4]
113 1497 [5]
258 1358 [0]
798 819 [0]
154 1464 [0]
72 1541 [5]
640 967 [11]
360 1247 [11]
222 1397 [0]
591 1028 [0]
710 908 [1]
80 1540 [0]
488 1133 [0]
809 812 [0]
297 1325 [0]
568 1054 [0]
642 980 [0]
254 1358 [10]
575 1048 [0]
228 1389 [6]
216 1408 [0]
125 1497 [2]
572 1052 [0]
562 1060 [3]
545 1072 [8]
241 1385 [0]
600 1026 [0]
559 1067 [0]
145 1483 [0]
611 1011 [6]
264 1362 [2]
68 1558 [3]
695 923 [11]
645 985 [0]
403 1224 [3]
563 1068 [0]
610 1021 [0]
562 1058 [11]
548 1084 [0]
152 1480 [0]
550 1079 [3]
173 1460 [0]
415 1217 [0]
61 1568 [4]
54 1576 [3]
512 1122 [0]
158 1465 [11]
392 1243 [0]
216 1417 [2]
460 1176 [0]
472 1153 [11]
280 1356 [0]
698 931 [7]
301 1336 [0]
220 1415 [2]
120 1506 [11]
259 1379 [0]
264 1368 [6]
223 1410 [5]
543 1089 [6]
167 1462 [9]
622 1018 [0]
239 1392 [9]
692 948 [0]
500 1141 [0]
365 1277 [0]
459 1174 [9]
55 1576 [11]
267 1373 [3]
121 1513 [9]
571 1073 [0]
749 896 [0]
182 1456 [7]
161 1485 [0]
230 1414 [2]
223 1424 [0]
602 1036 [9]
282 1358 [7]
565 1082 [0]
290 1358 [0]
592 1056 [0]
665 978 [5]
500 1146 [3]
551 1092 [6]
499 1147 [3]
304 1343 [2]
687 963 [0]
186 1461 [3]
496 1155 [0]
424 1216 [11]
146 1506 [0]
349 1303 [0]
576 1076 [0]
410 1237 [5]
446 1205 [1]
94 1562 [0]
104 1552 [0]
661 984 [11]
239 1416 [1]
402 1253 [1]
232 1424 [0]
455 1202 [0]
496 1161 [0]
699 956 [2]
785 873 [0]
763 891 [4]
366 1288 [4]
117 1541 [0]
173 1479 [7]
164 1484 [11]
766 883 [10]
183 1477 [0]
631 1029 [0]
540 1119 [1]
669 988 [3]
370 1291 [0]
413 1248 [0]
677 985 [0]
171 1487 [5]
192 1461 [11]
746 907 [11]
640 1026 [0]
684 982 [0]
591 1064 [11]
118 1540 [8]
450 1213 [3]
479 1179 [9]
189 1470 [8]
199 1469 [0]
386 1272 [10]
589 1079 [0]
821 848 [0]
339 1325 [5]
253 1415 [1]
653 1017 [0]
507 1163 [0]
826 845 [0]
86 1585 [0]
149 1523 [0]
287 1378 [7]
153 1512 [8]
132 1542 [0]
305 1369 [0]
806 868 [0]
579 1095 [0]
771 904 [0]
496 1170 [9]
223 1453 [0]
291 1385 [0]
549 1127 [0]
505 1166 [5]
142 1535 [0]
192 1485 [0]
773 904 [0]
189 1482 [6]
817 859 [1]
719 947 [11]
331 1338 [9]
416 1262 [0]
215 1464 [0]
438 1241 [0]
786 893 [0]
260 1410 [9]
480 1200 [0]
460 1217 [3]
496 1178 [6]
222 1459 [0]
312 1369 [0]
91 1584 [6]
517 1164 [0]
204 1474 [3]
349 1334 [0]
613 1070 [0]
708 970 [5]
418 1266 [0]
541 1135 [8]
531 1145 [8]
444 1233 [7]
467 1213 [4]
415 1268 [2]
468 1209 [8]
583 1100 [4]
209 1479 [0]
101 1588 [0]
561 1128 [0]
729 961 [0]
525 1155 [10]
674 1016 [0]
385 1301 [5]
552 1140 [0]
655 1031 [6]
232 1460 [1]
515 1169 [9]
463 1226 [4]
401 1293 [0]
842 852 [0]
673 1018 [3]
534 1155 [5]
413 1281 [0]
450 1239 [5]
537 1154 [4]
402 1286 [7]
409 1286 [1]
728 969 [0]
493 1197 [7]
228 1460 [9]
477 1220 [0]
695 1002 [0]
203 1486 [8]
403 1295 [0]
494 1204 [0]
157 1532 [9]
564 1135 [0]
503 1196 [0]
466 1222 [11]
494 1206 [0]
210 1488 [2]
529 1171 [0]
436 1266 [0]
362 1336 [4]
780 919 [3]
710 993 [0]
738 965 [0]
478 1215 [10]
478 1220 [5]
198 1506 [0]
561 1143 [0]
125 1577 [2]
321 1384 [0]
709 997 [0]
197 1498 [11]
817 889 [1]
379 1329 [0]
523 1185 [0]
153 1551 [4]
458 1252 [0]
823 887 [0]
290 1422 [0]
510 1191 [11]
848 861 [3]
337 1376 [0]
650 1063 [0]
776 929 [8]
371 1335 [7]
483 1231 [0]
136 1568 [11]
343 1367 [5]
367 1349 [0]
401 1313 [2]
613 1104 [0]
415 1302 [0]
605 1112 [0]
851 864 [2]
336 1381 [0]
343 1363 [11]
184 1534 [0]
403 1315 [0]
591 1127 [0]
846 872 [0]
191 1528 [0]
766 953 [0]
174 1543 [2]
203 1511 [5]
793 919 [8]
365 1349 [6]
454 1260 [6]
230 1492 [0]
359 1363 [0]
768 953 [1]
406 1317 [0]
544 1179 [0]
548 1167 [8]
264 1456 [3]
291 1433 [0]
515 1199 [10]
831 893 [0]
503 1222 [0]
627 1097 [1]
462 1254 [9]
132 1592 [1]
287 1430 [9]
279 1447 [0]
175 1548 [3]
480 1246 [0]
299 1420 [7]
800 919 [8]
528 1192 [7]
762 966 [0]
422 1302 [4]
336 1393 [0]
437 1292 [0]
276 1456 [0]
399 1329 [5]
684 1050 [0]
801 929 [4]
128 1595 [11]
757 976 [1]
448 1283 [3]
723 1009 [2]
177 1558 [0]
659 1076 [0]
734 1001 [0]
384 1349 [2]
672 1054 [9]
207 1529 [0]
281 1455 [0]
820 916 [0]
258 1472 [6]
358 1378 [0]
717 1019 [0]
514 1224 [0]
618 1121 [0]
629 1109 [1]
220 1520 [0]
571 1169 [0]
758 982 [0]
395 1346 [0]
493 1241 [7]
525 1218 [0]
647 1096 [0]
195 1549 [0]
236 1508 [0]
645 1090 [9]
605 1140 [0]
818 927 [0]
411 1329 [5]
668 1069 [8]
309 1437 [0]
407 1339 [0]
431 1313 [2]
643 1103 [1]
428 1316 [3]
578 1170 [0]
734 1008 [6]
862 884 [3]
293 1457 [0]
600 1150 [0]
274 1471 [5]
779 972 [0]
175 1575 [1]
361 1391 [0]
170 1578 [5]
628 1126 [0]
739 1016 [0]
347 1397 [11]
377 1379 [0]
505 1251 [0]
232 1523 [1]
181 1576 [0]
285 1470 [2]
287 1461 [9]
396 1351 [10]
772 986 [0]
594 1162 [2]
584 1174 [1]
368 1392 [0]
615 1139 [6]
579 1182 [0]
405 1347 [9]
322 1440 [0]
753 1009 [0]
407 1353 [2]
463 1295 [4]
578 1184 [0]
606 1157 [0]
372 1382 [9]
476 1288 [0]
444 1320 [0]
828 936 [0]
384 1380 [0]
593 1172 [0]
667 1095 [3]
445 1321 [0]
423 1336 [8]
689 1077 [1]
312 1456 [0]
826 934 [8]
402 1356 [10]
872 891 [5]
338 1428 [3]
240 1530 [0]
879 891 [0]
593 1177 [0]
199 1572 [0]
868 900 [3]
405 1356 [10]
173 1599 [0]
617 1155 [0]
219 1542 [11]
564 1201 [8]
797 977 [0]
193 1572 [9]
574 1202 [0]
535 1242 [0]
673 1104 [0]
288 1490 [0]
340 1428 [11]
883 887 [9]
489 1280 [11]
555 1215 [10]
197 1584 [0]
201 1571 [9]
761 1015 [6]
677 1106 [0]
751 1022 [10]
649 1131 [6]
523 1260 [3]
834 943 [9]
839 938 [9]
233 1554 [0]
593 1194 [0]
808 979 [0]
874 913 [0]
767 1021 [0]
794 995 [0]
336 1454 [0]
474 1317 [0]
410 1372 [9]
391 1401 [0]
855 937 [0]
440 1353 [0]
703 1082 [8]
391 1403 [0]
637 1157 [0]
285 1498 [11]
471 1318 [5]
192 1597 [5]
453 1331 [10]
363 1432 [0]
556 1240 [0]
577 1220 [0]
885 912 [0]
200 1597 [0]
564 1230 [4]
605 1194 [0]
750 1049 [0]
777 1020 [4]
377 1424 [0]
234 1564 [5]
711 1093 [0]
683 1114 [7]
379 1423 [2]
389 1414 [3]
558 1248 [0]
847 960 [0]
797 1011 [0]
791 1018 [0]
282 1528 [0]
772 1034 [4]
343 1464 [5]
512 1290 [11]
803 1010 [0]
510 1298 [5]
769 1046 [0]
473 1333 [9]
429 1377 [9]
236 1576 [3]
744 1062 [9]
558 1258 [0]
589 1227 [0]
409 1396 [11]
283 1527 [6]
642 1175 [0]
673 1135 [9]
703 1115 [0]
527 1280 [11]
868 950 [0]
403 1407 [9]
636 1177 [6]
319 1501 [0]
398 1414 [8]
536 1281 [3]
689 1132 [0]
687 1131 [3]
523 1293 [5]
264 1558 [0]
407 1415 [0]
833 989 [0]
621 1196 [5]
692 1128 [2]
708 1114 [0]
671 1152 [0]
233 1590 [0]
531 1288 [4]
433 1383 [8]
413 1412 [0]
516 1309 [0]
676 1141 [9]
473 1344 [9]
229 1594 [3]
649 1169 [8]
418 1400 [9]
720 1108 [0]
273 1556 [0]
460 1367 [2]
298 1531 [0]
848 976 [5]
532 1297 [0]
536 1293 [1]
493 1338 [0]
586 1245 [0]
224 1597 [10]
456 1365 [10]
505 1327 [0]
632 1200 [0]
476 1350 [6]
507 1326 [0]
474 1350 [9]
709 1114 [10]
610 1224 [0]
719 1115 [0]
869 963 [2]
400 1428 [6]
426 1405 [3]
233 1598 [4]
662 1173 [0]
300 1536 [0]
417 1418 [1]
604 1233 [0]
400 1432 [5]
714 1114 [9]
569 1257 [11]
324 1513 [0]
268 1570 [0]
629 1209 [0]
698 1140 [0]
869 969 [0]
568 1271 [0]
488 1351 [0]
534 1294 [11]
564 1276 [0]
885 955 [0]
905 935 [0]
285 1553 [2]
733 1107 [0]
455 1387 [0]
253 1588 [1]
269 1574 [0]
868 974 [1]
333 1510 [1]
464 1372 [8]
461 1383 [1]
677 1166 [2]
821 1025 [0]
890 956 [0]
903 943 [1]
545 1291 [11]
535 1313 [0]
462 1387 [0]
729 1120 [0]
470 1378 [1]
477 1366 [6]
632 1218 [0]
813 1037 [0]
379 1469 [2]
821 1018 [11]
431 1419 [0]
308 1544 [0]
763 1084 [5]
453 1389 [10]
708 1145 [0]
420 1431 [2]
861 985 [9]
846 999 [10]
366 1490 [0]
927 929 [0]
308 1538 [11]
506 1352 [0]
742 1116 [0]
688 1170 [0]
303 1554 [1]
585 1274 [0]
625 1234 [0]
541 1313 [5]
540 1316 [3]
612 1247 [0]
867 987 [6]
524 1337 [0]
670 1192 [0]
474 1389 [0]
634 1219 [10]
486 1377 [1]
748 1117 [0]
732 1124 [9]
550 1316 [0]
924 940 [2]
672 1184 [10]
558 1300 [8]
824 1043 [0]
731 1137 [0]
882 983 [3]
490 1378 [0]
539 1329 [0]
692 1178 [0]
822 1048 [0]
514 1358 [0]
675 1197 [0]
872 995 [6]
743 1130 [0]
602 1264 [7]
852 1022 [0]
741 1133 [0]
667 1208 [0]
491 1384 [0]
583 1292 [0]
543 1327 [6]
383 1482 [11]
624 1250 [3]
351 1526 [0]
420 1458 [0]
525 1350 [3]
576 1297 [5]
776 1104 [0]
815 1060 [6]
626 1250 [6]
673 1203 [6]
841 1042 [0]
332 1546 [5]
788 1090 [5]
659 1225 [0]
843 1042 [0]
398 1487 [0]
839 1046 [0]
892 993 [0]
448 1434 [3]
864 1022 [0]
613 1265 [8]
428 1457 [2]
396 1489 [3]
294 1588 [6]
857 1031 [0]
880 1009 [0]
705 1180 [4]
365 1525 [0]
835 1055 [0]
346 1542 [2]
501 1379 [10]
703 1182 [5]
345 1546 [0]
581 1308 [2]
774 1114 [3]
913 971 [7]
754 1135 [4]
783 1110 [0]
586 1308 [0]
818 1065 [11]
943 950 [1]
732 1163 [0]
876 1019 [0]
425 1467 [3]
442 1454 [0]
299 1598 [0]
430 1467 [0]
382 1510 [6]
603 1297 [0]
828 1067 [5]
421 1480 [0]
922 979 [0]
420 1473 [9]
696 1207 [0]
428 1470 [6]
394 1507 [3]
449 1456 [0]
754 1150 [1]
412 1494 [0]
333 1574 [0]
497 1399 [11]
586 1319 [3]
607 1302 [0]
510 1390 [10]
369 1542 [0]
556 1355 [0]
708 1203 [0]
435 1472 [4]
725 1179 [7]
543 1370 [0]
470 1443 [0]
912 1002 [0]
717 1187 [10]
522 1392 [2]
530 1387 [0]
409 1505 [3]
670 1247 [0]
719 1199 [0]
606 1313 [0]
581 1338 [0]
698 1222 [0]
598 1323 [0]
738 1183 [0]
630 1285 [6]
325 1593 [3]
415 1496 [10]
830 1092 [0]
733 1189 [0]
831 1092 [0]
351 1573 [0]
692 1232 [0]
805 1110 [9]
657 1268 [0]
922 1003 [0]
679 1245 [1]
860 1054 [11]
906 1020 [0]
730 1196 [0]
715 1212 [0]
943 984 [0]
574 1355 [0]
960 969 [0]
368 1555 [6]
606 1324 [0]
507 1424 [0]
689 1231 [11]
477 1448 [6]
408 1524 [0]
503 1429 [0]
431 1491 [11]
553 1380 [0]
399 1531 [3]
388 1546 [0]
721 1213 [0]
939 996 [0]
653 1282 [1]
955 982 [0]
660 1271 [9]
527 1405 [9]
607 1333 [1]
805 1136 [0]
352 1590 [0]
496 1446 [0]
803 1139 [0]
478 1462 [2]
382 1557 [4]
479 1458 [6]
966 976 [1]
707 1237 [0]
763 1181 [0]
466 1479 [0]
842 1092 [11]
674 1262 [9]
490 1456 [0]
684 1263 [0]
472 1469 [6]
848 1092 [8]
596 1341 [11]
754 1195 [0]
822 1127 [0]
492 1457 [0]
466 1484 [0]
487 1463 [0]
605 1345 [0]
734 1216 [0]
453 1497 [1]
686 1259 [7]
672 1276 [5]
580 1362 [11]
372 1578 [3]
380 1567 [7]
610 1340 [4]
869 1078 [7]
526 1426 [2]
828 1118 [9]
383 1573 [0]
709 1247 [0]
915 1041 [0]
707 1250 [0]
976 981 [0]
417 1536 [4]
862 1089 [6]
606 1352 [0]
971 988 [0]
866 1095 [0]
813 1149 [0]
870 1082 [10]
817 1148 [0]
911 1044 [10]
621 1345 [0]
882 1075 [9]
922 1036 [8]
648 1318 [0]
741 1220 [6]
469 1499 [0]
457 1509 [2]
754 1215 [0]
801 1168 [0]
971 998 [0]
569 1400 [0]
721 1250 [0]
506 1466 [0]
746 1227 [0]
902 1071 [0]
698 1276 [0]
865 1099 [11]
944 1032 [0]
416 1554 [6]
551 1426 [0]
659 1318 [0]
601 1378 [0]
700 1268 [11]
832 1141 [7]
624 1355 [1]
765 1212 [4]
549 1432 [0]
786 1192 [3]
978 1003 [0]
561 1421 [0]
669 1308 [5]
869 1113 [0]
626 1353 [3]
796 1188 [0]
913 1071 [0]
464 1510 [10]
900 1075 [9]
745 1230 [10]
650 1325 [10]
690 1295 [0]
752 1234 [0]
988 992 [6]
779 1201 [6]
685 1293 [9]
785 1195 [9]
850 1140 [0]
732 1258 [0]
620 1371 [0]
393 1599 [0]
732 1257 [3]
455 1538 [0]
469 1524 [0]
609 1384 [0]
606 1382 [5]
953 1029 [11]
994 998 [1]
608 1386 [0]
676 1318 [0]
621 1367 [6]
846 1146 [2]
522 1473 [0]
672 1312 [11]
582 1406 [8]
531 1461 [4]
480 1514 [2]
738 1250 [8]
937 1049 [11]
413 1578 [6]
898 1099 [0]
992 1006 [0]
953 1036 [9]
519 1480 [0]
649 1350 [0]
560 1431 [8]
441 1559 [0]
423 1571 [8]
716 1286 [0]
460 1536 [6]
613 1378 [11]
945 1059 [0]
823 1175 [7]
613 1391 [3]
485 1523 [0]
717 1291 [0]
907 1103 [0]
961 1049 [0]
579 1430 [1]
526 1485 [0]
569 1442 [0]
791 1220 [0]
946 1067 [0]
733 1270 [11]
724 1290 [0]
977 1036 [1]
795 1220 [0]
605 1406 [4]
451 1565 [0]
717 1293 [6]
451 1566 [0]
574 1438 [5]
959 1058 [0]
975 1042 [0]
700 1318 [0]
740 1271 [7]
470 1550 [1]
633 1380 [9]
497 1527 [0]
881 1143 [0]
625 1399 [0]
1003 1020 [1]
746 1279 [0]
916 1108 [1]
663 1363 [0]
458 1567 [1]
681 1343 [2]
601 1426 [0]
550 1471 [6]
526 1502 [0]
545 1475 [8]
448 1581 [0]
477 1545 [8]
489 1542 [0]
573 1454 [4]
825 1196 [10]
987 1044 [1]
706 1326 [0]
793 1240 [0]
822 1211 [0]
713 1320 [0]
616 1407 [11]
671 1357 [6]
679 1344 [11]
653 1372 [9]
957 1072 [6]
879 1153 [3]
532 1504 [0]
627 1409 [0]
786 1250 [0]
497 1529 [11]
928 1110 [0]
632 1406 [0]
648 1386 [4]
728 1306 [4]
650 1384 [4]
694 1344 [0]
936 1103 [0]
801 1239 [0]
1005 1035 [0]
552 1489 [0]
582 1459 [0]
927 1114 [0]
654 1378 [9]
704 1338 [0]
840 1203 [0]
551 1493 [0]
998 1045 [1]
879 1165 [0]
929 1116 [0]
641 1406 [0]
618 1430 [0]
638 1410 [0]
913 1135 [0]
738 1308 [2]
893 1152 [3]
624 1418 [7]
772 1273 [4]
861 1177 [11]
991 1059 [1]
841 1211 [0]
566 1486 [0]
454 1596 [2]
696 1358 [0]
939 1114 [1]
747 1308 [0]
921 1134 [0]
545 1511 [0]
861 1195 [0]
786 1270 [0]
775 1281 [0]
950 1105 [1]
487 1560 [10]
757 1292 [8]
704 1355 [0]
977 1082 [0]
680 1370 [9]
875 1184 [0]
463 1589 [8]
542 1519 [0]
857 1204 [0]
878 1183 [0]
729 1333 [0]
851 1200 [11]
489 1570 [3]
758 1296 [10]
780 1274 [10]
862 1203 [0]
808 1254 [3]
858 1208 [0]
987 1079 [0]
502 1565 [0]
569 1497 [1]
973 1091 [3]
496 1574 [0]
798 1272 [0]
951 1119 [0]
658 1412 [0]
894 1176 [0]
510 1560 [1]
594 1474 [3]
622 1449 [0]
961 1102 [8]
840 1233 [0]
949 1124 [0]
892 1179 [2]
498 1573 [2]
669 1399 [6]
718 1356 [0]
679 1396 [0]
997 1078 [0]
848 1228 [0]
822 1256 [0]
485 1591 [2]
957 1119 [2]
579 1500 [0]
592 1487 [0]
523 1547 [9]
882 1194 [3]
763 1308 [10]
599 1472 [10]
528 1551 [2]
705 1367 [9]
882 1193 [7]
710 1373 [0]
547 1531 [5]
963 1120 [0]
972 1103 [8]
990 1094 [0]
704 1379 [1]
919 1166 [0]
885 1189 [11]
832 1244 [9]
529 1557 [0]
754 1332 [0]
907 1179 [0]
634 1441 [11]
986 1096 [4]
757 1330 [0]
964 1117 [6]
749 1338 [1]
622 1458 [8]
886 1195 [7]
523 1562 [3]
516 1576 [0]
798 1294 [0]
660 1433 [0]
509 1584 [0]
675 1418 [0]
898 1184 [11]
803 1291 [0]
642 1451 [1]
795 1299 [0]
978 1114 [3]
664 1432 [0]
517 1580 [0]
699 1392 [6]
569 1529 [0]
993 1105 [0]
841 1257 [2]
572 1526 [2]
908 1188 [5]
884 1217 [0]
524 1576 [1]
522 1570 [10]
781 1321 [1]
893 1210 [0]
836 1268 [0]
864 1241 [0]
722 1384 [0]
878 1228 [0]
914 1184 [8]
560 1547 [0]
991 1116 [0]
566 1530 [11]
611 1490 [6]
645 1463 [0]
1043 1065 [0]
697 1409 [2]
767 1341 [0]
744 1364 [1]
637 1473 [0]
998 1111 [2]
671 1434 [8]
1012 1101 [0]
978 1136 [0]
970 1142 [2]
941 1163 [10]
615 1500 [0]
960 1146 [11]
618 1494 [5]
700 1409 [8]
608 1510 [0]
678 1429 [11]
1007 1111 [0]
867 1247 [4]
607 1512 [0]
624 1484 [11]
952 1164 [3]
804 1317 [0]
899 1214 [8]
569 1542 [10]
903 1217 [2]
778 1345 [0]
986 1135 [2]
987 1137 [0]
544 1581 [0]
625 1500 [0]
656 1471 [0]
1031 1097 [0]
805 1315 [10]
906 1213 [11]
795 1335 [0]
1020 1111 [0]
835 1291 [5]
882 1242 [7]
554 1579 [0]
876 1255 [2]
551 1572 [11]
1052 1078 [4]
898 1237 [0]
1044 1082 [10]
731 1406 [0]
624 1510 [3]
990 1141 [8]
1032 1108 [0]
806 1330 [6]
747 1390 [5]
951 1187 [4]
755 1387 [0]
654 1490 [0]
567 1575 [2]
785 1360 [0]
924 1221 [0]
1024 1121 [0]
574 1572 [0]
811 1336 [0]
951 1197 [0]
609 1537 [2]
988 1150 [10]
890 1261 [0]
829 1318 [4]
614 1535 [2]
670 1482 [0]
925 1222 [5]
906 1243 [3]
856 1288 [8]
561 1588 [4]
561 1581 [11]
854 1299 [0]
557 1597 [0]
684 1471 [0]
710 1442 [3]
1024 1131 [0]
1036 1112 [9]
949 1208 [0]
975 1183 [0]
691 1469 [0]
799 1362 [0]
1012 1149 [0]
969 1181 [11]
692 1470 [0]
759 1392 [11]
722 1441 [0]
819 1344 [0]
723 1441 [0]
842 1322 [0]
751 1414 [0]
940 1215 [10]
887 1269 [9]
568 1590 [8]
933 1233 [0]
707 1459 [0]
719 1448 [0]
1033 1134 [0]
699 1465 [4]
1063 1106 [0]
640 1528 [1]
1064 1106 [0]
712 1459 [0]
716 1455 [0]
956 1215 [0]
719 1450 [2]
643 1529 [0]
762 1410 [0]
607 1562 [3]
644 1529 [0]
704 1469 [0]
710 1459 [5]
619 1547 [8]
668 1507 [0]
1009 1166 [0]
840 1333 [2]
996 1180 [0]
642 1528 [6]
1019 1149 [9]
981 1197 [0]
598 1580 [0]
759 1413 [6]
603 1576 [0]
723 1456 [0]
786 1394 [0]
833 1347 [0]
713 1468 [0]
811 1371 [0]
700 1477 [6]
802 1383 [0]
673 1511 [2]
874 1313 [0]
592 1584 [11]
610 1578 [0]
909 1279 [0]
835 1350 [3]
886 1300 [3]
697 1483 [9]
761 1429 [0]
751 1441 [0]
984 1208 [0]
1064 1117 [11]
1041 1152 [0]
1034 1160 [0]
658 1536 [0]
753 1442 [0]
870 1327 [0]
1055 1142 [0]
713 1477 [7]
684 1504 [10]
765 1430 [4]
809 1391 [0]
1025 1173 [2]
810 1384 [7]
749 1453 [0]
614 1586 [2]
635 1559 [8]
970 1233 [0]
797 1405 [0]
1086 1118 [0]
739 1462 [4]
695 1508 [2]
727 1478 [0]
1020 1186 [0]
942 1258 [6]
831 1366 [10]
827 1381 [0]
863 1345 [0]
804 1406 [0]
998 1210 [2]
1030 1181 [0]
1057 1154 [0]
917 1286 [8]
709 1499 [3]
1075 1137 [0]
688 1518 [6]
839 1372 [1]
1067 1138 [8]
795 1419 [0]
709 1498 [9]
760 1457 [0]
1095 1122 [0]
949 1270 [0]
699 1521 [0]
983 1227 [10]
1107 1113 [0]
782 1438 [0]
1007 1208 [6]
693 1523 [5]
981 1242 [0]
907 1317 [0]
1049 1166 [9]
740 1484 [0]
939 1282 [4]
1034 1183 [8]
853 1373 [0]
950 1276 [0]
970 1256 [0]
947 1280 [0]
772 1444 [11]
861 1358 [9]
725 1504 [0]
980 1249 [0]
877 1353 [0]
1054 1165 [11]
717 1514 [0]
984 1247 [0]
692 1540 [0]
876 1356 [0]
977 1255 [0]
781 1451 [0]
988 1244 [0]
1071 1162 [0]
1090 1143 [0]
638 1584 [11]
1082 1145 [6]
805 1425 [4]
1020 1213 [1]
927 1308 [0]
740 1495 [0]
699 1531 [6]
938 1299 [0]
878 1356 [3]
1012 1223 [2]
880 1356 [1]
827 1411 [0]
1035 1204 [0]
831 1399 [10]
1024 1215 [1]
643 1598 [0]
891 1341 [11]
725 1507 [11]
839 1404 [0]
1076 1168 [0]
784 1462 [0]
788 1459 [0]
1111 1136 [0]
959 1289 [0]
1038 1210 [0]
818 1432 [0]
795 1452 [6]
832 1419 [2]
927 1326 [1]
689 1559 [6]
883 1371 [1]
894 1359 [2]
993 1257 [6]
1069 1187 [0]
1042 1215 [0]
683 1565 [9]
788 1470 [0]
936 1319 [3]
710 1547 [3]
1057 1204 [0]
707 1550 [4]
1123 1132 [6]
765 1501 [0]
1032 1235 [0]
1030 1233 [4]
1042 1220 [5]
1108 1157 [2]
880 1388 [0]
1103 1164 [3]
1120 1145 [6]
938 1332 [1]
719 1553 [0]
759 1513 [0]
1050 1222 [0]
728 1536 [8]
772 1496 [4]
843 1420 [9]
729 1536 [8]
673 1594 [6]
747 1520 [6]
702 1572 [0]
846 1424 [4]
734 1537 [4]
1075 1200 [0]
829 1448 [0]
931 1346 [0]
919 1350 [8]
1108 1170 [0]
1051 1228 [0]
975 1293 [11]
676 1593 [10]
802 1480 [0]
1051 1230 [1]
1114 1161 [8]
755 1521 [8]
744 1531 [9]
1107 1173 [6]
1040 1244 [4]
837 1450 [2]
763 1523 [5]
834 1455 [3]
972 1321 [0]
897 1392 [5]
944 1339 [11]
1025 1270 [0]
1081 1214 [0]
983 1302 [10]
1093 1195 [7]
796 1500 [0]
806 1490 [0]
710 1587 [0]
730 1568 [0]
876 1422 [0]
933 1365 [0]
1137 1162 [0]
902 1397 [0]
1048 1252 [0]
782 1518 [0]
1117 1184 [0]
995 1307 [1]
841 1460 [2]
990 1314 [0]
1110 1195 [0]
823 1473 [9]
770 1532 [3]
707 1588 [10]
724 1571 [10]
781 1525 [0]
937 1369 [0]
737 1571 [0]
834 1471 [3]
791 1508 [9]
1007 1294 [8]
985 1325 [0]
1136 1166 [8]
929 1379 [2]
891 1411 [9]
707 1595 [10]
910 1402 [0]
1131 1181 [0]
764 1549 [0]
870 1444 [0]
990 1317 [7]
936 1377 [2]
1048 1269 [0]
717 1592 [8]
713 1595 [9]
1107 1211 [0]
953 1358 [7]
819 1500 [0]
857 1454 [9]
737 1584 [0]
944 1378 [0]
821 1501 [0]
1032 1291 [0]
1008 1316 [0]
1136 1186 [2]
959 1367 [0]
1052 1273 [2]
1000 1328 [0]
959 1362 [7]
901 1428 [0]
1058 1271 [0]
1051 1279 [0]
937 1394 [0]
991 1337 [3]
851 1475 [6]
950 1372 [10]
948 1384 [1]
985 1340 [8]
845 1484 [4]
845 1489 [0]
807 1527 [0]
878 1453 [4]
1029 1306 [0]
858 1478 [0]
1073 1264 [0]
1055 1283 [0]
966 1364 [10]
887 1444 [9]
951 1391 [0]
860 1473 [9]
1070 1272 [0]
1035 1308 [0]
1157 1186 [0]
1084 1266 [0]
1173 1177 [0]
861 1488 [4]
780 1566 [8]
1135 1219 [0]
1049 1306 [0]
1106 1240 [10]
1151 1205 [0]
946 1410 [0]
989 1358 [10]
1115 1233 [9]
1117 1241 [0]
999 1356 [4]
786 1563 [10]
787 1566 [7]
915 1440 [6]
780 1574 [8]
1042 1321 [0]
940 1424 [0]
1002 1362 [0]
1099 1256 [9]
844 1521 [0]
1047 1319 [0]
867 1494 [6]
774 1594 [0]
908 1458 [2]
1168 1197 [6]
828 1541 [2]
1159 1213 [0]
1006 1356 [11]
1042 1324 [8]
1021 1352 [1]
1155 1217 [3]
986 1390 [0]
1075 1301 [0]
871 1506 [0]
1058 1320 [0]
1010 1363 [6]
1019 1362 [0]
807 1575 [0]
872 1511 [0]
1035 1348 [0]
1025 1358 [0]
942 1442 [0]
969 1415 [0]
1062 1323 [0]
1123 1254 [8]
924 1453 [8]
822 1565 [0]
1127 1261 [0]
926 1462 [0]
995 1393 [0]
870 1509 [11]
963 1423 [4]
1150 1242 [0]
1026 1366 [0]
1141 1253 [0]
1095 1298 [1]
1139 1256 [0]
1054 1341 [0]
981 1409 [6]
1017 1380 [0]
919 1479 [0]
844 1557 [0]
889 1512 [0]
1119 1278 [4]
910 1491 [0]
963 1431 [8]
1098 1305 [0]
1181 1219 [3]
836 1568 [0]
960 1444 [0]
1099 1305 [0]
1087 1318 [0]
943 1461 [1]
1024 1381 [1]
1112 1293 [1]
917 1490 [0]
959 1448 [0]
882 1522 [3]
968 1440 [0]
903 1506 [1]
1121 1290 [0]
947 1466 [0]
969 1445 [0]
1088 1326 [0]
1058 1349 [7]
1175 1240 [0]
1053 1363 [0]
1080 1337 [0]
1112 1301 [5]
1188 1231 [0]
1004 1420 [0]
1061 1363 [0]
1103 1320 [2]
1105 1319 [1]
964 1462 [1]
967 1453 [8]
1064 1365 [0]
1018 1408 [4]
879 1553 [0]
932 1500 [0]
1070 1360 [3]
1206 1220 [8]
1015 1420 [0]
1124 1311 [0]
1077 1347 [11]
1188 1248 [0]
920 1518 [0]
979 1459 [1]
929 1501 [10]
890 1549 [0]
1147 1294 [0]
1016 1416 [10]
907 1524 [11]
1013 1432 [0]
1045 1400 [0]
899 1544 [2]
1209 1237 [0]
943 1503 [0]
931 1517 [0]
1187 1262 [0]
1185 1264 [0]
1089 1361 [0]
1222 1228 [0]
1073 1379 [0]
1151 1302 [0]
1173 1273 [7]
1012 1442 [0]
918 1537 [0]
954 1491 [10]
921 1534 [1]
1198 1258 [0]
858 1599 [0]
1098 1360 [0]
1100 1359 [0]
949 1506 [4]
896 1564 [0]
914 1548 [0]
908 1552 [2]
961 1498 [6]
869 1594 [3]
1213 1251 [3]
925 1545 [0]
1136 1334 [0]
1144 1321 [6]
976 1491 [5]
898 1566 [8]
1070 1403 [0]
951 1516 [6]
1030 1444 [0]
1232 1242 [0]
912 1564 [0]
916 1562 [0]
962 1516 [0]
995 1483 [0]
966 1514 [0]
1148 1332 [0]
1006 1474 [0]
1191 1290 [0]
1208 1275 [0]
1223 1259 [2]
1076 1408 [2]
1202 1283 [1]
931 1556 [0]
946 1541 [0]
1118 1370 [0]
1225 1263 [0]
1242 1244 [3]
977 1511 [1]
1159 1331 [0]
1064 1417 [10]
902 1583 [7]
1029 1464 [0]
1063 1430 [0]
1111 1382 [0]
975 1513 [6]
1137 1348 [10]
1247 1249 [0]
1028 1459 [10]
1045 1453 [0]
1173 1314 [11]
1156 1342 [0]
1195 1304 [0]
948 1549 [3]
1095 1404 [1]
931 1559 [10]
912 1590 [0]
1133 1369 [0]
921 1581 [1]
1200 1304 [0]
913 1583 [9]
1041 1465 [0]
980 1517 [10]
997 1511 [0]
1119 1388 [1]
1127 1382 [0]
1162 1347 [0]
1013 1496 [0]
1007 1493 [10]
1152 1360 [0]
952 1549 [11]
984 1529 [0]
1136 1377 [0]
995 1519 [0]
1116 1397 [1]
1112 1403 [0]
1036 1480 [0]
1108 1408 [0]
939 1566 [11]
1088 1429 [0]
965 1544 [8]
1197 1318 [3]
937 1583 [0]
1088 1432 [0]
1075 1446 [1]
1122 1401 [0]
1037 1487 [0]
1088 1435 [1]
952 1569 [3]
1008 1517 [0]
1230 1296 [0]
1198 1329 [0]
1129 1398 [0]
1097 1430 [0]
1205 1321 [3]
1064 1457 [11]
1248 1286 [0]
1110 1419 [5]
1190 1347 [0]
1237 1299 [3]
1202 1329 [8]
968 1571 [1]
1267 1275 [0]
1239 1301 [2]
1154 1390 [0]
1124 1422 [0]
963 1581 [3]
1032 1518 [0]
972 1576 [2]
1082 1469 [0]
1215 1338 [0]
1000 1553 [0]
1192 1363 [0]
1263 1291 [2]
1210 1346 [0]
1191 1358 [8]
1000 1557 [0]
982 1567 [8]
982 1570 [10]
1164 1396 [3]
1225 1337 [1]
1026 1539 [0]
1092 1473 [0]
971 1594 [0]
1222 1344 [0]
1257 1309 [0]
1005 1557 [4]
972 1595 [0]
1255 1306 [7]
1160 1410 [0]
1269 1303 [0]
1058 1507 [7]
1105 1469 [0]
1263 1303 [8]
1176 1400 [0]
1245 1331 [0]
1103 1471 [3]
1168 1409 [0]
1235 1338 [6]
1264 1310 [8]
1261 1322 [0]
1105 1471 [7]
1145 1440 [0]
1163 1419 [3]
1146 1439 [0]
1117 1469 [0]
1154 1433 [0]
1282 1305 [0]
1215 1371 [1]
1234 1351 [2]
1221 1366 [0]
1292 1296 [0]
1045 1547 [0]
1270 1319 [4]
1272 1322 [0]
1125 1470 [0]
1263 1333 [0]
1073 1524 [0]
1191 1407 [0]
1055 1544 [0]
1276 1326 [0]
1051 1550 [1]
1117 1474 [11]
1001 1598 [6]
1238 1368 [0]
1078 1527 [1]
1223 1379 [4]
1032 1575 [0]
1085 1522 [0]
1174 1435 [0]
1137 1474 [0]
1063 1549 [0]
1077 1535 [0]
1099 1509 [4]
1175 1437 [0]
1261 1345 [6]
1074 1540 [0]
1050 1564 [0]
1179 1439 [0]
1023 1585 [10]
1060 1559 [0]
1069 1551 [0]
1247 1374 [0]
1027 1595 [0]
1257 1365 [0]
1232 1392 [0]
1280 1345 [0]
1024 1592 [10]
1278 1350 [0]
1297 1330 [1]
1291 1339 [0]
1163 1459 [11]
1194 1441 [0]
1296 1337 [3]
1070 1567 [0]
1216 1421 [0]
1280 1359 [0]
1091 1548 [0]
1063 1577 [0]
1313 1326 [1]
1185 1446 [11]
1106 1528 [10]
1175 1465 [6]
1124 1523 [0]
1092 1556 [0]
1111 1537 [0]
1223 1426 [0]
1277 1376 [0]
1130 1523 [0]
1196 1459 [0]
1136 1516 [4]
1181 1476 [0]
1197 1460 [0]
1291 1367 [0]
1173 1479 [6]
1299 1361 [0]
1226 1434 [0]
1140 1511 [9]
1076 1585 [0]
1186 1477 [0]
1163 1494 [6]
1124 1540 [0]
1229 1432 [4]
1185 1481 [0]
1312 1349 [5]
1079 1588 [0]
1071 1598 [0]
1140 1529 [0]
1229 1440 [0]
1220 1449 [0]
1280 1384 [6]
1097 1574 [0]
1174 1498 [0]
1158 1515 [0]
1231 1442 [0]
1183 1482 [8]
1204 1471 [0]
1111 1563 [1]
1284 1392 [0]
1086 1590 [0]
1283 1394 [0]
1199 1480 [0]
1164 1516 [0]
1326 1354 [1]
1327 1344 [10]
1168 1515 [0]
1109 1573 [1]
1237 1436 [10]
1146 1538 [0]
1277 1407 [0]
1188 1488 [8]
1098 1585 [1]
1258 1421 [6]
1197 1490 [0]
1322 1369 [0]
1147 1547 [1]
1276 1420 [2]
1276 1427 [0]
1302 1403 [0]
1199 1498 [8]
1250 1448 [7]
1249 1455 [1]
1249 1456 [1]
1131 1580 [1]
1138 1575 [2]
1139 1566 [11]
1297 1415 [8]
1356 1366 [0]
1174 1549 [1]
1194 1531 [0]
1165 1558 [2]
1283 1443 [1]
1262 1466 [0]
1293 1424 [11]
1280 1452 [1]
1257 1478 [0]
1270 1465 [0]
1238 1496 [1]
1319 1409 [7]
1160 1575 [2]
1252 1486 [0]
1204 1524 [11]
1227 1515 [0]
1277 1469 [0]
1302 1444 [0]
1305 1440 [1]
1334 1410 [2]
1325 1422 [0]
1349 1398 [0]
1263 1485 [0]
1351 1397 [0]
1280 1467 [1]
1148 1592 [8]
1263 1486 [0]
1286 1463 [0]
1289 1461 [0]
1257 1489 [8]
1364 1388 [2]
1334 1421 [0]
1183 1574 [0]
1284 1473 [0]
1257 1494 [6]
1185 1574 [0]
1247 1503 [10]
1276 1479 [6]
1181 1586 [0]
1258 1503 [6]
1283 1482 [5]
1260 1514 [0]
1207 1570 [0]
1242 1539 [0]
1314 1467 [0]
1256 1527 [0]
1332 1453 [0]
1284 1503 [0]
1295 1492 [0]
1270 1509 [10]
1255 1538 [1]
1337 1458 [0]
1301 1494 [1]
1239 1560 [0]
1354 1445 [0]
1227 1563 [10]
1365 1436 [0]
1290 1513 [0]
1204 1596 [6]
1316 1494 [0]
1379 1423 [8]
1279 1532 [1]
1239 1575 [0]
1298 1518 [0]
1225 1597 [0]
1242 1578 [6]
1277 1552 [0]
1266 1569 [1]
1282 1555 [0]
1268 1593 [0]
1408 1456 [0]
1284 1579 [1]
1397 1466 [5]
1288 1574 [7]
1397 1465 [7]
1301 1569 [0]
1386 1487 [0]
1382 1491 [0]
1370 1503 [1]
1391 1486 [1]
1281 1594 [3]
1306 1573 [0]
1352 1530 [1]
1299 1586 [0]
1322 1561 [6]
1398 1492 [1]
1362 1532 [0]
1345 1553 [0]
1377 1525 [0]
1357 1547 [0]
1439 1459 [8]
1329 1570 [8]
1372 1538 [0]
1450 1461 [0]
1330 1578 [8]
1396 1530 [0]
1459 1466 [4]
1411 1524 [0]
1356 1576 [4]
1370 1566 [0]
1394 1539 [5]
1380 1554 [6]
1411 1531 [0]
1448 1486 [11]
1430 1516 [0]
1380 1571 [0]
1453 1488 [10]
1365 1593 [0]
1461 1497 [1]
1398 1562 [0]
1377 1586 [0]
1436 1521 [8]
1405 1561 [0]
1434 1532 [0]
1390 1573 [6]
1413 1565 [1]
1402 1577 [0]
1454 1529 [1]
1462 1522 [1]
1442 1546 [1]
1425 1565 [0]
1473 1517 [0]
1485 1508 [0]
1403 1592 [0]
1484 1522 [0]
1459 1540 [9]
1470 1543 [0]
1449 1564 [11]
1454 1576 [1]
1508 1516 [7]
1441 1596 [0]
1478 1559 [0]
1518 1519 [0]
1458 1582 [0]
1511 1531 [0]
1448 1598 [0]
1499 1572 [10]
1513 1574 [0]
1540 1551 [6]
1541 1576 [0]
1565 1579 [1]
1563 1583 [0]
1572 1593 [10]
